# UNNAMED
#pos	aa	i	o	M	S
1	M	0.00000	0.99992	0.00000	8e-05
2	D	0.00000	0.99992	0.00000	8e-05
3	M	0.00000	0.99992	0.00000	8e-05
4	A	0.00000	0.99992	0.00000	8e-05
5	D	0.00000	0.99992	0.00000	8e-05
6	E	0.00000	0.99992	0.00000	8e-05
7	P	0.00000	0.99992	0.00000	8e-05
8	L	0.00000	0.99992	0.00000	8e-05
9	N	0.00000	0.99992	0.00000	8e-05
10	G	0.00000	0.99992	0.00000	9e-05
11	S	0.00000	0.99992	0.00000	9e-05
12	H	0.00000	0.99992	0.00000	8e-05
13	T	0.00000	0.99992	0.00000	8e-05
14	W	0.00000	0.99992	0.00000	8e-05
15	L	0.00000	0.99992	0.00000	8e-05
16	S	0.00000	0.99992	0.00000	8e-05
17	I	0.00000	0.99992	0.00000	8e-05
18	P	0.00000	0.99992	0.00000	8e-05
19	F	0.00000	0.99992	0.00000	8e-05
20	D	0.00000	0.99992	0.00000	8e-05
21	L	0.00000	0.99992	0.00000	8e-05
22	N	0.00000	0.99992	0.00000	8e-05
23	G	0.00000	0.99992	0.00000	8e-05
24	S	0.00000	0.99992	0.00000	8e-05
25	V	0.00000	1	0.00000	0
26	V	0.00000	1	0.00000	0
27	S	0.00000	1	0.00000	0
28	T	0.00000	1	0.00000	0
29	N	0.00000	1	0.00000	0
30	T	0.00000	1	0.00000	0
31	S	0.00000	1	0.00000	0
32	N	0.00000	1	0.00000	0
33	Q	0.00000	1	0.00000	0
34	T	0.00000	1	0.00000	0
35	E	0.00000	1	0.00000	0
36	P	0.00000	1	0.00000	0
37	Y	0.00000	1	0.00000	0
38	Y	0.00000	1	0.00000	0
39	D	0.00000	1	0.00000	0
40	L	0.00000	0.99999	0.00001	0
41	T	0.00000	0.99998	0.00002	0
42	S	0.00000	0.99998	0.00002	0
43	N	0.00000	0.99988	0.00012	0
44	A	0.00000	0.99386	0.00614	0
45	V	0.00000	0.97926	0.02074	0
46	L	0.00000	0.67177	0.32823	0
47	T	0.00000	0.32845	0.67155	0
48	F	0.00000	0.05306	0.94694	0
49	I	0.00000	0.00048	0.99952	0
50	Y	0.00000	6e-05	0.99994	0
51	F	0.00000	0	1.00000	0
52	V	0.00000	0	1.00000	0
53	V	0.00000	0	1.00000	0
54	C	0.00000	0	1.00000	0
55	I	0.00000	0	1.00000	0
56	I	0.00000	0	1.00000	0
57	G	0.00000	0	1.00000	0
58	L	0.00000	0	1.00000	0
59	C	0.00000	0	1.00000	0
60	G	0.00000	0	1.00000	0
61	N	0.00000	0	1.00000	0
62	T	0.00000	0	1.00000	0
63	L	0.00000	0	1.00000	0
64	V	0.00000	0	1.00000	0
65	I	0.00000	0	1.00000	0
66	Y	0.00001	0	0.99999	0
67	V	0.00071	0	0.99929	0
68	I	0.01333	0	0.98667	0
69	L	0.22938	0	0.77062	0
70	R	0.98193	0	0.01807	0
71	Y	0.99922	0	0.00078	0
72	A	0.99975	0	0.00025	0
73	K	1.00000	0	0.00000	0
74	M	1.00000	0	0.00000	0
75	K	1.00000	0	0.00000	0
76	T	0.99988	0	0.00012	0
77	I	0.98441	0	0.01559	0
78	T	0.97565	0	0.02435	0
79	N	0.80929	0	0.19071	0
80	I	0.06661	0	0.93339	0
81	Y	0.00155	0	0.99845	0
82	I	0.00006	0	0.99994	0
83	L	0.00000	0	1.00000	0
84	N	0.00000	0	1.00000	0
85	L	0.00000	0	1.00000	0
86	A	0.00000	0	1.00000	0
87	I	0.00000	0	1.00000	0
88	A	0.00000	0	1.00000	0
89	D	0.00000	0	1.00000	0
90	E	0.00000	0	1.00000	0
91	L	0.00000	0	1.00000	0
92	F	0.00000	0	1.00000	0
93	M	0.00000	0	1.00000	0
94	L	0.00000	0	1.00000	0
95	G	0.00000	0	1.00000	0
96	L	0.00000	1e-05	0.99999	0
97	P	0.00000	0.00017	0.99983	0
98	F	0.00000	0.00103	0.99897	0
99	L	0.00000	0.00954	0.99046	0
100	A	0.00000	0.10881	0.89119	0
101	M	0.00000	0.20387	0.79613	0
102	Q	0.00000	0.99661	0.00339	0
103	V	0.00000	0.99691	0.00309	0
104	A	0.00000	0.99735	0.00265	0
105	L	0.00000	0.99782	0.00218	0
106	V	0.00000	0.9991	0.00090	0
107	H	0.00000	1	0.00000	0
108	W	0.00000	1	0.00000	0
109	P	0.00000	1	0.00000	0
110	F	0.00000	1	0.00000	0
111	G	0.00000	1	0.00000	0
112	K	0.00000	1	0.00000	0
113	A	0.00000	0.99999	0.00001	0
114	I	0.00000	0.99985	0.00015	0
115	C	0.00000	0.99977	0.00023	0
116	R	0.00000	0.99899	0.00101	0
117	V	0.00000	0.9942	0.00580	0
118	V	0.00000	0.40799	0.59201	0
119	M	0.00000	0.17119	0.82881	0
120	T	0.00000	0.03899	0.96101	0
121	V	0.00000	0.03173	0.96827	0
122	D	0.00000	0.02385	0.97615	0
123	G	0.00000	0.00238	0.99762	0
124	I	0.00000	3e-05	0.99997	0
125	N	0.00000	2e-05	0.99998	0
126	Q	0.00000	0	1.00000	0
127	F	0.00000	0	1.00000	0
128	T	0.00000	0	1.00000	0
129	S	0.00000	0	1.00000	0
130	I	0.00000	0	1.00000	0
131	F	0.00000	0	1.00000	0
132	C	0.00000	0	1.00000	0
133	L	0.00000	0	1.00000	0
134	T	0.00000	0	1.00000	0
135	V	0.00000	0	1.00000	0
136	M	0.00000	0	1.00000	0
137	S	0.00000	0	1.00000	0
138	I	0.00000	0	1.00000	0
139	D	0.00001	0	0.99999	0
140	R	0.00613	0	0.99387	0
141	Y	0.06553	0	0.93447	0
142	L	0.64293	0	0.35707	0
143	A	0.85192	0	0.14808	0
144	V	0.99995	0	0.00005	0
145	V	1.00000	0	0.00000	0
146	H	1.00000	0	0.00000	0
147	P	1.00000	0	0.00000	0
148	I	1.00000	0	0.00000	0
149	K	1.00000	0	0.00000	0
150	S	1.00000	0	0.00000	0
151	A	1.00000	0	0.00000	0
152	K	1.00000	0	0.00000	0
153	W	1.00000	0	0.00000	0
154	R	1.00000	0	0.00000	0
155	R	1.00000	0	0.00000	0
156	P	0.99999	0	0.00001	0
157	R	0.99929	0	0.00071	0
158	T	0.95612	0	0.04388	0
159	A	0.83153	0	0.16847	0
160	K	0.79403	0	0.20597	0
161	M	0.38807	0	0.61193	0
162	I	0.00617	0	0.99383	0
163	T	0.00073	0	0.99927	0
164	M	0.00004	0	0.99996	0
165	A	0.00000	0	1.00000	0
166	V	0.00000	0	1.00000	0
167	W	0.00000	0	1.00000	0
168	G	0.00000	0	1.00000	0
169	V	0.00000	0	1.00000	0
170	S	0.00000	0	1.00000	0
171	L	0.00000	0	1.00000	0
172	L	0.00000	0	1.00000	0
173	V	0.00000	0	1.00000	0
174	I	0.00000	0	1.00000	0
175	L	0.00000	0	1.00000	0
176	P	0.00000	0	1.00000	0
177	I	0.00000	1e-05	0.99999	0
178	M	0.00000	0.00027	0.99973	0
179	I	0.00000	0.0066	0.99340	0
180	Y	0.00000	0.04839	0.95161	0
181	A	0.00000	0.10396	0.89604	0
182	G	0.00000	0.51429	0.48571	0
183	L	0.00000	0.67954	0.32046	0
184	R	0.00000	0.99201	0.00799	0
185	S	0.00000	0.99971	0.00029	0
186	N	0.00000	0.99999	0.00001	0
187	Q	0.00000	1	0.00000	0
188	W	0.00000	1	0.00000	0
189	G	0.00000	1	0.00000	0
190	R	0.00000	1	0.00000	0
191	S	0.00000	1	0.00000	0
192	S	0.00000	1	0.00000	0
193	C	0.00000	1	0.00000	0
194	T	0.00000	1	0.00000	0
195	I	0.00000	1	0.00000	0
196	N	0.00000	1	0.00000	0
197	W	0.00000	1	0.00000	0
198	P	0.00000	1	0.00000	0
199	G	0.00000	1	0.00000	0
200	E	0.00000	1	0.00000	0
201	S	0.00000	0.99997	0.00003	0
202	G	0.00000	0.99781	0.00219	0
203	A	0.00000	0.99712	0.00288	0
204	W	0.00000	0.99619	0.00381	0
205	Y	0.00000	0.9938	0.00620	0
206	T	0.00000	0.9331	0.06690	0
207	G	0.00000	0.64095	0.35905	0
208	F	0.00000	0.19939	0.80061	0
209	I	0.00000	0.10755	0.89245	0
210	I	0.00000	0.09559	0.90441	0
211	Y	0.00000	0.00105	0.99895	0
212	T	0.00000	0.00034	0.99966	0
213	F	0.00000	0.00012	0.99988	0
214	I	0.00000	4e-05	0.99996	0
215	L	0.00000	0	1.00000	0
216	G	0.00000	0	1.00000	0
217	F	0.00000	0	1.00000	0
218	L	0.00000	0	1.00000	0
219	V	0.00000	0	1.00000	0
220	P	0.00000	0	1.00000	0
221	L	0.00000	0	1.00000	0
222	T	0.00000	0	1.00000	0
223	I	0.00000	0	1.00000	0
224	I	0.00000	0	1.00000	0
225	C	0.00000	0	1.00000	0
226	L	0.00000	0	1.00000	0
227	C	0.00001	0	0.99999	0
228	Y	0.00007	0	0.99993	0
229	L	0.00034	0	0.99966	0
230	F	0.00152	0	0.99848	0
231	I	0.01813	0	0.98187	0
232	I	0.11339	0	0.88661	0
233	I	0.60109	0	0.39891	0
234	K	0.96167	0	0.03833	0
235	V	0.97154	0	0.02846	0
236	K	0.99944	0	0.00056	0
237	S	0.99996	0	0.00004	0
238	S	1.00000	0	0.00000	0
239	G	1.00000	0	0.00000	0
240	I	1.00000	0	0.00000	0
241	R	1.00000	0	0.00000	0
242	V	1.00000	0	0.00000	0
243	G	1.00000	0	0.00000	0
244	S	1.00000	0	0.00000	0
245	S	1.00000	0	0.00000	0
246	K	1.00000	0	0.00000	0
247	R	1.00000	0	0.00000	0
248	K	1.00000	0	0.00000	0
249	K	1.00000	0	0.00000	0
250	S	1.00000	0	0.00000	0
251	E	1.00000	0	0.00000	0
252	K	0.98706	0	0.01294	0
253	K	0.93356	0	0.06644	0
254	V	0.60171	0	0.39829	0
255	T	0.60071	0	0.39929	0
256	R	0.55509	0	0.44491	0
257	M	0.27526	0	0.72474	0
258	V	0.17934	0	0.82066	0
259	S	0.04431	0	0.95569	0
260	I	0.00655	0	0.99345	0
261	V	0.00363	0	0.99637	0
262	V	0.00242	0	0.99758	0
263	A	0.00005	0	0.99995	0
264	V	0.00000	0	1.00000	0
265	F	0.00000	0	1.00000	0
266	I	0.00000	0	1.00000	0
267	F	0.00000	0	1.00000	0
268	C	0.00000	0	1.00000	0
269	W	0.00000	0	1.00000	0
270	L	0.00000	0	1.00000	0
271	P	0.00000	0	1.00000	0
272	F	0.00000	0	1.00000	0
273	Y	0.00000	2e-05	0.99998	0
274	I	0.00000	0.00103	0.99897	0
275	F	0.00000	0.0134	0.98660	0
276	N	0.00000	0.1375	0.86250	0
277	V	0.00000	0.18985	0.81015	0
278	S	0.00000	0.34271	0.65729	0
279	S	0.00000	0.36589	0.63411	0
280	V	0.00000	0.37835	0.62165	0
281	S	0.00000	0.40491	0.59509	0
282	M	0.00000	0.41415	0.58585	0
283	A	0.00000	0.46132	0.53868	0
284	I	0.00000	0.56912	0.43088	0
285	S	0.00000	0.88129	0.11871	0
286	P	0.00000	0.97563	0.02437	0
287	T	0.00000	0.9958	0.00420	0
288	P	0.00000	0.99887	0.00113	0
289	A	0.00000	0.99832	0.00168	0
290	L	0.00000	0.99703	0.00297	0
291	K	0.00000	0.99719	0.00281	0
292	G	0.00000	0.99224	0.00776	0
293	M	0.00000	0.79612	0.20388	0
294	F	0.00000	0.7363	0.26370	0
295	D	0.00000	0.70357	0.29643	0
296	F	0.00000	0.07237	0.92763	0
297	V	0.00000	0.00368	0.99632	0
298	V	0.00000	0.0001	0.99990	0
299	V	0.00000	0	1.00000	0
300	L	0.00000	0	1.00000	0
301	T	0.00001	0	0.99999	0
302	Y	0.00001	0	0.99999	0
303	A	0.00001	0	0.99999	0
304	N	0.00001	0	0.99999	0
305	S	0.00001	0	0.99999	0
306	C	0.00001	0	0.99999	0
307	A	0.00001	0	0.99999	0
308	N	0.00001	0	0.99999	0
309	P	0.00001	0	0.99999	0
310	I	0.00001	0	0.99999	0
311	L	0.00002	0	0.99998	0
312	Y	0.00003	0	0.99997	0
313	A	0.00040	0	0.99960	0
314	F	0.00553	0	0.99447	0
315	L	0.13139	0	0.86861	0
316	S	0.39733	0	0.60267	0
317	D	0.97840	0	0.02160	0
318	N	0.99184	0	0.00816	0
319	F	0.99711	0	0.00289	0
320	K	1.00000	0	0.00000	0
321	K	1.00000	0	0.00000	0
322	S	1.00000	0	0.00000	0
323	F	1.00000	0	0.00000	0
324	Q	1.00000	0	0.00000	0
325	N	1.00000	0	0.00000	0
326	V	1.00000	0	0.00000	0
327	L	1.00000	0	0.00000	0
328	C	1.00000	0	0.00000	0
329	L	1.00000	0	0.00000	0
330	V	1.00000	0	0.00000	0
331	K	1.00000	0	0.00000	0
332	V	1.00000	0	0.00000	0
333	S	1.00000	0	0.00000	0
334	G	1.00000	0	0.00000	0
335	T	1.00000	0	0.00000	0
336	D	1.00000	0	0.00000	0
337	D	1.00000	0	0.00000	0
338	G	1.00000	0	0.00000	0
339	E	1.00000	0	0.00000	0
340	R	1.00000	0	0.00000	0
341	S	1.00000	0	0.00000	0
342	D	1.00000	0	0.00000	0
343	S	1.00000	0	0.00000	0
344	K	1.00000	0	0.00000	0
345	Q	1.00000	0	0.00000	0
346	D	1.00000	0	0.00000	0
347	K	1.00000	0	0.00000	0
348	S	1.00000	0	0.00000	0
349	R	1.00000	0	0.00000	0
350	L	1.00000	0	0.00000	0
351	N	1.00000	0	0.00000	0
352	E	1.00000	0	0.00000	0
353	T	1.00000	0	0.00000	0
354	T	1.00000	0	0.00000	0
355	E	1.00000	0	0.00000	0
356	T	1.00000	0	0.00000	0
357	Q	1.00000	0	0.00000	0
358	R	1.00000	0	0.00000	0
359	T	1.00000	0	0.00000	0
360	L	1.00000	0	0.00000	0
361	L	1.00000	0	0.00000	0
362	N	1.00000	0	0.00000	0
363	G	1.00000	0	0.00000	0
364	D	1.00000	0	0.00000	0
365	L	1.00000	0	0.00000	0
366	Q	1.00000	0	0.00000	0
367	T	1.00000	0	0.00000	0
368	S	1.00000	0	0.00000	0
369	I	1.00000	0	0.00000	0
