# UNNAMED
#pos	aa	i	o	M	S
1	M	0.00000	0.00526	0.00000	0.99474
2	N	0.00000	0.00526	0.00000	0.99474
3	W	0.00000	0.00526	0.00000	0.99474
4	S	0.00000	0.00526	0.00000	0.99474
5	H	0.00000	0.00526	0.00000	0.99474
6	S	0.00000	0.00526	0.00000	0.99474
7	C	0.00000	0.00526	0.00000	0.99474
8	I	0.00000	0.00526	0.00000	0.99474
9	S	0.00000	0.00526	0.00000	0.99474
10	F	0.00000	0.00526	0.00000	0.99474
11	C	0.00000	0.00526	0.00000	0.99474
12	W	0.00000	0.00526	0.00000	0.99474
13	I	0.00000	0.00526	0.00000	0.99474
14	Y	0.00000	0.00526	0.00000	0.99474
15	F	0.00000	0.00526	0.00000	0.99474
16	A	0.00000	0.00526	0.00000	0.99474
17	A	0.00000	0.00526	0.00000	0.99474
18	S	0.00000	0.00528	0.00000	0.99472
19	R	0.00000	0.03284	0.00000	0.96716
20	L	0.00000	0.03284	0.00000	0.96715
21	R	0.00000	0.07433	0.00000	0.92567
22	A	0.00000	0.07432	0.00000	0.92567
23	A	0.00000	0.9831	0.00000	0.0169
24	E	0.00000	0.9832	0.00000	0.0168
25	T	0.00000	0.9844	0.00000	0.0156
26	A	0.00000	0.99571	0.00000	0.00429
27	D	0.00000	0.99572	0.00000	0.00428
28	G	0.00000	0.99572	0.00000	0.00428
29	K	0.00000	1	0.00000	0
30	Y	0.00000	1	0.00000	0
31	A	0.00000	1	0.00000	0
32	Q	0.00000	1	0.00000	0
33	K	0.00000	1	0.00000	0
34	L	0.00000	1	0.00000	0
35	F	0.00000	1	0.00000	0
36	N	0.00000	1	0.00000	0
37	D	0.00000	1	0.00000	0
38	L	0.00000	1	0.00000	0
39	F	0.00000	1	0.00000	0
40	E	0.00000	1	0.00000	0
41	D	0.00000	1	0.00000	0
42	Y	0.00000	1	0.00000	0
43	S	0.00000	1	0.00000	0
44	N	0.00000	1	0.00000	0
45	A	0.00000	1	0.00000	0
46	L	0.00000	1	0.00000	0
47	R	0.00000	1	0.00000	0
48	P	0.00000	1	0.00000	0
49	V	0.00000	1	0.00000	0
50	E	0.00000	1	0.00000	0
51	D	0.00000	1	0.00000	0
52	T	0.00000	1	0.00000	0
53	D	0.00000	1	0.00000	0
54	K	0.00000	1	0.00000	0
55	V	0.00000	1	0.00000	0
56	L	0.00000	1	0.00000	0
57	N	0.00000	1	0.00000	0
58	V	0.00000	1	0.00000	0
59	T	0.00000	1	0.00000	0
60	L	0.00000	1	0.00000	0
61	Q	0.00000	1	0.00000	0
62	I	0.00000	1	0.00000	0
63	T	0.00000	1	0.00000	0
64	L	0.00000	1	0.00000	0
65	S	0.00000	1	0.00000	0
66	Q	0.00000	1	0.00000	0
67	I	0.00000	1	0.00000	0
68	K	0.00000	1	0.00000	0
69	D	0.00000	1	0.00000	0
70	M	0.00000	1	0.00000	0
71	D	0.00000	1	0.00000	0
72	E	0.00000	1	0.00000	0
73	R	0.00000	1	0.00000	0
74	N	0.00000	1	0.00000	0
75	Q	0.00000	1	0.00000	0
76	I	0.00000	1	0.00000	0
77	L	0.00000	1	0.00000	0
78	T	0.00000	1	0.00000	0
79	A	0.00000	1	0.00000	0
80	Y	0.00000	1	0.00000	0
81	L	0.00000	1	0.00000	0
82	W	0.00000	1	0.00000	0
83	I	0.00000	1	0.00000	0
84	R	0.00000	1	0.00000	0
85	Q	0.00000	1	0.00000	0
86	I	0.00000	1	0.00000	0
87	W	0.00000	1	0.00000	0
88	H	0.00000	1	0.00000	0
89	D	0.00000	1	0.00000	0
90	A	0.00000	1	0.00000	0
91	Y	0.00000	1	0.00000	0
92	L	0.00000	1	0.00000	0
93	T	0.00000	1	0.00000	0
94	W	0.00000	1	0.00000	0
95	D	0.00000	1	0.00000	0
96	R	0.00000	1	0.00000	0
97	D	0.00000	1	0.00000	0
98	Q	0.00000	1	0.00000	0
99	Y	0.00000	1	0.00000	0
100	D	0.00000	1	0.00000	0
101	G	0.00000	1	0.00000	0
102	L	0.00000	1	0.00000	0
103	D	0.00000	1	0.00000	0
104	S	0.00000	1	0.00000	0
105	I	0.00000	1	0.00000	0
106	R	0.00000	1	0.00000	0
107	I	0.00000	1	0.00000	0
108	P	0.00000	1	0.00000	0
109	S	0.00000	1	0.00000	0
110	D	0.00000	1	0.00000	0
111	L	0.00000	1	0.00000	0
112	V	0.00000	1	0.00000	0
113	W	0.00000	1	0.00000	0
114	R	0.00000	1	0.00000	0
115	P	0.00000	1	0.00000	0
116	D	0.00000	1	0.00000	0
117	I	0.00000	1	0.00000	0
118	V	0.00000	1	0.00000	0
119	L	0.00000	1	0.00000	0
120	Y	0.00000	1	0.00000	0
121	N	0.00000	1	0.00000	0
122	K	0.00000	1	0.00000	0
123	A	0.00000	1	0.00000	0
124	D	0.00000	1	0.00000	0
125	D	0.00000	1	0.00000	0
126	E	0.00000	1	0.00000	0
127	S	0.00000	1	0.00000	0
128	S	0.00000	1	0.00000	0
129	E	0.00000	1	0.00000	0
130	P	0.00000	1	0.00000	0
131	V	0.00000	1	0.00000	0
132	N	0.00000	1	0.00000	0
133	T	0.00000	1	0.00000	0
134	N	0.00000	1	0.00000	0
135	V	0.00000	0.99998	0.00002	0
136	V	0.00000	0.99998	0.00002	0
137	L	0.00000	0.99998	0.00002	0
138	R	0.00000	0.99998	0.00002	0
139	Y	0.00000	0.99998	0.00002	0
140	D	0.00000	0.99998	0.00002	0
141	G	0.00000	0.7805	0.21950	0
142	L	0.00000	0.78049	0.21951	0
143	I	0.00000	0.78048	0.21952	0
144	T	0.00000	0.78048	0.21952	0
145	W	0.00000	0.78048	0.21952	0
146	D	0.00000	0.78048	0.21952	0
147	A	0.00000	0.76568	0.23432	0
148	P	0.00000	0.76228	0.23772	0
149	A	0.00000	0.76132	0.23868	0
150	I	0.00000	0.76091	0.23909	0
151	T	0.00000	0.7609	0.23910	0
152	K	0.00000	0.7609	0.23910	0
153	S	0.00000	0.76059	0.23941	0
154	S	0.00000	0.76059	0.23941	0
155	C	0.00000	0.76059	0.23941	0
156	V	0.00000	0.76059	0.23941	0
157	V	0.00001	0.76059	0.23940	0
158	D	0.00001	0.76059	0.23940	0
159	V	0.00001	0.08631	0.91367	0
160	T	0.00010	0.00076	0.99915	0
161	Y	0.00022	0.00076	0.99903	0
162	F	0.00213	0.00076	0.99711	0
163	P	0.05770	0.00076	0.94154	0
164	F	0.06975	0.00076	0.92950	0
165	D	0.22254	0.00076	0.77671	0
166	N	0.23693	0.00076	0.76232	0
167	Q	0.23714	0.00076	0.76211	0
168	Q	0.23714	0.00076	0.76211	0
169	C	0.23675	0.00076	0.76250	0
170	N	0.23662	0.00076	0.76262	0
171	L	0.23661	0.00075	0.76264	0
172	T	0.23675	0.00075	0.76250	0
173	F	0.23678	0.00075	0.76246	0
174	G	0.23804	0.00075	0.76120	0
175	S	0.23655	0.00075	0.76269	0
176	W	0.23267	0.00075	0.76658	0
177	T	0.26713	0.00075	0.73211	0
178	Y	0.24012	0.00075	0.75912	0
179	N	0.65604	0.00075	0.34320	0
180	G	0.74107	0.00075	0.25817	0
181	N	0.76318	0.00075	0.23607	0
182	Q	0.76252	0.00075	0.23672	0
183	V	0.72184	0.00075	0.27741	0
184	D	0.70265	0.00075	0.29660	0
185	I	0.03328	0.00075	0.96597	0
186	F	0.00651	0.00076	0.99274	0
187	N	0.00523	0.00078	0.99400	0
188	A	0.00456	0.00078	0.99466	0
189	L	0.00345	0.00079	0.99576	0
190	D	0.00302	0.00129	0.99569	0
191	S	0.00235	0.00133	0.99632	0
192	G	0.00190	0.00133	0.99677	0
193	D	0.00122	0.00135	0.99742	0
194	L	0.00001	0.00136	0.99864	0
195	S	0.00000	0.00142	0.99858	0
196	D	0.00000	0.00178	0.99822	0
197	F	0.00000	0.00226	0.99774	0
198	I	0.00000	0.00478	0.99522	0
199	E	0.00000	0.12122	0.87878	0
200	D	0.00000	0.13881	0.86119	0
201	V	0.00000	0.14424	0.85576	0
202	E	0.00000	0.24267	0.75733	0
203	W	0.00000	0.25201	0.74799	0
204	E	0.00000	0.30864	0.69136	0
205	V	0.00000	0.32603	0.67397	0
206	H	0.00000	0.93016	0.06984	0
207	G	0.00000	0.93907	0.06093	0
208	M	0.00000	0.94874	0.05126	0
209	P	0.00000	0.95216	0.04784	0
210	A	0.00000	0.95781	0.04219	0
211	V	0.00000	0.9613	0.03870	0
212	K	0.00000	0.99633	0.00367	0
213	N	0.00000	0.99959	0.00041	0
214	V	0.00000	0.99924	0.00076	0
215	I	0.00000	0.99924	0.00076	0
216	S	0.00000	0.99924	0.00076	0
217	Y	0.00000	0.99924	0.00076	0
218	G	0.00000	0.99924	0.00076	0
219	C	0.00000	0.99924	0.00076	0
220	C	0.00000	0.99924	0.00076	0
221	S	0.00000	0.99924	0.00076	0
222	E	0.00000	0.99924	0.00075	0
223	P	0.00000	0.99924	0.00075	0
224	Y	0.00000	0.99924	0.00075	0
225	P	0.00001	0.99924	0.00075	0
226	D	0.00001	0.99924	0.00076	0
227	V	0.00001	0.99923	0.00076	0
228	T	0.00001	0.99923	0.00076	0
229	F	0.00001	0.99923	0.00076	0
230	T	0.00001	0.99923	0.00076	0
231	L	0.00001	0.99578	0.00421	0
232	L	0.00003	0.07965	0.92033	0
233	L	0.00014	0.04005	0.95981	0
234	K	0.00075	0.03897	0.96028	0
235	R	0.00075	0.01585	0.98339	0
236	R	0.00075	0.00182	0.99742	0
237	S	0.00075	0.0002	0.99905	0
238	S	0.00074	1e-05	0.99925	0
239	F	0.00014	0	0.99986	0
240	Y	0.00003	0	0.99996	0
241	I	0.00000	0	1.00000	0
242	V	0.00000	0	1.00000	0
243	N	0.00000	0	1.00000	0
244	L	0.00000	0	1.00000	0
245	L	0.00000	0	1.00000	0
246	I	0.00000	0	1.00000	0
247	P	0.00001	0	0.99999	0
248	C	0.00001	0	0.99999	0
249	V	0.00001	0	0.99999	0
250	L	0.00001	0	0.99999	0
251	I	0.00001	0	0.99999	0
252	S	0.00001	0	0.99999	0
253	F	0.03074	0	0.96926	0
254	L	0.67862	0	0.32138	0
255	A	0.92102	0	0.07898	0
256	P	0.99918	0	0.00082	0
257	L	0.99917	1e-05	0.00082	0
258	S	0.99917	0.0005	0.00032	0
259	F	0.99917	0.00063	0.00019	0
260	Y	0.99917	0.00072	0.00010	0
261	L	0.99917	0.00075	0.00007	0
262	P	0.99924	0.00075	0.00000	0
263	A	0.99924	0.00075	0.00000	0
264	A	0.99924	0.00075	0.00000	0
265	S	0.99917	0.00075	0.00008	0
266	G	0.99830	0.00075	0.00095	0
267	E	0.98914	0.00075	0.01011	0
268	K	0.91343	0.00075	0.08582	0
269	V	0.11257	0.00016	0.88727	0
270	S	0.07871	0.00012	0.92118	0
271	L	0.00792	0	0.99207	0
272	G	0.00345	0	0.99655	0
273	V	0.00005	0	0.99995	0
274	T	0.00001	0	0.99999	0
275	I	0.00000	0	1.00000	0
276	L	0.00000	0	1.00000	0
277	L	0.00000	0	1.00000	0
278	A	0.00000	0	1.00000	0
279	M	0.00000	0	1.00000	0
280	T	0.00000	0	1.00000	0
281	V	0.00000	0	1.00000	0
282	F	0.00000	0	1.00000	0
283	Q	0.00000	0	1.00000	0
284	L	0.00000	0	1.00000	0
285	M	0.00000	0	1.00000	0
286	V	0.00000	0.00018	0.99982	0
287	A	0.00000	0.00899	0.99101	0
288	E	0.00009	0.56017	0.43975	0
289	I	0.00049	0.60243	0.39708	0
290	M	0.00054	0.75647	0.24299	0
291	P	0.00075	0.96399	0.03526	0
292	A	0.00075	0.98639	0.01285	0
293	S	0.00075	0.99817	0.00107	0
294	E	0.00075	0.99924	0.00001	0
295	N	0.00075	0.99925	0.00000	0
296	V	0.00075	0.99925	0.00000	0
297	P	0.00075	0.99925	0.00000	0
298	L	0.00075	0.99925	0.00000	0
299	I	0.00075	0.99925	0.00000	0
300	G	0.00075	0.99924	0.00001	0
301	K	0.00075	0.99886	0.00039	0
302	Y	0.00051	0.66406	0.33543	0
303	Y	0.00031	0.31537	0.68431	0
304	I	0.00008	0.17555	0.82437	0
305	A	0.00003	0.10559	0.89438	0
306	T	0.00000	0.03849	0.96151	0
307	M	0.00000	0.0072	0.99280	0
308	A	0.00000	2e-05	0.99998	0
309	L	0.00000	0	1.00000	0
310	I	0.00000	0	1.00000	0
311	T	0.00000	0	1.00000	0
312	A	0.00000	0	1.00000	0
313	S	0.00000	0	1.00000	0
314	T	0.00000	0	1.00000	0
315	A	0.00000	0	1.00000	0
316	L	0.00000	0	1.00000	0
317	T	0.00000	0	1.00000	0
318	I	0.00000	0	1.00000	0
319	M	0.00000	0	1.00000	0
320	V	0.00000	0	1.00000	0
321	M	0.00000	0	1.00000	0
322	N	0.00003	0.00015	0.99982	0
323	I	0.00023	0.00021	0.99957	0
324	H	0.00618	0.00052	0.99330	0
325	F	0.01447	0.00058	0.98496	0
326	C	0.11488	0.00075	0.88437	0
327	G	0.58424	0.00075	0.41501	0
328	A	0.85501	0.00075	0.14423	0
329	E	0.99902	0.00075	0.00023	0
330	A	0.99917	0.00075	0.00008	0
331	R	0.99924	0.00075	0.00000	0
332	P	0.99924	0.00075	0.00000	0
333	V	0.99925	0.00075	0.00000	0
334	P	0.99925	0.00075	0.00000	0
335	H	0.99924	0.00075	0.00000	0
336	W	0.99923	0.00075	0.00002	0
337	A	0.99922	0.00075	0.00003	0
338	R	0.99618	0.00037	0.00345	0
339	V	0.23588	0.00031	0.76381	0
340	V	0.19606	0.00025	0.80369	0
341	I	0.14875	0.00022	0.85103	0
342	L	0.06491	1e-05	0.93509	0
343	K	0.00587	1e-05	0.99412	0
344	Y	0.00493	0	0.99507	0
345	M	0.00224	0	0.99776	0
346	S	0.00127	0	0.99873	0
347	R	0.00047	0	0.99953	0
348	V	0.00019	0	0.99981	0
349	L	0.00019	0	0.99981	0
350	F	0.00019	0	0.99981	0
351	V	0.00019	0	0.99981	0
352	Y	0.00019	0	0.99981	0
353	D	0.00019	0	0.99981	0
354	V	0.00019	0	0.99981	0
355	G	0.00019	0	0.99981	0
356	E	0.00019	2e-05	0.99979	0
357	S	0.00019	0.0001	0.99971	0
358	C	0.00019	0.00087	0.99895	0
359	L	0.00019	0.00464	0.99517	0
360	S	0.00033	0.10427	0.89540	0
361	P	0.00057	0.38335	0.61609	0
362	H	0.00060	0.49049	0.50892	0
363	H	0.00069	0.56225	0.43706	0
364	S	0.00083	0.83867	0.16049	0
365	R	0.00091	0.98492	0.01417	0
366	E	0.00093	0.99752	0.00154	0
367	R	0.00094	0.99903	0.00003	0
368	D	0.00094	0.99906	0.00000	0
369	H	0.00094	0.99906	0.00000	0
370	L	0.00094	0.99906	0.00000	0
371	T	0.00094	0.99906	0.00000	0
372	K	0.00094	0.99906	0.00000	0
373	V	0.00094	0.99906	0.00000	0
374	Y	0.00094	0.99906	0.00000	0
375	S	0.00094	0.99906	0.00000	0
376	K	0.00094	0.99906	0.00000	0
377	L	0.00094	0.99906	0.00000	0
378	P	0.00094	0.99906	0.00000	0
379	E	0.00094	0.99906	0.00000	0
380	S	0.00094	0.99906	0.00000	0
381	N	0.00094	0.99906	0.00000	0
382	L	0.00094	0.99906	0.00000	0
383	K	0.00094	0.99906	0.00000	0
384	A	0.00094	0.99906	0.00000	0
385	A	0.00094	0.99906	0.00000	0
386	R	0.00094	0.99906	0.00000	0
387	N	0.00094	0.99906	0.00000	0
388	K	0.00094	0.99906	0.00000	0
389	D	0.00094	0.99906	0.00000	0
390	L	0.00094	0.99906	0.00000	0
391	S	0.00094	0.99906	0.00000	0
392	R	0.00094	0.99906	0.00000	0
393	K	0.00094	0.99906	0.00000	0
394	K	0.00094	0.99906	0.00000	0
395	D	0.00094	0.99906	0.00000	0
396	M	0.00094	0.99906	0.00000	0
397	N	0.00094	0.99906	0.00000	0
398	K	0.00087	0.99906	0.00008	0
399	R	0.00087	0.99906	0.00008	0
400	L	0.00087	0.99906	0.00008	0
401	K	0.00087	0.99906	0.00008	0
402	N	0.00087	0.99906	0.00008	0
403	D	0.00087	0.99906	0.00008	0
404	L	0.00016	0.99906	0.00079	0
405	G	0.00015	0.99906	0.00079	0
406	C	0.00015	0.99906	0.00080	0
407	Q	0.00014	0.99906	0.00080	0
408	G	0.00014	0.99906	0.00080	0
409	K	0.00014	0.99906	0.00080	0
410	N	0.00014	0.99906	0.00080	0
411	P	0.00014	0.99906	0.00080	0
412	Q	0.00014	0.99906	0.00080	0
413	E	0.00014	0.99906	0.00080	0
414	A	0.00014	0.99906	0.00080	0
415	E	0.00014	0.99906	0.00080	0
416	S	0.00007	0.99906	0.00088	0
417	Y	0.00005	0.99906	0.00089	0
418	C	0.00004	0.99908	0.00089	0
419	A	0.00004	0.99909	0.00088	0
420	Q	0.00004	0.99912	0.00085	0
421	Y	0.00000	0.99912	0.00088	0
422	K	0.00000	0.99913	0.00087	0
423	V	0.00000	0.99913	0.00087	0
424	L	0.00000	0.99916	0.00084	0
425	T	0.00000	0.99957	0.00043	0
426	R	0.00000	0.99984	0.00016	0
427	N	0.00000	0.99985	0.00015	0
428	I	0.00000	0.99985	0.00015	0
429	E	0.00000	0.99986	0.00014	0
430	Y	0.00000	0.99986	0.00014	0
431	I	0.00000	0.99986	0.00014	0
432	A	0.00000	0.99986	0.00014	0
433	K	0.00000	0.99986	0.00014	0
434	C	0.00000	0.99986	0.00014	0
435	L	0.00000	0.99986	0.00014	0
436	K	0.00000	0.99995	0.00005	0
437	D	0.00000	0.99996	0.00004	0
438	H	0.00000	0.99996	0.00004	0
439	K	0.00000	0.99996	0.00004	0
440	A	0.00000	0.99996	0.00004	0
441	T	0.00000	0.99997	0.00003	0
442	N	0.00000	0.99998	0.00002	0
443	S	0.00000	1	0.00000	0
444	K	0.00000	1	0.00000	0
445	G	0.00000	1	0.00000	0
446	S	0.00000	1	0.00000	0
447	E	0.00000	1	0.00000	0
448	W	0.00000	1	0.00000	0
449	K	0.00000	0.99999	0.00001	0
450	K	0.00000	0.99993	0.00007	0
451	V	0.00000	0.99953	0.00047	0
452	A	0.00000	0.99948	0.00052	0
453	K	0.00000	0.99697	0.00303	0
454	V	0.00000	0.98339	0.01661	0
455	I	0.00000	0.98084	0.01916	0
456	D	0.00000	0.9797	0.02030	0
457	R	0.00000	0.24471	0.75529	0
458	F	0.00000	0.00121	0.99879	0
459	F	0.00000	0	1.00000	0
460	M	0.00000	0	1.00000	0
461	W	0.00000	0	1.00000	0
462	I	0.00000	0	1.00000	0
463	F	0.00000	0	1.00000	0
464	F	0.00000	0	1.00000	0
465	I	0.00000	0	1.00000	0
466	M	0.00000	0	1.00000	0
467	V	0.00000	0	1.00000	0
468	F	0.00000	0	1.00000	0
469	V	0.00000	0	1.00000	0
470	M	0.00001	0	0.99999	0
471	T	0.00008	0	0.99992	0
472	I	0.00015	0	0.99985	0
473	L	0.00054	0	0.99946	0
474	I	0.00163	0	0.99837	0
475	I	0.00730	0	0.99270	0
476	A	0.13350	0	0.86650	0
477	R	1.00000	0	0.00000	0
478	A	1.00000	0	0.00000	0
479	D	1.00000	0	0.00000	0
