# UNNAMED
#pos	aa	i	o	M	S
1	M	0.00000	0.13725	0.00000	0.86275
2	M	0.00000	0.13725	0.00000	0.86275
3	W	0.00000	0.13725	0.00000	0.86275
4	G	0.00000	0.13725	0.00000	0.86275
5	A	0.00000	0.13725	0.00000	0.86276
6	G	0.00000	0.13725	0.00000	0.86275
7	S	0.00000	0.13725	0.00000	0.86276
8	P	0.00000	0.13725	0.00000	0.86275
9	L	0.00000	0.13725	0.00000	0.86275
10	A	0.00000	0.13725	0.00000	0.86275
11	W	0.00000	0.13725	0.00000	0.86275
12	L	0.00000	0.13725	0.00000	0.86275
13	S	0.00000	0.13725	0.00000	0.86274
14	A	0.00000	0.13725	0.00000	0.86275
15	G	0.00000	0.13725	0.00000	0.86275
16	S	0.00000	0.13747	0.00000	0.86253
17	G	0.00000	0.17008	0.00000	0.82993
18	N	0.00000	0.98003	0.00000	0.01997
19	V	0.00000	0.9801	0.00000	0.0199
20	N	0.00000	0.9801	0.00000	0.01991
21	V	0.00000	0.9801	0.00000	0.01991
22	S	0.00000	0.9801	0.00000	0.01991
23	S	0.00000	0.9801	0.00000	0.0199
24	V	0.00000	0.99954	0.00000	0.00047
25	G	0.00000	0.99953	0.00000	0.00047
26	P	0.00000	0.99953	0.00000	0.00047
27	A	0.00000	0.99953	0.00000	0.00046
28	E	0.00000	1	0.00000	0
29	G	0.00000	1	0.00000	0
30	P	0.00000	1	0.00000	0
31	T	0.00000	1	0.00000	0
32	G	0.00000	1	0.00000	0
33	P	0.00000	1	0.00000	0
34	A	0.00000	1	0.00000	0
35	A	0.00000	1	0.00000	0
36	P	0.00000	1	0.00000	0
37	L	0.00000	1	0.00000	0
38	P	0.00000	1	0.00000	0
39	S	0.00000	0.9998	0.00020	0
40	P	0.00000	0.9998	0.00020	0
41	K	0.00000	0.9998	0.00020	0
42	A	0.00000	0.99979	0.00021	0
43	W	0.00000	0.99978	0.00022	0
44	D	0.00000	0.99978	0.00022	0
45	V	0.00000	0.09996	0.90004	0
46	V	0.00000	0.01072	0.98928	0
47	L	0.00000	0.00417	0.99583	0
48	C	0.00000	0.00202	0.99798	0
49	I	0.00000	4e-05	0.99996	0
50	S	0.00000	0	1.00000	0
51	G	0.00000	0	1.00000	0
52	T	0.00000	0	1.00000	0
53	L	0.00000	0	1.00000	0
54	V	0.00000	0	1.00000	0
55	S	0.00000	0	1.00000	0
56	C	0.00000	0	1.00000	0
57	E	0.00000	0	1.00000	0
58	N	0.00000	0	1.00000	0
59	A	0.00000	0	1.00000	0
60	L	0.00000	0	1.00000	0
61	V	0.00000	0	1.00000	0
62	V	0.00000	0	1.00000	0
63	A	0.00000	0	1.00000	0
64	I	0.00020	0	0.99980	0
65	I	0.01170	0	0.98830	0
66	V	0.22980	0	0.77020	0
67	G	0.84287	0	0.15713	0
68	T	0.98566	0	0.01434	0
69	P	0.99991	0	0.00009	0
70	A	0.99999	0	0.00001	0
71	F	1.00000	0	0.00000	0
72	R	1.00000	0	0.00000	0
73	A	1.00000	0	0.00000	0
74	P	1.00000	0	0.00000	0
75	M	0.15228	0	0.84772	0
76	F	0.00506	0	0.99494	0
77	L	0.00113	0	0.99887	0
78	L	0.00004	0	0.99996	0
79	V	0.00001	0	0.99999	0
80	G	0.00000	0	1.00000	0
81	S	0.00000	0	1.00000	0
82	L	0.00000	0	1.00000	0
83	A	0.00000	0	1.00000	0
84	V	0.00000	0	1.00000	0
85	A	0.00000	0	1.00000	0
86	D	0.00000	0	1.00000	0
87	L	0.00000	0	1.00000	0
88	L	0.00000	0	1.00000	0
89	A	0.00000	0	1.00000	0
90	G	0.00000	0	1.00000	0
91	L	0.00000	0	1.00000	0
92	G	0.00000	0	1.00000	0
93	L	0.00000	0.00026	0.99974	0
94	V	0.00000	0.01329	0.98671	0
95	L	0.00000	0.25496	0.74504	0
96	H	0.00000	0.84979	0.15021	0
97	F	0.00000	0.86498	0.13502	0
98	A	0.00000	0.88645	0.11355	0
99	A	0.00000	0.91164	0.08836	0
100	V	0.00000	0.92253	0.07747	0
101	F	0.00000	0.93684	0.06316	0
102	C	0.00000	0.99995	0.00005	0
103	I	0.00000	0.99997	0.00003	0
104	G	0.00000	0.99999	0.00001	0
105	S	0.00000	1	0.00000	0
106	A	0.00000	1	0.00000	0
107	E	0.00000	1	0.00000	0
108	M	0.00000	0.9935	0.00650	0
109	S	0.00000	0.97624	0.02376	0
110	L	0.00000	0.78574	0.21426	0
111	V	0.00000	0.3643	0.63570	0
112	L	0.00000	0.12964	0.87036	0
113	V	0.00000	0.04628	0.95372	0
114	G	0.00000	0.02555	0.97445	0
115	V	0.00000	0.00683	0.99317	0
116	L	0.00000	0.00032	0.99968	0
117	A	0.00000	3e-05	0.99997	0
118	M	0.00000	0	1.00000	0
119	A	0.00000	0	1.00000	0
120	F	0.00000	0	1.00000	0
121	T	0.00000	0	1.00000	0
122	A	0.00000	0	1.00000	0
123	S	0.00000	0	1.00000	0
124	I	0.00000	0	1.00000	0
125	G	0.00000	0	1.00000	0
126	S	0.00000	0	1.00000	0
127	L	0.00000	0	1.00000	0
128	L	0.00000	0	1.00000	0
129	A	0.00000	0	1.00000	0
130	I	0.00000	0	1.00000	0
131	T	0.00001	0	0.99999	0
132	V	0.00012	0	0.99988	0
133	D	0.00038	0	0.99962	0
134	R	0.01947	0	0.98053	0
135	Y	0.12616	0	0.87384	0
136	L	0.24185	0	0.75815	0
137	S	0.85458	0	0.14542	0
138	L	0.99992	0	0.00008	0
139	Y	1.00000	0	0.00000	0
140	N	1.00000	0	0.00000	0
141	A	1.00000	0	0.00000	0
142	L	1.00000	0	0.00000	0
143	T	1.00000	0	0.00000	0
144	Y	1.00000	0	0.00000	0
145	Y	1.00000	0	0.00000	0
146	S	1.00000	0	0.00000	0
147	E	1.00000	0	0.00000	0
148	T	1.00000	0	0.00000	0
149	T	1.00000	0	0.00000	0
150	V	0.99977	0	0.00023	0
151	T	0.99957	0	0.00043	0
152	R	0.99765	0	0.00235	0
153	T	0.74591	0	0.25409	0
154	Y	0.13134	0	0.86866	0
155	V	0.01421	0	0.98579	0
156	M	0.00202	0	0.99798	0
157	L	0.00001	0	0.99999	0
158	A	0.00000	0	1.00000	0
159	L	0.00000	0	1.00000	0
160	V	0.00000	0	1.00000	0
161	W	0.00000	0	1.00000	0
162	G	0.00000	0	1.00000	0
163	G	0.00000	0	1.00000	0
164	A	0.00000	0	1.00000	0
165	L	0.00000	0	1.00000	0
166	G	0.00000	0	1.00000	0
167	L	0.00000	0	1.00000	0
168	G	0.00000	0	1.00000	0
169	L	0.00000	0	1.00000	0
170	L	0.00000	0	1.00000	0
171	P	0.00000	6e-05	0.99994	0
172	V	0.00000	0.00021	0.99979	0
173	L	0.00000	0.00344	0.99656	0
174	A	0.00000	0.11537	0.88463	0
175	W	0.00000	0.54664	0.45336	0
176	N	0.00000	0.94227	0.05773	0
177	C	0.00000	0.99492	0.00508	0
178	L	0.00000	0.99732	0.00268	0
179	D	0.00000	1	0.00000	0
180	G	0.00000	1	0.00000	0
181	L	0.00000	1	0.00000	0
182	T	0.00000	1	0.00000	0
183	T	0.00000	1	0.00000	0
184	C	0.00000	1	0.00000	0
185	G	0.00000	1	0.00000	0
186	V	0.00000	1	0.00000	0
187	V	0.00000	0.99988	0.00012	0
188	Y	0.00000	0.99987	0.00013	0
189	P	0.00000	0.99971	0.00029	0
190	L	0.00000	0.99967	0.00033	0
191	S	0.00000	0.99957	0.00043	0
192	K	0.00000	0.99935	0.00065	0
193	N	0.00000	0.9963	0.00370	0
194	H	0.00000	0.80828	0.19172	0
195	L	0.00000	0.50885	0.49115	0
196	V	0.00000	0.19937	0.80063	0
197	V	0.00000	0.10694	0.89306	0
198	L	0.00000	0.06754	0.93246	0
199	A	0.00000	0.00416	0.99584	0
200	I	0.00000	9e-05	0.99991	0
201	A	0.00000	4e-05	0.99996	0
202	F	0.00000	0	1.00000	0
203	F	0.00000	0	1.00000	0
204	M	0.00000	0	1.00000	0
205	V	0.00000	0	1.00000	0
206	F	0.00000	0	1.00000	0
207	G	0.00000	0	1.00000	0
208	I	0.00000	0	1.00000	0
209	M	0.00000	0	1.00000	0
210	L	0.00001	0	0.99999	0
211	Q	0.00009	0	0.99991	0
212	L	0.00009	0	0.99991	0
213	Y	0.00012	0	0.99988	0
214	A	0.00040	0	0.99960	0
215	Q	0.00348	0	0.99652	0
216	I	0.00400	0	0.99600	0
217	C	0.02988	0	0.97012	0
218	R	0.27448	0	0.72552	0
219	I	0.27894	0	0.72106	0
220	V	0.30353	0	0.69647	0
221	C	0.50651	0	0.49349	0
222	R	0.97943	0	0.02057	0
223	H	0.99990	0	0.00010	0
224	A	0.99997	0	0.00003	0
225	Q	1.00000	0	0.00000	0
226	Q	1.00000	0	0.00000	0
227	I	1.00000	0	0.00000	0
228	A	1.00000	0	0.00000	0
229	L	1.00000	0	0.00000	0
230	Q	1.00000	0	0.00000	0
231	R	1.00000	0	0.00000	0
232	H	1.00000	0	0.00000	0
233	L	1.00000	0	0.00000	0
234	L	1.00000	0	0.00000	0
235	P	1.00000	0	0.00000	0
236	A	1.00000	0	0.00000	0
237	S	1.00000	0	0.00000	0
238	H	1.00000	0	0.00000	0
239	Y	0.99989	0	0.00011	0
240	V	0.97571	0	0.02429	0
241	A	0.97564	0	0.02436	0
242	T	0.97460	0	0.02540	0
243	R	0.96746	0	0.03254	0
244	K	0.96679	0	0.03321	0
245	G	0.88474	0	0.11526	0
246	I	0.22553	0	0.77447	0
247	A	0.12379	0	0.87621	0
248	T	0.12301	0	0.87699	0
249	L	0.00051	0	0.99949	0
250	A	0.00001	0	0.99999	0
251	V	0.00000	0	1.00000	0
252	V	0.00000	0	1.00000	0
253	L	0.00000	0	1.00000	0
254	G	0.00000	0	1.00000	0
255	A	0.00000	0	1.00000	0
256	F	0.00000	0	1.00000	0
257	A	0.00000	0	1.00000	0
258	A	0.00000	0	1.00000	0
259	C	0.00000	1e-05	0.99999	0
260	W	0.00000	3e-05	0.99997	0
261	L	0.00000	0.0001	0.99990	0
262	P	0.00000	0.00082	0.99918	0
263	F	0.00000	0.00107	0.99893	0
264	T	0.00000	0.00199	0.99801	0
265	V	0.00000	0.00679	0.99321	0
266	Y	0.00000	0.02335	0.97665	0
267	C	0.00000	0.06143	0.93857	0
268	L	0.00000	0.07937	0.92063	0
269	L	0.00000	0.18715	0.81285	0
270	G	0.00000	0.78103	0.21897	0
271	D	0.00000	0.99712	0.00288	0
272	A	0.00000	0.99725	0.00275	0
273	H	0.00000	0.99943	0.00057	0
274	S	0.00000	0.99984	0.00016	0
275	P	0.00000	0.99926	0.00074	0
276	P	0.00000	0.98214	0.01786	0
277	L	0.00000	0.58486	0.41514	0
278	Y	0.00000	0.45878	0.54122	0
279	T	0.00000	0.21217	0.78783	0
280	Y	0.00000	0.00457	0.99543	0
281	L	0.00000	1e-05	0.99999	0
282	T	0.00000	0	1.00000	0
283	L	0.00000	0	1.00000	0
284	L	0.00000	0	1.00000	0
285	P	0.00000	0	1.00000	0
286	A	0.00000	0	1.00000	0
287	T	0.00000	0	1.00000	0
288	Y	0.00000	0	1.00000	0
289	N	0.00000	0	1.00000	0
290	S	0.00000	0	1.00000	0
291	M	0.00000	0	1.00000	0
292	I	0.00000	0	1.00000	0
293	N	0.00000	0	1.00000	0
294	P	0.00000	0	1.00000	0
295	I	0.00000	0	1.00000	0
296	I	0.00001	0	0.99999	0
297	Y	0.00012	0	0.99988	0
298	A	0.00193	0	0.99807	0
299	F	0.02000	0	0.98000	0
300	R	1.00000	0	0.00000	0
301	N	1.00000	0	0.00000	0
302	Q	1.00000	0	0.00000	0
303	D	1.00000	0	0.00000	0
304	V	1.00000	0	0.00000	0
305	Q	1.00000	0	0.00000	0
306	K	1.00000	0	0.00000	0
307	V	1.00000	0	0.00000	0
308	L	1.00000	0	0.00000	0
309	W	1.00000	0	0.00000	0
310	A	1.00000	0	0.00000	0
311	V	1.00000	0	0.00000	0
312	C	1.00000	0	0.00000	0
313	C	1.00000	0	0.00000	0
314	C	1.00000	0	0.00000	0
315	C	1.00000	0	0.00000	0
316	S	1.00000	0	0.00000	0
317	S	1.00000	0	0.00000	0
318	S	1.00000	0	0.00000	0
319	K	1.00000	0	0.00000	0
320	I	1.00000	0	0.00000	0
321	P	1.00000	0	0.00000	0
322	F	1.00000	0	0.00000	0
323	R	1.00000	0	0.00000	0
324	S	1.00000	0	0.00000	0
325	R	1.00000	0	0.00000	0
326	S	1.00000	0	0.00000	0
327	P	1.00000	0	0.00000	0
328	S	1.00000	0	0.00000	0
329	D	1.00000	0	0.00000	0
330	V	1.00000	0	0.00000	0
