# UNNAMED
#pos	aa	i	o	M	S
1	M	0.00000	0.00045	0.00000	0.99955
2	S	0.00000	0.00045	0.00000	0.99956
3	P	0.00000	0.00045	0.00000	0.99956
4	S	0.00000	0.00045	0.00000	0.99955
5	P	0.00000	0.00045	0.00000	0.99956
6	T	0.00000	0.00045	0.00000	0.99955
7	A	0.00000	0.00045	0.00000	0.99956
8	L	0.00000	0.00045	0.00000	0.99956
9	F	0.00000	0.00045	0.00000	0.99956
10	C	0.00000	0.00045	0.00000	0.99955
11	L	0.00000	0.00045	0.00000	0.99955
12	G	0.00000	0.00045	0.00000	0.99956
13	L	0.00000	0.00045	0.00000	0.99956
14	C	0.00000	0.00045	0.00000	0.99955
15	L	0.00000	0.00045	0.00000	0.99955
16	G	0.00000	0.00045	0.00000	0.99955
17	R	0.00000	0.00175	0.00000	0.99825
18	V	0.00000	0.00175	0.00000	0.99825
19	P	0.00000	0.00175	0.00000	0.99825
20	A	0.00000	0.00175	0.00000	0.99825
21	Q	0.00000	0.98747	0.00000	0.01253
22	S	0.00000	0.98748	0.00000	0.01252
23	G	0.00000	1	0.00000	1e-05
24	P	0.00000	0.99999	0.00000	1e-05
25	L	0.00000	0.99999	0.00000	0
26	P	0.00000	1	0.00000	0
27	K	0.00000	1	0.00000	0
28	P	0.00000	1	0.00000	0
29	S	0.00000	1	0.00000	0
30	L	0.00000	1	0.00000	0
31	Q	0.00000	1	0.00000	0
32	A	0.00000	1	0.00000	0
33	L	0.00000	1	0.00000	0
34	P	0.00000	1	0.00000	0
35	S	0.00000	1	0.00000	0
36	S	0.00000	1	0.00000	0
37	L	0.00000	1	0.00000	0
38	V	0.00000	1	0.00000	0
39	P	0.00000	1	0.00000	0
40	L	0.00000	1	0.00000	0
41	E	0.00000	1	0.00000	0
42	K	0.00000	1	0.00000	0
43	P	0.00000	1	0.00000	0
44	V	0.00000	1	0.00000	0
45	T	0.00000	1	0.00000	0
46	L	0.00000	1	0.00000	0
47	R	0.00000	1	0.00000	0
48	C	0.00000	1	0.00000	0
49	Q	0.00000	1	0.00000	0
50	G	0.00000	1	0.00000	0
51	P	0.00000	1	0.00000	0
52	P	0.00000	1	0.00000	0
53	G	0.00000	1	0.00000	0
54	V	0.00000	1	0.00000	0
55	D	0.00000	1	0.00000	0
56	L	0.00000	1	0.00000	0
57	Y	0.00000	1	0.00000	0
58	R	0.00000	1	0.00000	0
59	L	0.00000	1	0.00000	0
60	E	0.00000	1	0.00000	0
61	K	0.00000	1	0.00000	0
62	L	0.00000	1	0.00000	0
63	S	0.00000	1	0.00000	0
64	S	0.00000	1	0.00000	0
65	S	0.00000	1	0.00000	0
66	R	0.00000	1	0.00000	0
67	Y	0.00000	1	0.00000	0
68	Q	0.00000	1	0.00000	0
69	D	0.00000	1	0.00000	0
70	Q	0.00000	1	0.00000	0
71	A	0.00000	1	0.00000	0
72	V	0.00000	1	0.00000	0
73	L	0.00000	1	0.00000	0
74	F	0.00000	1	0.00000	0
75	I	0.00000	1	0.00000	0
76	P	0.00000	1	0.00000	0
77	A	0.00000	1	0.00000	0
78	M	0.00000	1	0.00000	0
79	K	0.00000	1	0.00000	0
80	R	0.00000	1	0.00000	0
81	S	0.00000	1	0.00000	0
82	L	0.00000	1	0.00000	0
83	A	0.00000	1	0.00000	0
84	G	0.00000	1	0.00000	0
85	R	0.00000	1	0.00000	0
86	Y	0.00000	1	0.00000	0
87	R	0.00000	1	0.00000	0
88	C	0.00000	1	0.00000	0
89	S	0.00000	1	0.00000	0
90	Y	0.00000	1	0.00000	0
91	Q	0.00000	1	0.00000	0
92	N	0.00000	1	0.00000	0
93	G	0.00000	1	0.00000	0
94	S	0.00000	1	0.00000	0
95	L	0.00000	1	0.00000	0
96	W	0.00000	1	0.00000	0
97	S	0.00000	1	0.00000	0
98	L	0.00000	1	0.00000	0
99	P	0.00000	1	0.00000	0
100	S	0.00000	1	0.00000	0
101	D	0.00000	1	0.00000	0
102	Q	0.00000	1	0.00000	0
103	L	0.00000	1	0.00000	0
104	E	0.00000	1	0.00000	0
105	L	0.00000	1	0.00000	0
106	V	0.00000	1	0.00000	0
107	A	0.00000	1	0.00000	0
108	T	0.00000	1	0.00000	0
109	G	0.00000	1	0.00000	0
110	V	0.00000	1	0.00000	0
111	F	0.00000	1	0.00000	0
112	A	0.00000	1	0.00000	0
113	K	0.00000	1	0.00000	0
114	P	0.00000	1	0.00000	0
115	S	0.00000	1	0.00000	0
116	L	0.00000	1	0.00000	0
117	S	0.00000	1	0.00000	0
118	A	0.00000	1	0.00000	0
119	Q	0.00000	1	0.00000	0
120	P	0.00000	1	0.00000	0
121	G	0.00000	1	0.00000	0
122	P	0.00000	1	0.00000	0
123	A	0.00000	1	0.00000	0
124	V	0.00000	1	0.00000	0
125	S	0.00000	1	0.00000	0
126	S	0.00000	1	0.00000	0
127	G	0.00000	1	0.00000	0
128	G	0.00000	1	0.00000	0
129	D	0.00000	1	0.00000	0
130	V	0.00000	1	0.00000	0
131	T	0.00000	1	0.00000	0
132	L	0.00000	1	0.00000	0
133	Q	0.00000	1	0.00000	0
134	C	0.00000	1	0.00000	0
135	Q	0.00000	1	0.00000	0
136	T	0.00000	1	0.00000	0
137	R	0.00000	1	0.00000	0
138	Y	0.00000	1	0.00000	0
139	G	0.00000	1	0.00000	0
140	F	0.00000	1	0.00000	0
141	D	0.00000	1	0.00000	0
142	Q	0.00000	1	0.00000	0
143	F	0.00000	1	0.00000	0
144	A	0.00000	1	0.00000	0
145	L	0.00000	1	0.00000	0
146	Y	0.00000	1	0.00000	0
147	K	0.00000	1	0.00000	0
148	E	0.00000	1	0.00000	0
149	G	0.00000	1	0.00000	0
150	D	0.00000	1	0.00000	0
151	P	0.00000	1	0.00000	0
152	A	0.00000	1	0.00000	0
153	P	0.00000	1	0.00000	0
154	Y	0.00000	1	0.00000	0
155	K	0.00000	1	0.00000	0
156	N	0.00000	1	0.00000	0
157	P	0.00000	1	0.00000	0
158	E	0.00000	1	0.00000	0
159	R	0.00000	1	0.00000	0
160	W	0.00000	1	0.00000	0
161	Y	0.00000	1	0.00000	0
162	R	0.00000	1	0.00000	0
163	A	0.00000	1	0.00000	0
164	S	0.00000	1	0.00000	0
165	F	0.00000	1	0.00000	0
166	P	0.00000	1	0.00000	0
167	I	0.00000	1	0.00000	0
168	I	0.00000	1	0.00000	0
169	T	0.00000	1	0.00000	0
170	V	0.00000	1	0.00000	0
171	T	0.00000	1	0.00000	0
172	A	0.00000	1	0.00000	0
173	A	0.00000	1	0.00000	0
174	H	0.00000	1	0.00000	0
175	S	0.00000	1	0.00000	0
176	G	0.00000	1	0.00000	0
177	T	0.00000	1	0.00000	0
178	Y	0.00000	1	0.00000	0
179	R	0.00000	1	0.00000	0
180	C	0.00000	1	0.00000	0
181	Y	0.00000	1	0.00000	0
182	S	0.00000	1	0.00000	0
183	F	0.00000	1	0.00000	0
184	S	0.00000	1	0.00000	0
185	S	0.00000	1	0.00000	0
186	R	0.00000	1	0.00000	0
187	D	0.00000	1	0.00000	0
188	P	0.00000	1	0.00000	0
189	Y	0.00000	1	0.00000	0
190	L	0.00000	1	0.00000	0
191	W	0.00000	1	0.00000	0
192	S	0.00000	1	0.00000	0
193	A	0.00000	1	0.00000	0
194	P	0.00000	1	0.00000	0
195	S	0.00000	1	0.00000	0
196	D	0.00000	1	0.00000	0
197	P	0.00000	1	0.00000	0
198	L	0.00000	1	0.00000	0
199	E	0.00000	1	0.00000	0
200	L	0.00000	1	0.00000	0
201	V	0.00000	1	0.00000	0
202	V	0.00000	1	0.00000	0
203	T	0.00000	1	0.00000	0
204	G	0.00000	1	0.00000	0
205	T	0.00000	1	0.00000	0
206	S	0.00000	1	0.00000	0
207	V	0.00000	1	0.00000	0
208	T	0.00000	1	0.00000	0
209	P	0.00000	1	0.00000	0
210	S	0.00000	1	0.00000	0
211	R	0.00000	1	0.00000	0
212	L	0.00000	1	0.00000	0
213	P	0.00000	1	0.00000	0
214	T	0.00000	1	0.00000	0
215	E	0.00000	1	0.00000	0
216	P	0.00000	1	0.00000	0
217	P	0.00000	1	0.00000	0
218	S	0.00000	1	0.00000	0
219	P	0.00000	1	0.00000	0
220	V	0.00000	1	0.00000	0
221	A	0.00000	1	0.00000	0
222	E	0.00000	1	0.00000	0
223	F	0.00000	1	0.00000	0
224	S	0.00000	1	0.00000	0
225	E	0.00000	1	0.00000	0
226	A	0.00000	1	0.00000	0
227	T	0.00000	1	0.00000	0
228	A	0.00000	1	0.00000	0
229	E	0.00000	1	0.00000	0
230	L	0.00000	1	0.00000	0
231	T	0.00000	1	0.00000	0
232	V	0.00000	1	0.00000	0
233	S	0.00000	1	0.00000	0
234	F	0.00000	1	0.00000	0
235	T	0.00000	1	0.00000	0
236	N	0.00000	1	0.00000	0
237	E	0.00000	1	0.00000	0
238	V	0.00000	1	0.00000	0
239	F	0.00000	1	0.00000	0
240	T	0.00000	1	0.00000	0
241	T	0.00000	1	0.00000	0
242	E	0.00000	1	0.00000	0
243	T	0.00000	1	0.00000	0
244	S	0.00000	1	0.00000	0
245	R	0.00000	1	0.00000	0
246	S	0.00000	1	0.00000	0
247	I	0.00000	1	0.00000	0
248	T	0.00000	1	0.00000	0
249	A	0.00000	1	0.00000	0
250	S	0.00000	1	0.00000	0
251	P	0.00000	1	0.00000	0
252	K	0.00000	1	0.00000	0
253	E	0.00000	1	0.00000	0
254	S	0.00000	1	0.00000	0
255	D	0.00000	1	0.00000	0
256	S	0.00000	1	0.00000	0
257	P	0.00000	1	0.00000	0
258	A	0.00000	1	0.00000	0
259	G	0.00000	1	0.00000	0
260	E	0.00000	1	0.00000	0
261	S	0.00000	1	0.00000	0
262	C	0.00000	1	0.00000	0
263	P	0.00000	1	0.00000	0
264	P	0.00000	1	0.00000	0
265	V	0.00000	1	0.00000	0
266	L	0.00000	1	0.00000	0
267	H	0.00000	1	0.00000	0
268	Q	0.00000	1	0.00000	0
269	G	0.00000	1	0.00000	0
270	Q	0.00000	1	0.00000	0
271	P	0.00000	1	0.00000	0
272	G	0.00000	1	0.00000	0
273	P	0.00000	1	0.00000	0
274	D	0.00000	1	0.00000	0
275	M	0.00000	1	0.00000	0
276	P	0.00000	1	0.00000	0
277	R	0.00000	1	0.00000	0
278	G	0.00000	1	0.00000	0
279	C	0.00000	1	0.00000	0
280	D	0.00000	1	0.00000	0
281	P	0.00000	1	0.00000	0
282	N	0.00000	1	0.00000	0
283	N	0.00000	1	0.00000	0
284	P	0.00000	1	0.00000	0
285	G	0.00000	1	0.00000	0
286	G	0.00000	1	0.00000	0
287	V	0.00000	1	0.00000	0
288	S	0.00000	1	0.00000	0
289	G	0.00000	1	0.00000	0
290	R	0.00000	1	0.00000	0
291	G	0.00000	1	0.00000	0
292	L	0.00000	1	0.00000	0
293	A	0.00000	1	0.00000	0
294	Q	0.00000	1	0.00000	0
295	P	0.00000	1	0.00000	0
296	E	0.00000	1	0.00000	0
297	E	0.00000	1	0.00000	0
298	A	0.00000	0.99999	0.00001	0
299	P	0.00000	0.99999	0.00001	0
300	A	0.00000	0.99998	0.00002	0
301	A	0.00000	0.99998	0.00002	0
302	Q	0.00000	0.99998	0.00002	0
303	G	0.00000	0.99998	0.00002	0
304	Q	0.00000	0.99998	0.00002	0
305	G	0.00000	0.99998	0.00002	0
306	C	0.00000	0.99998	0.00002	0
307	A	0.00000	0.99998	0.00002	0
308	E	0.00000	0.99998	0.00002	0
309	A	0.00000	0.99998	0.00002	0
310	A	0.00000	0.99998	0.00002	0
311	S	0.00000	0.99998	0.00002	0
312	A	0.00000	0.99998	0.00002	0
313	P	0.00000	0.99998	0.00002	0
314	P	0.00000	0.99998	0.00002	0
315	A	0.00000	0.99998	0.00002	0
316	P	0.00000	0.99998	0.00002	0
317	P	0.00000	0.99998	0.00001	0
318	A	0.00000	0.99998	0.00001	0
319	D	0.00002	0.99998	0.00000	0
320	P	0.00002	0.99998	0.00000	0
321	E	0.00002	0.99998	0.00000	0
322	I	0.00002	0.99998	0.00000	0
323	K	0.00002	0.99998	0.00000	0
324	R	0.00002	0.99998	0.00001	0
325	G	0.00002	0.99986	0.00012	0
326	S	0.00002	0.99975	0.00023	0
327	G	0.00002	0.99958	0.00040	0
328	W	0.00002	0.99948	0.00050	0
329	R	0.00002	0.99948	0.00051	0
330	P	0.00002	0.99946	0.00052	0
331	T	0.00000	0.9994	0.00060	0
332	G	0.00000	0.99935	0.00065	0
333	C	0.00000	0.9993	0.00070	0
334	S	0.00000	0.99927	0.00073	0
335	Q	0.00000	0.99927	0.00073	0
336	P	0.00000	0.99927	0.00073	0
337	R	0.00000	0.99927	0.00073	0
338	V	0.00000	0.99927	0.00073	0
339	M	0.00000	0.99927	0.00073	0
340	F	0.00000	0.99927	0.00073	0
341	M	0.00000	0.99927	0.00073	0
342	T	0.00000	0.99927	0.00073	0
343	A	0.00001	0.99927	0.00072	0
344	E	0.00014	0.99927	0.00059	0
345	P	0.00021	0.99927	0.00052	0
346	Q	0.00023	0.99927	0.00050	0
347	A	0.00024	0.99927	0.00049	0
348	R	0.00031	0.99927	0.00042	0
349	S	0.00032	0.99928	0.00041	0
350	Y	0.00034	0.99929	0.00037	0
351	P	0.00061	0.99929	0.00011	0
352	R	0.00069	0.99929	0.00002	0
353	E	0.00069	0.99929	0.00002	0
354	G	0.00063	0.99929	0.00008	0
355	S	0.00061	0.99929	0.00010	0
356	W	0.00060	0.99929	0.00011	0
357	H	0.00060	0.99929	0.00012	0
358	G	0.00059	0.99929	0.00012	0
359	R	0.00059	0.99929	0.00012	0
360	R	0.00049	0.99929	0.00022	0
361	L	0.00015	0.99927	0.00057	0
362	K	0.00014	0.99927	0.00058	0
363	D	0.00002	0.99927	0.00071	0
364	W	0.00000	0.07757	0.92243	0
365	R	0.00000	0.03323	0.96677	0
366	V	0.00000	0.00032	0.99968	0
367	W	0.00000	0	1.00000	0
368	S	0.00000	0	1.00000	0
369	V	0.00000	0	1.00000	0
370	E	0.00000	0	1.00000	0
371	A	0.00000	0	1.00000	0
372	G	0.00000	1e-05	0.99999	0
373	G	0.00000	2e-05	0.99998	0
374	Q	0.00000	5e-05	0.99995	0
375	R	0.00000	7e-05	0.99993	0
376	L	0.00000	8e-05	0.99992	0
377	Q	0.00000	0.00011	0.99989	0
378	L	0.00000	0.00012	0.99988	0
379	W	0.00000	0.00019	0.99981	0
380	K	0.00001	0.00036	0.99963	0
381	R	0.00025	0.00053	0.99922	0
382	G	0.00607	0.00066	0.99326	0
383	H	0.17792	0.00071	0.82137	0
384	A	0.93128	0.00071	0.06801	0
385	A	0.99484	0.00071	0.00444	0
386	S	0.99922	0.00071	0.00006	0
387	S	0.99926	0.00071	0.00002	0
388	W	0.99928	0.00066	0.00006	0
389	C	0.99928	0.00066	0.00006	0
390	S	0.99928	0.00066	0.00006	0
391	I	0.99928	0.00066	0.00006	0
392	R	0.99928	0.00066	0.00006	0
393	E	0.99928	0.00066	0.00006	0
394	P	0.99928	0.00061	0.00011	0
395	F	0.00382	2e-05	0.99616	0
396	G	0.00029	1e-05	0.99971	0
397	Q	0.00000	0	0.99999	0
398	C	0.00000	0	1.00000	0
399	L	0.00000	0	1.00000	0
400	S	0.00000	0	1.00000	0
401	V	0.00000	0	1.00000	0
402	C	0.00000	0	1.00000	0
403	L	0.00000	0	1.00000	0
404	P	0.00000	0	1.00000	0
405	L	0.00000	0	1.00000	0
406	C	0.00000	0	1.00000	0
407	L	0.00000	0	1.00000	0
408	R	0.00000	0	1.00000	0
409	A	0.00000	0	1.00000	0
410	P	0.00006	0	0.99994	0
411	S	0.00006	0	0.99994	0
412	I	0.00006	4e-05	0.99990	0
413	W	0.00006	0.03424	0.96570	0
414	D	0.00006	0.75945	0.24049	0
415	G	0.00006	0.99881	0.00113	0
416	R	0.00051	0.99908	0.00041	0
417	N	0.00071	0.99927	0.00002	0
418	L	0.00072	0.99928	0.00000	0
419	W	0.00072	0.99928	0.00000	0
420	R	0.00072	0.99928	0.00000	0
421	P	0.00072	0.99928	0.00000	0
422	H	0.00072	0.99928	0.00000	0
423	P	0.00072	0.99928	0.00000	0
424	P	0.00072	0.99907	0.00021	0
425	P	0.00071	0.99552	0.00377	0
426	C	0.00067	0.92349	0.07585	0
427	T	0.00067	0.6279	0.37144	0
428	L	0.00065	0.42056	0.57878	0
429	W	0.00056	0.19905	0.80038	0
430	M	0.00054	0.01487	0.98459	0
431	T	0.00052	0.00416	0.99531	0
432	W	0.00002	0.00355	0.99643	0
433	Y	0.00000	0.00345	0.99655	0
434	P	0.00000	0.00342	0.99658	0
435	G	0.00000	0.00078	0.99922	0
436	W	0.00000	0.00026	0.99974	0
437	T	0.00000	4e-05	0.99996	0
438	T	0.00000	0	1.00000	0
439	Y	0.00000	0	1.00000	0
440	W	0.00000	0	1.00000	0
441	P	0.00000	0	1.00000	0
442	L	0.00000	0	1.00000	0
443	S	0.00000	0	1.00000	0
444	S	0.00000	0	1.00000	0
445	T	0.00000	0	1.00000	0
446	S	0.00000	0	0.99999	0
447	L	0.05468	1e-05	0.94531	0
448	I	0.07911	2e-05	0.92086	0
449	W	0.11868	6e-05	0.88126	0
450	A	0.51445	0.0001	0.48544	0
451	P	0.99547	0.00032	0.00422	0
452	D	0.99547	0.00072	0.00381	0
453	G	0.99548	0.00072	0.00381	0
454	S	0.99548	0.00072	0.00381	0
455	L	0.99548	0.00072	0.00381	0
456	R	0.99548	0.00072	0.00381	0
457	F	0.99926	0.00072	0.00002	0
458	P	0.99928	0.00072	0.00000	0
459	A	0.99906	0.00072	0.00022	0
460	L	0.99882	0.00072	0.00046	0
461	R	0.99861	0.00072	0.00068	0
462	V	0.99836	0.00072	0.00093	0
463	D	0.99804	0.00072	0.00125	0
464	S	0.96933	0.00067	0.03000	0
465	V	0.56027	0.00048	0.43925	0
466	P	0.46154	0.00026	0.53820	0
467	S	0.05850	3e-05	0.94147	0
468	S	0.00613	0	0.99387	0
469	V	0.00232	0	0.99768	0
470	Q	0.00219	0	0.99781	0
471	N	0.00095	0	0.99905	0
472	P	0.00084	0	0.99916	0
473	P	0.00044	0	0.99956	0
474	V	0.00000	0	1.00000	0
475	L	0.00000	0	1.00000	0
476	P	0.00000	0	1.00000	0
477	F	0.00000	0	1.00000	0
478	G	0.00000	1e-05	0.99999	0
479	P	0.00000	5e-05	0.99995	0
480	L	0.00000	0.0001	0.99990	0
481	C	0.00000	0.00053	0.99947	0
482	S	0.00000	0.00068	0.99932	0
483	C	0.00000	0.00077	0.99923	0
484	L	0.00000	0.00086	0.99914	0
485	V	0.00000	0.00412	0.99588	0
486	F	0.00000	0.01858	0.98141	0
487	P	0.00029	0.67692	0.32278	0
488	R	0.00059	0.92686	0.07255	0
489	N	0.00068	0.99444	0.00488	0
490	S	0.00071	0.99731	0.00199	0
491	H	0.00071	0.99831	0.00098	0
492	P	0.00072	0.99849	0.00080	0
493	H	0.00072	0.99917	0.00011	0
494	S	0.00072	0.99921	0.00008	0
495	I	0.00072	0.99923	0.00006	0
496	S	0.00072	0.99928	0.00000	0
497	H	0.00072	0.99928	0.00000	0
498	C	0.00072	0.99928	0.00000	0
499	G	0.00072	0.99928	0.00000	0
500	L	0.00068	0.99709	0.00223	0
501	T	0.00068	0.99625	0.00308	0
502	N	0.00068	0.9962	0.00312	0
503	L	0.00015	0.04696	0.95289	0
504	L	0.00002	0.03147	0.96850	0
505	S	0.00001	0.01146	0.98854	0
506	S	0.00001	0.01114	0.98885	0
507	L	0.00000	0.00889	0.99111	0
508	R	0.00000	0.00656	0.99344	0
509	T	0.00000	0.00323	0.99677	0
510	G	0.00000	0.0032	0.99680	0
511	L	0.00000	0.00027	0.99973	0
512	A	0.00000	0.00014	0.99986	0
513	G	0.00000	6e-05	0.99994	0
514	S	0.00000	5e-05	0.99995	0
515	L	0.00000	5e-05	0.99995	0
516	G	0.00000	5e-05	0.99995	0
517	M	0.00000	5e-05	0.99995	0
518	S	0.00000	4e-05	0.99996	0
519	F	0.00000	4e-05	0.99996	0
520	I	0.00000	0	1.00000	0
521	F	0.00000	0	1.00000	0
522	L	0.00002	0.00014	0.99983	0
523	S	0.00087	0.0004	0.99873	0
524	V	0.00879	0.00045	0.99076	0
525	K	0.30296	0.00037	0.69667	0
526	L	0.33841	0.00013	0.66146	0
527	A	0.62073	7e-05	0.37920	0
528	R	0.89761	0.0001	0.10230	0
529	C	0.92903	0.0001	0.07087	0
530	P	0.99370	0.0001	0.00621	0
531	L	0.99402	9e-05	0.00589	0
532	P	0.99617	8e-05	0.00375	0
533	F	0.99649	6e-05	0.00345	0
534	T	0.99657	1e-05	0.00342	0
535	L	0.99662	0	0.00338	0
536	E	0.99914	0	0.00086	0
537	N	0.99918	0	0.00082	0
538	K	0.99923	0	0.00077	0
539	I	0.99923	0	0.00077	0
540	S	0.99924	0	0.00076	0
541	L	0.99924	0	0.00076	0
542	C	0.99924	0	0.00076	0
543	N	0.99928	0	0.00072	0
544	M	0.99928	0	0.00072	0
545	V	0.99931	0	0.00069	0
546	K	0.99990	0	0.00010	0
547	P	0.99990	0	0.00010	0
548	H	0.99990	0	0.00010	0
549	L	0.99990	0	0.00010	0
550	Y	0.99990	0	0.00010	0
551	Q	0.99990	0	0.00010	0
552	Q	0.99990	0	0.00010	0
553	N	0.99990	0	0.00010	0
554	K	0.99991	0	0.00009	0
555	K	0.99789	0	0.00211	0
556	T	0.79287	0	0.20713	0
557	Q	0.49428	0	0.50572	0
558	K	0.02870	0	0.97130	0
559	L	0.00121	0	0.99879	0
560	A	0.00119	0	0.99881	0
561	R	0.00117	0	0.99883	0
562	C	0.00117	0	0.99883	0
563	G	0.00115	0	0.99885	0
564	G	0.00115	0	0.99885	0
565	A	0.00113	0	0.99887	0
566	S	0.00112	0	0.99888	0
567	L	0.00112	0	0.99888	0
568	Y	0.00112	0	0.99888	0
569	S	0.00112	0	0.99888	0
570	Q	0.00112	0	0.99888	0
571	Q	0.00104	0	0.99896	0
572	L	0.00073	0	0.99927	0
573	R	0.00073	6e-05	0.99921	0
574	G	0.00073	0.00025	0.99902	0
575	L	0.00073	0.00618	0.99309	0
576	R	0.00073	0.25943	0.73984	0
577	W	0.00073	0.33601	0.66326	0
578	E	0.00073	0.99082	0.00845	0
579	N	0.00073	0.99421	0.00506	0
580	G	0.00073	0.99666	0.00261	0
581	L	0.00073	0.99793	0.00134	0
582	S	0.00073	0.99821	0.00106	0
583	L	0.00073	0.99835	0.00092	0
584	G	0.00073	0.99871	0.00056	0
585	G	0.00073	0.99879	0.00048	0
586	R	0.00073	0.99884	0.00043	0
587	G	0.00073	0.99884	0.00043	0
588	C	0.00073	0.99881	0.00047	0
589	S	0.00073	0.9988	0.00047	0
590	E	0.00073	0.99883	0.00044	0
591	L	0.00073	0.99886	0.00041	0
592	R	0.00073	0.9989	0.00037	0
593	S	0.00073	0.99892	0.00035	0
594	H	0.00073	0.99906	0.00022	0
595	H	0.00073	0.99909	0.00018	0
596	C	0.00073	0.98355	0.01572	0
597	T	0.00073	0.87733	0.12194	0
598	L	0.00073	0.73389	0.26538	0
599	A	0.00075	0.01934	0.97991	0
600	R	0.00077	0.00279	0.99644	0
601	V	0.00077	1e-05	0.99922	0
602	T	0.00077	0	0.99923	0
603	K	0.00077	0	0.99923	0
604	P	0.00077	0	0.99923	0
605	D	0.00077	0	0.99923	0
606	F	0.00077	0	0.99923	0
607	V	0.00077	0	0.99923	0
608	S	0.00077	0	0.99923	0
609	K	0.00081	0	0.99919	0
610	N	0.00081	0	0.99919	0
611	T	0.00081	0	0.99919	0
612	G	0.00081	0	0.99919	0
613	M	0.00081	0	0.99919	0
614	N	0.00081	0	0.99919	0
615	M	0.00083	0	0.99917	0
616	S	0.00203	0	0.99797	0
617	I	0.00685	0	0.99315	0
618	T	0.06916	0	0.93084	0
619	L	0.15343	0	0.84657	0
620	I	1.00000	0	0.00000	0
