# UNNAMED
#pos	aa	i	o	M	S
1	M	0.00000	0.99977	0.00000	0.00023
2	T	0.00000	0.99977	0.00000	0.00023
3	L	0.00000	0.99977	0.00000	0.00023
4	H	0.00000	0.99977	0.00000	0.00023
5	N	0.00000	0.99977	0.00000	0.00023
6	N	0.00000	0.99977	0.00000	0.00023
7	S	0.00000	0.99977	0.00000	0.00023
8	T	0.00000	0.99977	0.00000	0.00023
9	T	0.00000	0.99977	0.00000	0.00023
10	S	0.00000	0.99977	0.00000	0.00023
11	P	0.00000	0.99977	0.00000	0.00023
12	L	0.00000	0.99977	0.00000	0.00023
13	F	0.00000	0.99977	0.00000	0.00024
14	P	0.00000	0.99977	0.00000	0.00024
15	N	0.00000	0.99977	0.00000	0.00023
16	I	0.00000	0.99977	0.00000	0.00023
17	S	0.00000	0.99977	0.00000	0.00023
18	S	0.00000	0.99978	0.00000	0.00022
19	S	0.00000	0.99985	0.00000	0.00014
20	W	0.00000	0.99991	0.00000	8e-05
21	I	0.00000	0.99992	0.00000	8e-05
22	H	0.00000	0.99992	0.00000	8e-05
23	S	0.00000	0.99992	0.00000	8e-05
24	P	0.00000	0.99992	0.00000	8e-05
25	S	0.00000	0.99992	0.00000	8e-05
26	D	0.00000	0.99992	0.00000	8e-05
27	A	0.00000	0.99992	0.00000	8e-05
28	G	0.00000	1	0.00000	0
29	L	0.00000	1	0.00000	0
30	P	0.00000	1	0.00000	0
31	P	0.00000	1	0.00000	0
32	G	0.00000	1	0.00000	0
33	T	0.00000	1	0.00000	0
34	V	0.00000	1	0.00000	0
35	T	0.00000	1	0.00000	0
36	H	0.00000	1	0.00000	0
37	F	0.00000	1	0.00000	0
38	G	0.00000	1	0.00000	0
39	S	0.00000	1	0.00000	0
40	Y	0.00000	1	0.00000	0
41	N	0.00000	1	0.00000	0
42	V	0.00000	1	0.00000	0
43	S	0.00000	1	0.00000	0
44	R	0.00000	1	0.00000	0
45	A	0.00000	1	0.00000	0
46	A	0.00000	1	0.00000	0
47	G	0.00000	1	0.00000	0
48	N	0.00000	1	0.00000	0
49	F	0.00000	1	0.00000	0
50	S	0.00000	1	0.00000	0
51	S	0.00000	1	0.00000	0
52	P	0.00000	1	0.00000	0
53	D	0.00000	1	0.00000	0
54	G	0.00000	1	0.00000	0
55	T	0.00000	1	0.00000	0
56	T	0.00000	1	0.00000	0
57	D	0.00000	1	0.00000	0
58	D	0.00000	1	0.00000	0
59	P	0.00000	1	0.00000	0
60	L	0.00000	0.99999	0.00001	0
61	G	0.00000	0.99999	0.00001	0
62	G	0.00000	0.99786	0.00214	0
63	H	0.00000	0.97989	0.02011	0
64	T	0.00000	0.92581	0.07419	0
65	V	0.00000	0.83662	0.16338	0
66	W	0.00000	0.74602	0.25398	0
67	Q	0.00000	0.68733	0.31267	0
68	V	0.00000	0.34781	0.65219	0
69	V	0.00000	0.09264	0.90736	0
70	F	0.00000	0.02862	0.97138	0
71	I	0.00000	0.00247	0.99753	0
72	A	0.00000	0.00128	0.99872	0
73	F	0.00000	0.0001	0.99990	0
74	L	0.00000	1e-05	0.99999	0
75	T	0.00000	0	1.00000	0
76	G	0.00000	0	1.00000	0
77	I	0.00000	0	1.00000	0
78	L	0.00000	0	1.00000	0
79	A	0.00000	0	1.00000	0
80	L	0.00000	0	1.00000	0
81	V	0.00000	0	1.00000	0
82	T	0.00000	0	1.00000	0
83	I	0.00000	0	1.00000	0
84	I	0.00000	0	1.00000	0
85	G	0.00000	0	1.00000	0
86	N	0.00000	0	1.00000	0
87	I	0.00000	0	1.00000	0
88	L	0.00003	0	0.99997	0
89	V	0.00017	0	0.99983	0
90	I	0.00077	0	0.99923	0
91	V	0.03362	0	0.96638	0
92	S	0.61132	0	0.38868	0
93	F	0.67583	0	0.32417	0
94	K	0.99091	0	0.00909	0
95	V	0.99577	0	0.00423	0
96	N	0.99988	0	0.00012	0
97	K	1.00000	0	0.00000	0
98	Q	1.00000	0	0.00000	0
99	L	0.99995	0	0.00005	0
100	K	0.99985	0	0.00015	0
101	T	0.97993	0	0.02007	0
102	V	0.75742	0	0.24258	0
103	N	0.46864	0	0.53136	0
104	N	0.11370	0	0.88630	0
105	Y	0.04404	0	0.95596	0
106	F	0.00071	0	0.99929	0
107	L	0.00005	0	0.99995	0
108	L	0.00000	0	1.00000	0
109	S	0.00000	0	1.00000	0
110	L	0.00000	0	1.00000	0
111	A	0.00000	0	1.00000	0
112	C	0.00000	0	1.00000	0
113	A	0.00000	0	1.00000	0
114	D	0.00000	0	1.00000	0
115	L	0.00000	0	1.00000	0
116	I	0.00000	0	1.00000	0
117	I	0.00000	0	1.00000	0
118	G	0.00000	0	1.00000	0
119	V	0.00000	0	1.00000	0
120	I	0.00000	0.00076	0.99924	0
121	S	0.00000	0.04084	0.95916	0
122	M	0.00000	0.06335	0.93665	0
123	N	0.00000	0.24263	0.75737	0
124	L	0.00000	0.25564	0.74436	0
125	F	0.00000	0.29441	0.70559	0
126	T	0.00000	0.3914	0.60860	0
127	T	0.00000	0.56424	0.43576	0
128	Y	0.00000	0.6011	0.39890	0
129	I	0.00000	0.62038	0.37962	0
130	I	0.00000	0.68026	0.31974	0
131	M	0.00000	0.75969	0.24031	0
132	N	0.00000	0.98877	0.01123	0
133	R	0.00000	0.99931	0.00069	0
134	W	0.00000	0.99982	0.00018	0
135	A	0.00000	0.99998	0.00002	0
136	L	0.00000	1	0.00000	0
137	G	0.00000	1	0.00000	0
138	N	0.00000	1	0.00000	0
139	L	0.00000	1	0.00000	0
140	A	0.00000	0.99999	0.00001	0
141	C	0.00000	0.99999	0.00001	0
142	D	0.00000	0.99997	0.00003	0
143	L	0.00000	0.99954	0.00046	0
144	W	0.00000	0.95123	0.04877	0
145	L	0.00000	0.47049	0.52951	0
146	A	0.00000	0.10882	0.89118	0
147	I	0.00000	0.00333	0.99667	0
148	D	0.00000	0.00012	0.99988	0
149	Y	0.00000	1e-05	0.99999	0
150	V	0.00000	0	1.00000	0
151	A	0.00000	0	1.00000	0
152	S	0.00000	0	1.00000	0
153	N	0.00000	0	1.00000	0
154	A	0.00000	0	1.00000	0
155	S	0.00000	0	1.00000	0
156	V	0.00000	0	1.00000	0
157	M	0.00000	0	1.00000	0
158	N	0.00000	0	1.00000	0
159	L	0.00000	0	1.00000	0
160	L	0.00000	0	1.00000	0
161	V	0.00000	0	1.00000	0
162	I	0.00000	0	1.00000	0
163	S	0.00000	0	1.00000	0
164	F	0.00000	0	1.00000	0
165	D	0.00006	0	0.99994	0
166	R	0.04990	0	0.95010	0
167	Y	0.25538	0	0.74462	0
168	F	0.62464	0	0.37536	0
169	S	0.91647	0	0.08353	0
170	I	0.99997	0	0.00003	0
171	T	1.00000	0	0.00000	0
172	R	1.00000	0	0.00000	0
173	P	1.00000	0	0.00000	0
174	L	1.00000	0	0.00000	0
175	T	1.00000	0	0.00000	0
176	Y	1.00000	0	0.00000	0
177	R	1.00000	0	0.00000	0
178	A	1.00000	0	0.00000	0
179	K	1.00000	0	0.00000	0
180	R	1.00000	0	0.00000	0
181	T	0.99999	0	0.00001	0
182	T	0.99996	0	0.00004	0
183	K	0.99976	0	0.00024	0
184	R	0.97977	0	0.02023	0
185	A	0.20206	0	0.79794	0
186	G	0.09555	0	0.90445	0
187	V	0.00702	0	0.99298	0
188	M	0.00222	0	0.99778	0
189	I	0.00008	0	0.99992	0
190	G	0.00003	0	0.99997	0
191	L	0.00000	0	1.00000	0
192	A	0.00000	0	1.00000	0
193	W	0.00000	0	1.00000	0
194	V	0.00000	0	1.00000	0
195	I	0.00000	0	1.00000	0
196	S	0.00000	0	1.00000	0
197	F	0.00000	0	1.00000	0
198	V	0.00000	0	1.00000	0
199	L	0.00000	0	1.00000	0
200	W	0.00000	0	1.00000	0
201	A	0.00000	0	1.00000	0
202	P	0.00000	1e-05	0.99999	0
203	A	0.00000	1e-05	0.99999	0
204	I	0.00000	0.0004	0.99960	0
205	L	0.00000	0.01069	0.98931	0
206	F	0.00000	0.1232	0.87680	0
207	W	0.00000	0.47834	0.52166	0
208	Q	0.00000	0.96038	0.03962	0
209	Y	0.00000	0.98055	0.01945	0
210	F	0.00000	0.98819	0.01181	0
211	V	0.00000	0.99629	0.00371	0
212	G	0.00000	0.99983	0.00017	0
213	K	0.00000	1	0.00000	0
214	R	0.00000	1	0.00000	0
215	T	0.00000	1	0.00000	0
216	V	0.00000	1	0.00000	0
217	P	0.00000	1	0.00000	0
218	P	0.00000	1	0.00000	0
219	G	0.00000	1	0.00000	0
220	E	0.00000	1	0.00000	0
221	C	0.00000	1	0.00000	0
222	F	0.00000	0.99991	0.00009	0
223	I	0.00000	0.99751	0.00249	0
224	Q	0.00000	0.99697	0.00303	0
225	F	0.00000	0.99638	0.00362	0
226	L	0.00000	0.99629	0.00371	0
227	S	0.00000	0.99606	0.00394	0
228	E	0.00000	0.99576	0.00424	0
229	P	0.00000	0.57453	0.42547	0
230	T	0.00000	0.42559	0.57441	0
231	I	0.00000	0.15338	0.84662	0
232	T	0.00000	0.12164	0.87836	0
233	F	0.00000	0.01509	0.98491	0
234	G	0.00000	0.00459	0.99541	0
235	T	0.00000	0.00206	0.99794	0
236	A	0.00000	6e-05	0.99994	0
237	I	0.00000	0	1.00000	0
238	A	0.00000	0	1.00000	0
239	A	0.00000	0	1.00000	0
240	F	0.00000	0	1.00000	0
241	Y	0.00000	0	1.00000	0
242	M	0.00000	0	1.00000	0
243	P	0.00000	0	1.00000	0
244	V	0.00000	0	1.00000	0
245	T	0.00000	0	1.00000	0
246	I	0.00001	0	0.99999	0
247	M	0.00001	0	0.99999	0
248	T	0.00002	0	0.99998	0
249	I	0.00005	0	0.99995	0
250	L	0.00013	0	0.99987	0
251	Y	0.00064	0	0.99936	0
252	W	0.00636	0	0.99364	0
253	R	0.17472	0	0.82528	0
254	I	0.19948	0	0.80052	0
255	Y	0.31402	0	0.68598	0
256	K	0.99391	0	0.00609	0
257	E	0.99976	0	0.00024	0
258	T	1.00000	0	0.00000	0
259	E	1.00000	0	0.00000	0
260	K	1.00000	0	0.00000	0
261	R	1.00000	0	0.00000	0
262	T	1.00000	0	0.00000	0
263	K	1.00000	0	0.00000	0
264	E	1.00000	0	0.00000	0
265	L	1.00000	0	0.00000	0
266	A	1.00000	0	0.00000	0
267	G	1.00000	0	0.00000	0
268	L	1.00000	0	0.00000	0
269	Q	1.00000	0	0.00000	0
270	A	1.00000	0	0.00000	0
271	S	1.00000	0	0.00000	0
272	G	1.00000	0	0.00000	0
273	T	1.00000	0	0.00000	0
274	E	1.00000	0	0.00000	0
275	A	1.00000	0	0.00000	0
276	E	1.00000	0	0.00000	0
277	T	1.00000	0	0.00000	0
278	E	1.00000	0	0.00000	0
279	N	1.00000	0	0.00000	0
280	F	1.00000	0	0.00000	0
281	V	1.00000	0	0.00000	0
282	H	1.00000	0	0.00000	0
283	P	1.00000	0	0.00000	0
284	T	1.00000	0	0.00000	0
285	G	1.00000	0	0.00000	0
286	S	1.00000	0	0.00000	0
287	S	1.00000	0	0.00000	0
288	R	1.00000	0	0.00000	0
289	S	1.00000	0	0.00000	0
290	C	1.00000	0	0.00000	0
291	S	1.00000	0	0.00000	0
292	S	1.00000	0	0.00000	0
293	Y	1.00000	0	0.00000	0
294	E	1.00000	0	0.00000	0
295	L	1.00000	0	0.00000	0
296	Q	1.00000	0	0.00000	0
297	Q	1.00000	0	0.00000	0
298	Q	1.00000	0	0.00000	0
299	S	1.00000	0	0.00000	0
300	M	1.00000	0	0.00000	0
301	K	1.00000	0	0.00000	0
302	R	1.00000	0	0.00000	0
303	S	1.00000	0	0.00000	0
304	N	1.00000	0	0.00000	0
305	R	1.00000	0	0.00000	0
306	R	1.00000	0	0.00000	0
307	K	1.00000	0	0.00000	0
308	Y	1.00000	0	0.00000	0
309	G	1.00000	0	0.00000	0
310	R	1.00000	0	0.00000	0
311	C	1.00000	0	0.00000	0
312	H	1.00000	0	0.00000	0
313	F	1.00000	0	0.00000	0
314	W	1.00000	0	0.00000	0
315	F	1.00000	0	0.00000	0
316	T	1.00000	0	0.00000	0
317	T	1.00000	0	0.00000	0
318	K	1.00000	0	0.00000	0
319	S	1.00000	0	0.00000	0
320	W	1.00000	0	0.00000	0
321	K	1.00000	0	0.00000	0
322	P	1.00000	0	0.00000	0
323	S	1.00000	0	0.00000	0
324	S	1.00000	0	0.00000	0
325	E	1.00000	0	0.00000	0
326	Q	1.00000	0	0.00000	0
327	M	1.00000	0	0.00000	0
328	D	1.00000	0	0.00000	0
329	Q	1.00000	0	0.00000	0
330	D	1.00000	0	0.00000	0
331	H	1.00000	0	0.00000	0
332	S	1.00000	0	0.00000	0
333	S	1.00000	0	0.00000	0
334	S	1.00000	0	0.00000	0
335	D	1.00000	0	0.00000	0
336	S	1.00000	0	0.00000	0
337	W	1.00000	0	0.00000	0
338	N	1.00000	0	0.00000	0
339	N	1.00000	0	0.00000	0
340	N	1.00000	0	0.00000	0
341	D	1.00000	0	0.00000	0
342	A	1.00000	0	0.00000	0
343	A	1.00000	0	0.00000	0
344	A	1.00000	0	0.00000	0
345	S	1.00000	0	0.00000	0
346	L	1.00000	0	0.00000	0
347	E	1.00000	0	0.00000	0
348	N	1.00000	0	0.00000	0
349	S	1.00000	0	0.00000	0
350	A	1.00000	0	0.00000	0
351	S	1.00000	0	0.00000	0
352	S	1.00000	0	0.00000	0
353	D	1.00000	0	0.00000	0
354	E	1.00000	0	0.00000	0
355	E	1.00000	0	0.00000	0
356	D	1.00000	0	0.00000	0
357	I	1.00000	0	0.00000	0
358	G	1.00000	0	0.00000	0
359	S	1.00000	0	0.00000	0
360	E	1.00000	0	0.00000	0
361	T	1.00000	0	0.00000	0
362	R	1.00000	0	0.00000	0
363	A	1.00000	0	0.00000	0
364	I	1.00000	0	0.00000	0
365	Y	1.00000	0	0.00000	0
366	S	1.00000	0	0.00000	0
367	I	1.00000	0	0.00000	0
368	V	1.00000	0	0.00000	0
369	L	1.00000	0	0.00000	0
370	K	1.00000	0	0.00000	0
371	L	1.00000	0	0.00000	0
372	P	1.00000	0	0.00000	0
373	G	1.00000	0	0.00000	0
374	H	1.00000	0	0.00000	0
375	S	1.00000	0	0.00000	0
376	T	1.00000	0	0.00000	0
377	I	1.00000	0	0.00000	0
378	L	1.00000	0	0.00000	0
379	N	1.00000	0	0.00000	0
380	S	1.00000	0	0.00000	0
381	T	1.00000	0	0.00000	0
382	K	1.00000	0	0.00000	0
383	L	1.00000	0	0.00000	0
384	P	1.00000	0	0.00000	0
385	S	1.00000	0	0.00000	0
386	S	1.00000	0	0.00000	0
387	D	1.00000	0	0.00000	0
388	N	1.00000	0	0.00000	0
389	L	1.00000	0	0.00000	0
390	Q	1.00000	0	0.00000	0
391	V	1.00000	0	0.00000	0
392	P	1.00000	0	0.00000	0
393	E	1.00000	0	0.00000	0
394	E	1.00000	0	0.00000	0
395	E	1.00000	0	0.00000	0
396	L	1.00000	0	0.00000	0
397	G	1.00000	0	0.00000	0
398	M	1.00000	0	0.00000	0
399	V	1.00000	0	0.00000	0
400	D	1.00000	0	0.00000	0
401	L	1.00000	0	0.00000	0
402	E	1.00000	0	0.00000	0
403	R	1.00000	0	0.00000	0
404	K	1.00000	0	0.00000	0
405	A	1.00000	0	0.00000	0
406	D	1.00000	0	0.00000	0
407	K	1.00000	0	0.00000	0
408	L	1.00000	0	0.00000	0
409	Q	1.00000	0	0.00000	0
410	A	1.00000	0	0.00000	0
411	Q	1.00000	0	0.00000	0
412	K	1.00000	0	0.00000	0
413	S	1.00000	0	0.00000	0
414	V	1.00000	0	0.00000	0
415	D	1.00000	0	0.00000	0
416	D	1.00000	0	0.00000	0
417	G	1.00000	0	0.00000	0
418	G	1.00000	0	0.00000	0
419	S	1.00000	0	0.00000	0
420	F	1.00000	0	0.00000	0
421	P	1.00000	0	0.00000	0
422	K	1.00000	0	0.00000	0
423	S	1.00000	0	0.00000	0
424	F	1.00000	0	0.00000	0
425	S	1.00000	0	0.00000	0
426	K	1.00000	0	0.00000	0
427	L	1.00000	0	0.00000	0
428	P	1.00000	0	0.00000	0
429	I	1.00000	0	0.00000	0
430	Q	1.00000	0	0.00000	0
431	L	1.00000	0	0.00000	0
432	E	1.00000	0	0.00000	0
433	S	1.00000	0	0.00000	0
434	A	1.00000	0	0.00000	0
435	V	1.00000	0	0.00000	0
436	D	1.00000	0	0.00000	0
437	T	1.00000	0	0.00000	0
438	A	1.00000	0	0.00000	0
439	K	1.00000	0	0.00000	0
440	T	1.00000	0	0.00000	0
441	S	1.00000	0	0.00000	0
442	D	1.00000	0	0.00000	0
443	V	1.00000	0	0.00000	0
444	N	1.00000	0	0.00000	0
445	S	1.00000	0	0.00000	0
446	S	1.00000	0	0.00000	0
447	V	1.00000	0	0.00000	0
448	G	1.00000	0	0.00000	0
449	K	1.00000	0	0.00000	0
450	S	1.00000	0	0.00000	0
451	T	1.00000	0	0.00000	0
452	A	1.00000	0	0.00000	0
453	T	1.00000	0	0.00000	0
454	L	1.00000	0	0.00000	0
455	P	1.00000	0	0.00000	0
456	L	1.00000	0	0.00000	0
457	S	1.00000	0	0.00000	0
458	F	1.00000	0	0.00000	0
459	K	1.00000	0	0.00000	0
460	E	1.00000	0	0.00000	0
461	A	1.00000	0	0.00000	0
462	T	1.00000	0	0.00000	0
463	L	1.00000	0	0.00000	0
464	A	1.00000	0	0.00000	0
465	K	1.00000	0	0.00000	0
466	R	1.00000	0	0.00000	0
467	F	1.00000	0	0.00000	0
468	A	1.00000	0	0.00000	0
469	L	1.00000	0	0.00000	0
470	K	1.00000	0	0.00000	0
471	T	1.00000	0	0.00000	0
472	R	1.00000	0	0.00000	0
473	S	1.00000	0	0.00000	0
474	Q	1.00000	0	0.00000	0
475	I	1.00000	0	0.00000	0
476	T	1.00000	0	0.00000	0
477	K	1.00000	0	0.00000	0
478	R	1.00000	0	0.00000	0
479	K	1.00000	0	0.00000	0
480	R	1.00000	0	0.00000	0
481	M	1.00000	0	0.00000	0
482	S	1.00000	0	0.00000	0
483	L	1.00000	0	0.00000	0
484	V	1.00000	0	0.00000	0
485	K	1.00000	0	0.00000	0
486	E	1.00000	0	0.00000	0
487	K	0.96980	0	0.03020	0
488	K	0.96826	0	0.03174	0
489	A	0.19593	0	0.80407	0
490	A	0.14156	0	0.85844	0
491	Q	0.13725	0	0.86275	0
492	T	0.11977	0	0.88023	0
493	L	0.10264	0	0.89736	0
494	S	0.02507	0	0.97493	0
495	A	0.00223	0	0.99777	0
496	I	0.00019	0	0.99981	0
497	L	0.00008	0	0.99992	0
498	L	0.00000	0	1.00000	0
499	A	0.00000	0	1.00000	0
500	F	0.00000	0	1.00000	0
501	I	0.00000	0	1.00000	0
502	I	0.00000	0	1.00000	0
503	T	0.00000	0	1.00000	0
504	W	0.00000	0	1.00000	0
505	T	0.00000	0	1.00000	0
506	P	0.00000	0	1.00000	0
507	Y	0.00000	2e-05	0.99998	0
508	N	0.00000	0.00017	0.99983	0
509	I	0.00000	0.00027	0.99973	0
510	M	0.00000	0.00143	0.99857	0
511	V	0.00000	0.01776	0.98224	0
512	L	0.00000	0.15653	0.84347	0
513	V	0.00000	0.36278	0.63722	0
514	N	0.00000	0.8055	0.19450	0
515	T	0.00000	0.86143	0.13857	0
516	F	0.00000	0.87989	0.12011	0
517	C	0.00000	0.98828	0.01172	0
518	D	0.00000	0.99996	0.00004	0
519	S	0.00000	0.99999	0.00001	0
520	C	0.00000	1	0.00000	0
521	I	0.00000	0.99999	0.00001	0
522	P	0.00000	0.99962	0.00038	0
523	K	0.00000	0.9945	0.00550	0
524	T	0.00000	0.89902	0.10098	0
525	F	0.00000	0.8787	0.12130	0
526	W	0.00000	0.86986	0.13014	0
527	N	0.00000	0.58596	0.41404	0
528	L	0.00000	0.02439	0.97561	0
529	G	0.00000	0.01555	0.98445	0
530	Y	0.00000	0.00043	0.99957	0
531	W	0.00000	1e-05	0.99999	0
532	L	0.00000	1e-05	0.99999	0
533	C	0.00000	1e-05	0.99999	0
534	Y	0.00000	1e-05	0.99999	0
535	I	0.00000	1e-05	0.99999	0
536	N	0.00000	1e-05	0.99999	0
537	S	0.00000	1e-05	0.99999	0
538	T	0.00000	0	1.00000	0
539	V	0.00000	0	1.00000	0
540	N	0.00000	0	1.00000	0
541	P	0.00000	0	1.00000	0
542	V	0.00000	0	1.00000	0
543	C	0.00002	0	0.99998	0
544	Y	0.00028	0	0.99972	0
545	A	0.00169	0	0.99831	0
546	L	0.00641	0	0.99359	0
547	C	0.16284	0	0.83716	0
548	N	0.37478	0	0.62522	0
549	K	0.99999	0	0.00001	0
550	T	0.99999	0	0.00001	0
551	F	0.99999	0	0.00001	0
552	R	0.99999	0	0.00001	0
553	T	0.99999	0	0.00001	0
554	T	0.99999	0	0.00001	0
555	F	0.99999	0	0.00001	0
556	K	0.99999	0	0.00001	0
557	M	0.99999	0	0.00001	0
558	L	0.99999	0	0.00001	0
559	L	0.99999	0	0.00001	0
560	L	0.99999	0	0.00001	0
561	C	0.99999	0	0.00001	0
562	Q	1.00000	0	0.00000	0
563	C	1.00000	0	0.00000	0
564	D	1.00000	0	0.00000	0
565	K	1.00000	0	0.00000	0
566	K	1.00000	0	0.00000	0
567	K	1.00000	0	0.00000	0
568	R	1.00000	0	0.00000	0
569	R	1.00000	0	0.00000	0
570	K	1.00000	0	0.00000	0
571	Q	1.00000	0	0.00000	0
572	Q	1.00000	0	0.00000	0
573	Y	1.00000	0	0.00000	0
574	Q	1.00000	0	0.00000	0
575	Q	1.00000	0	0.00000	0
576	R	1.00000	0	0.00000	0
577	Q	1.00000	0	0.00000	0
578	S	1.00000	0	0.00000	0
579	V	1.00000	0	0.00000	0
580	I	1.00000	0	0.00000	0
581	F	1.00000	0	0.00000	0
582	H	1.00000	0	0.00000	0
583	K	1.00000	0	0.00000	0
584	R	1.00000	0	0.00000	0
585	A	1.00000	0	0.00000	0
586	P	1.00000	0	0.00000	0
587	E	1.00000	0	0.00000	0
588	Q	1.00000	0	0.00000	0
589	A	1.00000	0	0.00000	0
590	L	1.00000	0	0.00000	0
