# UNNAMED
#pos	aa	i	o	M	S
1	M	0.00000	1	0.00000	0
2	D	0.00000	1	0.00000	0
3	G	0.00000	1	0.00000	0
4	V	0.00000	1	0.00000	0
5	N	0.00000	1	0.00000	0
6	D	0.00000	1	0.00000	0
7	S	0.00000	1	0.00000	0
8	S	0.00000	1	0.00000	0
9	L	0.00000	1	0.00000	0
10	Q	0.00000	1	0.00000	0
11	G	0.00000	1	0.00000	0
12	F	0.00000	1	0.00000	0
13	V	0.00000	1	0.00000	0
14	L	0.00000	1	0.00000	0
15	M	0.00000	1	0.00000	0
16	G	0.00000	1	0.00000	0
17	I	0.00000	1	0.00000	0
18	S	0.00000	1	0.00000	0
19	D	0.00000	1	0.00000	0
20	H	0.00000	1	0.00000	0
21	P	0.00000	0.99999	0.00001	0
22	Q	0.00000	0.9999	0.00010	0
23	L	0.00000	0.99855	0.00145	0
24	E	0.00000	0.99634	0.00366	0
25	M	0.00000	0.81328	0.18672	0
26	I	0.00000	0.21155	0.78845	0
27	F	0.00000	0.03211	0.96789	0
28	F	0.00000	0.00762	0.99238	0
29	I	0.00000	0.00136	0.99864	0
30	A	0.00000	0.00123	0.99877	0
31	I	0.00000	2e-05	0.99998	0
32	L	0.00000	0	1.00000	0
33	F	0.00000	0	1.00000	0
34	S	0.00000	0	1.00000	0
35	Y	0.00000	0	1.00000	0
36	L	0.00000	0	1.00000	0
37	L	0.00000	0	1.00000	0
38	T	0.00000	0	1.00000	0
39	L	0.00000	0	1.00000	0
40	L	0.00000	0	1.00000	0
41	G	0.00000	0	1.00000	0
42	N	0.00000	0	1.00000	0
43	S	0.00000	0	1.00000	0
44	T	0.00000	0	1.00000	0
45	I	0.00000	0	1.00000	0
46	I	0.00001	0	0.99999	0
47	L	0.00130	0	0.99870	0
48	L	0.04608	0	0.95392	0
49	S	0.73854	0	0.26146	0
50	R	0.98928	0	0.01072	0
51	L	0.99426	0	0.00574	0
52	E	0.99986	0	0.00014	0
53	A	0.99995	0	0.00005	0
54	R	1.00000	0	0.00000	0
55	L	1.00000	0	0.00000	0
56	H	1.00000	0	0.00000	0
57	T	1.00000	0	0.00000	0
58	P	1.00000	0	0.00000	0
59	M	0.36488	0	0.63512	0
60	Y	0.26624	0	0.73376	0
61	F	0.03370	0	0.96630	0
62	F	0.00048	0	0.99952	0
63	L	0.00001	0	0.99999	0
64	S	0.00000	0	1.00000	0
65	N	0.00000	0	1.00000	0
66	L	0.00000	0	1.00000	0
67	S	0.00000	0	1.00000	0
68	S	0.00000	0	1.00000	0
69	L	0.00000	0	1.00000	0
70	D	0.00000	0	1.00000	0
71	L	0.00000	0	1.00000	0
72	A	0.00000	0	1.00000	0
73	F	0.00000	0	1.00000	0
74	A	0.00000	0	1.00000	0
75	T	0.00000	0	1.00000	0
76	S	0.00000	0	1.00000	0
77	S	0.00000	1e-05	0.99999	0
78	V	0.00000	3e-05	0.99997	0
79	P	0.00000	0.00022	0.99978	0
80	Q	0.00000	0.00155	0.99845	0
81	M	0.00000	0.00269	0.99731	0
82	L	0.00000	0.02949	0.97051	0
83	I	0.00000	0.34904	0.65096	0
84	N	0.00000	0.99994	0.00006	0
85	L	0.00000	0.99997	0.00003	0
86	W	0.00000	0.99999	0.00001	0
87	G	0.00000	0.99999	0.00001	0
88	P	0.00000	1	0.00000	0
89	G	0.00000	1	0.00000	0
90	K	0.00000	1	0.00000	0
91	T	0.00000	1	0.00000	0
92	I	0.00000	1	0.00000	0
93	S	0.00000	1	0.00000	0
94	Y	0.00000	1	0.00000	0
95	G	0.00000	1	0.00000	0
96	G	0.00000	0.99996	0.00004	0
97	C	0.00000	0.99981	0.00019	0
98	I	0.00000	0.98274	0.01726	0
99	T	0.00000	0.95603	0.04397	0
100	Q	0.00000	0.74635	0.25365	0
101	L	0.00000	0.06652	0.93348	0
102	Y	0.00000	0.0175	0.98250	0
103	V	0.00000	0.00134	0.99866	0
104	F	0.00000	2e-05	0.99998	0
105	L	0.00000	0	1.00000	0
106	W	0.00000	0	1.00000	0
107	L	0.00000	0	1.00000	0
108	G	0.00000	0	1.00000	0
109	A	0.00000	0	1.00000	0
110	T	0.00000	0	1.00000	0
111	E	0.00000	0	1.00000	0
112	C	0.00000	0	1.00000	0
113	I	0.00000	0	1.00000	0
114	L	0.00000	0	1.00000	0
115	L	0.00000	0	1.00000	0
116	V	0.00000	0	1.00000	0
117	V	0.00000	0	1.00000	0
118	M	0.00000	0	1.00000	0
119	A	0.00000	0	1.00000	0
120	F	0.00000	0	1.00000	0
121	D	0.00006	0	0.99994	0
122	R	0.01162	0	0.98838	0
123	Y	0.08409	0	0.91591	0
124	V	0.94109	0	0.05891	0
125	A	0.99372	0	0.00628	0
126	V	1.00000	0	0.00000	0
127	C	1.00000	0	0.00000	0
128	R	1.00000	0	0.00000	0
129	P	1.00000	0	0.00000	0
130	L	1.00000	0	0.00000	0
131	R	1.00000	0	0.00000	0
132	Y	1.00000	0	0.00000	0
133	T	1.00000	0	0.00000	0
134	A	1.00000	0	0.00000	0
135	I	0.99999	0	0.00001	0
136	M	0.99997	0	0.00003	0
137	N	0.99993	0	0.00007	0
138	P	0.99933	0	0.00067	0
139	Q	0.98532	0	0.01468	0
140	L	0.46698	0	0.53302	0
141	C	0.01003	0	0.98997	0
142	W	0.00564	0	0.99436	0
143	L	0.00097	0	0.99903	0
144	L	0.00010	0	0.99990	0
145	A	0.00004	0	0.99996	0
146	V	0.00002	0	0.99998	0
147	I	0.00000	0	1.00000	0
148	A	0.00000	0	1.00000	0
149	C	0.00000	0	1.00000	0
150	L	0.00000	0	1.00000	0
151	G	0.00000	0	1.00000	0
152	G	0.00000	0	1.00000	0
153	L	0.00000	0	1.00000	0
154	G	0.00000	0	1.00000	0
155	N	0.00000	0	1.00000	0
156	S	0.00000	1e-05	0.99999	0
157	V	0.00000	1e-05	0.99999	0
158	I	0.00000	0.00019	0.99981	0
159	Q	0.00000	0.02064	0.97936	0
160	S	0.00000	0.09925	0.90075	0
161	T	0.00000	0.20587	0.79413	0
162	F	0.00000	0.32079	0.67921	0
163	T	0.00000	0.7895	0.21050	0
164	L	0.00000	0.91778	0.08222	0
165	Q	0.00000	0.99313	0.00687	0
166	L	0.00000	0.9968	0.00320	0
167	P	0.00000	0.99977	0.00023	0
168	L	0.00000	0.9999	0.00010	0
169	C	0.00000	1	0.00000	0
170	G	0.00000	1	0.00000	0
171	H	0.00000	1	0.00000	0
172	R	0.00000	1	0.00000	0
173	R	0.00000	1	0.00000	0
174	V	0.00000	1	0.00000	0
175	E	0.00000	1	0.00000	0
176	G	0.00000	1	0.00000	0
177	F	0.00000	1	0.00000	0
178	L	0.00000	1	0.00000	0
179	C	0.00000	1	0.00000	0
180	E	0.00000	1	0.00000	0
181	V	0.00000	1	0.00000	0
182	P	0.00000	1	0.00000	0
183	A	0.00000	1	0.00000	0
184	M	0.00000	1	0.00000	0
185	I	0.00000	1	0.00000	0
186	K	0.00000	1	0.00000	0
187	L	0.00000	1	0.00000	0
188	A	0.00000	1	0.00000	0
189	C	0.00000	1	0.00000	0
190	G	0.00000	1	0.00000	0
191	D	0.00000	1	0.00000	0
192	T	0.00000	0.99977	0.00023	0
193	S	0.00000	0.998	0.00200	0
194	L	0.00000	0.9968	0.00320	0
195	N	0.00000	0.96267	0.03733	0
196	Q	0.00000	0.47187	0.52813	0
197	A	0.00000	0.18855	0.81145	0
198	V	0.00000	0.01675	0.98325	0
199	L	0.00000	0.01274	0.98726	0
200	N	0.00000	0.01261	0.98739	0
201	G	0.00000	0.01228	0.98772	0
202	V	0.00000	0.01131	0.98869	0
203	C	0.00000	0.01116	0.98884	0
204	T	0.00000	0.00995	0.99005	0
205	F	0.00000	1e-05	0.99999	0
206	F	0.00000	1e-05	0.99999	0
207	T	0.00000	0	1.00000	0
208	A	0.00000	0	1.00000	0
209	V	0.00000	0	1.00000	0
210	P	0.00000	0	1.00000	0
211	L	0.00000	0	1.00000	0
212	S	0.00000	0	1.00000	0
213	I	0.00000	0	1.00000	0
214	I	0.00000	0	1.00000	0
215	V	0.00000	0	1.00000	0
216	I	0.00003	0	0.99997	0
217	S	0.00036	0	0.99964	0
218	Y	0.00087	0	0.99913	0
219	C	0.00724	0	0.99276	0
220	L	0.03954	0	0.96046	0
221	I	0.15576	0	0.84424	0
222	A	0.51310	0	0.48690	0
223	Q	0.98653	0	0.01347	0
224	A	0.98736	0	0.01264	0
225	V	0.98767	0	0.01233	0
226	L	0.98847	0	0.01153	0
227	K	0.99429	0	0.00571	0
228	I	0.99472	0	0.00528	0
229	R	0.99984	0	0.00016	0
230	S	0.99999	0	0.00001	0
231	A	1.00000	0	0.00000	0
232	E	1.00000	0	0.00000	0
233	G	0.99935	0	0.00065	0
234	R	0.99912	0	0.00088	0
235	R	0.98960	0	0.01040	0
236	K	0.90233	0	0.09767	0
237	A	0.90078	0	0.09922	0
238	F	0.59237	0	0.40763	0
239	N	0.31677	0	0.68323	0
240	T	0.30953	0	0.69047	0
241	C	0.30021	0	0.69979	0
242	L	0.02402	0	0.97598	0
243	S	0.00303	0	0.99697	0
244	H	0.00209	0	0.99791	0
245	L	0.00007	0	0.99993	0
246	L	0.00002	0	0.99998	0
247	V	0.00000	0	1.00000	0
248	V	0.00000	0	1.00000	0
249	F	0.00000	0	1.00000	0
250	L	0.00000	0	1.00000	0
251	F	0.00000	0	1.00000	0
252	Y	0.00000	0	1.00000	0
253	G	0.00000	3e-05	0.99997	0
254	S	0.00000	0.0001	0.99990	0
255	A	0.00000	0.00028	0.99972	0
256	S	0.00000	0.00273	0.99727	0
257	Y	0.00000	0.00666	0.99334	0
258	G	0.00000	0.01	0.99000	0
259	Y	0.00000	0.01466	0.98534	0
260	L	0.00000	0.02812	0.97188	0
261	L	0.00000	0.08707	0.91293	0
262	P	0.00000	0.5539	0.44610	0
263	A	0.00000	0.60817	0.39183	0
264	K	0.00000	0.99783	0.00217	0
265	N	0.00000	0.99959	0.00041	0
266	S	0.00000	0.99985	0.00015	0
267	K	0.00000	0.99999	0.00001	0
268	Q	0.00000	0.99987	0.00013	0
269	D	0.00000	0.99889	0.00111	0
270	Q	0.00000	0.95945	0.04055	0
271	G	0.00000	0.93985	0.06015	0
272	K	0.00000	0.65793	0.34207	0
273	F	0.00000	0.03155	0.96845	0
274	I	0.00000	2e-05	0.99998	0
275	S	0.00000	0	1.00000	0
276	L	0.00000	0	1.00000	0
277	F	0.00000	0	1.00000	0
278	Y	0.00000	0	1.00000	0
279	S	0.00000	0	1.00000	0
280	L	0.00000	0	1.00000	0
281	V	0.00000	0	1.00000	0
282	T	0.00000	0	1.00000	0
283	P	0.00000	0	1.00000	0
284	M	0.00000	0	1.00000	0
285	V	0.00000	0	1.00000	0
286	N	0.00000	0	1.00000	0
287	P	0.00000	0	1.00000	0
288	L	0.00000	0	1.00000	0
289	I	0.00002	0	0.99998	0
290	Y	0.00035	0	0.99965	0
291	T	0.00315	0	0.99685	0
292	L	0.01946	0	0.98054	0
293	R	1.00000	0	0.00000	0
294	N	1.00000	0	0.00000	0
295	M	1.00000	0	0.00000	0
296	E	1.00000	0	0.00000	0
297	V	1.00000	0	0.00000	0
298	K	1.00000	0	0.00000	0
299	G	1.00000	0	0.00000	0
300	A	1.00000	0	0.00000	0
301	L	1.00000	0	0.00000	0
302	R	1.00000	0	0.00000	0
303	R	1.00000	0	0.00000	0
304	L	1.00000	0	0.00000	0
305	L	1.00000	0	0.00000	0
306	G	1.00000	0	0.00000	0
307	K	1.00000	0	0.00000	0
308	G	1.00000	0	0.00000	0
309	R	1.00000	0	0.00000	0
310	E	1.00000	0	0.00000	0
311	V	1.00000	0	0.00000	0
312	G	1.00000	0	0.00000	0
