# UNNAMED
#pos	aa	i	o	M	S
1	M	0.00000	0	0.00000	1
2	S	0.00000	0	0.00000	1
3	T	0.00000	0	0.00000	1
4	M	0.00000	0	0.00000	0.99999
5	R	0.00000	0	0.00000	1
6	L	0.00000	0	0.00000	0.99999
7	L	0.00000	0	0.00000	0.99999
8	T	0.00000	0	0.00000	1
9	L	0.00000	0	0.00000	0.99999
10	A	0.00000	0	0.00000	1
11	L	0.00000	0	0.00000	1
12	L	0.00000	0	0.00000	0.99999
13	F	0.00000	0	0.00000	0.99999
14	S	0.00000	0	0.00000	1
15	C	0.00000	0	0.00000	1
16	S	0.00000	0	0.00000	1
17	V	0.00000	1e-05	0.00000	0.99999
18	A	0.00000	1e-05	0.00000	0.99999
19	R	0.00000	3e-05	0.00000	0.99997
20	A	0.00000	3e-05	0.00000	0.99997
21	A	0.00000	0.9879	0.00000	0.0121
22	C	0.00000	0.98791	0.00000	0.01208
23	D	0.00000	0.99999	0.00000	1e-05
24	P	0.00000	0.99999	0.00000	1e-05
25	K	0.00000	1	0.00000	0
26	I	0.00000	1	0.00000	0
27	V	0.00000	1	0.00000	0
28	N	0.00000	1	0.00000	0
29	I	0.00000	1	0.00000	0
30	G	0.00000	1	0.00000	0
31	A	0.00000	1	0.00000	0
32	V	0.00000	1	0.00000	0
33	L	0.00000	1	0.00000	0
34	S	0.00000	1	0.00000	0
35	T	0.00000	1	0.00000	0
36	R	0.00000	1	0.00000	0
37	K	0.00000	1	0.00000	0
38	H	0.00000	1	0.00000	0
39	E	0.00000	1	0.00000	0
40	Q	0.00000	1	0.00000	0
41	M	0.00000	1	0.00000	0
42	F	0.00000	1	0.00000	0
43	R	0.00000	1	0.00000	0
44	E	0.00000	1	0.00000	0
45	A	0.00000	1	0.00000	0
46	V	0.00000	1	0.00000	0
47	N	0.00000	1	0.00000	0
48	Q	0.00000	1	0.00000	0
49	A	0.00000	1	0.00000	0
50	N	0.00000	1	0.00000	0
51	K	0.00000	1	0.00000	0
52	R	0.00000	1	0.00000	0
53	H	0.00000	1	0.00000	0
54	G	0.00000	1	0.00000	0
55	S	0.00000	1	0.00000	0
56	W	0.00000	1	0.00000	0
57	K	0.00000	1	0.00000	0
58	I	0.00000	1	0.00000	0
59	Q	0.00000	1	0.00000	0
60	L	0.00000	1	0.00000	0
61	N	0.00000	1	0.00000	0
62	A	0.00000	1	0.00000	0
63	T	0.00000	1	0.00000	0
64	S	0.00000	1	0.00000	0
65	V	0.00000	1	0.00000	0
66	T	0.00000	1	0.00000	0
67	H	0.00000	1	0.00000	0
68	K	0.00000	1	0.00000	0
69	P	0.00000	1	0.00000	0
70	N	0.00000	1	0.00000	0
71	A	0.00000	1	0.00000	0
72	I	0.00000	1	0.00000	0
73	Q	0.00000	1	0.00000	0
74	M	0.00000	1	0.00000	0
75	A	0.00000	1	0.00000	0
76	L	0.00000	1	0.00000	0
77	S	0.00000	1	0.00000	0
78	V	0.00000	1	0.00000	0
79	C	0.00000	1	0.00000	0
80	E	0.00000	1	0.00000	0
81	D	0.00000	1	0.00000	0
82	L	0.00000	1	0.00000	0
83	I	0.00000	1	0.00000	0
84	S	0.00000	1	0.00000	0
85	S	0.00000	1	0.00000	0
86	Q	0.00000	1	0.00000	0
87	V	0.00000	1	0.00000	0
88	Y	0.00000	1	0.00000	0
89	A	0.00000	1	0.00000	0
90	I	0.00000	1	0.00000	0
91	L	0.00000	1	0.00000	0
92	V	0.00000	1	0.00000	0
93	S	0.00000	1	0.00000	0
94	H	0.00000	1	0.00000	0
95	P	0.00000	1	0.00000	0
96	P	0.00000	1	0.00000	0
97	T	0.00000	1	0.00000	0
98	P	0.00000	1	0.00000	0
99	N	0.00000	1	0.00000	0
100	D	0.00000	1	0.00000	0
101	H	0.00000	1	0.00000	0
102	F	0.00000	1	0.00000	0
103	T	0.00000	1	0.00000	0
104	P	0.00000	1	0.00000	0
105	T	0.00000	1	0.00000	0
106	P	0.00000	1	0.00000	0
107	V	0.00000	1	0.00000	0
108	S	0.00000	1	0.00000	0
109	Y	0.00000	1	0.00000	0
110	T	0.00000	1	0.00000	0
111	A	0.00000	1	0.00000	0
112	G	0.00000	1	0.00000	0
113	F	0.00000	1	0.00000	0
114	Y	0.00000	1	0.00000	0
115	R	0.00000	1	0.00000	0
116	I	0.00000	1	0.00000	0
117	P	0.00000	1	0.00000	0
118	V	0.00000	1	0.00000	0
119	L	0.00000	1	0.00000	0
120	G	0.00000	1	0.00000	0
121	L	0.00000	1	0.00000	0
122	T	0.00000	1	0.00000	0
123	T	0.00000	1	0.00000	0
124	R	0.00000	1	0.00000	0
125	M	0.00000	1	0.00000	0
126	S	0.00000	1	0.00000	0
127	I	0.00000	1	0.00000	0
128	Y	0.00000	1	0.00000	0
129	S	0.00000	1	0.00000	0
130	D	0.00000	1	0.00000	0
131	K	0.00000	1	0.00000	0
132	S	0.00000	1	0.00000	0
133	I	0.00000	1	0.00000	0
134	H	0.00000	1	0.00000	0
135	L	0.00000	1	0.00000	0
136	S	0.00000	1	0.00000	0
137	F	0.00000	1	0.00000	0
138	L	0.00000	1	0.00000	0
139	R	0.00000	1	0.00000	0
140	T	0.00000	1	0.00000	0
141	V	0.00000	1	0.00000	0
142	P	0.00000	1	0.00000	0
143	P	0.00000	1	0.00000	0
144	Y	0.00000	1	0.00000	0
145	S	0.00000	1	0.00000	0
146	H	0.00000	1	0.00000	0
147	Q	0.00000	1	0.00000	0
148	S	0.00000	1	0.00000	0
149	S	0.00000	1	0.00000	0
150	V	0.00000	1	0.00000	0
151	W	0.00000	1	0.00000	0
152	F	0.00000	1	0.00000	0
153	E	0.00000	1	0.00000	0
154	M	0.00000	1	0.00000	0
155	M	0.00000	1	0.00000	0
156	R	0.00000	1	0.00000	0
157	V	0.00000	1	0.00000	0
158	Y	0.00000	1	0.00000	0
159	S	0.00000	1	0.00000	0
160	W	0.00000	1	0.00000	0
161	N	0.00000	1	0.00000	0
162	H	0.00000	1	0.00000	0
163	I	0.00000	1	0.00000	0
164	I	0.00000	1	0.00000	0
165	L	0.00000	1	0.00000	0
166	L	0.00000	1	0.00000	0
167	V	0.00000	1	0.00000	0
168	S	0.00000	1	0.00000	0
169	D	0.00000	1	0.00000	0
170	D	0.00000	1	0.00000	0
171	H	0.00000	1	0.00000	0
172	E	0.00000	1	0.00000	0
173	G	0.00000	1	0.00000	0
174	R	0.00000	1	0.00000	0
175	A	0.00000	1	0.00000	0
176	A	0.00000	1	0.00000	0
177	Q	0.00000	1	0.00000	0
178	K	0.00000	1	0.00000	0
179	R	0.00000	1	0.00000	0
180	L	0.00000	1	0.00000	0
181	E	0.00000	1	0.00000	0
182	T	0.00000	1	0.00000	0
183	L	0.00000	1	0.00000	0
184	L	0.00000	1	0.00000	0
185	E	0.00000	1	0.00000	0
186	E	0.00000	1	0.00000	0
187	R	0.00000	1	0.00000	0
188	E	0.00000	1	0.00000	0
189	S	0.00000	1	0.00000	0
190	K	0.00000	1	0.00000	0
191	S	0.00000	1	0.00000	0
192	K	0.00000	1	0.00000	0
193	K	0.00000	1	0.00000	0
194	R	0.00000	1	0.00000	0
195	N	0.00000	1	0.00000	0
196	Y	0.00000	1	0.00000	0
197	E	0.00000	1	0.00000	0
198	N	0.00000	1	0.00000	0
199	L	0.00000	1	0.00000	0
200	D	0.00000	1	0.00000	0
201	Q	0.00000	1	0.00000	0
202	L	0.00000	1	0.00000	0
203	S	0.00000	1	0.00000	0
204	Y	0.00000	1	0.00000	0
205	D	0.00000	1	0.00000	0
206	N	0.00000	1	0.00000	0
207	K	0.00000	1	0.00000	0
208	R	0.00000	1	0.00000	0
209	G	0.00000	1	0.00000	0
210	P	0.00000	1	0.00000	0
211	K	0.00000	1	0.00000	0
212	A	0.00000	1	0.00000	0
213	E	0.00000	1	0.00000	0
214	K	0.00000	1	0.00000	0
215	V	0.00000	1	0.00000	0
216	L	0.00000	1	0.00000	0
217	Q	0.00000	1	0.00000	0
218	F	0.00000	1	0.00000	0
219	D	0.00000	1	0.00000	0
220	P	0.00000	1	0.00000	0
221	G	0.00000	1	0.00000	0
222	T	0.00000	1	0.00000	0
223	K	0.00000	1	0.00000	0
224	N	0.00000	1	0.00000	0
225	V	0.00000	1	0.00000	0
226	T	0.00000	1	0.00000	0
227	A	0.00000	1	0.00000	0
228	L	0.00000	1	0.00000	0
229	L	0.00000	1	0.00000	0
230	M	0.00000	1	0.00000	0
231	E	0.00000	1	0.00000	0
232	A	0.00000	1	0.00000	0
233	K	0.00000	1	0.00000	0
234	E	0.00000	1	0.00000	0
235	L	0.00000	1	0.00000	0
236	E	0.00000	1	0.00000	0
237	A	0.00000	1	0.00000	0
238	R	0.00000	1	0.00000	0
239	V	0.00000	1	0.00000	0
240	I	0.00000	1	0.00000	0
241	I	0.00000	1	0.00000	0
242	L	0.00000	1	0.00000	0
243	S	0.00000	1	0.00000	0
244	A	0.00000	1	0.00000	0
245	S	0.00000	1	0.00000	0
246	E	0.00000	1	0.00000	0
247	D	0.00000	1	0.00000	0
248	D	0.00000	1	0.00000	0
249	A	0.00000	1	0.00000	0
250	A	0.00000	1	0.00000	0
251	T	0.00000	1	0.00000	0
252	V	0.00000	1	0.00000	0
253	Y	0.00000	1	0.00000	0
254	R	0.00000	1	0.00000	0
255	A	0.00000	1	0.00000	0
256	A	0.00000	1	0.00000	0
257	A	0.00000	1	0.00000	0
258	M	0.00000	1	0.00000	0
259	L	0.00000	1	0.00000	0
260	N	0.00000	1	0.00000	0
261	M	0.00000	1	0.00000	0
262	T	0.00000	1	0.00000	0
263	G	0.00000	1	0.00000	0
264	S	0.00000	1	0.00000	0
265	G	0.00000	1	0.00000	0
266	Y	0.00000	1	0.00000	0
267	V	0.00000	1	0.00000	0
268	W	0.00000	1	0.00000	0
269	L	0.00000	1	0.00000	0
270	V	0.00000	1	0.00000	0
271	G	0.00000	1	0.00000	0
272	E	0.00000	1	0.00000	0
273	R	0.00000	1	0.00000	0
274	E	0.00000	1	0.00000	0
275	I	0.00000	1	0.00000	0
276	S	0.00000	1	0.00000	0
277	G	0.00000	1	0.00000	0
278	N	0.00000	1	0.00000	0
279	A	0.00000	1	0.00000	0
280	L	0.00000	1	0.00000	0
281	R	0.00000	1	0.00000	0
282	Y	0.00000	1	0.00000	0
283	A	0.00000	1	0.00000	0
284	P	0.00000	1	0.00000	0
285	D	0.00000	1	0.00000	0
286	G	0.00000	1	0.00000	0
287	I	0.00000	1	0.00000	0
288	L	0.00000	1	0.00000	0
289	G	0.00000	1	0.00000	0
290	L	0.00000	1	0.00000	0
291	Q	0.00000	1	0.00000	0
292	L	0.00000	1	0.00000	0
293	I	0.00000	1	0.00000	0
294	N	0.00000	1	0.00000	0
295	G	0.00000	1	0.00000	0
296	K	0.00000	1	0.00000	0
297	N	0.00000	1	0.00000	0
298	E	0.00000	1	0.00000	0
299	S	0.00000	1	0.00000	0
300	A	0.00000	1	0.00000	0
301	H	0.00000	1	0.00000	0
302	I	0.00000	1	0.00000	0
303	S	0.00000	1	0.00000	0
304	D	0.00000	1	0.00000	0
305	A	0.00000	1	0.00000	0
306	V	0.00000	1	0.00000	0
307	G	0.00000	1	0.00000	0
308	V	0.00000	1	0.00000	0
309	V	0.00000	1	0.00000	0
310	A	0.00000	1	0.00000	0
311	Q	0.00000	1	0.00000	0
312	A	0.00000	1	0.00000	0
313	V	0.00000	1	0.00000	0
314	H	0.00000	1	0.00000	0
315	E	0.00000	1	0.00000	0
316	L	0.00000	1	0.00000	0
317	L	0.00000	1	0.00000	0
318	E	0.00000	1	0.00000	0
319	K	0.00000	1	0.00000	0
320	E	0.00000	1	0.00000	0
321	N	0.00000	1	0.00000	0
322	I	0.00000	1	0.00000	0
323	T	0.00000	1	0.00000	0
324	D	0.00000	1	0.00000	0
325	P	0.00000	1	0.00000	0
326	P	0.00000	1	0.00000	0
327	R	0.00000	1	0.00000	0
328	G	0.00000	1	0.00000	0
329	C	0.00000	1	0.00000	0
330	V	0.00000	1	0.00000	0
331	G	0.00000	1	0.00000	0
332	N	0.00000	1	0.00000	0
333	T	0.00000	1	0.00000	0
334	N	0.00000	1	0.00000	0
335	I	0.00000	1	0.00000	0
336	W	0.00000	1	0.00000	0
337	K	0.00000	1	0.00000	0
338	T	0.00000	1	0.00000	0
339	G	0.00000	1	0.00000	0
340	P	0.00000	1	0.00000	0
341	L	0.00000	1	0.00000	0
342	F	0.00000	1	0.00000	0
343	K	0.00000	1	0.00000	0
344	R	0.00000	1	0.00000	0
345	V	0.00000	1	0.00000	0
346	L	0.00000	1	0.00000	0
347	M	0.00000	1	0.00000	0
348	S	0.00000	1	0.00000	0
349	S	0.00000	1	0.00000	0
350	K	0.00000	1	0.00000	0
351	Y	0.00000	1	0.00000	0
352	A	0.00000	1	0.00000	0
353	D	0.00000	1	0.00000	0
354	G	0.00000	1	0.00000	0
355	V	0.00000	1	0.00000	0
356	T	0.00000	1	0.00000	0
357	G	0.00000	1	0.00000	0
358	R	0.00000	1	0.00000	0
359	V	0.00000	1	0.00000	0
360	E	0.00000	1	0.00000	0
361	F	0.00000	1	0.00000	0
362	N	0.00000	1	0.00000	0
363	E	0.00000	1	0.00000	0
364	D	0.00000	1	0.00000	0
365	G	0.00000	1	0.00000	0
366	D	0.00000	1	0.00000	0
367	R	0.00000	1	0.00000	0
368	K	0.00000	1	0.00000	0
369	F	0.00000	1	0.00000	0
370	A	0.00000	1	0.00000	0
371	N	0.00000	1	0.00000	0
372	Y	0.00000	1	0.00000	0
373	S	0.00000	1	0.00000	0
374	I	0.00000	1	0.00000	0
375	M	0.00000	1	0.00000	0
376	N	0.00000	1	0.00000	0
377	L	0.00000	1	0.00000	0
378	Q	0.00000	1	0.00000	0
379	N	0.00000	1	0.00000	0
380	R	0.00000	1	0.00000	0
381	K	0.00000	1	0.00000	0
382	L	0.00000	1	0.00000	0
383	V	0.00000	1	0.00000	0
384	Q	0.00000	1	0.00000	0
385	V	0.00000	1	0.00000	0
386	G	0.00000	1	0.00000	0
387	I	0.00000	1	0.00000	0
388	Y	0.00000	1	0.00000	0
389	N	0.00000	1	0.00000	0
390	G	0.00000	1	0.00000	0
391	T	0.00000	1	0.00000	0
392	H	0.00000	1	0.00000	0
393	V	0.00000	1	0.00000	0
394	I	0.00000	1	0.00000	0
395	P	0.00000	1	0.00000	0
396	N	0.00000	1	0.00000	0
397	D	0.00000	1	0.00000	0
398	R	0.00000	1	0.00000	0
399	K	0.00000	1	0.00000	0
400	I	0.00000	1	0.00000	0
401	I	0.00000	1	0.00000	0
402	W	0.00000	1	0.00000	0
403	P	0.00000	1	0.00000	0
404	G	0.00000	1	0.00000	0
405	G	0.00000	1	0.00000	0
406	E	0.00000	1	0.00000	0
407	T	0.00000	1	0.00000	0
408	E	0.00000	1	0.00000	0
409	K	0.00000	1	0.00000	0
410	P	0.00000	1	0.00000	0
411	R	0.00000	1	0.00000	0
412	G	0.00000	1	0.00000	0
413	Y	0.00000	1	0.00000	0
414	Q	0.00000	1	0.00000	0
415	M	0.00000	1	0.00000	0
416	S	0.00000	1	0.00000	0
417	T	0.00000	1	0.00000	0
418	R	0.00000	1	0.00000	0
419	L	0.00000	1	0.00000	0
420	K	0.00000	1	0.00000	0
421	I	0.00000	1	0.00000	0
422	V	0.00000	1	0.00000	0
423	T	0.00000	1	0.00000	0
424	I	0.00000	1	0.00000	0
425	H	0.00000	1	0.00000	0
426	Q	0.00000	1	0.00000	0
427	E	0.00000	1	0.00000	0
428	P	0.00000	1	0.00000	0
429	F	0.00000	1	0.00000	0
430	V	0.00000	1	0.00000	0
431	Y	0.00000	1	0.00000	0
432	V	0.00000	1	0.00000	0
433	K	0.00000	1	0.00000	0
434	P	0.00000	1	0.00000	0
435	T	0.00000	1	0.00000	0
436	L	0.00000	1	0.00000	0
437	S	0.00000	1	0.00000	0
438	D	0.00000	1	0.00000	0
439	G	0.00000	1	0.00000	0
440	T	0.00000	1	0.00000	0
441	C	0.00000	1	0.00000	0
442	K	0.00000	1	0.00000	0
443	E	0.00000	1	0.00000	0
444	E	0.00000	1	0.00000	0
445	F	0.00000	1	0.00000	0
446	T	0.00000	1	0.00000	0
447	V	0.00000	1	0.00000	0
448	N	0.00000	1	0.00000	0
449	G	0.00000	1	0.00000	0
450	D	0.00000	1	0.00000	0
451	P	0.00000	1	0.00000	0
452	V	0.00000	1	0.00000	0
453	K	0.00000	1	0.00000	0
454	K	0.00000	1	0.00000	0
455	V	0.00000	1	0.00000	0
456	I	0.00000	1	0.00000	0
457	C	0.00000	1	0.00000	0
458	T	0.00000	1	0.00000	0
459	G	0.00000	1	0.00000	0
460	P	0.00000	1	0.00000	0
461	N	0.00000	1	0.00000	0
462	D	0.00000	1	0.00000	0
463	T	0.00000	1	0.00000	0
464	S	0.00000	1	0.00000	0
465	P	0.00000	1	0.00000	0
466	G	0.00000	1	0.00000	0
467	S	0.00000	1	0.00000	0
468	P	0.00000	1	0.00000	0
469	R	0.00000	1	0.00000	0
470	H	0.00000	0.99996	0.00004	0
471	T	0.00000	0.99994	0.00006	0
472	V	0.00000	0.99994	0.00006	0
473	P	0.00000	0.99983	0.00017	0
474	Q	0.00000	0.99957	0.00043	0
475	C	0.00000	0.99575	0.00425	0
476	C	0.00000	0.98997	0.01003	0
477	Y	0.00000	0.85953	0.14047	0
478	G	0.00000	0.85953	0.14047	0
479	F	0.00000	0.85953	0.14047	0
480	C	0.00000	0.85953	0.14047	0
481	I	0.00000	0.85953	0.14047	0
482	D	0.00000	0.85953	0.14047	0
483	L	0.00000	0.38497	0.61503	0
484	L	0.00000	0.32404	0.67596	0
485	I	0.00000	0.23602	0.76398	0
486	K	0.00000	0.22161	0.77839	0
487	L	0.00000	0.03479	0.96521	0
488	A	0.00000	0.0319	0.96810	0
489	R	0.00000	0.03093	0.96907	0
490	T	0.00000	0.02331	0.97669	0
491	M	0.00000	0.00779	0.99221	0
492	N	0.00000	0.00751	0.99249	0
493	F	0.00000	0.00583	0.99417	0
494	T	0.00000	0.00401	0.99599	0
495	Y	0.00000	0.00385	0.99615	0
496	E	0.00000	0.00384	0.99616	0
497	V	0.00000	0.00383	0.99617	0
498	H	0.00000	0.00383	0.99617	0
499	L	0.00004	0.00383	0.99613	0
500	V	0.00491	0.00383	0.99126	0
501	A	0.00802	0.00383	0.98816	0
502	D	0.45138	0.00383	0.54479	0
503	G	0.54566	0.00383	0.45051	0
504	K	0.56490	0.00383	0.43128	0
505	F	0.56849	0.00383	0.42768	0
506	G	0.65247	0.00383	0.34370	0
507	T	0.80496	0.00383	0.19121	0
508	Q	0.94253	0.00383	0.05364	0
509	E	0.99139	0.00383	0.00478	0
510	R	0.99169	0.00383	0.00448	0
511	V	0.99173	0.00383	0.00444	0
512	N	0.99373	0.00383	0.00244	0
513	N	0.99499	0.00383	0.00118	0
514	S	0.99553	0.00383	0.00064	0
515	N	0.99577	0.00383	0.00040	0
516	K	0.99492	0.00383	0.00125	0
517	K	0.99014	0.00383	0.00603	0
518	E	0.86641	0.00383	0.12976	0
519	W	0.12366	0.00382	0.87252	0
520	N	0.02426	0.00382	0.97192	0
521	G	0.01264	0.00382	0.98354	0
522	M	0.00069	0.00382	0.99549	0
523	M	0.00000	0.00382	0.99618	0
524	G	0.00000	0.00382	0.99618	0
525	E	0.00000	0.00382	0.99618	0
526	L	0.00000	0.00382	0.99618	0
527	L	0.00000	0.00382	0.99618	0
528	S	0.00000	0.00382	0.99618	0
529	G	0.00000	0.00382	0.99618	0
530	Q	0.00000	0.00382	0.99618	0
531	A	0.00000	0.00382	0.99618	0
532	D	0.00000	0.00382	0.99618	0
533	M	0.00000	0.00382	0.99618	0
534	I	0.00000	0.00382	0.99618	0
535	V	0.00000	0.00382	0.99618	0
536	A	0.00000	0.00384	0.99616	0
537	P	0.00000	0.00424	0.99576	0
538	L	0.00000	0.03591	0.96409	0
539	T	0.00000	0.25163	0.74837	0
540	I	0.00000	0.37841	0.62158	0
541	N	0.00001	0.89926	0.10073	0
542	N	0.00001	0.99998	0.00001	0
543	E	0.00001	0.99999	0.00000	0
544	R	0.00001	0.99996	0.00003	0
545	A	0.00001	0.99986	0.00013	0
546	Q	0.00001	0.9998	0.00019	0
547	Y	0.00001	0.99973	0.00026	0
548	I	0.00000	0.99967	0.00033	0
549	E	0.00000	0.99966	0.00034	0
550	F	0.00000	0.99961	0.00039	0
551	S	0.00000	0.99961	0.00039	0
552	K	0.00000	0.9996	0.00040	0
553	P	0.00000	0.99931	0.00069	0
554	F	0.00000	0.99922	0.00078	0
555	K	0.00000	0.99921	0.00079	0
556	Y	0.00000	0.99918	0.00082	0
557	Q	0.00000	0.99918	0.00082	0
558	G	0.00000	0.99917	0.00083	0
559	L	0.00000	0.99917	0.00083	0
560	T	0.00000	0.99917	0.00083	0
561	I	0.00000	0.99916	0.00084	0
562	L	0.00000	0.99916	0.00084	0
563	V	0.00000	0.99916	0.00083	0
564	K	0.00006	0.99917	0.00078	0
565	K	0.00009	0.99917	0.00075	0
566	E	0.00011	0.99917	0.00073	0
567	I	0.00011	0.99915	0.00074	0
568	P	0.00033	0.99915	0.00052	0
569	R	0.00038	0.99914	0.00048	0
570	S	0.00039	0.99913	0.00049	0
571	T	0.00039	0.99903	0.00059	0
572	L	0.00041	0.99878	0.00081	0
573	D	0.00074	0.99803	0.00123	0
574	S	0.00077	0.99453	0.00471	0
575	F	0.00077	0.96929	0.02994	0
576	M	0.00078	0.91712	0.08210	0
577	Q	0.00082	0.91108	0.08810	0
578	P	0.00082	0.89869	0.10049	0
579	F	0.00073	0.56603	0.43323	0
580	Q	0.00072	0.54541	0.45387	0
581	S	0.00066	0.49445	0.50489	0
582	T	0.00048	0.3936	0.60592	0
583	L	0.00010	0.05591	0.94399	0
584	W	0.00007	0.0172	0.98272	0
585	L	0.00002	0.00311	0.99687	0
586	L	0.00001	0.00297	0.99702	0
587	V	0.00002	0.00296	0.99701	0
588	G	0.00002	0.00296	0.99701	0
589	L	0.00002	0.00296	0.99702	0
590	S	0.00002	0.00296	0.99702	0
591	V	0.00001	0.00296	0.99702	0
592	H	0.00001	0.00296	0.99703	0
593	V	0.00000	0.00296	0.99703	0
594	V	0.00002	0.00296	0.99702	0
595	A	0.00026	0.00296	0.99677	0
596	V	0.00382	0.00296	0.99322	0
597	M	0.02025	0.00296	0.97679	0
598	L	0.02069	0.00297	0.97635	0
599	Y	0.02258	0.00297	0.97445	0
600	L	0.02625	0.00298	0.97077	0
601	L	0.04404	0.00303	0.95292	0
602	D	0.04755	0.00334	0.94911	0
603	R	0.36565	0.00337	0.63098	0
604	F	0.70314	0.00338	0.29348	0
605	S	0.92773	0.00342	0.06885	0
606	P	0.99619	0.00343	0.00038	0
607	F	0.99619	0.00345	0.00036	0
608	G	0.99619	0.00368	0.00012	0
609	R	0.99619	0.00377	0.00003	0
610	F	0.99619	0.00378	0.00003	0
611	K	0.99619	0.00381	0.00000	0
612	V	0.99618	0.00381	0.00001	0
613	N	0.99618	0.00381	0.00001	0
614	S	0.99615	0.00381	0.00004	0
615	E	0.99612	0.00381	0.00008	0
616	E	0.99506	0.00381	0.00113	0
617	E	0.99309	0.00381	0.00310	0
618	E	0.98637	0.00381	0.00982	0
619	E	0.97237	0.00381	0.02383	0
620	D	0.87469	0.00338	0.12193	0
621	A	0.05773	0.00301	0.93926	0
622	L	0.00137	0.00296	0.99567	0
623	T	0.00013	0.00295	0.99691	0
624	L	0.00001	0.00295	0.99704	0
625	S	0.00000	0.00294	0.99706	0
626	S	0.00000	0.00292	0.99708	0
627	A	0.00000	0.00289	0.99711	0
628	M	0.00000	0.00149	0.99851	0
629	W	0.00000	0.00018	0.99982	0
630	F	0.00000	2e-05	0.99998	0
631	S	0.00000	1e-05	0.99999	0
632	W	0.00000	0	1.00000	0
633	G	0.00000	1e-05	0.99999	0
634	V	0.00000	1e-05	0.99999	0
635	L	0.00000	1e-05	0.99999	0
636	L	0.00000	0.00013	0.99987	0
637	N	0.00000	0.00411	0.99589	0
638	S	0.00000	0.00702	0.99298	0
639	G	0.00001	0.02527	0.97472	0
640	I	0.00011	0.08525	0.91464	0
641	G	0.00015	0.81251	0.18734	0
642	E	0.00018	0.99493	0.00489	0
643	G	0.00068	0.99596	0.00336	0
644	A	0.00079	0.99607	0.00314	0
645	P	0.00087	0.99619	0.00294	0
646	R	0.00087	0.99619	0.00294	0
647	S	0.00087	0.99619	0.00294	0
648	F	0.00088	0.99619	0.00293	0
649	S	0.00185	0.99619	0.00196	0
650	A	0.00228	0.99618	0.00154	0
651	R	0.00375	0.99615	0.00010	0
652	I	0.00374	0.99002	0.00623	0
653	L	0.00376	0.94666	0.04958	0
654	G	0.00376	0.25164	0.74460	0
655	M	0.00370	0.13951	0.85679	0
656	V	0.00335	0.076	0.92065	0
657	W	0.00328	0.00167	0.99505	0
658	A	0.00305	8e-05	0.99687	0
659	G	0.00251	3e-05	0.99745	0
660	F	0.00010	0	0.99990	0
661	A	0.00002	0	0.99998	0
662	M	0.00000	0	1.00000	0
663	I	0.00000	0	1.00000	0
664	I	0.00000	0	1.00000	0
665	V	0.00000	0	1.00000	0
666	A	0.00000	0	1.00000	0
667	S	0.00000	0	1.00000	0
668	Y	0.00000	0	1.00000	0
669	T	0.00000	0	1.00000	0
670	A	0.00000	0	1.00000	0
671	N	0.00000	0	1.00000	0
672	L	0.00000	0	1.00000	0
673	A	0.00000	0	0.99999	0
674	A	0.00001	0	0.99999	0
675	F	0.00003	1e-05	0.99996	0
676	L	0.00112	3e-05	0.99885	0
677	V	0.02081	0.00014	0.97905	0
678	L	0.17713	0.00039	0.82248	0
679	D	0.97855	0.00231	0.01914	0
680	R	0.99501	0.00291	0.00208	0
681	P	0.99612	0.00308	0.00080	0
682	E	0.99619	0.00375	0.00006	0
683	E	0.99619	0.00379	0.00002	0
684	R	0.99619	0.00379	0.00001	0
685	I	0.99619	0.0038	0.00001	0
686	T	0.99619	0.00381	0.00000	0
687	G	0.99619	0.00381	0.00000	0
688	I	0.99619	0.00381	0.00000	0
689	N	0.99619	0.00381	0.00000	0
690	D	0.99619	0.00381	0.00000	0
691	P	0.99619	0.00381	0.00000	0
692	R	0.99619	0.0038	0.00000	0
693	L	0.99619	0.00312	0.00069	0
694	R	0.99619	0.00311	0.00070	0
695	N	0.99619	0.00311	0.00070	0
696	P	0.99619	0.00311	0.00071	0
697	S	0.99619	0.00311	0.00071	0
698	D	0.99619	0.00311	0.00071	0
699	K	0.99618	0.0031	0.00071	0
700	F	0.99618	0.0031	0.00072	0
701	I	0.99618	0.00298	0.00084	0
702	Y	0.99618	0.00298	0.00084	0
703	A	0.99618	0.00298	0.00084	0
704	T	0.99618	0.00298	0.00084	0
705	V	0.99618	0.00298	0.00084	0
706	K	0.99618	0.00298	0.00084	0
707	Q	0.99618	0.00298	0.00084	0
708	S	0.99618	0.00298	0.00084	0
709	S	0.99618	0.00298	0.00084	0
710	V	0.99618	0.00298	0.00084	0
711	D	0.99618	0.00298	0.00084	0
712	I	0.99618	0.00298	0.00084	0
713	Y	0.99618	0.00298	0.00084	0
714	F	0.99618	0.00298	0.00084	0
715	R	0.99677	0.00298	0.00025	0
716	R	0.99687	0.00298	0.00015	0
717	Q	0.99688	0.00298	0.00014	0
718	V	0.99688	0.00298	0.00014	0
719	E	0.99688	0.00299	0.00013	0
720	L	0.99688	0.00299	0.00013	0
721	S	0.99689	0.00296	0.00015	0
722	T	0.99689	0.00159	0.00152	0
723	M	0.99689	2e-05	0.00308	0
724	Y	0.99690	2e-05	0.00307	0
725	R	0.99700	3e-05	0.00298	0
726	H	0.99700	3e-05	0.00297	0
727	M	0.99700	3e-05	0.00297	0
728	E	0.99701	3e-05	0.00296	0
729	K	0.99701	3e-05	0.00296	0
730	H	0.99701	3e-05	0.00296	0
731	N	0.99701	3e-05	0.00296	0
732	Y	0.99701	3e-05	0.00296	0
733	E	0.99701	3e-05	0.00296	0
734	S	0.99701	3e-05	0.00296	0
735	A	0.99701	3e-05	0.00296	0
736	A	0.99701	3e-05	0.00296	0
737	E	0.99701	3e-05	0.00296	0
738	A	0.99129	2e-05	0.00869	0
739	I	0.83536	2e-05	0.16462	0
740	Q	0.83536	2e-05	0.16462	0
741	A	0.83536	2e-05	0.16462	0
742	V	0.83536	2e-05	0.16462	0
743	R	0.83536	2e-05	0.16462	0
744	D	0.83539	2e-05	0.16459	0
745	N	0.83816	2e-05	0.16182	0
746	K	0.83819	2e-05	0.16179	0
747	L	0.83821	2e-05	0.16177	0
748	H	0.83783	0	0.16216	0
749	A	0.83783	0	0.16216	0
750	F	0.83783	0	0.16216	0
751	I	0.83783	0	0.16216	0
752	W	0.83783	0	0.16216	0
753	D	0.83783	0	0.16216	0
754	S	0.83783	0	0.16216	0
755	A	0.83783	0	0.16216	0
756	V	0.83783	0	0.16216	0
757	L	0.83783	2e-05	0.16215	0
758	E	0.83783	0.00266	0.15951	0
759	F	0.83783	0.00592	0.15625	0
760	E	0.83784	0.1109	0.05126	0
761	A	0.00350	0.11658	0.87991	0
762	S	0.00350	0.14442	0.85208	0
763	Q	0.00347	0.15998	0.83655	0
764	K	0.00284	0.16165	0.83551	0
765	C	0.00054	0.16167	0.83779	0
766	D	0.00054	0.16168	0.83778	0
767	L	0.00046	0.16168	0.83786	0
768	V	0.00046	0.16168	0.83786	0
769	T	0.00048	0.16169	0.83783	0
770	T	0.00048	0.16171	0.83782	0
771	G	0.00048	0.16181	0.83771	0
772	E	0.00048	0.16193	0.83759	0
773	L	0.00036	0.16194	0.83770	0
774	F	0.00036	0.16195	0.83768	0
775	F	0.00036	0.162	0.83764	0
776	R	0.00036	0.16213	0.83750	0
777	S	0.00036	0.16214	0.83749	0
778	G	0.00036	0.16214	0.83749	0
779	F	0.00036	0.16218	0.83746	0
780	G	0.00036	0.17335	0.82629	0
781	I	0.00000	0.21574	0.78426	0
782	G	0.00000	0.24404	0.75596	0
783	M	0.00000	0.27592	0.72408	0
784	R	0.00000	0.95774	0.04226	0
785	K	0.00000	0.99838	0.00162	0
786	D	0.00000	0.9995	0.00050	0
787	S	0.00000	0.9995	0.00049	0
788	P	0.00000	0.99951	0.00048	0
789	W	0.00000	0.99952	0.00048	0
790	K	0.00000	0.99952	0.00048	0
791	Q	0.00000	0.99952	0.00048	0
792	N	0.00000	0.99952	0.00048	0
793	V	0.00000	0.99952	0.00048	0
794	S	0.00000	0.99952	0.00048	0
795	L	0.00000	0.99953	0.00047	0
796	S	0.00000	0.99955	0.00045	0
797	I	0.00000	0.99955	0.00045	0
798	L	0.00000	0.99957	0.00043	0
799	K	0.00000	0.99965	0.00035	0
800	S	0.00000	0.99966	0.00034	0
801	H	0.00000	0.99975	0.00025	0
802	E	0.00000	0.99997	0.00003	0
803	N	0.00000	0.99998	0.00001	0
804	G	0.00000	0.99999	0.00001	0
805	F	0.00000	0.99999	0.00001	0
806	M	0.00000	1	0.00000	0
807	E	0.00000	1	0.00000	0
808	D	0.00000	1	0.00000	0
809	L	0.00000	1	0.00000	0
810	D	0.00000	1	0.00000	0
811	K	0.00000	1	0.00000	0
812	T	0.00000	1	0.00000	0
813	W	0.00000	1	0.00000	0
814	V	0.00000	1	0.00000	0
815	R	0.00000	1	0.00000	0
816	Y	0.00000	1	0.00000	0
817	Q	0.00000	1	0.00000	0
818	E	0.00000	1	0.00000	0
819	C	0.00000	1	0.00000	0
820	D	0.00000	1	0.00000	0
821	S	0.00000	1	0.00000	0
822	R	0.00000	1	0.00000	0
823	S	0.00000	1	0.00000	0
824	N	0.00000	0.99999	0.00001	0
825	A	0.00000	0.9999	0.00010	0
826	P	0.00000	0.99972	0.00028	0
827	A	0.00000	0.99466	0.00534	0
828	T	0.00000	0.93926	0.06074	0
829	L	0.00000	0.79322	0.20678	0
830	T	0.00000	0.58689	0.41311	0
831	F	0.00000	0.25829	0.74171	0
832	E	0.00000	0.24393	0.75607	0
833	N	0.00000	0.15009	0.84991	0
834	M	0.00000	0.01763	0.98237	0
835	A	0.00000	0.00238	0.99762	0
836	G	0.00000	0.00071	0.99929	0
837	V	0.00000	1e-05	0.99999	0
838	F	0.00000	0	1.00000	0
839	M	0.00000	0	1.00000	0
840	L	0.00000	0	1.00000	0
841	V	0.00000	0	1.00000	0
842	A	0.00000	0	1.00000	0
843	G	0.00000	0	1.00000	0
844	G	0.00000	0	1.00000	0
845	I	0.00000	0	1.00000	0
846	V	0.00001	0	0.99999	0
847	A	0.00001	0	0.99999	0
848	G	0.00014	0	0.99986	0
849	I	0.00034	0	0.99966	0
850	F	0.00129	0	0.99871	0
851	L	0.00572	0	0.99428	0
852	I	0.01382	0	0.98618	0
853	F	0.17419	0	0.82581	0
854	I	0.49477	0	0.50523	0
855	E	0.99812	0	0.00188	0
856	I	0.99814	0	0.00186	0
857	A	0.99830	0	0.00170	0
858	Y	0.99849	0	0.00151	0
859	K	0.99996	0	0.00004	0
860	R	1.00000	0	0.00000	0
861	H	1.00000	0	0.00000	0
862	K	1.00000	0	0.00000	0
863	D	1.00000	0	0.00000	0
864	A	1.00000	0	0.00000	0
865	R	1.00000	0	0.00000	0
866	R	1.00000	0	0.00000	0
867	K	1.00000	0	0.00000	0
868	Q	1.00000	0	0.00000	0
869	M	1.00000	0	0.00000	0
870	Q	1.00000	0	0.00000	0
871	L	1.00000	0	0.00000	0
872	A	1.00000	0	0.00000	0
873	F	1.00000	0	0.00000	0
874	A	1.00000	0	0.00000	0
875	A	1.00000	0	0.00000	0
876	V	1.00000	0	0.00000	0
877	N	1.00000	0	0.00000	0
878	V	1.00000	0	0.00000	0
879	W	1.00000	0	0.00000	0
880	R	1.00000	0	0.00000	0
881	K	1.00000	0	0.00000	0
882	N	1.00000	0	0.00000	0
883	L	1.00000	0	0.00000	0
884	Q	1.00000	0	0.00000	0
885	D	1.00000	0	0.00000	0
886	R	1.00000	0	0.00000	0
887	K	1.00000	0	0.00000	0
888	S	1.00000	0	0.00000	0
889	G	1.00000	0	0.00000	0
890	R	1.00000	0	0.00000	0
891	A	1.00000	0	0.00000	0
892	E	1.00000	0	0.00000	0
893	P	1.00000	0	0.00000	0
894	D	1.00000	0	0.00000	0
895	P	0.99990	0	0.00009	0
896	K	0.99989	0	0.00011	0
897	K	0.99865	0	0.00135	0
898	K	0.99719	0	0.00280	0
899	A	0.99713	0	0.00287	0
900	T	0.99704	0	0.00296	0
901	F	0.99703	0	0.00296	0
902	R	0.99703	0	0.00296	0
903	A	0.99703	0	0.00296	0
904	I	0.99703	0	0.00296	0
905	T	0.99703	0	0.00296	0
906	S	0.99703	0	0.00296	0
907	T	0.99703	0	0.00296	0
908	L	0.99703	0	0.00296	0
909	A	0.99703	0	0.00296	0
910	S	0.99703	0	0.00296	0
911	S	0.99703	0	0.00296	0
912	F	0.99703	0	0.00296	0
913	K	0.99703	4e-05	0.00292	0
914	R	0.99703	8e-05	0.00289	0
915	R	0.99703	0.00016	0.00281	0
916	R	0.99703	0.0005	0.00246	0
917	S	0.99703	0.00089	0.00208	0
918	S	0.99703	0.00189	0.00107	0
919	K	0.99703	0.00296	0.00001	0
920	D	0.99703	0.00284	0.00013	0
921	T	0.99703	0.00211	0.00086	0
922	Q	0.99703	0.00096	0.00200	0
923	Y	0.99703	0.00019	0.00278	0
924	H	0.99703	1e-05	0.00295	0
925	P	0.99703	0	0.00297	0
926	T	0.99703	0	0.00297	0
927	D	0.99703	0	0.00297	0
928	I	0.99703	0	0.00297	0
929	T	0.99703	0	0.00297	0
930	G	0.99703	0	0.00297	0
931	P	0.99703	0	0.00297	0
932	L	0.99703	0	0.00297	0
933	N	0.99703	0	0.00297	0
934	L	0.99703	0	0.00297	0
935	S	0.99703	0	0.00297	0
936	D	0.99703	0	0.00297	0
937	P	0.99703	0	0.00297	0
938	S	0.99703	0	0.00297	0
939	V	0.99704	0	0.00296	0
940	S	0.99704	0	0.00296	0
941	T	0.99705	0	0.00295	0
942	V	0.99722	0	0.00278	0
943	V	1.00000	0	0.00000	0
