# UNNAMED
#pos	aa	i	o	M	S
1	M	0.00000	0.00166	0.00000	0.99834
2	R	0.00000	0.00166	0.00000	0.99835
3	R	0.00000	0.00166	0.00000	0.99835
4	A	0.00000	0.00165	0.00000	0.99835
5	V	0.00000	0.00165	0.00001	0.99834
6	C	0.00000	0.00165	0.00001	0.99835
7	F	0.00000	0.00164	0.00002	0.99835
8	P	0.00000	0.00164	0.00002	0.99834
9	A	0.00000	0.00163	0.00003	0.99835
10	L	0.00000	0.00162	0.00004	0.99835
11	C	0.00000	0.00162	0.00004	0.99835
12	L	0.00000	0.00162	0.00004	0.99834
13	L	0.00000	0.0016	0.00005	0.99834
14	L	0.00000	0.0016	0.00005	0.99834
15	N	0.00000	0.0016	0.00005	0.99835
16	L	0.00000	0.0016	0.00005	0.99835
17	H	0.00000	0.0016	0.00005	0.99835
18	A	0.00000	0.00161	0.00005	0.99834
19	A	0.00000	0.30245	0.00005	0.69749
20	G	0.00000	0.30303	0.00005	0.69692
21	C	0.00000	0.30323	0.00005	0.69672
22	F	0.00000	0.30948	0.00005	0.69047
23	S	0.00000	0.30972	0.00005	0.69023
24	G	0.00000	0.99987	0.00005	8e-05
25	N	0.00000	0.99994	0.00005	0
26	N	0.00000	0.99994	0.00005	0
27	D	0.00000	0.99995	0.00005	0
28	H	0.00000	0.99995	0.00005	0
29	F	0.00000	0.99995	0.00005	0
30	L	0.00000	0.99995	0.00005	0
31	A	0.00000	0.99995	0.00005	0
32	I	0.00000	0.99995	0.00005	0
33	N	0.00005	0.99995	0.00000	0
34	Q	0.00005	0.99995	0.00000	0
35	K	0.00005	0.99995	0.00000	0
36	K	0.00005	0.99995	0.00000	0
37	S	0.00005	0.99995	0.00000	0
38	G	0.00005	0.99995	0.00000	0
39	K	0.00005	0.99995	0.00000	0
40	P	0.00005	0.99995	0.00000	0
41	V	0.00005	0.99995	0.00000	0
42	F	0.00000	0.99995	0.00005	0
43	I	0.00000	0.99995	0.00005	0
44	Y	0.00000	0.99995	0.00005	0
45	K	0.00000	0.99995	0.00005	0
46	H	0.00000	0.99995	0.00005	0
47	S	0.00000	0.99995	0.00005	0
48	Q	0.00000	0.99995	0.00005	0
49	D	0.00000	0.99995	0.00005	0
50	I	0.00000	0.99995	0.00005	0
51	E	0.00000	0.99995	0.00005	0
52	K	0.00000	0.99995	0.00005	0
53	S	0.00000	0.99995	0.00005	0
54	L	0.00000	0.99995	0.00005	0
55	D	0.00000	0.99995	0.00005	0
56	I	0.00000	0.99995	0.00005	0
57	A	0.00000	0.99995	0.00005	0
58	P	0.00000	0.99995	0.00005	0
59	Q	0.00000	0.99995	0.00005	0
60	K	0.00000	0.99992	0.00008	0
61	I	0.00000	0.99967	0.00033	0
62	Y	0.00000	0.9992	0.00080	0
63	R	0.00000	0.99878	0.00122	0
64	H	0.00000	0.99843	0.00157	0
65	S	0.00000	0.99842	0.00158	0
66	Y	0.00000	0.99841	0.00159	0
67	H	0.00000	0.99841	0.00159	0
68	S	0.00000	0.99841	0.00159	0
69	S	0.00000	0.99841	0.00159	0
70	S	0.00000	0.99841	0.00159	0
71	E	0.00000	0.99841	0.00159	0
72	A	0.00000	0.99841	0.00159	0
73	Q	0.00000	0.99841	0.00159	0
74	V	0.00000	0.99841	0.00159	0
75	S	0.00000	0.99841	0.00159	0
76	K	0.00000	0.99841	0.00159	0
77	R	0.00000	0.99841	0.00159	0
78	H	0.00000	0.99841	0.00159	0
79	Q	0.00000	0.99841	0.00159	0
80	I	0.00000	0.99841	0.00158	0
81	V	0.00070	0.99841	0.00089	0
82	N	0.00150	0.99841	0.00008	0
83	S	0.00154	0.99841	0.00005	0
84	A	0.00154	0.99841	0.00005	0
85	F	0.00155	0.99841	0.00004	0
86	P	0.00159	0.99841	0.00000	0
87	R	0.00159	0.99841	0.00000	0
88	P	0.00159	0.99841	0.00000	0
89	A	0.00159	0.99841	0.00000	0
90	Y	0.00159	0.99841	0.00000	0
91	D	0.00159	0.99841	0.00000	0
92	P	0.00159	0.9863	0.01211	0
93	S	0.00049	0.94295	0.05656	0
94	L	0.00007	0.75372	0.24622	0
95	N	0.00000	0.65975	0.34024	0
96	L	0.00000	0.65969	0.34031	0
97	L	0.00000	0.65967	0.34033	0
98	A	0.00000	0.65964	0.34036	0
99	M	0.00000	0.65964	0.34036	0
100	D	0.00000	0.65964	0.34036	0
101	G	0.00000	0.65949	0.34051	0
102	Q	0.00000	0.65937	0.34063	0
103	D	0.00000	0.65934	0.34066	0
104	L	0.00000	0.31663	0.68337	0
105	E	0.00000	0.31234	0.68766	0
106	V	0.00000	0.28022	0.71978	0
107	E	0.00000	0.27851	0.72149	0
108	N	0.00000	0.26302	0.73698	0
109	L	0.00000	0.24438	0.75562	0
110	P	0.00000	0.23406	0.76594	0
111	I	0.00000	0.23037	0.76963	0
112	P	0.00000	0.22951	0.77049	0
113	A	0.00001	0.22229	0.77771	0
114	A	0.00018	0.21522	0.78460	0
115	N	0.00116	0.21003	0.78881	0
116	V	0.00163	0.02517	0.97320	0
117	I	0.00302	0.00458	0.99240	0
118	V	0.02994	0.00279	0.96727	0
119	V	0.10415	0.00274	0.89311	0
120	T	0.24816	0.00274	0.74910	0
121	L	0.30168	0.00274	0.69557	0
122	Q	0.62083	0.00274	0.37642	0
123	M	0.65361	0.00274	0.34364	0
124	D	0.70707	0.00274	0.29019	0
125	V	0.70815	0.00274	0.28911	0
126	N	0.72777	0.00274	0.26949	0
127	K	0.73358	0.00273	0.26369	0
128	L	0.36066	0.00262	0.63671	0
129	N	0.13968	0.00261	0.85771	0
130	I	0.10531	0.00253	0.89215	0
131	T	0.09617	0.00253	0.90130	0
132	L	0.00215	0.00252	0.99533	0
133	L	0.00066	0.0016	0.99774	0
134	R	0.00072	0.00103	0.99825	0
135	I	0.00044	0.00095	0.99861	0
136	F	0.00474	0.00094	0.99432	0
137	R	0.22762	0.00094	0.77144	0
138	Q	0.25375	0.00094	0.74531	0
139	G	0.25541	0.00094	0.74365	0
140	V	0.25545	0.00094	0.74362	0
141	A	0.25551	0.00094	0.74356	0
142	A	0.25554	0.00094	0.74353	0
143	A	0.25553	0.00094	0.74353	0
144	L	0.25553	0.00094	0.74353	0
145	G	0.25554	0.00094	0.74352	0
146	L	0.25554	0.00096	0.74350	0
147	L	0.25555	0.00187	0.74258	0
148	P	0.25572	0.02369	0.72059	0
149	Q	0.23831	0.20154	0.56015	0
150	Q	0.03933	0.3959	0.56477	0
151	V	0.00570	0.44869	0.54561	0
152	H	0.00048	0.7345	0.26502	0
153	I	0.00022	0.74257	0.25721	0
154	N	0.00163	0.74262	0.25576	0
155	R	0.00172	0.74261	0.25567	0
156	L	0.00153	0.7417	0.25677	0
157	I	0.00158	0.74169	0.25673	0
158	G	0.00159	0.7417	0.25671	0
159	K	0.00160	0.7417	0.25670	0
160	K	0.00160	0.74171	0.25669	0
161	N	0.00160	0.74172	0.25669	0
162	S	0.00160	0.74172	0.25669	0
163	I	0.00159	0.74172	0.25669	0
164	E	0.00159	0.74172	0.25669	0
165	L	0.00159	0.74172	0.25669	0
166	F	0.00159	0.74172	0.25669	0
167	V	0.00159	0.74173	0.25668	0
168	S	0.00159	0.74477	0.25364	0
169	P	0.00159	0.74785	0.25056	0
170	I	0.00157	0.76971	0.22871	0
171	N	0.00157	0.97956	0.01887	0
172	R	0.00157	0.99443	0.00401	0
173	K	0.00153	0.99606	0.00240	0
174	T	0.00088	0.99742	0.00169	0
175	G	0.00029	0.99743	0.00228	0
176	I	0.00001	0.99743	0.00256	0
177	S	0.00092	0.99746	0.00162	0
178	D	0.00094	0.99747	0.00160	0
179	A	0.00094	0.99747	0.00160	0
180	L	0.00094	0.99747	0.00160	0
181	P	0.00094	0.99747	0.00160	0
182	S	0.00094	0.99747	0.00160	0
183	E	0.00094	0.99747	0.00159	0
184	E	0.00094	0.99747	0.00160	0
185	V	0.00093	0.01123	0.98784	0
186	L	0.00091	0.00501	0.99408	0
187	R	0.00090	0.00308	0.99601	0
188	S	0.00046	0.00307	0.99647	0
189	L	0.00008	0.00306	0.99686	0
190	N	0.00006	0.00307	0.99687	0
191	I	0.00000	0.00296	0.99704	0
192	N	0.00000	0.0028	0.99720	0
193	V	0.00000	0.00027	0.99973	0
194	L	0.00000	0.00014	0.99986	0
195	H	0.00000	0.00092	0.99908	0
196	Q	0.00000	0.00141	0.99859	0
197	S	0.00000	0.00152	0.99848	0
198	L	0.00000	0.00156	0.99844	0
199	S	0.00000	0.00164	0.99836	0
200	Q	0.00000	0.00165	0.99835	0
201	F	0.00000	0.00165	0.99835	0
202	G	0.00000	0.00165	0.99835	0
203	I	0.00000	0.00165	0.99835	0
204	T	0.00026	0.00165	0.99809	0
205	E	0.00217	0.00168	0.99615	0
206	V	0.01611	0.00169	0.98220	0
207	S	0.05297	0.00193	0.94509	0
208	P	0.99439	0.00205	0.00356	0
209	E	0.99439	0.00243	0.00318	0
210	K	0.99440	0.0025	0.00310	0
211	N	0.99440	0.00254	0.00306	0
212	V	0.99440	0.00255	0.00305	0
213	L	0.99440	0.00259	0.00301	0
214	Q	0.99643	0.00259	0.00099	0
215	G	0.99741	0.00259	0.00000	0
216	Q	0.99741	0.00259	0.00000	0
217	H	0.99741	0.00259	0.00000	0
218	E	0.99741	0.00259	0.00000	0
219	A	0.99741	0.00259	0.00000	0
220	D	0.99741	0.00259	0.00000	0
221	K	0.99741	0.00259	0.00000	0
222	I	0.99741	0.00259	0.00000	0
223	W	0.99741	0.00259	0.00000	0
224	S	0.99741	0.00259	0.00001	0
225	K	0.99733	0.00259	0.00009	0
226	E	0.98437	0.00253	0.01310	0
227	G	0.78551	0.00136	0.21313	0
228	F	0.05886	0.00062	0.94052	0
229	Y	0.00359	0.00041	0.99600	0
230	A	0.00010	0.00016	0.99974	0
231	V	0.00000	1e-05	0.99999	0
232	V	0.00000	0	1.00000	0
233	I	0.00000	0	1.00000	0
234	F	0.00000	0	1.00000	0
235	L	0.00000	0	1.00000	0
236	S	0.00000	0	1.00000	0
237	I	0.00000	0	1.00000	0
238	F	0.00000	0	1.00000	0
239	V	0.00000	0	1.00000	0
240	I	0.00000	0	1.00000	0
241	I	0.00000	0	1.00000	0
242	V	0.00000	0	1.00000	0
243	T	0.00000	0	1.00000	0
244	C	0.00000	0	1.00000	0
245	L	0.00000	0	1.00000	0
246	M	0.00000	5e-05	0.99995	0
247	I	0.00000	0.00166	0.99834	0
248	L	0.00000	0.0199	0.98010	0
249	Y	0.00003	0.13666	0.86331	0
250	R	0.00091	0.97199	0.02710	0
251	L	0.00109	0.98773	0.01118	0
252	K	0.00212	0.99739	0.00049	0
253	E	0.00219	0.99741	0.00040	0
254	R	0.00255	0.99741	0.00003	0
255	F	0.00259	0.99741	0.00000	0
256	Q	0.00259	0.99741	0.00000	0
257	L	0.00259	0.99741	0.00000	0
258	S	0.00259	0.99741	0.00000	0
259	L	0.00259	0.99741	0.00000	0
260	R	0.00259	0.99741	0.00000	0
261	Q	0.00259	0.99741	0.00000	0
262	D	0.00259	0.99741	0.00000	0
263	K	0.00259	0.99741	0.00000	0
264	E	0.00259	0.99741	0.00000	0
265	K	0.00259	0.99698	0.00043	0
266	N	0.00258	0.99626	0.00116	0
267	Q	0.00257	0.87595	0.12147	0
268	E	0.00221	0.10255	0.89524	0
269	I	0.00181	0.01827	0.97992	0
270	H	0.00168	0.00315	0.99517	0
271	L	0.00164	0.00283	0.99553	0
272	S	0.00164	0.0028	0.99556	0
273	P	0.00164	0.00279	0.99557	0
274	I	0.00164	0.00279	0.99557	0
275	T	0.00164	0.00279	0.99557	0
276	L	0.00164	0.00279	0.99557	0
277	Q	0.00164	0.00275	0.99561	0
278	P	0.00164	0.00275	0.99561	0
279	A	0.00164	0.00036	0.99800	0
280	L	0.00164	0.00035	0.99801	0
281	S	0.00164	0.00035	0.99801	0
282	E	0.00164	0.00035	0.99801	0
283	A	0.00164	0.00033	0.99803	0
284	K	0.00164	0.00033	0.99803	0
285	T	0.00164	0.00033	0.99803	0
286	V	0.00164	0.00033	0.99803	0
287	H	0.00318	0.00034	0.99648	0
288	S	0.02265	0.00036	0.97699	0
289	M	0.07347	0.0004	0.92614	0
290	V	0.10927	0.00062	0.89011	0
291	Q	0.96770	0.00119	0.03110	0
292	P	0.99613	0.00127	0.00260	0
293	E	0.99625	0.00127	0.00248	0
294	Q	0.99626	0.00127	0.00247	0
295	A	0.99626	0.00127	0.00247	0
296	P	0.99626	0.00127	0.00247	0
297	K	0.99626	0.00127	0.00247	0
298	V	0.99626	0.00127	0.00247	0
299	L	0.99626	0.00127	0.00247	0
300	N	0.99628	0.00127	0.00245	0
301	V	0.99629	0.00127	0.00244	0
302	V	0.99748	0.00127	0.00125	0
303	V	0.99795	0.00127	0.00078	0
304	D	0.99872	0.00127	0.00001	0
305	P	0.99873	0.00127	0.00000	0
306	Q	0.99872	0.00127	0.00001	0
307	G	0.99872	0.00127	0.00001	0
308	R	0.99872	0.00127	0.00001	0
309	G	0.99872	0.00117	0.00011	0
310	A	0.99872	0.00117	0.00011	0
311	P	0.99872	0.00117	0.00011	0
312	E	0.99872	0.00117	0.00011	0
313	I	0.25112	0.00117	0.74771	0
314	K	0.12423	0.00117	0.87460	0
315	A	0.00251	0.00117	0.99632	0
316	T	0.00112	0.00117	0.99771	0
317	T	0.00098	0.00117	0.99785	0
318	A	0.00098	0.00117	0.99785	0
319	T	0.00098	0.00117	0.99785	0
320	S	0.00098	0.00117	0.99785	0
321	V	0.00098	0.00117	0.99785	0
322	C	0.00098	0.00117	0.99785	0
323	P	0.00098	0.00117	0.99785	0
324	S	0.00098	0.00117	0.99785	0
325	P	0.00098	0.00117	0.99785	0
326	F	0.00098	0.00117	0.99785	0
327	K	0.00098	0.00117	0.99785	0
328	M	0.00098	0.00117	0.99785	0
329	K	0.00098	0.00117	0.99784	0
330	P	0.00098	0.00117	0.99784	0
331	I	0.00098	0.00124	0.99777	0
332	G	0.00104	0.01687	0.98209	0
333	L	0.00105	0.064	0.93495	0
334	Q	0.00108	0.70843	0.29049	0
335	E	0.00108	0.95881	0.04010	0
336	R	0.00108	0.9951	0.00382	0
337	R	0.00108	0.99748	0.00144	0
338	G	0.00108	0.99704	0.00188	0
339	S	0.00108	0.97279	0.02612	0
340	N	0.00108	0.7889	0.21002	0
341	V	0.00014	0.24915	0.75071	0
342	S	0.00014	0.21277	0.78709	0
343	L	0.00014	0.00064	0.99922	0
344	T	0.00014	0	0.99986	0
345	L	0.00014	0	0.99986	0
346	D	0.00014	0	0.99986	0
347	M	0.00014	0	0.99986	0
348	S	0.00014	0	0.99986	0
349	S	0.00014	0	0.99986	0
350	L	0.00014	0	0.99986	0
351	G	0.00014	0	0.99986	0
352	N	0.00014	0	0.99986	0
353	I	0.00014	0	0.99986	0
354	E	0.00014	0	0.99986	0
355	P	0.00014	0	0.99986	0
356	F	0.00014	0	0.99986	0
357	V	0.00014	0	0.99986	0
358	S	0.00014	0	0.99986	0
359	I	0.00014	0	0.99986	0
360	P	0.03460	2e-05	0.96538	0
361	T	0.18846	0.00017	0.81137	0
362	P	0.48743	0.00055	0.51202	0
363	R	0.99883	0.0009	0.00027	0
364	E	0.99896	0.00095	0.00010	0
365	K	0.99896	0.00095	0.00009	0
366	V	0.99896	0.00095	0.00009	0
367	A	0.99898	0.00095	0.00008	0
368	M	0.99905	0.00095	0.00000	0
369	E	0.99905	0.00095	0.00000	0
370	Y	0.99905	0.00095	0.00000	0
371	L	0.99905	0.00095	0.00000	0
372	Q	0.99905	0.00095	0.00000	0
373	S	0.99905	0.00095	0.00000	0
374	A	0.99905	0.00095	0.00000	0
375	S	0.99905	0.00095	0.00000	0
376	R	0.99905	0.00095	0.00000	0
377	I	0.99905	0.00095	0.00000	0
378	L	0.99905	0.00095	0.00000	0
379	T	0.99905	0.00095	0.00000	0
380	R	0.99904	0.00095	0.00001	0
381	S	0.99904	0.00094	0.00001	0
382	Q	0.99904	0.00089	0.00007	0
383	L	0.99904	0.00023	0.00073	0
384	R	0.99904	0.00012	0.00084	0
385	D	0.99904	8e-05	0.00088	0
386	V	0.99775	1e-05	0.00224	0
387	V	0.99775	1e-05	0.00224	0
388	A	0.99775	1e-05	0.00224	0
389	S	0.99775	1e-05	0.00224	0
390	S	0.99775	1e-05	0.00224	0
391	H	0.99775	1e-05	0.00224	0
392	L	0.99775	1e-05	0.00224	0
393	L	0.99775	1e-05	0.00224	0
394	Q	0.99775	1e-05	0.00224	0
395	S	0.99775	1e-05	0.00224	0
396	E	0.99775	1e-05	0.00224	0
397	F	0.99775	1e-05	0.00224	0
398	M	0.99775	1e-05	0.00224	0
399	E	0.99775	1e-05	0.00224	0
400	I	0.99775	1e-05	0.00224	0
401	P	0.99775	1e-05	0.00224	0
402	M	0.99775	1e-05	0.00224	0
403	N	0.99775	1e-05	0.00223	0
404	F	0.99775	1e-05	0.00223	0
405	V	0.99796	4e-05	0.00200	0
406	D	0.99846	0.00126	0.00028	0
407	P	0.99859	0.00129	0.00012	0
408	K	0.99870	0.0013	0.00000	0
409	E	0.99870	0.0013	0.00000	0
410	I	0.99870	0.0013	0.00000	0
411	D	0.99870	0.0013	0.00000	0
412	I	0.99870	0.0013	0.00000	0
413	P	0.99870	0.0013	0.00000	0
414	R	0.99870	0.0013	0.00000	0
415	H	0.99870	0.0013	0.00000	0
416	G	0.99870	0.0013	0.00000	0
417	T	0.99870	0.0013	0.00000	0
418	K	0.99870	0.0013	0.00000	0
419	N	0.99870	0.0013	0.00000	0
420	R	0.99870	0.0013	0.00000	0
421	Y	0.99870	0.0013	0.00000	0
422	K	0.99870	0.0013	0.00000	0
423	T	0.99870	0.0013	0.00000	0
424	I	0.99870	0.0013	0.00000	0
425	L	0.99870	0.0013	0.00000	0
426	P	0.99870	0.0013	0.00000	0
427	N	0.99870	0.0013	0.00000	0
428	P	0.99870	0.0013	0.00000	0
429	L	0.99870	0.0013	0.00000	0
430	S	0.99869	0.0013	0.00000	0
431	R	0.99869	0.0013	0.00001	0
432	V	0.99869	0.0013	0.00001	0
433	C	0.99869	0.0013	0.00001	0
434	L	0.99869	0.0013	0.00001	0
435	R	0.99869	0.0013	0.00001	0
436	P	0.99869	0.0013	0.00001	0
437	K	0.99869	0.0013	0.00001	0
438	N	0.99869	0.0013	0.00001	0
439	V	0.99869	0.0013	0.00001	0
440	T	0.99869	0.0013	0.00001	0
441	D	0.99869	0.0013	0.00001	0
442	S	0.99869	0.0013	0.00001	0
443	L	0.99869	0.0013	0.00001	0
444	S	0.99869	0.0013	0.00001	0
445	T	0.99869	0.0013	0.00001	0
446	Y	0.99869	0.0013	0.00001	0
447	I	0.99869	0.0013	0.00001	0
448	N	0.99869	0.0013	0.00001	0
449	A	0.99869	0.0013	0.00001	0
450	N	0.99869	0.0013	0.00001	0
451	Y	0.99869	0.0013	0.00001	0
452	I	0.99869	0.0013	0.00001	0
453	R	0.99870	0.0013	0.00000	0
454	G	0.99870	0.0013	0.00000	0
455	Y	0.99870	0.0013	0.00000	0
456	S	0.99870	0.0013	0.00000	0
457	G	0.99870	0.0013	0.00000	0
458	K	0.99870	0.00128	0.00002	0
459	E	0.99870	0.00114	0.00016	0
460	K	0.99870	0.0009	0.00040	0
461	A	0.99870	0.00017	0.00113	0
462	F	0.99870	6e-05	0.00124	0
463	I	0.99870	6e-05	0.00124	0
464	A	0.99870	6e-05	0.00124	0
465	T	0.99870	6e-05	0.00124	0
466	Q	0.99870	6e-05	0.00124	0
467	G	0.99870	6e-05	0.00124	0
468	P	0.99870	6e-05	0.00125	0
469	M	0.99870	1e-05	0.00129	0
470	I	0.99870	1e-05	0.00129	0
471	N	0.99870	1e-05	0.00129	0
472	T	0.99870	1e-05	0.00129	0
473	V	0.99870	0	0.00130	0
474	D	0.99870	0	0.00130	0
475	D	0.99870	0	0.00130	0
476	F	0.99870	0	0.00130	0
477	W	0.99870	0	0.00130	0
478	Q	0.99870	0	0.00130	0
479	M	0.99870	0	0.00130	0
480	V	0.99870	0	0.00130	0
481	W	0.99938	0	0.00062	0
482	Q	0.99994	0	0.00006	0
483	E	0.99994	0	0.00006	0
484	D	0.99994	0	0.00006	0
485	S	0.99994	0	0.00006	0
486	P	0.99994	0	0.00006	0
487	V	0.99994	0	0.00006	0
488	I	0.99994	0	0.00006	0
489	V	0.99994	0	0.00006	0
490	M	0.99994	0	0.00006	0
491	I	0.99996	0	0.00004	0
492	T	0.99999	0	0.00001	0
493	K	1.00000	0	0.00000	0
494	L	1.00000	0	0.00000	0
495	K	1.00000	0	0.00000	0
496	E	1.00000	0	0.00000	0
497	K	1.00000	0	0.00000	0
498	N	1.00000	0	0.00000	0
499	E	1.00000	0	0.00000	0
500	K	1.00000	0	0.00000	0
501	C	1.00000	0	0.00000	0
502	V	1.00000	0	0.00000	0
503	L	1.00000	0	0.00000	0
504	Y	1.00000	0	0.00000	0
505	W	1.00000	0	0.00000	0
506	P	1.00000	0	0.00000	0
507	E	1.00000	0	0.00000	0
508	K	1.00000	0	0.00000	0
509	R	1.00000	0	0.00000	0
510	G	1.00000	0	0.00000	0
511	I	1.00000	0	0.00000	0
512	Y	1.00000	0	0.00000	0
513	G	1.00000	0	0.00000	0
514	K	1.00000	0	0.00000	0
515	V	1.00000	0	0.00000	0
516	E	1.00000	0	0.00000	0
517	V	1.00000	0	0.00000	0
518	L	1.00000	0	0.00000	0
519	V	1.00000	0	0.00000	0
520	I	1.00000	0	0.00000	0
521	S	1.00000	0	0.00000	0
522	V	1.00000	0	0.00000	0
523	N	1.00000	0	0.00000	0
524	E	1.00000	0	0.00000	0
525	C	1.00000	0	0.00000	0
526	D	1.00000	0	0.00000	0
527	N	1.00000	0	0.00000	0
528	Y	1.00000	0	0.00000	0
529	T	1.00000	0	0.00000	0
530	I	1.00000	0	0.00000	0
531	R	1.00000	0	0.00000	0
532	N	1.00000	0	0.00000	0
533	L	1.00000	0	0.00000	0
534	V	1.00000	0	0.00000	0
535	L	1.00000	0	0.00000	0
536	K	1.00000	0	0.00000	0
537	Q	1.00000	0	0.00000	0
538	G	1.00000	0	0.00000	0
539	S	1.00000	0	0.00000	0
540	H	1.00000	0	0.00000	0
541	T	1.00000	0	0.00000	0
542	Q	1.00000	0	0.00000	0
543	H	1.00000	0	0.00000	0
544	V	1.00000	0	0.00000	0
545	K	1.00000	0	0.00000	0
546	H	1.00000	0	0.00000	0
547	Y	1.00000	0	0.00000	0
548	W	1.00000	0	0.00000	0
549	Y	1.00000	0	0.00000	0
550	T	1.00000	0	0.00000	0
551	S	1.00000	0	0.00000	0
552	W	1.00000	0	0.00000	0
553	P	1.00000	0	0.00000	0
554	D	1.00000	0	0.00000	0
555	H	1.00000	0	0.00000	0
556	K	1.00000	0	0.00000	0
557	T	1.00000	0	0.00000	0
558	P	1.00000	0	0.00000	0
559	D	1.00000	0	0.00000	0
560	S	1.00000	0	0.00000	0
561	A	1.00000	0	0.00000	0
562	Q	1.00000	0	0.00000	0
563	P	1.00000	0	0.00000	0
564	L	1.00000	0	0.00000	0
565	L	1.00000	0	0.00000	0
566	Q	1.00000	0	0.00000	0
567	L	1.00000	0	0.00000	0
568	M	1.00000	0	0.00000	0
569	L	1.00000	0	0.00000	0
570	D	1.00000	0	0.00000	0
571	V	1.00000	0	0.00000	0
572	E	1.00000	0	0.00000	0
573	E	1.00000	0	0.00000	0
574	D	1.00000	0	0.00000	0
575	R	1.00000	0	0.00000	0
576	L	1.00000	0	0.00000	0
577	A	1.00000	0	0.00000	0
578	S	1.00000	0	0.00000	0
579	Q	1.00000	0	0.00000	0
580	G	1.00000	0	0.00000	0
581	R	1.00000	0	0.00000	0
582	G	1.00000	0	0.00000	0
583	P	1.00000	0	0.00000	0
584	V	1.00000	0	0.00000	0
585	V	1.00000	0	0.00000	0
586	V	1.00000	0	0.00000	0
587	H	1.00000	0	0.00000	0
588	C	1.00000	0	0.00000	0
589	S	1.00000	0	0.00000	0
590	A	1.00000	0	0.00000	0
591	G	1.00000	0	0.00000	0
592	I	1.00000	0	0.00000	0
593	G	1.00000	0	0.00000	0
594	R	1.00000	0	0.00000	0
595	T	1.00000	0	0.00000	0
596	G	1.00000	0	0.00000	0
597	C	1.00000	0	0.00000	0
598	F	1.00000	0	0.00000	0
599	I	1.00000	0	0.00000	0
600	A	1.00000	0	0.00000	0
601	T	1.00000	0	0.00000	0
602	S	1.00000	0	0.00000	0
603	I	1.00000	0	0.00000	0
604	G	1.00000	0	0.00000	0
605	C	1.00000	0	0.00000	0
606	Q	1.00000	0	0.00000	0
607	Q	1.00000	0	0.00000	0
608	L	1.00000	0	0.00000	0
609	K	1.00000	0	0.00000	0
610	E	1.00000	0	0.00000	0
611	E	1.00000	0	0.00000	0
612	G	1.00000	0	0.00000	0
613	V	1.00000	0	0.00000	0
614	V	1.00000	0	0.00000	0
615	D	1.00000	0	0.00000	0
616	A	1.00000	0	0.00000	0
617	L	1.00000	0	0.00000	0
618	S	1.00000	0	0.00000	0
619	I	1.00000	0	0.00000	0
620	V	1.00000	0	0.00000	0
621	C	1.00000	0	0.00000	0
622	Q	1.00000	0	0.00000	0
623	L	1.00000	0	0.00000	0
624	R	1.00000	0	0.00000	0
625	M	1.00000	0	0.00000	0
626	D	1.00000	0	0.00000	0
627	R	1.00000	0	0.00000	0
628	G	1.00000	0	0.00000	0
629	G	1.00000	0	0.00000	0
630	M	1.00000	0	0.00000	0
631	V	1.00000	0	0.00000	0
632	Q	1.00000	0	0.00000	0
633	T	1.00000	0	0.00000	0
634	S	1.00000	0	0.00000	0
635	E	1.00000	0	0.00000	0
636	Q	1.00000	0	0.00000	0
637	Y	1.00000	0	0.00000	0
638	E	1.00000	0	0.00000	0
639	F	1.00000	0	0.00000	0
640	V	1.00000	0	0.00000	0
641	H	1.00000	0	0.00000	0
642	H	1.00000	0	0.00000	0
643	A	1.00000	0	0.00000	0
644	L	1.00000	0	0.00000	0
645	C	1.00000	0	0.00000	0
646	L	1.00000	0	0.00000	0
647	Y	1.00000	0	0.00000	0
648	E	1.00000	0	0.00000	0
649	S	1.00000	0	0.00000	0
650	R	1.00000	0	0.00000	0
651	L	1.00000	0	0.00000	0
652	S	1.00000	0	0.00000	0
653	A	1.00000	0	0.00000	0
654	E	1.00000	0	0.00000	0
655	T	1.00000	0	0.00000	0
656	V	1.00000	0	0.00000	0
657	Q	1.00000	0	0.00000	0
