# UNNAMED
#pos	aa	i	o	M	S
1	M	0.00000	0.29628	0.00000	0.70372
2	A	0.00000	0.29628	0.00000	0.70372
3	C	0.00000	0.29628	0.00000	0.70373
4	W	0.00000	0.29628	0.00000	0.70372
5	P	0.00000	0.29628	0.00000	0.70373
6	Q	0.00000	0.29628	0.00000	0.70372
7	L	0.00000	0.29628	0.00000	0.70372
8	R	0.00000	0.29628	0.00000	0.70373
9	L	0.00000	0.29628	0.00000	0.70372
10	L	0.00000	0.29628	0.00000	0.70372
11	L	0.00000	0.29628	0.00000	0.70372
12	W	0.00000	0.29628	0.00000	0.70372
13	K	0.00000	0.29628	0.00000	0.70372
14	N	0.00000	0.29628	0.00000	0.70372
15	L	0.00000	0.29628	0.00000	0.70372
16	T	0.00000	0.29628	0.00000	0.70372
17	F	0.00000	0.2983	0.00000	0.70171
18	R	0.00000	0.29857	0.00000	0.70142
19	R	0.00000	0.29867	0.00000	0.70133
20	R	0.00000	0.29867	0.00000	0.70133
21	Q	0.00000	0.29867	0.00000	0.70133
22	T	0.00000	0.29867	0.00000	0.70133
23	C	0.00000	0.29867	0.00000	0.70133
24	Q	0.00000	0.29867	0.00000	0.70133
25	L	0.00000	0.2991	0.00000	0.70091
26	L	0.00000	0.29922	0.00000	0.70077
27	L	0.00000	0.29923	0.00000	0.70077
28	E	0.00000	0.29927	0.00000	0.70073
29	V	0.00000	0.29928	0.00000	0.70072
30	A	0.00000	0.29928	0.00000	0.70072
31	W	0.00000	0.29928	0.00000	0.70072
32	P	0.00000	0.29928	0.00000	0.70072
33	L	0.00000	0.29928	0.00000	0.70072
34	F	0.00000	0.29928	0.00000	0.70072
35	I	0.00000	0.29928	0.00000	0.70072
36	F	0.00000	0.29928	0.00000	0.70072
37	L	0.00000	0.29928	0.00000	0.70072
38	I	0.00000	0.30028	0.00000	0.69972
39	L	0.00000	0.30028	0.00000	0.69973
40	I	0.00000	0.30521	0.00000	0.6948
41	S	0.00000	0.30526	0.00000	0.69474
42	V	0.00000	0.39578	0.00000	0.60423
43	R	0.00000	0.39604	0.00000	0.60396
44	L	0.00000	0.39604	0.00000	0.60396
45	S	0.00000	0.9999	0.00000	9e-05
46	Y	0.00000	1	0.00000	0
47	P	0.00000	1	0.00000	0
48	P	0.00000	1	0.00000	0
49	Y	0.00000	1	0.00000	0
50	E	0.00000	1	0.00000	0
51	Q	0.00000	1	0.00000	0
52	H	0.00000	1	0.00000	0
53	E	0.00000	1	0.00000	0
54	C	0.00000	1	0.00000	0
55	H	0.00000	1	0.00000	0
56	F	0.00000	1	0.00000	0
57	P	0.00000	1	0.00000	0
58	N	0.00000	1	0.00000	0
59	K	0.00000	1	0.00000	0
60	A	0.00000	1	0.00000	0
61	M	0.00000	1	0.00000	0
62	P	0.00000	1	0.00000	0
63	S	0.00000	1	0.00000	0
64	A	0.00000	1	0.00000	0
65	G	0.00000	1	0.00000	0
66	T	0.00000	1	0.00000	0
67	L	0.00000	1	0.00000	0
68	P	0.00000	1	0.00000	0
69	W	0.00000	1	0.00000	0
70	V	0.00000	1	0.00000	0
71	Q	0.00000	1	0.00000	0
72	G	0.00000	1	0.00000	0
73	I	0.00000	1	0.00000	0
74	I	0.00000	1	0.00000	0
75	C	0.00000	1	0.00000	0
76	N	0.00000	1	0.00000	0
77	A	0.00000	1	0.00000	0
78	N	0.00000	1	0.00000	0
79	N	0.00000	1	0.00000	0
80	P	0.00000	1	0.00000	0
81	C	0.00000	1	0.00000	0
82	F	0.00000	1	0.00000	0
83	R	0.00000	1	0.00000	0
84	Y	0.00000	1	0.00000	0
85	P	0.00000	1	0.00000	0
86	T	0.00000	1	0.00000	0
87	P	0.00000	1	0.00000	0
88	G	0.00000	1	0.00000	0
89	E	0.00000	1	0.00000	0
90	A	0.00000	1	0.00000	0
91	P	0.00000	1	0.00000	0
92	G	0.00000	1	0.00000	0
93	V	0.00000	1	0.00000	0
94	V	0.00000	1	0.00000	0
95	G	0.00000	1	0.00000	0
96	N	0.00000	1	0.00000	0
97	F	0.00000	1	0.00000	0
98	N	0.00000	1	0.00000	0
99	K	0.00000	1	0.00000	0
100	S	0.00000	1	0.00000	0
101	I	0.00000	1	0.00000	0
102	V	0.00000	1	0.00000	0
103	A	0.00000	1	0.00000	0
104	R	0.00000	1	0.00000	0
105	L	0.00000	1	0.00000	0
106	F	0.00000	1	0.00000	0
107	S	0.00000	1	0.00000	0
108	D	0.00000	1	0.00000	0
109	A	0.00000	1	0.00000	0
110	R	0.00000	1	0.00000	0
111	R	0.00000	1	0.00000	0
112	L	0.00000	1	0.00000	0
113	L	0.00000	1	0.00000	0
114	L	0.00000	1	0.00000	0
115	Y	0.00000	1	0.00000	0
116	S	0.00000	1	0.00000	0
117	Q	0.00000	1	0.00000	0
118	K	0.00000	1	0.00000	0
119	D	0.00000	1	0.00000	0
120	T	0.00000	1	0.00000	0
121	S	0.00000	1	0.00000	0
122	M	0.00000	1	0.00000	0
123	K	0.00000	1	0.00000	0
124	D	0.00000	1	0.00000	0
125	M	0.00000	1	0.00000	0
126	R	0.00000	1	0.00000	0
127	K	0.00000	1	0.00000	0
128	V	0.00000	1	0.00000	0
129	L	0.00000	1	0.00000	0
130	R	0.00000	1	0.00000	0
131	T	0.00000	1	0.00000	0
132	L	0.00000	1	0.00000	0
133	Q	0.00000	1	0.00000	0
134	Q	0.00000	1	0.00000	0
135	I	0.00000	1	0.00000	0
136	K	0.00000	1	0.00000	0
137	K	0.00000	1	0.00000	0
138	S	0.00000	1	0.00000	0
139	S	0.00000	1	0.00000	0
140	S	0.00000	1	0.00000	0
141	N	0.00000	1	0.00000	0
142	L	0.00000	1	0.00000	0
143	K	0.00000	1	0.00000	0
144	L	0.00000	1	0.00000	0
145	Q	0.00000	1	0.00000	0
146	D	0.00000	1	0.00000	0
147	F	0.00000	1	0.00000	0
148	L	0.00000	1	0.00000	0
149	V	0.00000	1	0.00000	0
150	D	0.00000	1	0.00000	0
151	N	0.00000	1	0.00000	0
152	E	0.00000	1	0.00000	0
153	T	0.00000	1	0.00000	0
154	F	0.00000	1	0.00000	0
155	S	0.00000	1	0.00000	0
156	G	0.00000	1	0.00000	0
157	F	0.00000	1	0.00000	0
158	L	0.00000	1	0.00000	0
159	Y	0.00000	1	0.00000	0
160	H	0.00000	1	0.00000	0
161	N	0.00000	1	0.00000	0
162	L	0.00000	1	0.00000	0
163	S	0.00000	1	0.00000	0
164	L	0.00000	1	0.00000	0
165	P	0.00000	1	0.00000	0
166	K	0.00000	1	0.00000	0
167	S	0.00000	1	0.00000	0
168	T	0.00000	1	0.00000	0
169	V	0.00000	1	0.00000	0
170	D	0.00000	1	0.00000	0
171	K	0.00000	1	0.00000	0
172	M	0.00000	1	0.00000	0
173	L	0.00000	1	0.00000	0
174	R	0.00000	1	0.00000	0
175	A	0.00000	1	0.00000	0
176	D	0.00000	1	0.00000	0
177	V	0.00000	1	0.00000	0
178	I	0.00000	1	0.00000	0
179	L	0.00000	1	0.00000	0
180	H	0.00000	1	0.00000	0
181	K	0.00000	1	0.00000	0
182	V	0.00000	1	0.00000	0
183	F	0.00000	1	0.00000	0
184	L	0.00000	1	0.00000	0
185	Q	0.00000	1	0.00000	0
186	G	0.00000	1	0.00000	0
187	Y	0.00000	1	0.00000	0
188	Q	0.00000	1	0.00000	0
189	L	0.00000	1	0.00000	0
190	H	0.00000	1	0.00000	0
191	L	0.00000	1	0.00000	0
192	T	0.00000	1	0.00000	0
193	S	0.00000	1	0.00000	0
194	L	0.00000	1	0.00000	0
195	C	0.00000	1	0.00000	0
196	N	0.00000	1	0.00000	0
197	G	0.00000	1	0.00000	0
198	S	0.00000	1	0.00000	0
199	K	0.00000	1	0.00000	0
200	S	0.00000	1	0.00000	0
201	E	0.00000	1	0.00000	0
202	E	0.00000	1	0.00000	0
203	M	0.00000	1	0.00000	0
204	I	0.00000	1	0.00000	0
205	Q	0.00000	1	0.00000	0
206	L	0.00000	1	0.00000	0
207	G	0.00000	1	0.00000	0
208	D	0.00000	1	0.00000	0
209	Q	0.00000	1	0.00000	0
210	E	0.00000	1	0.00000	0
211	V	0.00000	1	0.00000	0
212	S	0.00000	1	0.00000	0
213	E	0.00000	1	0.00000	0
214	L	0.00000	1	0.00000	0
215	C	0.00000	1	0.00000	0
216	G	0.00000	1	0.00000	0
217	L	0.00000	1	0.00000	0
218	P	0.00000	1	0.00000	0
219	R	0.00000	1	0.00000	0
220	E	0.00000	1	0.00000	0
221	K	0.00000	1	0.00000	0
222	L	0.00000	1	0.00000	0
223	A	0.00000	1	0.00000	0
224	A	0.00000	1	0.00000	0
225	A	0.00000	1	0.00000	0
226	E	0.00000	1	0.00000	0
227	R	0.00000	1	0.00000	0
228	V	0.00000	1	0.00000	0
229	L	0.00000	1	0.00000	0
230	R	0.00000	1	0.00000	0
231	S	0.00000	1	0.00000	0
232	N	0.00000	1	0.00000	0
233	M	0.00000	1	0.00000	0
234	D	0.00000	1	0.00000	0
235	I	0.00000	1	0.00000	0
236	L	0.00000	1	0.00000	0
237	K	0.00000	1	0.00000	0
238	P	0.00000	1	0.00000	0
239	I	0.00000	1	0.00000	0
240	L	0.00000	1	0.00000	0
241	R	0.00000	1	0.00000	0
242	T	0.00000	1	0.00000	0
243	L	0.00000	1	0.00000	0
244	N	0.00000	1	0.00000	0
245	S	0.00000	1	0.00000	0
246	T	0.00000	1	0.00000	0
247	S	0.00000	1	0.00000	0
248	P	0.00000	1	0.00000	0
249	F	0.00000	1	0.00000	0
250	P	0.00000	1	0.00000	0
251	S	0.00000	1	0.00000	0
252	K	0.00000	1	0.00000	0
253	E	0.00000	1	0.00000	0
254	L	0.00000	1	0.00000	0
255	A	0.00000	1	0.00000	0
256	E	0.00000	1	0.00000	0
257	A	0.00000	1	0.00000	0
258	T	0.00000	1	0.00000	0
259	K	0.00000	1	0.00000	0
260	T	0.00000	1	0.00000	0
261	L	0.00000	1	0.00000	0
262	L	0.00000	1	0.00000	0
263	H	0.00000	1	0.00000	0
264	S	0.00000	1	0.00000	0
265	L	0.00000	1	0.00000	0
266	G	0.00000	1	0.00000	0
267	T	0.00000	1	0.00000	0
268	L	0.00000	1	0.00000	0
269	A	0.00000	1	0.00000	0
270	Q	0.00000	1	0.00000	0
271	E	0.00000	1	0.00000	0
272	L	0.00000	1	0.00000	0
273	F	0.00000	1	0.00000	0
274	S	0.00000	1	0.00000	0
275	M	0.00000	1	0.00000	0
276	R	0.00000	1	0.00000	0
277	S	0.00000	1	0.00000	0
278	W	0.00000	1	0.00000	0
279	S	0.00000	1	0.00000	0
280	D	0.00000	1	0.00000	0
281	M	0.00000	1	0.00000	0
282	R	0.00000	1	0.00000	0
283	Q	0.00000	1	0.00000	0
284	E	0.00000	1	0.00000	0
285	V	0.00000	1	0.00000	0
286	M	0.00000	1	0.00000	0
287	F	0.00000	1	0.00000	0
288	L	0.00000	1	0.00000	0
289	T	0.00000	1	0.00000	0
290	N	0.00000	1	0.00000	0
291	V	0.00000	1	0.00000	0
292	N	0.00000	1	0.00000	0
293	S	0.00000	1	0.00000	0
294	S	0.00000	1	0.00000	0
295	S	0.00000	1	0.00000	0
296	S	0.00000	1	0.00000	0
297	S	0.00000	1	0.00000	0
298	T	0.00000	1	0.00000	0
299	Q	0.00000	1	0.00000	0
300	I	0.00000	1	0.00000	0
301	Y	0.00000	1	0.00000	0
302	Q	0.00000	1	0.00000	0
303	A	0.00000	1	0.00000	0
304	V	0.00000	1	0.00000	0
305	S	0.00000	1	0.00000	0
306	R	0.00000	1	0.00000	0
307	I	0.00000	1	0.00000	0
308	V	0.00000	1	0.00000	0
309	C	0.00000	1	0.00000	0
310	G	0.00000	1	0.00000	0
311	H	0.00000	1	0.00000	0
312	P	0.00000	1	0.00000	0
313	E	0.00000	1	0.00000	0
314	G	0.00000	1	0.00000	0
315	G	0.00000	1	0.00000	0
316	G	0.00000	1	0.00000	0
317	L	0.00000	1	0.00000	0
318	K	0.00000	1	0.00000	0
319	I	0.00000	1	0.00000	0
320	K	0.00000	1	0.00000	0
321	S	0.00000	1	0.00000	0
322	L	0.00000	1	0.00000	0
323	N	0.00000	1	0.00000	0
324	W	0.00000	1	0.00000	0
325	Y	0.00000	1	0.00000	0
326	E	0.00000	1	0.00000	0
327	D	0.00000	1	0.00000	0
328	N	0.00000	1	0.00000	0
329	N	0.00000	1	0.00000	0
330	Y	0.00000	1	0.00000	0
331	K	0.00000	1	0.00000	0
332	A	0.00000	1	0.00000	0
333	L	0.00000	1	0.00000	0
334	F	0.00000	1	0.00000	0
335	G	0.00000	1	0.00000	0
336	G	0.00000	1	0.00000	0
337	N	0.00000	1	0.00000	0
338	G	0.00000	1	0.00000	0
339	T	0.00000	1	0.00000	0
340	E	0.00000	1	0.00000	0
341	E	0.00000	1	0.00000	0
342	D	0.00000	1	0.00000	0
343	A	0.00000	1	0.00000	0
344	E	0.00000	1	0.00000	0
345	T	0.00000	1	0.00000	0
346	F	0.00000	1	0.00000	0
347	Y	0.00000	1	0.00000	0
348	D	0.00000	1	0.00000	0
349	N	0.00000	1	0.00000	0
350	S	0.00000	1	0.00000	0
351	T	0.00000	1	0.00000	0
352	T	0.00000	1	0.00000	0
353	P	0.00000	1	0.00000	0
354	Y	0.00000	1	0.00000	0
355	C	0.00000	1	0.00000	0
356	N	0.00000	1	0.00000	0
357	D	0.00000	1	0.00000	0
358	L	0.00000	1	0.00000	0
359	M	0.00000	1	0.00000	0
360	K	0.00000	1	0.00000	0
361	N	0.00000	1	0.00000	0
362	L	0.00000	1	0.00000	0
363	E	0.00000	1	0.00000	0
364	S	0.00000	1	0.00000	0
365	S	0.00000	1	0.00000	0
366	P	0.00000	1	0.00000	0
367	L	0.00000	1	0.00000	0
368	S	0.00000	1	0.00000	0
369	R	0.00000	1	0.00000	0
370	I	0.00000	1	0.00000	0
371	I	0.00000	1	0.00000	0
372	W	0.00000	1	0.00000	0
373	K	0.00000	1	0.00000	0
374	A	0.00000	1	0.00000	0
375	L	0.00000	1	0.00000	0
376	K	0.00000	1	0.00000	0
377	P	0.00000	1	0.00000	0
378	L	0.00000	1	0.00000	0
379	L	0.00000	1	0.00000	0
380	V	0.00000	1	0.00000	0
381	G	0.00000	1	0.00000	0
382	K	0.00000	1	0.00000	0
383	I	0.00000	1	0.00000	0
384	L	0.00000	1	0.00000	0
385	Y	0.00000	1	0.00000	0
386	T	0.00000	1	0.00000	0
387	P	0.00000	1	0.00000	0
388	D	0.00000	1	0.00000	0
389	T	0.00000	1	0.00000	0
390	P	0.00000	1	0.00000	0
391	A	0.00000	1	0.00000	0
392	T	0.00000	1	0.00000	0
393	R	0.00000	1	0.00000	0
394	Q	0.00000	1	0.00000	0
395	V	0.00000	1	0.00000	0
396	M	0.00000	1	0.00000	0
397	A	0.00000	1	0.00000	0
398	E	0.00000	1	0.00000	0
399	V	0.00000	1	0.00000	0
400	N	0.00000	1	0.00000	0
401	K	0.00000	1	0.00000	0
402	T	0.00000	1	0.00000	0
403	F	0.00000	1	0.00000	0
404	Q	0.00000	1	0.00000	0
405	E	0.00000	1	0.00000	0
406	L	0.00000	1	0.00000	0
407	A	0.00000	1	0.00000	0
408	V	0.00000	1	0.00000	0
409	F	0.00000	1	0.00000	0
410	H	0.00000	1	0.00000	0
411	D	0.00000	1	0.00000	0
412	L	0.00000	1	0.00000	0
413	E	0.00000	1	0.00000	0
414	G	0.00000	1	0.00000	0
415	M	0.00000	1	0.00000	0
416	W	0.00000	1	0.00000	0
417	E	0.00000	1	0.00000	0
418	E	0.00000	1	0.00000	0
419	L	0.00000	1	0.00000	0
420	S	0.00000	1	0.00000	0
421	P	0.00000	1	0.00000	0
422	K	0.00000	1	0.00000	0
423	I	0.00000	1	0.00000	0
424	W	0.00000	1	0.00000	0
425	T	0.00000	1	0.00000	0
426	F	0.00000	1	0.00000	0
427	M	0.00000	1	0.00000	0
428	E	0.00000	1	0.00000	0
429	N	0.00000	1	0.00000	0
430	S	0.00000	1	0.00000	0
431	Q	0.00000	1	0.00000	0
432	E	0.00000	1	0.00000	0
433	M	0.00000	1	0.00000	0
434	D	0.00000	1	0.00000	0
435	L	0.00000	1	0.00000	0
436	V	0.00000	1	0.00000	0
437	R	0.00000	1	0.00000	0
438	M	0.00000	1	0.00000	0
439	L	0.00000	1	0.00000	0
440	L	0.00000	1	0.00000	0
441	D	0.00000	1	0.00000	0
442	S	0.00000	1	0.00000	0
443	R	0.00000	1	0.00000	0
444	D	0.00000	1	0.00000	0
445	N	0.00000	1	0.00000	0
446	D	0.00000	1	0.00000	0
447	H	0.00000	1	0.00000	0
448	F	0.00000	1	0.00000	0
449	W	0.00000	1	0.00000	0
450	E	0.00000	1	0.00000	0
451	Q	0.00000	1	0.00000	0
452	Q	0.00000	1	0.00000	0
453	L	0.00000	1	0.00000	0
454	D	0.00000	1	0.00000	0
455	G	0.00000	1	0.00000	0
456	L	0.00000	1	0.00000	0
457	D	0.00000	1	0.00000	0
458	W	0.00000	1	0.00000	0
459	T	0.00000	1	0.00000	0
460	A	0.00000	1	0.00000	0
461	Q	0.00000	1	0.00000	0
462	D	0.00000	1	0.00000	0
463	I	0.00000	1	0.00000	0
464	V	0.00000	1	0.00000	0
465	A	0.00000	1	0.00000	0
466	F	0.00000	1	0.00000	0
467	L	0.00000	1	0.00000	0
468	A	0.00000	1	0.00000	0
469	K	0.00000	1	0.00000	0
470	H	0.00000	1	0.00000	0
471	P	0.00000	1	0.00000	0
472	E	0.00000	1	0.00000	0
473	D	0.00000	1	0.00000	0
474	V	0.00000	1	0.00000	0
475	Q	0.00000	1	0.00000	0
476	S	0.00000	1	0.00000	0
477	S	0.00000	1	0.00000	0
478	N	0.00000	1	0.00000	0
479	G	0.00000	1	0.00000	0
480	S	0.00000	1	0.00000	0
481	V	0.00000	1	0.00000	0
482	Y	0.00000	1	0.00000	0
483	T	0.00000	1	0.00000	0
484	W	0.00000	1	0.00000	0
485	R	0.00000	1	0.00000	0
486	E	0.00000	1	0.00000	0
487	A	0.00000	1	0.00000	0
488	F	0.00000	1	0.00000	0
489	N	0.00000	1	0.00000	0
490	E	0.00000	1	0.00000	0
491	T	0.00000	1	0.00000	0
492	N	0.00000	1	0.00000	0
493	Q	0.00000	1	0.00000	0
494	A	0.00000	1	0.00000	0
495	I	0.00000	1	0.00000	0
496	R	0.00000	1	0.00000	0
497	T	0.00000	1	0.00000	0
498	I	0.00000	1	0.00000	0
499	S	0.00000	1	0.00000	0
500	R	0.00000	1	0.00000	0
501	F	0.00000	1	0.00000	0
502	M	0.00000	1	0.00000	0
503	E	0.00000	1	0.00000	0
504	C	0.00000	1	0.00000	0
505	V	0.00000	1	0.00000	0
506	N	0.00000	1	0.00000	0
507	L	0.00000	1	0.00000	0
508	N	0.00000	1	0.00000	0
509	K	0.00000	1	0.00000	0
510	L	0.00000	1	0.00000	0
511	E	0.00000	1	0.00000	0
512	P	0.00000	1	0.00000	0
513	I	0.00000	1	0.00000	0
514	A	0.00000	1	0.00000	0
515	T	0.00000	1	0.00000	0
516	E	0.00000	1	0.00000	0
517	V	0.00000	1	0.00000	0
518	W	0.00000	1	0.00000	0
519	L	0.00000	1	0.00000	0
520	I	0.00000	1	0.00000	0
521	N	0.00000	1	0.00000	0
522	K	0.00000	1	0.00000	0
523	S	0.00000	1	0.00000	0
524	M	0.00000	1	0.00000	0
525	E	0.00000	1	0.00000	0
526	L	0.00000	1	0.00000	0
527	L	0.00000	1	0.00000	0
528	D	0.00000	1	0.00000	0
529	E	0.00000	1	0.00000	0
530	R	0.00000	1	0.00000	0
531	K	0.00000	1	0.00000	0
532	F	0.00000	1	0.00000	0
533	W	0.00000	1	0.00000	0
534	A	0.00000	1	0.00000	0
535	G	0.00000	1	0.00000	0
536	I	0.00000	1	0.00000	0
537	V	0.00000	1	0.00000	0
538	F	0.00000	1	0.00000	0
539	T	0.00000	1	0.00000	0
540	G	0.00000	1	0.00000	0
541	I	0.00000	1	0.00000	0
542	T	0.00000	1	0.00000	0
543	P	0.00000	1	0.00000	0
544	G	0.00000	1	0.00000	0
545	S	0.00000	1	0.00000	0
546	I	0.00000	1	0.00000	0
547	E	0.00000	1	0.00000	0
548	L	0.00000	1	0.00000	0
549	P	0.00000	1	0.00000	0
550	H	0.00000	1	0.00000	0
551	H	0.00000	1	0.00000	0
552	V	0.00000	1	0.00000	0
553	K	0.00000	1	0.00000	0
554	Y	0.00000	1	0.00000	0
555	K	0.00000	1	0.00000	0
556	I	0.00000	1	0.00000	0
557	R	0.00000	1	0.00000	0
558	M	0.00000	1	0.00000	0
559	D	0.00000	1	0.00000	0
560	I	0.00000	1	0.00000	0
561	D	0.00000	1	0.00000	0
562	N	0.00000	1	0.00000	0
563	V	0.00000	1	0.00000	0
564	E	0.00000	1	0.00000	0
565	R	0.00000	1	0.00000	0
566	T	0.00000	1	0.00000	0
567	N	0.00000	1	0.00000	0
568	K	0.00000	1	0.00000	0
569	I	0.00000	1	0.00000	0
570	K	0.00000	1	0.00000	0
571	D	0.00000	1	0.00000	0
572	G	0.00000	1	0.00000	0
573	Y	0.00000	1	0.00000	0
574	W	0.00000	1	0.00000	0
575	D	0.00000	1	0.00000	0
576	P	0.00000	1	0.00000	0
577	G	0.00000	1	0.00000	0
578	P	0.00000	1	0.00000	0
579	R	0.00000	1	0.00000	0
580	A	0.00000	1	0.00000	0
581	D	0.00000	1	0.00000	0
582	P	0.00000	1	0.00000	0
583	F	0.00000	1	0.00000	0
584	E	0.00000	1	0.00000	0
585	D	0.00000	1	0.00000	0
586	M	0.00000	1	0.00000	0
587	R	0.00000	1	0.00000	0
588	Y	0.00000	1	0.00000	0
589	V	0.00000	1	0.00000	0
590	W	0.00000	1	0.00000	0
591	G	0.00000	1	0.00000	0
592	G	0.00000	1	0.00000	0
593	F	0.00000	1	0.00000	0
594	A	0.00000	1	0.00000	0
595	Y	0.00000	1	0.00000	0
596	L	0.00000	1	0.00000	0
597	Q	0.00000	1	0.00000	0
598	D	0.00000	1	0.00000	0
599	V	0.00000	1	0.00000	0
600	V	0.00000	1	0.00000	0
601	E	0.00000	1	0.00000	0
602	Q	0.00000	1	0.00000	0
603	A	0.00000	1	0.00000	0
604	I	0.00000	1	0.00000	0
605	I	0.00000	1	0.00000	0
606	R	0.00000	1	0.00000	0
607	V	0.00000	1	0.00000	0
608	L	0.00000	1	0.00000	0
609	T	0.00000	1	0.00000	0
610	G	0.00000	1	0.00000	0
611	T	0.00000	1	0.00000	0
612	E	0.00000	1	0.00000	0
613	K	0.00000	1	0.00000	0
614	K	0.00000	1	0.00000	0
615	T	0.00000	1	0.00000	0
616	G	0.00000	1	0.00000	0
617	V	0.00000	1	0.00000	0
618	Y	0.00000	1	0.00000	0
619	M	0.00000	1	0.00000	0
620	Q	0.00000	1	0.00000	0
621	Q	0.00000	1	0.00000	0
622	M	0.00000	1	0.00000	0
623	P	0.00000	1	0.00000	0
624	Y	0.00000	1	0.00000	0
625	P	0.00000	1	0.00000	0
626	C	0.00000	1	0.00000	0
627	Y	0.00000	1	0.00000	0
628	V	0.00000	1	0.00000	0
629	D	0.00000	1	0.00000	0
630	D	0.00000	1	0.00000	0
631	I	0.00000	1	0.00000	0
632	F	0.00000	1	0.00000	0
633	L	0.00000	1	0.00000	0
634	R	0.00000	1	0.00000	0
635	V	0.00000	1	0.00000	0
636	M	0.00000	1	0.00000	0
637	S	0.00000	1	0.00000	0
638	R	0.00000	1	0.00000	0
639	S	0.00000	1	0.00000	0
640	M	0.00000	1	0.00000	0
641	P	0.00000	1	0.00000	0
642	L	0.00000	1	0.00000	0
643	F	0.00000	1	0.00000	0
644	M	0.00000	1	0.00000	0
645	T	0.00000	1	0.00000	0
646	L	0.00000	1	0.00000	0
647	A	0.00000	1	0.00000	0
648	W	0.00000	1	0.00000	0
649	I	0.00000	1	0.00000	0
650	Y	0.00000	1	0.00000	0
651	S	0.00000	1	0.00000	0
652	V	0.00000	1	0.00000	0
653	A	0.00000	1	0.00000	0
654	V	0.00000	1	0.00000	0
655	I	0.00000	1	0.00000	0
656	I	0.00000	1	0.00000	0
657	K	0.00000	1	0.00000	0
658	G	0.00000	1	0.00000	0
659	I	0.00000	1	0.00000	0
660	V	0.00000	1	0.00000	0
661	Y	0.00000	1	0.00000	0
662	E	0.00000	1	0.00000	0
663	K	0.00000	1	0.00000	0
664	E	0.00000	1	0.00000	0
665	A	0.00000	1	0.00000	0
666	R	0.00000	1	0.00000	0
667	L	0.00000	1	0.00000	0
668	K	0.00000	1	0.00000	0
669	E	0.00000	1	0.00000	0
670	T	0.00000	1	0.00000	0
671	M	0.00000	1	0.00000	0
672	R	0.00000	1	0.00000	0
673	I	0.00000	1	0.00000	0
674	M	0.00000	1	0.00000	0
675	G	0.00000	1	0.00000	0
676	L	0.00000	1	0.00000	0
677	D	0.00000	1	0.00000	0
678	N	0.00000	1	0.00000	0
679	S	0.00000	1	0.00000	0
680	I	0.00000	1	0.00000	0
681	L	0.00000	1	0.00000	0
682	W	0.00000	1	0.00000	0
683	F	0.00000	1	0.00000	0
684	S	0.00000	1	0.00000	0
685	W	0.00000	1	0.00000	0
686	F	0.00000	1	0.00000	0
687	I	0.00000	1	0.00000	0
688	S	0.00000	1	0.00000	0
689	S	0.00000	1	0.00000	0
690	L	0.00000	1	0.00000	0
691	I	0.00000	1	0.00000	0
692	P	0.00000	1	0.00000	0
693	L	0.00000	1	0.00000	0
694	L	0.00000	1	0.00000	0
695	V	0.00000	1	0.00000	0
696	S	0.00000	1	0.00000	0
697	A	0.00000	1	0.00000	0
698	G	0.00000	1	0.00000	0
699	L	0.00000	1	0.00000	0
700	L	0.00000	1	0.00000	0
701	V	0.00000	1	0.00000	0
702	V	0.00000	1	0.00000	0
703	I	0.00000	1	0.00000	0
704	L	0.00000	1	0.00000	0
705	K	0.00000	1	0.00000	0
706	L	0.00000	1	0.00000	0
707	G	0.00000	1	0.00000	0
708	N	0.00000	1	0.00000	0
709	L	0.00000	1	0.00000	0
710	L	0.00000	1	0.00000	0
711	P	0.00000	1	0.00000	0
712	Y	0.00000	1	0.00000	0
713	S	0.00000	1	0.00000	0
714	D	0.00000	1	0.00000	0
715	P	0.00000	1	0.00000	0
716	S	0.00000	1	0.00000	0
717	V	0.00000	1	0.00000	0
718	V	0.00000	1	0.00000	0
719	F	0.00000	1	0.00000	0
720	V	0.00000	1	0.00000	0
721	F	0.00000	1	0.00000	0
722	L	0.00000	1	0.00000	0
723	S	0.00000	1	0.00000	0
724	V	0.00000	1	0.00000	0
725	F	0.00000	1	0.00000	0
726	A	0.00000	1	0.00000	0
727	V	0.00000	1	0.00000	0
728	V	0.00000	1	0.00000	0
729	T	0.00000	1	0.00000	0
730	I	0.00000	1	0.00000	0
731	L	0.00000	1	0.00000	0
732	Q	0.00000	1	0.00000	0
733	C	0.00000	1	0.00000	0
734	F	0.00000	1	0.00000	0
735	L	0.00000	1	0.00000	0
736	I	0.00000	1	0.00000	0
737	S	0.00000	1	0.00000	0
738	T	0.00000	1	0.00000	0
739	L	0.00000	1	0.00000	0
740	F	0.00000	1	0.00000	0
741	S	0.00000	1	0.00000	0
742	R	0.00000	1	0.00000	0
743	A	0.00000	1	0.00000	0
744	N	0.00000	1	0.00000	0
745	L	0.00000	1	0.00000	0
746	A	0.00000	1	0.00000	0
747	A	0.00000	1	0.00000	0
748	A	0.00000	1	0.00000	0
749	C	0.00000	1	0.00000	0
750	G	0.00000	1	0.00000	0
751	G	0.00000	1	0.00000	0
752	I	0.00000	1	0.00000	0
753	I	0.00000	1	0.00000	0
754	Y	0.00000	1	0.00000	0
755	F	0.00000	1	0.00000	0
756	T	0.00000	1	0.00000	0
757	L	0.00000	1	0.00000	0
758	Y	0.00000	1	0.00000	0
759	L	0.00000	1	0.00000	0
760	P	0.00000	1	0.00000	0
761	Y	0.00000	1	0.00000	0
762	V	0.00000	1	0.00000	0
763	L	0.00000	1	0.00000	0
764	C	0.00000	1	0.00000	0
765	V	0.00000	1	0.00000	0
766	A	0.00000	1	0.00000	0
767	W	0.00000	1	0.00000	0
768	Q	0.00000	1	0.00000	0
769	D	0.00000	1	0.00000	0
770	Y	0.00000	1	0.00000	0
771	V	0.00000	1	0.00000	0
772	G	0.00000	1	0.00000	0
773	F	0.00000	1	0.00000	0
774	T	0.00000	1	0.00000	0
775	L	0.00000	1	0.00000	0
776	K	0.00000	1	0.00000	0
777	I	0.00000	1	0.00000	0
778	F	0.00000	1	0.00000	0
779	A	0.00000	1	0.00000	0
780	S	0.00000	1	0.00000	0
781	L	0.00000	1	0.00000	0
782	L	0.00000	1	0.00000	0
783	S	0.00000	1	0.00000	0
784	P	0.00000	1	0.00000	0
785	V	0.00000	1	0.00000	0
786	A	0.00000	1	0.00000	0
787	F	0.00000	1	0.00000	0
788	G	0.00000	1	0.00000	0
789	F	0.00000	1	0.00000	0
790	G	0.00000	1	0.00000	0
791	C	0.00000	1	0.00000	0
792	E	0.00000	1	0.00000	0
793	Y	0.00000	1	0.00000	0
794	F	0.00000	1	0.00000	0
795	A	0.00000	1	0.00000	0
796	L	0.00000	1	0.00000	0
797	F	0.00000	1	0.00000	0
798	E	0.00000	1	0.00000	0
799	E	0.00000	1	0.00000	0
800	Q	0.00000	1	0.00000	0
801	G	0.00000	1	0.00000	0
802	I	0.00000	1	0.00000	0
803	G	0.00000	1	0.00000	0
804	V	0.00000	1	0.00000	0
805	Q	0.00000	1	0.00000	0
806	W	0.00000	1	0.00000	0
807	D	0.00000	1	0.00000	0
808	N	0.00000	1	0.00000	0
809	L	0.00000	1	0.00000	0
810	F	0.00000	1	0.00000	0
811	E	0.00000	1	0.00000	0
812	S	0.00000	1	0.00000	0
813	P	0.00000	1	0.00000	0
814	V	0.00000	1	0.00000	0
815	E	0.00000	1	0.00000	0
816	E	0.00000	1	0.00000	0
817	D	0.00000	1	0.00000	0
818	G	0.00000	1	0.00000	0
819	F	0.00000	1	0.00000	0
820	N	0.00000	1	0.00000	0
821	L	0.00000	1	0.00000	0
822	T	0.00000	1	0.00000	0
823	T	0.00000	1	0.00000	0
824	S	0.00000	1	0.00000	0
825	V	0.00000	1	0.00000	0
826	S	0.00000	1	0.00000	0
827	M	0.00000	1	0.00000	0
828	M	0.00000	1	0.00000	0
829	L	0.00000	1	0.00000	0
830	F	0.00000	1	0.00000	0
831	D	0.00000	1	0.00000	0
832	T	0.00000	1	0.00000	0
833	F	0.00000	1	0.00000	0
834	L	0.00000	1	0.00000	0
835	Y	0.00000	1	0.00000	0
836	G	0.00000	1	0.00000	0
837	V	0.00000	1	0.00000	0
838	M	0.00000	1	0.00000	0
839	T	0.00000	1	0.00000	0
840	W	0.00000	1	0.00000	0
841	Y	0.00000	1	0.00000	0
842	I	0.00000	1	0.00000	0
843	E	0.00000	1	0.00000	0
844	A	0.00000	1	0.00000	0
845	V	0.00000	1	0.00000	0
846	F	0.00000	1	0.00000	0
847	P	0.00000	1	0.00000	0
848	G	0.00000	1	0.00000	0
849	Q	0.00000	1	0.00000	0
850	Y	0.00000	1	0.00000	0
851	G	0.00000	1	0.00000	0
852	I	0.00000	1	0.00000	0
853	P	0.00000	1	0.00000	0
854	R	0.00000	1	0.00000	0
855	P	0.00000	1	0.00000	0
856	W	0.00000	1	0.00000	0
857	Y	0.00000	1	0.00000	0
858	F	0.00000	1	0.00000	0
859	P	0.00000	1	0.00000	0
860	C	0.00000	1	0.00000	0
861	T	0.00000	1	0.00000	0
862	K	0.00000	1	0.00000	0
863	S	0.00000	1	0.00000	0
864	Y	0.00000	1	0.00000	0
865	W	0.00000	1	0.00000	0
866	F	0.00000	1	0.00000	0
867	G	0.00000	1	0.00000	0
868	E	0.00000	1	0.00000	0
869	E	0.00000	1	0.00000	0
870	S	0.00000	1	0.00000	0
871	D	0.00000	1	0.00000	0
872	E	0.00000	1	0.00000	0
873	K	0.00000	1	0.00000	0
874	S	0.00000	1	0.00000	0
875	H	0.00000	1	0.00000	0
876	P	0.00000	1	0.00000	0
877	G	0.00000	1	0.00000	0
878	S	0.00000	1	0.00000	0
879	N	0.00000	1	0.00000	0
880	Q	0.00000	1	0.00000	0
881	K	0.00000	1	0.00000	0
882	R	0.00000	1	0.00000	0
883	I	0.00000	1	0.00000	0
884	S	0.00000	1	0.00000	0
885	E	0.00000	1	0.00000	0
886	I	0.00000	1	0.00000	0
887	C	0.00000	1	0.00000	0
888	M	0.00000	1	0.00000	0
889	E	0.00000	1	0.00000	0
890	E	0.00000	1	0.00000	0
891	E	0.00000	1	0.00000	0
892	P	0.00000	1	0.00000	0
893	T	0.00000	1	0.00000	0
894	H	0.00000	1	0.00000	0
895	L	0.00000	1	0.00000	0
896	K	0.00000	1	0.00000	0
897	L	0.00000	1	0.00000	0
898	G	0.00000	1	0.00000	0
899	V	0.00000	1	0.00000	0
900	S	0.00000	1	0.00000	0
901	I	0.00000	1	0.00000	0
902	Q	0.00000	1	0.00000	0
903	N	0.00000	1	0.00000	0
904	L	0.00000	1	0.00000	0
905	V	0.00000	1	0.00000	0
906	K	0.00000	1	0.00000	0
907	V	0.00000	1	0.00000	0
908	Y	0.00000	1	0.00000	0
909	R	0.00000	1	0.00000	0
910	D	0.00000	1	0.00000	0
911	G	0.00000	1	0.00000	0
912	M	0.00000	1	0.00000	0
913	K	0.00000	1	0.00000	0
914	V	0.00000	1	0.00000	0
915	A	0.00000	1	0.00000	0
916	V	0.00000	1	0.00000	0
917	D	0.00000	1	0.00000	0
918	G	0.00000	1	0.00000	0
919	L	0.00000	1	0.00000	0
920	A	0.00000	1	0.00000	0
921	L	0.00000	1	0.00000	0
922	N	0.00000	1	0.00000	0
923	F	0.00000	1	0.00000	0
924	Y	0.00000	1	0.00000	0
925	E	0.00000	1	0.00000	0
926	G	0.00000	1	0.00000	0
927	Q	0.00000	1	0.00000	0
928	I	0.00000	1	0.00000	0
929	T	0.00000	1	0.00000	0
930	S	0.00000	1	0.00000	0
931	F	0.00000	1	0.00000	0
932	L	0.00000	1	0.00000	0
933	G	0.00000	1	0.00000	0
934	H	0.00000	1	0.00000	0
935	N	0.00000	1	0.00000	0
936	G	0.00000	1	0.00000	0
937	A	0.00000	1	0.00000	0
938	G	0.00000	1	0.00000	0
939	K	0.00000	1	0.00000	0
940	T	0.00000	1	0.00000	0
941	T	0.00000	1	0.00000	0
942	T	0.00000	1	0.00000	0
943	M	0.00000	1	0.00000	0
944	S	0.00000	1	0.00000	0
945	I	0.00000	1	0.00000	0
946	L	0.00000	1	0.00000	0
947	T	0.00000	1	0.00000	0
948	G	0.00000	1	0.00000	0
949	L	0.00000	1	0.00000	0
950	F	0.00000	1	0.00000	0
951	P	0.00000	1	0.00000	0
952	P	0.00000	1	0.00000	0
953	T	0.00000	1	0.00000	0
954	S	0.00000	1	0.00000	0
955	G	0.00000	1	0.00000	0
956	T	0.00000	1	0.00000	0
957	A	0.00000	1	0.00000	0
958	Y	0.00000	1	0.00000	0
959	I	0.00000	1	0.00000	0
960	L	0.00000	1	0.00000	0
961	G	0.00000	1	0.00000	0
962	K	0.00000	1	0.00000	0
963	D	0.00000	1	0.00000	0
964	I	0.00000	1	0.00000	0
965	R	0.00000	1	0.00000	0
966	S	0.00000	1	0.00000	0
967	E	0.00000	1	0.00000	0
968	M	0.00000	1	0.00000	0
969	S	0.00000	1	0.00000	0
970	T	0.00000	1	0.00000	0
971	I	0.00000	1	0.00000	0
972	R	0.00000	1	0.00000	0
973	Q	0.00000	1	0.00000	0
974	N	0.00000	1	0.00000	0
975	L	0.00000	1	0.00000	0
976	G	0.00000	1	0.00000	0
977	V	0.00000	1	0.00000	0
978	C	0.00000	1	0.00000	0
979	P	0.00000	1	0.00000	0
980	Q	0.00000	1	0.00000	0
981	H	0.00000	1	0.00000	0
982	N	0.00000	1	0.00000	0
983	V	0.00000	1	0.00000	0
984	L	0.00000	1	0.00000	0
985	F	0.00000	1	0.00000	0
986	D	0.00000	1	0.00000	0
987	M	0.00000	1	0.00000	0
988	L	0.00000	1	0.00000	0
989	T	0.00000	1	0.00000	0
990	V	0.00000	1	0.00000	0
991	E	0.00000	1	0.00000	0
992	E	0.00000	1	0.00000	0
993	H	0.00000	1	0.00000	0
994	I	0.00000	1	0.00000	0
995	W	0.00000	1	0.00000	0
996	F	0.00000	1	0.00000	0
997	Y	0.00000	1	0.00000	0
998	A	0.00000	1	0.00000	0
999	R	0.00000	1	0.00000	0
1000	L	0.00000	1	0.00000	0
1001	K	0.00000	1	0.00000	0
1002	G	0.00000	1	0.00000	0
1003	L	0.00000	1	0.00000	0
1004	S	0.00000	1	0.00000	0
1005	E	0.00000	1	0.00000	0
1006	K	0.00000	1	0.00000	0
1007	H	0.00000	1	0.00000	0
1008	V	0.00000	1	0.00000	0
1009	K	0.00000	1	0.00000	0
1010	A	0.00000	1	0.00000	0
1011	E	0.00000	1	0.00000	0
1012	M	0.00000	1	0.00000	0
1013	E	0.00000	1	0.00000	0
1014	Q	0.00000	1	0.00000	0
1015	M	0.00000	1	0.00000	0
1016	A	0.00000	1	0.00000	0
1017	L	0.00000	1	0.00000	0
1018	D	0.00000	1	0.00000	0
1019	V	0.00000	1	0.00000	0
1020	G	0.00000	1	0.00000	0
1021	L	0.00000	1	0.00000	0
1022	P	0.00000	1	0.00000	0
1023	S	0.00000	1	0.00000	0
1024	S	0.00000	1	0.00000	0
1025	K	0.00000	1	0.00000	0
1026	L	0.00000	1	0.00000	0
1027	K	0.00000	1	0.00000	0
1028	S	0.00000	1	0.00000	0
1029	K	0.00000	1	0.00000	0
1030	T	0.00000	1	0.00000	0
1031	S	0.00000	1	0.00000	0
1032	Q	0.00000	1	0.00000	0
1033	L	0.00000	1	0.00000	0
1034	S	0.00000	1	0.00000	0
1035	G	0.00000	1	0.00000	0
1036	G	0.00000	1	0.00000	0
1037	M	0.00000	1	0.00000	0
1038	Q	0.00000	1	0.00000	0
1039	R	0.00000	1	0.00000	0
1040	K	0.00000	1	0.00000	0
1041	L	0.00000	1	0.00000	0
1042	S	0.00000	1	0.00000	0
1043	V	0.00000	1	0.00000	0
1044	A	0.00000	1	0.00000	0
1045	L	0.00000	1	0.00000	0
1046	A	0.00000	1	0.00000	0
1047	F	0.00000	1	0.00000	0
1048	V	0.00000	1	0.00000	0
1049	G	0.00000	1	0.00000	0
1050	G	0.00000	1	0.00000	0
1051	S	0.00000	1	0.00000	0
1052	K	0.00000	1	0.00000	0
1053	V	0.00000	1	0.00000	0
1054	V	0.00000	1	0.00000	0
1055	I	0.00000	1	0.00000	0
1056	L	0.00000	1	0.00000	0
1057	D	0.00000	1	0.00000	0
1058	E	0.00000	1	0.00000	0
1059	P	0.00000	1	0.00000	0
1060	T	0.00000	1	0.00000	0
1061	A	0.00000	1	0.00000	0
1062	G	0.00000	1	0.00000	0
1063	V	0.00000	1	0.00000	0
1064	D	0.00000	1	0.00000	0
1065	P	0.00000	1	0.00000	0
1066	Y	0.00000	1	0.00000	0
1067	S	0.00000	1	0.00000	0
1068	R	0.00000	1	0.00000	0
1069	R	0.00000	1	0.00000	0
1070	G	0.00000	1	0.00000	0
1071	I	0.00000	1	0.00000	0
1072	W	0.00000	1	0.00000	0
1073	E	0.00000	1	0.00000	0
1074	L	0.00000	1	0.00000	0
1075	L	0.00000	1	0.00000	0
1076	L	0.00000	1	0.00000	0
1077	K	0.00000	1	0.00000	0
1078	Y	0.00000	1	0.00000	0
1079	R	0.00000	1	0.00000	0
1080	Q	0.00000	1	0.00000	0
1081	G	0.00000	1	0.00000	0
1082	R	0.00000	1	0.00000	0
1083	T	0.00000	1	0.00000	0
1084	I	0.00000	1	0.00000	0
1085	I	0.00000	1	0.00000	0
1086	L	0.00000	1	0.00000	0
1087	S	0.00000	1	0.00000	0
1088	T	0.00000	1	0.00000	0
1089	H	0.00000	1	0.00000	0
1090	H	0.00000	1	0.00000	0
1091	M	0.00000	1	0.00000	0
1092	D	0.00000	1	0.00000	0
1093	E	0.00000	1	0.00000	0
1094	A	0.00000	1	0.00000	0
1095	D	0.00000	1	0.00000	0
1096	V	0.00000	1	0.00000	0
1097	L	0.00000	1	0.00000	0
1098	G	0.00000	1	0.00000	0
1099	D	0.00000	1	0.00000	0
1100	R	0.00000	1	0.00000	0
1101	I	0.00000	1	0.00000	0
1102	A	0.00000	1	0.00000	0
1103	I	0.00000	1	0.00000	0
1104	I	0.00000	1	0.00000	0
1105	S	0.00000	1	0.00000	0
1106	H	0.00000	1	0.00000	0
1107	G	0.00000	1	0.00000	0
1108	K	0.00000	1	0.00000	0
1109	L	0.00000	1	0.00000	0
1110	C	0.00000	1	0.00000	0
1111	C	0.00000	1	0.00000	0
1112	V	0.00000	1	0.00000	0
1113	G	0.00000	1	0.00000	0
1114	S	0.00000	1	0.00000	0
1115	S	0.00000	1	0.00000	0
1116	L	0.00000	1	0.00000	0
1117	F	0.00000	1	0.00000	0
1118	L	0.00000	1	0.00000	0
1119	K	0.00000	1	0.00000	0
1120	N	0.00000	1	0.00000	0
1121	Q	0.00000	1	0.00000	0
1122	L	0.00000	1	0.00000	0
1123	G	0.00000	1	0.00000	0
1124	T	0.00000	1	0.00000	0
1125	G	0.00000	1	0.00000	0
1126	Y	0.00000	1	0.00000	0
1127	Y	0.00000	1	0.00000	0
1128	L	0.00000	1	0.00000	0
1129	T	0.00000	1	0.00000	0
1130	L	0.00000	1	0.00000	0
1131	V	0.00000	1	0.00000	0
1132	K	0.00000	1	0.00000	0
1133	K	0.00000	1	0.00000	0
1134	D	0.00000	1	0.00000	0
1135	V	0.00000	1	0.00000	0
1136	E	0.00000	1	0.00000	0
1137	S	0.00000	1	0.00000	0
1138	S	0.00000	1	0.00000	0
1139	L	0.00000	1	0.00000	0
1140	S	0.00000	1	0.00000	0
1141	S	0.00000	1	0.00000	0
1142	C	0.00000	1	0.00000	0
1143	R	0.00000	1	0.00000	0
1144	N	0.00000	1	0.00000	0
1145	S	0.00000	1	0.00000	0
1146	S	0.00000	1	0.00000	0
1147	S	0.00000	1	0.00000	0
1148	T	0.00000	1	0.00000	0
1149	V	0.00000	1	0.00000	0
1150	S	0.00000	1	0.00000	0
1151	Y	0.00000	1	0.00000	0
1152	L	0.00000	1	0.00000	0
1153	K	0.00000	1	0.00000	0
1154	K	0.00000	1	0.00000	0
1155	E	0.00000	1	0.00000	0
1156	D	0.00000	1	0.00000	0
1157	S	0.00000	1	0.00000	0
1158	V	0.00000	1	0.00000	0
1159	S	0.00000	1	0.00000	0
1160	Q	0.00000	1	0.00000	0
1161	S	0.00000	1	0.00000	0
1162	S	0.00000	1	0.00000	0
1163	S	0.00000	1	0.00000	0
1164	D	0.00000	1	0.00000	0
1165	A	0.00000	1	0.00000	0
1166	G	0.00000	1	0.00000	0
1167	L	0.00000	1	0.00000	0
1168	G	0.00000	1	0.00000	0
1169	S	0.00000	1	0.00000	0
1170	D	0.00000	1	0.00000	0
1171	H	0.00000	1	0.00000	0
1172	E	0.00000	1	0.00000	0
1173	S	0.00000	1	0.00000	0
1174	D	0.00000	1	0.00000	0
1175	T	0.00000	1	0.00000	0
1176	L	0.00000	1	0.00000	0
1177	T	0.00000	1	0.00000	0
1178	I	0.00000	1	0.00000	0
1179	D	0.00000	1	0.00000	0
1180	V	0.00000	1	0.00000	0
1181	S	0.00000	1	0.00000	0
1182	A	0.00000	1	0.00000	0
1183	I	0.00000	1	0.00000	0
1184	S	0.00000	1	0.00000	0
1185	N	0.00000	1	0.00000	0
1186	L	0.00000	1	0.00000	0
1187	I	0.00000	1	0.00000	0
1188	R	0.00000	1	0.00000	0
1189	K	0.00000	1	0.00000	0
1190	H	0.00000	1	0.00000	0
1191	V	0.00000	1	0.00000	0
1192	S	0.00000	1	0.00000	0
1193	E	0.00000	1	0.00000	0
1194	A	0.00000	1	0.00000	0
1195	R	0.00000	1	0.00000	0
1196	L	0.00000	1	0.00000	0
1197	V	0.00000	1	0.00000	0
1198	E	0.00000	1	0.00000	0
1199	D	0.00000	1	0.00000	0
1200	I	0.00000	1	0.00000	0
1201	G	0.00000	1	0.00000	0
1202	H	0.00000	1	0.00000	0
1203	E	0.00000	1	0.00000	0
1204	L	0.00000	1	0.00000	0
1205	T	0.00000	1	0.00000	0
1206	Y	0.00000	1	0.00000	0
1207	V	0.00000	1	0.00000	0
1208	L	0.00000	1	0.00000	0
1209	P	0.00000	1	0.00000	0
1210	Y	0.00000	1	0.00000	0
1211	E	0.00000	1	0.00000	0
1212	A	0.00000	1	0.00000	0
1213	A	0.00000	1	0.00000	0
1214	K	0.00000	1	0.00000	0
1215	E	0.00000	1	0.00000	0
1216	G	0.00000	1	0.00000	0
1217	A	0.00000	1	0.00000	0
1218	F	0.00000	1	0.00000	0
1219	V	0.00000	1	0.00000	0
1220	E	0.00000	1	0.00000	0
1221	L	0.00000	1	0.00000	0
1222	F	0.00000	1	0.00000	0
1223	H	0.00000	1	0.00000	0
1224	E	0.00000	1	0.00000	0
1225	I	0.00000	1	0.00000	0
1226	D	0.00000	1	0.00000	0
1227	D	0.00000	1	0.00000	0
1228	R	0.00000	1	0.00000	0
1229	L	0.00000	1	0.00000	0
1230	S	0.00000	1	0.00000	0
1231	D	0.00000	1	0.00000	0
1232	L	0.00000	1	0.00000	0
1233	G	0.00000	1	0.00000	0
1234	I	0.00000	1	0.00000	0
1235	S	0.00000	1	0.00000	0
1236	S	0.00000	1	0.00000	0
1237	Y	0.00000	1	0.00000	0
1238	G	0.00000	1	0.00000	0
1239	I	0.00000	1	0.00000	0
1240	S	0.00000	1	0.00000	0
1241	E	0.00000	1	0.00000	0
1242	T	0.00000	1	0.00000	0
1243	T	0.00000	1	0.00000	0
1244	L	0.00000	1	0.00000	0
1245	E	0.00000	1	0.00000	0
1246	E	0.00000	1	0.00000	0
1247	I	0.00000	1	0.00000	0
1248	F	0.00000	1	0.00000	0
1249	L	0.00000	1	0.00000	0
1250	K	0.00000	1	0.00000	0
1251	V	0.00000	1	0.00000	0
1252	A	0.00000	1	0.00000	0
1253	E	0.00000	1	0.00000	0
1254	E	0.00000	1	0.00000	0
1255	S	0.00000	1	0.00000	0
1256	G	0.00000	1	0.00000	0
1257	V	0.00000	1	0.00000	0
1258	D	0.00000	1	0.00000	0
1259	A	0.00000	1	0.00000	0
1260	E	0.00000	1	0.00000	0
1261	T	0.00000	1	0.00000	0
1262	S	0.00000	1	0.00000	0
1263	D	0.00000	1	0.00000	0
1264	G	0.00000	1	0.00000	0
1265	T	0.00000	1	0.00000	0
1266	L	0.00000	1	0.00000	0
1267	P	0.00000	1	0.00000	0
1268	A	0.00000	1	0.00000	0
1269	R	0.00000	1	0.00000	0
1270	R	0.00000	1	0.00000	0
1271	N	0.00000	1	0.00000	0
1272	R	0.00000	1	0.00000	0
1273	R	0.00000	1	0.00000	0
1274	A	0.00000	1	0.00000	0
1275	F	0.00000	1	0.00000	0
1276	G	0.00000	1	0.00000	0
1277	D	0.00000	1	0.00000	0
1278	K	0.00000	1	0.00000	0
1279	Q	0.00000	1	0.00000	0
1280	S	0.00000	1	0.00000	0
1281	C	0.00000	1	0.00000	0
1282	L	0.00000	1	0.00000	0
1283	R	0.00000	1	0.00000	0
1284	P	0.00000	1	0.00000	0
1285	F	0.00000	1	0.00000	0
1286	T	0.00000	1	0.00000	0
1287	E	0.00000	1	0.00000	0
1288	D	0.00000	1	0.00000	0
1289	D	0.00000	1	0.00000	0
1290	A	0.00000	1	0.00000	0
1291	A	0.00000	1	0.00000	0
1292	D	0.00000	1	0.00000	0
1293	P	0.00000	1	0.00000	0
1294	N	0.00000	1	0.00000	0
1295	D	0.00000	1	0.00000	0
1296	S	0.00000	1	0.00000	0
1297	D	0.00000	1	0.00000	0
1298	I	0.00000	1	0.00000	0
1299	D	0.00000	1	0.00000	0
1300	P	0.00000	1	0.00000	0
1301	E	0.00000	1	0.00000	0
1302	S	0.00000	1	0.00000	0
1303	R	0.00000	1	0.00000	0
1304	E	0.00000	1	0.00000	0
1305	T	0.00000	1	0.00000	0
1306	D	0.00000	1	0.00000	0
1307	L	0.00000	1	0.00000	0
1308	L	0.00000	1	0.00000	0
1309	S	0.00000	1	0.00000	0
1310	G	0.00000	1	0.00000	0
1311	M	0.00000	1	0.00000	0
1312	D	0.00000	1	0.00000	0
1313	G	0.00000	1	0.00000	0
1314	K	0.00000	1	0.00000	0
1315	G	0.00000	1	0.00000	0
1316	S	0.00000	1	0.00000	0
1317	Y	0.00000	1	0.00000	0
1318	Q	0.00000	1	0.00000	0
1319	V	0.00000	1	0.00000	0
1320	K	0.00000	1	0.00000	0
1321	G	0.00000	1	0.00000	0
1322	W	0.00000	1	0.00000	0
1323	K	0.00000	1	0.00000	0
1324	L	0.00000	1	0.00000	0
1325	T	0.00000	1	0.00000	0
1326	Q	0.00000	1	0.00000	0
1327	Q	0.00000	1	0.00000	0
1328	Q	0.00000	1	0.00000	0
1329	F	0.00000	1	0.00000	0
1330	V	0.00000	1	0.00000	0
1331	A	0.00000	1	0.00000	0
1332	L	0.00000	1	0.00000	0
1333	L	0.00000	1	0.00000	0
1334	W	0.00000	1	0.00000	0
1335	K	0.00000	1	0.00000	0
1336	R	0.00000	1	0.00000	0
1337	L	0.00000	1	0.00000	0
1338	L	0.00000	1	0.00000	0
1339	I	0.00000	1	0.00000	0
1340	A	0.00000	1	0.00000	0
1341	R	0.00000	1	0.00000	0
1342	R	0.00000	1	0.00000	0
1343	S	0.00000	1	0.00000	0
1344	R	0.00000	1	0.00000	0
1345	K	0.00000	1	0.00000	0
1346	G	0.00000	1	0.00000	0
1347	F	0.00000	1	0.00000	0
1348	F	0.00000	1	0.00000	0
1349	A	0.00000	1	0.00000	0
1350	Q	0.00000	1	0.00000	0
1351	I	0.00000	1	0.00000	0
1352	V	0.00000	1	0.00000	0
1353	L	0.00000	1	0.00000	0
1354	P	0.00000	1	0.00000	0
1355	A	0.00000	1	0.00000	0
1356	V	0.00000	1	0.00000	0
1357	F	0.00000	1	0.00000	0
1358	V	0.00000	1	0.00000	0
1359	C	0.00000	1	0.00000	0
1360	I	0.00000	1	0.00000	0
1361	A	0.00000	1	0.00000	0
1362	L	0.00000	1	0.00000	0
1363	V	0.00000	1	0.00000	0
1364	F	0.00000	1	0.00000	0
1365	S	0.00000	1	0.00000	0
1366	L	0.00000	1	0.00000	0
1367	I	0.00000	1	0.00000	0
1368	V	0.00000	1	0.00000	0
1369	P	0.00000	1	0.00000	0
1370	P	0.00000	1	0.00000	0
1371	F	0.00000	1	0.00000	0
1372	G	0.00000	1	0.00000	0
1373	K	0.00000	1	0.00000	0
1374	Y	0.00000	1	0.00000	0
1375	P	0.00000	1	0.00000	0
1376	S	0.00000	1	0.00000	0
1377	L	0.00000	1	0.00000	0
1378	E	0.00000	1	0.00000	0
1379	L	0.00000	1	0.00000	0
1380	Q	0.00000	1	0.00000	0
1381	P	0.00000	1	0.00000	0
1382	W	0.00000	1	0.00000	0
1383	M	0.00000	1	0.00000	0
1384	Y	0.00000	1	0.00000	0
1385	N	0.00000	1	0.00000	0
1386	E	0.00000	1	0.00000	0
1387	Q	0.00000	1	0.00000	0
1388	Y	0.00000	1	0.00000	0
1389	T	0.00000	1	0.00000	0
1390	F	0.00000	1	0.00000	0
1391	V	0.00000	1	0.00000	0
1392	S	0.00000	1	0.00000	0
1393	N	0.00000	1	0.00000	0
1394	D	0.00000	1	0.00000	0
1395	A	0.00000	1	0.00000	0
1396	P	0.00000	1	0.00000	0
1397	E	0.00000	1	0.00000	0
1398	D	0.00000	1	0.00000	0
1399	T	0.00000	1	0.00000	0
1400	G	0.00000	1	0.00000	0
1401	T	0.00000	1	0.00000	0
1402	L	0.00000	1	0.00000	0
1403	E	0.00000	1	0.00000	0
1404	L	0.00000	1	0.00000	0
1405	L	0.00000	1	0.00000	0
1406	N	0.00000	1	0.00000	0
1407	A	0.00000	1	0.00000	0
1408	L	0.00000	1	0.00000	0
1409	T	0.00000	1	0.00000	0
1410	K	0.00000	1	0.00000	0
1411	D	0.00000	1	0.00000	0
1412	P	0.00000	1	0.00000	0
1413	G	0.00000	1	0.00000	0
1414	F	0.00000	1	0.00000	0
1415	G	0.00000	1	0.00000	0
1416	T	0.00000	1	0.00000	0
1417	R	0.00000	1	0.00000	0
1418	C	0.00000	1	0.00000	0
1419	M	0.00000	1	0.00000	0
1420	E	0.00000	1	0.00000	0
1421	G	0.00000	1	0.00000	0
1422	N	0.00000	1	0.00000	0
1423	P	0.00000	1	0.00000	0
1424	I	0.00000	1	0.00000	0
1425	P	0.00000	1	0.00000	0
1426	D	0.00000	1	0.00000	0
1427	T	0.00000	1	0.00000	0
1428	P	0.00000	1	0.00000	0
1429	C	0.00000	1	0.00000	0
1430	Q	0.00000	1	0.00000	0
1431	A	0.00000	1	0.00000	0
1432	G	0.00000	1	0.00000	0
1433	E	0.00000	1	0.00000	0
1434	E	0.00000	1	0.00000	0
1435	E	0.00000	1	0.00000	0
1436	W	0.00000	1	0.00000	0
1437	T	0.00000	1	0.00000	0
1438	T	0.00000	1	0.00000	0
1439	A	0.00000	1	0.00000	0
1440	P	0.00000	1	0.00000	0
1441	V	0.00000	1	0.00000	0
1442	P	0.00000	1	0.00000	0
1443	Q	0.00000	1	0.00000	0
1444	T	0.00000	1	0.00000	0
1445	I	0.00000	1	0.00000	0
1446	M	0.00000	1	0.00000	0
1447	D	0.00000	1	0.00000	0
1448	L	0.00000	1	0.00000	0
1449	F	0.00000	1	0.00000	0
1450	Q	0.00000	1	0.00000	0
1451	N	0.00000	1	0.00000	0
1452	G	0.00000	1	0.00000	0
1453	N	0.00000	1	0.00000	0
1454	W	0.00000	1	0.00000	0
1455	T	0.00000	1	0.00000	0
1456	M	0.00000	1	0.00000	0
1457	Q	0.00000	1	0.00000	0
1458	N	0.00000	1	0.00000	0
1459	P	0.00000	1	0.00000	0
1460	S	0.00000	1	0.00000	0
1461	P	0.00000	1	0.00000	0
1462	A	0.00000	1	0.00000	0
1463	C	0.00000	1	0.00000	0
1464	Q	0.00000	1	0.00000	0
1465	C	0.00000	1	0.00000	0
1466	S	0.00000	1	0.00000	0
1467	S	0.00000	1	0.00000	0
1468	D	0.00000	1	0.00000	0
1469	K	0.00000	1	0.00000	0
1470	I	0.00000	1	0.00000	0
1471	K	0.00000	1	0.00000	0
1472	K	0.00000	1	0.00000	0
1473	M	0.00000	1	0.00000	0
1474	L	0.00000	1	0.00000	0
1475	P	0.00000	1	0.00000	0
1476	V	0.00000	1	0.00000	0
1477	C	0.00000	1	0.00000	0
1478	P	0.00000	1	0.00000	0
1479	P	0.00000	1	0.00000	0
1480	G	0.00000	1	0.00000	0
1481	A	0.00000	1	0.00000	0
1482	G	0.00000	1	0.00000	0
1483	G	0.00000	1	0.00000	0
1484	L	0.00000	1	0.00000	0
1485	P	0.00000	1	0.00000	0
1486	P	0.00000	1	0.00000	0
1487	P	0.00000	1	0.00000	0
1488	Q	0.00000	1	0.00000	0
1489	R	0.00000	1	0.00000	0
1490	K	0.00000	1	0.00000	0
1491	Q	0.00000	1	0.00000	0
1492	N	0.00000	1	0.00000	0
1493	T	0.00000	1	0.00000	0
1494	A	0.00000	1	0.00000	0
1495	D	0.00000	1	0.00000	0
1496	I	0.00000	1	0.00000	0
1497	L	0.00000	1	0.00000	0
1498	Q	0.00000	1	0.00000	0
1499	D	0.00000	1	0.00000	0
1500	L	0.00000	1	0.00000	0
1501	T	0.00000	1	0.00000	0
1502	G	0.00000	1	0.00000	0
1503	R	0.00000	1	0.00000	0
1504	N	0.00000	1	0.00000	0
1505	I	0.00000	1	0.00000	0
1506	S	0.00000	1	0.00000	0
1507	D	0.00000	1	0.00000	0
1508	Y	0.00000	1	0.00000	0
1509	L	0.00000	1	0.00000	0
1510	V	0.00000	1	0.00000	0
1511	K	0.00000	1	0.00000	0
1512	T	0.00000	1	0.00000	0
1513	Y	0.00000	1	0.00000	0
1514	V	0.00000	1	0.00000	0
1515	Q	0.00000	1	0.00000	0
1516	I	0.00000	1	0.00000	0
1517	I	0.00000	1	0.00000	0
1518	A	0.00000	1	0.00000	0
1519	K	0.00000	1	0.00000	0
1520	S	0.00000	1	0.00000	0
1521	L	0.00000	1	0.00000	0
1522	K	0.00000	1	0.00000	0
1523	N	0.00000	1	0.00000	0
1524	K	0.00000	1	0.00000	0
1525	I	0.00000	1	0.00000	0
1526	W	0.00000	1	0.00000	0
1527	V	0.00000	1	0.00000	0
1528	N	0.00000	1	0.00000	0
1529	E	0.00000	1	0.00000	0
1530	F	0.00000	1	0.00000	0
1531	R	0.00000	1	0.00000	0
1532	Y	0.00000	1	0.00000	0
1533	G	0.00000	1	0.00000	0
1534	G	0.00000	1	0.00000	0
1535	F	0.00000	1	0.00000	0
1536	S	0.00000	1	0.00000	0
1537	L	0.00000	1	0.00000	0
1538	G	0.00000	1	0.00000	0
1539	V	0.00000	1	0.00000	0
1540	S	0.00000	1	0.00000	0
1541	N	0.00000	1	0.00000	0
1542	T	0.00000	1	0.00000	0
1543	Q	0.00000	1	0.00000	0
1544	A	0.00000	1	0.00000	0
1545	L	0.00000	1	0.00000	0
1546	P	0.00000	1	0.00000	0
1547	P	0.00000	1	0.00000	0
1548	S	0.00000	1	0.00000	0
1549	Q	0.00000	1	0.00000	0
1550	E	0.00000	1	0.00000	0
1551	V	0.00000	1	0.00000	0
1552	N	0.00000	1	0.00000	0
1553	D	0.00000	1	0.00000	0
1554	A	0.00000	1	0.00000	0
1555	I	0.00000	1	0.00000	0
1556	K	0.00000	1	0.00000	0
1557	Q	0.00000	1	0.00000	0
1558	M	0.00000	1	0.00000	0
1559	K	0.00000	1	0.00000	0
1560	K	0.00000	1	0.00000	0
1561	H	0.00000	1	0.00000	0
1562	L	0.00000	1	0.00000	0
1563	K	0.00000	1	0.00000	0
1564	L	0.00000	1	0.00000	0
1565	A	0.00000	1	0.00000	0
1566	K	0.00000	1	0.00000	0
1567	D	0.00000	1	0.00000	0
1568	S	0.00000	1	0.00000	0
1569	S	0.00000	1	0.00000	0
1570	A	0.00000	1	0.00000	0
1571	D	0.00000	1	0.00000	0
1572	R	0.00000	1	0.00000	0
1573	F	0.00000	1	0.00000	0
1574	L	0.00000	1	0.00000	0
1575	N	0.00000	1	0.00000	0
1576	S	0.00000	1	0.00000	0
1577	L	0.00000	1	0.00000	0
1578	G	0.00000	1	0.00000	0
1579	R	0.00000	1	0.00000	0
1580	F	0.00000	1	0.00000	0
1581	M	0.00000	1	0.00000	0
1582	T	0.00000	1	0.00000	0
1583	G	0.00000	1	0.00000	0
1584	L	0.00000	1	0.00000	0
1585	D	0.00000	1	0.00000	0
1586	T	0.00000	1	0.00000	0
1587	K	0.00000	1	0.00000	0
1588	N	0.00000	1	0.00000	0
1589	N	0.00000	1	0.00000	0
1590	V	0.00000	1	0.00000	0
1591	K	0.00000	1	0.00000	0
1592	V	0.00000	1	0.00000	0
1593	W	0.00000	1	0.00000	0
1594	F	0.00000	1	0.00000	0
1595	N	0.00000	1	0.00000	0
1596	N	0.00000	1	0.00000	0
1597	K	0.00000	1	0.00000	0
1598	G	0.00000	0.99998	0.00002	0
1599	W	0.00000	0.99998	0.00002	0
1600	H	0.00000	0.99998	0.00002	0
1601	A	0.00000	0.99998	0.00002	0
1602	I	0.00000	0.99998	0.00002	0
1603	S	0.00000	0.99998	0.00002	0
1604	S	0.00000	0.99998	0.00002	0
1605	F	0.00000	0.99998	0.00002	0
1606	L	0.00000	0.99998	0.00002	0
1607	N	0.00000	0.99998	0.00002	0
1608	V	0.00000	0.99998	0.00002	0
1609	I	0.00000	0.99998	0.00002	0
1610	N	0.00000	0.99998	0.00002	0
1611	N	0.00000	0.99998	0.00002	0
1612	A	0.00000	0.99998	0.00002	0
1613	I	0.00000	0.99998	0.00002	0
1614	L	0.00000	0.99998	0.00002	0
1615	R	0.00000	0.99998	0.00002	0
1616	A	0.00000	0.99998	0.00002	0
1617	N	0.00001	0.99998	0.00001	0
1618	L	0.00001	0.99998	0.00001	0
1619	Q	0.00002	0.99998	0.00000	0
1620	K	0.00002	0.99998	0.00000	0
1621	G	0.00002	0.99998	0.00000	0
1622	E	0.00002	0.99998	0.00000	0
1623	N	0.00002	0.99998	0.00000	0
1624	P	0.00002	0.99998	0.00000	0
1625	S	0.00001	0.99998	0.00001	0
1626	H	0.00000	0.99998	0.00002	0
1627	Y	0.00000	0.99998	0.00002	0
1628	G	0.00000	0.99998	0.00002	0
1629	I	0.00000	0.99998	0.00002	0
1630	T	0.00000	0.99998	0.00002	0
1631	A	0.00000	0.99998	0.00002	0
1632	F	0.00000	0.99998	0.00002	0
1633	N	0.00000	0.99998	0.00002	0
1634	H	0.00000	0.99998	0.00002	0
1635	P	0.00000	0.99998	0.00002	0
1636	L	0.00000	0.99998	0.00002	0
1637	N	0.00000	0.99998	0.00002	0
1638	L	0.00000	0.99998	0.00002	0
1639	T	0.00000	0.99998	0.00002	0
1640	K	0.00000	0.99998	0.00002	0
1641	Q	0.00000	0.99998	0.00002	0
1642	Q	0.00000	0.99998	0.00002	0
1643	L	0.00000	0.99997	0.00002	0
1644	S	0.00000	0.99998	0.00002	0
1645	E	0.00000	0.99998	0.00002	0
1646	V	0.00000	0.99899	0.00100	0
1647	A	0.00000	0.99773	0.00227	0
1648	L	0.00000	0.99688	0.00311	0
1649	M	0.00000	0.99579	0.00420	0
1650	T	0.00000	0.99579	0.00420	0
1651	T	0.00000	0.99579	0.00420	0
1652	S	0.00000	0.99579	0.00420	0
1653	V	0.00000	0.99579	0.00421	0
1654	D	0.00000	0.99579	0.00421	0
1655	V	0.00000	0.08374	0.91626	0
1656	L	0.00000	0.04657	0.95343	0
1657	V	0.00000	0.02833	0.97167	0
1658	S	0.00000	0.02115	0.97885	0
1659	I	0.00000	0.00376	0.99624	0
1660	C	0.00000	0.00285	0.99715	0
1661	V	0.00000	0.00033	0.99967	0
1662	I	0.00000	9e-05	0.99991	0
1663	F	0.00000	5e-05	0.99995	0
1664	A	0.00000	4e-05	0.99996	0
1665	M	0.00000	4e-05	0.99996	0
1666	S	0.00000	3e-05	0.99997	0
1667	F	0.00000	3e-05	0.99997	0
1668	V	0.00000	3e-05	0.99997	0
1669	P	0.00000	3e-05	0.99997	0
1670	A	0.00000	3e-05	0.99997	0
1671	S	0.00000	3e-05	0.99997	0
1672	F	0.00000	3e-05	0.99997	0
1673	V	0.00000	3e-05	0.99997	0
1674	V	0.00000	3e-05	0.99997	0
1675	F	0.00009	3e-05	0.99988	0
1676	L	0.00185	3e-05	0.99812	0
1677	I	0.03452	3e-05	0.96545	0
1678	Q	0.80557	3e-05	0.19440	0
1679	E	0.95283	3e-05	0.04714	0
1680	R	0.97626	3e-05	0.02371	0
1681	V	0.97837	3e-05	0.02159	0
1682	S	0.99350	3e-05	0.00646	0
1683	K	0.99665	3e-05	0.00331	0
1684	A	0.99694	3e-05	0.00303	0
1685	K	0.99906	3e-05	0.00091	0
1686	H	0.87277	3e-05	0.12720	0
1687	L	0.85895	3e-05	0.14102	0
1688	Q	0.85820	3e-05	0.14177	0
1689	F	0.85727	3e-05	0.14270	0
1690	I	0.85675	3e-05	0.14321	0
1691	S	0.85675	3e-05	0.14321	0
1692	G	0.85675	3e-05	0.14321	0
1693	V	0.85675	3e-05	0.14322	0
1694	K	0.85675	3e-05	0.14322	0
1695	P	0.85674	3e-05	0.14323	0
1696	V	0.01130	1e-05	0.98869	0
1697	I	0.00020	0	0.99980	0
1698	Y	0.00001	0	0.99999	0
1699	W	0.00000	0	1.00000	0
1700	L	0.00000	0	1.00000	0
1701	S	0.00000	0	1.00000	0
1702	N	0.00000	0	1.00000	0
1703	F	0.00000	0	1.00000	0
1704	V	0.00000	0.00045	0.99955	0
1705	W	0.00000	0.00168	0.99832	0
1706	D	0.00000	0.01586	0.98414	0
1707	M	0.00000	0.02378	0.97622	0
1708	C	0.00000	0.14028	0.85972	0
1709	N	0.00000	0.14052	0.85948	0
1710	Y	0.00000	0.14054	0.85946	0
1711	V	0.00000	0.14054	0.85946	0
1712	V	0.00000	0.14054	0.85946	0
1713	P	0.00000	0.14054	0.85946	0
1714	A	0.00000	0.14572	0.85428	0
1715	T	0.00000	0.25997	0.74003	0
1716	L	0.00000	0.36707	0.63293	0
1717	V	0.00000	0.64629	0.35371	0
1718	I	0.00000	0.99852	0.00148	0
1719	I	0.00000	0.99873	0.00127	0
1720	I	0.00000	0.99858	0.00142	0
1721	F	0.00000	0.99777	0.00223	0
1722	I	0.00000	0.99549	0.00451	0
1723	C	0.00000	0.99474	0.00526	0
1724	F	0.00001	0.99258	0.00741	0
1725	Q	0.00003	0.99026	0.00971	0
1726	Q	0.00003	0.96506	0.03491	0
1727	K	0.00003	0.93684	0.06313	0
1728	S	0.00003	0.43994	0.56003	0
1729	Y	0.00003	0.00333	0.99664	0
1730	V	0.00003	0.00034	0.99963	0
1731	S	0.00003	0.00027	0.99970	0
1732	S	0.00003	0.00026	0.99971	0
1733	T	0.00003	0.00026	0.99971	0
1734	N	0.00003	0.00026	0.99971	0
1735	L	0.00003	0.00024	0.99973	0
1736	P	0.00003	0.00023	0.99973	0
1737	V	0.00000	7e-05	0.99993	0
1738	L	0.00000	2e-05	0.99998	0
1739	A	0.00000	1e-05	0.99999	0
1740	L	0.00000	0	1.00000	0
1741	L	0.00000	0	1.00000	0
1742	L	0.00004	0	0.99996	0
1743	L	0.00005	0	0.99994	0
1744	L	0.00011	0	0.99989	0
1745	Y	0.00118	0	0.99882	0
1746	G	0.00679	0	0.99321	0
1747	W	0.00851	0	0.99148	0
1748	S	0.07558	0	0.92442	0
1749	I	0.27100	0	0.72900	0
1750	T	0.98822	0	0.01178	0
1751	P	0.99970	0	0.00030	0
1752	L	0.99970	0	0.00030	0
1753	M	0.99970	0	0.00030	0
1754	Y	0.99970	0	0.00030	0
1755	P	0.99971	0	0.00029	0
1756	A	0.99971	3e-05	0.00026	0
1757	S	0.99971	3e-05	0.00026	0
1758	F	0.99968	3e-05	0.00029	0
1759	V	0.99968	3e-05	0.00029	0
1760	F	0.99968	3e-05	0.00029	0
1761	K	0.99990	3e-05	0.00006	0
1762	I	0.99992	3e-05	0.00004	0
1763	P	0.99992	3e-05	0.00004	0
1764	S	0.99933	3e-05	0.00063	0
1765	T	0.97730	3e-05	0.02267	0
1766	A	0.31860	1e-05	0.68138	0
1767	Y	0.07899	1e-05	0.92101	0
1768	V	0.00986	0	0.99014	0
1769	V	0.00107	0	0.99893	0
1770	L	0.00034	0	0.99966	0
1771	T	0.00028	0	0.99972	0
1772	S	0.00023	0	0.99977	0
1773	V	0.00002	0	0.99998	0
1774	N	0.00001	0	0.99999	0
1775	L	0.00000	0	1.00000	0
1776	F	0.00000	0	1.00000	0
1777	I	0.00000	0	1.00000	0
1778	G	0.00000	1e-05	0.99999	0
1779	I	0.00000	2e-05	0.99998	0
1780	N	0.00000	4e-05	0.99996	0
1781	G	0.00000	4e-05	0.99996	0
1782	S	0.00000	4e-05	0.99996	0
1783	V	0.00000	4e-05	0.99996	0
1784	A	0.00000	5e-05	0.99995	0
1785	T	0.00000	0.00043	0.99957	0
1786	F	0.00000	0.00188	0.99812	0
1787	V	0.00001	0.04431	0.95568	0
1788	L	0.00002	0.23781	0.76217	0
1789	E	0.00002	0.96198	0.03800	0
1790	L	0.00002	0.96927	0.03070	0
1791	F	0.00003	0.98168	0.01829	0
1792	T	0.00003	0.9973	0.00267	0
1793	D	0.00003	0.99996	0.00001	0
1794	N	0.00003	0.99996	0.00000	0
1795	K	0.00003	0.99996	0.00000	0
1796	L	0.00003	0.99995	0.00002	0
1797	N	0.00003	0.99995	0.00002	0
1798	N	0.00003	0.99995	0.00002	0
1799	I	0.00003	0.99983	0.00013	0
1800	N	0.00003	0.99983	0.00013	0
1801	D	0.00003	0.99983	0.00014	0
1802	I	0.00002	0.99978	0.00021	0
1803	L	0.00002	0.99977	0.00021	0
1804	K	0.00002	0.99977	0.00021	0
1805	S	0.00001	0.99977	0.00021	0
1806	V	0.00001	0.9997	0.00029	0
1807	F	0.00001	0.99968	0.00031	0
1808	L	0.00001	0.99968	0.00032	0
1809	I	0.00000	0.99968	0.00032	0
1810	F	0.00000	0.99968	0.00032	0
1811	P	0.00000	0.99968	0.00032	0
1812	H	0.00000	0.99968	0.00032	0
1813	F	0.00000	0.99968	0.00032	0
1814	C	0.00000	0.99968	0.00032	0
1815	L	0.00000	0.99968	0.00032	0
1816	G	0.00000	0.99968	0.00032	0
1817	R	0.00001	0.99968	0.00031	0
1818	G	0.00001	0.99968	0.00031	0
1819	L	0.00001	0.99968	0.00031	0
1820	I	0.00002	0.99968	0.00031	0
1821	D	0.00012	0.99969	0.00019	0
1822	M	0.00013	0.99969	0.00017	0
1823	V	0.00014	0.99969	0.00017	0
1824	K	0.00019	0.9997	0.00012	0
1825	N	0.00019	0.9997	0.00011	0
1826	Q	0.00020	0.9997	0.00010	0
1827	A	0.00020	0.9997	0.00010	0
1828	M	0.00022	0.9997	0.00008	0
1829	A	0.00028	0.9997	0.00002	0
1830	D	0.00029	0.99971	0.00000	0
1831	A	0.00029	0.99971	0.00000	0
1832	L	0.00029	0.99971	0.00000	0
1833	E	0.00029	0.99971	0.00000	0
1834	R	0.00029	0.99971	0.00000	0
1835	F	0.00029	0.99971	0.00000	0
1836	G	0.00029	0.99971	0.00000	0
1837	E	0.00029	0.99971	0.00000	0
1838	N	0.00029	0.99971	0.00000	0
1839	R	0.00029	0.99971	0.00000	0
1840	F	0.00029	0.99971	0.00000	0
1841	V	0.00029	0.99971	0.00000	0
1842	S	0.00029	0.99971	0.00000	0
1843	P	0.00029	0.99971	0.00000	0
1844	L	0.00029	0.99971	0.00000	0
1845	S	0.00029	0.99971	0.00000	0
1846	W	0.00029	0.9997	0.00000	0
1847	D	0.00029	0.9997	0.00001	0
1848	L	0.00029	0.99968	0.00002	0
1849	V	0.00029	0.99967	0.00004	0
1850	G	0.00029	0.99965	0.00006	0
1851	R	0.00029	0.999	0.00071	0
1852	N	0.00029	0.99267	0.00704	0
1853	L	0.00002	0.92329	0.07669	0
1854	F	0.00001	0.00406	0.99593	0
1855	A	0.00001	1e-05	0.99997	0
1856	M	0.00001	0	0.99999	0
1857	A	0.00001	0	0.99999	0
1858	V	0.00001	0	0.99999	0
1859	E	0.00001	0	0.99999	0
1860	G	0.00001	0	0.99999	0
1861	V	0.00001	0	0.99999	0
1862	V	0.00001	0	0.99999	0
1863	F	0.00001	0	0.99999	0
1864	F	0.00001	0	0.99999	0
1865	L	0.00001	0	0.99999	0
1866	I	0.00001	0	0.99999	0
1867	T	0.00001	0	0.99999	0
1868	V	0.00001	0	0.99999	0
1869	L	0.00002	0	0.99998	0
1870	I	0.00002	0	0.99998	0
1871	Q	0.00003	0	0.99997	0
1872	Y	0.00003	0	0.99997	0
1873	R	0.00004	0	0.99995	0
1874	F	0.00005	0	0.99995	0
1875	F	0.00053	1e-05	0.99945	0
1876	I	0.02412	0.0001	0.97578	0
1877	R	0.97976	0.00027	0.01996	0
1878	P	0.99970	0.00028	0.00002	0
1879	R	0.99972	0.00028	0.00000	0
1880	P	0.99972	0.00028	0.00000	0
1881	V	0.99972	0.00028	0.00000	0
1882	N	0.99972	0.00028	0.00000	0
1883	A	0.99972	0.00028	0.00000	0
1884	K	0.99972	0.00028	0.00000	0
1885	L	0.99972	0.00028	0.00000	0
1886	S	0.99972	0.00028	0.00000	0
1887	P	0.99972	0.00028	0.00000	0
1888	L	0.99972	0.00028	0.00000	0
1889	N	0.99972	0.00028	0.00000	0
1890	D	0.99972	0.00028	0.00000	0
1891	E	0.99972	0.00028	0.00000	0
1892	D	0.99972	0.00028	0.00000	0
1893	E	0.99972	0.00028	0.00000	0
1894	D	0.99972	0.00028	0.00000	0
1895	V	0.99972	0.00028	0.00000	0
1896	R	0.99972	0.00028	0.00000	0
1897	R	0.99972	0.00028	0.00000	0
1898	E	0.99972	0.00028	0.00000	0
1899	R	0.99972	0.00028	0.00000	0
1900	Q	0.99972	0.00028	0.00000	0
1901	R	0.99972	0.00028	0.00000	0
1902	I	0.99972	0.00028	0.00000	0
1903	L	0.99972	0.00028	0.00000	0
1904	D	0.99972	0.00028	0.00000	0
1905	G	0.99972	0.00028	0.00000	0
1906	G	0.99972	0.00028	0.00000	0
1907	G	0.99972	0.00028	0.00000	0
1908	Q	0.99972	0.00028	0.00000	0
1909	N	0.99972	0.00028	0.00000	0
1910	D	0.99972	0.00028	0.00000	0
1911	I	0.99972	0.00028	0.00000	0
1912	L	0.99972	0.00028	0.00000	0
1913	E	0.99972	0.00028	0.00000	0
1914	I	0.99972	0.00028	0.00000	0
1915	K	0.99972	0.00028	0.00000	0
1916	E	0.99972	0.00028	0.00000	0
1917	L	0.99972	0.00028	0.00000	0
1918	T	0.99972	0.00028	0.00000	0
1919	K	0.99972	0.00028	0.00000	0
1920	I	0.99972	0.00028	0.00000	0
1921	Y	0.99972	0.00028	0.00000	0
1922	R	0.99966	0.00028	0.00006	0
1923	R	0.99965	0.00028	0.00007	0
1924	K	0.99954	0.00028	0.00018	0
1925	R	0.99573	0.00028	0.00399	0
1926	K	0.99573	0.00028	0.00399	0
1927	P	0.99573	0.00021	0.00406	0
1928	A	0.99540	1e-05	0.00459	0
1929	V	0.99536	1e-05	0.00463	0
1930	D	0.99535	0	0.00464	0
1931	R	0.88886	0	0.11114	0
1932	I	0.00373	0	0.99627	0
1933	C	0.00266	0	0.99734	0
1934	V	0.00257	0	0.99743	0
1935	G	0.00257	0	0.99743	0
1936	I	0.00257	0	0.99743	0
1937	P	0.00257	0	0.99743	0
1938	P	0.00257	0	0.99743	0
1939	G	0.00257	0	0.99743	0
1940	E	0.00257	0	0.99743	0
1941	C	0.00005	0	0.99995	0
1942	F	0.00002	0	0.99998	0
1943	G	0.00002	0	0.99998	0
1944	L	0.00002	0	0.99998	0
1945	L	0.00002	1e-05	0.99997	0
1946	G	0.00003	9e-05	0.99988	0
1947	V	0.00007	0.00064	0.99929	0
1948	N	0.00018	0.00273	0.99708	0
1949	G	0.00024	0.00347	0.99629	0
1950	A	0.00028	0.00466	0.99506	0
1951	G	0.00029	0.07727	0.92244	0
1952	K	0.00030	0.58389	0.41581	0
1953	S	0.00030	0.61696	0.38274	0
1954	S	0.00030	0.65109	0.34861	0
1955	T	0.00030	0.707	0.29270	0
1956	F	0.00030	0.73094	0.26876	0
1957	K	0.00030	0.95156	0.04814	0
1958	M	0.00030	0.95311	0.04659	0
1959	L	0.00030	0.96112	0.03858	0
1960	T	0.00030	0.98851	0.01119	0
1961	G	0.00030	0.99738	0.00232	0
1962	D	0.00030	0.99967	0.00003	0
1963	T	0.00030	0.99817	0.00153	0
1964	T	0.00030	0.99814	0.00156	0
1965	V	0.00030	0.99814	0.00156	0
1966	T	0.00030	0.99814	0.00156	0
1967	R	0.00030	0.99814	0.00156	0
1968	G	0.00030	0.99811	0.00159	0
1969	D	0.00030	0.99756	0.00215	0
1970	A	0.00030	0.35383	0.64587	0
1971	F	0.00030	0.04361	0.95609	0
1972	L	0.00030	0.03537	0.96433	0
1973	N	0.00030	0.03452	0.96518	0
1974	K	0.00030	0.03309	0.96661	0
1975	N	0.00030	0.03209	0.96761	0
1976	S	0.00030	0.02974	0.96996	0
1977	I	0.00030	0.01225	0.98745	0
1978	L	0.00030	0.00982	0.98988	0
1979	S	0.00030	0.0085	0.99120	0
1980	N	0.00031	0.00642	0.99328	0
1981	I	0.00031	0.00636	0.99333	0
1982	H	0.00052	0.00636	0.99312	0
1983	E	0.00185	0.00636	0.99179	0
1984	V	0.00185	0.00636	0.99179	0
1985	H	0.00185	0.00636	0.99179	0
1986	Q	0.00185	0.00636	0.99179	0
1987	N	0.00185	0.00636	0.99179	0
1988	M	0.00185	0.00636	0.99179	0
1989	G	0.00234	0.00636	0.99129	0
1990	Y	0.00912	0.00636	0.98452	0
1991	C	0.04396	0.00636	0.94967	0
1992	P	0.29177	0.00636	0.70187	0
1993	Q	0.93451	0.00636	0.05914	0
1994	F	0.93963	0.00635	0.05402	0
1995	D	0.96516	0.00635	0.02849	0
1996	A	0.96567	0.00634	0.02798	0
1997	I	0.96581	0.00634	0.02785	0
1998	T	0.96786	0.00634	0.02580	0
1999	E	0.99363	0.00634	0.00002	0
2000	L	0.99363	0.00634	0.00002	0
2001	L	0.99363	0.00634	0.00002	0
2002	T	0.99363	0.00634	0.00002	0
2003	G	0.99364	0.00634	0.00002	0
2004	R	0.99364	0.00634	0.00002	0
2005	E	0.99364	0.00634	0.00002	0
2006	H	0.99364	0.00634	0.00002	0
2007	V	0.99364	0.00634	0.00002	0
2008	E	0.99364	0.00634	0.00002	0
2009	F	0.99364	0.00634	0.00002	0
2010	F	0.99364	0.00634	0.00002	0
2011	A	0.99364	0.00634	0.00002	0
2012	L	0.99364	0.00634	0.00002	0
2013	L	0.99364	0.00634	0.00002	0
2014	R	0.99366	0.00634	0.00000	0
2015	G	0.99366	0.00634	0.00000	0
2016	V	0.99366	0.00634	0.00000	0
2017	P	0.99366	0.00634	0.00000	0
2018	E	0.99366	0.00634	0.00000	0
2019	K	0.99366	0.00634	0.00000	0
2020	E	0.99366	0.00634	0.00000	0
2021	V	0.99366	0.00634	0.00000	0
2022	G	0.99366	0.00634	0.00000	0
2023	K	0.99366	0.00634	0.00000	0
2024	V	0.99366	0.00634	0.00000	0
2025	G	0.99366	0.00634	0.00000	0
2026	E	0.99366	0.00634	0.00000	0
2027	W	0.99366	0.00634	0.00000	0
2028	A	0.99366	0.00634	0.00000	0
2029	I	0.99366	0.00634	0.00000	0
2030	R	0.99366	0.00634	0.00000	0
2031	K	0.99366	0.00634	0.00000	0
2032	L	0.99366	0.00634	0.00000	0
2033	G	0.99366	0.00634	0.00000	0
2034	L	0.99366	0.00634	0.00000	0
2035	V	0.99366	0.00634	0.00000	0
2036	K	0.99366	0.00634	0.00000	0
2037	Y	0.99366	0.00634	0.00000	0
2038	G	0.99366	0.00634	0.00000	0
2039	E	0.99366	0.00634	0.00000	0
2040	K	0.99366	0.00634	0.00000	0
2041	Y	0.99366	0.00634	0.00000	0
2042	A	0.99366	0.00634	0.00000	0
2043	G	0.99366	0.00634	0.00000	0
2044	N	0.99366	0.00634	0.00000	0
2045	Y	0.99366	0.00634	0.00000	0
2046	S	0.99366	0.00634	0.00000	0
2047	G	0.99366	0.00634	0.00000	0
2048	G	0.99366	0.00632	0.00002	0
2049	N	0.99366	0.00612	0.00022	0
2050	K	0.99366	0.00611	0.00024	0
2051	R	0.99366	0.00609	0.00026	0
2052	K	0.99366	0.00605	0.00030	0
2053	L	0.99366	0.00481	0.00153	0
2054	S	0.99366	0.00457	0.00177	0
2055	T	0.99366	0.00231	0.00403	0
2056	A	0.99366	7e-05	0.00627	0
2057	M	0.99366	0	0.00634	0
2058	A	0.99366	0	0.00634	0
2059	L	0.99366	0	0.00634	0
2060	I	0.99366	0	0.00634	0
2061	G	0.99366	0	0.00634	0
2062	G	0.99366	0	0.00634	0
2063	P	0.99366	0	0.00634	0
2064	P	0.99366	0	0.00634	0
2065	V	0.99366	0	0.00634	0
2066	V	0.99366	0	0.00634	0
2067	F	0.99366	0	0.00634	0
2068	L	0.99366	0	0.00634	0
2069	D	0.99371	0	0.00629	0
2070	E	0.99391	0	0.00609	0
2071	P	0.99391	0	0.00609	0
2072	T	0.99391	0	0.00609	0
2073	T	0.99391	0	0.00609	0
2074	G	0.99391	0	0.00609	0
2075	M	0.99391	0	0.00609	0
2076	D	0.99685	0	0.00315	0
2077	P	0.99750	0	0.00250	0
2078	K	1.00000	0	0.00000	0
2079	A	1.00000	0	0.00000	0
2080	R	1.00000	0	0.00000	0
2081	R	1.00000	0	0.00000	0
2082	F	1.00000	0	0.00000	0
2083	L	1.00000	0	0.00000	0
2084	W	1.00000	0	0.00000	0
2085	N	1.00000	0	0.00000	0
2086	C	1.00000	0	0.00000	0
2087	A	1.00000	0	0.00000	0
2088	L	1.00000	0	0.00000	0
2089	S	1.00000	0	0.00000	0
2090	V	1.00000	0	0.00000	0
2091	V	1.00000	0	0.00000	0
2092	K	1.00000	0	0.00000	0
2093	E	1.00000	0	0.00000	0
2094	G	1.00000	0	0.00000	0
2095	R	1.00000	0	0.00000	0
2096	S	1.00000	0	0.00000	0
2097	V	1.00000	0	0.00000	0
2098	V	1.00000	0	0.00000	0
2099	L	1.00000	0	0.00000	0
2100	T	1.00000	0	0.00000	0
2101	S	1.00000	0	0.00000	0
2102	H	1.00000	0	0.00000	0
2103	S	1.00000	0	0.00000	0
2104	M	1.00000	0	0.00000	0
2105	E	1.00000	0	0.00000	0
2106	E	1.00000	0	0.00000	0
2107	C	1.00000	0	0.00000	0
2108	E	1.00000	0	0.00000	0
2109	A	1.00000	0	0.00000	0
2110	L	1.00000	0	0.00000	0
2111	C	1.00000	0	0.00000	0
2112	T	1.00000	0	0.00000	0
2113	R	1.00000	0	0.00000	0
2114	M	1.00000	0	0.00000	0
2115	A	1.00000	0	0.00000	0
2116	I	1.00000	0	0.00000	0
2117	M	1.00000	0	0.00000	0
2118	V	1.00000	0	0.00000	0
2119	N	1.00000	0	0.00000	0
2120	G	1.00000	0	0.00000	0
2121	R	1.00000	0	0.00000	0
2122	F	1.00000	0	0.00000	0
2123	R	1.00000	0	0.00000	0
2124	C	1.00000	0	0.00000	0
2125	L	1.00000	0	0.00000	0
2126	G	1.00000	0	0.00000	0
2127	S	1.00000	0	0.00000	0
2128	V	1.00000	0	0.00000	0
2129	Q	1.00000	0	0.00000	0
2130	H	1.00000	0	0.00000	0
2131	L	1.00000	0	0.00000	0
2132	K	1.00000	0	0.00000	0
2133	N	1.00000	0	0.00000	0
2134	R	1.00000	0	0.00000	0
2135	F	1.00000	0	0.00000	0
2136	G	1.00000	0	0.00000	0
2137	D	1.00000	0	0.00000	0
2138	G	1.00000	0	0.00000	0
2139	Y	1.00000	0	0.00000	0
2140	T	1.00000	0	0.00000	0
2141	I	1.00000	0	0.00000	0
2142	V	1.00000	0	0.00000	0
2143	V	1.00000	0	0.00000	0
2144	R	1.00000	0	0.00000	0
2145	I	1.00000	0	0.00000	0
2146	A	1.00000	0	0.00000	0
2147	G	1.00000	0	0.00000	0
2148	S	1.00000	0	0.00000	0
2149	N	1.00000	0	0.00000	0
2150	P	1.00000	0	0.00000	0
2151	D	1.00000	0	0.00000	0
2152	L	1.00000	0	0.00000	0
2153	K	1.00000	0	0.00000	0
2154	P	1.00000	0	0.00000	0
2155	V	1.00000	0	0.00000	0
2156	Q	1.00000	0	0.00000	0
2157	D	1.00000	0	0.00000	0
2158	F	1.00000	0	0.00000	0
2159	F	1.00000	0	0.00000	0
2160	G	1.00000	0	0.00000	0
2161	L	1.00000	0	0.00000	0
2162	A	1.00000	0	0.00000	0
2163	F	1.00000	0	0.00000	0
2164	P	1.00000	0	0.00000	0
2165	G	1.00000	0	0.00000	0
2166	S	1.00000	0	0.00000	0
2167	V	1.00000	0	0.00000	0
2168	L	1.00000	0	0.00000	0
2169	K	1.00000	0	0.00000	0
2170	E	1.00000	0	0.00000	0
2171	K	1.00000	0	0.00000	0
2172	H	1.00000	0	0.00000	0
2173	R	1.00000	0	0.00000	0
2174	N	1.00000	0	0.00000	0
2175	M	1.00000	0	0.00000	0
2176	L	1.00000	0	0.00000	0
2177	Q	1.00000	0	0.00000	0
2178	Y	1.00000	0	0.00000	0
2179	Q	1.00000	0	0.00000	0
2180	L	1.00000	0	0.00000	0
2181	P	1.00000	0	0.00000	0
2182	S	1.00000	0	0.00000	0
2183	S	1.00000	0	0.00000	0
2184	L	1.00000	0	0.00000	0
2185	S	1.00000	0	0.00000	0
2186	S	1.00000	0	0.00000	0
2187	L	1.00000	0	0.00000	0
2188	A	1.00000	0	0.00000	0
2189	R	1.00000	0	0.00000	0
2190	I	1.00000	0	0.00000	0
2191	F	1.00000	0	0.00000	0
2192	S	1.00000	0	0.00000	0
2193	I	1.00000	0	0.00000	0
2194	L	1.00000	0	0.00000	0
2195	S	1.00000	0	0.00000	0
2196	Q	1.00000	0	0.00000	0
2197	S	1.00000	0	0.00000	0
2198	K	1.00000	0	0.00000	0
2199	K	1.00000	0	0.00000	0
2200	R	1.00000	0	0.00000	0
2201	L	1.00000	0	0.00000	0
2202	H	1.00000	0	0.00000	0
2203	I	1.00000	0	0.00000	0
2204	E	1.00000	0	0.00000	0
2205	D	1.00000	0	0.00000	0
2206	Y	1.00000	0	0.00000	0
2207	S	1.00000	0	0.00000	0
2208	V	1.00000	0	0.00000	0
2209	S	1.00000	0	0.00000	0
2210	Q	1.00000	0	0.00000	0
2211	T	1.00000	0	0.00000	0
2212	T	1.00000	0	0.00000	0
2213	L	1.00000	0	0.00000	0
2214	D	1.00000	0	0.00000	0
2215	Q	1.00000	0	0.00000	0
2216	V	1.00000	0	0.00000	0
2217	F	1.00000	0	0.00000	0
2218	V	1.00000	0	0.00000	0
2219	N	1.00000	0	0.00000	0
2220	F	1.00000	0	0.00000	0
2221	A	1.00000	0	0.00000	0
2222	K	1.00000	0	0.00000	0
2223	D	1.00000	0	0.00000	0
2224	Q	1.00000	0	0.00000	0
2225	S	1.00000	0	0.00000	0
2226	D	1.00000	0	0.00000	0
2227	D	1.00000	0	0.00000	0
2228	D	1.00000	0	0.00000	0
2229	H	1.00000	0	0.00000	0
2230	L	1.00000	0	0.00000	0
2231	K	1.00000	0	0.00000	0
2232	D	1.00000	0	0.00000	0
2233	L	1.00000	0	0.00000	0
2234	S	1.00000	0	0.00000	0
2235	L	1.00000	0	0.00000	0
2236	H	1.00000	0	0.00000	0
2237	K	1.00000	0	0.00000	0
2238	N	1.00000	0	0.00000	0
2239	Q	1.00000	0	0.00000	0
2240	T	1.00000	0	0.00000	0
2241	V	1.00000	0	0.00000	0
2242	V	1.00000	0	0.00000	0
2243	D	1.00000	0	0.00000	0
2244	V	1.00000	0	0.00000	0
2245	A	1.00000	0	0.00000	0
2246	V	1.00000	0	0.00000	0
2247	L	1.00000	0	0.00000	0
2248	T	1.00000	0	0.00000	0
2249	S	1.00000	0	0.00000	0
2250	F	1.00000	0	0.00000	0
2251	L	1.00000	0	0.00000	0
2252	Q	1.00000	0	0.00000	0
2253	D	1.00000	0	0.00000	0
2254	E	1.00000	0	0.00000	0
2255	K	1.00000	0	0.00000	0
2256	V	1.00000	0	0.00000	0
2257	K	1.00000	0	0.00000	0
2258	E	1.00000	0	0.00000	0
2259	S	1.00000	0	0.00000	0
2260	Y	1.00000	0	0.00000	0
2261	V	1.00000	0	0.00000	0
