# UNNAMED
#pos	aa	i	o	M	S
1	M	0.00000	0.99886	0.00000	0.00114
2	R	0.00000	0.99886	0.00000	0.00114
3	P	0.00000	0.99886	0.00000	0.00114
4	R	0.00000	0.97906	0.01980	0.00115
5	L	0.00000	0.49523	0.50362	0.00115
6	W	0.00000	0.22713	0.77172	0.00115
7	L	0.00000	0.16854	0.83032	0.00114
8	L	0.00000	0.07398	0.92487	0.00114
9	L	0.00000	0.03938	0.95948	0.00114
10	A	0.00000	0.0178	0.98105	0.00114
11	A	0.00000	0.01129	0.98757	0.00114
12	Q	0.00000	0.0107	0.98816	0.00114
13	L	0.00000	0.00022	0.99864	0.00114
14	T	0.00000	0	0.99885	0.00115
15	V	0.00000	0	0.99885	0.00114
16	L	0.00000	0	0.99885	0.00114
17	H	0.00000	0	0.99885	0.00114
18	G	0.00000	0	0.99885	0.00114
19	N	0.00000	0.00023	0.99885	0.00091
20	S	0.00000	0.00024	0.99885	0.00091
21	V	0.00000	0.00024	0.99885	0.00091
22	L	0.00186	0.00024	0.99699	0.00091
23	Q	0.03673	0.00024	0.96213	0.00091
24	Q	0.13499	0.00111	0.86387	4e-05
25	T	0.23574	0.0011	0.76312	4e-05
26	P	0.43029	0.0011	0.56856	4e-05
27	A	0.44008	0.0011	0.55878	4e-05
28	Y	0.45328	0.00114	0.54558	0
29	I	0.50658	0.00114	0.49227	0
30	K	0.97247	0.00114	0.02639	0
31	V	0.98064	0.00113	0.01823	0
32	Q	0.99806	0.00113	0.00081	0
33	T	0.99598	0.00111	0.00291	0
34	N	0.92704	0.0011	0.07186	0
35	K	0.83984	0.00099	0.15917	0
36	M	0.19607	9e-05	0.80384	0
37	V	0.04499	0	0.95501	0
38	M	0.00324	0	0.99676	0
39	L	0.00242	0	0.99758	0
40	S	0.00214	0	0.99786	0
41	C	0.00057	0	0.99943	0
42	E	0.00048	0	0.99952	0
43	A	0.00018	0	0.99982	0
44	K	0.00016	0	0.99984	0
45	I	0.00000	0	1.00000	0
46	S	0.00000	0	1.00000	0
47	L	0.00000	0	1.00000	0
48	S	0.00000	0	1.00000	0
49	N	0.00000	0	1.00000	0
50	M	0.00000	0	1.00000	0
51	R	0.00000	0	1.00000	0
52	I	0.00000	1e-05	0.99999	0
53	Y	0.00000	0.00049	0.99951	0
54	W	0.00001	0.00488	0.99511	0
55	L	0.00024	0.10576	0.89401	0
56	R	0.00114	0.6868	0.31205	0
57	Q	0.00115	0.90323	0.09563	0
58	R	0.00115	0.98296	0.01589	0
59	Q	0.00115	0.99536	0.00349	0
60	A	0.00115	0.99579	0.00307	0
61	P	0.00115	0.99661	0.00225	0
62	S	0.00112	0.99857	0.00030	0
63	S	0.00026	0.99872	0.00102	0
64	D	0.00009	0.99885	0.00106	0
65	S	0.00002	0.99885	0.00113	0
66	H	0.00000	0.99885	0.00115	0
67	H	0.00000	0.99885	0.00115	0
68	E	0.00000	0.99885	0.00115	0
69	F	0.00000	0.9565	0.04350	0
70	L	0.00000	0.44284	0.55716	0
71	A	0.00000	0.43274	0.56726	0
72	L	0.00000	0.43057	0.56943	0
73	W	0.00000	0.43002	0.56998	0
74	D	0.00000	0.42889	0.57111	0
75	S	0.00000	0.42753	0.57247	0
76	A	0.00000	0.42189	0.57811	0
77	K	0.00000	0.39876	0.60124	0
78	G	0.00000	6e-05	0.99994	0
79	T	0.00000	6e-05	0.99994	0
80	I	0.00000	6e-05	0.99994	0
81	H	0.00000	0.00082	0.99918	0
82	G	0.00000	0.00108	0.99892	0
83	E	0.00000	0.00117	0.99883	0
84	E	0.00000	0.00119	0.99881	0
85	V	0.00000	0.0012	0.99880	0
86	E	0.00000	0.0012	0.99880	0
87	Q	0.00000	0.0012	0.99879	0
88	E	0.00076	0.0012	0.99804	0
89	K	0.12028	0.0012	0.87852	0
90	I	0.34014	0.0012	0.65866	0
91	A	0.46071	0.00112	0.53817	0
92	V	0.54600	0.00103	0.45296	0
93	F	0.55300	0.00103	0.44597	0
94	R	0.55745	0.00044	0.44211	0
95	D	0.55773	0.00019	0.44208	0
96	A	0.56775	0	0.43225	0
97	S	0.59332	0	0.40668	0
98	R	0.70084	0	0.29916	0
99	F	0.99833	0	0.00167	0
100	I	0.99866	0	0.00134	0
101	L	0.99865	0	0.00135	0
102	N	0.99864	0	0.00136	0
103	L	0.99800	0	0.00200	0
104	T	0.99798	0	0.00202	0
105	S	0.99766	0	0.00234	0
106	V	0.99390	0	0.00610	0
107	K	0.99364	0	0.00636	0
108	P	0.99275	0	0.00725	0
109	E	0.99017	0	0.00983	0
110	D	0.98150	0	0.01850	0
111	S	0.87194	0	0.12806	0
112	G	0.51251	0	0.48749	0
113	I	0.20640	0	0.79360	0
114	Y	0.11964	0	0.88036	0
115	F	0.00739	0	0.99261	0
116	C	0.00119	0	0.99881	0
117	M	0.00120	0	0.99880	0
118	I	0.00120	1e-05	0.99879	0
119	V	0.00120	9e-05	0.99870	0
120	G	0.00120	0.0001	0.99869	0
121	S	0.00120	0.00011	0.99868	0
122	P	0.00120	0.00022	0.99858	0
123	E	0.00120	0.00041	0.99839	0
124	L	0.00120	0.00043	0.99837	0
125	T	0.00116	0.00056	0.99828	0
126	F	0.00093	0.00077	0.99830	0
127	G	0.00092	0.00347	0.99562	0
128	K	0.00092	0.0083	0.99078	0
129	G	0.00090	0.00901	0.99009	0
130	T	0.00083	0.01246	0.98671	0
131	Q	0.00076	0.0292	0.97004	0
132	L	0.00000	0.0386	0.96140	0
133	S	0.00000	0.21234	0.78766	0
134	V	0.00000	0.28304	0.71696	0
135	V	0.00000	0.56378	0.43622	0
136	D	0.00000	0.99704	0.00296	0
137	F	0.00000	0.99728	0.00272	0
138	L	0.00000	0.99774	0.00226	0
139	P	0.00000	0.99862	0.00138	0
140	T	0.00000	0.99869	0.00131	0
141	T	0.00000	0.9987	0.00130	0
142	A	0.00000	0.9987	0.00130	0
143	Q	0.00000	0.9987	0.00130	0
144	P	0.00000	0.99871	0.00129	0
145	T	0.00000	0.99875	0.00125	0
146	K	0.00000	0.99898	0.00102	0
147	K	0.00000	0.99899	0.00101	0
148	S	0.00000	0.99899	0.00101	0
149	T	0.00000	0.999	0.00100	0
150	L	0.00000	0.99901	0.00099	0
151	K	0.00007	0.99985	0.00008	0
152	K	0.00008	0.99991	0.00001	0
153	R	0.00008	0.99991	0.00001	0
154	V	0.00008	0.99991	0.00001	0
155	C	0.00008	0.99991	0.00001	0
156	R	0.00009	0.99991	0.00000	0
157	L	0.00009	0.99991	0.00000	0
158	P	0.00009	0.99991	0.00000	0
159	R	0.00009	0.99986	0.00005	0
160	P	0.00009	0.9998	0.00011	0
161	E	0.00009	0.99957	0.00033	0
162	T	0.00009	0.99953	0.00038	0
163	Q	0.00009	0.99878	0.00113	0
164	K	0.00009	0.99726	0.00265	0
165	G	0.00009	0.76579	0.23412	0
166	P	0.00009	0.75774	0.24217	0
167	L	0.00009	0.65203	0.34788	0
168	C	0.00009	0.64937	0.35054	0
169	S	0.00008	0.0069	0.99302	0
170	P	0.00008	0.00264	0.99728	0
171	I	0.00008	0.00033	0.99959	0
172	T	0.00003	1e-05	0.99996	0
173	L	0.00001	0	0.99999	0
174	G	0.00000	0	1.00000	0
175	L	0.00000	0	1.00000	0
176	L	0.00000	0	1.00000	0
177	V	0.00000	0	1.00000	0
178	A	0.00000	0	1.00000	0
179	G	0.00000	0	1.00000	0
180	V	0.00000	0	1.00000	0
181	L	0.00000	0	1.00000	0
182	V	0.00000	0	1.00000	0
183	L	0.00000	0	1.00000	0
184	L	0.00001	0	0.99999	0
185	V	0.00017	0	0.99983	0
186	S	0.00421	0	0.99579	0
187	L	0.00849	0	0.99151	0
188	G	0.04637	0	0.95363	0
189	V	0.07331	0	0.92669	0
190	A	0.16445	0	0.83555	0
191	I	0.22256	0	0.77744	0
192	H	0.89048	1e-05	0.10952	0
193	L	0.99990	1e-05	0.00009	0
194	C	0.99991	7e-05	0.00002	0
195	C	0.99991	9e-05	0.00000	0
196	R	0.99991	9e-05	0.00000	0
197	R	0.99991	9e-05	0.00000	0
198	R	0.99959	9e-05	0.00032	0
199	R	0.99929	9e-05	0.00062	0
200	A	0.99451	9e-05	0.00540	0
201	R	0.98440	9e-05	0.01551	0
202	L	0.00001	5e-05	0.99994	0
203	R	0.00000	3e-05	0.99997	0
204	F	0.00000	1e-05	0.99999	0
205	M	0.00000	1e-05	0.99999	0
206	K	0.00000	1e-05	0.99999	0
207	Q	0.00000	0	1.00000	0
208	P	0.00000	0	1.00000	0
209	Q	0.00000	0	1.00000	0
210	G	0.00000	0	1.00000	0
211	E	0.00000	0	1.00000	0
212	G	0.00000	0	1.00000	0
213	I	0.00000	0	1.00000	0
214	S	0.00000	0	1.00000	0
215	G	0.00000	0	1.00000	0
216	T	0.00000	0	1.00000	0
217	F	0.00000	0	1.00000	0
218	V	0.00000	5e-05	0.99995	0
219	P	0.00000	0.00376	0.99624	0
220	Q	0.00000	0.92012	0.07988	0
221	C	0.00000	0.99467	0.00533	0
222	L	0.00000	0.08485	0.91515	0
223	H	0.00000	0.00899	0.99101	0
224	G	0.00000	0.0002	0.99980	0
225	Y	0.00000	0	1.00000	0
226	Y	0.00002	0	0.99998	0
227	S	0.00006	0	0.99994	0
228	N	0.00008	0	0.99992	0
229	T	0.00009	0	0.99991	0
230	T	0.00009	0	0.99991	0
231	T	0.00009	0	0.99991	0
232	S	0.00009	0	0.99991	0
233	Q	0.00009	0	0.99991	0
234	K	0.00009	0	0.99991	0
235	L	0.00009	0	0.99991	0
236	L	0.00009	0	0.99991	0
237	N	0.00009	0	0.99991	0
238	P	0.00009	0	0.99991	0
239	W	0.00009	0	0.99991	0
240	I	0.00086	0	0.99914	0
241	L	0.09049	0	0.90951	0
242	K	1.00000	0	0.00000	0
243	T	1.00000	0	0.00000	0
