# UNNAMED
#pos	aa	i	o	M	S
1	M	0.00000	0.99999	0.00000	1e-05
2	E	0.00000	0.99999	0.00000	1e-05
3	L	0.00000	0.99999	0.00000	0
4	G	0.00000	0.99999	0.00000	0
5	N	0.00000	0.99999	0.00000	0
6	V	0.00000	0.99999	0.00000	1e-05
7	T	0.00000	0.99999	0.00000	1e-05
8	R	0.00000	0.99999	0.00000	1e-05
9	V	0.00000	0.99999	0.00000	1e-05
10	K	0.00000	0.99999	0.00000	1e-05
11	E	0.00000	0.99999	0.00000	1e-05
12	F	0.00000	0.99999	0.00000	1e-05
13	I	0.00000	0.99999	0.00000	1e-05
14	F	0.00000	0.99999	0.00000	1e-05
15	L	0.00000	0.99999	0.00000	1e-05
16	G	0.00000	0.99999	0.00000	1e-05
17	L	0.00000	0.99999	0.00000	1e-05
18	T	0.00000	0.99999	0.00000	1e-05
19	Q	0.00000	0.99999	0.00000	1e-05
20	S	0.00000	0.99999	0.00000	1e-05
21	Q	0.00000	1	0.00000	0
22	D	0.00000	1	0.00000	0
23	Q	0.00000	0.99076	0.00924	0
24	S	0.00000	0.87083	0.12917	0
25	L	0.00000	0.51728	0.48272	0
26	V	0.00000	0.1006	0.89940	0
27	L	0.00000	0.00749	0.99251	0
28	F	0.00000	0.00197	0.99803	0
29	L	0.00000	0.00137	0.99863	0
30	F	0.00000	0.00117	0.99883	0
31	L	0.00000	0.0003	0.99970	0
32	C	0.00000	0.00022	0.99978	0
33	L	0.00000	2e-05	0.99998	0
34	V	0.00000	0	1.00000	0
35	Y	0.00000	0	1.00000	0
36	M	0.00000	0	1.00000	0
37	T	0.00000	0	1.00000	0
38	T	0.00000	0	1.00000	0
39	L	0.00000	0	1.00000	0
40	L	0.00000	0	1.00000	0
41	G	0.00000	0	1.00000	0
42	N	0.00000	0	1.00000	0
43	L	0.00000	0	1.00000	0
44	L	0.00000	0	1.00000	0
45	I	0.00004	0	0.99996	0
46	M	0.00189	0	0.99811	0
47	V	0.01949	0	0.98051	0
48	T	0.48787	0	0.51213	0
49	V	0.61532	0	0.38468	0
50	T	0.95486	0	0.04514	0
51	C	0.98391	0	0.01609	0
52	E	0.99975	0	0.00025	0
53	S	0.99997	0	0.00003	0
54	R	1.00000	0	0.00000	0
55	L	1.00000	0	0.00000	0
56	H	1.00000	0	0.00000	0
57	T	1.00000	0	0.00000	0
58	P	1.00000	0	0.00000	0
59	M	0.23362	0	0.76638	0
60	Y	0.17091	0	0.82909	0
61	F	0.02331	0	0.97669	0
62	L	0.00100	0	0.99900	0
63	L	0.00074	0	0.99926	0
64	R	0.00071	0	0.99929	0
65	N	0.00000	0	1.00000	0
66	L	0.00000	0	1.00000	0
67	A	0.00000	0	1.00000	0
68	I	0.00000	0	1.00000	0
69	L	0.00000	0	1.00000	0
70	D	0.00000	0	1.00000	0
71	I	0.00000	0	1.00000	0
72	C	0.00000	0	1.00000	0
73	F	0.00000	0	1.00000	0
74	S	0.00000	0	1.00000	0
75	S	0.00000	0	1.00000	0
76	T	0.00000	0	1.00000	0
77	T	0.00000	0	1.00000	0
78	A	0.00000	0.00013	0.99987	0
79	P	0.00000	0.00058	0.99942	0
80	K	0.00000	0.00802	0.99198	0
81	V	0.00000	0.02152	0.97848	0
82	L	0.00000	0.07535	0.92465	0
83	L	0.00000	0.26197	0.73803	0
84	D	0.00000	0.99997	0.00003	0
85	L	0.00000	1	0.00000	0
86	L	0.00000	1	0.00000	0
87	S	0.00000	1	0.00000	0
88	K	0.00000	1	0.00000	0
89	K	0.00000	1	0.00000	0
90	K	0.00000	1	0.00000	0
91	T	0.00000	1	0.00000	0
92	I	0.00000	1	0.00000	0
93	S	0.00000	1	0.00000	0
94	Y	0.00000	1	0.00000	0
95	T	0.00000	1	0.00000	0
96	S	0.00000	0.99999	0.00001	0
97	C	0.00000	0.9998	0.00020	0
98	M	0.00000	0.99238	0.00762	0
99	T	0.00000	0.98943	0.01057	0
100	Q	0.00000	0.96961	0.03039	0
101	I	0.00000	0.1571	0.84290	0
102	F	0.00000	0.01294	0.98706	0
103	L	0.00000	0.00117	0.99883	0
104	F	0.00000	4e-05	0.99996	0
105	H	0.00000	1e-05	0.99999	0
106	L	0.00000	1e-05	0.99999	0
107	L	0.00000	0	1.00000	0
108	G	0.00000	0	1.00000	0
109	G	0.00000	0	1.00000	0
110	A	0.00000	0	1.00000	0
111	D	0.00000	0	1.00000	0
112	I	0.00000	0	1.00000	0
113	F	0.00000	0	1.00000	0
114	S	0.00000	0	1.00000	0
115	L	0.00000	0	1.00000	0
116	S	0.00000	0	1.00000	0
117	V	0.00000	0	1.00000	0
118	M	0.00000	0	1.00000	0
119	A	0.00000	0	1.00000	0
120	F	0.00000	0	1.00000	0
121	D	0.00007	0	0.99993	0
122	C	0.09067	0	0.90933	0
123	Y	0.18028	0	0.81972	0
124	M	0.92753	0	0.07247	0
125	A	0.99068	0	0.00932	0
126	I	1.00000	0	0.00000	0
127	S	1.00000	0	0.00000	0
128	K	1.00000	0	0.00000	0
129	P	1.00000	0	0.00000	0
130	L	1.00000	0	0.00000	0
131	H	1.00000	0	0.00000	0
132	Y	1.00000	0	0.00000	0
133	V	1.00000	0	0.00000	0
134	T	1.00000	0	0.00000	0
135	I	0.99999	0	0.00001	0
136	M	0.99998	0	0.00002	0
137	S	0.99995	0	0.00005	0
138	R	0.99985	0	0.00015	0
139	G	0.99559	0	0.00441	0
140	Q	0.98998	0	0.01002	0
141	C	0.02464	0	0.97536	0
142	T	0.01989	0	0.98011	0
143	A	0.00152	0	0.99848	0
144	L	0.00032	0	0.99968	0
145	I	0.00010	0	0.99990	0
146	S	0.00009	0	0.99991	0
147	A	0.00000	0	1.00000	0
148	S	0.00000	0	1.00000	0
149	W	0.00000	0	1.00000	0
150	M	0.00000	0	1.00000	0
151	G	0.00000	0	1.00000	0
152	G	0.00000	0	1.00000	0
153	F	0.00000	0	1.00000	0
154	V	0.00000	0	1.00000	0
155	H	0.00000	0	1.00000	0
156	S	0.00000	0	1.00000	0
157	I	0.00000	1e-05	0.99999	0
158	V	0.00000	0.0001	0.99990	0
159	Q	0.00000	0.00268	0.99732	0
160	I	0.00000	0.00896	0.99104	0
161	S	0.00000	0.02531	0.97469	0
162	L	0.00000	0.05563	0.94437	0
163	L	0.00000	0.21549	0.78451	0
164	L	0.00000	0.66013	0.33987	0
165	P	0.00000	0.95128	0.04872	0
166	L	0.00000	0.97421	0.02579	0
167	P	0.00000	0.99838	0.00162	0
168	F	0.00000	0.99939	0.00061	0
169	C	0.00000	0.99999	0.00001	0
170	G	0.00000	1	0.00000	0
171	P	0.00000	1	0.00000	0
172	N	0.00000	1	0.00000	0
173	V	0.00000	1	0.00000	0
174	L	0.00000	1	0.00000	0
175	D	0.00000	1	0.00000	0
176	T	0.00000	1	0.00000	0
177	F	0.00000	1	0.00000	0
178	Y	0.00000	1	0.00000	0
179	C	0.00000	1	0.00000	0
180	D	0.00000	1	0.00000	0
181	V	0.00000	1	0.00000	0
182	P	0.00000	1	0.00000	0
183	Q	0.00000	1	0.00000	0
184	V	0.00000	1	0.00000	0
185	L	0.00000	1	0.00000	0
186	K	0.00000	1	0.00000	0
187	L	0.00000	1	0.00000	0
188	T	0.00000	1	0.00000	0
189	C	0.00000	1	0.00000	0
190	T	0.00000	1	0.00000	0
191	D	0.00000	0.99932	0.00068	0
192	T	0.00000	0.99773	0.00227	0
193	F	0.00000	0.99571	0.00429	0
194	A	0.00000	0.98118	0.01882	0
195	L	0.00000	0.97989	0.02011	0
196	E	0.00000	0.9692	0.03080	0
197	F	0.00000	0.27312	0.72688	0
198	L	0.00000	0.04847	0.95153	0
199	M	0.00000	0.0005	0.99950	0
200	I	0.00000	0.00044	0.99956	0
201	S	0.00000	0.00039	0.99961	0
202	N	0.00000	0.00034	0.99966	0
203	N	0.00000	0.00019	0.99981	0
204	G	0.00000	0.00014	0.99986	0
205	L	0.00000	0	1.00000	0
206	V	0.00000	0	1.00000	0
207	T	0.00000	0	1.00000	0
208	T	0.00000	0	1.00000	0
209	L	0.00000	0	1.00000	0
210	W	0.00000	0	1.00000	0
211	F	0.00000	0	1.00000	0
212	I	0.00000	0	1.00000	0
213	F	0.00000	0	1.00000	0
214	L	0.00001	0	0.99999	0
215	L	0.00010	0	0.99990	0
216	V	0.00069	0	0.99931	0
217	S	0.00504	0	0.99496	0
218	Y	0.00593	0	0.99407	0
219	T	0.01535	0	0.98465	0
220	V	0.02060	0	0.97940	0
221	I	0.04937	0	0.95063	0
222	L	0.16413	0	0.83587	0
223	M	0.90724	0	0.09276	0
224	T	0.97620	0	0.02380	0
225	L	0.98899	0	0.01101	0
226	R	0.99986	0	0.00014	0
227	S	0.99998	0	0.00002	0
228	Q	1.00000	0	0.00000	0
229	A	1.00000	0	0.00000	0
230	G	1.00000	0	0.00000	0
231	G	0.99999	0	0.00001	0
232	G	0.99999	0	0.00001	0
233	R	0.99578	0	0.00422	0
234	R	0.98479	0	0.01521	0
235	K	0.85813	0	0.14187	0
236	A	0.70255	0	0.29745	0
237	I	0.33399	0	0.66601	0
238	S	0.18195	0	0.81805	0
239	T	0.18162	0	0.81838	0
240	C	0.17621	0	0.82379	0
241	T	0.17471	0	0.82529	0
242	S	0.17370	0	0.82630	0
243	H	0.17165	0	0.82835	0
244	I	0.16881	0	0.83119	0
245	T	0.00009	0	0.99991	0
246	V	0.00003	0	0.99997	0
247	V	0.00000	0	1.00000	0
248	T	0.00000	0	1.00000	0
249	L	0.00000	0	1.00000	0
250	H	0.00000	0	1.00000	0
251	F	0.00000	0	1.00000	0
252	V	0.00000	1e-05	0.99999	0
253	P	0.00000	0.00027	0.99973	0
254	C	0.00000	0.00086	0.99914	0
255	I	0.00000	0.00118	0.99882	0
256	Y	0.00000	0.0015	0.99850	0
257	V	0.00000	0.00241	0.99759	0
258	Y	0.00000	0.00829	0.99171	0
259	A	0.00000	0.03241	0.96759	0
260	R	0.00000	0.7583	0.24170	0
261	P	0.00000	0.80389	0.19611	0
262	F	0.00000	0.8075	0.19250	0
263	T	0.00000	0.82374	0.17626	0
264	A	0.00000	0.8295	0.17050	0
265	L	0.00000	0.87206	0.12794	0
266	P	0.00000	0.90106	0.09894	0
267	T	0.00000	0.78792	0.21208	0
268	E	0.00000	0.7694	0.23060	0
269	K	0.00000	0.57361	0.42639	0
270	A	0.00000	0.04278	0.95722	0
271	I	0.00000	0.00028	0.99972	0
272	S	0.00000	0	1.00000	0
273	V	0.00000	0	1.00000	0
274	T	0.00000	0	1.00000	0
275	F	0.00000	0	1.00000	0
276	T	0.00000	0	1.00000	0
277	V	0.00000	0	1.00000	0
278	I	0.00000	0	1.00000	0
279	S	0.00000	0	1.00000	0
280	P	0.00000	0	1.00000	0
281	L	0.00000	0	1.00000	0
282	L	0.00000	0	1.00000	0
283	N	0.00000	0	1.00000	0
284	P	0.00000	0	1.00000	0
285	L	0.00000	0	1.00000	0
286	I	0.00012	0	0.99988	0
287	Y	0.00083	0	0.99917	0
288	T	0.00590	0	0.99410	0
289	L	0.04603	0	0.95397	0
290	R	1.00000	0	0.00000	0
291	N	1.00000	0	0.00000	0
292	Q	1.00000	0	0.00000	0
293	E	1.00000	0	0.00000	0
294	M	1.00000	0	0.00000	0
295	K	1.00000	0	0.00000	0
296	S	1.00000	0	0.00000	0
297	A	1.00000	0	0.00000	0
298	M	1.00000	0	0.00000	0
299	R	1.00000	0	0.00000	0
300	R	1.00000	0	0.00000	0
301	L	1.00000	0	0.00000	0
302	K	1.00000	0	0.00000	0
303	R	1.00000	0	0.00000	0
304	R	1.00000	0	0.00000	0
305	L	1.00000	0	0.00000	0
306	V	1.00000	0	0.00000	0
307	P	1.00000	0	0.00000	0
308	S	1.00000	0	0.00000	0
309	E	1.00000	0	0.00000	0
310	R	1.00000	0	0.00000	0
311	E	1.00000	0	0.00000	0
