# UNNAMED
#pos	aa	i	o	M	S
1	M	0.00000	1	0.00000	0
2	S	0.00000	1	0.00000	0
3	T	0.00000	1	0.00000	0
4	K	0.00000	1	0.00000	0
5	V	0.00000	1	0.00000	0
6	R	0.00000	1	0.00000	0
7	K	0.00000	1	0.00000	0
8	C	0.00000	1	0.00000	0
9	K	0.00000	1	0.00000	0
10	E	0.00000	1	0.00000	0
11	Q	0.00000	1	0.00000	0
12	A	0.00000	1	0.00000	0
13	R	0.00000	1	0.00000	0
14	V	0.00000	1	0.00000	0
15	T	0.00000	1	0.00000	0
16	F	0.00000	1	0.00000	0
17	P	0.00000	1	0.00000	0
18	A	0.00000	1	0.00000	0
19	P	0.00000	1	0.00000	0
20	E	0.00000	1	0.00000	0
21	E	0.00000	1	0.00000	0
22	E	0.00000	1	0.00000	0
23	E	0.00000	1	0.00000	0
24	D	0.00000	1	0.00000	0
25	E	0.00000	1	0.00000	0
26	G	0.00000	1	0.00000	0
27	E	0.00000	1	0.00000	0
28	D	0.00000	1	0.00000	0
29	E	0.00000	1	0.00000	0
30	G	0.00000	1	0.00000	0
31	A	0.00000	1	0.00000	0
32	E	0.00000	1	0.00000	0
33	P	0.00000	1	0.00000	0
34	Q	0.00000	1	0.00000	0
35	R	0.00000	1	0.00000	0
36	R	0.00000	1	0.00000	0
37	R	0.00000	1	0.00000	0
38	R	0.00000	1	0.00000	0
39	G	0.00000	1	0.00000	0
40	W	0.00000	1	0.00000	0
41	R	0.00000	1	0.00000	0
42	G	0.00000	1	0.00000	0
43	V	0.00000	1	0.00000	0
44	N	0.00000	1	0.00000	0
45	G	0.00000	1	0.00000	0
46	G	0.00000	1	0.00000	0
47	L	0.00000	1	0.00000	0
48	E	0.00000	1	0.00000	0
49	P	0.00000	1	0.00000	0
50	R	0.00000	1	0.00000	0
51	S	0.00000	1	0.00000	0
52	A	0.00000	1	0.00000	0
53	P	0.00000	1	0.00000	0
54	S	0.00000	1	0.00000	0
55	Q	0.00000	1	0.00000	0
56	R	0.00000	1	0.00000	0
57	E	0.00000	1	0.00000	0
58	P	0.00000	1	0.00000	0
59	H	0.00000	1	0.00000	0
60	G	0.00000	1	0.00000	0
61	Y	0.00000	1	0.00000	0
62	C	0.00000	1	0.00000	0
63	P	0.00000	1	0.00000	0
64	P	0.00000	1	0.00000	0
65	P	0.00000	1	0.00000	0
66	F	0.00000	1	0.00000	0
67	S	0.00000	1	0.00000	0
68	H	0.00000	1	0.00000	0
69	G	0.00000	1	0.00000	0
70	P	0.00000	1	0.00000	0
71	D	0.00000	1	0.00000	0
72	L	0.00000	1	0.00000	0
73	S	0.00000	1	0.00000	0
74	M	0.00000	1	0.00000	0
75	E	0.00000	1	0.00000	0
76	G	0.00000	1	0.00000	0
77	S	0.00000	1	0.00000	0
78	P	0.00000	1	0.00000	0
79	S	0.00000	1	0.00000	0
80	L	0.00000	1	0.00000	0
81	R	0.00000	1	0.00000	0
82	R	0.00000	1	0.00000	0
83	M	0.00000	1	0.00000	0
84	T	0.00000	1	0.00000	0
85	V	0.00000	1	0.00000	0
86	M	0.00000	1	0.00000	0
87	R	0.00000	1	0.00000	0
88	E	0.00000	1	0.00000	0
89	K	0.00000	1	0.00000	0
90	G	0.00000	1	0.00000	0
91	R	0.00000	1	0.00000	0
92	R	0.00000	1	0.00000	0
93	Q	0.00000	1	0.00000	0
94	A	0.00000	1	0.00000	0
95	V	0.00000	1	0.00000	0
96	R	0.00000	1	0.00000	0
97	G	0.00000	1	0.00000	0
98	P	0.00000	1	0.00000	0
99	A	0.00000	1	0.00000	0
100	F	0.00000	1	0.00000	0
101	M	0.00000	1	0.00000	0
102	F	0.00000	1	0.00000	0
103	N	0.00000	1	0.00000	0
104	D	0.00000	1	0.00000	0
105	R	0.00000	1	0.00000	0
106	G	0.00000	1	0.00000	0
107	T	0.00000	1	0.00000	0
108	S	0.00000	1	0.00000	0
109	L	0.00000	1	0.00000	0
110	T	0.00000	1	0.00000	0
111	A	0.00000	1	0.00000	0
112	E	0.00000	1	0.00000	0
113	E	0.00000	1	0.00000	0
114	E	0.00000	1	0.00000	0
115	R	0.00000	1	0.00000	0
116	F	0.00000	1	0.00000	0
117	L	0.00000	1	0.00000	0
118	D	0.00000	1	0.00000	0
119	A	0.00000	1	0.00000	0
120	A	0.00000	1	0.00000	0
121	E	0.00000	1	0.00000	0
122	Y	0.00000	1	0.00000	0
123	G	0.00000	1	0.00000	0
124	N	0.00000	1	0.00000	0
125	I	0.00000	1	0.00000	0
126	P	0.00000	1	0.00000	0
127	V	0.00000	1	0.00000	0
128	V	0.00000	1	0.00000	0
129	R	0.00000	1	0.00000	0
130	K	0.00000	1	0.00000	0
131	M	0.00000	1	0.00000	0
132	L	0.00000	1	0.00000	0
133	E	0.00000	1	0.00000	0
134	E	0.00000	1	0.00000	0
135	S	0.00000	1	0.00000	0
136	K	0.00000	1	0.00000	0
137	T	0.00000	1	0.00000	0
138	L	0.00000	1	0.00000	0
139	N	0.00000	1	0.00000	0
140	V	0.00000	1	0.00000	0
141	N	0.00000	1	0.00000	0
142	C	0.00000	1	0.00000	0
143	V	0.00000	1	0.00000	0
144	D	0.00000	1	0.00000	0
145	Y	0.00000	1	0.00000	0
146	M	0.00000	1	0.00000	0
147	G	0.00000	1	0.00000	0
148	Q	0.00000	1	0.00000	0
149	N	0.00000	1	0.00000	0
150	A	0.00000	1	0.00000	0
151	L	0.00000	1	0.00000	0
152	Q	0.00000	1	0.00000	0
153	L	0.00000	1	0.00000	0
154	A	0.00000	1	0.00000	0
155	V	0.00000	1	0.00000	0
156	G	0.00000	1	0.00000	0
157	N	0.00000	1	0.00000	0
158	E	0.00000	1	0.00000	0
159	H	0.00000	1	0.00000	0
160	L	0.00000	1	0.00000	0
161	E	0.00000	1	0.00000	0
162	V	0.00000	1	0.00000	0
163	T	0.00000	1	0.00000	0
164	E	0.00000	1	0.00000	0
165	L	0.00000	1	0.00000	0
166	L	0.00000	1	0.00000	0
167	L	0.00000	1	0.00000	0
168	K	0.00000	1	0.00000	0
169	K	0.00000	1	0.00000	0
170	E	0.00000	1	0.00000	0
171	N	0.00000	1	0.00000	0
172	L	0.00000	1	0.00000	0
173	A	0.00000	1	0.00000	0
174	R	0.00000	1	0.00000	0
175	I	0.00000	1	0.00000	0
176	G	0.00000	1	0.00000	0
177	D	0.00000	1	0.00000	0
178	A	0.00000	1	0.00000	0
179	L	0.00000	1	0.00000	0
180	L	0.00000	1	0.00000	0
181	L	0.00000	1	0.00000	0
182	A	0.00000	1	0.00000	0
183	I	0.00000	1	0.00000	0
184	S	0.00000	1	0.00000	0
185	K	0.00000	1	0.00000	0
186	G	0.00000	1	0.00000	0
187	Y	0.00000	1	0.00000	0
188	V	0.00000	1	0.00000	0
189	R	0.00000	1	0.00000	0
190	I	0.00000	1	0.00000	0
191	V	0.00000	1	0.00000	0
192	E	0.00000	1	0.00000	0
193	A	0.00000	1	0.00000	0
194	I	0.00000	1	0.00000	0
195	L	0.00000	1	0.00000	0
196	N	0.00000	1	0.00000	0
197	H	0.00000	1	0.00000	0
198	P	0.00000	1	0.00000	0
199	G	0.00000	1	0.00000	0
200	F	0.00000	1	0.00000	0
201	A	0.00000	1	0.00000	0
202	A	0.00000	1	0.00000	0
203	S	0.00000	1	0.00000	0
204	K	0.00000	1	0.00000	0
205	R	0.00000	1	0.00000	0
206	L	0.00000	1	0.00000	0
207	T	0.00000	1	0.00000	0
208	L	0.00000	1	0.00000	0
209	S	0.00000	1	0.00000	0
210	P	0.00000	1	0.00000	0
211	C	0.00000	1	0.00000	0
212	E	0.00000	1	0.00000	0
213	Q	0.00000	1	0.00000	0
214	E	0.00000	1	0.00000	0
215	L	0.00000	1	0.00000	0
216	Q	0.00000	1	0.00000	0
217	D	0.00000	1	0.00000	0
218	D	0.00000	1	0.00000	0
219	D	0.00000	1	0.00000	0
220	F	0.00000	1	0.00000	0
221	Y	0.00000	1	0.00000	0
222	A	0.00000	1	0.00000	0
223	Y	0.00000	1	0.00000	0
224	D	0.00000	1	0.00000	0
225	E	0.00000	1	0.00000	0
226	D	0.00000	1	0.00000	0
227	G	0.00000	1	0.00000	0
228	T	0.00000	1	0.00000	0
229	R	0.00000	1	0.00000	0
230	F	0.00000	1	0.00000	0
231	S	0.00000	1	0.00000	0
232	P	0.00000	1	0.00000	0
233	D	0.00000	1	0.00000	0
234	I	0.00000	1	0.00000	0
235	T	0.00000	1	0.00000	0
236	P	0.00000	1	0.00000	0
237	I	0.00000	1	0.00000	0
238	I	0.00000	1	0.00000	0
239	L	0.00000	1	0.00000	0
240	A	0.00000	1	0.00000	0
241	A	0.00000	1	0.00000	0
242	H	0.00000	1	0.00000	0
243	C	0.00000	1	0.00000	0
244	Q	0.00000	1	0.00000	0
245	K	0.00000	1	0.00000	0
246	Y	0.00000	1	0.00000	0
247	E	0.00000	1	0.00000	0
248	V	0.00000	1	0.00000	0
249	V	0.00000	1	0.00000	0
250	H	0.00000	1	0.00000	0
251	M	0.00000	1	0.00000	0
252	L	0.00000	1	0.00000	0
253	L	0.00000	1	0.00000	0
254	M	0.00000	1	0.00000	0
255	K	0.00000	1	0.00000	0
256	G	0.00000	1	0.00000	0
257	A	0.00000	1	0.00000	0
258	R	0.00000	1	0.00000	0
259	I	0.00000	1	0.00000	0
260	E	0.00000	1	0.00000	0
261	R	0.00000	1	0.00000	0
262	P	0.00000	1	0.00000	0
263	H	0.00000	1	0.00000	0
264	D	0.00000	1	0.00000	0
265	Y	0.00000	1	0.00000	0
266	F	0.00000	1	0.00000	0
267	C	0.00000	1	0.00000	0
268	K	0.00000	1	0.00000	0
269	C	0.00000	1	0.00000	0
270	G	0.00000	1	0.00000	0
271	D	0.00000	1	0.00000	0
272	C	0.00000	1	0.00000	0
273	M	0.00000	1	0.00000	0
274	E	0.00000	1	0.00000	0
275	K	0.00000	1	0.00000	0
276	Q	0.00000	1	0.00000	0
277	R	0.00000	1	0.00000	0
278	H	0.00000	1	0.00000	0
279	D	0.00000	1	0.00000	0
280	S	0.00000	1	0.00000	0
281	F	0.00000	1	0.00000	0
282	S	0.00000	1	0.00000	0
283	H	0.00000	1	0.00000	0
284	S	0.00000	1	0.00000	0
285	R	0.00000	1	0.00000	0
286	S	0.00000	1	0.00000	0
287	R	0.00000	1	0.00000	0
288	I	0.00000	1	0.00000	0
289	N	0.00000	1	0.00000	0
290	A	0.00000	1	0.00000	0
291	Y	0.00000	1	0.00000	0
292	K	0.00000	1	0.00000	0
293	G	0.00000	1	0.00000	0
294	L	0.00000	1	0.00000	0
295	A	0.00000	1	0.00000	0
296	S	0.00000	1	0.00000	0
297	P	0.00000	1	0.00000	0
298	A	0.00000	1	0.00000	0
299	Y	0.00000	1	0.00000	0
300	L	0.00000	1	0.00000	0
301	S	0.00000	1	0.00000	0
302	L	0.00000	1	0.00000	0
303	S	0.00000	1	0.00000	0
304	S	0.00000	1	0.00000	0
305	E	0.00000	1	0.00000	0
306	D	0.00000	1	0.00000	0
307	P	0.00000	1	0.00000	0
308	V	0.00000	1	0.00000	0
309	L	0.00000	1	0.00000	0
310	T	0.00000	1	0.00000	0
311	A	0.00000	1	0.00000	0
312	L	0.00000	1	0.00000	0
313	E	0.00000	1	0.00000	0
314	L	0.00000	1	0.00000	0
315	S	0.00000	1	0.00000	0
316	N	0.00000	1	0.00000	0
317	E	0.00000	1	0.00000	0
318	L	0.00000	1	0.00000	0
319	A	0.00000	1	0.00000	0
320	K	0.00000	1	0.00000	0
321	L	0.00000	1	0.00000	0
322	A	0.00000	1	0.00000	0
323	N	0.00000	1	0.00000	0
324	I	0.00000	1	0.00000	0
325	E	0.00000	1	0.00000	0
326	K	0.00000	1	0.00000	0
327	E	0.00000	1	0.00000	0
328	F	0.00000	1	0.00000	0
329	K	0.00000	1	0.00000	0
330	N	0.00000	1	0.00000	0
331	D	0.00000	1	0.00000	0
332	Y	0.00000	1	0.00000	0
333	R	0.00000	1	0.00000	0
334	K	0.00000	1	0.00000	0
335	L	0.00000	1	0.00000	0
336	S	0.00000	1	0.00000	0
337	M	0.00000	1	0.00000	0
338	Q	0.00000	1	0.00000	0
339	C	0.00000	1	0.00000	0
340	K	0.00000	1	0.00000	0
341	D	0.00000	1	0.00000	0
342	F	0.00000	1	0.00000	0
343	V	0.00000	1	0.00000	0
344	V	0.00000	1	0.00000	0
345	G	0.00000	1	0.00000	0
346	V	0.00000	1	0.00000	0
347	L	0.00000	1	0.00000	0
348	D	0.00000	1	0.00000	0
349	L	0.00000	1	0.00000	0
350	C	0.00000	1	0.00000	0
351	R	0.00000	1	0.00000	0
352	D	0.00000	1	0.00000	0
353	S	0.00000	1	0.00000	0
354	E	0.00000	1	0.00000	0
355	E	0.00000	1	0.00000	0
356	V	0.00000	1	0.00000	0
357	E	0.00000	1	0.00000	0
358	A	0.00000	1	0.00000	0
359	I	0.00000	1	0.00000	0
360	L	0.00000	1	0.00000	0
361	N	0.00000	1	0.00000	0
362	G	0.00000	1	0.00000	0
363	D	0.00000	1	0.00000	0
364	L	0.00000	1	0.00000	0
365	E	0.00000	1	0.00000	0
366	S	0.00000	1	0.00000	0
367	A	0.00000	1	0.00000	0
368	E	0.00000	1	0.00000	0
369	P	0.00000	1	0.00000	0
370	L	0.00000	1	0.00000	0
371	E	0.00000	1	0.00000	0
372	V	0.00000	1	0.00000	0
373	H	0.00000	1	0.00000	0
374	R	0.00000	1	0.00000	0
375	H	0.00000	1	0.00000	0
376	K	0.00000	1	0.00000	0
377	A	0.00000	1	0.00000	0
378	S	0.00000	1	0.00000	0
379	L	0.00000	1	0.00000	0
380	S	0.00000	1	0.00000	0
381	R	0.00000	1	0.00000	0
382	V	0.00000	1	0.00000	0
383	K	0.00000	1	0.00000	0
384	L	0.00000	1	0.00000	0
385	A	0.00000	1	0.00000	0
386	I	0.00000	1	0.00000	0
387	K	0.00000	1	0.00000	0
388	Y	0.00000	1	0.00000	0
389	E	0.00000	1	0.00000	0
390	V	0.00000	1	0.00000	0
391	K	0.00000	1	0.00000	0
392	K	0.00000	1	0.00000	0
393	F	0.00000	1	0.00000	0
394	V	0.00000	1	0.00000	0
395	A	0.00000	1	0.00000	0
396	H	0.00000	1	0.00000	0
397	P	0.00000	1	0.00000	0
398	N	0.00000	1	0.00000	0
399	C	0.00000	1	0.00000	0
400	Q	0.00000	1	0.00000	0
401	Q	0.00000	1	0.00000	0
402	Q	0.00000	1	0.00000	0
403	L	0.00000	1	0.00000	0
404	L	0.00000	1	0.00000	0
405	T	0.00000	1	0.00000	0
406	I	0.00000	1	0.00000	0
407	W	0.00000	1	0.00000	0
408	Y	0.00000	1	0.00000	0
409	E	0.00000	1	0.00000	0
410	N	0.00000	1	0.00000	0
411	L	0.00000	1	0.00000	0
412	S	0.00000	1	0.00000	0
413	G	0.00000	1	0.00000	0
414	L	0.00000	1	0.00000	0
415	R	0.00000	1	0.00000	0
416	E	0.00000	0.99986	0.00014	0
417	Q	0.00000	0.98708	0.01292	0
418	T	0.00000	0.28527	0.71473	0
419	I	0.00000	0.1865	0.81350	0
420	A	0.00000	0.17512	0.82488	0
421	I	0.00000	0.16429	0.83571	0
422	K	0.00000	0.16283	0.83717	0
423	C	0.00000	0.13459	0.86541	0
424	L	0.00000	0.02268	0.97732	0
425	V	0.00000	0.00101	0.99899	0
426	V	0.00000	2e-05	0.99998	0
427	L	0.00000	0	1.00000	0
428	V	0.00000	0	1.00000	0
429	V	0.00000	0	1.00000	0
430	A	0.00000	0	1.00000	0
431	L	0.00000	0	1.00000	0
432	G	0.00000	0	1.00000	0
433	L	0.00000	0	1.00000	0
434	P	0.00000	0	1.00000	0
435	F	0.00000	0	1.00000	0
436	L	0.00000	0	1.00000	0
437	A	0.00000	0	1.00000	0
438	I	0.00000	0	1.00000	0
439	G	0.00007	0	0.99993	0
440	Y	0.00057	0	0.99943	0
441	W	0.00460	0	0.99540	0
442	I	0.02127	0	0.97873	0
443	A	0.37752	0	0.62248	0
444	P	0.88693	0	0.11307	0
445	C	0.99451	0	0.00549	0
446	S	0.99998	0	0.00002	0
447	R	1.00000	0	0.00000	0
448	L	1.00000	0	0.00000	0
449	G	1.00000	0	0.00000	0
450	K	1.00000	0	0.00000	0
451	I	1.00000	0	0.00000	0
452	L	1.00000	0	0.00000	0
453	R	1.00000	0	0.00000	0
454	S	1.00000	0	0.00000	0
455	P	0.99999	0	0.00001	0
456	F	0.01758	0	0.98242	0
457	M	0.01299	0	0.98701	0
458	K	0.00525	0	0.99475	0
459	F	0.00002	0	0.99998	0
460	V	0.00000	0	1.00000	0
461	A	0.00000	0	1.00000	0
462	H	0.00000	0	1.00000	0
463	A	0.00000	0	1.00000	0
464	A	0.00000	0	1.00000	0
465	S	0.00000	0	1.00000	0
466	F	0.00000	0	1.00000	0
467	I	0.00000	0	1.00000	0
468	I	0.00000	0	1.00000	0
469	F	0.00000	0	1.00000	0
470	L	0.00000	0	1.00000	0
471	G	0.00000	0	1.00000	0
472	L	0.00000	0	1.00000	0
473	L	0.00000	0	1.00000	0
474	V	0.00000	0.00128	0.99872	0
475	F	0.00000	0.03342	0.96658	0
476	N	0.00000	0.73527	0.26473	0
477	A	0.00000	0.79254	0.20746	0
478	S	0.00000	0.94305	0.05695	0
479	D	0.00000	0.99224	0.00776	0
480	R	0.00000	0.99424	0.00576	0
481	F	0.00000	0.99446	0.00554	0
482	E	0.00000	0.99575	0.00425	0
483	G	0.00000	0.99586	0.00414	0
484	I	0.00000	0.9961	0.00390	0
485	T	0.00000	0.99905	0.00095	0
486	T	0.00000	0.99971	0.00029	0
487	L	0.00000	0.9998	0.00020	0
488	P	0.00000	0.99995	0.00005	0
489	N	0.00000	1	0.00000	0
490	I	0.00000	1	0.00000	0
491	T	0.00000	1	0.00000	0
492	V	0.00000	1	0.00000	0
493	T	0.00000	1	0.00000	0
494	D	0.00000	1	0.00000	0
495	Y	0.00000	1	0.00000	0
496	P	0.00000	1	0.00000	0
497	K	0.00000	0.9984	0.00160	0
498	Q	0.00000	0.87616	0.12384	0
499	I	0.00000	0.68839	0.31161	0
500	F	0.00000	0.67113	0.32887	0
501	R	0.00000	0.66947	0.33053	0
502	V	0.00000	0.65088	0.34912	0
503	K	0.00000	0.63737	0.36263	0
504	T	0.00000	0.337	0.66300	0
505	T	0.00000	0.14994	0.85006	0
506	Q	0.00000	0.01843	0.98157	0
507	F	0.00000	0.01843	0.98157	0
508	T	0.00000	0.01843	0.98157	0
509	W	0.00000	0.01843	0.98157	0
510	T	0.00000	0.01843	0.98157	0
511	E	0.00000	0.01843	0.98157	0
512	M	0.00000	0.00025	0.99975	0
513	L	0.00000	2e-05	0.99998	0
514	I	0.00000	0	1.00000	0
515	M	0.00000	0	1.00000	0
516	V	0.00001	0	0.99999	0
517	W	0.00008	0	0.99992	0
518	V	0.02906	0	0.97094	0
519	L	0.06331	0	0.93669	0
520	G	0.15832	0	0.84168	0
521	M	0.19314	0	0.80686	0
522	M	0.24062	0	0.75938	0
523	W	0.27308	0	0.72692	0
524	S	0.27871	0	0.72129	0
525	E	0.28373	0	0.71627	0
526	C	0.37722	0	0.62278	0
527	K	0.69159	0	0.30841	0
528	E	0.72373	0	0.27627	0
529	L	0.95165	0	0.04835	0
530	W	0.97844	0	0.02156	0
531	L	0.98291	0	0.01709	0
532	E	0.98723	0	0.01277	0
533	G	0.99819	0	0.00181	0
534	P	1.00000	0	0.00000	0
535	R	0.99989	0	0.00011	0
536	E	0.99750	0	0.00250	0
537	Y	0.90458	0	0.09542	0
538	I	0.78788	0	0.21212	0
539	L	0.78061	0	0.21939	0
540	Q	0.77872	0	0.22128	0
541	L	0.74599	0	0.25401	0
542	W	0.69269	0	0.30731	0
543	N	0.60656	0	0.39344	0
544	V	0.12649	0	0.87351	0
545	L	0.05560	0	0.94440	0
546	D	0.05116	0	0.94884	0
547	F	0.00656	0	0.99344	0
548	G	0.00241	0	0.99759	0
549	M	0.00072	0	0.99928	0
550	L	0.00010	0	0.99990	0
551	S	0.00004	0	0.99996	0
552	I	0.00000	0	1.00000	0
553	F	0.00000	0	1.00000	0
554	I	0.00000	0	1.00000	0
555	A	0.00000	0	1.00000	0
556	A	0.00000	8e-05	0.99992	0
557	F	0.00000	0.00278	0.99722	0
558	T	0.00000	0.05575	0.94425	0
559	A	0.00000	0.10086	0.89914	0
560	R	0.00000	0.21267	0.78733	0
561	F	0.00000	0.21494	0.78506	0
562	L	0.00000	0.2195	0.78050	0
563	A	0.00000	0.23862	0.76138	0
564	F	0.00000	0.32413	0.67587	0
565	L	0.00000	0.82974	0.17026	0
566	Q	0.00000	0.9295	0.07050	0
567	A	0.00000	0.94334	0.05666	0
568	T	0.00000	0.98327	0.01673	0
569	K	0.00000	0.99923	0.00077	0
570	A	0.00000	0.99941	0.00059	0
571	Q	0.00000	0.99993	0.00007	0
572	Q	0.00000	0.99998	0.00002	0
573	Y	0.00000	0.99998	0.00002	0
574	V	0.00000	0.99999	0.00001	0
575	D	0.00000	1	0.00000	0
576	S	0.00000	1	0.00000	0
577	Y	0.00000	1	0.00000	0
578	V	0.00000	1	0.00000	0
579	Q	0.00000	1	0.00000	0
580	E	0.00000	1	0.00000	0
581	S	0.00000	1	0.00000	0
582	D	0.00000	1	0.00000	0
583	L	0.00000	1	0.00000	0
584	S	0.00000	1	0.00000	0
585	E	0.00000	1	0.00000	0
586	V	0.00000	1	0.00000	0
587	T	0.00000	1	0.00000	0
588	L	0.00000	1	0.00000	0
589	P	0.00000	1	0.00000	0
590	P	0.00000	1	0.00000	0
591	E	0.00000	1	0.00000	0
592	I	0.00000	1	0.00000	0
593	Q	0.00000	1	0.00000	0
594	Y	0.00000	1	0.00000	0
595	F	0.00000	1	0.00000	0
596	T	0.00000	1	0.00000	0
597	Y	0.00000	1	0.00000	0
598	A	0.00000	1	0.00000	0
599	R	0.00000	1	0.00000	0
600	D	0.00000	1	0.00000	0
601	K	0.00000	0.99989	0.00011	0
602	W	0.00000	0.99976	0.00024	0
603	L	0.00000	0.99974	0.00026	0
604	P	0.00000	0.99974	0.00026	0
605	S	0.00000	0.99973	0.00027	0
606	D	0.00000	0.99952	0.00048	0
607	P	0.00000	0.07147	0.92853	0
608	Q	0.00000	0.00175	0.99825	0
609	I	0.00000	0.00112	0.99888	0
610	I	0.00000	0.00078	0.99922	0
611	S	0.00000	0.00077	0.99923	0
612	E	0.00000	0.00077	0.99923	0
613	G	0.00000	0.00074	0.99926	0
614	L	0.00000	0.00063	0.99937	0
615	Y	0.00000	0.00063	0.99937	0
616	A	0.00000	0.00062	0.99938	0
617	I	0.00000	0.00062	0.99938	0
618	A	0.00000	0.00062	0.99938	0
619	V	0.00000	0.00062	0.99938	0
620	V	0.00000	0.00062	0.99938	0
621	L	0.00000	0.00062	0.99938	0
622	S	0.00000	0.00062	0.99937	0
623	F	0.00000	0.00062	0.99937	0
624	S	0.00007	0.00062	0.99931	0
625	R	0.00009	0.00062	0.99929	0
626	I	0.00009	0.00062	0.99929	0
627	A	0.00010	0.00062	0.99928	0
628	Y	0.00046	0.00062	0.99892	0
629	I	0.02007	0.00062	0.97930	0
630	L	0.90724	0.00062	0.09213	0
631	P	0.99204	0.00062	0.00734	0
632	A	0.99651	0.00062	0.00286	0
633	N	0.99919	0.00062	0.00018	0
634	E	0.99923	0.00062	0.00014	0
635	S	0.99923	0.00062	0.00014	0
636	F	0.99924	0.00062	0.00014	0
637	G	0.99932	0.00062	0.00006	0
638	P	0.99937	0.00062	0.00001	0
639	L	0.99937	0.00062	0.00001	0
640	Q	0.99938	0.00062	0.00000	0
641	I	0.99938	0.00062	0.00000	0
642	S	0.99938	0.00062	0.00000	0
643	L	0.99938	0.00062	0.00000	0
644	G	0.99936	0.00062	0.00002	0
645	R	0.99936	0.00062	0.00002	0
646	T	0.99936	0.00062	0.00002	0
647	V	0.99936	0.00062	0.00002	0
648	K	0.99936	0.00062	0.00002	0
649	D	0.99936	0.00062	0.00002	0
650	I	0.07461	0.00052	0.92487	0
651	F	0.07133	0.00051	0.92816	0
652	K	0.06680	0.00051	0.93269	0
653	F	0.06273	0.00032	0.93695	0
654	M	0.01854	1e-05	0.98145	0
655	V	0.00018	0	0.99982	0
656	L	0.00001	0	0.99999	0
657	F	0.00000	0	1.00000	0
658	I	0.00000	0	1.00000	0
659	M	0.00000	0	1.00000	0
660	V	0.00000	0	1.00000	0
661	F	0.00000	0	1.00000	0
662	F	0.00000	0	1.00000	0
663	A	0.00000	0	1.00000	0
664	F	0.00000	0	1.00000	0
665	M	0.00000	0	1.00000	0
666	I	0.00000	0	1.00000	0
667	G	0.00000	0	1.00000	0
668	M	0.00000	0	1.00000	0
669	F	0.00000	1e-05	0.99999	0
670	I	0.00000	0.00048	0.99952	0
671	L	0.00000	0.00543	0.99457	0
672	Y	0.00000	0.06993	0.93007	0
673	S	0.00000	0.33734	0.66266	0
674	Y	0.00000	0.43276	0.56724	0
675	Y	0.00001	0.52827	0.47171	0
676	L	0.00007	0.62826	0.37167	0
677	G	0.00043	0.93796	0.06161	0
678	A	0.00049	0.95674	0.04277	0
679	K	0.00062	0.9992	0.00018	0
680	V	0.00062	0.99928	0.00010	0
681	N	0.00062	0.99931	0.00006	0
682	A	0.00062	0.99932	0.00006	0
683	A	0.00062	0.99932	0.00005	0
684	F	0.00062	0.99933	0.00005	0
685	T	0.00062	0.99933	0.00005	0
686	T	0.00062	0.99933	0.00005	0
687	V	0.00062	0.99932	0.00005	0
688	E	0.00062	0.99926	0.00012	0
689	E	0.00062	0.99912	0.00026	0
690	S	0.00062	0.99887	0.00051	0
691	F	0.00062	0.99869	0.00069	0
692	K	0.00062	0.99858	0.00080	0
693	T	0.00062	0.99858	0.00080	0
694	L	0.00062	0.99858	0.00080	0
695	F	0.00062	0.99858	0.00080	0
696	W	0.00062	0.99858	0.00080	0
697	S	0.00062	0.99858	0.00080	0
698	I	0.00062	0.99858	0.00080	0
699	F	0.00062	0.99858	0.00080	0
700	G	0.00063	0.99858	0.00079	0
701	L	0.00065	0.99858	0.00077	0
702	S	0.00065	0.99858	0.00076	0
703	E	0.00066	0.99858	0.00076	0
704	V	0.00066	0.99858	0.00076	0
705	T	0.00066	0.99858	0.00077	0
706	S	0.00066	0.99852	0.00083	0
707	V	0.00066	0.99817	0.00118	0
708	V	0.00066	0.99814	0.00120	0
709	L	0.00072	0.99814	0.00114	0
710	K	0.00141	0.99812	0.00046	0
711	Y	0.00141	0.998	0.00058	0
712	D	0.00141	0.99771	0.00088	0
713	H	0.00141	0.9375	0.06109	0
714	K	0.00141	0.80871	0.18987	0
715	F	0.00141	0.18878	0.80981	0
716	I	0.00141	0.17858	0.82001	0
717	E	0.00141	0.17725	0.82133	0
718	N	0.00141	0.17453	0.82406	0
719	I	0.00087	0.16701	0.83212	0
720	G	0.00084	0.16249	0.83667	0
721	Y	0.00084	0.15349	0.84567	0
722	V	0.00079	0.13299	0.86622	0
723	L	0.00079	0.12473	0.87448	0
724	Y	0.00079	0.12337	0.87584	0
725	G	0.00079	0.11904	0.88016	0
726	I	0.00081	0.07166	0.92753	0
727	Y	0.00086	0.04497	0.95418	0
728	N	0.00107	0.01686	0.98207	0
729	V	0.00118	0.00054	0.99828	0
730	T	0.00122	0.00031	0.99846	0
731	M	0.00124	0.00031	0.99845	0
732	V	0.00132	0.0003	0.99838	0
733	V	0.00214	0.0003	0.99756	0
734	V	0.02328	0.0003	0.97642	0
735	L	0.07881	0.0003	0.92089	0
736	L	0.52987	0.0003	0.46983	0
737	N	0.79631	0.0003	0.20339	0
738	M	0.81632	0.0003	0.18338	0
739	L	0.82336	0.0003	0.17634	0
740	I	0.82574	0.0003	0.17396	0
741	A	0.82799	0.00031	0.17170	0
742	M	0.82875	0.00033	0.17092	0
743	I	0.83110	0.0005	0.16839	0
744	N	0.85340	0.00086	0.14574	0
745	S	0.86524	0.0009	0.13386	0
746	S	0.87458	0.00092	0.12450	0
747	Y	0.89425	0.00092	0.10483	0
748	Q	0.99634	0.00092	0.00274	0
749	E	0.99907	0.00092	0.00001	0
750	I	0.99907	0.00092	0.00001	0
751	E	0.99907	0.00092	0.00001	0
752	D	0.99907	0.00092	0.00001	0
753	D	0.99907	0.00092	0.00001	0
754	S	0.99907	0.00092	0.00001	0
755	D	0.99907	0.00092	0.00001	0
756	V	0.99907	0.00092	0.00001	0
757	E	0.99908	0.00092	0.00000	0
758	W	0.99908	0.00092	0.00000	0
759	K	0.99908	0.00092	0.00000	0
760	F	0.99908	0.00092	0.00000	0
761	A	0.99908	0.00092	0.00000	0
762	R	0.99908	0.00092	0.00000	0
763	S	0.99908	0.00092	0.00000	0
764	K	0.99908	0.00092	0.00000	0
765	L	0.99908	0.00092	0.00000	0
766	W	0.99908	0.00092	0.00000	0
767	L	0.99908	0.00092	0.00000	0
768	S	0.99908	0.00092	0.00000	0
769	Y	0.99908	0.00092	0.00000	0
770	F	0.99908	0.00092	0.00000	0
771	D	0.99908	0.00091	0.00001	0
772	D	0.99908	0.00077	0.00016	0
773	G	0.99908	0.00039	0.00053	0
774	K	0.99908	8e-05	0.00084	0
775	T	0.99908	1e-05	0.00091	0
776	L	0.99908	0	0.00092	0
777	P	0.99908	0	0.00092	0
778	P	0.99908	0	0.00092	0
779	P	0.99908	0	0.00092	0
780	F	0.99908	0	0.00092	0
781	S	0.99908	0	0.00092	0
782	L	0.99908	0	0.00092	0
783	V	0.99908	0	0.00092	0
784	P	0.99908	0	0.00092	0
785	S	0.99908	0	0.00092	0
786	P	0.99908	0	0.00092	0
787	K	0.99908	0	0.00092	0
788	S	0.99908	0	0.00092	0
789	F	0.99908	0	0.00092	0
790	V	0.99908	0	0.00092	0
791	Y	0.99908	0	0.00092	0
792	F	0.99908	0	0.00092	0
793	I	0.99909	0	0.00091	0
794	M	0.99926	0	0.00074	0
795	R	1.00000	0	0.00000	0
796	I	1.00000	0	0.00000	0
797	V	1.00000	0	0.00000	0
798	N	1.00000	0	0.00000	0
799	F	1.00000	0	0.00000	0
800	P	1.00000	0	0.00000	0
801	K	1.00000	0	0.00000	0
802	C	1.00000	0	0.00000	0
803	R	1.00000	0	0.00000	0
804	R	1.00000	0	0.00000	0
805	R	1.00000	0	0.00000	0
806	R	1.00000	0	0.00000	0
807	L	1.00000	0	0.00000	0
808	Q	1.00000	0	0.00000	0
809	K	1.00000	0	0.00000	0
810	D	1.00000	0	0.00000	0
811	I	1.00000	0	0.00000	0
812	E	1.00000	0	0.00000	0
813	M	1.00000	0	0.00000	0
814	G	1.00000	0	0.00000	0
815	M	1.00000	0	0.00000	0
816	G	1.00000	0	0.00000	0
817	N	1.00000	0	0.00000	0
818	S	1.00000	0	0.00000	0
819	K	1.00000	0	0.00000	0
820	S	1.00000	0	0.00000	0
821	R	1.00000	0	0.00000	0
822	L	1.00000	0	0.00000	0
823	N	1.00000	0	0.00000	0
824	L	1.00000	0	0.00000	0
825	F	1.00000	0	0.00000	0
826	T	1.00000	0	0.00000	0
827	Q	1.00000	0	0.00000	0
828	S	1.00000	0	0.00000	0
829	N	1.00000	0	0.00000	0
830	S	1.00000	0	0.00000	0
831	R	1.00000	0	0.00000	0
832	V	1.00000	0	0.00000	0
833	F	1.00000	0	0.00000	0
834	E	1.00000	0	0.00000	0
835	S	1.00000	0	0.00000	0
836	H	1.00000	0	0.00000	0
837	S	1.00000	0	0.00000	0
838	F	1.00000	0	0.00000	0
839	N	1.00000	0	0.00000	0
840	S	1.00000	0	0.00000	0
841	I	1.00000	0	0.00000	0
842	L	1.00000	0	0.00000	0
843	N	1.00000	0	0.00000	0
844	Q	1.00000	0	0.00000	0
845	P	1.00000	0	0.00000	0
846	T	1.00000	0	0.00000	0
847	R	1.00000	0	0.00000	0
848	Y	1.00000	0	0.00000	0
849	Q	1.00000	0	0.00000	0
850	Q	1.00000	0	0.00000	0
851	I	1.00000	0	0.00000	0
852	M	1.00000	0	0.00000	0
853	K	1.00000	0	0.00000	0
854	R	1.00000	0	0.00000	0
855	L	1.00000	0	0.00000	0
856	I	1.00000	0	0.00000	0
857	K	1.00000	0	0.00000	0
858	R	1.00000	0	0.00000	0
859	Y	1.00000	0	0.00000	0
860	V	1.00000	0	0.00000	0
861	L	1.00000	0	0.00000	0
862	K	1.00000	0	0.00000	0
863	A	1.00000	0	0.00000	0
864	Q	1.00000	0	0.00000	0
865	V	1.00000	0	0.00000	0
866	D	1.00000	0	0.00000	0
867	K	1.00000	0	0.00000	0
868	E	1.00000	0	0.00000	0
869	N	1.00000	0	0.00000	0
870	D	1.00000	0	0.00000	0
871	E	1.00000	0	0.00000	0
872	V	1.00000	0	0.00000	0
873	N	1.00000	0	0.00000	0
874	E	1.00000	0	0.00000	0
875	G	1.00000	0	0.00000	0
876	E	1.00000	0	0.00000	0
877	L	1.00000	0	0.00000	0
878	K	1.00000	0	0.00000	0
879	E	1.00000	0	0.00000	0
880	I	1.00000	0	0.00000	0
881	K	1.00000	0	0.00000	0
882	Q	1.00000	0	0.00000	0
883	D	1.00000	0	0.00000	0
884	I	1.00000	0	0.00000	0
885	S	1.00000	0	0.00000	0
886	S	1.00000	0	0.00000	0
887	L	1.00000	0	0.00000	0
888	R	1.00000	0	0.00000	0
889	Y	1.00000	0	0.00000	0
890	E	1.00000	0	0.00000	0
891	L	1.00000	0	0.00000	0
892	L	1.00000	0	0.00000	0
893	E	1.00000	0	0.00000	0
894	D	1.00000	0	0.00000	0
895	K	1.00000	0	0.00000	0
896	S	1.00000	0	0.00000	0
897	Q	1.00000	0	0.00000	0
898	A	1.00000	0	0.00000	0
899	T	1.00000	0	0.00000	0
900	E	1.00000	0	0.00000	0
901	E	1.00000	0	0.00000	0
902	L	1.00000	0	0.00000	0
903	A	1.00000	0	0.00000	0
904	I	1.00000	0	0.00000	0
905	L	1.00000	0	0.00000	0
906	I	1.00000	0	0.00000	0
907	H	1.00000	0	0.00000	0
908	K	1.00000	0	0.00000	0
909	L	1.00000	0	0.00000	0
910	S	1.00000	0	0.00000	0
911	E	1.00000	0	0.00000	0
912	K	1.00000	0	0.00000	0
913	L	1.00000	0	0.00000	0
914	N	1.00000	0	0.00000	0
915	P	1.00000	0	0.00000	0
916	S	1.00000	0	0.00000	0
917	M	1.00000	0	0.00000	0
918	L	1.00000	0	0.00000	0
919	R	1.00000	0	0.00000	0
920	C	1.00000	0	0.00000	0
921	E	1.00000	0	0.00000	0
