# UNNAMED
#pos	aa	i	o	M	S
1	M	0.00000	1	0.00000	0
2	N	0.00000	1	0.00000	0
3	E	0.00000	1	0.00000	0
4	C	0.00000	1	0.00000	0
5	H	0.00000	1	0.00000	0
6	Y	0.00000	1	0.00000	0
7	D	0.00000	1	0.00000	0
8	K	0.00000	1	0.00000	0
9	H	0.00000	1	0.00000	0
10	M	0.00000	1	0.00000	0
11	D	0.00000	1	0.00000	0
12	F	0.00000	1	0.00000	0
13	F	0.00000	1	0.00000	0
14	Y	0.00000	1	0.00000	0
15	N	0.00000	1	0.00000	0
16	R	0.00000	1	0.00000	0
17	S	0.00000	1	0.00000	0
18	N	0.00000	1	0.00000	0
19	T	0.00000	1	0.00000	0
20	D	0.00000	1	0.00000	0
21	T	0.00000	1	0.00000	0
22	V	0.00000	1	0.00000	0
23	D	0.00000	1	0.00000	0
24	D	0.00000	1	0.00000	0
25	W	0.00000	0.99806	0.00194	0
26	T	0.00000	0.99748	0.00252	0
27	G	0.00000	0.99635	0.00365	0
28	T	0.00000	0.98757	0.01243	0
29	K	0.00000	0.97239	0.02761	0
30	L	0.00000	0.18509	0.81491	0
31	V	0.00000	0.08949	0.91051	0
32	I	0.00000	0.0348	0.96520	0
33	V	0.00000	0.03052	0.96948	0
34	L	0.00000	0.02765	0.97235	0
35	C	0.00000	0.02496	0.97504	0
36	V	0.00000	0.00065	0.99935	0
37	G	0.00000	0.00016	0.99984	0
38	T	0.00000	2e-05	0.99998	0
39	F	0.00000	0	1.00000	0
40	F	0.00000	0	1.00000	0
41	C	0.00000	0	1.00000	0
42	L	0.00000	0	1.00000	0
43	F	0.00000	0	1.00000	0
44	I	0.00000	0	1.00000	0
45	F	0.00000	0	1.00000	0
46	F	0.00000	0	1.00000	0
47	S	0.00000	0	1.00000	0
48	N	0.00000	0	1.00000	0
49	S	0.00000	0	1.00000	0
50	L	0.00000	0	1.00000	0
51	V	0.00001	0	0.99999	0
52	I	0.00005	0	0.99995	0
53	A	0.00234	0	0.99766	0
54	A	0.02343	0	0.97657	0
55	V	0.11596	0	0.88404	0
56	I	0.30457	0	0.69543	0
57	K	0.99474	0	0.00526	0
58	N	0.99983	0	0.00017	0
59	R	1.00000	0	0.00000	0
60	K	1.00000	0	0.00000	0
61	F	1.00000	0	0.00000	0
62	H	1.00000	0	0.00000	0
63	F	1.00000	0	0.00000	0
64	P	1.00000	0	0.00000	0
65	F	0.15243	0	0.84757	0
66	Y	0.12269	0	0.87731	0
67	Y	0.04022	0	0.95978	0
68	L	0.00044	0	0.99956	0
69	L	0.00000	0	1.00000	0
70	A	0.00000	0	1.00000	0
71	N	0.00000	0	1.00000	0
72	L	0.00000	0	1.00000	0
73	A	0.00000	0	1.00000	0
74	A	0.00000	0	1.00000	0
75	A	0.00000	0	1.00000	0
76	D	0.00000	0	1.00000	0
77	F	0.00000	0	1.00000	0
78	F	0.00000	0	1.00000	0
79	A	0.00000	0	1.00000	0
80	G	0.00000	0	1.00000	0
81	I	0.00000	0	1.00000	0
82	A	0.00000	0	1.00000	0
83	Y	0.00000	6e-05	0.99994	0
84	V	0.00000	0.00024	0.99976	0
85	F	0.00000	0.00373	0.99627	0
86	L	0.00000	0.01539	0.98461	0
87	M	0.00000	0.04417	0.95583	0
88	F	0.00000	0.30417	0.69583	0
89	N	0.00000	0.95652	0.04348	0
90	T	0.00000	0.98637	0.01363	0
91	G	0.00000	0.99219	0.00781	0
92	P	0.00000	0.99601	0.00399	0
93	V	0.00000	0.99807	0.00193	0
94	S	0.00000	0.99972	0.00028	0
95	K	0.00000	0.99997	0.00003	0
96	T	0.00000	1	0.00000	0
97	L	0.00000	1	0.00000	0
98	T	0.00000	1	0.00000	0
99	V	0.00000	1	0.00000	0
100	N	0.00000	1	0.00000	0
101	R	0.00000	0.99969	0.00031	0
102	W	0.00000	0.9932	0.00680	0
103	F	0.00000	0.96525	0.03475	0
104	L	0.00000	0.9578	0.04220	0
105	R	0.00000	0.95529	0.04471	0
106	Q	0.00000	0.38075	0.61925	0
107	G	0.00000	0.0692	0.93080	0
108	L	0.00000	0.00705	0.99295	0
109	L	0.00000	0.00035	0.99965	0
110	D	0.00000	0.00012	0.99988	0
111	S	0.00000	1e-05	0.99999	0
112	S	0.00000	0	1.00000	0
113	L	0.00000	0	1.00000	0
114	T	0.00000	0	1.00000	0
115	A	0.00000	0	1.00000	0
116	S	0.00000	0	1.00000	0
117	L	0.00000	0	1.00000	0
118	T	0.00000	0	1.00000	0
119	N	0.00000	0	1.00000	0
120	L	0.00000	0	1.00000	0
121	L	0.00000	0	1.00000	0
122	V	0.00000	0	1.00000	0
123	I	0.00001	0	0.99999	0
124	A	0.00010	0	0.99990	0
125	V	0.00032	0	0.99968	0
126	E	0.00084	0	0.99916	0
127	R	0.13084	0	0.86916	0
128	H	0.44117	0	0.55883	0
129	M	0.77167	0	0.22833	0
130	S	0.95061	0	0.04939	0
131	I	0.99616	0	0.00384	0
132	M	1.00000	0	0.00000	0
133	R	1.00000	0	0.00000	0
134	M	1.00000	0	0.00000	0
135	R	1.00000	0	0.00000	0
136	V	1.00000	0	0.00000	0
137	H	1.00000	0	0.00000	0
138	S	1.00000	0	0.00000	0
139	N	1.00000	0	0.00000	0
140	L	1.00000	0	0.00000	0
141	T	1.00000	0	0.00000	0
142	K	0.99999	0	0.00001	0
143	K	0.99967	0	0.00033	0
144	R	0.98180	0	0.01820	0
145	V	0.26950	0	0.73050	0
146	T	0.12444	0	0.87556	0
147	L	0.00561	0	0.99439	0
148	L	0.00017	0	0.99983	0
149	I	0.00000	0	1.00000	0
150	L	0.00000	0	1.00000	0
151	L	0.00000	0	1.00000	0
152	V	0.00000	0	1.00000	0
153	W	0.00000	0	1.00000	0
154	A	0.00000	0	1.00000	0
155	I	0.00000	0	1.00000	0
156	A	0.00000	0	1.00000	0
157	I	0.00000	0	1.00000	0
158	F	0.00000	0	1.00000	0
159	M	0.00000	0	1.00000	0
160	G	0.00000	0	1.00000	0
161	A	0.00000	0	1.00000	0
162	V	0.00000	1e-05	0.99999	0
163	P	0.00000	0.00077	0.99923	0
164	T	0.00000	0.00845	0.99155	0
165	L	0.00000	0.03309	0.96691	0
166	G	0.00000	0.65113	0.34887	0
167	W	0.00000	0.80394	0.19606	0
168	N	0.00000	0.9721	0.02790	0
169	C	0.00000	0.9977	0.00230	0
170	L	0.00000	0.99881	0.00119	0
171	C	0.00000	0.99995	0.00005	0
172	N	0.00000	1	0.00000	0
173	I	0.00000	1	0.00000	0
174	S	0.00000	1	0.00000	0
175	A	0.00000	1	0.00000	0
176	C	0.00000	1	0.00000	0
177	S	0.00000	1	0.00000	0
178	S	0.00000	1	0.00000	0
179	L	0.00000	1	0.00000	0
180	A	0.00000	0.99986	0.00014	0
181	P	0.00000	0.99978	0.00022	0
182	I	0.00000	0.99941	0.00059	0
183	Y	0.00000	0.99936	0.00064	0
184	S	0.00000	0.99889	0.00111	0
185	R	0.00000	0.99836	0.00164	0
186	S	0.00000	0.92517	0.07483	0
187	Y	0.00000	0.65593	0.34407	0
188	L	0.00000	0.36937	0.63063	0
189	V	0.00000	0.08213	0.91787	0
190	F	0.00000	0.00055	0.99945	0
191	W	0.00000	0.00043	0.99957	0
192	T	0.00000	2e-05	0.99998	0
193	V	0.00000	0	1.00000	0
194	S	0.00000	0	1.00000	0
195	N	0.00000	0	1.00000	0
196	L	0.00000	0	1.00000	0
197	M	0.00000	0	1.00000	0
198	A	0.00000	0	1.00000	0
199	F	0.00000	0	1.00000	0
200	L	0.00000	0	1.00000	0
201	I	0.00000	0	1.00000	0
202	M	0.00000	0	1.00000	0
203	V	0.00000	0	1.00000	0
204	V	0.00000	0	1.00000	0
205	V	0.00001	0	0.99999	0
206	Y	0.00005	0	0.99995	0
207	L	0.00029	0	0.99971	0
208	R	0.00439	0	0.99561	0
209	I	0.00520	0	0.99480	0
210	Y	0.01486	0	0.98514	0
211	V	0.11296	0	0.88704	0
212	Y	0.22461	0	0.77539	0
213	V	0.96328	0	0.03672	0
214	K	0.99918	0	0.00082	0
215	R	0.99999	0	0.00001	0
216	K	1.00000	0	0.00000	0
217	T	1.00000	0	0.00000	0
218	N	1.00000	0	0.00000	0
219	V	1.00000	0	0.00000	0
220	L	1.00000	0	0.00000	0
221	S	1.00000	0	0.00000	0
222	P	1.00000	0	0.00000	0
223	H	1.00000	0	0.00000	0
224	T	1.00000	0	0.00000	0
225	S	1.00000	0	0.00000	0
226	G	1.00000	0	0.00000	0
227	S	1.00000	0	0.00000	0
228	I	1.00000	0	0.00000	0
229	S	1.00000	0	0.00000	0
230	R	1.00000	0	0.00000	0
231	R	1.00000	0	0.00000	0
232	R	1.00000	0	0.00000	0
233	T	1.00000	0	0.00000	0
234	P	0.99995	0	0.00005	0
235	M	0.86098	0	0.13902	0
236	K	0.77490	0	0.22510	0
237	L	0.37647	0	0.62353	0
238	M	0.21887	0	0.78113	0
239	K	0.16643	0	0.83357	0
240	T	0.16519	0	0.83481	0
241	V	0.00073	0	0.99927	0
242	M	0.00002	0	0.99998	0
243	T	0.00001	0	0.99999	0
244	V	0.00000	0	1.00000	0
245	L	0.00000	0	1.00000	0
246	G	0.00000	0	1.00000	0
247	A	0.00000	0	1.00000	0
248	F	0.00000	0	1.00000	0
249	V	0.00000	0	1.00000	0
250	V	0.00000	0	1.00000	0
251	C	0.00000	0	1.00000	0
252	W	0.00000	0	1.00000	0
253	T	0.00000	0	1.00000	0
254	P	0.00000	0	1.00000	0
255	G	0.00000	0	1.00000	0
256	L	0.00000	0	1.00000	0
257	V	0.00000	6e-05	0.99994	0
258	V	0.00000	0.00037	0.99963	0
259	L	0.00000	0.00174	0.99826	0
260	L	0.00000	0.0185	0.98150	0
261	L	0.00000	0.19638	0.80362	0
262	D	0.00000	0.99258	0.00742	0
263	G	0.00000	0.99501	0.00499	0
264	L	0.00000	0.99594	0.00406	0
265	N	0.00000	0.99962	0.00038	0
266	C	0.00000	0.99997	0.00003	0
267	R	0.00000	1	0.00000	0
268	Q	0.00000	1	0.00000	0
269	C	0.00000	1	0.00000	0
270	G	0.00000	1	0.00000	0
271	V	0.00000	1	0.00000	0
272	Q	0.00000	0.99987	0.00013	0
273	H	0.00000	0.91406	0.08594	0
274	V	0.00000	0.62748	0.37252	0
275	K	0.00000	0.53386	0.46614	0
276	R	0.00000	0.20448	0.79552	0
277	W	0.00000	0.00087	0.99913	0
278	F	0.00000	0	1.00000	0
279	L	0.00000	0	1.00000	0
280	L	0.00000	0	1.00000	0
281	L	0.00000	0	1.00000	0
282	A	0.00000	0	1.00000	0
283	L	0.00000	0	1.00000	0
284	L	0.00000	0	1.00000	0
285	N	0.00000	0	1.00000	0
286	S	0.00000	0	1.00000	0
287	V	0.00000	0	1.00000	0
288	V	0.00000	0	1.00000	0
289	N	0.00000	0	1.00000	0
290	P	0.00000	0	1.00000	0
291	I	0.00000	0	1.00000	0
292	I	0.00000	0	1.00000	0
293	Y	0.00008	0	0.99992	0
294	S	0.00091	0	0.99909	0
295	Y	0.01399	0	0.98601	0
296	K	1.00000	0	0.00000	0
297	D	1.00000	0	0.00000	0
298	E	1.00000	0	0.00000	0
299	D	1.00000	0	0.00000	0
300	M	1.00000	0	0.00000	0
301	Y	1.00000	0	0.00000	0
302	G	1.00000	0	0.00000	0
303	T	1.00000	0	0.00000	0
304	M	1.00000	0	0.00000	0
305	K	1.00000	0	0.00000	0
306	K	1.00000	0	0.00000	0
307	M	1.00000	0	0.00000	0
308	I	1.00000	0	0.00000	0
309	C	1.00000	0	0.00000	0
310	C	1.00000	0	0.00000	0
311	F	1.00000	0	0.00000	0
312	S	1.00000	0	0.00000	0
313	Q	1.00000	0	0.00000	0
314	E	1.00000	0	0.00000	0
315	N	1.00000	0	0.00000	0
316	P	1.00000	0	0.00000	0
317	E	1.00000	0	0.00000	0
318	R	1.00000	0	0.00000	0
319	R	1.00000	0	0.00000	0
320	P	1.00000	0	0.00000	0
321	S	1.00000	0	0.00000	0
322	R	1.00000	0	0.00000	0
323	I	1.00000	0	0.00000	0
324	P	1.00000	0	0.00000	0
325	S	1.00000	0	0.00000	0
326	T	1.00000	0	0.00000	0
327	V	1.00000	0	0.00000	0
328	L	1.00000	0	0.00000	0
329	S	1.00000	0	0.00000	0
330	R	1.00000	0	0.00000	0
331	S	1.00000	0	0.00000	0
332	D	1.00000	0	0.00000	0
333	T	1.00000	0	0.00000	0
334	G	1.00000	0	0.00000	0
335	S	1.00000	0	0.00000	0
336	Q	1.00000	0	0.00000	0
337	Y	1.00000	0	0.00000	0
338	I	1.00000	0	0.00000	0
339	E	1.00000	0	0.00000	0
340	D	1.00000	0	0.00000	0
341	S	1.00000	0	0.00000	0
342	I	1.00000	0	0.00000	0
343	S	1.00000	0	0.00000	0
344	Q	1.00000	0	0.00000	0
345	G	1.00000	0	0.00000	0
346	A	1.00000	0	0.00000	0
347	V	1.00000	0	0.00000	0
348	C	1.00000	0	0.00000	0
349	N	1.00000	0	0.00000	0
350	K	1.00000	0	0.00000	0
351	S	1.00000	0	0.00000	0
352	T	1.00000	0	0.00000	0
353	S	1.00000	0	0.00000	0
