# UNNAMED
#pos	aa	i	o	M	S
1	M	0.00000	0.00052	0.00000	0.99948
2	D	0.00000	0.00052	0.00000	0.99948
3	S	0.00000	0.00052	0.00000	0.99948
4	W	0.00000	0.00052	0.00000	0.99947
5	F	0.00000	0.00052	0.00000	0.99948
6	I	0.00000	0.00052	0.00000	0.99948
7	L	0.00000	0.00052	0.00000	0.99948
8	V	0.00000	0.00052	0.00000	0.99947
9	L	0.00000	0.00052	0.00000	0.99947
10	L	0.00000	0.00052	0.00000	0.99948
11	G	0.00000	0.00052	0.00000	0.99948
12	S	0.00000	0.00052	0.00000	0.99948
13	G	0.00000	0.00052	0.00000	0.99947
14	L	0.00000	0.00053	0.00000	0.99947
15	I	0.00000	0.00079	0.00000	0.99921
16	C	0.00000	0.00079	0.00000	0.99921
17	V	0.00000	0.02383	0.00000	0.97616
18	S	0.00000	0.02385	0.00000	0.97615
19	A	0.00000	0.0239	0.00000	0.97611
20	N	0.00000	0.9829	0.00000	0.0171
21	N	0.00000	0.98293	0.00000	0.01707
22	A	0.00000	0.98293	0.00000	0.01707
23	T	0.00000	0.98315	0.00000	0.01685
24	T	0.00000	0.98728	0.00000	0.01272
25	V	0.00000	0.99978	0.00000	0.00022
26	A	0.00000	0.99979	0.00000	0.00021
27	P	0.00000	0.99979	0.00000	0.00021
28	S	0.00000	0.99979	0.00000	0.00021
29	V	0.00000	1	0.00000	0
30	G	0.00000	1	0.00000	0
31	I	0.00000	1	0.00000	0
32	T	0.00000	1	0.00000	0
33	R	0.00000	1	0.00000	0
34	L	0.00000	1	0.00000	0
35	I	0.00000	1	0.00000	0
36	N	0.00000	1	0.00000	0
37	S	0.00000	1	0.00000	0
38	S	0.00000	1	0.00000	0
39	T	0.00000	1	0.00000	0
40	A	0.00000	1	0.00000	0
41	E	0.00000	1	0.00000	0
42	P	0.00000	1	0.00000	0
43	V	0.00000	1	0.00000	0
44	K	0.00000	1	0.00000	0
45	E	0.00000	1	0.00000	0
46	E	0.00000	1	0.00000	0
47	A	0.00000	1	0.00000	0
48	K	0.00000	1	0.00000	0
49	T	0.00000	1	0.00000	0
50	S	0.00000	1	0.00000	0
51	N	0.00000	1	0.00000	0
52	P	0.00000	1	0.00000	0
53	T	0.00000	1	0.00000	0
54	S	0.00000	1	0.00000	0
55	S	0.00000	1	0.00000	0
56	L	0.00000	1	0.00000	0
57	T	0.00000	1	0.00000	0
58	S	0.00000	1	0.00000	0
59	L	0.00000	1	0.00000	0
60	S	0.00000	1	0.00000	0
61	V	0.00000	1	0.00000	0
62	A	0.00000	1	0.00000	0
63	P	0.00000	1	0.00000	0
64	T	0.00000	1	0.00000	0
65	F	0.00000	1	0.00000	0
66	S	0.00000	1	0.00000	0
67	P	0.00000	1	0.00000	0
68	N	0.00000	1	0.00000	0
69	I	0.00000	1	0.00000	0
70	T	0.00000	1	0.00000	0
71	L	0.00000	1	0.00000	0
72	G	0.00000	1	0.00000	0
73	P	0.00000	1	0.00000	0
74	T	0.00000	1	0.00000	0
75	Y	0.00000	1	0.00000	0
76	L	0.00000	1	0.00000	0
77	T	0.00000	1	0.00000	0
78	T	0.00000	1	0.00000	0
79	V	0.00000	1	0.00000	0
80	N	0.00000	1	0.00000	0
81	S	0.00000	1	0.00000	0
82	S	0.00000	1	0.00000	0
83	D	0.00000	1	0.00000	0
84	S	0.00000	1	0.00000	0
85	D	0.00000	1	0.00000	0
86	N	0.00000	1	0.00000	0
87	G	0.00000	1	0.00000	0
88	T	0.00000	1	0.00000	0
89	T	0.00000	1	0.00000	0
90	R	0.00000	1	0.00000	0
91	T	0.00000	1	0.00000	0
92	A	0.00000	1	0.00000	0
93	S	0.00000	1	0.00000	0
94	T	0.00000	1	0.00000	0
95	N	0.00000	1	0.00000	0
96	S	0.00000	1	0.00000	0
97	I	0.00000	1	0.00000	0
98	G	0.00000	1	0.00000	0
99	I	0.00000	1	0.00000	0
100	T	0.00000	1	0.00000	0
101	I	0.00000	1	0.00000	0
102	S	0.00000	1	0.00000	0
103	P	0.00000	1	0.00000	0
104	N	0.00000	1	0.00000	0
105	G	0.00000	1	0.00000	0
106	T	0.00000	1	0.00000	0
107	W	0.00000	1	0.00000	0
108	L	0.00000	1	0.00000	0
109	P	0.00000	1	0.00000	0
110	D	0.00000	1	0.00000	0
111	N	0.00000	1	0.00000	0
112	Q	0.00000	1	0.00000	0
113	F	0.00000	1	0.00000	0
114	T	0.00000	1	0.00000	0
115	D	0.00000	1	0.00000	0
116	A	0.00000	1	0.00000	0
117	R	0.00000	1	0.00000	0
118	T	0.00000	1	0.00000	0
119	E	0.00000	1	0.00000	0
120	P	0.00000	1	0.00000	0
121	W	0.00000	1	0.00000	0
122	E	0.00000	1	0.00000	0
123	G	0.00000	1	0.00000	0
124	N	0.00000	1	0.00000	0
125	S	0.00000	1	0.00000	0
126	S	0.00000	1	0.00000	0
127	T	0.00000	1	0.00000	0
128	A	0.00000	1	0.00000	0
129	A	0.00000	1	0.00000	0
130	T	0.00000	1	0.00000	0
131	T	0.00000	1	0.00000	0
132	P	0.00000	1	0.00000	0
133	E	0.00000	1	0.00000	0
134	T	0.00000	1	0.00000	0
135	F	0.00000	1	0.00000	0
136	P	0.00000	1	0.00000	0
137	P	0.00000	1	0.00000	0
138	S	0.00000	1	0.00000	0
139	G	0.00000	1	0.00000	0
140	N	0.00000	1	0.00000	0
141	S	0.00000	1	0.00000	0
142	D	0.00000	1	0.00000	0
143	S	0.00000	1	0.00000	0
144	K	0.00000	1	0.00000	0
145	D	0.00000	1	0.00000	0
146	R	0.00000	1	0.00000	0
147	R	0.00000	1	0.00000	0
148	D	0.00000	1	0.00000	0
149	E	0.00000	0.99317	0.00683	0
150	T	0.00000	0.77736	0.22264	0
151	P	0.00000	0.53769	0.46231	0
152	I	0.00000	0.07646	0.92354	0
153	I	0.00000	0.00851	0.99149	0
154	A	0.00000	0.00235	0.99765	0
155	V	0.00000	0.00023	0.99977	0
156	M	0.00000	9e-05	0.99991	0
157	V	0.00000	2e-05	0.99998	0
158	A	0.00000	1e-05	0.99999	0
159	L	0.00000	1e-05	0.99999	0
160	S	0.00000	1e-05	0.99999	0
161	S	0.00000	1e-05	0.99999	0
162	L	0.00000	1e-05	0.99999	0
163	L	0.00000	1e-05	0.99999	0
164	V	0.00000	1e-05	0.99999	0
165	I	0.00000	1e-05	0.99999	0
166	V	0.00000	1e-05	0.99999	0
167	F	0.00000	1e-05	0.99999	0
168	I	0.00000	1e-05	0.99999	0
169	I	0.00000	1e-05	0.99999	0
170	I	0.00003	1e-05	0.99996	0
171	V	0.00114	1e-05	0.99885	0
172	L	0.01450	1e-05	0.98549	0
173	Y	0.09897	1e-05	0.90102	0
174	M	0.38176	1e-05	0.61823	0
175	L	0.57957	1e-05	0.42041	0
176	R	0.96064	1e-05	0.03935	0
177	F	0.96997	1e-05	0.03002	0
178	K	0.99998	1e-05	0.00001	0
179	K	0.99999	1e-05	0.00000	0
180	Y	0.99998	1e-05	0.00001	0
181	K	0.99998	1e-05	0.00001	0
182	Q	0.99818	1e-05	0.00181	0
183	A	0.99428	1e-05	0.00570	0
184	G	0.88257	1e-05	0.11742	0
185	S	0.76031	1e-05	0.23968	0
186	H	0.04715	1e-05	0.95284	0
187	S	0.03165	1e-05	0.96834	0
188	N	0.00384	1e-05	0.99615	0
189	S	0.00325	1e-05	0.99674	0
190	F	0.00005	1e-05	0.99994	0
191	R	0.00003	1e-05	0.99996	0
192	L	0.00000	1e-05	0.99999	0
193	S	0.00000	1e-05	0.99999	0
194	N	0.00000	1e-05	0.99999	0
195	G	0.00000	1e-05	0.99999	0
196	R	0.00000	1e-05	0.99999	0
197	T	0.00000	1e-05	0.99999	0
198	E	0.00000	1e-05	0.99999	0
199	D	0.00000	1e-05	0.99999	0
200	V	0.00000	2e-05	0.99998	0
201	E	0.00000	0.00014	0.99986	0
202	P	0.00000	0.00023	0.99977	0
203	Q	0.00000	0.00208	0.99792	0
204	S	0.00000	0.00741	0.99259	0
205	V	0.00000	0.03593	0.96407	0
206	P	0.00000	0.20753	0.79247	0
207	L	0.00000	0.97505	0.02495	0
208	L	0.00000	0.97842	0.02158	0
209	A	0.00000	0.9809	0.01910	0
210	R	0.00000	0.99747	0.00253	0
211	S	0.00000	1	0.00000	0
212	P	0.00000	1	0.00000	0
213	S	0.00000	1	0.00000	0
214	T	0.00000	1	0.00000	0
215	N	0.00000	1	0.00000	0
216	R	0.00000	1	0.00000	0
217	K	0.00000	1	0.00000	0
218	Y	0.00000	1	0.00000	0
219	P	0.00000	1	0.00000	0
220	P	0.00000	1	0.00000	0
221	L	0.00000	1	0.00000	0
222	P	0.00000	1	0.00000	0
223	V	0.00000	1	0.00000	0
224	D	0.00000	1	0.00000	0
225	K	0.00000	1	0.00000	0
226	L	0.00000	1	0.00000	0
227	E	0.00000	1	0.00000	0
228	E	0.00000	1	0.00000	0
229	E	0.00000	1	0.00000	0
230	I	0.00000	1	0.00000	0
231	N	0.00000	1	0.00000	0
232	R	0.00000	1	0.00000	0
233	R	0.00000	0.99999	0.00001	0
234	M	0.00000	0.99999	0.00001	0
235	A	0.00000	0.99999	0.00001	0
236	D	0.00000	0.99999	0.00001	0
237	D	0.00000	0.99999	0.00001	0
238	N	0.00000	0.99957	0.00043	0
239	K	0.00000	0.99957	0.00043	0
240	L	0.00000	0.99957	0.00043	0
241	F	0.00000	0.99957	0.00043	0
242	R	0.00000	0.99957	0.00043	0
243	E	0.00000	0.99957	0.00043	0
244	E	0.00000	0.99957	0.00043	0
245	F	0.00000	0.97553	0.02447	0
246	N	0.00000	0.97429	0.02571	0
247	A	0.00000	0.97113	0.02887	0
248	L	0.00000	0.97065	0.02935	0
249	P	0.00000	0.97063	0.02937	0
250	A	0.00000	0.97043	0.02957	0
251	C	0.00000	0.97042	0.02958	0
252	P	0.00000	0.97042	0.02958	0
253	I	0.00000	0.97042	0.02958	0
254	Q	0.00000	0.97042	0.02958	0
255	A	0.00000	0.97042	0.02958	0
256	T	0.00000	0.97042	0.02958	0
257	C	0.00000	0.97042	0.02958	0
258	E	0.00005	0.97042	0.02953	0
259	A	0.00040	0.97042	0.02919	0
260	A	0.00040	0.97042	0.02918	0
261	S	0.00041	0.97042	0.02917	0
262	K	0.00042	0.97042	0.02916	0
263	E	0.00042	0.97042	0.02916	0
264	E	0.00043	0.97042	0.02915	0
265	N	0.00350	0.97042	0.02609	0
266	K	0.00872	0.97042	0.02087	0
267	E	0.01520	0.97042	0.01438	0
268	K	0.02908	0.97042	0.00051	0
269	N	0.02942	0.97042	0.00016	0
270	R	0.02946	0.97042	0.00012	0
271	Y	0.02958	0.97042	0.00000	0
272	V	0.02958	0.97042	0.00000	0
273	N	0.02958	0.97042	0.00000	0
274	I	0.02958	0.97041	0.00000	0
275	L	0.02958	0.97041	0.00001	0
276	P	0.02958	0.97041	0.00001	0
277	Y	0.02958	0.9692	0.00122	0
278	D	0.02958	0.969	0.00142	0
279	H	0.02948	0.96852	0.00200	0
280	S	0.02842	0.96848	0.00310	0
281	R	0.02135	0.96843	0.01022	0
282	V	0.00538	0.96834	0.02628	0
283	H	0.00397	0.96824	0.02779	0
284	L	0.00027	0.96824	0.03150	0
285	T	0.00010	0.96824	0.03166	0
286	P	0.00000	0.96824	0.03176	0
287	V	0.00000	0.96824	0.03176	0
288	E	0.00000	0.96824	0.03176	0
289	G	0.00000	0.9338	0.06620	0
290	V	0.00000	0.03845	0.96155	0
291	P	0.00000	0.01648	0.98352	0
292	D	0.00000	0.00145	0.99855	0
293	S	0.00000	0.00143	0.99857	0
294	D	0.00000	0.00143	0.99857	0
295	Y	0.00000	0.00143	0.99857	0
296	I	0.00000	0.00143	0.99857	0
297	N	0.00138	0.00143	0.99719	0
298	A	0.00142	0.00143	0.99715	0
299	S	0.00187	0.00144	0.99669	0
300	F	0.00188	0.00152	0.99660	0
301	I	0.00190	0.00237	0.99572	0
302	N	0.00190	0.01963	0.97846	0
303	G	0.00191	0.02463	0.97346	0
304	Y	0.00191	0.02636	0.97173	0
305	Q	0.00192	0.03036	0.96772	0
306	E	0.00193	0.03099	0.96708	0
307	K	0.00205	0.03101	0.96694	0
308	N	0.00621	0.03101	0.96278	0
309	K	0.80524	0.03101	0.16375	0
310	F	0.93880	0.03101	0.03019	0
311	I	0.96847	0.03101	0.00052	0
312	A	0.96891	0.03101	0.00008	0
313	A	0.96891	0.03101	0.00008	0
314	Q	0.96891	0.03101	0.00008	0
315	G	0.96891	0.03101	0.00007	0
316	P	0.96891	0.03101	0.00008	0
317	K	0.96891	0.03101	0.00008	0
318	E	0.96884	0.03101	0.00015	0
319	E	0.96845	0.03101	0.00053	0
320	T	0.96783	0.03101	0.00116	0
321	V	0.96717	0.03101	0.00182	0
322	N	0.94657	0.03101	0.02242	0
323	D	0.89056	0.03086	0.07858	0
324	F	0.01378	0.02964	0.95658	0
325	W	0.00079	0.02959	0.96963	0
326	R	0.00035	0.02959	0.97006	0
327	M	0.00000	0.02959	0.97041	0
328	I	0.00000	0.02959	0.97041	0
329	W	0.00000	0.02959	0.97041	0
330	E	0.00000	0.02966	0.97034	0
331	Q	0.00000	0.02966	0.97034	0
332	N	0.00000	0.02966	0.97034	0
333	T	0.00000	0.02966	0.97034	0
334	A	0.00000	0.02966	0.97034	0
335	T	0.00000	0.02966	0.97034	0
336	I	0.00000	0.02966	0.97034	0
337	V	0.00000	0.02966	0.97034	0
338	M	0.00000	0.02966	0.97034	0
339	V	0.00000	0.02973	0.97027	0
340	T	0.00000	0.03016	0.96984	0
341	N	0.00000	0.03143	0.96857	0
342	L	0.00000	0.0344	0.96560	0
343	K	0.00001	0.90049	0.09950	0
344	E	0.00002	0.98558	0.01440	0
345	R	0.00009	0.9971	0.00281	0
346	K	0.00049	0.99851	0.00100	0
347	E	0.00070	0.99857	0.00073	0
348	C	0.00141	0.99857	0.00002	0
349	K	0.00142	0.99857	0.00000	0
350	C	0.00142	0.99857	0.00000	0
351	A	0.00142	0.99839	0.00018	0
352	Q	0.00142	0.99839	0.00018	0
353	Y	0.00142	0.99839	0.00019	0
354	W	0.00142	0.99839	0.00019	0
355	P	0.00142	0.99839	0.00019	0
356	D	0.00142	0.99839	0.00019	0
357	Q	0.00142	0.99837	0.00021	0
358	G	0.00113	0.99793	0.00094	0
359	C	0.00095	0.99764	0.00141	0
360	W	0.00095	0.99761	0.00144	0
361	T	0.00094	0.96839	0.03067	0
362	Y	0.00047	0.96497	0.03455	0
363	G	0.00045	0.95669	0.04286	0
364	N	0.00045	0.9555	0.04406	0
365	I	0.00002	0.80837	0.19160	0
366	R	0.00001	0.80216	0.19782	0
367	V	0.00000	0.80216	0.19784	0
368	S	0.00000	0.80216	0.19784	0
369	V	0.00000	0.80216	0.19784	0
370	E	0.00000	0.80217	0.19783	0
371	D	0.00001	0.80217	0.19783	0
372	V	0.00001	0.80216	0.19783	0
373	T	0.00001	0.80216	0.19783	0
374	V	0.00001	0.80216	0.19783	0
375	L	0.00002	0.80216	0.19781	0
376	V	0.00007	0.80217	0.19776	0
377	D	0.00018	0.80242	0.19740	0
378	Y	0.00018	0.80243	0.19739	0
379	T	0.00021	0.80248	0.19732	0
380	V	0.00025	0.80254	0.19722	0
381	R	0.00134	0.80293	0.19574	0
382	K	0.00199	0.8031	0.19491	0
383	F	0.00213	0.80312	0.19475	0
384	C	0.00283	0.8032	0.19398	0
385	I	0.01190	0.80325	0.18485	0
386	Q	0.19613	0.80359	0.00028	0
387	Q	0.19640	0.80359	0.00001	0
388	V	0.19640	0.80359	0.00001	0
389	G	0.19641	0.80359	0.00000	0
390	D	0.19641	0.80359	0.00000	0
391	M	0.19641	0.80359	0.00000	0
392	T	0.19641	0.80359	0.00000	0
393	N	0.19641	0.80359	0.00000	0
394	R	0.19641	0.80359	0.00000	0
395	K	0.19641	0.80359	0.00000	0
396	P	0.19641	0.80359	0.00000	0
397	Q	0.19170	0.80354	0.00476	0
398	R	0.19140	0.8034	0.00520	0
399	L	0.00088	0.09176	0.90737	0
400	I	0.00083	0.07839	0.92079	0
401	T	0.00074	0.06716	0.93210	0
402	Q	0.00040	0.02163	0.97796	0
403	F	0.00029	0.0101	0.98961	0
404	H	0.00029	0.0067	0.99302	0
405	F	0.00000	1e-05	0.99999	0
406	T	0.00000	1e-05	0.99999	0
407	S	0.00000	1e-05	0.99999	0
408	W	0.00000	1e-05	0.99999	0
409	P	0.00000	1e-05	0.99999	0
410	D	0.00000	1e-05	0.99999	0
411	F	0.00000	1e-05	0.99999	0
412	G	0.00000	1e-05	0.99999	0
413	V	0.00000	1e-05	0.99999	0
414	P	0.00000	1e-05	0.99999	0
415	F	0.00000	1e-05	0.99999	0
416	T	0.00000	1e-05	0.99999	0
417	P	0.00000	1e-05	0.99999	0
418	I	0.00000	3e-05	0.99997	0
419	G	0.00000	0.00045	0.99954	0
420	M	0.00023	0.00151	0.99826	0
421	L	0.00205	0.01427	0.98368	0
422	K	0.03713	0.10254	0.86033	0
423	F	0.06368	0.10497	0.83135	0
424	L	0.19963	0.11273	0.68764	0
425	K	0.78858	0.19123	0.02018	0
426	K	0.80246	0.18996	0.00758	0
427	V	0.80312	0.18287	0.01402	0
428	K	0.80354	0.18277	0.01369	0
429	A	0.80356	0.1826	0.01384	0
430	C	0.80358	0.18236	0.01406	0
431	N	0.80358	0.18121	0.01521	0
432	P	0.80358	0.18066	0.01576	0
433	Q	0.80358	0.17651	0.01991	0
434	Y	0.79533	0.16043	0.04424	0
435	A	0.75527	0.11981	0.12492	0
436	G	0.24483	0.09347	0.66170	0
437	A	0.20597	0.00984	0.78419	0
438	I	0.18529	0.00111	0.81360	0
439	V	0.18492	0.00078	0.81431	0
440	V	0.18411	0.0007	0.81519	0
441	H	0.18409	0.0007	0.81522	0
442	C	0.17707	0.00068	0.82225	0
443	S	0.16320	0.00068	0.83612	0
444	A	0.05561	0.00011	0.94427	0
445	G	0.00397	2e-05	0.99601	0
446	V	0.00225	1e-05	0.99774	0
447	G	0.00527	1e-05	0.99472	0
448	R	0.01377	1e-05	0.98623	0
449	T	0.01376	1e-05	0.98623	0
450	G	0.01376	1e-05	0.98623	0
451	T	0.01376	1e-05	0.98623	0
452	F	0.01376	1e-05	0.98623	0
453	V	0.01376	2e-05	0.98621	0
454	V	0.01577	6e-05	0.98416	0
455	I	0.02322	0.00151	0.97527	0
456	D	0.09254	0.09275	0.81471	0
457	A	0.12612	0.09373	0.78015	0
458	M	0.13431	0.09917	0.76651	0
459	L	0.16373	0.16123	0.67505	0
460	D	0.18744	0.55459	0.25797	0
461	M	0.18765	0.5556	0.25675	0
462	M	0.18916	0.57131	0.23953	0
463	H	0.19446	0.62894	0.17660	0
464	T	0.19592	0.66795	0.13613	0
465	E	0.19648	0.7686	0.03492	0
466	R	0.19648	0.80126	0.00226	0
467	K	0.19648	0.80348	0.00004	0
468	V	0.19648	0.80351	0.00001	0
469	D	0.19648	0.80352	0.00001	0
470	V	0.19648	0.80351	0.00001	0
471	Y	0.19648	0.80351	0.00001	0
472	G	0.19648	0.80348	0.00004	0
473	F	0.19648	0.80288	0.00064	0
474	V	0.19648	0.78657	0.01695	0
475	S	0.19648	0.78443	0.01910	0
476	R	0.19648	0.77924	0.02428	0
477	I	0.19647	0.61334	0.19019	0
478	R	0.19646	0.61244	0.19110	0
479	A	0.19646	0.61143	0.19211	0
480	Q	0.19646	0.61072	0.19282	0
481	R	0.19643	0.60667	0.19690	0
482	C	0.19643	0.57921	0.22436	0
483	Q	0.19640	0.42375	0.37984	0
484	M	0.19640	0.13044	0.67316	0
485	V	0.19640	0.0441	0.75949	0
486	Q	0.19640	0.03304	0.77056	0
487	T	0.19640	0.02081	0.78279	0
488	D	0.19640	0.01409	0.78951	0
489	M	0.19640	4e-05	0.80356	0
490	Q	0.19640	1e-05	0.80359	0
491	Y	0.19640	1e-05	0.80359	0
492	V	0.19641	1e-05	0.80359	0
493	F	0.19641	1e-05	0.80359	0
494	I	0.19660	1e-05	0.80339	0
495	Y	0.19814	1e-05	0.80186	0
496	Q	0.36167	1e-05	0.63832	0
497	A	0.37546	1e-05	0.62453	0
498	L	0.38130	1e-05	0.61869	0
499	L	0.38412	1e-05	0.61587	0
500	E	0.38943	3e-05	0.61053	0
501	H	0.38943	4e-05	0.61053	0
502	Y	0.38943	4e-05	0.61053	0
503	L	0.38943	4e-05	0.61053	0
504	Y	0.38943	5e-05	0.61052	0
505	G	0.38943	8e-05	0.61049	0
506	D	0.90327	8e-05	0.09665	0
507	T	0.95928	8e-05	0.04064	0
508	E	0.99992	8e-05	0.00000	0
509	L	0.99992	8e-05	0.00000	0
510	E	0.99992	8e-05	0.00000	0
511	V	0.99992	7e-05	0.00001	0
512	T	0.99992	7e-05	0.00001	0
513	S	0.99992	7e-05	0.00001	0
514	L	0.99992	7e-05	0.00002	0
515	E	0.99992	7e-05	0.00002	0
516	T	0.99992	7e-05	0.00002	0
517	H	0.99992	7e-05	0.00002	0
518	L	0.99992	6e-05	0.00002	0
519	Q	0.99992	6e-05	0.00002	0
520	K	0.99992	6e-05	0.00002	0
521	I	0.99992	6e-05	0.00002	0
522	Y	0.99992	6e-05	0.00002	0
523	N	0.99992	6e-05	0.00002	0
524	K	0.99992	6e-05	0.00002	0
525	I	0.99992	6e-05	0.00002	0
526	P	0.99992	6e-05	0.00002	0
527	G	0.99992	6e-05	0.00002	0
528	T	0.99992	6e-05	0.00002	0
529	S	0.99992	6e-05	0.00002	0
530	N	0.99992	6e-05	0.00002	0
531	N	0.99992	6e-05	0.00002	0
532	G	0.99992	6e-05	0.00001	0
533	L	0.99993	6e-05	0.00001	0
534	E	0.99993	6e-05	0.00000	0
535	E	0.99993	6e-05	0.00000	0
536	E	0.99993	6e-05	0.00000	0
537	F	0.99993	6e-05	0.00000	0
538	K	0.99993	6e-05	0.00000	0
539	K	0.99994	6e-05	0.00000	0
540	L	0.99994	6e-05	0.00000	0
541	T	0.99994	6e-05	0.00000	0
542	S	0.99994	6e-05	0.00000	0
543	I	0.99994	6e-05	0.00000	0
544	K	0.99994	6e-05	0.00000	0
545	I	0.99994	6e-05	0.00000	0
546	Q	0.99994	6e-05	0.00000	0
547	N	0.99994	6e-05	0.00000	0
548	D	0.99994	6e-05	0.00000	0
549	K	0.99994	6e-05	0.00000	0
550	M	0.99994	6e-05	0.00000	0
551	R	0.99994	6e-05	0.00000	0
552	T	0.99994	6e-05	0.00000	0
553	G	0.99994	6e-05	0.00000	0
554	N	0.99994	6e-05	0.00000	0
555	L	0.99994	6e-05	0.00000	0
556	P	0.99994	6e-05	0.00000	0
557	A	0.99994	6e-05	0.00000	0
558	N	0.99994	6e-05	0.00000	0
559	M	0.99993	5e-05	0.00002	0
560	K	0.99993	5e-05	0.00002	0
561	K	0.99993	5e-05	0.00003	0
562	N	0.99993	5e-05	0.00003	0
563	R	0.99993	5e-05	0.00003	0
564	V	0.99993	5e-05	0.00003	0
565	L	0.99993	5e-05	0.00003	0
566	Q	0.99993	5e-05	0.00003	0
567	I	0.99993	5e-05	0.00003	0
568	I	0.99993	5e-05	0.00003	0
569	P	0.99993	5e-05	0.00003	0
570	Y	0.99993	5e-05	0.00003	0
571	E	0.99993	5e-05	0.00003	0
572	F	0.99993	5e-05	0.00003	0
573	N	0.99993	5e-05	0.00003	0
574	R	0.99993	5e-05	0.00003	0
575	V	0.99993	5e-05	0.00003	0
576	I	0.99993	5e-05	0.00003	0
577	I	0.99993	5e-05	0.00003	0
578	P	0.99993	5e-05	0.00002	0
579	V	0.99993	5e-05	0.00002	0
580	K	0.99994	6e-05	0.00000	0
581	R	0.99994	6e-05	0.00000	0
582	G	0.99994	6e-05	0.00000	0
583	E	0.99994	6e-05	0.00000	0
584	E	0.99994	6e-05	0.00000	0
585	N	0.99994	6e-05	0.00000	0
586	T	0.99994	6e-05	0.00000	0
587	D	0.99994	6e-05	0.00000	0
588	Y	0.99994	6e-05	0.00000	0
589	V	0.99994	6e-05	0.00000	0
590	N	0.99994	6e-05	0.00000	0
591	A	0.99994	6e-05	0.00000	0
592	S	0.99994	6e-05	0.00000	0
593	F	0.99994	6e-05	0.00000	0
594	I	0.99994	5e-05	0.00001	0
595	D	0.99994	5e-05	0.00001	0
596	G	0.99994	1e-05	0.00005	0
597	Y	0.99994	0	0.00005	0
598	R	0.99994	0	0.00005	0
599	Q	0.99994	0	0.00005	0
600	K	0.99994	0	0.00005	0
601	D	0.99994	0	0.00005	0
602	S	0.99994	0	0.00005	0
603	Y	0.99994	0	0.00005	0
604	I	0.99994	0	0.00005	0
605	A	0.99994	0	0.00005	0
606	S	0.99994	0	0.00005	0
607	Q	0.99994	0	0.00005	0
608	G	0.99994	0	0.00005	0
609	P	0.99994	0	0.00005	0
610	L	0.99994	0	0.00005	0
611	L	0.99994	0	0.00006	0
612	H	0.99994	0	0.00006	0
613	T	0.99994	0	0.00005	0
614	I	0.99994	0	0.00005	0
615	E	1.00000	0	0.00000	0
616	D	1.00000	0	0.00000	0
617	F	1.00000	0	0.00000	0
618	W	1.00000	0	0.00000	0
619	R	1.00000	0	0.00000	0
620	M	1.00000	0	0.00000	0
621	I	1.00000	0	0.00000	0
622	W	1.00000	0	0.00000	0
623	E	1.00000	0	0.00000	0
624	W	1.00000	0	0.00000	0
625	K	1.00000	0	0.00000	0
626	S	1.00000	0	0.00000	0
627	C	1.00000	0	0.00000	0
628	S	1.00000	0	0.00000	0
629	I	1.00000	0	0.00000	0
630	V	1.00000	0	0.00000	0
631	M	1.00000	0	0.00000	0
632	L	1.00000	0	0.00000	0
633	T	1.00000	0	0.00000	0
634	E	1.00000	0	0.00000	0
635	L	1.00000	0	0.00000	0
636	E	1.00000	0	0.00000	0
637	E	1.00000	0	0.00000	0
638	R	1.00000	0	0.00000	0
639	G	1.00000	0	0.00000	0
640	Q	1.00000	0	0.00000	0
641	E	1.00000	0	0.00000	0
642	K	1.00000	0	0.00000	0
643	C	1.00000	0	0.00000	0
644	A	1.00000	0	0.00000	0
645	Q	1.00000	0	0.00000	0
646	Y	1.00000	0	0.00000	0
647	W	1.00000	0	0.00000	0
648	P	1.00000	0	0.00000	0
649	S	1.00000	0	0.00000	0
650	D	1.00000	0	0.00000	0
651	G	1.00000	0	0.00000	0
652	L	1.00000	0	0.00000	0
653	V	1.00000	0	0.00000	0
654	S	1.00000	0	0.00000	0
655	Y	1.00000	0	0.00000	0
656	G	1.00000	0	0.00000	0
657	D	1.00000	0	0.00000	0
658	I	1.00000	0	0.00000	0
659	T	1.00000	0	0.00000	0
660	V	1.00000	0	0.00000	0
661	E	1.00000	0	0.00000	0
662	L	1.00000	0	0.00000	0
663	K	1.00000	0	0.00000	0
664	K	1.00000	0	0.00000	0
665	E	1.00000	0	0.00000	0
666	E	1.00000	0	0.00000	0
667	E	1.00000	0	0.00000	0
668	C	1.00000	0	0.00000	0
669	E	1.00000	0	0.00000	0
670	S	1.00000	0	0.00000	0
671	Y	1.00000	0	0.00000	0
672	T	1.00000	0	0.00000	0
673	V	1.00000	0	0.00000	0
674	R	1.00000	0	0.00000	0
675	D	1.00000	0	0.00000	0
676	L	1.00000	0	0.00000	0
677	L	1.00000	0	0.00000	0
678	V	1.00000	0	0.00000	0
679	T	1.00000	0	0.00000	0
680	N	1.00000	0	0.00000	0
681	T	1.00000	0	0.00000	0
682	R	1.00000	0	0.00000	0
683	E	1.00000	0	0.00000	0
684	N	1.00000	0	0.00000	0
685	K	1.00000	0	0.00000	0
686	S	1.00000	0	0.00000	0
687	R	1.00000	0	0.00000	0
688	Q	1.00000	0	0.00000	0
689	I	1.00000	0	0.00000	0
690	R	1.00000	0	0.00000	0
691	Q	1.00000	0	0.00000	0
692	F	1.00000	0	0.00000	0
693	H	1.00000	0	0.00000	0
694	F	1.00000	0	0.00000	0
695	H	1.00000	0	0.00000	0
696	G	1.00000	0	0.00000	0
697	W	1.00000	0	0.00000	0
698	P	1.00000	0	0.00000	0
699	E	1.00000	0	0.00000	0
700	V	1.00000	0	0.00000	0
701	G	1.00000	0	0.00000	0
702	I	1.00000	0	0.00000	0
703	P	1.00000	0	0.00000	0
704	S	1.00000	0	0.00000	0
705	D	1.00000	0	0.00000	0
706	G	1.00000	0	0.00000	0
707	K	1.00000	0	0.00000	0
708	G	1.00000	0	0.00000	0
709	M	1.00000	0	0.00000	0
710	I	1.00000	0	0.00000	0
711	S	1.00000	0	0.00000	0
712	I	1.00000	0	0.00000	0
713	I	1.00000	0	0.00000	0
714	A	1.00000	0	0.00000	0
715	A	1.00000	0	0.00000	0
716	V	1.00000	0	0.00000	0
717	Q	1.00000	0	0.00000	0
718	K	1.00000	0	0.00000	0
719	Q	1.00000	0	0.00000	0
720	Q	1.00000	0	0.00000	0
721	Q	1.00000	0	0.00000	0
722	Q	1.00000	0	0.00000	0
723	S	1.00000	0	0.00000	0
724	G	1.00000	0	0.00000	0
725	N	1.00000	0	0.00000	0
726	H	1.00000	0	0.00000	0
727	P	1.00000	0	0.00000	0
728	I	1.00000	0	0.00000	0
729	T	1.00000	0	0.00000	0
730	V	1.00000	0	0.00000	0
731	H	1.00000	0	0.00000	0
732	C	1.00000	0	0.00000	0
733	S	1.00000	0	0.00000	0
734	A	1.00000	0	0.00000	0
735	G	1.00000	0	0.00000	0
736	A	1.00000	0	0.00000	0
737	G	1.00000	0	0.00000	0
738	R	1.00000	0	0.00000	0
739	T	1.00000	0	0.00000	0
740	G	1.00000	0	0.00000	0
741	T	1.00000	0	0.00000	0
742	F	1.00000	0	0.00000	0
743	C	1.00000	0	0.00000	0
744	A	1.00000	0	0.00000	0
745	L	1.00000	0	0.00000	0
746	S	1.00000	0	0.00000	0
747	T	1.00000	0	0.00000	0
748	V	1.00000	0	0.00000	0
749	L	1.00000	0	0.00000	0
750	E	1.00000	0	0.00000	0
751	R	1.00000	0	0.00000	0
752	V	1.00000	0	0.00000	0
753	K	1.00000	0	0.00000	0
754	A	1.00000	0	0.00000	0
755	E	1.00000	0	0.00000	0
756	G	1.00000	0	0.00000	0
757	I	1.00000	0	0.00000	0
758	L	1.00000	0	0.00000	0
759	D	1.00000	0	0.00000	0
760	V	1.00000	0	0.00000	0
761	F	1.00000	0	0.00000	0
762	Q	1.00000	0	0.00000	0
763	T	1.00000	0	0.00000	0
764	V	1.00000	0	0.00000	0
765	K	1.00000	0	0.00000	0
766	S	1.00000	0	0.00000	0
767	L	1.00000	0	0.00000	0
768	R	1.00000	0	0.00000	0
769	L	1.00000	0	0.00000	0
770	Q	1.00000	0	0.00000	0
771	R	1.00000	0	0.00000	0
772	P	1.00000	0	0.00000	0
773	H	1.00000	0	0.00000	0
774	M	1.00000	0	0.00000	0
775	V	1.00000	0	0.00000	0
776	Q	1.00000	0	0.00000	0
777	T	1.00000	0	0.00000	0
778	L	1.00000	0	0.00000	0
779	E	1.00000	0	0.00000	0
780	Q	1.00000	0	0.00000	0
781	Y	1.00000	0	0.00000	0
782	E	1.00000	0	0.00000	0
783	F	1.00000	0	0.00000	0
784	C	1.00000	0	0.00000	0
785	Y	1.00000	0	0.00000	0
786	K	1.00000	0	0.00000	0
787	V	1.00000	0	0.00000	0
788	V	1.00000	0	0.00000	0
789	Q	1.00000	0	0.00000	0
790	E	1.00000	0	0.00000	0
791	Y	1.00000	0	0.00000	0
792	I	1.00000	0	0.00000	0
793	D	1.00000	0	0.00000	0
794	A	1.00000	0	0.00000	0
795	F	1.00000	0	0.00000	0
796	S	1.00000	0	0.00000	0
797	D	1.00000	0	0.00000	0
798	Y	1.00000	0	0.00000	0
799	A	1.00000	0	0.00000	0
800	N	1.00000	0	0.00000	0
801	F	1.00000	0	0.00000	0
802	K	1.00000	0	0.00000	0
