# UNNAMED
#pos	aa	i	o	M	S
1	M	0.00000	0.99997	0.00000	3e-05
2	E	0.00000	0.99997	0.00000	2e-05
3	V	0.00000	0.99997	0.00000	2e-05
4	K	0.00000	0.99997	0.00000	2e-05
5	N	0.00000	0.99997	0.00000	2e-05
6	C	0.00000	0.99997	0.00000	3e-05
7	C	0.00000	0.99997	0.00000	3e-05
8	M	0.00000	0.99997	0.00000	3e-05
9	V	0.00000	0.99997	0.00000	3e-05
10	T	0.00000	0.99997	0.00000	2e-05
11	E	0.00000	0.99997	0.00000	2e-05
12	F	0.00000	0.99997	0.00000	2e-05
13	I	0.00000	0.99997	0.00000	2e-05
14	L	0.00000	0.99997	0.00000	2e-05
15	L	0.00000	0.99997	0.00000	2e-05
16	G	0.00000	0.99997	0.00001	2e-05
17	I	0.00000	0.99998	0.00001	1e-05
18	P	0.00000	0.99998	0.00001	1e-05
19	H	0.00000	0.99998	0.00001	1e-05
20	T	0.00000	0.99997	0.00001	1e-05
21	E	0.00000	0.99998	0.00002	0
22	G	0.00000	0.99976	0.00024	0
23	L	0.00000	0.99925	0.00075	0
24	E	0.00000	0.99834	0.00166	0
25	M	0.00000	0.95274	0.04726	0
26	T	0.00000	0.81349	0.18651	0
27	L	0.00000	0.57439	0.42561	0
28	F	0.00000	0.4774	0.52260	0
29	V	0.00000	0.39678	0.60322	0
30	L	0.00000	0.36735	0.63265	0
31	F	0.00000	0.02084	0.97916	0
32	L	0.00000	0.00071	0.99929	0
33	P	0.00000	0.0004	0.99960	0
34	F	0.00000	1e-05	0.99999	0
35	Y	0.00000	0	1.00000	0
36	A	0.00000	0	1.00000	0
37	C	0.00000	0	1.00000	0
38	T	0.00000	0	1.00000	0
39	L	0.00000	0	1.00000	0
40	L	0.00000	0	1.00000	0
41	G	0.00000	0	1.00000	0
42	N	0.00000	0	1.00000	0
43	V	0.00000	0	1.00000	0
44	S	0.00000	0	1.00000	0
45	I	0.00000	0	1.00000	0
46	L	0.00001	0	0.99999	0
47	V	0.00032	0	0.99968	0
48	A	0.01281	0	0.98719	0
49	V	0.04232	0	0.95768	0
50	M	0.50238	0	0.49762	0
51	S	0.88383	0	0.11617	0
52	S	0.97478	0	0.02522	0
53	A	0.98717	0	0.01283	0
54	R	0.99974	0	0.00026	0
55	L	0.99991	0	0.00009	0
56	H	0.99998	0	0.00002	0
57	T	1.00000	0	0.00000	0
58	P	1.00000	0	0.00000	0
59	M	0.67180	0	0.32820	0
60	Y	0.54465	0	0.45535	0
61	F	0.09961	0	0.90039	0
62	F	0.00240	0	0.99760	0
63	L	0.00020	0	0.99980	0
64	G	0.00010	0	0.99990	0
65	N	0.00000	0	1.00000	0
66	L	0.00000	0	1.00000	0
67	S	0.00000	0	1.00000	0
68	V	0.00000	0	1.00000	0
69	F	0.00000	0	1.00000	0
70	D	0.00000	0	1.00000	0
71	M	0.00000	0	1.00000	0
72	G	0.00000	0	1.00000	0
73	F	0.00000	0	1.00000	0
74	S	0.00000	0	1.00000	0
75	S	0.00000	0	1.00000	0
76	V	0.00000	0	1.00000	0
77	T	0.00000	7e-05	0.99993	0
78	C	0.00000	0.00026	0.99974	0
79	P	0.00000	0.00026	0.99974	0
80	K	0.00000	0.00029	0.99971	0
81	M	0.00000	0.00035	0.99965	0
82	L	0.00000	0.00061	0.99939	0
83	L	0.00000	0.00171	0.99829	0
84	Y	0.00000	0.99964	0.00036	0
85	L	0.00000	0.99989	0.00011	0
86	M	0.00000	0.99991	0.00009	0
87	G	0.00000	0.99994	0.00006	0
88	L	0.00000	0.99996	0.00004	0
89	S	0.00000	1	0.00000	0
90	R	0.00000	1	0.00000	0
91	L	0.00000	1	0.00000	0
92	I	0.00000	1	0.00000	0
93	S	0.00000	1	0.00000	0
94	Y	0.00000	1	0.00000	0
95	K	0.00000	1	0.00000	0
96	D	0.00000	1	0.00000	0
97	C	0.00000	0.99999	0.00001	0
98	V	0.00000	0.99961	0.00039	0
99	C	0.00000	0.99917	0.00083	0
100	Q	0.00000	0.98609	0.01391	0
101	L	0.00000	0.35669	0.64331	0
102	F	0.00000	0.0294	0.97060	0
103	F	0.00000	0.00156	0.99844	0
104	F	0.00000	1e-05	0.99999	0
105	H	0.00000	0	1.00000	0
106	F	0.00000	0	1.00000	0
107	L	0.00000	0	1.00000	0
108	G	0.00000	0	1.00000	0
109	S	0.00000	0	1.00000	0
110	I	0.00000	0	1.00000	0
111	E	0.00000	0	1.00000	0
112	C	0.00000	0	1.00000	0
113	F	0.00000	0	1.00000	0
114	L	0.00000	0	1.00000	0
115	F	0.00000	0	1.00000	0
116	T	0.00000	0	1.00000	0
117	V	0.00000	0	1.00000	0
118	M	0.00000	0	1.00000	0
119	A	0.00000	0	1.00000	0
120	Y	0.00000	0	1.00000	0
121	D	0.00000	0	1.00000	0
122	R	0.00283	0	0.99717	0
123	F	0.02705	0	0.97295	0
124	T	0.91322	0	0.08678	0
125	A	0.99748	0	0.00252	0
126	I	1.00000	0	0.00000	0
127	C	1.00000	0	0.00000	0
128	Y	1.00000	0	0.00000	0
129	P	1.00000	0	0.00000	0
130	L	1.00000	0	0.00000	0
131	R	1.00000	0	0.00000	0
132	Y	1.00000	0	0.00000	0
133	T	1.00000	0	0.00000	0
134	V	1.00000	0	0.00000	0
135	I	1.00000	0	0.00000	0
136	M	0.99999	0	0.00001	0
137	N	0.99997	0	0.00003	0
138	P	0.99932	0	0.00068	0
139	R	0.97735	0	0.02265	0
140	I	0.17249	0	0.82751	0
141	C	0.00234	0	0.99766	0
142	V	0.00031	0	0.99969	0
143	A	0.00010	0	0.99990	0
144	L	0.00001	0	0.99999	0
145	A	0.00001	0	0.99999	0
146	V	0.00000	0	1.00000	0
147	G	0.00000	0	1.00000	0
148	T	0.00000	0	1.00000	0
149	W	0.00000	0	1.00000	0
150	L	0.00000	0	1.00000	0
151	L	0.00000	0	1.00000	0
152	G	0.00000	0	1.00000	0
153	C	0.00000	0	1.00000	0
154	I	0.00000	0	1.00000	0
155	H	0.00000	0	1.00000	0
156	S	0.00000	0	1.00000	0
157	S	0.00000	0	1.00000	0
158	I	0.00000	1e-05	0.99999	0
159	L	0.00000	0.00931	0.99069	0
160	T	0.00000	0.53612	0.46388	0
161	S	0.00000	0.60464	0.39536	0
162	L	0.00000	0.6598	0.34020	0
163	T	0.00000	0.87515	0.12485	0
164	F	0.00000	0.92697	0.07303	0
165	T	0.00000	0.98744	0.01256	0
166	L	0.00000	0.99402	0.00598	0
167	P	0.00000	0.99978	0.00022	0
168	Y	0.00000	0.99998	0.00002	0
169	C	0.00000	1	0.00000	0
170	G	0.00000	1	0.00000	0
171	P	0.00000	1	0.00000	0
172	N	0.00000	1	0.00000	0
173	E	0.00000	1	0.00000	0
174	V	0.00000	1	0.00000	0
175	D	0.00000	1	0.00000	0
176	H	0.00000	1	0.00000	0
177	F	0.00000	1	0.00000	0
178	F	0.00000	1	0.00000	0
179	C	0.00000	1	0.00000	0
180	D	0.00000	1	0.00000	0
181	I	0.00000	1	0.00000	0
182	P	0.00000	1	0.00000	0
183	A	0.00000	1	0.00000	0
184	L	0.00000	1	0.00000	0
185	L	0.00000	1	0.00000	0
186	P	0.00000	0.99999	0.00001	0
187	L	0.00000	0.99999	0.00001	0
188	A	0.00000	0.99999	0.00001	0
189	C	0.00000	0.99999	0.00001	0
190	A	0.00000	0.99999	0.00001	0
191	D	0.00000	0.99999	0.00001	0
192	T	0.00000	0.6514	0.34860	0
193	S	0.00000	0.6033	0.39670	0
194	L	0.00000	0.18915	0.81085	0
195	A	0.00000	0.18599	0.81401	0
196	Q	0.00000	0.18328	0.81672	0
197	R	0.00000	0.13106	0.86894	0
198	V	0.00000	0.07727	0.92273	0
199	S	0.00000	0.00303	0.99697	0
200	F	0.00000	0.00213	0.99787	0
201	T	0.00000	0.00198	0.99802	0
202	N	0.00000	0.00033	0.99967	0
203	V	0.00000	0.00026	0.99974	0
204	G	0.00000	0.00018	0.99982	0
205	L	0.00000	0	1.00000	0
206	I	0.00000	0	1.00000	0
207	S	0.00000	0	1.00000	0
208	L	0.00000	0	1.00000	0
209	V	0.00000	0	1.00000	0
210	C	0.00000	0	1.00000	0
211	F	0.00000	0	1.00000	0
212	L	0.00000	0	1.00000	0
213	L	0.00001	0	0.99999	0
214	I	0.00043	0	0.99957	0
215	L	0.00684	0	0.99316	0
216	L	0.06426	0	0.93574	0
217	S	0.40557	0	0.59443	0
218	Y	0.46986	0	0.53014	0
219	T	0.79879	0	0.20121	0
220	R	0.87656	0	0.12344	0
221	I	0.88239	0	0.11761	0
222	T	0.92497	0	0.07503	0
223	I	0.96420	0	0.03580	0
224	S	0.99378	0	0.00622	0
225	I	0.99927	0	0.00073	0
226	L	0.99945	0	0.00055	0
227	S	0.99975	0	0.00025	0
228	I	0.99981	0	0.00019	0
229	R	0.99998	0	0.00002	0
230	T	1.00000	0	0.00000	0
231	T	1.00000	0	0.00000	0
232	E	1.00000	0	0.00000	0
233	G	0.99989	0	0.00011	0
234	R	0.99007	0	0.00993	0
235	R	0.97437	0	0.02563	0
236	R	0.85527	0	0.14473	0
237	A	0.42224	0	0.57776	0
238	F	0.38867	0	0.61133	0
239	S	0.09041	0	0.90959	0
240	T	0.09021	0	0.90979	0
241	C	0.08979	0	0.91021	0
242	S	0.08833	0	0.91167	0
243	A	0.08808	0	0.91192	0
244	H	0.08806	0	0.91194	0
245	L	0.00271	0	0.99729	0
246	I	0.00130	0	0.99870	0
247	A	0.00010	0	0.99990	0
248	I	0.00000	0	1.00000	0
249	L	0.00000	0	1.00000	0
250	C	0.00000	0	1.00000	0
251	A	0.00000	0	1.00000	0
252	Y	0.00000	0	1.00000	0
253	G	0.00000	0	1.00000	0
254	P	0.00000	0	1.00000	0
255	I	0.00000	1e-05	0.99999	0
256	I	0.00000	0.00071	0.99929	0
257	T	0.00000	0.00625	0.99375	0
258	V	0.00000	0.00865	0.99135	0
259	Y	0.00000	0.03504	0.96496	0
260	L	0.00000	0.13386	0.86614	0
261	Q	0.00000	0.74908	0.25092	0
262	P	0.00000	0.86444	0.13556	0
263	T	0.00000	0.89666	0.10334	0
264	P	0.00000	0.92565	0.07435	0
265	N	0.00000	0.93904	0.06096	0
266	P	0.00000	0.9378	0.06220	0
267	M	0.00000	0.69795	0.30205	0
268	L	0.00000	0.60494	0.39506	0
269	G	0.00000	0.60758	0.39242	0
270	T	0.00000	0.31223	0.68777	0
271	V	0.00000	0.03302	0.96698	0
272	V	0.00000	0.00014	0.99986	0
273	Q	0.00000	0	1.00000	0
274	I	0.00000	0	1.00000	0
275	L	0.00000	0	1.00000	0
276	M	0.00000	0	1.00000	0
277	N	0.00000	0	1.00000	0
278	L	0.00000	0	1.00000	0
279	V	0.00000	0	1.00000	0
280	G	0.00000	0	1.00000	0
281	P	0.00000	0	1.00000	0
282	M	0.00000	0	1.00000	0
283	L	0.00000	0	1.00000	0
284	N	0.00001	0	0.99999	0
285	P	0.00002	0	0.99998	0
286	L	0.00014	0	0.99986	0
287	I	0.00151	0	0.99849	0
288	Y	0.01043	0	0.98957	0
289	T	0.04513	0	0.95487	0
290	L	0.10598	0	0.89402	0
291	R	1.00000	0	0.00000	0
292	N	1.00000	0	0.00000	0
293	K	1.00000	0	0.00000	0
294	E	1.00000	0	0.00000	0
295	V	1.00000	0	0.00000	0
296	K	1.00000	0	0.00000	0
297	T	1.00000	0	0.00000	0
298	A	1.00000	0	0.00000	0
299	L	1.00000	0	0.00000	0
300	K	1.00000	0	0.00000	0
301	T	1.00000	0	0.00000	0
302	I	1.00000	0	0.00000	0
303	L	1.00000	0	0.00000	0
304	H	1.00000	0	0.00000	0
305	R	1.00000	0	0.00000	0
306	T	1.00000	0	0.00000	0
307	G	1.00000	0	0.00000	0
308	H	1.00000	0	0.00000	0
309	V	1.00000	0	0.00000	0
310	P	1.00000	0	0.00000	0
311	E	1.00000	0	0.00000	0
312	S	1.00000	0	0.00000	0
