# UNNAMED
#pos	aa	i	o	M	S
1	M	0.00000	0.99992	0.00000	8e-05
2	V	0.00000	0.99992	0.00000	9e-05
3	P	0.00000	0.99992	0.00000	9e-05
4	E	0.00000	0.99992	0.00000	8e-05
5	P	0.00000	0.99992	0.00000	8e-05
6	G	0.00000	0.99992	0.00000	8e-05
7	P	0.00000	0.99992	0.00000	8e-05
8	T	0.00000	0.99992	0.00000	8e-05
9	A	0.00000	0.99992	0.00000	9e-05
10	N	0.00000	0.99992	0.00000	8e-05
11	S	0.00000	0.99992	0.00000	8e-05
12	T	0.00000	0.99992	0.00000	8e-05
13	P	0.00000	0.99992	0.00000	8e-05
14	A	0.00000	0.99992	0.00000	8e-05
15	W	0.00000	0.99992	0.00000	8e-05
16	G	0.00000	0.99992	0.00000	8e-05
17	A	0.00000	1	0.00000	0
18	G	0.00000	1	0.00000	0
19	P	0.00000	1	0.00000	0
20	P	0.00000	1	0.00000	0
21	S	0.00000	0.99999	0.00001	0
22	A	0.00000	0.99998	0.00002	0
23	P	0.00000	0.99997	0.00003	0
24	G	0.00000	0.99499	0.00501	0
25	G	0.00000	0.97488	0.02512	0
26	S	0.00000	0.91964	0.08036	0
27	G	0.00000	0.6719	0.32810	0
28	W	0.00000	0.11092	0.88908	0
29	V	0.00000	0.01312	0.98688	0
30	A	0.00000	0.00842	0.99158	0
31	A	0.00000	0.0046	0.99540	0
32	A	0.00000	0.00224	0.99776	0
33	L	0.00000	0.0004	0.99960	0
34	C	0.00000	0.00016	0.99984	0
35	V	0.00000	1e-05	0.99999	0
36	V	0.00000	0	1.00000	0
37	I	0.00000	0	1.00000	0
38	A	0.00000	0	1.00000	0
39	L	0.00000	0	1.00000	0
40	T	0.00000	0	1.00000	0
41	A	0.00000	0	1.00000	0
42	A	0.00000	0	1.00000	0
43	A	0.00000	0	1.00000	0
44	N	0.00000	0	1.00000	0
45	S	0.00000	0	1.00000	0
46	L	0.00000	0	1.00000	0
47	L	0.00000	0	1.00000	0
48	I	0.00001	0	0.99999	0
49	A	0.00020	0	0.99980	0
50	L	0.00304	0	0.99696	0
51	I	0.04598	0	0.95402	0
52	C	0.42442	0	0.57558	0
53	T	0.96294	0	0.03706	0
54	Q	0.99941	0	0.00059	0
55	P	0.99999	0	0.00001	0
56	A	1.00000	0	0.00000	0
57	L	1.00000	0	0.00000	0
58	R	1.00000	0	0.00000	0
59	N	0.99899	0	0.00101	0
60	T	0.99509	0	0.00491	0
61	S	0.88533	0	0.11467	0
62	N	0.18970	0	0.81030	0
63	F	0.03181	0	0.96819	0
64	F	0.00319	0	0.99681	0
65	L	0.00006	0	0.99994	0
66	V	0.00000	0	1.00000	0
67	S	0.00000	0	1.00000	0
68	L	0.00000	0	1.00000	0
69	F	0.00000	0	1.00000	0
70	T	0.00000	0	1.00000	0
71	S	0.00000	0	1.00000	0
72	D	0.00000	0	1.00000	0
73	L	0.00000	0	1.00000	0
74	M	0.00000	0	1.00000	0
75	V	0.00000	0	1.00000	0
76	G	0.00000	0	1.00000	0
77	L	0.00000	0	1.00000	0
78	V	0.00000	0	1.00000	0
79	V	0.00000	2e-05	0.99998	0
80	M	0.00000	0.00033	0.99967	0
81	P	0.00000	0.0066	0.99340	0
82	P	0.00000	0.02187	0.97813	0
83	A	0.00000	0.0968	0.90320	0
84	M	0.00000	0.1876	0.81240	0
85	L	0.00000	0.50575	0.49425	0
86	N	0.00000	0.99997	0.00003	0
87	A	0.00000	1	0.00000	0
88	L	0.00000	1	0.00000	0
89	Y	0.00000	1	0.00000	0
90	G	0.00000	1	0.00000	0
91	R	0.00000	1	0.00000	0
92	W	0.00000	1	0.00000	0
93	V	0.00000	0.99999	0.00001	0
94	L	0.00000	0.99997	0.00003	0
95	A	0.00000	0.99997	0.00003	0
96	R	0.00000	0.99994	0.00006	0
97	G	0.00000	0.99985	0.00015	0
98	L	0.00000	0.99971	0.00029	0
99	C	0.00000	0.99967	0.00033	0
100	L	0.00000	0.99907	0.00093	0
101	L	0.00000	0.99842	0.00158	0
102	W	0.00000	0.92652	0.07348	0
103	T	0.00000	0.52535	0.47465	0
104	A	0.00000	0.01717	0.98283	0
105	F	0.00000	0.00015	0.99985	0
106	D	0.00000	4e-05	0.99996	0
107	V	0.00000	0	1.00000	0
108	M	0.00000	0	1.00000	0
109	C	0.00000	0	1.00000	0
110	C	0.00000	0	1.00000	0
111	S	0.00000	0	1.00000	0
112	A	0.00000	0	1.00000	0
113	S	0.00000	0	1.00000	0
114	I	0.00000	0	1.00000	0
115	L	0.00000	0	1.00000	0
116	N	0.00000	0	1.00000	0
117	L	0.00000	0	1.00000	0
118	C	0.00000	0	1.00000	0
119	L	0.00000	0	1.00000	0
120	I	0.00000	0	1.00000	0
121	S	0.00000	0	1.00000	0
122	L	0.00000	0	1.00000	0
123	D	0.00001	0	0.99999	0
124	R	0.03405	0	0.96595	0
125	Y	0.29227	0	0.70773	0
126	L	0.72018	0	0.27982	0
127	L	0.85422	0	0.14578	0
128	I	0.99994	0	0.00006	0
129	L	1.00000	0	0.00000	0
130	S	1.00000	0	0.00000	0
131	P	1.00000	0	0.00000	0
132	L	1.00000	0	0.00000	0
133	R	1.00000	0	0.00000	0
134	Y	1.00000	0	0.00000	0
135	K	1.00000	0	0.00000	0
136	L	1.00000	0	0.00000	0
137	R	1.00000	0	0.00000	0
138	M	0.99997	0	0.00003	0
139	T	0.99989	0	0.00011	0
140	P	0.99931	0	0.00069	0
141	L	0.97310	0	0.02690	0
142	R	0.93886	0	0.06114	0
143	A	0.30407	0	0.69593	0
144	L	0.01629	0	0.98371	0
145	A	0.00459	0	0.99541	0
146	L	0.00047	0	0.99953	0
147	V	0.00000	0	1.00000	0
148	L	0.00000	0	1.00000	0
149	G	0.00000	0	1.00000	0
150	A	0.00000	0	1.00000	0
151	W	0.00000	0	1.00000	0
152	S	0.00000	0	1.00000	0
153	L	0.00000	0	1.00000	0
154	A	0.00000	0	1.00000	0
155	A	0.00000	0	1.00000	0
156	L	0.00000	0	1.00000	0
157	A	0.00000	0	1.00000	0
158	S	0.00000	0	1.00000	0
159	F	0.00000	1e-05	0.99999	0
160	L	0.00000	0.00012	0.99988	0
161	P	0.00000	0.0024	0.99760	0
162	L	0.00000	0.00445	0.99555	0
163	L	0.00000	0.01955	0.98045	0
164	L	0.00000	0.18805	0.81195	0
165	G	0.00000	0.82315	0.17685	0
166	W	0.00000	0.91931	0.08069	0
167	H	0.00000	0.99435	0.00565	0
168	E	0.00000	0.99995	0.00005	0
169	L	0.00000	0.99998	0.00002	0
170	G	0.00000	1	0.00000	0
171	H	0.00000	1	0.00000	0
172	A	0.00000	1	0.00000	0
173	R	0.00000	1	0.00000	0
174	P	0.00000	1	0.00000	0
175	P	0.00000	1	0.00000	0
176	V	0.00000	1	0.00000	0
177	P	0.00000	1	0.00000	0
178	G	0.00000	1	0.00000	0
179	Q	0.00000	1	0.00000	0
180	C	0.00000	0.99989	0.00011	0
181	R	0.00000	0.9998	0.00020	0
182	L	0.00000	0.45327	0.54673	0
183	L	0.00000	0.44888	0.55112	0
184	A	0.00000	0.44101	0.55899	0
185	S	0.00000	0.44015	0.55985	0
186	L	0.00000	0.41814	0.58186	0
187	P	0.00000	0.41132	0.58868	0
188	F	0.00000	0.0915	0.90850	0
189	V	0.00000	0.0008	0.99920	0
190	L	0.00000	0.00045	0.99955	0
191	V	0.00000	3e-05	0.99997	0
192	A	0.00000	1e-05	0.99999	0
193	S	0.00000	1e-05	0.99999	0
194	G	0.00000	0	1.00000	0
195	L	0.00000	0	1.00000	0
196	T	0.00000	0	1.00000	0
197	F	0.00000	0	1.00000	0
198	F	0.00000	0	1.00000	0
199	L	0.00000	0	1.00000	0
200	P	0.00000	0	1.00000	0
201	S	0.00000	0	1.00000	0
202	G	0.00000	0	1.00000	0
203	A	0.00000	0	1.00000	0
204	I	0.00000	0	1.00000	0
205	C	0.00004	0	0.99996	0
206	F	0.00346	0	0.99654	0
207	T	0.09250	0	0.90750	0
208	Y	0.14135	0	0.85865	0
209	C	0.30569	0	0.69431	0
210	R	0.54528	0	0.45472	0
211	I	0.55261	0	0.44739	0
212	L	0.58352	0	0.41648	0
213	L	0.79090	0	0.20910	0
214	A	0.91951	0	0.08049	0
215	A	0.99952	0	0.00048	0
216	R	0.99999	0	0.00001	0
217	K	1.00000	0	0.00000	0
218	Q	1.00000	0	0.00000	0
219	A	1.00000	0	0.00000	0
220	V	1.00000	0	0.00000	0
221	Q	1.00000	0	0.00000	0
222	V	1.00000	0	0.00000	0
223	A	1.00000	0	0.00000	0
224	S	1.00000	0	0.00000	0
225	L	1.00000	0	0.00000	0
226	T	1.00000	0	0.00000	0
227	T	1.00000	0	0.00000	0
228	G	1.00000	0	0.00000	0
229	M	1.00000	0	0.00000	0
230	A	1.00000	0	0.00000	0
231	S	1.00000	0	0.00000	0
232	Q	1.00000	0	0.00000	0
233	A	1.00000	0	0.00000	0
234	S	1.00000	0	0.00000	0
235	E	1.00000	0	0.00000	0
236	T	1.00000	0	0.00000	0
237	L	1.00000	0	0.00000	0
238	Q	1.00000	0	0.00000	0
239	V	1.00000	0	0.00000	0
240	P	1.00000	0	0.00000	0
241	R	1.00000	0	0.00000	0
242	T	1.00000	0	0.00000	0
243	P	1.00000	0	0.00000	0
244	R	1.00000	0	0.00000	0
245	P	1.00000	0	0.00000	0
246	G	1.00000	0	0.00000	0
247	V	1.00000	0	0.00000	0
248	E	1.00000	0	0.00000	0
249	S	1.00000	0	0.00000	0
250	A	1.00000	0	0.00000	0
251	D	1.00000	0	0.00000	0
252	S	1.00000	0	0.00000	0
253	R	1.00000	0	0.00000	0
254	R	1.00000	0	0.00000	0
255	L	1.00000	0	0.00000	0
256	A	1.00000	0	0.00000	0
257	T	1.00000	0	0.00000	0
258	K	1.00000	0	0.00000	0
259	H	1.00000	0	0.00000	0
260	S	0.99991	0	0.00009	0
261	R	0.99502	0	0.00498	0
262	K	0.75490	0	0.24510	0
263	A	0.75239	0	0.24761	0
264	L	0.56439	0	0.43561	0
265	K	0.56362	0	0.43638	0
266	A	0.13061	0	0.86939	0
267	S	0.12899	0	0.87101	0
268	L	0.12651	0	0.87349	0
269	T	0.12599	0	0.87401	0
270	L	0.00299	0	0.99701	0
271	G	0.00030	0	0.99970	0
272	I	0.00001	0	0.99999	0
273	L	0.00000	0	1.00000	0
274	L	0.00000	0	1.00000	0
275	G	0.00000	0	1.00000	0
276	M	0.00000	0	1.00000	0
277	F	0.00000	0	1.00000	0
278	F	0.00000	0	1.00000	0
279	V	0.00000	0	1.00000	0
280	T	0.00000	0	1.00000	0
281	W	0.00000	0	1.00000	0
282	L	0.00000	4e-05	0.99996	0
283	P	0.00000	0.00061	0.99939	0
284	F	0.00000	0.00103	0.99897	0
285	F	0.00000	0.00504	0.99496	0
286	V	0.00000	0.03167	0.96833	0
287	A	0.00000	0.11111	0.88889	0
288	N	0.00000	0.30994	0.69006	0
289	I	0.00000	0.36221	0.63779	0
290	V	0.00000	0.50909	0.49091	0
291	Q	0.00000	0.78851	0.21149	0
292	A	0.00000	0.83147	0.16853	0
293	V	0.00000	0.88875	0.11125	0
294	C	0.00000	0.99066	0.00934	0
295	D	0.00000	0.99995	0.00005	0
296	C	0.00000	0.99996	0.00004	0
297	I	0.00000	0.99996	0.00004	0
298	S	0.00000	0.99996	0.00004	0
299	P	0.00000	0.99996	0.00004	0
300	G	0.00000	0.99974	0.00026	0
301	L	0.00000	0.99386	0.00614	0
302	F	0.00000	0.99228	0.00772	0
303	D	0.00000	0.94609	0.05391	0
304	V	0.00000	0.00891	0.99109	0
305	L	0.00000	0.00028	0.99972	0
306	T	0.00000	0	1.00000	0
307	W	0.00000	0	1.00000	0
308	L	0.00000	0	1.00000	0
309	G	0.00000	0	1.00000	0
310	Y	0.00001	0	0.99999	0
311	C	0.00002	0	0.99998	0
312	N	0.00003	0	0.99997	0
313	S	0.00003	0	0.99997	0
314	T	0.00003	0	0.99997	0
315	M	0.00003	0	0.99997	0
316	N	0.00003	0	0.99997	0
317	P	0.00003	0	0.99997	0
318	I	0.00003	0	0.99997	0
319	I	0.00003	0	0.99997	0
320	Y	0.00004	0	0.99996	0
321	P	0.00012	0	0.99988	0
322	L	0.00032	0	0.99968	0
323	F	0.04509	0	0.95491	0
324	M	0.18102	0	0.81898	0
325	R	1.00000	0	0.00000	0
326	D	1.00000	0	0.00000	0
327	F	1.00000	0	0.00000	0
328	K	1.00000	0	0.00000	0
329	R	1.00000	0	0.00000	0
330	A	1.00000	0	0.00000	0
331	L	1.00000	0	0.00000	0
332	G	1.00000	0	0.00000	0
333	R	1.00000	0	0.00000	0
334	F	1.00000	0	0.00000	0
335	L	1.00000	0	0.00000	0
336	P	1.00000	0	0.00000	0
337	C	1.00000	0	0.00000	0
338	P	1.00000	0	0.00000	0
339	R	1.00000	0	0.00000	0
340	C	1.00000	0	0.00000	0
341	P	1.00000	0	0.00000	0
342	R	1.00000	0	0.00000	0
343	E	1.00000	0	0.00000	0
344	R	1.00000	0	0.00000	0
345	Q	1.00000	0	0.00000	0
346	A	1.00000	0	0.00000	0
347	S	1.00000	0	0.00000	0
348	L	1.00000	0	0.00000	0
349	A	1.00000	0	0.00000	0
350	S	1.00000	0	0.00000	0
351	P	1.00000	0	0.00000	0
352	S	1.00000	0	0.00000	0
353	L	1.00000	0	0.00000	0
354	R	1.00000	0	0.00000	0
355	T	1.00000	0	0.00000	0
356	S	1.00000	0	0.00000	0
357	H	1.00000	0	0.00000	0
358	S	1.00000	0	0.00000	0
359	G	1.00000	0	0.00000	0
360	P	1.00000	0	0.00000	0
361	R	1.00000	0	0.00000	0
362	P	1.00000	0	0.00000	0
363	G	1.00000	0	0.00000	0
364	L	1.00000	0	0.00000	0
365	S	1.00000	0	0.00000	0
366	L	1.00000	0	0.00000	0
367	Q	1.00000	0	0.00000	0
368	Q	1.00000	0	0.00000	0
369	V	1.00000	0	0.00000	0
370	L	1.00000	0	0.00000	0
371	P	1.00000	0	0.00000	0
372	L	1.00000	0	0.00000	0
373	P	1.00000	0	0.00000	0
374	L	1.00000	0	0.00000	0
375	P	1.00000	0	0.00000	0
376	P	1.00000	0	0.00000	0
377	D	1.00000	0	0.00000	0
378	S	1.00000	0	0.00000	0
379	D	1.00000	0	0.00000	0
380	S	1.00000	0	0.00000	0
381	D	1.00000	0	0.00000	0
382	S	1.00000	0	0.00000	0
383	D	1.00000	0	0.00000	0
384	A	1.00000	0	0.00000	0
385	G	1.00000	0	0.00000	0
386	S	1.00000	0	0.00000	0
387	G	1.00000	0	0.00000	0
388	G	1.00000	0	0.00000	0
389	S	1.00000	0	0.00000	0
390	S	1.00000	0	0.00000	0
391	G	1.00000	0	0.00000	0
392	L	1.00000	0	0.00000	0
393	R	1.00000	0	0.00000	0
394	L	1.00000	0	0.00000	0
395	T	1.00000	0	0.00000	0
396	A	1.00000	0	0.00000	0
397	Q	1.00000	0	0.00000	0
398	L	1.00000	0	0.00000	0
399	L	1.00000	0	0.00000	0
400	L	1.00000	0	0.00000	0
401	P	1.00000	0	0.00000	0
402	G	1.00000	0	0.00000	0
403	E	1.00000	0	0.00000	0
404	A	1.00000	0	0.00000	0
405	T	1.00000	0	0.00000	0
406	Q	1.00000	0	0.00000	0
407	D	1.00000	0	0.00000	0
408	P	1.00000	0	0.00000	0
409	P	1.00000	0	0.00000	0
410	L	1.00000	0	0.00000	0
411	P	1.00000	0	0.00000	0
412	T	1.00000	0	0.00000	0
413	R	1.00000	0	0.00000	0
414	A	1.00000	0	0.00000	0
415	A	1.00000	0	0.00000	0
416	A	1.00000	0	0.00000	0
417	A	1.00000	0	0.00000	0
418	V	1.00000	0	0.00000	0
419	N	1.00000	0	0.00000	0
420	F	1.00000	0	0.00000	0
421	F	1.00000	0	0.00000	0
422	N	1.00000	0	0.00000	0
423	I	1.00000	0	0.00000	0
424	D	1.00000	0	0.00000	0
425	P	1.00000	0	0.00000	0
426	A	1.00000	0	0.00000	0
427	E	1.00000	0	0.00000	0
428	P	1.00000	0	0.00000	0
429	E	1.00000	0	0.00000	0
430	L	1.00000	0	0.00000	0
431	R	1.00000	0	0.00000	0
432	P	1.00000	0	0.00000	0
433	H	1.00000	0	0.00000	0
434	P	1.00000	0	0.00000	0
435	L	1.00000	0	0.00000	0
436	G	1.00000	0	0.00000	0
437	I	1.00000	0	0.00000	0
438	P	1.00000	0	0.00000	0
439	T	1.00000	0	0.00000	0
440	N	1.00000	0	0.00000	0
