# UNNAMED
#pos	aa	i	o	M	S
1	M	0.00000	0.99351	0.00000	0.00649
2	D	0.00000	0.99351	0.00000	0.00649
3	P	0.00000	0.99351	0.00000	0.00649
4	Q	0.00000	0.99351	0.00000	0.00648
5	N	0.00000	0.99351	0.00000	0.00648
6	Y	0.00000	0.99351	0.00000	0.00649
7	S	0.00000	0.99351	0.00000	0.00649
8	L	0.00000	0.99351	0.00000	0.00649
9	V	0.00000	0.99351	0.00000	0.00649
10	S	0.00000	0.99351	0.00000	0.00649
11	E	0.00000	0.99351	0.00000	0.00648
12	F	0.00000	0.99351	0.00000	0.00648
13	V	0.00000	0.99351	0.00000	0.00649
14	L	0.00000	0.99351	0.00000	0.00649
15	H	0.00000	0.99351	0.00000	0.00649
16	G	0.00000	0.99351	0.00000	0.00648
17	L	0.00000	0.99354	0.00000	0.00646
18	C	0.00000	0.99354	0.00000	0.00646
19	T	0.00000	0.99354	0.00000	0.00646
20	S	0.00000	0.99355	0.00000	0.00645
21	R	0.00000	1	0.00000	0
22	H	0.00000	0.99993	0.00007	0
23	L	0.00000	0.99964	0.00036	0
24	Q	0.00000	0.99912	0.00088	0
25	N	0.00000	0.99057	0.00943	0
26	F	0.00000	0.47578	0.52422	0
27	F	0.00000	0.17865	0.82135	0
28	F	0.00000	0.02941	0.97059	0
29	I	0.00000	0.01407	0.98593	0
30	F	0.00000	0.01227	0.98773	0
31	F	0.00000	0.00103	0.99897	0
32	F	0.00000	4e-05	0.99996	0
33	G	0.00000	1e-05	0.99999	0
34	V	0.00000	0	1.00000	0
35	Y	0.00000	0	1.00000	0
36	V	0.00000	0	1.00000	0
37	A	0.00000	0	1.00000	0
38	I	0.00000	0	1.00000	0
39	M	0.00000	0	1.00000	0
40	L	0.00000	0	1.00000	0
41	G	0.00000	0	1.00000	0
42	N	0.00000	0	1.00000	0
43	L	0.00000	0	1.00000	0
44	L	0.00000	0	1.00000	0
45	I	0.00000	0	1.00000	0
46	L	0.00002	0	0.99998	0
47	V	0.00151	0	0.99849	0
48	T	0.07045	0	0.92955	0
49	V	0.10085	0	0.89915	0
50	I	0.22729	0	0.77271	0
51	S	0.90933	0	0.09067	0
52	D	0.99941	0	0.00059	0
53	P	0.99997	0	0.00003	0
54	C	0.99998	0	0.00002	0
55	L	0.99999	0	0.00001	0
56	H	1.00000	0	0.00000	0
57	S	1.00000	0	0.00000	0
58	S	1.00000	0	0.00000	0
59	P	1.00000	0	0.00000	0
60	M	0.48931	0	0.51069	0
61	Y	0.35531	0	0.64469	0
62	F	0.04323	0	0.95677	0
63	L	0.00044	0	0.99956	0
64	L	0.00003	0	0.99997	0
65	G	0.00001	0	0.99999	0
66	N	0.00000	0	1.00000	0
67	L	0.00000	0	1.00000	0
68	A	0.00000	0	1.00000	0
69	F	0.00000	0	1.00000	0
70	L	0.00000	0	1.00000	0
71	D	0.00000	0	1.00000	0
72	M	0.00000	0	1.00000	0
73	W	0.00000	0	1.00000	0
74	L	0.00000	0	1.00000	0
75	A	0.00000	0	1.00000	0
76	S	0.00000	0	1.00000	0
77	F	0.00000	0	1.00000	0
78	A	0.00000	0.0005	0.99950	0
79	T	0.00000	0.00119	0.99881	0
80	P	0.00000	0.00299	0.99701	0
81	K	0.00000	0.01604	0.98396	0
82	M	0.00000	0.04244	0.95756	0
83	I	0.00000	0.14881	0.85119	0
84	R	0.00000	0.85325	0.14675	0
85	D	0.00000	0.99999	0.00001	0
86	F	0.00000	1	0.00000	0
87	L	0.00000	1	0.00000	0
88	S	0.00000	1	0.00000	0
89	D	0.00000	1	0.00000	0
90	Q	0.00000	1	0.00000	0
91	K	0.00000	1	0.00000	0
92	L	0.00000	1	0.00000	0
93	I	0.00000	1	0.00000	0
94	S	0.00000	1	0.00000	0
95	F	0.00000	1	0.00000	0
96	G	0.00000	1	0.00000	0
97	G	0.00000	0.99997	0.00003	0
98	C	0.00000	0.99964	0.00036	0
99	M	0.00000	0.98549	0.01451	0
100	A	0.00000	0.97121	0.02879	0
101	Q	0.00000	0.95633	0.04367	0
102	I	0.00000	0.28726	0.71274	0
103	F	0.00000	0.01044	0.98956	0
104	F	0.00000	0.00055	0.99945	0
105	L	0.00000	2e-05	0.99998	0
106	H	0.00000	0	1.00000	0
107	F	0.00000	0	1.00000	0
108	T	0.00000	0	1.00000	0
109	G	0.00000	0	1.00000	0
110	G	0.00000	0	1.00000	0
111	A	0.00000	0	1.00000	0
112	E	0.00000	0	1.00000	0
113	M	0.00000	0	1.00000	0
114	V	0.00000	0	1.00000	0
115	L	0.00000	0	1.00000	0
116	L	0.00000	0	1.00000	0
117	V	0.00000	0	1.00000	0
118	S	0.00000	0	1.00000	0
119	M	0.00000	0	1.00000	0
120	A	0.00000	0	1.00000	0
121	Y	0.00000	0	1.00000	0
122	D	0.00001	0	0.99999	0
123	R	0.00423	0	0.99577	0
124	Y	0.10328	0	0.89672	0
125	V	0.93162	0	0.06838	0
126	A	0.99762	0	0.00238	0
127	I	1.00000	0	0.00000	0
128	C	1.00000	0	0.00000	0
129	K	1.00000	0	0.00000	0
130	P	1.00000	0	0.00000	0
131	L	1.00000	0	0.00000	0
132	H	1.00000	0	0.00000	0
133	Y	1.00000	0	0.00000	0
134	M	1.00000	0	0.00000	0
135	T	1.00000	0	0.00000	0
136	L	1.00000	0	0.00000	0
137	M	1.00000	0	0.00000	0
138	S	0.99999	0	0.00001	0
139	W	0.99993	0	0.00007	0
140	Q	0.99722	0	0.00278	0
141	T	0.91839	0	0.08161	0
142	C	0.01034	0	0.98966	0
143	I	0.00273	0	0.99727	0
144	R	0.00209	0	0.99791	0
145	L	0.00012	0	0.99988	0
146	V	0.00001	0	0.99999	0
147	L	0.00001	0	0.99999	0
148	A	0.00000	0	1.00000	0
149	S	0.00000	0	1.00000	0
150	W	0.00000	0	1.00000	0
151	V	0.00000	0	1.00000	0
152	V	0.00000	0	1.00000	0
153	G	0.00000	0	1.00000	0
154	F	0.00000	0	1.00000	0
155	V	0.00000	0	1.00000	0
156	H	0.00000	0	1.00000	0
157	S	0.00000	0	1.00000	0
158	I	0.00000	0	1.00000	0
159	S	0.00000	0.00025	0.99975	0
160	Q	0.00000	0.00406	0.99594	0
161	V	0.00000	0.01464	0.98536	0
162	A	0.00000	0.02757	0.97243	0
163	F	0.00000	0.13187	0.86813	0
164	T	0.00000	0.68699	0.31301	0
165	V	0.00000	0.91178	0.08822	0
166	N	0.00000	0.99555	0.00445	0
167	L	0.00000	0.99837	0.00163	0
168	P	0.00000	0.99991	0.00009	0
169	Y	0.00000	0.99998	0.00002	0
170	C	0.00000	1	0.00000	0
171	G	0.00000	1	0.00000	0
172	P	0.00000	1	0.00000	0
173	N	0.00000	1	0.00000	0
174	E	0.00000	1	0.00000	0
175	V	0.00000	1	0.00000	0
176	D	0.00000	1	0.00000	0
177	S	0.00000	1	0.00000	0
178	F	0.00000	1	0.00000	0
179	F	0.00000	1	0.00000	0
180	C	0.00000	1	0.00000	0
181	D	0.00000	1	0.00000	0
182	L	0.00000	1	0.00000	0
183	P	0.00000	1	0.00000	0
184	L	0.00000	1	0.00000	0
185	V	0.00000	1	0.00000	0
186	I	0.00000	1	0.00000	0
187	K	0.00000	1	0.00000	0
188	L	0.00000	1	0.00000	0
189	A	0.00000	1	0.00000	0
190	C	0.00000	1	0.00000	0
191	M	0.00000	1	0.00000	0
192	D	0.00000	0.99999	0.00001	0
193	T	0.00000	0.99985	0.00015	0
194	Y	0.00000	0.99956	0.00044	0
195	V	0.00000	0.99503	0.00497	0
196	L	0.00000	0.99465	0.00535	0
197	G	0.00000	0.99135	0.00865	0
198	I	0.00000	0.00441	0.99559	0
199	I	0.00000	0.00242	0.99758	0
200	M	0.00000	0.0017	0.99830	0
201	I	0.00000	0.0017	0.99830	0
202	S	0.00000	0.0017	0.99830	0
203	D	0.00000	0.00168	0.99832	0
204	S	0.00000	0.00161	0.99839	0
205	G	0.00000	0.00013	0.99987	0
206	L	0.00000	0	1.00000	0
207	L	0.00000	0	1.00000	0
208	S	0.00000	0	1.00000	0
209	L	0.00000	0	1.00000	0
210	S	0.00000	0	1.00000	0
211	C	0.00000	0	1.00000	0
212	F	0.00000	0	1.00000	0
213	L	0.00000	0	1.00000	0
214	L	0.00000	0	1.00000	0
215	L	0.00000	0	1.00000	0
216	L	0.00000	0	1.00000	0
217	I	0.00007	0	0.99993	0
218	S	0.00101	0	0.99899	0
219	Y	0.00138	0	0.99862	0
220	T	0.00842	0	0.99158	0
221	V	0.01377	0	0.98623	0
222	I	0.04352	0	0.95648	0
223	L	0.14566	0	0.85434	0
224	L	0.71708	0	0.28292	0
225	A	0.87916	0	0.12084	0
226	I	0.94584	0	0.05416	0
227	R	0.99958	0	0.00042	0
228	Q	1.00000	0	0.00000	0
229	R	1.00000	0	0.00000	0
230	A	1.00000	0	0.00000	0
231	A	1.00000	0	0.00000	0
232	G	1.00000	0	0.00000	0
233	S	1.00000	0	0.00000	0
234	T	0.98948	0	0.01052	0
235	S	0.97786	0	0.02214	0
236	K	0.84104	0	0.15896	0
237	A	0.43335	0	0.56665	0
238	L	0.39138	0	0.60862	0
239	S	0.06563	0	0.93437	0
240	T	0.06483	0	0.93517	0
241	C	0.04187	0	0.95813	0
242	S	0.02947	0	0.97053	0
243	A	0.00825	0	0.99175	0
244	H	0.00337	0	0.99663	0
245	I	0.00040	0	0.99960	0
246	M	0.00005	0	0.99995	0
247	V	0.00003	0	0.99997	0
248	V	0.00000	0	1.00000	0
249	T	0.00000	0	1.00000	0
250	L	0.00000	0	1.00000	0
251	F	0.00000	0	1.00000	0
252	F	0.00000	0	1.00000	0
253	G	0.00000	0	1.00000	0
254	P	0.00000	1e-05	0.99999	0
255	C	0.00000	2e-05	0.99998	0
256	I	0.00000	3e-05	0.99997	0
257	F	0.00000	9e-05	0.99991	0
258	V	0.00000	0.00074	0.99926	0
259	Y	0.00000	0.00782	0.99218	0
260	V	0.00000	0.03432	0.96568	0
261	R	0.00000	0.83134	0.16866	0
262	P	0.00000	0.88295	0.11705	0
263	F	0.00000	0.89759	0.10241	0
264	S	0.00000	0.98335	0.01665	0
265	R	0.00000	0.99787	0.00213	0
266	F	0.00000	0.99076	0.00924	0
267	S	0.00000	0.98167	0.01833	0
268	V	0.00000	0.81631	0.18369	0
269	D	0.00000	0.80989	0.19011	0
270	K	0.00000	0.56509	0.43491	0
271	L	0.00000	0.01929	0.98071	0
272	L	0.00000	8e-05	0.99992	0
273	S	0.00000	0	1.00000	0
274	V	0.00000	0	1.00000	0
275	F	0.00000	0	1.00000	0
276	Y	0.00000	0	1.00000	0
277	T	0.00000	0	1.00000	0
278	I	0.00000	0	1.00000	0
279	F	0.00000	0	1.00000	0
280	T	0.00000	0	1.00000	0
281	P	0.00000	0	1.00000	0
282	L	0.00000	0	1.00000	0
283	L	0.00000	0	1.00000	0
284	N	0.00000	0	1.00000	0
285	P	0.00000	0	1.00000	0
286	I	0.00000	0	1.00000	0
287	I	0.00033	0	0.99967	0
288	Y	0.00355	0	0.99645	0
289	T	0.01289	0	0.98711	0
290	L	0.04904	0	0.95096	0
291	R	1.00000	0	0.00000	0
292	N	1.00000	0	0.00000	0
293	E	1.00000	0	0.00000	0
294	E	1.00000	0	0.00000	0
295	M	1.00000	0	0.00000	0
296	K	1.00000	0	0.00000	0
297	A	1.00000	0	0.00000	0
298	A	1.00000	0	0.00000	0
299	M	1.00000	0	0.00000	0
300	K	1.00000	0	0.00000	0
301	K	1.00000	0	0.00000	0
302	L	1.00000	0	0.00000	0
303	Q	1.00000	0	0.00000	0
304	N	1.00000	0	0.00000	0
305	R	1.00000	0	0.00000	0
306	R	1.00000	0	0.00000	0
307	V	1.00000	0	0.00000	0
308	T	1.00000	0	0.00000	0
309	F	1.00000	0	0.00000	0
310	Q	1.00000	0	0.00000	0
