# UNNAMED
#pos	aa	i	o	M	S
1	M	0.00000	0.99999	0.00000	1e-05
2	D	0.00000	0.99999	0.00000	1e-05
3	P	0.00000	0.99999	0.00000	1e-05
4	L	0.00000	0.99999	0.00000	1e-05
5	N	0.00000	0.99999	0.00000	1e-05
6	L	0.00000	0.99999	0.00000	1e-05
7	S	0.00000	0.99999	0.00000	1e-05
8	W	0.00000	0.99999	0.00000	1e-05
9	Y	0.00000	0.99999	0.00000	1e-05
10	D	0.00000	0.99999	0.00000	1e-05
11	D	0.00000	0.99999	0.00000	1e-05
12	D	0.00000	0.99999	0.00000	1e-05
13	L	0.00000	0.99999	0.00000	1e-05
14	E	0.00000	0.99999	0.00000	1e-05
15	R	0.00000	0.99999	0.00000	1e-05
16	Q	0.00000	0.99999	0.00000	1e-05
17	N	0.00000	0.99999	0.00000	1e-05
18	W	0.00000	0.99999	0.00000	1e-05
19	S	0.00000	0.99999	0.00000	1e-05
20	R	0.00000	1	0.00000	0
21	P	0.00000	1	0.00000	0
22	F	0.00000	1	0.00000	0
23	N	0.00000	1	0.00000	0
24	G	0.00000	1	0.00000	0
25	S	0.00000	1	0.00000	0
26	D	0.00000	1	0.00000	0
27	G	0.00000	1	0.00000	0
28	K	0.00000	1	0.00000	0
29	A	0.00000	1	0.00000	0
30	D	0.00000	1	0.00000	0
31	R	0.00000	1	0.00000	0
32	P	0.00000	0.9999	0.00010	0
33	H	0.00000	0.9735	0.02650	0
34	Y	0.00000	0.92566	0.07434	0
35	N	0.00000	0.89241	0.10759	0
36	Y	0.00000	0.22381	0.77619	0
37	Y	0.00000	0.08882	0.91118	0
38	A	0.00000	0.03009	0.96991	0
39	T	0.00000	0.00803	0.99197	0
40	L	0.00000	0.00223	0.99777	0
41	L	0.00000	0.00016	0.99984	0
42	T	0.00000	1e-05	0.99999	0
43	L	0.00000	0	1.00000	0
44	L	0.00000	0	1.00000	0
45	I	0.00000	0	1.00000	0
46	A	0.00000	0	1.00000	0
47	V	0.00000	0	1.00000	0
48	I	0.00000	0	1.00000	0
49	V	0.00000	0	1.00000	0
50	F	0.00000	0	1.00000	0
51	G	0.00000	0	1.00000	0
52	N	0.00000	0	1.00000	0
53	V	0.00000	0	1.00000	0
54	L	0.00000	0	1.00000	0
55	V	0.00003	0	0.99997	0
56	C	0.00034	0	0.99966	0
57	M	0.00995	0	0.99005	0
58	A	0.10258	0	0.89742	0
59	V	0.28847	0	0.71153	0
60	S	0.92024	0	0.07976	0
61	R	0.99819	0	0.00181	0
62	E	0.99998	0	0.00002	0
63	K	1.00000	0	0.00000	0
64	A	1.00000	0	0.00000	0
65	L	1.00000	0	0.00000	0
66	Q	1.00000	0	0.00000	0
67	T	0.99989	0	0.00011	0
68	T	0.99680	0	0.00320	0
69	T	0.88101	0	0.11899	0
70	N	0.16268	0	0.83732	0
71	Y	0.04487	0	0.95513	0
72	L	0.00038	0	0.99962	0
73	I	0.00000	0	1.00000	0
74	V	0.00000	0	1.00000	0
75	S	0.00000	0	1.00000	0
76	L	0.00000	0	1.00000	0
77	A	0.00000	0	1.00000	0
78	V	0.00000	0	1.00000	0
79	A	0.00000	0	1.00000	0
80	D	0.00000	0	1.00000	0
81	L	0.00000	0	1.00000	0
82	L	0.00000	0	1.00000	0
83	V	0.00000	0	1.00000	0
84	A	0.00000	0	1.00000	0
85	T	0.00000	0	1.00000	0
86	L	0.00000	0	1.00000	0
87	V	0.00000	0	1.00000	0
88	M	0.00000	5e-05	0.99995	0
89	P	0.00000	0.00104	0.99896	0
90	W	0.00000	0.01107	0.98893	0
91	V	0.00000	0.06378	0.93622	0
92	V	0.00000	0.34131	0.65869	0
93	Y	0.00000	0.89809	0.10191	0
94	L	0.00000	0.9998	0.00020	0
95	E	0.00000	1	0.00000	0
96	V	0.00000	1	0.00000	0
97	V	0.00000	1	0.00000	0
98	G	0.00000	1	0.00000	0
99	E	0.00000	1	0.00000	0
100	W	0.00000	1	0.00000	0
101	K	0.00000	1	0.00000	0
102	F	0.00000	1	0.00000	0
103	S	0.00000	1	0.00000	0
104	R	0.00000	1	0.00000	0
105	I	0.00000	0.99999	0.00001	0
106	H	0.00000	0.99996	0.00004	0
107	C	0.00000	0.99984	0.00016	0
108	D	0.00000	0.99884	0.00116	0
109	I	0.00000	0.99245	0.00755	0
110	F	0.00000	0.39379	0.60621	0
111	V	0.00000	0.07061	0.92939	0
112	T	0.00000	0.03015	0.96985	0
113	L	0.00000	0.00025	0.99975	0
114	D	0.00000	6e-05	0.99994	0
115	V	0.00000	0	1.00000	0
116	M	0.00000	0	1.00000	0
117	M	0.00000	0	1.00000	0
118	C	0.00000	0	1.00000	0
119	T	0.00000	0	1.00000	0
120	A	0.00000	0	1.00000	0
121	S	0.00000	0	1.00000	0
122	I	0.00000	0	1.00000	0
123	L	0.00000	0	1.00000	0
124	N	0.00000	0	1.00000	0
125	L	0.00000	0	1.00000	0
126	C	0.00000	0	1.00000	0
127	A	0.00000	0	1.00000	0
128	I	0.00000	0	1.00000	0
129	S	0.00000	0	1.00000	0
130	I	0.00000	0	1.00000	0
131	D	0.00001	0	0.99999	0
132	R	0.02199	0	0.97801	0
133	Y	0.45937	0	0.54063	0
134	T	0.91851	0	0.08149	0
135	A	0.99260	0	0.00740	0
136	V	1.00000	0	0.00000	0
137	A	1.00000	0	0.00000	0
138	M	1.00000	0	0.00000	0
139	P	1.00000	0	0.00000	0
140	M	1.00000	0	0.00000	0
141	L	1.00000	0	0.00000	0
142	Y	1.00000	0	0.00000	0
143	N	1.00000	0	0.00000	0
144	T	1.00000	0	0.00000	0
145	R	1.00000	0	0.00000	0
146	Y	1.00000	0	0.00000	0
147	S	1.00000	0	0.00000	0
148	S	0.99999	0	0.00001	0
149	K	0.99998	0	0.00002	0
150	R	0.99897	0	0.00103	0
151	R	0.97956	0	0.02044	0
152	V	0.14839	0	0.85161	0
153	T	0.09291	0	0.90709	0
154	V	0.00159	0	0.99841	0
155	M	0.00003	0	0.99997	0
156	I	0.00000	0	1.00000	0
157	S	0.00000	0	1.00000	0
158	I	0.00000	0	1.00000	0
159	V	0.00000	0	1.00000	0
160	W	0.00000	0	1.00000	0
161	V	0.00000	0	1.00000	0
162	L	0.00000	0	1.00000	0
163	S	0.00000	0	1.00000	0
164	F	0.00000	0	1.00000	0
165	T	0.00000	0	1.00000	0
166	I	0.00000	0	1.00000	0
167	S	0.00000	0	1.00000	0
168	C	0.00000	0	1.00000	0
169	P	0.00000	1e-05	0.99999	0
170	L	0.00000	2e-05	0.99998	0
171	L	0.00000	0.00045	0.99955	0
172	F	0.00000	0.01233	0.98767	0
173	G	0.00000	0.14354	0.85646	0
174	L	0.00000	0.3687	0.63130	0
175	N	0.00000	0.98739	0.01261	0
176	N	0.00000	0.99981	0.00019	0
177	A	0.00000	0.99997	0.00003	0
178	D	0.00000	1	0.00000	0
179	Q	0.00000	1	0.00000	0
180	N	0.00000	1	0.00000	0
181	E	0.00000	1	0.00000	0
182	C	0.00000	1	0.00000	0
183	I	0.00000	1	0.00000	0
184	I	0.00000	1	0.00000	0
185	A	0.00000	0.99999	0.00001	0
186	N	0.00000	0.99997	0.00003	0
187	P	0.00000	0.9956	0.00440	0
188	A	0.00000	0.58817	0.41183	0
189	F	0.00000	0.14503	0.85497	0
190	V	0.00000	0.13599	0.86401	0
191	V	0.00000	0.11109	0.88891	0
192	Y	0.00000	0.05144	0.94856	0
193	S	0.00000	0.04933	0.95067	0
194	S	0.00000	0.02542	0.97458	0
195	I	0.00000	0.00826	0.99174	0
196	V	0.00000	0	1.00000	0
197	S	0.00000	0	1.00000	0
198	F	0.00000	0	1.00000	0
199	Y	0.00000	0	1.00000	0
200	V	0.00000	0	1.00000	0
201	P	0.00000	0	1.00000	0
202	F	0.00000	0	1.00000	0
203	I	0.00000	0	1.00000	0
204	V	0.00000	0	1.00000	0
205	T	0.00000	0	1.00000	0
206	L	0.00000	0	1.00000	0
207	L	0.00000	0	1.00000	0
208	V	0.00000	0	1.00000	0
209	Y	0.00004	0	0.99996	0
210	I	0.00178	0	0.99822	0
211	K	0.06933	0	0.93067	0
212	I	0.07564	0	0.92436	0
213	Y	0.12017	0	0.87983	0
214	I	0.35730	0	0.64270	0
215	V	0.53332	0	0.46668	0
216	L	0.89040	0	0.10960	0
217	R	0.99265	0	0.00735	0
218	R	0.99982	0	0.00018	0
219	R	0.99999	0	0.00001	0
220	R	1.00000	0	0.00000	0
221	K	1.00000	0	0.00000	0
222	R	1.00000	0	0.00000	0
223	V	1.00000	0	0.00000	0
224	N	1.00000	0	0.00000	0
225	T	1.00000	0	0.00000	0
226	K	1.00000	0	0.00000	0
227	R	1.00000	0	0.00000	0
228	S	1.00000	0	0.00000	0
229	S	1.00000	0	0.00000	0
230	R	1.00000	0	0.00000	0
231	A	1.00000	0	0.00000	0
232	F	1.00000	0	0.00000	0
233	R	1.00000	0	0.00000	0
234	A	1.00000	0	0.00000	0
235	H	1.00000	0	0.00000	0
236	L	1.00000	0	0.00000	0
237	R	1.00000	0	0.00000	0
238	A	1.00000	0	0.00000	0
239	P	1.00000	0	0.00000	0
240	L	1.00000	0	0.00000	0
241	K	1.00000	0	0.00000	0
242	G	1.00000	0	0.00000	0
243	N	1.00000	0	0.00000	0
244	C	1.00000	0	0.00000	0
245	T	1.00000	0	0.00000	0
246	H	1.00000	0	0.00000	0
247	P	1.00000	0	0.00000	0
248	E	1.00000	0	0.00000	0
249	D	1.00000	0	0.00000	0
250	M	1.00000	0	0.00000	0
251	K	1.00000	0	0.00000	0
252	L	1.00000	0	0.00000	0
253	C	1.00000	0	0.00000	0
254	T	1.00000	0	0.00000	0
255	V	1.00000	0	0.00000	0
256	I	1.00000	0	0.00000	0
257	M	1.00000	0	0.00000	0
258	K	1.00000	0	0.00000	0
259	S	1.00000	0	0.00000	0
260	N	1.00000	0	0.00000	0
261	G	1.00000	0	0.00000	0
262	S	1.00000	0	0.00000	0
263	F	1.00000	0	0.00000	0
264	P	1.00000	0	0.00000	0
265	V	1.00000	0	0.00000	0
266	N	1.00000	0	0.00000	0
267	R	1.00000	0	0.00000	0
268	R	1.00000	0	0.00000	0
269	R	1.00000	0	0.00000	0
270	V	1.00000	0	0.00000	0
271	E	1.00000	0	0.00000	0
272	A	1.00000	0	0.00000	0
273	A	1.00000	0	0.00000	0
274	R	1.00000	0	0.00000	0
275	R	1.00000	0	0.00000	0
276	A	1.00000	0	0.00000	0
277	Q	1.00000	0	0.00000	0
278	E	1.00000	0	0.00000	0
279	L	1.00000	0	0.00000	0
280	E	1.00000	0	0.00000	0
281	M	1.00000	0	0.00000	0
282	E	1.00000	0	0.00000	0
283	M	1.00000	0	0.00000	0
284	L	1.00000	0	0.00000	0
285	S	1.00000	0	0.00000	0
286	S	1.00000	0	0.00000	0
287	T	1.00000	0	0.00000	0
288	S	1.00000	0	0.00000	0
289	P	1.00000	0	0.00000	0
290	P	1.00000	0	0.00000	0
291	E	1.00000	0	0.00000	0
292	R	1.00000	0	0.00000	0
293	T	1.00000	0	0.00000	0
294	R	1.00000	0	0.00000	0
295	Y	1.00000	0	0.00000	0
296	S	1.00000	0	0.00000	0
297	P	1.00000	0	0.00000	0
298	I	1.00000	0	0.00000	0
299	P	1.00000	0	0.00000	0
300	P	1.00000	0	0.00000	0
301	S	1.00000	0	0.00000	0
302	H	1.00000	0	0.00000	0
303	H	1.00000	0	0.00000	0
304	Q	1.00000	0	0.00000	0
305	L	1.00000	0	0.00000	0
306	T	1.00000	0	0.00000	0
307	L	1.00000	0	0.00000	0
308	P	1.00000	0	0.00000	0
309	D	1.00000	0	0.00000	0
310	P	1.00000	0	0.00000	0
311	S	1.00000	0	0.00000	0
312	H	1.00000	0	0.00000	0
313	H	1.00000	0	0.00000	0
314	G	1.00000	0	0.00000	0
315	L	1.00000	0	0.00000	0
316	H	1.00000	0	0.00000	0
317	S	1.00000	0	0.00000	0
318	T	1.00000	0	0.00000	0
319	P	1.00000	0	0.00000	0
320	D	1.00000	0	0.00000	0
321	S	1.00000	0	0.00000	0
322	P	1.00000	0	0.00000	0
323	A	1.00000	0	0.00000	0
324	K	1.00000	0	0.00000	0
325	P	1.00000	0	0.00000	0
326	E	1.00000	0	0.00000	0
327	K	1.00000	0	0.00000	0
328	N	1.00000	0	0.00000	0
329	G	1.00000	0	0.00000	0
330	H	1.00000	0	0.00000	0
331	A	1.00000	0	0.00000	0
332	K	1.00000	0	0.00000	0
333	D	1.00000	0	0.00000	0
334	H	1.00000	0	0.00000	0
335	P	1.00000	0	0.00000	0
336	K	1.00000	0	0.00000	0
337	I	1.00000	0	0.00000	0
338	A	1.00000	0	0.00000	0
339	K	1.00000	0	0.00000	0
340	I	1.00000	0	0.00000	0
341	F	1.00000	0	0.00000	0
342	E	1.00000	0	0.00000	0
343	I	1.00000	0	0.00000	0
344	Q	1.00000	0	0.00000	0
345	T	1.00000	0	0.00000	0
346	M	1.00000	0	0.00000	0
347	P	1.00000	0	0.00000	0
348	N	1.00000	0	0.00000	0
349	G	1.00000	0	0.00000	0
350	K	1.00000	0	0.00000	0
351	T	1.00000	0	0.00000	0
352	R	1.00000	0	0.00000	0
353	T	1.00000	0	0.00000	0
354	S	1.00000	0	0.00000	0
355	L	1.00000	0	0.00000	0
356	K	1.00000	0	0.00000	0
357	T	1.00000	0	0.00000	0
358	M	1.00000	0	0.00000	0
359	S	1.00000	0	0.00000	0
360	R	1.00000	0	0.00000	0
361	R	1.00000	0	0.00000	0
362	K	1.00000	0	0.00000	0
363	L	1.00000	0	0.00000	0
364	S	1.00000	0	0.00000	0
365	Q	1.00000	0	0.00000	0
366	Q	1.00000	0	0.00000	0
367	K	1.00000	0	0.00000	0
368	E	1.00000	0	0.00000	0
369	K	0.99580	0	0.00420	0
370	K	0.99551	0	0.00449	0
371	A	0.96273	0	0.03727	0
372	T	0.95935	0	0.04065	0
373	Q	0.85259	0	0.14741	0
374	M	0.83512	0	0.16488	0
375	L	0.00827	0	0.99173	0
376	A	0.00009	0	0.99991	0
377	I	0.00000	0	1.00000	0
378	V	0.00000	0	1.00000	0
379	L	0.00000	0	1.00000	0
380	G	0.00000	0	1.00000	0
381	V	0.00000	0	1.00000	0
382	F	0.00000	0	1.00000	0
383	I	0.00000	0	1.00000	0
384	I	0.00000	0	1.00000	0
385	C	0.00000	0	1.00000	0
386	W	0.00000	0	1.00000	0
387	L	0.00000	0	1.00000	0
388	P	0.00000	0	1.00000	0
389	F	0.00000	0	1.00000	0
390	F	0.00000	0	1.00000	0
391	I	0.00000	0.00017	0.99983	0
392	T	0.00000	0.00177	0.99823	0
393	H	0.00000	0.00374	0.99626	0
394	I	0.00000	0.00692	0.99308	0
395	L	0.00000	0.03504	0.96496	0
396	N	0.00000	0.35824	0.64176	0
397	I	0.00000	0.45513	0.54487	0
398	H	0.00000	0.98267	0.01733	0
399	C	0.00000	0.99829	0.00171	0
400	D	0.00000	1	0.00000	0
401	C	0.00000	1	0.00000	0
402	N	0.00000	0.99997	0.00003	0
403	I	0.00000	0.99958	0.00042	0
404	P	0.00000	0.99912	0.00088	0
405	P	0.00000	0.99812	0.00188	0
406	V	0.00000	0.9881	0.01190	0
407	L	0.00000	0.98391	0.01609	0
408	Y	0.00000	0.98276	0.01724	0
409	S	0.00000	0.82645	0.17355	0
410	A	0.00000	0.02096	0.97904	0
411	F	0.00000	0.00247	0.99753	0
412	T	0.00000	0.00059	0.99941	0
413	W	0.00000	0	1.00000	0
414	L	0.00000	0	1.00000	0
415	G	0.00000	0	1.00000	0
416	Y	0.00000	0	1.00000	0
417	V	0.00000	0	1.00000	0
418	N	0.00000	0	1.00000	0
419	S	0.00000	0	1.00000	0
420	A	0.00000	0	1.00000	0
421	V	0.00000	0	1.00000	0
422	N	0.00000	0	1.00000	0
423	P	0.00000	0	1.00000	0
424	I	0.00000	0	1.00000	0
425	I	0.00001	0	0.99999	0
426	Y	0.00015	0	0.99985	0
427	T	0.00059	0	0.99941	0
428	T	0.00158	0	0.99842	0
429	F	0.04854	0	0.95146	0
430	N	0.51077	0	0.48923	0
431	I	0.74305	0	0.25695	0
432	E	1.00000	0	0.00000	0
433	F	1.00000	0	0.00000	0
434	R	1.00000	0	0.00000	0
435	K	1.00000	0	0.00000	0
436	A	1.00000	0	0.00000	0
437	F	1.00000	0	0.00000	0
438	L	1.00000	0	0.00000	0
439	K	1.00000	0	0.00000	0
440	I	1.00000	0	0.00000	0
441	L	1.00000	0	0.00000	0
442	H	1.00000	0	0.00000	0
443	C	1.00000	0	0.00000	0
