# UNNAMED
#pos	aa	i	o	M	S
1	M	0.00000	0.00016	0.00000	0.99984
2	K	0.00000	0.00016	0.00000	0.99984
3	F	0.00000	0.00016	0.00000	0.99984
4	L	0.00000	0.00016	0.00000	0.99984
5	L	0.00000	0.00016	0.00000	0.99984
6	T	0.00000	0.00016	0.00000	0.99984
7	T	0.00000	0.00016	0.00000	0.99983
8	A	0.00000	0.00016	0.00000	0.99984
9	F	0.00000	0.00016	0.00000	0.99984
10	L	0.00000	0.00016	0.00000	0.99985
11	I	0.00000	0.00016	0.00000	0.99983
12	L	0.00000	0.00016	0.00000	0.99984
13	I	0.00000	0.00016	0.00000	0.99984
14	S	0.00000	0.00016	0.00000	0.99984
15	L	0.00000	0.00023	0.00000	0.99977
16	W	0.00000	0.00157	0.00000	0.99843
17	V	0.00000	0.00157	0.00000	0.99843
18	E	0.00000	0.00173	0.00000	0.99826
19	E	0.00000	0.00174	0.00000	0.99826
20	A	0.00000	0.00177	0.00000	0.99823
21	Y	0.00000	0.00177	0.00000	0.99823
22	S	0.00000	0.00177	0.00000	0.99823
23	K	0.00000	0.99107	0.00000	0.00892
24	E	0.00000	0.99108	0.00000	0.00892
25	K	0.00000	1	0.00000	1e-05
26	S	0.00000	0.99999	0.00000	1e-05
27	S	0.00000	0.99999	0.00000	0
28	K	0.00000	1	0.00000	0
29	K	0.00000	1	0.00000	0
30	G	0.00000	1	0.00000	0
31	K	0.00000	1	0.00000	0
32	G	0.00000	1	0.00000	0
33	K	0.00000	1	0.00000	0
34	K	0.00000	1	0.00000	0
35	K	0.00000	1	0.00000	0
36	Q	0.00000	1	0.00000	0
37	Y	0.00000	1	0.00000	0
38	L	0.00000	1	0.00000	0
39	C	0.00000	1	0.00000	0
40	P	0.00000	1	0.00000	0
41	S	0.00000	1	0.00000	0
42	Q	0.00000	1	0.00000	0
43	Q	0.00000	1	0.00000	0
44	S	0.00000	1	0.00000	0
45	A	0.00000	1	0.00000	0
46	E	0.00000	1	0.00000	0
47	D	0.00000	1	0.00000	0
48	L	0.00000	0.99999	0.00001	0
49	A	0.00000	0.99999	0.00001	0
50	R	0.00000	0.99999	0.00001	0
51	V	0.00000	0.99999	0.00001	0
52	P	0.00000	0.99999	0.00001	0
53	A	0.00000	0.99999	0.00001	0
54	N	0.00000	0.99999	0.00001	0
55	S	0.00000	0.99999	0.00001	0
56	T	0.00000	0.99999	0.00001	0
57	S	0.00000	0.99999	0.00001	0
58	N	0.00000	0.99999	0.00001	0
59	I	0.00000	0.99999	0.00001	0
60	L	0.00000	0.99999	0.00001	0
61	N	0.00000	0.99999	0.00001	0
62	R	0.00000	0.99999	0.00001	0
63	L	0.00000	0.99999	0.00001	0
64	L	0.00000	0.99999	0.00001	0
65	V	0.00000	0.99999	0.00001	0
66	S	0.00000	0.99999	0.00001	0
67	Y	0.00000	0.99999	0.00000	0
68	D	0.00001	0.99999	0.00000	0
69	P	0.00001	0.99999	0.00000	0
70	R	0.00001	0.99999	0.00000	0
71	I	0.00001	0.99999	0.00000	0
72	R	0.00001	0.99999	0.00000	0
73	P	0.00001	0.99999	0.00000	0
74	N	0.00001	0.99999	0.00000	0
75	F	0.00001	0.99999	0.00000	0
76	K	0.00001	0.99999	0.00000	0
77	G	0.00001	0.99999	0.00000	0
78	I	0.00001	0.99999	0.00000	0
79	P	0.00001	0.99999	0.00000	0
80	V	0.00001	0.99999	0.00000	0
81	D	0.00001	0.99999	0.00000	0
82	V	0.00000	0.99999	0.00000	0
83	V	0.00000	0.99999	0.00000	0
84	V	0.00000	0.99999	0.00001	0
85	N	0.00000	0.99999	0.00001	0
86	I	0.00000	0.99999	0.00001	0
87	F	0.00000	0.99999	0.00001	0
88	I	0.00000	0.99999	0.00001	0
89	N	0.00000	0.99999	0.00001	0
90	S	0.00000	0.99999	0.00001	0
91	F	0.00000	0.99999	0.00001	0
92	G	0.00000	0.99999	0.00001	0
93	S	0.00000	0.99999	0.00001	0
94	I	0.00000	0.99999	0.00001	0
95	Q	0.00000	0.99999	0.00001	0
96	E	0.00000	0.99999	0.00001	0
97	T	0.00000	0.99999	0.00001	0
98	T	0.00000	0.99999	0.00001	0
99	M	0.00000	0.99999	0.00001	0
100	D	0.00000	0.99999	0.00001	0
101	Y	0.00000	0.99999	0.00001	0
102	R	0.00000	0.99999	0.00001	0
103	V	0.00000	0.99999	0.00001	0
104	N	0.00000	0.99999	0.00001	0
105	I	0.00000	0.99999	0.00001	0
106	F	0.00000	0.99999	0.00001	0
107	L	0.00000	1	0.00000	0
108	R	0.00000	1	0.00000	0
109	Q	0.00000	1	0.00000	0
110	K	0.00000	1	0.00000	0
111	W	0.00000	1	0.00000	0
112	N	0.00000	1	0.00000	0
113	D	0.00000	1	0.00000	0
114	P	0.00000	1	0.00000	0
115	R	0.00000	1	0.00000	0
116	L	0.00000	1	0.00000	0
117	K	0.00000	1	0.00000	0
118	L	0.00000	1	0.00000	0
119	P	0.00000	1	0.00000	0
120	S	0.00000	1	0.00000	0
121	D	0.00000	1	0.00000	0
122	F	0.00000	1	0.00000	0
123	R	0.00000	1	0.00000	0
124	G	0.00000	1	0.00000	0
125	S	0.00000	1	0.00000	0
126	D	0.00000	1	0.00000	0
127	A	0.00000	1	0.00000	0
128	L	0.00000	1	0.00000	0
129	T	0.00000	1	0.00000	0
130	V	0.00000	1	0.00000	0
131	D	0.00000	1	0.00000	0
132	P	0.00000	1	0.00000	0
133	T	0.00000	1	0.00000	0
134	M	0.00000	1	0.00000	0
135	Y	0.00000	1	0.00000	0
136	K	0.00000	1	0.00000	0
137	C	0.00000	1	0.00000	0
138	L	0.00000	0.99999	0.00001	0
139	W	0.00000	0.99999	0.00001	0
140	K	0.00000	0.99999	0.00001	0
141	P	0.00000	0.99999	0.00001	0
142	D	0.00000	0.99999	0.00001	0
143	L	0.00000	0.99998	0.00002	0
144	F	0.00000	0.99998	0.00002	0
145	F	0.00000	0.99997	0.00003	0
146	A	0.00000	0.99997	0.00003	0
147	N	0.00000	0.99997	0.00003	0
148	E	0.00000	0.99997	0.00003	0
149	K	0.00000	0.99997	0.00003	0
150	S	0.00000	0.99997	0.00003	0
151	A	0.00000	0.99997	0.00003	0
152	N	0.00000	0.99997	0.00003	0
153	F	0.00000	0.99997	0.00003	0
154	H	0.00000	0.99997	0.00003	0
155	D	0.00000	0.99997	0.00003	0
156	V	0.00000	0.99995	0.00005	0
157	T	0.00000	0.99993	0.00006	0
158	Q	0.00000	0.99992	0.00008	0
159	E	0.00000	0.99987	0.00012	0
160	N	0.00001	0.99707	0.00292	0
161	I	0.00001	0.85076	0.14923	0
162	L	0.00001	0.8158	0.18419	0
163	L	0.00001	0.73989	0.26011	0
164	F	0.00001	0.73989	0.26011	0
165	I	0.00001	0.73989	0.26011	0
166	F	0.00001	0.73989	0.26010	0
167	R	0.00003	0.73989	0.26009	0
168	D	0.00003	0.73989	0.26008	0
169	G	0.00003	0.73988	0.26009	0
170	D	0.00003	0.73988	0.26009	0
171	V	0.00003	0.22552	0.77446	0
172	L	0.00002	0.01422	0.98576	0
173	V	0.00002	0.00054	0.99945	0
174	S	0.00002	0.00026	0.99973	0
175	M	0.00001	0.0001	0.99989	0
176	R	0.00001	6e-05	0.99993	0
177	L	0.00000	0	1.00000	0
178	S	0.00000	0	1.00000	0
179	I	0.00000	0	1.00000	0
180	T	0.00176	0	0.99824	0
181	L	0.00664	0	0.99336	0
182	S	0.01381	0	0.98619	0
183	C	0.02076	0	0.97924	0
184	P	0.16564	0	0.83436	0
185	L	0.17311	0	0.82689	0
186	D	0.24123	0	0.75877	0
187	L	0.24218	0	0.75782	0
188	T	0.24971	0	0.75029	0
189	L	0.25085	0	0.74915	0
190	F	0.27635	0	0.72365	0
191	P	0.84167	0	0.15833	0
192	M	0.91448	0	0.08552	0
193	D	0.99719	1e-05	0.00280	0
194	T	0.99945	1e-05	0.00054	0
195	Q	0.99930	2e-05	0.00068	0
196	R	0.99585	3e-05	0.00412	0
197	C	0.69448	3e-05	0.30549	0
198	K	0.62799	3e-05	0.37198	0
199	M	0.33764	3e-05	0.66233	0
200	Q	0.25505	3e-05	0.74492	0
201	L	0.18780	3e-05	0.81217	0
202	E	0.14369	3e-05	0.85628	0
203	S	0.06238	3e-05	0.93759	0
204	F	0.00058	3e-05	0.99939	0
205	G	0.00007	3e-05	0.99990	0
206	Y	0.00001	3e-05	0.99996	0
207	T	0.00001	3e-05	0.99996	0
208	T	0.00001	3e-05	0.99996	0
209	D	0.00001	3e-05	0.99997	0
210	D	0.00000	3e-05	0.99997	0
211	L	0.00000	3e-05	0.99997	0
212	R	0.00000	3e-05	0.99997	0
213	F	0.00000	3e-05	0.99997	0
214	I	0.00000	3e-05	0.99997	0
215	W	0.00000	0.00035	0.99965	0
216	Q	0.00000	0.0543	0.94570	0
217	S	0.00000	0.23626	0.76374	0
218	G	0.00000	0.39175	0.60825	0
219	D	0.00000	0.70032	0.29968	0
220	P	0.00000	0.73253	0.26747	0
221	V	0.00000	0.744	0.25600	0
222	Q	0.00000	0.75706	0.24294	0
223	L	0.00000	0.80815	0.19185	0
224	E	0.00000	0.92487	0.07513	0
225	K	0.00000	0.99978	0.00022	0
226	I	0.00000	0.99981	0.00019	0
227	A	0.00000	0.99987	0.00013	0
228	L	0.00000	0.99988	0.00012	0
229	P	0.00000	0.99993	0.00007	0
230	Q	0.00000	0.99999	0.00001	0
231	F	0.00000	0.99999	0.00001	0
232	D	0.00000	0.99999	0.00001	0
233	I	0.00000	0.99999	0.00001	0
234	K	0.00000	0.99999	0.00001	0
235	K	0.00000	0.99999	0.00001	0
236	E	0.00000	0.99999	0.00001	0
237	D	0.00000	0.99999	0.00001	0
238	I	0.00000	0.99999	0.00001	0
239	E	0.00000	0.99999	0.00001	0
240	Y	0.00000	0.99991	0.00009	0
241	G	0.00000	0.99989	0.00011	0
242	N	0.00000	0.99985	0.00015	0
243	C	0.00000	0.99647	0.00353	0
244	T	0.00000	0.99019	0.00981	0
245	K	0.00000	0.9859	0.01410	0
246	Y	0.00000	0.97037	0.02963	0
247	Y	0.00000	0.96887	0.03113	0
248	K	0.00000	0.96853	0.03147	0
249	G	0.00000	0.96624	0.03376	0
250	T	0.00000	0.96623	0.03377	0
251	G	0.00001	0.96623	0.03376	0
252	Y	0.00001	0.96623	0.03376	0
253	Y	0.00001	0.96623	0.03376	0
254	T	0.00001	0.96623	0.03376	0
255	C	0.00001	0.96623	0.03376	0
256	V	0.00001	0.96623	0.03376	0
257	E	0.00001	0.96623	0.03376	0
258	V	0.00001	0.96623	0.03376	0
259	I	0.00001	0.96567	0.03432	0
260	F	0.00001	0.8226	0.17739	0
261	T	0.00004	0.68115	0.31881	0
262	L	0.00105	0.19109	0.80785	0
263	R	0.00193	0.12871	0.86937	0
264	R	0.00442	0.0899	0.90568	0
265	Q	0.01199	0.03094	0.95707	0
266	V	0.02329	0.00082	0.97589	0
267	G	0.03128	7e-05	0.96865	0
268	F	0.03373	0	0.96627	0
269	Y	0.03376	0	0.96624	0
270	M	0.03376	0	0.96624	0
271	M	0.03376	0	0.96624	0
272	G	0.03376	0	0.96624	0
273	V	0.03376	0	0.96624	0
274	Y	0.03376	0	0.96624	0
275	A	0.03376	0	0.96624	0
276	P	0.03375	0	0.96625	0
277	T	0.03283	0	0.96717	0
278	L	0.02168	0	0.97832	0
279	L	0.00591	0	0.99409	0
280	I	0.00207	0	0.99793	0
281	V	0.00109	0	0.99891	0
282	V	0.12951	0	0.87049	0
283	L	0.45057	0	0.54943	0
284	S	0.76718	0	0.23282	0
285	W	0.80090	0	0.19910	0
286	L	0.91231	0	0.08769	0
287	S	0.96585	0	0.03415	0
288	F	0.96623	0	0.03377	0
289	W	0.96622	0	0.03377	0
290	I	0.96622	1e-05	0.03377	0
291	N	0.96623	1e-05	0.03376	0
292	P	0.96623	1e-05	0.03376	0
293	D	0.96623	1e-05	0.03376	0
294	A	0.96414	1e-05	0.03585	0
295	S	0.95936	1e-05	0.04062	0
296	A	0.94647	2e-05	0.05352	0
297	A	0.91157	0.00013	0.08829	0
298	R	0.88577	0.0059	0.10833	0
299	V	0.02226	0.00952	0.96822	0
300	P	0.00321	0.02028	0.97650	0
301	L	0.00008	0.02467	0.97525	0
302	G	0.00001	0.03218	0.96780	0
303	I	0.00001	0.03284	0.96715	0
304	F	0.00001	0.03287	0.96712	0
305	S	0.00001	0.03292	0.96707	0
306	V	0.00001	0.03295	0.96704	0
307	L	0.00001	0.03302	0.96698	0
308	S	0.00001	0.03347	0.96653	0
309	L	0.00001	0.03357	0.96643	0
310	A	0.00001	0.03368	0.96631	0
311	S	0.00001	0.03376	0.96623	0
312	E	0.00001	0.03391	0.96608	0
313	C	0.00001	0.03436	0.96564	0
314	T	0.00001	0.03508	0.96491	0
315	T	0.00001	0.03657	0.96342	0
316	L	0.00001	0.03764	0.96236	0
317	A	0.00001	0.04567	0.95432	0
318	A	0.00001	0.06745	0.93254	0
319	E	0.00001	0.99665	0.00334	0
320	L	0.00001	0.99746	0.00253	0
321	P	0.00001	0.99968	0.00031	0
322	K	0.00001	0.99996	0.00003	0
323	V	0.00001	0.99995	0.00005	0
324	S	0.00001	0.99994	0.00005	0
325	Y	0.00000	0.97072	0.02927	0
326	V	0.00000	0.97069	0.02930	0
327	K	0.00000	0.97068	0.02931	0
328	A	0.00000	0.97061	0.02939	0
329	L	0.00000	0.97058	0.02942	0
330	D	0.00000	0.97056	0.02944	0
331	V	0.00000	0.02473	0.97527	0
332	W	0.00000	0.01528	0.98472	0
333	L	0.00000	0.00676	0.99324	0
334	I	0.00000	0.00463	0.99537	0
335	A	0.00000	6e-05	0.99994	0
336	C	0.00000	5e-05	0.99995	0
337	L	0.00000	2e-05	0.99998	0
338	L	0.00000	1e-05	0.99999	0
339	F	0.00000	1e-05	0.99999	0
340	G	0.00000	1e-05	0.99999	0
341	F	0.00000	0	1.00000	0
342	A	0.00000	0	1.00000	0
343	S	0.00000	0	1.00000	0
344	L	0.00000	0	1.00000	0
345	V	0.00000	0	1.00000	0
346	E	0.00009	0	0.99991	0
347	Y	0.00011	0	0.99989	0
348	A	0.00051	0	0.99949	0
349	V	0.00225	0	0.99775	0
350	V	0.00977	0	0.99023	0
351	Q	0.03784	0	0.96215	0
352	V	0.04296	0	0.95704	0
353	M	0.07685	0	0.92315	0
354	L	0.19188	0	0.80812	0
355	N	0.88699	1e-05	0.11301	0
356	N	0.97584	1e-05	0.02416	0
357	P	0.99880	1e-05	0.00119	0
358	K	0.99990	1e-05	0.00010	0
359	R	0.99995	1e-05	0.00004	0
360	V	0.99996	1e-05	0.00004	0
361	E	0.99998	1e-05	0.00001	0
362	A	0.99998	1e-05	0.00001	0
363	E	0.99999	1e-05	0.00000	0
364	K	0.99999	1e-05	0.00000	0
365	A	0.99999	1e-05	0.00000	0
366	R	0.99999	1e-05	0.00000	0
367	I	0.99999	1e-05	0.00000	0
368	A	0.99999	1e-05	0.00000	0
369	K	0.99999	1e-05	0.00000	0
370	A	0.99999	1e-05	0.00000	0
371	E	0.99999	1e-05	0.00000	0
372	Q	0.99999	1e-05	0.00000	0
373	A	0.99999	1e-05	0.00000	0
374	D	0.99999	1e-05	0.00000	0
375	G	0.99999	1e-05	0.00001	0
376	K	0.99998	1e-05	0.00002	0
377	G	0.99966	1e-05	0.00033	0
378	G	0.96138	1e-05	0.03861	0
379	N	0.95549	1e-05	0.04451	0
380	V	0.08185	1e-05	0.91814	0
381	A	0.00218	1e-05	0.99782	0
382	K	0.00204	1e-05	0.99795	0
383	K	0.00138	1e-05	0.99862	0
384	N	0.00135	1e-05	0.99864	0
385	T	0.00067	1e-05	0.99933	0
386	V	0.00066	1e-05	0.99933	0
387	N	0.00066	1e-05	0.99933	0
388	G	0.00066	1e-05	0.99933	0
389	T	0.00066	1e-05	0.99933	0
390	G	0.00066	1e-05	0.99933	0
391	T	0.00066	1e-05	0.99933	0
392	P	0.00066	1e-05	0.99933	0
393	V	0.00066	1e-05	0.99933	0
394	H	0.00066	1e-05	0.99933	0
395	I	0.00066	1e-05	0.99933	0
396	S	0.00066	1e-05	0.99933	0
397	T	0.00066	8e-05	0.99926	0
398	L	0.00066	0.00154	0.99779	0
399	Q	0.00066	0.16196	0.83738	0
400	V	0.00066	0.18602	0.81332	0
401	G	0.00066	0.53746	0.46188	0
402	E	0.00066	0.95586	0.04348	0
403	T	0.00063	0.98065	0.01872	0
404	R	0.00059	0.99859	0.00081	0
405	C	0.00056	0.99918	0.00026	0
406	K	0.00053	0.99933	0.00013	0
407	K	0.00051	0.99934	0.00015	0
408	V	0.00006	0.99934	0.00060	0
409	C	0.00000	0.99934	0.00066	0
410	T	0.00000	0.99934	0.00066	0
411	S	0.00000	0.99934	0.00066	0
412	K	0.00000	0.99934	0.00066	0
413	S	0.00000	0.99934	0.00066	0
414	D	0.00000	0.99934	0.00066	0
415	L	0.00000	0.99934	0.00066	0
416	R	0.00000	0.99934	0.00066	0
417	S	0.00000	0.99934	0.00066	0
418	N	0.00000	0.99934	0.00066	0
419	D	0.00000	0.99934	0.00066	0
420	F	0.00000	0.99934	0.00066	0
421	S	0.00000	0.99934	0.00066	0
422	I	0.00000	0.99934	0.00066	0
423	V	0.00000	0.99934	0.00066	0
424	G	0.00000	0.99934	0.00066	0
425	S	0.00000	0.99935	0.00065	0
426	L	0.00000	0.99935	0.00065	0
427	P	0.00000	0.99949	0.00051	0
428	R	0.00000	0.99985	0.00015	0
429	D	0.00000	0.99996	0.00004	0
430	F	0.00000	0.99996	0.00003	0
431	E	0.00000	0.99999	0.00001	0
432	L	0.00000	0.99999	0.00001	0
433	S	0.00000	1	0.00000	0
434	N	0.00000	1	0.00000	0
435	Y	0.00000	1	0.00000	0
436	D	0.00000	1	0.00000	0
437	C	0.00000	1	0.00000	0
438	Y	0.00000	1	0.00000	0
439	G	0.00000	1	0.00000	0
440	K	0.00000	1	0.00000	0
441	P	0.00000	1	0.00000	0
442	I	0.00000	1	0.00000	0
443	E	0.00000	1	0.00000	0
444	V	0.00000	1	0.00000	0
445	N	0.00000	1	0.00000	0
446	N	0.00000	1	0.00000	0
447	G	0.00000	1	0.00000	0
448	L	0.00000	1	0.00000	0
449	G	0.00000	1	0.00000	0
450	K	0.00000	1	0.00000	0
451	S	0.00000	1	0.00000	0
452	Q	0.00000	1	0.00000	0
453	A	0.00000	1	0.00000	0
454	K	0.00000	1	0.00000	0
455	N	0.00000	1	0.00000	0
456	N	0.00000	1	0.00000	0
457	K	0.00000	1	0.00000	0
458	K	0.00000	1	0.00000	0
459	P	0.00000	1	0.00000	0
460	P	0.00000	1	0.00000	0
461	P	0.00000	1	0.00000	0
462	A	0.00000	1	0.00000	0
463	K	0.00000	1	0.00000	0
464	P	0.00000	1	0.00000	0
465	V	0.00000	1	0.00000	0
466	I	0.00000	1	0.00000	0
467	P	0.00000	1	0.00000	0
468	T	0.00000	0.99967	0.00033	0
469	A	0.00000	0.99923	0.00077	0
470	A	0.00000	0.9991	0.00090	0
471	K	0.00000	0.99896	0.00104	0
472	R	0.00000	0.99784	0.00216	0
473	I	0.00000	0.99531	0.00469	0
474	D	0.00000	0.9345	0.06550	0
475	L	0.00000	0.20429	0.79571	0
476	Y	0.00000	0.0639	0.93610	0
477	A	0.00000	0.00049	0.99951	0
478	R	0.00000	2e-05	0.99998	0
479	A	0.00000	0	1.00000	0
480	L	0.00000	0	1.00000	0
481	F	0.00000	0	1.00000	0
482	P	0.00000	0	1.00000	0
483	F	0.00000	0	1.00000	0
484	C	0.00000	0	1.00000	0
485	F	0.00000	0	1.00000	0
486	L	0.00000	0	1.00000	0
487	F	0.00000	0	1.00000	0
488	F	0.00003	0	0.99997	0
489	N	0.00021	0	0.99979	0
490	V	0.00032	0	0.99968	0
491	I	0.00047	0	0.99953	0
492	Y	0.00082	0	0.99918	0
493	W	0.00200	0	0.99800	0
494	S	0.00879	0	0.99121	0
495	I	0.06904	0	0.93096	0
496	Y	0.35442	0	0.64558	0
497	L	1.00000	0	0.00000	0
