# UNNAMED
#pos	aa	i	o	M	S
1	M	0.00000	0.99751	0.00000	0.00249
2	A	0.00000	0.99751	0.00000	0.00249
3	L	0.00000	0.99751	0.00000	0.00249
4	T	0.00000	0.99751	0.00000	0.00248
5	P	0.00000	0.99751	0.00000	0.00249
6	E	0.00000	0.99751	0.00000	0.00249
7	S	0.00000	0.99751	0.00000	0.00249
8	P	0.00000	0.99751	0.00000	0.00249
9	S	0.00000	0.99751	0.00000	0.00249
10	S	0.00000	0.99751	0.00000	0.00249
11	F	0.00000	0.99751	0.00000	0.00249
12	P	0.00000	0.99751	0.00000	0.00249
13	G	0.00000	0.99751	0.00000	0.00248
14	L	0.00000	0.99751	0.00000	0.00249
15	A	0.00000	0.99751	0.00000	0.00249
16	A	0.00000	0.99774	0.00000	0.00226
17	T	0.00000	0.99812	0.00000	0.00189
18	G	0.00000	0.99823	0.00000	0.00176
19	S	0.00000	0.99866	0.00000	0.00134
20	S	0.00000	0.99953	0.00000	0.00047
21	V	0.00000	1	0.00000	0
22	P	0.00000	1	0.00000	0
23	E	0.00000	1	0.00000	0
24	P	0.00000	1	0.00000	0
25	P	0.00000	1	0.00000	0
26	G	0.00000	1	0.00000	0
27	G	0.00000	1	0.00000	0
28	P	0.00000	1	0.00000	0
29	N	0.00000	1	0.00000	0
30	A	0.00000	1	0.00000	0
31	T	0.00000	1	0.00000	0
32	L	0.00000	1	0.00000	0
33	N	0.00000	1	0.00000	0
34	S	0.00000	1	0.00000	0
35	S	0.00000	1	0.00000	0
36	W	0.00000	1	0.00000	0
37	A	0.00000	1	0.00000	0
38	S	0.00000	1	0.00000	0
39	P	0.00000	1	0.00000	0
40	T	0.00000	1	0.00000	0
41	E	0.00000	1	0.00000	0
42	P	0.00000	1	0.00000	0
43	S	0.00000	1	0.00000	0
44	S	0.00000	1	0.00000	0
45	L	0.00000	1	0.00000	0
46	E	0.00000	1	0.00000	0
47	D	0.00000	1	0.00000	0
48	L	0.00000	0.91624	0.08376	0
49	V	0.00000	0.76449	0.23551	0
50	A	0.00000	0.5892	0.41080	0
51	T	0.00000	0.50069	0.49931	0
52	G	0.00000	0.33891	0.66109	0
53	T	0.00000	0.11613	0.88387	0
54	I	0.00000	0.00765	0.99235	0
55	G	0.00000	0.00339	0.99661	0
56	T	0.00000	0.00038	0.99962	0
57	L	0.00000	2e-05	0.99998	0
58	L	0.00000	0	1.00000	0
59	S	0.00000	0	1.00000	0
60	A	0.00000	0	1.00000	0
61	M	0.00000	0	1.00000	0
62	G	0.00000	0	1.00000	0
63	V	0.00000	0	1.00000	0
64	V	0.00000	0	1.00000	0
65	G	0.00000	0	1.00000	0
66	V	0.00000	0	1.00000	0
67	V	0.00000	0	1.00000	0
68	G	0.00000	0	1.00000	0
69	N	0.00001	0	0.99999	0
70	A	0.00001	0	0.99999	0
71	Y	0.00013	0	0.99987	0
72	T	0.00103	0	0.99897	0
73	L	0.00143	0	0.99857	0
74	V	0.01054	0	0.98946	0
75	V	0.19602	0	0.80398	0
76	T	0.98810	0	0.01190	0
77	C	0.99115	0	0.00885	0
78	R	0.99976	0	0.00024	0
79	S	0.99997	0	0.00003	0
80	L	0.99999	0	0.00001	0
81	R	1.00000	0	0.00000	0
82	A	0.99998	0	0.00002	0
83	V	0.99876	0	0.00124	0
84	A	0.99659	0	0.00341	0
85	S	0.91391	0	0.08609	0
86	M	0.45278	0	0.54722	0
87	Y	0.32000	0	0.68000	0
88	V	0.10943	0	0.89057	0
89	Y	0.00148	0	0.99852	0
90	V	0.00015	0	0.99985	0
91	V	0.00000	0	1.00000	0
92	N	0.00000	0	1.00000	0
93	L	0.00000	0	1.00000	0
94	A	0.00000	0	1.00000	0
95	L	0.00000	0	1.00000	0
96	A	0.00000	0	1.00000	0
97	D	0.00000	0	1.00000	0
98	L	0.00000	0	1.00000	0
99	L	0.00000	0	1.00000	0
100	Y	0.00000	0	1.00000	0
101	L	0.00000	0	1.00000	0
102	L	0.00000	0	1.00000	0
103	S	0.00000	0	1.00000	0
104	I	0.00000	1e-05	0.99999	0
105	P	0.00000	0.00012	0.99988	0
106	F	0.00000	0.00058	0.99942	0
107	I	0.00000	0.00544	0.99456	0
108	V	0.00000	0.0432	0.95680	0
109	A	0.00000	0.58921	0.41079	0
110	T	0.00000	0.9998	0.00020	0
111	Y	0.00000	0.99995	0.00005	0
112	V	0.00000	0.99997	0.00003	0
113	T	0.00000	1	0.00000	0
114	K	0.00000	1	0.00000	0
115	E	0.00000	1	0.00000	0
116	W	0.00000	1	0.00000	0
117	H	0.00000	1	0.00000	0
118	F	0.00000	1	0.00000	0
119	G	0.00000	1	0.00000	0
120	D	0.00000	1	0.00000	0
121	V	0.00000	0.99999	0.00001	0
122	G	0.00000	0.99998	0.00002	0
123	C	0.00000	0.99988	0.00012	0
124	R	0.00000	0.99739	0.00261	0
125	V	0.00000	0.99287	0.00713	0
126	L	0.00000	0.47694	0.52306	0
127	F	0.00000	0.08943	0.91057	0
128	G	0.00000	0.03476	0.96524	0
129	L	0.00000	0.01697	0.98303	0
130	D	0.00000	0.01571	0.98429	0
131	F	0.00000	0.00029	0.99971	0
132	L	0.00000	0	1.00000	0
133	T	0.00000	0	1.00000	0
134	M	0.00000	0	1.00000	0
135	H	0.00000	0	1.00000	0
136	A	0.00000	0	1.00000	0
137	S	0.00000	0	1.00000	0
138	I	0.00000	0	1.00000	0
139	F	0.00000	0	1.00000	0
140	T	0.00000	0	1.00000	0
141	L	0.00000	0	1.00000	0
142	T	0.00000	0	1.00000	0
143	V	0.00000	0	1.00000	0
144	M	0.00000	0	1.00000	0
145	S	0.00000	0	1.00000	0
146	S	0.00000	0	1.00000	0
147	E	0.00003	0	0.99997	0
148	R	0.01334	0	0.98666	0
149	Y	0.06467	0	0.93533	0
150	A	0.88246	0	0.11754	0
151	A	0.95296	0	0.04704	0
152	V	0.99989	0	0.00011	0
153	L	1.00000	0	0.00000	0
154	R	1.00000	0	0.00000	0
155	P	1.00000	0	0.00000	0
156	L	1.00000	0	0.00000	0
157	D	1.00000	0	0.00000	0
158	T	1.00000	0	0.00000	0
159	V	1.00000	0	0.00000	0
160	Q	1.00000	0	0.00000	0
161	R	1.00000	0	0.00000	0
162	P	1.00000	0	0.00000	0
163	K	1.00000	0	0.00000	0
164	G	0.99989	0	0.00011	0
165	Y	0.99779	0	0.00221	0
166	R	0.99499	0	0.00501	0
167	K	0.94379	0	0.05621	0
168	L	0.03152	0	0.96848	0
169	L	0.00385	0	0.99615	0
170	A	0.00062	0	0.99938	0
171	L	0.00001	0	0.99999	0
172	G	0.00000	0	1.00000	0
173	T	0.00000	0	1.00000	0
174	W	0.00000	0	1.00000	0
175	L	0.00000	0	1.00000	0
176	L	0.00000	0	1.00000	0
177	A	0.00000	0	1.00000	0
178	L	0.00000	0	1.00000	0
179	L	0.00000	0	1.00000	0
180	L	0.00000	0	1.00000	0
181	T	0.00000	0	1.00000	0
182	L	0.00000	0	1.00000	0
183	P	0.00000	0	1.00000	0
184	V	0.00000	0	1.00000	0
185	M	0.00000	1e-05	0.99999	0
186	L	0.00000	0.00012	0.99988	0
187	A	0.00000	0.00223	0.99777	0
188	M	0.00000	0.0317	0.96830	0
189	R	0.00000	0.85621	0.14379	0
190	L	0.00000	0.90248	0.09752	0
191	V	0.00000	0.96004	0.03996	0
192	R	0.00000	0.99972	0.00028	0
193	R	0.00000	1	0.00000	0
194	G	0.00000	1	0.00000	0
195	P	0.00000	1	0.00000	0
196	K	0.00000	1	0.00000	0
197	S	0.00000	1	0.00000	0
198	L	0.00000	1	0.00000	0
199	C	0.00000	1	0.00000	0
200	L	0.00000	1	0.00000	0
201	P	0.00000	1	0.00000	0
202	A	0.00000	1	0.00000	0
203	W	0.00000	1	0.00000	0
204	G	0.00000	0.99997	0.00003	0
205	P	0.00000	0.99994	0.00006	0
206	R	0.00000	0.9988	0.00120	0
207	A	0.00000	0.99073	0.00927	0
208	H	0.00000	0.95519	0.04481	0
209	R	0.00000	0.94036	0.05964	0
210	A	0.00000	0.6939	0.30610	0
211	Y	0.00000	0.52267	0.47733	0
212	L	0.00000	0.21261	0.78739	0
213	T	0.00000	0.14848	0.85152	0
214	L	0.00000	0.00019	0.99981	0
215	L	0.00000	2e-05	0.99998	0
216	F	0.00000	0	1.00000	0
217	A	0.00000	0	1.00000	0
218	T	0.00000	0	1.00000	0
219	S	0.00000	0	1.00000	0
220	I	0.00000	0	1.00000	0
221	A	0.00000	0	1.00000	0
222	G	0.00000	0	1.00000	0
223	P	0.00000	0	1.00000	0
224	G	0.00000	0	1.00000	0
225	L	0.00000	0	1.00000	0
226	L	0.00000	0	1.00000	0
227	I	0.00000	0	1.00000	0
228	G	0.00000	0	1.00000	0
229	L	0.00001	0	0.99999	0
230	L	0.00029	0	0.99971	0
231	Y	0.00368	0	0.99632	0
232	A	0.06980	0	0.93020	0
233	R	0.21206	0	0.78794	0
234	L	0.25212	0	0.74788	0
235	A	0.54386	0	0.45614	0
236	R	0.98393	0	0.01607	0
237	A	0.99159	0	0.00841	0
238	Y	0.99940	0	0.00060	0
239	R	0.99998	0	0.00002	0
240	R	1.00000	0	0.00000	0
241	S	1.00000	0	0.00000	0
242	Q	1.00000	0	0.00000	0
243	R	1.00000	0	0.00000	0
244	A	1.00000	0	0.00000	0
245	S	1.00000	0	0.00000	0
246	F	1.00000	0	0.00000	0
247	K	1.00000	0	0.00000	0
248	R	1.00000	0	0.00000	0
249	A	1.00000	0	0.00000	0
250	R	1.00000	0	0.00000	0
251	R	1.00000	0	0.00000	0
252	P	1.00000	0	0.00000	0
253	G	0.99891	0	0.00109	0
254	A	0.99846	0	0.00154	0
255	R	0.95917	0	0.04083	0
256	A	0.95514	0	0.04486	0
257	L	0.10870	0	0.89130	0
258	R	0.10762	0	0.89238	0
259	L	0.00033	0	0.99967	0
260	V	0.00008	0	0.99992	0
261	L	0.00003	0	0.99997	0
262	G	0.00002	0	0.99998	0
263	I	0.00000	0	1.00000	0
264	V	0.00000	0	1.00000	0
265	L	0.00000	0	1.00000	0
266	L	0.00000	0	1.00000	0
267	F	0.00000	0	1.00000	0
268	W	0.00000	0	1.00000	0
269	A	0.00000	0	1.00000	0
270	C	0.00000	0	1.00000	0
271	F	0.00000	0	1.00000	0
272	L	0.00000	0	1.00000	0
273	P	0.00000	0	1.00000	0
274	F	0.00000	0	1.00000	0
275	W	0.00000	1e-05	0.99999	0
276	L	0.00000	0.0002	0.99980	0
277	W	0.00000	0.0032	0.99680	0
278	Q	0.00000	0.0136	0.98640	0
279	L	0.00000	0.02146	0.97854	0
280	L	0.00000	0.07037	0.92963	0
281	A	0.00000	0.32714	0.67286	0
282	Q	0.00000	0.89528	0.10472	0
283	Y	0.00000	0.96866	0.03134	0
284	H	0.00000	0.99431	0.00569	0
285	Q	0.00000	0.99925	0.00075	0
286	A	0.00000	0.99966	0.00034	0
287	P	0.00000	0.99997	0.00003	0
288	L	0.00000	0.99999	0.00001	0
289	A	0.00000	1	0.00000	0
290	P	0.00000	0.99996	0.00004	0
291	R	0.00000	0.99897	0.00103	0
292	T	0.00000	0.97976	0.02024	0
293	A	0.00000	0.9321	0.06790	0
294	R	0.00000	0.85836	0.14164	0
295	I	0.00000	0.28902	0.71098	0
296	V	0.00000	0.06843	0.93157	0
297	N	0.00000	0.01979	0.98021	0
298	Y	0.00000	0.008	0.99200	0
299	L	0.00000	0.00037	0.99963	0
300	T	0.00000	5e-05	0.99995	0
301	T	0.00000	0	1.00000	0
302	C	0.00000	0	1.00000	0
303	L	0.00000	0	1.00000	0
304	T	0.00000	0	1.00000	0
305	Y	0.00000	0	1.00000	0
306	G	0.00000	0	1.00000	0
307	N	0.00000	0	1.00000	0
308	S	0.00000	0	1.00000	0
309	C	0.00000	0	1.00000	0
310	A	0.00000	0	1.00000	0
311	N	0.00000	0	1.00000	0
312	P	0.00001	0	0.99999	0
313	F	0.00007	0	0.99993	0
314	L	0.00078	0	0.99922	0
315	Y	0.00483	0	0.99517	0
316	T	0.04894	0	0.95106	0
317	L	0.31691	0	0.68309	0
318	L	0.90723	0	0.09277	0
319	T	0.98463	0	0.01537	0
320	R	1.00000	0	0.00000	0
321	N	1.00000	0	0.00000	0
322	Y	1.00000	0	0.00000	0
323	R	1.00000	0	0.00000	0
324	D	1.00000	0	0.00000	0
325	H	1.00000	0	0.00000	0
326	L	1.00000	0	0.00000	0
327	R	1.00000	0	0.00000	0
328	G	1.00000	0	0.00000	0
329	R	1.00000	0	0.00000	0
330	V	1.00000	0	0.00000	0
331	R	1.00000	0	0.00000	0
332	G	1.00000	0	0.00000	0
333	P	1.00000	0	0.00000	0
334	G	1.00000	0	0.00000	0
335	S	1.00000	0	0.00000	0
336	G	1.00000	0	0.00000	0
337	G	1.00000	0	0.00000	0
338	G	1.00000	0	0.00000	0
339	R	1.00000	0	0.00000	0
340	G	1.00000	0	0.00000	0
341	P	1.00000	0	0.00000	0
342	V	1.00000	0	0.00000	0
343	P	1.00000	0	0.00000	0
344	S	1.00000	0	0.00000	0
345	L	1.00000	0	0.00000	0
346	Q	1.00000	0	0.00000	0
347	P	1.00000	0	0.00000	0
348	R	1.00000	0	0.00000	0
349	A	1.00000	0	0.00000	0
350	R	1.00000	0	0.00000	0
351	F	1.00000	0	0.00000	0
352	Q	1.00000	0	0.00000	0
353	R	1.00000	0	0.00000	0
354	C	1.00000	0	0.00000	0
355	S	1.00000	0	0.00000	0
356	G	1.00000	0	0.00000	0
357	R	1.00000	0	0.00000	0
358	S	1.00000	0	0.00000	0
359	L	1.00000	0	0.00000	0
360	S	1.00000	0	0.00000	0
361	S	1.00000	0	0.00000	0
362	C	1.00000	0	0.00000	0
363	S	1.00000	0	0.00000	0
364	P	1.00000	0	0.00000	0
365	Q	1.00000	0	0.00000	0
366	P	1.00000	0	0.00000	0
367	T	1.00000	0	0.00000	0
368	D	1.00000	0	0.00000	0
369	S	1.00000	0	0.00000	0
370	L	1.00000	0	0.00000	0
371	V	1.00000	0	0.00000	0
372	L	1.00000	0	0.00000	0
373	A	1.00000	0	0.00000	0
374	P	1.00000	0	0.00000	0
375	A	1.00000	0	0.00000	0
376	A	1.00000	0	0.00000	0
377	P	1.00000	0	0.00000	0
378	A	1.00000	0	0.00000	0
379	R	1.00000	0	0.00000	0
380	P	1.00000	0	0.00000	0
381	A	1.00000	0	0.00000	0
382	P	1.00000	0	0.00000	0
383	E	1.00000	0	0.00000	0
384	G	1.00000	0	0.00000	0
385	P	1.00000	0	0.00000	0
386	R	1.00000	0	0.00000	0
387	A	1.00000	0	0.00000	0
388	P	1.00000	0	0.00000	0
389	A	1.00000	0	0.00000	0
