# UNNAMED
#pos	aa	i	o	M	S
1	M	0.00000	1	0.00000	0
2	N	0.00000	1	0.00000	0
3	P	0.00000	1	0.00000	0
4	D	0.00000	1	0.00000	0
5	L	0.00000	1	0.00000	0
6	D	0.00000	1	0.00000	0
7	T	0.00000	1	0.00000	0
8	G	0.00000	1	0.00000	0
9	H	0.00000	1	0.00000	0
10	N	0.00000	1	0.00000	0
11	T	0.00000	1	0.00000	0
12	S	0.00000	1	0.00000	0
13	A	0.00000	1	0.00000	0
14	P	0.00000	1	0.00000	0
15	A	0.00000	1	0.00000	0
16	H	0.00000	1	0.00000	0
17	W	0.00000	1	0.00000	0
18	G	0.00000	1	0.00000	0
19	E	0.00000	1	0.00000	0
20	L	0.00000	1	0.00000	0
21	K	0.00000	1	0.00000	0
22	N	0.00000	1	0.00000	0
23	A	0.00000	1	0.00000	0
24	N	0.00000	1	0.00000	0
25	F	0.00000	1	0.00000	0
26	T	0.00000	1	0.00000	0
27	G	0.00000	1	0.00000	0
28	P	0.00000	1	0.00000	0
29	N	0.00000	1	0.00000	0
30	Q	0.00000	1	0.00000	0
31	T	0.00000	1	0.00000	0
32	S	0.00000	1	0.00000	0
33	S	0.00000	1	0.00000	0
34	N	0.00000	1	0.00000	0
35	S	0.00000	1	0.00000	0
36	T	0.00000	1	0.00000	0
37	L	0.00000	1	0.00000	0
38	P	0.00000	1	0.00000	0
39	Q	0.00000	1	0.00000	0
40	L	0.00000	1	0.00000	0
41	D	0.00000	1	0.00000	0
42	I	0.00000	0.90272	0.09728	0
43	T	0.00000	0.89271	0.10729	0
44	R	0.00000	0.87758	0.12242	0
45	A	0.00000	0.53322	0.46678	0
46	I	0.00000	0.27101	0.72899	0
47	S	0.00000	0.21801	0.78199	0
48	V	0.00000	0.08318	0.91682	0
49	G	0.00000	0.06279	0.93721	0
50	L	0.00000	0.03446	0.96554	0
51	V	0.00000	0.0123	0.98770	0
52	L	0.00000	0.00292	0.99708	0
53	G	0.00000	0.00138	0.99862	0
54	A	0.00000	0.00013	0.99987	0
55	F	0.00000	1e-05	0.99999	0
56	I	0.00000	0	1.00000	0
57	L	0.00000	0	1.00000	0
58	F	0.00000	0	1.00000	0
59	A	0.00000	0	1.00000	0
60	I	0.00000	0	1.00000	0
61	V	0.00000	0	1.00000	0
62	G	0.00000	0	1.00000	0
63	N	0.00000	0	1.00000	0
64	I	0.00000	0	1.00000	0
65	L	0.00000	0	1.00000	0
66	V	0.00001	0	0.99999	0
67	I	0.00014	0	0.99986	0
68	L	0.01128	0	0.98872	0
69	S	0.34764	0	0.65236	0
70	V	0.40573	0	0.59427	0
71	A	0.60349	0	0.39651	0
72	C	0.81169	0	0.18831	0
73	N	0.99016	0	0.00984	0
74	R	0.99927	0	0.00073	0
75	H	0.99981	0	0.00019	0
76	L	0.99991	0	0.00009	0
77	R	1.00000	0	0.00000	0
78	T	1.00000	0	0.00000	0
79	P	1.00000	0	0.00000	0
80	T	0.95479	0	0.04521	0
81	N	0.75797	0	0.24203	0
82	Y	0.20286	0	0.79714	0
83	F	0.00179	0	0.99821	0
84	I	0.00011	0	0.99989	0
85	V	0.00000	0	1.00000	0
86	N	0.00000	0	1.00000	0
87	L	0.00000	0	1.00000	0
88	A	0.00000	0	1.00000	0
89	M	0.00000	0	1.00000	0
90	A	0.00000	0	1.00000	0
91	D	0.00000	0	1.00000	0
92	L	0.00000	0	1.00000	0
93	L	0.00000	0	1.00000	0
94	L	0.00000	0	1.00000	0
95	S	0.00000	0	1.00000	0
96	F	0.00000	0	1.00000	0
97	T	0.00000	0	1.00000	0
98	V	0.00000	0	1.00000	0
99	L	0.00000	3e-05	0.99997	0
100	P	0.00000	0.00111	0.99889	0
101	F	0.00000	0.0403	0.95970	0
102	S	0.00000	0.33244	0.66756	0
103	A	0.00000	0.48182	0.51818	0
104	A	0.00000	0.66252	0.33748	0
105	L	0.00000	0.99808	0.00192	0
106	E	0.00000	0.99886	0.00114	0
107	V	0.00000	0.99888	0.00112	0
108	L	0.00000	0.99908	0.00092	0
109	G	0.00000	0.99959	0.00041	0
110	Y	0.00000	0.9999	0.00010	0
111	W	0.00000	0.99996	0.00004	0
112	V	0.00000	0.99999	0.00001	0
113	L	0.00000	1	0.00000	0
114	G	0.00000	1	0.00000	0
115	R	0.00000	1	0.00000	0
116	I	0.00000	0.99996	0.00004	0
117	F	0.00000	0.99996	0.00004	0
118	C	0.00000	0.99995	0.00005	0
119	D	0.00000	0.99992	0.00008	0
120	I	0.00000	0.99913	0.00087	0
121	W	0.00000	0.91543	0.08457	0
122	A	0.00000	0.36447	0.63553	0
123	A	0.00000	0.01362	0.98638	0
124	V	0.00000	0.00018	0.99982	0
125	D	0.00000	5e-05	0.99995	0
126	V	0.00000	0	1.00000	0
127	L	0.00000	0	1.00000	0
128	C	0.00000	0	1.00000	0
129	C	0.00000	0	1.00000	0
130	T	0.00000	0	1.00000	0
131	A	0.00000	0	1.00000	0
132	S	0.00000	0	1.00000	0
133	I	0.00000	0	1.00000	0
134	L	0.00000	0	1.00000	0
135	S	0.00000	0	1.00000	0
136	L	0.00000	0	1.00000	0
137	C	0.00000	0	1.00000	0
138	A	0.00000	0	1.00000	0
139	I	0.00000	0	1.00000	0
140	S	0.00000	0	1.00000	0
141	I	0.00000	0	1.00000	0
142	D	0.00001	0	0.99999	0
143	R	0.01372	0	0.98628	0
144	Y	0.14405	0	0.85595	0
145	I	0.45053	0	0.54947	0
146	G	0.92697	0	0.07303	0
147	V	0.99999	0	0.00001	0
148	R	1.00000	0	0.00000	0
149	Y	1.00000	0	0.00000	0
150	S	1.00000	0	0.00000	0
151	L	1.00000	0	0.00000	0
152	Q	1.00000	0	0.00000	0
153	Y	1.00000	0	0.00000	0
154	P	1.00000	0	0.00000	0
155	T	1.00000	0	0.00000	0
156	L	1.00000	0	0.00000	0
157	V	1.00000	0	0.00000	0
158	T	1.00000	0	0.00000	0
159	R	1.00000	0	0.00000	0
160	R	0.99987	0	0.00013	0
161	K	0.99374	0	0.00626	0
162	A	0.47680	0	0.52320	0
163	I	0.00611	0	0.99389	0
164	L	0.00012	0	0.99988	0
165	A	0.00000	0	1.00000	0
166	L	0.00000	0	1.00000	0
167	L	0.00000	0	1.00000	0
168	S	0.00000	0	1.00000	0
169	V	0.00000	0	1.00000	0
170	W	0.00000	0	1.00000	0
171	V	0.00000	0	1.00000	0
172	L	0.00000	0	1.00000	0
173	S	0.00000	0	1.00000	0
174	T	0.00000	0	1.00000	0
175	V	0.00000	0	1.00000	0
176	I	0.00000	0	1.00000	0
177	S	0.00000	0	1.00000	0
178	I	0.00000	0	1.00000	0
179	G	0.00000	0	1.00000	0
180	P	0.00000	4e-05	0.99996	0
181	L	0.00000	0.00054	0.99946	0
182	L	0.00000	0.0259	0.97410	0
183	G	0.00000	0.49034	0.50966	0
184	W	0.00000	0.691	0.30900	0
185	K	0.00000	0.9973	0.00270	0
186	E	0.00000	0.99998	0.00002	0
187	P	0.00000	1	0.00000	0
188	A	0.00000	1	0.00000	0
189	P	0.00000	1	0.00000	0
190	N	0.00000	1	0.00000	0
191	D	0.00000	1	0.00000	0
192	D	0.00000	1	0.00000	0
193	K	0.00000	1	0.00000	0
194	E	0.00000	1	0.00000	0
195	C	0.00000	1	0.00000	0
196	G	0.00000	1	0.00000	0
197	V	0.00000	1	0.00000	0
198	T	0.00000	1	0.00000	0
199	E	0.00000	1	0.00000	0
200	E	0.00000	0.99997	0.00003	0
201	P	0.00000	0.99535	0.00465	0
202	F	0.00000	0.4177	0.58230	0
203	Y	0.00000	0.22167	0.77833	0
204	A	0.00000	0.21468	0.78532	0
205	L	0.00000	0.01554	0.98446	0
206	F	0.00000	0.00075	0.99925	0
207	S	0.00000	0.00066	0.99934	0
208	S	0.00000	8e-05	0.99992	0
209	L	0.00000	3e-05	0.99997	0
210	G	0.00000	0	1.00000	0
211	S	0.00000	0	1.00000	0
212	F	0.00000	0	1.00000	0
213	Y	0.00000	0	1.00000	0
214	I	0.00000	0	1.00000	0
215	P	0.00000	0	1.00000	0
216	L	0.00000	0	1.00000	0
217	A	0.00000	0	1.00000	0
218	V	0.00000	0	1.00000	0
219	I	0.00000	0	1.00000	0
220	L	0.00000	0	1.00000	0
221	V	0.00000	0	1.00000	0
222	M	0.00000	0	1.00000	0
223	Y	0.00013	0	0.99987	0
224	C	0.00612	0	0.99388	0
225	R	0.07917	0	0.92083	0
226	V	0.08719	0	0.91281	0
227	Y	0.12321	0	0.87679	0
228	I	0.35471	0	0.64529	0
229	V	0.52143	0	0.47857	0
230	A	0.99670	0	0.00330	0
231	K	0.99994	0	0.00006	0
232	R	1.00000	0	0.00000	0
233	T	1.00000	0	0.00000	0
234	T	1.00000	0	0.00000	0
235	K	1.00000	0	0.00000	0
236	N	1.00000	0	0.00000	0
237	L	1.00000	0	0.00000	0
238	E	1.00000	0	0.00000	0
239	A	1.00000	0	0.00000	0
240	G	1.00000	0	0.00000	0
241	V	1.00000	0	0.00000	0
242	M	1.00000	0	0.00000	0
243	K	1.00000	0	0.00000	0
244	E	1.00000	0	0.00000	0
245	M	1.00000	0	0.00000	0
246	S	1.00000	0	0.00000	0
247	N	1.00000	0	0.00000	0
248	S	1.00000	0	0.00000	0
249	K	1.00000	0	0.00000	0
250	E	1.00000	0	0.00000	0
251	L	1.00000	0	0.00000	0
252	T	1.00000	0	0.00000	0
253	L	1.00000	0	0.00000	0
254	R	1.00000	0	0.00000	0
255	I	1.00000	0	0.00000	0
256	H	1.00000	0	0.00000	0
257	S	1.00000	0	0.00000	0
258	K	1.00000	0	0.00000	0
259	N	1.00000	0	0.00000	0
260	F	1.00000	0	0.00000	0
261	H	1.00000	0	0.00000	0
262	E	1.00000	0	0.00000	0
263	D	1.00000	0	0.00000	0
264	T	1.00000	0	0.00000	0
265	L	1.00000	0	0.00000	0
266	S	1.00000	0	0.00000	0
267	S	1.00000	0	0.00000	0
268	T	1.00000	0	0.00000	0
269	K	1.00000	0	0.00000	0
270	A	1.00000	0	0.00000	0
271	K	1.00000	0	0.00000	0
272	G	1.00000	0	0.00000	0
273	H	1.00000	0	0.00000	0
274	N	1.00000	0	0.00000	0
275	P	1.00000	0	0.00000	0
276	R	1.00000	0	0.00000	0
277	S	1.00000	0	0.00000	0
278	S	1.00000	0	0.00000	0
279	I	1.00000	0	0.00000	0
280	A	1.00000	0	0.00000	0
281	V	1.00000	0	0.00000	0
282	K	1.00000	0	0.00000	0
283	L	1.00000	0	0.00000	0
284	F	1.00000	0	0.00000	0
285	K	1.00000	0	0.00000	0
286	F	1.00000	0	0.00000	0
287	S	1.00000	0	0.00000	0
288	R	1.00000	0	0.00000	0
289	E	1.00000	0	0.00000	0
290	K	0.99126	0	0.00874	0
291	K	0.99079	0	0.00921	0
292	A	0.67869	0	0.32131	0
293	A	0.67725	0	0.32275	0
294	K	0.64479	0	0.35521	0
295	T	0.54899	0	0.45101	0
296	L	0.02851	0	0.97149	0
297	G	0.00632	0	0.99368	0
298	I	0.00119	0	0.99881	0
299	V	0.00085	0	0.99915	0
300	V	0.00081	0	0.99919	0
301	G	0.00005	0	0.99995	0
302	M	0.00000	0	1.00000	0
303	F	0.00000	0	1.00000	0
304	I	0.00000	0	1.00000	0
305	L	0.00000	0	1.00000	0
306	C	0.00000	0	1.00000	0
307	W	0.00000	0	1.00000	0
308	L	0.00000	0	1.00000	0
309	P	0.00000	0	1.00000	0
310	F	0.00000	0	1.00000	0
311	F	0.00000	0	1.00000	0
312	I	0.00000	8e-05	0.99992	0
313	A	0.00000	0.00104	0.99896	0
314	L	0.00000	0.00635	0.99365	0
315	P	0.00000	0.08524	0.91476	0
316	L	0.00000	0.11242	0.88758	0
317	G	0.00000	0.22627	0.77373	0
318	S	0.00000	0.26473	0.73527	0
319	L	0.00000	0.27616	0.72384	0
320	F	0.00000	0.31736	0.68264	0
321	S	0.00000	0.63011	0.36989	0
322	T	0.00000	0.72436	0.27564	0
323	L	0.00000	0.79012	0.20988	0
324	K	0.00000	0.99872	0.00128	0
325	P	0.00000	0.99985	0.00015	0
326	P	0.00000	0.99998	0.00002	0
327	D	0.00000	0.99983	0.00017	0
328	A	0.00000	0.98458	0.01542	0
329	V	0.00000	0.95654	0.04346	0
330	F	0.00000	0.94919	0.05081	0
331	K	0.00000	0.77665	0.22335	0
332	V	0.00000	0.00673	0.99327	0
333	V	0.00000	0.00026	0.99974	0
334	F	0.00000	0	1.00000	0
335	W	0.00000	0	1.00000	0
336	L	0.00000	0	1.00000	0
337	G	0.00000	0	1.00000	0
338	Y	0.00000	0	1.00000	0
339	F	0.00000	0	1.00000	0
340	N	0.00000	0	1.00000	0
341	S	0.00000	0	1.00000	0
342	C	0.00000	0	1.00000	0
343	L	0.00000	0	1.00000	0
344	N	0.00000	0	1.00000	0
345	P	0.00000	0	1.00000	0
346	I	0.00000	0	1.00000	0
347	I	0.00000	0	1.00000	0
348	Y	0.00009	0	0.99991	0
349	P	0.00094	0	0.99906	0
350	C	0.00376	0	0.99624	0
351	S	0.16496	0	0.83504	0
352	S	0.36352	0	0.63648	0
353	K	1.00000	0	0.00000	0
354	E	1.00000	0	0.00000	0
355	F	1.00000	0	0.00000	0
356	K	1.00000	0	0.00000	0
357	R	1.00000	0	0.00000	0
358	A	1.00000	0	0.00000	0
359	F	1.00000	0	0.00000	0
360	V	1.00000	0	0.00000	0
361	R	1.00000	0	0.00000	0
362	I	1.00000	0	0.00000	0
363	L	1.00000	0	0.00000	0
364	G	1.00000	0	0.00000	0
365	C	1.00000	0	0.00000	0
366	Q	1.00000	0	0.00000	0
367	C	1.00000	0	0.00000	0
368	R	1.00000	0	0.00000	0
369	G	1.00000	0	0.00000	0
370	R	1.00000	0	0.00000	0
371	G	1.00000	0	0.00000	0
372	R	1.00000	0	0.00000	0
373	R	1.00000	0	0.00000	0
374	R	1.00000	0	0.00000	0
375	R	1.00000	0	0.00000	0
376	R	1.00000	0	0.00000	0
377	R	1.00000	0	0.00000	0
378	R	1.00000	0	0.00000	0
379	R	1.00000	0	0.00000	0
380	R	1.00000	0	0.00000	0
381	L	1.00000	0	0.00000	0
382	G	1.00000	0	0.00000	0
383	G	1.00000	0	0.00000	0
384	C	1.00000	0	0.00000	0
385	A	1.00000	0	0.00000	0
386	Y	1.00000	0	0.00000	0
387	T	1.00000	0	0.00000	0
388	Y	1.00000	0	0.00000	0
389	R	1.00000	0	0.00000	0
390	P	1.00000	0	0.00000	0
391	W	1.00000	0	0.00000	0
392	T	1.00000	0	0.00000	0
393	R	1.00000	0	0.00000	0
394	G	1.00000	0	0.00000	0
395	G	1.00000	0	0.00000	0
396	S	1.00000	0	0.00000	0
397	L	1.00000	0	0.00000	0
398	E	1.00000	0	0.00000	0
399	R	1.00000	0	0.00000	0
400	S	1.00000	0	0.00000	0
401	Q	1.00000	0	0.00000	0
402	S	1.00000	0	0.00000	0
403	R	1.00000	0	0.00000	0
404	K	1.00000	0	0.00000	0
405	D	1.00000	0	0.00000	0
406	S	1.00000	0	0.00000	0
407	L	1.00000	0	0.00000	0
408	D	1.00000	0	0.00000	0
409	D	1.00000	0	0.00000	0
410	S	1.00000	0	0.00000	0
411	G	1.00000	0	0.00000	0
412	S	1.00000	0	0.00000	0
413	C	1.00000	0	0.00000	0
414	L	1.00000	0	0.00000	0
415	S	1.00000	0	0.00000	0
416	G	1.00000	0	0.00000	0
417	S	1.00000	0	0.00000	0
418	Q	1.00000	0	0.00000	0
419	R	1.00000	0	0.00000	0
420	T	1.00000	0	0.00000	0
421	L	1.00000	0	0.00000	0
422	P	1.00000	0	0.00000	0
423	S	1.00000	0	0.00000	0
424	A	1.00000	0	0.00000	0
425	S	1.00000	0	0.00000	0
426	P	1.00000	0	0.00000	0
427	S	1.00000	0	0.00000	0
428	P	1.00000	0	0.00000	0
429	G	1.00000	0	0.00000	0
430	Y	1.00000	0	0.00000	0
431	L	1.00000	0	0.00000	0
432	G	1.00000	0	0.00000	0
433	R	1.00000	0	0.00000	0
434	G	1.00000	0	0.00000	0
435	A	1.00000	0	0.00000	0
436	P	1.00000	0	0.00000	0
437	P	1.00000	0	0.00000	0
438	P	1.00000	0	0.00000	0
439	V	1.00000	0	0.00000	0
440	E	1.00000	0	0.00000	0
441	L	1.00000	0	0.00000	0
442	C	1.00000	0	0.00000	0
443	A	1.00000	0	0.00000	0
444	F	1.00000	0	0.00000	0
445	P	1.00000	0	0.00000	0
446	E	1.00000	0	0.00000	0
447	W	1.00000	0	0.00000	0
448	K	1.00000	0	0.00000	0
449	A	1.00000	0	0.00000	0
450	P	1.00000	0	0.00000	0
451	G	1.00000	0	0.00000	0
452	A	1.00000	0	0.00000	0
453	L	1.00000	0	0.00000	0
454	L	1.00000	0	0.00000	0
455	S	1.00000	0	0.00000	0
456	L	1.00000	0	0.00000	0
457	P	1.00000	0	0.00000	0
458	A	1.00000	0	0.00000	0
459	P	1.00000	0	0.00000	0
460	E	1.00000	0	0.00000	0
461	P	1.00000	0	0.00000	0
462	P	1.00000	0	0.00000	0
463	G	1.00000	0	0.00000	0
464	R	1.00000	0	0.00000	0
465	R	1.00000	0	0.00000	0
466	G	1.00000	0	0.00000	0
467	R	1.00000	0	0.00000	0
468	H	1.00000	0	0.00000	0
469	D	1.00000	0	0.00000	0
470	S	1.00000	0	0.00000	0
471	G	1.00000	0	0.00000	0
472	P	1.00000	0	0.00000	0
473	L	1.00000	0	0.00000	0
474	F	1.00000	0	0.00000	0
475	T	1.00000	0	0.00000	0
476	F	1.00000	0	0.00000	0
477	K	1.00000	0	0.00000	0
478	L	1.00000	0	0.00000	0
479	L	1.00000	0	0.00000	0
480	T	1.00000	0	0.00000	0
481	E	1.00000	0	0.00000	0
482	P	1.00000	0	0.00000	0
483	E	1.00000	0	0.00000	0
484	S	1.00000	0	0.00000	0
485	P	1.00000	0	0.00000	0
486	G	1.00000	0	0.00000	0
487	T	1.00000	0	0.00000	0
488	D	1.00000	0	0.00000	0
489	G	1.00000	0	0.00000	0
490	G	1.00000	0	0.00000	0
491	A	1.00000	0	0.00000	0
492	S	1.00000	0	0.00000	0
493	N	1.00000	0	0.00000	0
494	G	1.00000	0	0.00000	0
495	G	1.00000	0	0.00000	0
496	C	1.00000	0	0.00000	0
497	E	1.00000	0	0.00000	0
498	A	1.00000	0	0.00000	0
499	A	1.00000	0	0.00000	0
500	A	1.00000	0	0.00000	0
501	D	1.00000	0	0.00000	0
502	V	1.00000	0	0.00000	0
503	A	1.00000	0	0.00000	0
504	N	1.00000	0	0.00000	0
505	G	1.00000	0	0.00000	0
506	Q	1.00000	0	0.00000	0
507	P	1.00000	0	0.00000	0
508	G	1.00000	0	0.00000	0
509	F	1.00000	0	0.00000	0
510	K	1.00000	0	0.00000	0
511	S	1.00000	0	0.00000	0
512	N	1.00000	0	0.00000	0
513	M	1.00000	0	0.00000	0
514	P	1.00000	0	0.00000	0
515	L	1.00000	0	0.00000	0
516	A	1.00000	0	0.00000	0
517	P	1.00000	0	0.00000	0
518	G	1.00000	0	0.00000	0
519	Q	1.00000	0	0.00000	0
520	F	1.00000	0	0.00000	0
