# UNNAMED
#pos	aa	i	o	M	S
1	M	0.00000	1	0.00000	0
2	A	0.00000	1	0.00000	0
3	G	0.00000	1	0.00000	0
4	N	0.00000	1	0.00000	0
5	C	0.00000	1	0.00000	0
6	S	0.00000	1	0.00000	0
7	W	0.00000	1	0.00000	0
8	E	0.00000	1	0.00000	0
9	A	0.00000	1	0.00000	0
10	H	0.00000	1	0.00000	0
11	P	0.00000	1	0.00000	0
12	G	0.00000	1	0.00000	0
13	N	0.00000	1	0.00000	0
14	R	0.00000	1	0.00000	0
15	N	0.00000	1	0.00000	0
16	K	0.00000	1	0.00000	0
17	M	0.00000	1	0.00000	0
18	C	0.00000	1	0.00000	0
19	P	0.00000	1	0.00000	0
20	G	0.00000	1	0.00000	0
21	L	0.00000	1	0.00000	0
22	S	0.00000	1	0.00000	0
23	E	0.00000	1	0.00000	0
24	A	0.00000	1	0.00000	0
25	P	0.00000	1	0.00000	0
26	E	0.00000	1	0.00000	0
27	L	0.00000	1	0.00000	0
28	Y	0.00000	1	0.00000	0
29	S	0.00000	1	0.00000	0
30	R	0.00000	1	0.00000	0
31	G	0.00000	1	0.00000	0
32	F	0.00000	1	0.00000	0
33	L	0.00000	1	0.00000	0
34	T	0.00000	1	0.00000	0
35	I	0.00000	1	0.00000	0
36	E	0.00000	1	0.00000	0
37	Q	0.00000	1	0.00000	0
38	I	0.00000	1	0.00000	0
39	A	0.00000	1	0.00000	0
40	M	0.00000	0.99999	0.00001	0
41	L	0.00000	0.99997	0.00003	0
42	P	0.00000	0.99993	0.00007	0
43	P	0.00000	0.99981	0.00019	0
44	P	0.00000	0.99976	0.00024	0
45	A	0.00000	0.98875	0.01125	0
46	V	0.00000	0.96198	0.03802	0
47	M	0.00000	0.94119	0.05881	0
48	N	0.00000	0.89027	0.10973	0
49	Y	0.00000	0.11467	0.88533	0
50	I	0.00000	0.00133	0.99867	0
51	F	0.00000	9e-05	0.99991	0
52	L	0.00000	0	1.00000	0
53	L	0.00000	0	1.00000	0
54	L	0.00000	0	1.00000	0
55	C	0.00000	0	1.00000	0
56	L	0.00000	0	1.00000	0
57	C	0.00000	0	1.00000	0
58	G	0.00000	0	1.00000	0
59	L	0.00000	0	1.00000	0
60	V	0.00000	0	1.00000	0
61	G	0.00000	0	1.00000	0
62	N	0.00000	0	1.00000	0
63	G	0.00000	0	1.00000	0
64	L	0.00000	0	1.00000	0
65	V	0.00000	0	1.00000	0
66	L	0.00000	0	1.00000	0
67	W	0.00001	0	0.99999	0
68	F	0.00018	0	0.99982	0
69	F	0.01637	0	0.98363	0
70	G	0.25906	0	0.74094	0
71	F	0.37717	0	0.62283	0
72	S	0.99710	0	0.00290	0
73	I	0.99815	0	0.00185	0
74	K	0.99999	0	0.00001	0
75	R	1.00000	0	0.00000	0
76	N	1.00000	0	0.00000	0
77	P	1.00000	0	0.00000	0
78	F	0.99100	0	0.00900	0
79	S	0.98667	0	0.01333	0
80	I	0.11977	0	0.88023	0
81	Y	0.00526	0	0.99474	0
82	F	0.00010	0	0.99990	0
83	L	0.00000	0	1.00000	0
84	H	0.00000	0	1.00000	0
85	L	0.00000	0	1.00000	0
86	A	0.00000	0	1.00000	0
87	S	0.00000	0	1.00000	0
88	A	0.00000	0	1.00000	0
89	D	0.00000	0	1.00000	0
90	V	0.00000	0	1.00000	0
91	G	0.00000	0	1.00000	0
92	Y	0.00000	0	1.00000	0
93	L	0.00000	0	1.00000	0
94	F	0.00000	0	1.00000	0
95	S	0.00000	0	1.00000	0
96	K	0.00000	2e-05	0.99998	0
97	A	0.00000	5e-05	0.99995	0
98	V	0.00000	0.00052	0.99948	0
99	F	0.00000	0.01822	0.98178	0
100	S	0.00000	0.1906	0.80940	0
101	I	0.00000	0.50359	0.49641	0
102	L	0.00000	0.57611	0.42389	0
103	N	0.00000	0.95788	0.04212	0
104	T	0.00000	0.97662	0.02338	0
105	G	0.00000	0.98034	0.01966	0
106	G	0.00000	0.98771	0.01229	0
107	F	0.00000	0.98937	0.01063	0
108	L	0.00000	0.99264	0.00736	0
109	G	0.00000	0.9987	0.00130	0
110	T	0.00000	0.99999	0.00001	0
111	F	0.00000	1	0.00000	0
112	A	0.00000	1	0.00000	0
113	D	0.00000	1	0.00000	0
114	Y	0.00000	0.99994	0.00006	0
115	I	0.00000	0.99993	0.00007	0
116	R	0.00000	0.99215	0.00785	0
117	S	0.00000	0.94486	0.05514	0
118	V	0.00000	0.70964	0.29036	0
119	C	0.00000	0.62136	0.37864	0
120	R	0.00000	0.02509	0.97491	0
121	V	0.00000	0.00158	0.99842	0
122	L	0.00000	0.00023	0.99977	0
123	G	0.00000	5e-05	0.99995	0
124	L	0.00000	0	1.00000	0
125	C	0.00000	0	1.00000	0
126	M	0.00000	0	1.00000	0
127	F	0.00000	0	1.00000	0
128	L	0.00000	0	1.00000	0
129	T	0.00000	0	1.00000	0
130	G	0.00000	0	1.00000	0
131	V	0.00000	0	1.00000	0
132	S	0.00000	0	1.00000	0
133	L	0.00000	0	1.00000	0
134	L	0.00000	0	1.00000	0
135	P	0.00000	0	1.00000	0
136	A	0.00000	0	1.00000	0
137	V	0.00000	0	1.00000	0
138	S	0.00000	0	1.00000	0
139	A	0.00000	0	1.00000	0
140	E	0.00000	0	1.00000	0
141	R	0.04901	0	0.95099	0
142	C	0.85363	0	0.14637	0
143	A	0.98515	0	0.01485	0
144	S	0.99244	0	0.00756	0
145	V	0.99998	0	0.00002	0
146	I	1.00000	0	0.00000	0
147	F	1.00000	0	0.00000	0
148	P	1.00000	0	0.00000	0
149	A	1.00000	0	0.00000	0
150	W	1.00000	0	0.00000	0
151	Y	1.00000	0	0.00000	0
152	W	1.00000	0	0.00000	0
153	R	1.00000	0	0.00000	0
154	R	1.00000	0	0.00000	0
155	R	0.99999	0	0.00001	0
156	P	0.99989	0	0.00011	0
157	K	0.99708	0	0.00292	0
158	R	0.92047	0	0.07953	0
159	L	0.16037	0	0.83963	0
160	S	0.08329	0	0.91671	0
161	A	0.01503	0	0.98497	0
162	V	0.00015	0	0.99985	0
163	V	0.00000	0	1.00000	0
164	C	0.00000	0	1.00000	0
165	A	0.00000	0	1.00000	0
166	L	0.00000	0	1.00000	0
167	L	0.00000	0	1.00000	0
168	W	0.00000	0	1.00000	0
169	V	0.00000	0	1.00000	0
170	L	0.00000	0	1.00000	0
171	S	0.00000	0	1.00000	0
172	L	0.00000	0	1.00000	0
173	L	0.00000	0	1.00000	0
174	V	0.00000	0	1.00000	0
175	T	0.00000	1e-05	0.99999	0
176	C	0.00000	0.00019	0.99981	0
177	L	0.00000	0.00117	0.99883	0
178	H	0.00000	0.06827	0.93173	0
179	N	0.00000	0.20224	0.79776	0
180	Y	0.00000	0.24176	0.75824	0
181	F	0.00000	0.27956	0.72044	0
182	C	0.00000	0.97634	0.02366	0
183	V	0.00000	0.99814	0.00186	0
184	F	0.00000	0.99915	0.00085	0
185	L	0.00000	0.99989	0.00011	0
186	G	0.00000	1	0.00000	0
187	R	0.00000	1	0.00000	0
188	G	0.00000	1	0.00000	0
189	A	0.00000	1	0.00000	0
190	P	0.00000	1	0.00000	0
191	G	0.00000	1	0.00000	0
192	A	0.00000	1	0.00000	0
193	A	0.00000	0.99982	0.00018	0
194	C	0.00000	0.99982	0.00018	0
195	R	0.00000	0.99981	0.00019	0
196	H	0.00000	0.99938	0.00062	0
197	M	0.00000	0.79394	0.20606	0
198	D	0.00000	0.79264	0.20736	0
199	I	0.00000	0.28516	0.71484	0
200	F	0.00000	0.09878	0.90122	0
201	L	0.00000	0.02012	0.97988	0
202	G	0.00000	0.01431	0.98569	0
203	I	0.00000	0.00641	0.99359	0
204	L	0.00000	4e-05	0.99996	0
205	L	0.00000	0	1.00000	0
206	F	0.00000	0	1.00000	0
207	L	0.00000	0	1.00000	0
208	L	0.00000	0	1.00000	0
209	C	0.00000	0	1.00000	0
210	C	0.00000	0	1.00000	0
211	P	0.00000	0	1.00000	0
212	L	0.00000	0	1.00000	0
213	M	0.00000	0	1.00000	0
214	V	0.00000	0	1.00000	0
215	L	0.00000	0	1.00000	0
216	P	0.00000	0	1.00000	0
217	C	0.00000	0	1.00000	0
218	L	0.00000	0	1.00000	0
219	A	0.00005	0	0.99995	0
220	L	0.00016	0	0.99984	0
221	I	0.00094	0	0.99906	0
222	L	0.07806	0	0.92194	0
223	H	0.48140	0	0.51860	0
224	V	0.61751	0	0.38249	0
225	E	0.98231	0	0.01769	0
226	C	0.98812	0	0.01188	0
227	R	0.99959	0	0.00041	0
228	A	0.99999	0	0.00001	0
229	R	1.00000	0	0.00000	0
230	R	1.00000	0	0.00000	0
231	R	1.00000	0	0.00000	0
232	Q	1.00000	0	0.00000	0
233	R	1.00000	0	0.00000	0
234	S	0.99995	0	0.00005	0
235	A	0.99994	0	0.00006	0
236	K	0.99994	0	0.00006	0
237	L	0.99994	0	0.00006	0
238	N	0.99994	0	0.00006	0
239	H	0.99915	0	0.00085	0
240	V	0.55991	0	0.44009	0
241	I	0.02691	0	0.97309	0
242	L	0.00157	0	0.99843	0
243	A	0.00127	0	0.99873	0
244	M	0.00125	0	0.99875	0
245	V	0.00073	0	0.99927	0
246	S	0.00043	0	0.99957	0
247	V	0.00001	0	0.99999	0
248	F	0.00001	0	0.99999	0
249	L	0.00000	0	1.00000	0
250	V	0.00000	0	1.00000	0
251	S	0.00000	0	1.00000	0
252	S	0.00000	0	1.00000	0
253	I	0.00000	0	1.00000	0
254	Y	0.00000	0	1.00000	0
255	L	0.00000	0	1.00000	0
256	G	0.00000	2e-05	0.99998	0
257	I	0.00000	3e-05	0.99997	0
258	D	0.00000	0.00011	0.99989	0
259	W	0.00000	0.0001	0.99990	0
260	F	0.00000	6e-05	0.99994	0
261	L	0.00000	8e-05	0.99992	0
262	F	0.00000	0.00153	0.99847	0
263	W	0.00000	0.01548	0.98452	0
264	V	0.00000	0.08201	0.91799	0
265	F	0.00000	0.25027	0.74973	0
266	Q	0.00000	0.81437	0.18563	0
267	I	0.00000	0.8708	0.12920	0
268	P	0.00000	0.96759	0.03241	0
269	A	0.00000	0.98087	0.01913	0
270	P	0.00000	0.99462	0.00538	0
271	F	0.00000	0.92071	0.07929	0
272	P	0.00000	0.88074	0.11926	0
273	E	0.00000	0.72981	0.27019	0
274	Y	0.00000	0.13315	0.86685	0
275	V	0.00000	0.01202	0.98798	0
276	T	0.00000	0.00063	0.99937	0
277	D	0.00000	0.00018	0.99982	0
278	L	0.00000	0	1.00000	0
279	C	0.00000	0	1.00000	0
280	I	0.00000	0	1.00000	0
281	C	0.00000	0	1.00000	0
282	I	0.00001	0	0.99999	0
283	N	0.00007	0	0.99993	0
284	S	0.00011	0	0.99989	0
285	S	0.00012	0	0.99988	0
286	A	0.00012	0	0.99988	0
287	K	0.00012	0	0.99988	0
288	P	0.00012	0	0.99988	0
289	I	0.00012	0	0.99988	0
290	V	0.00012	0	0.99988	0
291	Y	0.00012	0	0.99988	0
292	F	0.00012	0	0.99988	0
293	L	0.02580	0	0.97420	0
294	A	0.31911	0	0.68089	0
295	G	0.49651	0	0.50349	0
296	R	1.00000	0	0.00000	0
297	D	1.00000	0	0.00000	0
298	K	1.00000	0	0.00000	0
299	S	1.00000	0	0.00000	0
300	Q	1.00000	0	0.00000	0
301	R	1.00000	0	0.00000	0
302	L	1.00000	0	0.00000	0
303	W	1.00000	0	0.00000	0
304	E	1.00000	0	0.00000	0
305	P	1.00000	0	0.00000	0
306	L	1.00000	0	0.00000	0
307	R	1.00000	0	0.00000	0
308	V	1.00000	0	0.00000	0
309	V	1.00000	0	0.00000	0
310	F	1.00000	0	0.00000	0
311	Q	1.00000	0	0.00000	0
312	R	1.00000	0	0.00000	0
313	A	1.00000	0	0.00000	0
314	L	1.00000	0	0.00000	0
315	R	1.00000	0	0.00000	0
316	D	1.00000	0	0.00000	0
317	G	1.00000	0	0.00000	0
318	A	1.00000	0	0.00000	0
319	E	1.00000	0	0.00000	0
320	L	1.00000	0	0.00000	0
321	G	1.00000	0	0.00000	0
322	E	1.00000	0	0.00000	0
323	A	1.00000	0	0.00000	0
324	G	1.00000	0	0.00000	0
325	G	1.00000	0	0.00000	0
326	S	1.00000	0	0.00000	0
327	T	1.00000	0	0.00000	0
328	P	1.00000	0	0.00000	0
329	N	1.00000	0	0.00000	0
330	T	1.00000	0	0.00000	0
331	V	1.00000	0	0.00000	0
332	T	1.00000	0	0.00000	0
333	M	1.00000	0	0.00000	0
334	E	1.00000	0	0.00000	0
335	M	1.00000	0	0.00000	0
336	Q	1.00000	0	0.00000	0
337	C	1.00000	0	0.00000	0
338	P	1.00000	0	0.00000	0
339	P	1.00000	0	0.00000	0
340	G	1.00000	0	0.00000	0
341	N	1.00000	0	0.00000	0
342	A	1.00000	0	0.00000	0
343	S	1.00000	0	0.00000	0
