# UNNAMED
#pos	aa	i	o	M	S
1	M	0.00000	0.99918	0.00000	0.00082
2	D	0.00000	0.99918	0.00000	0.00082
3	Q	0.00000	0.99918	0.00000	0.00081
4	Y	0.00000	0.99918	0.00000	0.00082
5	N	0.00000	0.99918	0.00000	0.00082
6	H	0.00000	0.99918	0.00000	0.00082
7	S	0.00000	0.99918	0.00000	0.00082
8	S	0.00000	0.99918	0.00000	0.00082
9	L	0.00000	0.99918	0.00000	0.00082
10	A	0.00000	0.99918	0.00000	0.00081
11	E	0.00000	0.99918	0.00000	0.00082
12	F	0.00000	0.99918	0.00000	0.00082
13	V	0.00000	0.99918	0.00000	0.00082
14	F	0.00000	0.99918	0.00000	0.00082
15	L	0.00000	0.99918	0.00000	0.00081
16	G	0.00000	0.99918	0.00000	0.00081
17	F	0.00000	0.99918	0.00000	0.00081
18	A	0.00000	0.99918	0.00000	0.00081
19	S	0.00000	0.99928	0.00001	0.0007
20	V	0.00000	0.99906	0.00023	0.00071
21	G	0.00000	0.999	0.00030	0.0007
22	Y	0.00000	0.98221	0.01709	0.0007
23	V	0.00000	0.97662	0.02268	0.0007
24	R	0.00000	0.97109	0.02821	0.0007
25	G	0.00000	0.64935	0.34995	0.0007
26	W	0.00000	0.12044	0.87955	0
27	L	0.00000	0.03941	0.96059	0
28	F	0.00000	0.0094	0.99060	0
29	V	0.00000	0.00572	0.99428	0
30	L	0.00000	0.00518	0.99482	0
31	L	0.00000	0.00041	0.99959	0
32	L	0.00000	7e-05	0.99993	0
33	L	0.00000	1e-05	0.99999	0
34	A	0.00000	0	1.00000	0
35	Y	0.00000	0	1.00000	0
36	L	0.00000	0	1.00000	0
37	F	0.00000	0	1.00000	0
38	T	0.00000	0	1.00000	0
39	I	0.00000	0	1.00000	0
40	C	0.00000	0	1.00000	0
41	G	0.00000	0	1.00000	0
42	N	0.00000	0	1.00000	0
43	M	0.00000	0	1.00000	0
44	L	0.00000	0	1.00000	0
45	I	0.00001	0	0.99999	0
46	F	0.00041	0	0.99959	0
47	S	0.03106	0	0.96894	0
48	V	0.08111	0	0.91889	0
49	I	0.18699	0	0.81301	0
50	R	0.97554	0	0.02446	0
51	L	0.98820	0	0.01180	0
52	D	0.99977	0	0.00023	0
53	A	0.99993	0	0.00007	0
54	A	0.99999	0	0.00001	0
55	L	1.00000	0	0.00000	0
56	H	1.00000	0	0.00000	0
57	T	1.00000	0	0.00000	0
58	P	1.00000	0	0.00000	0
59	M	0.17108	0	0.82892	0
60	Y	0.04507	0	0.95493	0
61	H	0.01180	0	0.98820	0
62	F	0.00018	0	0.99982	0
63	V	0.00004	0	0.99996	0
64	S	0.00001	0	0.99999	0
65	V	0.00000	0	1.00000	0
66	L	0.00000	0	1.00000	0
67	S	0.00000	0	1.00000	0
68	F	0.00000	0	1.00000	0
69	L	0.00000	0	1.00000	0
70	E	0.00000	0	1.00000	0
71	L	0.00000	0	1.00000	0
72	W	0.00000	0	1.00000	0
73	Y	0.00000	0	1.00000	0
74	T	0.00000	0	1.00000	0
75	A	0.00000	0	1.00000	0
76	T	0.00000	1e-05	0.99999	0
77	T	0.00000	0.0014	0.99860	0
78	I	0.00000	0.00206	0.99794	0
79	P	0.00000	0.0098	0.99020	0
80	K	0.00000	0.04889	0.95111	0
81	M	0.00000	0.07764	0.92236	0
82	L	0.00000	0.273	0.72700	0
83	S	0.00000	0.9401	0.05990	0
84	N	0.00000	1	0.00000	0
85	I	0.00000	1	0.00000	0
86	L	0.00000	1	0.00000	0
87	S	0.00000	1	0.00000	0
88	E	0.00000	1	0.00000	0
89	K	0.00000	1	0.00000	0
90	K	0.00000	1	0.00000	0
91	T	0.00000	1	0.00000	0
92	I	0.00000	1	0.00000	0
93	S	0.00000	1	0.00000	0
94	F	0.00000	1	0.00000	0
95	A	0.00000	0.99999	0.00001	0
96	G	0.00000	0.99995	0.00005	0
97	C	0.00000	0.99986	0.00014	0
98	L	0.00000	0.9903	0.00970	0
99	L	0.00000	0.97823	0.02177	0
100	Q	0.00000	0.96628	0.03372	0
101	T	0.00000	0.40805	0.59195	0
102	Y	0.00000	0.1106	0.88940	0
103	F	0.00000	0.00661	0.99339	0
104	F	0.00000	0.00012	0.99988	0
105	H	0.00000	0	1.00000	0
106	S	0.00000	0	1.00000	0
107	L	0.00000	0	1.00000	0
108	G	0.00000	0	1.00000	0
109	A	0.00000	0	1.00000	0
110	S	0.00000	0	1.00000	0
111	E	0.00000	0	1.00000	0
112	C	0.00000	0	1.00000	0
113	Y	0.00000	0	1.00000	0
114	L	0.00000	0	1.00000	0
115	L	0.00000	0	1.00000	0
116	T	0.00000	0	1.00000	0
117	A	0.00000	0	1.00000	0
118	M	0.00000	0	1.00000	0
119	A	0.00000	0	1.00000	0
120	Y	0.00000	0	1.00000	0
121	D	0.00000	0	1.00000	0
122	R	0.00258	0	0.99742	0
123	Y	0.04992	0	0.95008	0
124	L	0.81565	0	0.18435	0
125	A	0.99230	0	0.00770	0
126	I	1.00000	0	0.00000	0
127	C	1.00000	0	0.00000	0
128	R	1.00000	0	0.00000	0
129	P	1.00000	0	0.00000	0
130	L	1.00000	0	0.00000	0
131	H	1.00000	0	0.00000	0
132	Y	1.00000	0	0.00000	0
133	P	1.00000	0	0.00000	0
134	I	1.00000	0	0.00000	0
135	I	1.00000	0	0.00000	0
136	M	1.00000	0	0.00000	0
137	T	0.99999	0	0.00001	0
138	T	0.99991	0	0.00009	0
139	T	0.98464	0	0.01536	0
140	L	0.60749	0	0.39251	0
141	C	0.03754	0	0.96246	0
142	A	0.03118	0	0.96882	0
143	K	0.02884	0	0.97116	0
144	M	0.01189	0	0.98811	0
145	A	0.00685	0	0.99315	0
146	A	0.00574	0	0.99426	0
147	A	0.00025	0	0.99975	0
148	C	0.00000	0	1.00000	0
149	W	0.00000	0	1.00000	0
150	T	0.00000	0	1.00000	0
151	C	0.00000	0	1.00000	0
152	G	0.00000	0	1.00000	0
153	F	0.00000	0	1.00000	0
154	L	0.00000	0	1.00000	0
155	C	0.00000	0	1.00000	0
156	P	0.00000	0	1.00000	0
157	I	0.00000	0	1.00000	0
158	S	0.00000	0.0001	0.99990	0
159	E	0.00000	0.00085	0.99915	0
160	V	0.00000	0.00101	0.99899	0
161	I	0.00000	0.01082	0.98918	0
162	L	0.00000	0.10531	0.89469	0
163	A	0.00000	0.4373	0.56270	0
164	S	0.00000	0.93091	0.06909	0
165	Q	0.00000	0.98197	0.01803	0
166	L	0.00000	0.98537	0.01463	0
167	P	0.00000	0.99383	0.00617	0
168	F	0.00000	0.99566	0.00434	0
169	C	0.00000	0.99961	0.00039	0
170	A	0.00000	0.99989	0.00011	0
171	Y	0.00000	0.99998	0.00002	0
172	N	0.00000	1	0.00000	0
173	E	0.00000	1	0.00000	0
174	I	0.00000	1	0.00000	0
175	Q	0.00000	1	0.00000	0
176	H	0.00000	1	0.00000	0
177	I	0.00000	1	0.00000	0
178	F	0.00000	1	0.00000	0
179	C	0.00000	1	0.00000	0
180	D	0.00000	1	0.00000	0
181	F	0.00000	1	0.00000	0
182	P	0.00000	1	0.00000	0
183	P	0.00000	1	0.00000	0
184	L	0.00000	1	0.00000	0
185	L	0.00000	1	0.00000	0
186	S	0.00000	1	0.00000	0
187	L	0.00000	1	0.00000	0
188	A	0.00000	1	0.00000	0
189	C	0.00000	1	0.00000	0
190	K	0.00000	1	0.00000	0
191	D	0.00000	1	0.00000	0
192	T	0.00000	0.99991	0.00009	0
193	S	0.00000	0.99851	0.00149	0
194	A	0.00000	0.01463	0.98537	0
195	N	0.00000	0.01453	0.98547	0
196	I	0.00000	0.01228	0.98772	0
197	L	0.00000	0.01203	0.98797	0
198	V	0.00000	0.01032	0.98968	0
199	D	0.00000	0.01025	0.98975	0
200	F	0.00000	0.00068	0.99932	0
201	A	0.00000	6e-05	0.99994	0
202	I	0.00000	1e-05	0.99999	0
203	N	0.00000	1e-05	0.99999	0
204	A	0.00000	0	1.00000	0
205	F	0.00000	0	1.00000	0
206	I	0.00000	0	1.00000	0
207	I	0.00000	0	1.00000	0
208	L	0.00000	0	1.00000	0
209	I	0.00000	0	1.00000	0
210	T	0.00000	0	1.00000	0
211	F	0.00000	0	1.00000	0
212	F	0.00000	0	1.00000	0
213	F	0.00000	0	1.00000	0
214	I	0.00001	0	0.99999	0
215	M	0.00076	0	0.99924	0
216	I	0.01216	0	0.98784	0
217	S	0.21530	0	0.78470	0
218	Y	0.28315	0	0.71685	0
219	A	0.73564	0	0.26436	0
220	R	0.94566	0	0.05434	0
221	I	0.95156	0	0.04844	0
222	I	0.95992	0	0.04008	0
223	G	0.99704	0	0.00296	0
224	A	0.99897	0	0.00103	0
225	V	0.99994	0	0.00006	0
226	L	0.99996	0	0.00004	0
227	K	1.00000	0	0.00000	0
228	I	1.00000	0	0.00000	0
229	K	1.00000	0	0.00000	0
230	T	1.00000	0	0.00000	0
231	A	0.99999	0	0.00001	0
232	S	0.99983	0	0.00017	0
233	G	0.99959	0	0.00041	0
234	R	0.97505	0	0.02495	0
235	K	0.93336	0	0.06664	0
236	K	0.75351	0	0.24649	0
237	A	0.67448	0	0.32552	0
238	F	0.25266	0	0.74734	0
239	S	0.00878	0	0.99122	0
240	T	0.00861	0	0.99139	0
241	C	0.00391	0	0.99609	0
242	A	0.00051	0	0.99949	0
243	S	0.00004	0	0.99996	0
244	H	0.00004	0	0.99996	0
245	L	0.00000	0	1.00000	0
246	A	0.00000	0	1.00000	0
247	V	0.00000	0	1.00000	0
248	V	0.00000	0	1.00000	0
249	L	0.00000	0	1.00000	0
250	I	0.00000	0	1.00000	0
251	F	0.00000	0	1.00000	0
252	F	0.00000	0	1.00000	0
253	G	0.00000	0	1.00000	0
254	S	0.00000	0	1.00000	0
255	I	0.00000	0	1.00000	0
256	I	0.00000	4e-05	0.99996	0
257	F	0.00000	0.00032	0.99968	0
258	M	0.00000	0.00284	0.99716	0
259	Y	0.00000	0.06108	0.93892	0
260	V	0.00000	0.21259	0.78741	0
261	R	0.00000	0.81079	0.18921	0
262	L	0.00000	0.8505	0.14950	0
263	K	0.00000	0.99908	0.00092	0
264	K	0.00000	0.99999	0.00001	0
265	S	0.00000	1	0.00000	0
266	Y	0.00000	0.99997	0.00003	0
267	S	0.00000	0.99993	0.00007	0
268	L	0.00000	0.95168	0.04832	0
269	T	0.00000	0.92867	0.07133	0
270	L	0.00000	0.84879	0.15121	0
271	D	0.00000	0.83574	0.16426	0
272	R	0.00000	0.62266	0.37734	0
273	T	0.00000	0.10964	0.89036	0
274	L	0.00000	5e-05	0.99995	0
275	A	0.00000	0	1.00000	0
276	I	0.00000	0	1.00000	0
277	V	0.00000	0	1.00000	0
278	Y	0.00000	0	1.00000	0
279	S	0.00000	0	1.00000	0
280	V	0.00000	0	1.00000	0
281	L	0.00000	0	1.00000	0
282	T	0.00000	0	1.00000	0
283	P	0.00000	0	1.00000	0
284	M	0.00000	0	1.00000	0
285	V	0.00000	0	1.00000	0
286	N	0.00000	0	1.00000	0
287	P	0.00000	0	1.00000	0
288	I	0.00007	0	0.99993	0
289	I	0.00330	0	0.99670	0
290	Y	0.00740	0	0.99260	0
291	S	0.01938	0	0.98062	0
292	L	0.09213	0	0.90787	0
293	R	1.00000	0	0.00000	0
294	N	1.00000	0	0.00000	0
295	K	1.00000	0	0.00000	0
296	E	1.00000	0	0.00000	0
297	I	1.00000	0	0.00000	0
298	I	1.00000	0	0.00000	0
299	K	1.00000	0	0.00000	0
300	A	1.00000	0	0.00000	0
301	I	1.00000	0	0.00000	0
302	K	1.00000	0	0.00000	0
303	R	1.00000	0	0.00000	0
304	T	1.00000	0	0.00000	0
305	I	1.00000	0	0.00000	0
306	F	1.00000	0	0.00000	0
307	Q	1.00000	0	0.00000	0
308	K	1.00000	0	0.00000	0
309	G	1.00000	0	0.00000	0
310	D	1.00000	0	0.00000	0
311	K	1.00000	0	0.00000	0
312	A	1.00000	0	0.00000	0
313	S	1.00000	0	0.00000	0
314	L	1.00000	0	0.00000	0
315	A	1.00000	0	0.00000	0
316	H	1.00000	0	0.00000	0
317	L	1.00000	0	0.00000	0
