# UNNAMED
#pos	aa	i	o	M	S
1	M	0.00000	0.00317	0.00000	0.99683
2	G	0.00000	0.00317	0.00000	0.99683
3	S	0.00000	0.00317	0.00000	0.99683
4	R	0.00000	0.00317	0.00000	0.99683
5	T	0.00000	0.00317	0.00000	0.99683
6	P	0.00000	0.00317	0.00000	0.99683
7	E	0.00000	0.00317	0.00000	0.99683
8	S	0.00000	0.00317	0.00000	0.99683
9	P	0.00000	0.00317	0.00000	0.99683
10	L	0.00000	0.00317	0.00000	0.99683
11	H	0.00000	0.00317	0.00000	0.99683
12	A	0.00000	0.00317	0.00000	0.99683
13	V	0.00000	0.00317	0.00000	0.99683
14	Q	0.00000	0.00317	0.00000	0.99683
15	L	0.00000	0.00317	0.00000	0.99683
16	R	0.00000	0.00317	0.00000	0.99683
17	W	0.00000	0.00317	0.00000	0.99683
18	G	0.00000	0.00317	0.00000	0.99683
19	P	0.00000	0.00317	0.00000	0.99683
20	R	0.00000	0.00317	0.00000	0.99683
21	R	0.00000	0.00317	0.00000	0.99683
22	R	0.00000	0.00317	0.00000	0.99683
23	P	0.00000	0.00317	0.00000	0.99683
24	P	0.00000	0.00317	0.00000	0.99683
25	L	0.00000	0.00317	0.00000	0.99683
26	L	0.00000	0.00317	0.00000	0.99683
27	P	0.00000	0.00317	0.00000	0.99683
28	L	0.00000	0.00317	0.00000	0.99683
29	L	0.00000	0.00317	0.00000	0.99683
30	L	0.00000	0.00317	0.00000	0.99683
31	L	0.00000	0.00317	0.00000	0.99683
32	L	0.00000	0.00317	0.00000	0.99683
33	L	0.00000	0.00317	0.00000	0.99683
34	P	0.00000	0.00317	0.00000	0.99683
35	P	0.00000	0.00317	0.00000	0.99683
36	P	0.00000	0.00317	0.00000	0.99683
37	P	0.00000	0.00317	0.00000	0.99683
38	R	0.00000	0.00317	0.00000	0.99682
39	V	0.00000	0.00317	0.00000	0.99683
40	G	0.00000	0.00317	0.00000	0.99683
41	G	0.00000	0.00317	0.00000	0.99683
42	F	0.00000	0.99994	0.00000	6e-05
43	N	0.00000	0.99995	0.00000	5e-05
44	L	0.00000	0.99995	0.00000	5e-05
45	D	0.00000	0.99995	0.00000	5e-05
46	A	0.00000	0.99995	0.00000	5e-05
47	E	0.00000	1	0.00000	0
48	A	0.00000	1	0.00000	0
49	P	0.00000	1	0.00000	0
50	A	0.00000	1	0.00000	0
51	V	0.00000	1	0.00000	0
52	L	0.00000	1	0.00000	0
53	S	0.00000	1	0.00000	0
54	G	0.00000	1	0.00000	0
55	P	0.00000	1	0.00000	0
56	P	0.00000	1	0.00000	0
57	G	0.00000	1	0.00000	0
58	S	0.00000	1	0.00000	0
59	F	0.00000	1	0.00000	0
60	F	0.00000	1	0.00000	0
61	G	0.00000	1	0.00000	0
62	F	0.00000	1	0.00000	0
63	S	0.00000	1	0.00000	0
64	V	0.00000	1	0.00000	0
65	E	0.00000	1	0.00000	0
66	F	0.00000	1	0.00000	0
67	Y	0.00000	1	0.00000	0
68	R	0.00000	1	0.00000	0
69	P	0.00000	1	0.00000	0
70	G	0.00000	1	0.00000	0
71	T	0.00000	1	0.00000	0
72	D	0.00000	1	0.00000	0
73	G	0.00000	1	0.00000	0
74	V	0.00000	1	0.00000	0
75	S	0.00000	1	0.00000	0
76	V	0.00000	1	0.00000	0
77	L	0.00000	1	0.00000	0
78	V	0.00000	1	0.00000	0
79	G	0.00000	1	0.00000	0
80	A	0.00000	1	0.00000	0
81	P	0.00000	1	0.00000	0
82	K	0.00000	1	0.00000	0
83	A	0.00000	1	0.00000	0
84	N	0.00000	1	0.00000	0
85	T	0.00000	1	0.00000	0
86	S	0.00000	1	0.00000	0
87	Q	0.00000	1	0.00000	0
88	P	0.00000	1	0.00000	0
89	G	0.00000	1	0.00000	0
90	V	0.00000	1	0.00000	0
91	L	0.00000	1	0.00000	0
92	Q	0.00000	1	0.00000	0
93	G	0.00000	1	0.00000	0
94	G	0.00000	1	0.00000	0
95	A	0.00000	1	0.00000	0
96	V	0.00000	1	0.00000	0
97	Y	0.00000	1	0.00000	0
98	L	0.00000	1	0.00000	0
99	C	0.00000	1	0.00000	0
100	P	0.00000	1	0.00000	0
101	W	0.00000	1	0.00000	0
102	G	0.00000	1	0.00000	0
103	A	0.00000	1	0.00000	0
104	S	0.00000	1	0.00000	0
105	P	0.00000	1	0.00000	0
106	T	0.00000	1	0.00000	0
107	Q	0.00000	1	0.00000	0
108	C	0.00000	1	0.00000	0
109	T	0.00000	1	0.00000	0
110	P	0.00000	1	0.00000	0
111	I	0.00000	1	0.00000	0
112	E	0.00000	1	0.00000	0
113	F	0.00000	1	0.00000	0
114	D	0.00000	1	0.00000	0
115	S	0.00000	1	0.00000	0
116	K	0.00000	1	0.00000	0
117	G	0.00000	1	0.00000	0
118	S	0.00000	1	0.00000	0
119	R	0.00000	1	0.00000	0
120	L	0.00000	1	0.00000	0
121	L	0.00000	1	0.00000	0
122	E	0.00000	1	0.00000	0
123	S	0.00000	1	0.00000	0
124	S	0.00000	1	0.00000	0
125	L	0.00000	1	0.00000	0
126	S	0.00000	1	0.00000	0
127	S	0.00000	1	0.00000	0
128	S	0.00000	1	0.00000	0
129	E	0.00000	1	0.00000	0
130	G	0.00000	1	0.00000	0
131	E	0.00000	1	0.00000	0
132	E	0.00000	1	0.00000	0
133	P	0.00000	1	0.00000	0
134	V	0.00000	1	0.00000	0
135	E	0.00000	1	0.00000	0
136	Y	0.00000	1	0.00000	0
137	K	0.00000	1	0.00000	0
138	S	0.00000	1	0.00000	0
139	L	0.00000	1	0.00000	0
140	Q	0.00000	1	0.00000	0
141	W	0.00000	1	0.00000	0
142	F	0.00000	1	0.00000	0
143	G	0.00000	1	0.00000	0
144	A	0.00000	1	0.00000	0
145	T	0.00000	1	0.00000	0
146	V	0.00000	1	0.00000	0
147	R	0.00000	1	0.00000	0
148	A	0.00000	1	0.00000	0
149	H	0.00000	1	0.00000	0
150	G	0.00000	1	0.00000	0
151	S	0.00000	1	0.00000	0
152	S	0.00000	1	0.00000	0
153	I	0.00000	1	0.00000	0
154	L	0.00000	1	0.00000	0
155	A	0.00000	1	0.00000	0
156	C	0.00000	1	0.00000	0
157	A	0.00000	1	0.00000	0
158	P	0.00000	1	0.00000	0
159	L	0.00000	1	0.00000	0
160	Y	0.00000	1	0.00000	0
161	S	0.00000	1	0.00000	0
162	W	0.00000	1	0.00000	0
163	R	0.00000	1	0.00000	0
164	T	0.00000	1	0.00000	0
165	E	0.00000	1	0.00000	0
166	K	0.00000	1	0.00000	0
167	E	0.00000	1	0.00000	0
168	P	0.00000	1	0.00000	0
169	L	0.00000	1	0.00000	0
170	S	0.00000	1	0.00000	0
171	D	0.00000	1	0.00000	0
172	P	0.00000	1	0.00000	0
173	V	0.00000	1	0.00000	0
174	G	0.00000	1	0.00000	0
175	T	0.00000	1	0.00000	0
176	C	0.00000	1	0.00000	0
177	Y	0.00000	1	0.00000	0
178	L	0.00000	1	0.00000	0
179	S	0.00000	1	0.00000	0
180	T	0.00000	1	0.00000	0
181	D	0.00000	1	0.00000	0
182	N	0.00000	1	0.00000	0
183	F	0.00000	1	0.00000	0
184	T	0.00000	1	0.00000	0
185	R	0.00000	1	0.00000	0
186	I	0.00000	1	0.00000	0
187	L	0.00000	1	0.00000	0
188	E	0.00000	1	0.00000	0
189	Y	0.00000	1	0.00000	0
190	A	0.00000	1	0.00000	0
191	P	0.00000	1	0.00000	0
192	C	0.00000	1	0.00000	0
193	R	0.00000	1	0.00000	0
194	S	0.00000	1	0.00000	0
195	D	0.00000	1	0.00000	0
196	F	0.00000	1	0.00000	0
197	S	0.00000	1	0.00000	0
198	W	0.00000	1	0.00000	0
199	A	0.00000	1	0.00000	0
200	A	0.00000	1	0.00000	0
201	G	0.00000	1	0.00000	0
202	Q	0.00000	1	0.00000	0
203	G	0.00000	1	0.00000	0
204	Y	0.00000	1	0.00000	0
205	C	0.00000	1	0.00000	0
206	Q	0.00000	1	0.00000	0
207	G	0.00000	1	0.00000	0
208	G	0.00000	1	0.00000	0
209	F	0.00000	1	0.00000	0
210	S	0.00000	1	0.00000	0
211	A	0.00000	1	0.00000	0
212	E	0.00000	1	0.00000	0
213	F	0.00000	1	0.00000	0
214	T	0.00000	1	0.00000	0
215	K	0.00000	1	0.00000	0
216	T	0.00000	0.99999	0.00000	0
217	G	0.00000	0.99999	0.00001	0
218	R	0.00000	0.99999	0.00001	0
219	V	0.00000	0.99999	0.00001	0
220	V	0.00000	0.99999	0.00001	0
221	L	0.00000	0.99999	0.00001	0
222	G	0.00000	0.99999	0.00001	0
223	G	0.00000	0.99999	0.00001	0
224	P	0.00000	0.99998	0.00001	0
225	G	0.00000	0.9985	0.00150	0
226	S	0.00000	0.99216	0.00784	0
227	Y	0.00000	0.98369	0.01631	0
228	F	0.00000	0.97915	0.02085	0
229	W	0.00000	0.97735	0.02265	0
230	Q	0.00000	0.97719	0.02281	0
231	G	0.00000	0.97701	0.02299	0
232	Q	0.00000	0.97682	0.02318	0
233	I	0.00000	0.97571	0.02429	0
234	L	0.00000	0.97554	0.02446	0
235	S	0.00000	0.97554	0.02446	0
236	A	0.00000	0.97552	0.02448	0
237	T	0.00000	0.97551	0.02449	0
238	Q	0.00001	0.9755	0.02449	0
239	E	0.00001	0.9755	0.02449	0
240	Q	0.00001	0.97549	0.02450	0
241	I	0.00001	0.97512	0.02487	0
242	A	0.00001	0.97464	0.02535	0
243	E	0.00001	0.97436	0.02563	0
244	S	0.00001	0.97396	0.02603	0
245	Y	0.00001	0.95725	0.04273	0
246	Y	0.00030	0.95648	0.04322	0
247	P	0.00327	0.95634	0.04039	0
248	E	0.00399	0.95633	0.03968	0
249	Y	0.00463	0.95629	0.03908	0
250	L	0.01934	0.95629	0.02438	0
251	I	0.02109	0.95629	0.02262	0
252	N	0.02151	0.95629	0.02220	0
253	L	0.02161	0.95629	0.02210	0
254	V	0.02411	0.95629	0.01960	0
255	Q	0.02433	0.95629	0.01938	0
256	G	0.02421	0.95629	0.01950	0
257	Q	0.02411	0.95629	0.01960	0
258	L	0.02288	0.95629	0.02084	0
259	Q	0.02299	0.95629	0.02072	0
260	T	0.02306	0.95629	0.02065	0
261	R	0.02349	0.95629	0.02022	0
262	Q	0.02138	0.95629	0.02233	0
263	A	0.00600	0.95629	0.03771	0
264	S	0.01029	0.95629	0.03342	0
265	S	0.01608	0.95629	0.02764	0
266	I	0.01790	0.95629	0.02581	0
267	Y	0.01833	0.95629	0.02538	0
268	D	0.02008	0.95629	0.02363	0
269	D	0.02005	0.95629	0.02366	0
270	S	0.01836	0.95629	0.02535	0
271	Y	0.01088	0.95629	0.03283	0
272	L	0.00438	0.95629	0.03933	0
273	G	0.00400	0.95629	0.03971	0
274	Y	0.00237	0.95629	0.04134	0
275	S	0.00203	0.95629	0.04167	0
276	V	0.00101	0.9563	0.04269	0
277	A	0.00027	0.95634	0.04338	0
278	V	0.00002	0.95653	0.04344	0
279	G	0.00000	0.95695	0.04305	0
280	E	0.00000	0.95734	0.04266	0
281	F	0.00000	0.95765	0.04235	0
282	S	0.00000	0.96248	0.03752	0
283	G	0.00000	0.96936	0.03064	0
284	D	0.00000	0.97909	0.02091	0
285	D	0.00000	0.97953	0.02047	0
286	T	0.00000	0.97957	0.02043	0
287	E	0.00000	0.97959	0.02041	0
288	D	0.00000	0.97959	0.02041	0
289	F	0.00000	0.97957	0.02043	0
290	V	0.00000	0.97954	0.02046	0
291	A	0.00000	0.97954	0.02045	0
292	G	0.00000	0.97973	0.02026	0
293	V	0.00000	0.98005	0.01995	0
294	P	0.00000	0.98643	0.01357	0
295	K	0.00000	0.99468	0.00531	0
296	G	0.00000	0.99354	0.00646	0
297	N	0.00000	0.99587	0.00412	0
298	L	0.00000	0.91036	0.08964	0
299	T	0.00000	0.90323	0.09677	0
300	Y	0.00000	0.90143	0.09857	0
301	G	0.00000	0.90131	0.09869	0
302	Y	0.00000	0.9013	0.09870	0
303	V	0.00000	0.9013	0.09870	0
304	T	0.00000	0.9013	0.09870	0
305	I	0.00000	0.9013	0.09870	0
306	L	0.00000	0.9013	0.09870	0
307	N	0.00000	0.9013	0.09870	0
308	G	0.00000	0.9013	0.09870	0
309	S	0.00000	0.9013	0.09870	0
310	D	0.00001	0.9013	0.09869	0
311	I	0.00001	0.9013	0.09869	0
312	R	0.00002	0.9013	0.09869	0
313	S	0.00002	0.9013	0.09868	0
314	L	0.00003	0.90129	0.09868	0
315	Y	0.00024	0.9013	0.09847	0
316	N	0.03876	0.9013	0.05994	0
317	F	0.06216	0.9013	0.03654	0
318	S	0.08153	0.9013	0.01718	0
319	G	0.09486	0.9013	0.00385	0
320	E	0.09869	0.9013	0.00001	0
321	Q	0.09869	0.89045	0.01086	0
322	M	0.09857	0.86113	0.04031	0
323	A	0.09840	0.85922	0.04238	0
324	S	0.08377	0.85822	0.05801	0
325	Y	0.04011	0.85777	0.10213	0
326	F	0.00437	0.85759	0.13804	0
327	G	0.00276	0.85759	0.13965	0
328	Y	0.00115	0.85759	0.14126	0
329	A	0.00086	0.85759	0.14155	0
330	V	0.00064	0.85759	0.14177	0
331	A	0.00057	0.85759	0.14184	0
332	A	0.00012	0.85759	0.14229	0
333	T	0.00001	0.85759	0.14240	0
334	D	0.00000	0.85759	0.14241	0
335	V	0.00000	0.85759	0.14241	0
336	N	0.00000	0.85759	0.14241	0
337	G	0.00000	0.85759	0.14241	0
338	D	0.00000	0.85759	0.14241	0
339	G	0.00000	0.85759	0.14241	0
340	L	0.00000	0.85759	0.14241	0
341	D	0.00000	0.85759	0.14241	0
342	D	0.00001	0.85759	0.14239	0
343	L	0.04089	0.85759	0.10152	0
344	L	0.04093	0.85759	0.10147	0
345	V	0.04197	0.8576	0.10043	0
346	G	0.04371	0.85766	0.09863	0
347	A	0.04371	0.85807	0.09821	0
348	P	0.04371	0.86134	0.09495	0
349	L	0.04371	0.86844	0.08785	0
350	L	0.04371	0.89036	0.06593	0
351	M	0.04371	0.91973	0.03656	0
352	D	0.04371	0.9543	0.00199	0
353	R	0.04371	0.95629	0.00000	0
354	T	0.04371	0.95629	0.00000	0
355	P	0.04371	0.95629	0.00000	0
356	D	0.04371	0.95629	0.00000	0
357	G	0.04371	0.95629	0.00000	0
358	R	0.04371	0.95629	0.00000	0
359	P	0.04371	0.95629	0.00000	0
360	Q	0.04371	0.95629	0.00000	0
361	E	0.04357	0.95629	0.00014	0
362	V	0.02459	0.95628	0.01912	0
363	G	0.02152	0.95627	0.02222	0
364	R	0.01830	0.95587	0.02583	0
365	V	0.00016	0.95497	0.04487	0
366	Y	0.00007	0.95107	0.04886	0
367	V	0.00000	0.89343	0.10657	0
368	Y	0.00000	0.87383	0.12617	0
369	L	0.00000	0.86658	0.13342	0
370	Q	0.00000	0.86527	0.13473	0
371	H	0.00000	0.86257	0.13743	0
372	P	0.00000	0.86257	0.13743	0
373	A	0.00000	0.86257	0.13743	0
374	G	0.00000	0.86257	0.13743	0
375	I	0.00000	0.86257	0.13743	0
376	E	0.00000	0.86257	0.13743	0
377	P	0.00000	0.86257	0.13743	0
378	T	0.00000	0.86257	0.13743	0
379	P	0.00000	0.86257	0.13743	0
380	T	0.00000	0.86257	0.13743	0
381	L	0.00000	0.86258	0.13742	0
382	T	0.00000	0.86315	0.13685	0
383	L	0.00000	0.86452	0.13548	0
384	T	0.00000	0.87642	0.12358	0
385	G	0.00000	0.89384	0.10616	0
386	H	0.00000	0.90276	0.09724	0
387	D	0.00000	0.90564	0.09436	0
388	E	0.00007	0.90564	0.09429	0
389	F	0.00145	0.90131	0.09724	0
390	G	0.02177	0.9013	0.07693	0
391	R	0.08101	0.9013	0.01768	0
392	F	0.09368	0.9013	0.00501	0
393	G	0.09372	0.9013	0.00497	0
394	S	0.09372	0.9013	0.00497	0
395	S	0.09372	0.9013	0.00497	0
396	L	0.09372	0.9013	0.00497	0
397	T	0.09372	0.9013	0.00497	0
398	P	0.09372	0.9013	0.00497	0
399	L	0.09372	0.9013	0.00497	0
400	G	0.09372	0.9013	0.00497	0
401	D	0.09372	0.9013	0.00497	0
402	L	0.09372	0.9013	0.00497	0
403	D	0.09372	0.9013	0.00497	0
404	Q	0.09372	0.9013	0.00497	0
405	D	0.09360	0.9013	0.00510	0
406	G	0.08744	0.9013	0.01126	0
407	Y	0.06747	0.9013	0.03122	0
408	N	0.05846	0.9013	0.04024	0
409	D	0.04204	0.9013	0.05666	0
410	V	0.00501	0.90031	0.09468	0
411	A	0.00497	0.9003	0.09472	0
412	I	0.00497	0.90016	0.09486	0
413	G	0.00497	0.90014	0.09489	0
414	A	0.00497	0.89962	0.09540	0
415	P	0.00497	0.89962	0.09541	0
416	F	0.00497	0.89962	0.09541	0
417	G	0.00497	0.89962	0.09541	0
418	G	0.00497	0.89962	0.09541	0
419	E	0.00497	0.89962	0.09541	0
420	T	0.00497	0.89961	0.09541	0
421	Q	0.00497	0.89961	0.09541	0
422	Q	0.00495	0.89956	0.09549	0
423	G	0.00327	0.89941	0.09732	0
424	V	0.00012	0.86404	0.13584	0
425	V	0.00001	0.85903	0.14096	0
426	F	0.00000	0.85964	0.14036	0
427	V	0.00000	0.8679	0.13210	0
428	F	0.00000	0.87645	0.12355	0
429	P	0.00000	0.92431	0.07569	0
430	G	0.00000	0.94836	0.05164	0
431	G	0.00001	0.95095	0.04905	0
432	P	0.00003	0.95138	0.04859	0
433	G	0.00004	0.95145	0.04851	0
434	G	0.00005	0.95145	0.04850	0
435	L	0.00010	0.95146	0.04844	0
436	G	0.00052	0.95146	0.04802	0
437	S	0.00089	0.95146	0.04765	0
438	K	0.00163	0.95146	0.04691	0
439	P	0.00168	0.95132	0.04700	0
440	S	0.00169	0.93888	0.05944	0
441	Q	0.00169	0.93792	0.06039	0
442	V	0.00169	0.87392	0.12439	0
443	L	0.00169	0.86539	0.13292	0
444	Q	0.00169	0.8669	0.13141	0
445	P	0.00170	0.86673	0.13157	0
446	L	0.00171	0.86465	0.13364	0
447	W	0.00202	0.86521	0.13277	0
448	A	0.00837	0.86543	0.12620	0
449	A	0.01484	0.86554	0.11962	0
450	S	0.02536	0.86557	0.10907	0
451	H	0.04075	0.86557	0.09367	0
452	T	0.04331	0.86557	0.09112	0
453	P	0.04356	0.86557	0.09087	0
454	D	0.04356	0.86557	0.09086	0
455	F	0.04356	0.86557	0.09086	0
456	F	0.04356	0.86557	0.09087	0
457	G	0.04357	0.86557	0.09087	0
458	S	0.04357	0.86557	0.09087	0
459	A	0.04357	0.86557	0.09087	0
460	L	0.04358	0.86556	0.09086	0
461	R	0.04516	0.86556	0.08928	0
462	G	0.04604	0.86556	0.08840	0
463	G	0.05363	0.86556	0.08081	0
464	R	0.11849	0.86556	0.01595	0
465	D	0.13081	0.86556	0.00363	0
466	L	0.13218	0.86556	0.00226	0
467	D	0.13320	0.86556	0.00124	0
468	G	0.13346	0.86551	0.00103	0
469	N	0.13440	0.86551	0.00009	0
470	G	0.13440	0.86551	0.00009	0
471	Y	0.13440	0.86551	0.00008	0
472	P	0.13443	0.86551	0.00006	0
473	D	0.13443	0.86551	0.00006	0
474	L	0.13442	0.86551	0.00006	0
475	I	0.13442	0.86551	0.00006	0
476	V	0.13442	0.86551	0.00006	0
477	G	0.13442	0.86551	0.00006	0
478	S	0.13443	0.86551	0.00006	0
479	F	0.13443	0.86551	0.00006	0
480	G	0.13443	0.86551	0.00006	0
481	V	0.13443	0.86551	0.00006	0
482	D	0.13443	0.86551	0.00005	0
483	K	0.13366	0.86539	0.00095	0
484	A	0.10590	0.85307	0.04104	0
485	V	0.01959	0.84394	0.13647	0
486	V	0.00029	0.83999	0.15973	0
487	Y	0.00028	0.83762	0.16210	0
488	R	0.00021	0.8372	0.16258	0
489	G	0.00005	0.83435	0.16560	0
490	R	0.00006	0.83408	0.16586	0
491	P	0.00006	0.83332	0.16662	0
492	I	0.00005	0.83317	0.16678	0
493	V	0.00005	0.83315	0.16680	0
494	S	0.00005	0.83315	0.16680	0
495	A	0.00005	0.83315	0.16680	0
496	S	0.00005	0.83315	0.16680	0
497	A	0.00005	0.83315	0.16680	0
498	S	0.00005	0.83315	0.16680	0
499	L	0.00005	0.83315	0.16680	0
500	T	0.00005	0.83315	0.16680	0
501	I	0.00005	0.83315	0.16680	0
502	F	0.00005	0.83315	0.16680	0
503	P	0.00005	0.83315	0.16680	0
504	A	0.00006	0.83317	0.16677	0
505	M	0.00016	0.83351	0.16633	0
506	F	0.00126	0.84116	0.15759	0
507	N	0.02245	0.93598	0.04157	0
508	P	0.02818	0.95341	0.01841	0
509	E	0.03150	0.96728	0.00122	0
510	E	0.03213	0.96756	0.00031	0
511	R	0.03216	0.96754	0.00030	0
512	S	0.03217	0.96718	0.00065	0
513	C	0.03217	0.96705	0.00078	0
514	S	0.03220	0.96695	0.00085	0
515	L	0.03222	0.96693	0.00085	0
516	E	0.03237	0.96693	0.00070	0
517	G	0.03232	0.96688	0.00080	0
518	N	0.03232	0.96643	0.00125	0
519	P	0.03231	0.96303	0.00465	0
520	V	0.02267	0.91201	0.06532	0
521	A	0.00643	0.86284	0.13073	0
522	C	0.00205	0.8567	0.14124	0
523	I	0.00025	0.83584	0.16390	0
524	N	0.00023	0.8347	0.16507	0
525	L	0.00019	0.83319	0.16662	0
526	S	0.00018	0.83316	0.16666	0
527	F	0.00005	0.83315	0.16679	0
528	C	0.00005	0.83315	0.16680	0
529	L	0.00004	0.83315	0.16680	0
530	N	0.00005	0.83315	0.16680	0
531	A	0.00006	0.83315	0.16679	0
532	S	0.00019	0.83316	0.16665	0
533	G	0.00028	0.83317	0.16656	0
534	K	0.00068	0.83319	0.16613	0
535	H	0.00068	0.8332	0.16613	0
536	V	0.00068	0.8332	0.16613	0
537	A	0.00068	0.8332	0.16612	0
538	D	0.00068	0.83338	0.16594	0
539	S	0.00068	0.83343	0.16589	0
540	I	0.00082	0.83344	0.16574	0
541	G	0.00136	0.83357	0.16507	0
542	F	0.00166	0.83371	0.16463	0
543	T	0.00426	0.83486	0.16088	0
544	V	0.01727	0.83796	0.14477	0
545	E	0.13447	0.86248	0.00305	0
546	L	0.13447	0.86324	0.00229	0
547	Q	0.13447	0.8648	0.00073	0
548	L	0.13447	0.86499	0.00054	0
549	D	0.13447	0.86552	0.00001	0
550	W	0.13447	0.86553	0.00001	0
551	Q	0.13447	0.86553	0.00000	0
552	K	0.13447	0.86553	0.00000	0
553	Q	0.13447	0.86553	0.00000	0
554	K	0.13447	0.86553	0.00000	0
555	G	0.13446	0.86546	0.00008	0
556	G	0.13446	0.86504	0.00049	0
557	V	0.13446	0.86014	0.00540	0
558	R	0.13446	0.8595	0.00604	0
559	R	0.13446	0.85825	0.00729	0
560	A	0.13446	0.85747	0.00808	0
561	L	0.13445	0.85744	0.00811	0
562	F	0.13442	0.84913	0.01644	0
563	L	0.13442	0.83557	0.03000	0
564	A	0.13442	0.83359	0.03198	0
565	S	0.13442	0.83333	0.03225	0
566	R	0.13442	0.83315	0.03243	0
567	Q	0.13442	0.83314	0.03243	0
568	A	0.13442	0.83314	0.03244	0
569	T	0.13442	0.83314	0.03244	0
570	L	0.13442	0.83314	0.03244	0
571	T	0.13442	0.83314	0.03244	0
572	Q	0.13442	0.83314	0.03244	0
573	T	0.13442	0.83314	0.03244	0
574	L	0.13442	0.83314	0.03244	0
575	L	0.13442	0.83314	0.03243	0
576	I	0.13446	0.83314	0.03239	0
577	Q	0.13606	0.83315	0.03079	0
578	N	0.13864	0.83315	0.02821	0
579	G	0.14039	0.83315	0.02646	0
580	A	0.14206	0.83315	0.02478	0
581	R	0.14242	0.83317	0.02441	0
582	E	0.14242	0.83319	0.02439	0
583	D	0.14242	0.83319	0.02439	0
584	C	0.14257	0.83319	0.02424	0
585	R	0.14596	0.83319	0.02086	0
586	E	0.16668	0.83319	0.00013	0
587	M	0.16681	0.83319	0.00001	0
588	K	0.16681	0.83319	0.00000	0
589	I	0.16681	0.83319	0.00000	0
590	Y	0.16681	0.83319	0.00000	0
591	L	0.16681	0.83319	0.00000	0
592	R	0.16681	0.83319	0.00000	0
593	N	0.16681	0.83319	0.00000	0
594	E	0.16681	0.83319	0.00000	0
595	S	0.16681	0.83319	0.00000	0
596	E	0.16681	0.83319	0.00000	0
597	F	0.16676	0.83319	0.00005	0
598	R	0.16676	0.83319	0.00005	0
599	D	0.16676	0.83319	0.00005	0
600	K	0.16675	0.83318	0.00006	0
601	L	0.16619	0.83317	0.00064	0
602	S	0.16574	0.83316	0.00109	0
603	P	0.16091	0.83315	0.00594	0
604	I	0.14337	0.83312	0.02351	0
605	H	0.14272	0.83312	0.02416	0
606	I	0.14238	0.83312	0.02450	0
607	A	0.14237	0.83312	0.02451	0
608	L	0.14237	0.83312	0.02451	0
609	N	0.14237	0.83312	0.02451	0
610	F	0.14237	0.83312	0.02451	0
611	S	0.14237	0.83312	0.02451	0
612	L	0.14237	0.83312	0.02451	0
613	D	0.14237	0.83312	0.02451	0
614	P	0.14237	0.83312	0.02451	0
615	Q	0.14237	0.83312	0.02451	0
616	A	0.14237	0.83312	0.02451	0
617	P	0.14237	0.83312	0.02451	0
618	V	0.14237	0.83313	0.02450	0
619	D	0.14237	0.83323	0.02440	0
620	S	0.14237	0.83328	0.02435	0
621	H	0.14237	0.83343	0.02421	0
622	G	0.14237	0.83357	0.02405	0
623	L	0.14238	0.83409	0.02354	0
624	R	0.14242	0.84792	0.00965	0
625	P	0.14243	0.85346	0.00411	0
626	A	0.14243	0.85603	0.00154	0
627	L	0.14243	0.85632	0.00125	0
628	H	0.14243	0.85745	0.00012	0
629	Y	0.14244	0.85756	0.00000	0
630	Q	0.14244	0.85756	0.00000	0
631	S	0.14244	0.85756	0.00000	0
632	K	0.14244	0.85756	0.00000	0
633	S	0.14244	0.85756	0.00000	0
634	R	0.14244	0.85756	0.00000	0
635	I	0.14244	0.85756	0.00000	0
636	E	0.14244	0.85756	0.00000	0
637	D	0.14244	0.85756	0.00000	0
638	K	0.14243	0.85756	0.00001	0
639	A	0.14241	0.85714	0.00044	0
640	Q	0.14241	0.85714	0.00044	0
641	I	0.14241	0.85714	0.00045	0
642	L	0.14241	0.85714	0.00045	0
643	L	0.14241	0.85714	0.00045	0
644	D	0.14241	0.85714	0.00045	0
645	C	0.14241	0.85714	0.00045	0
646	G	0.14241	0.85714	0.00045	0
647	E	0.14241	0.85714	0.00045	0
648	D	0.14241	0.85714	0.00045	0
649	N	0.14241	0.84835	0.00924	0
650	I	0.14241	0.84835	0.00924	0
651	C	0.14241	0.84834	0.00924	0
652	V	0.14241	0.84834	0.00924	0
653	P	0.14241	0.84834	0.00925	0
654	D	0.14241	0.84834	0.00925	0
655	L	0.14241	0.84834	0.00925	0
656	Q	0.14241	0.84831	0.00928	0
657	L	0.14241	0.84759	0.01000	0
658	E	0.14241	0.84761	0.00998	0
659	V	0.14241	0.84749	0.01010	0
660	F	0.14241	0.84741	0.01018	0
661	G	0.14248	0.84742	0.01010	0
662	E	0.14281	0.84742	0.00978	0
663	Q	0.14283	0.84741	0.00976	0
664	N	0.14283	0.84733	0.00984	0
665	H	0.14283	0.83568	0.02149	0
666	V	0.14283	0.82869	0.02849	0
667	Y	0.14283	0.82863	0.02854	0
668	L	0.14286	0.82863	0.02850	0
669	G	0.14417	0.82863	0.02720	0
670	D	0.15159	0.82863	0.01978	0
671	K	0.15162	0.82863	0.01975	0
672	N	0.15162	0.82851	0.01987	0
673	A	0.15162	0.8278	0.02057	0
674	L	0.15162	0.82666	0.02173	0
675	N	0.15153	0.81084	0.03762	0
676	L	0.15149	0.53653	0.31198	0
677	T	0.15144	0.28763	0.56093	0
678	F	0.14744	0.28088	0.57168	0
679	H	0.14717	0.28036	0.57247	0
680	A	0.14733	0.28031	0.57236	0
681	Q	0.14780	0.28031	0.57189	0
682	N	0.14780	0.2803	0.57189	0
683	V	0.14781	0.28021	0.57198	0
684	G	0.14788	0.28017	0.57195	0
685	E	0.14795	0.27679	0.57526	0
686	G	0.14799	0.25614	0.59587	0
687	G	0.14836	0.23492	0.61672	0
688	A	0.14926	0.23061	0.62013	0
689	Y	0.15042	0.23007	0.61951	0
690	E	0.16619	0.23001	0.60380	0
691	A	0.16644	0.22993	0.60364	0
692	E	0.16665	0.2299	0.60344	0
693	L	0.16667	0.22982	0.60351	0
694	R	0.16748	0.22981	0.60271	0
695	V	0.16751	0.22963	0.60287	0
696	T	0.17185	0.22963	0.59852	0
697	A	0.18281	0.22967	0.58751	0
698	P	0.65749	0.22987	0.11263	0
699	P	0.71455	0.23096	0.05449	0
700	E	0.71476	0.23384	0.05140	0
701	A	0.71477	0.23397	0.05126	0
702	E	0.71479	0.23424	0.05097	0
703	Y	0.71431	0.23402	0.05167	0
704	S	0.69031	0.23391	0.07578	0
705	G	0.68897	0.23233	0.07871	0
706	L	0.68907	0.23123	0.07970	0
707	V	0.69040	0.2312	0.07840	0
708	R	0.73914	0.2312	0.02966	0
709	H	0.73920	0.23114	0.02967	0
710	P	0.73940	0.23111	0.02950	0
711	G	0.65513	0.23108	0.11379	0
712	N	0.24871	0.23107	0.52022	0
713	F	0.20102	0.23104	0.56794	0
714	S	0.19892	0.23104	0.57004	0
715	S	0.19780	0.23104	0.57116	0
716	L	0.18012	0.23104	0.58884	0
717	S	0.17398	0.23104	0.59498	0
718	C	0.16919	0.23104	0.59977	0
719	D	0.16803	0.23104	0.60093	0
720	Y	0.14771	0.23077	0.62152	0
721	F	0.14246	0.23049	0.62706	0
722	A	0.14247	0.23044	0.62709	0
723	V	0.14279	0.23026	0.62695	0
724	N	0.14480	0.24319	0.61201	0
725	Q	0.14545	0.25391	0.60064	0
726	S	0.14545	0.24331	0.61124	0
727	R	0.14544	0.22881	0.62575	0
728	L	0.14461	0.21557	0.63982	0
729	L	0.14364	0.21444	0.64192	0
730	V	0.14353	0.22093	0.63554	0
731	C	0.14301	0.24199	0.61499	0
732	D	0.14326	0.24282	0.61392	0
733	L	0.14325	0.22598	0.63077	0
734	G	0.14325	0.20356	0.65319	0
735	N	0.14325	0.19018	0.66658	0
736	P	0.14325	0.14539	0.71137	0
737	M	0.14272	0.1406	0.71668	0
738	K	0.14272	0.50216	0.35513	0
739	A	0.14270	0.58136	0.27594	0
740	G	0.14268	0.54762	0.30970	0
741	A	0.14264	0.59734	0.26002	0
742	S	0.14260	0.59735	0.26005	0
743	L	0.14242	0.59734	0.26024	0
744	W	0.14242	0.5973	0.26028	0
745	G	0.14243	0.59721	0.26036	0
746	G	0.14254	0.59718	0.26028	0
747	L	0.14415	0.59715	0.25870	0
748	R	0.17511	0.59818	0.22671	0
749	F	0.17605	0.5988	0.22516	0
750	T	0.17698	0.59913	0.22389	0
751	V	0.18056	0.59918	0.22026	0
752	P	0.19555	0.59923	0.20521	0
753	H	0.20169	0.59949	0.19881	0
754	L	0.20358	0.5995	0.19692	0
755	R	0.25081	0.59961	0.14958	0
756	D	0.29643	0.59997	0.10360	0
757	T	0.30199	0.60004	0.09797	0
758	K	0.39436	0.60004	0.00560	0
759	K	0.39769	0.59991	0.00240	0
760	T	0.39791	0.24526	0.35683	0
761	I	0.39166	0.03705	0.57129	0
762	Q	0.39134	0.01269	0.59597	0
763	F	0.38008	0.00947	0.61044	0
764	D	0.37802	0.0095	0.61248	0
765	F	0.37513	0.00945	0.61542	0
766	Q	0.37316	0.00943	0.61740	0
767	I	0.34033	0.00943	0.65024	0
768	L	0.33797	0.00943	0.65260	0
769	S	0.33648	0.00943	0.65409	0
770	K	0.30948	0.00943	0.68109	0
771	N	0.21923	0.00943	0.77134	0
772	L	0.16962	0.00943	0.82095	0
773	N	0.16905	0.00943	0.82152	0
774	N	0.16903	0.00943	0.82154	0
775	S	0.16903	0.00943	0.82154	0
776	Q	0.16903	0.00943	0.82154	0
777	S	0.16902	0.00943	0.82155	0
778	D	0.16904	0.00943	0.82153	0
779	V	0.21654	0.00529	0.77816	0
780	V	0.45350	0.00335	0.54315	0
781	S	0.74225	0.00357	0.25418	0
782	F	0.75603	0.00058	0.24339	0
783	R	0.75797	0.00185	0.24018	0
784	L	0.75789	0.00407	0.23805	0
785	S	0.75790	0.01019	0.23191	0
786	V	0.75782	0.01144	0.23073	0
787	E	0.75784	0.03629	0.20587	0
788	A	0.75776	0.03817	0.20407	0
789	Q	0.75776	0.04097	0.20127	0
790	A	0.75659	0.04352	0.19989	0
791	Q	0.75451	0.06836	0.17713	0
792	V	0.49659	0.08131	0.42209	0
793	T	0.29141	0.14167	0.56691	0
794	L	0.19138	0.19636	0.61225	0
795	N	0.16745	0.2257	0.60685	0
796	G	0.16694	0.22949	0.60357	0
797	V	0.16686	0.22993	0.60321	0
798	S	0.16685	0.23074	0.60241	0
799	K	0.16687	0.2324	0.60074	0
800	P	0.16708	0.23247	0.60045	0
801	E	0.16708	0.23254	0.60038	0
802	A	0.16708	0.23254	0.60038	0
803	V	0.16708	0.23254	0.60038	0
804	L	0.16708	0.23254	0.60037	0
805	F	0.16708	0.23255	0.60037	0
806	P	0.17621	0.23267	0.59112	0
807	V	0.17621	0.2327	0.59109	0
808	S	0.17621	0.23278	0.59101	0
809	D	0.17621	0.2339	0.58989	0
810	W	0.17621	0.23404	0.58975	0
811	H	0.17621	0.2472	0.57659	0
812	P	0.17626	0.39415	0.42958	0
813	R	0.17626	0.71168	0.11205	0
814	D	0.17626	0.81882	0.00491	0
815	Q	0.17626	0.82221	0.00152	0
816	P	0.17626	0.82365	0.00009	0
817	Q	0.17626	0.82371	0.00003	0
818	K	0.17626	0.82374	0.00000	0
819	E	0.17626	0.82374	0.00001	0
820	E	0.17626	0.82374	0.00001	0
821	D	0.17625	0.82368	0.00007	0
822	L	0.17622	0.82323	0.00055	0
823	G	0.17620	0.82228	0.00152	0
824	P	0.17609	0.81527	0.00864	0
825	A	0.17285	0.69841	0.12874	0
826	V	0.16742	0.59406	0.23852	0
827	H	0.16716	0.59406	0.23878	0
828	H	0.16694	0.59405	0.23901	0
829	V	0.16686	0.59393	0.23922	0
830	Y	0.16686	0.59392	0.23923	0
831	E	0.16686	0.59387	0.23928	0
832	L	0.16685	0.59295	0.24020	0
833	I	0.16685	0.59292	0.24022	0
834	N	0.16685	0.59292	0.24023	0
835	Q	0.16685	0.59291	0.24023	0
836	G	0.16685	0.59186	0.24128	0
837	P	0.16685	0.5898	0.24334	0
838	S	0.16685	0.5404	0.29275	0
839	S	0.16685	0.53485	0.29830	0
840	I	0.16685	0.53391	0.29924	0
841	S	0.16685	0.41074	0.42240	0
842	Q	0.16685	0.41054	0.42260	0
843	G	0.16723	0.38339	0.44938	0
844	V	0.17196	0.37143	0.45661	0
845	L	0.24823	0.36983	0.38195	0
846	E	0.26037	0.37638	0.36325	0
847	L	0.38080	0.37673	0.24247	0
848	S	0.38865	0.37768	0.23366	0
849	C	0.39379	0.37758	0.22862	0
850	P	0.39639	0.37743	0.22618	0
851	Q	0.39660	0.37739	0.22601	0
852	A	0.39660	0.377	0.22639	0
853	L	0.39661	0.37699	0.22640	0
854	E	0.39699	0.37699	0.22601	0
855	G	0.39703	0.37685	0.22611	0
856	Q	0.39757	0.37676	0.22566	0
857	Q	0.39667	0.37657	0.22677	0
858	L	0.38316	0.01199	0.60485	0
859	L	0.23631	0.0077	0.75598	0
860	Y	0.19539	0.00722	0.79738	0
861	V	0.18025	0.00644	0.81331	0
862	T	0.21293	0.00644	0.78063	0
863	R	0.27447	0.00644	0.71909	0
864	V	0.27843	0.00644	0.71513	0
865	T	0.34938	0.00644	0.64418	0
866	G	0.35632	0.00644	0.63724	0
867	L	0.36060	0.00644	0.63296	0
868	N	0.39488	0.00644	0.59868	0
869	C	0.39493	0.00643	0.59864	0
870	T	0.39511	0.00643	0.59846	0
871	T	0.39535	0.00643	0.59822	0
872	N	0.39591	0.00643	0.59766	0
873	H	0.39608	0.00643	0.59748	0
874	P	0.39626	0.00643	0.59730	0
875	I	0.39629	0.00643	0.59728	0
876	N	0.39664	0.00684	0.59652	0
877	P	0.39689	0.0131	0.59001	0
878	K	0.39806	0.15171	0.45022	0
879	G	0.39814	0.1535	0.44836	0
880	L	0.40342	0.15855	0.43803	0
881	E	0.46730	0.21213	0.32058	0
882	L	0.47195	0.21393	0.31411	0
883	D	0.76677	0.23234	0.00089	0
884	P	0.76721	0.23247	0.00032	0
885	E	0.76724	0.23272	0.00004	0
886	G	0.76724	0.23273	0.00003	0
887	S	0.76724	0.23273	0.00003	0
888	L	0.76724	0.23273	0.00003	0
889	H	0.76724	0.23274	0.00001	0
890	H	0.76724	0.23275	0.00000	0
891	Q	0.76724	0.23275	0.00000	0
892	Q	0.76724	0.23275	0.00000	0
893	K	0.76724	0.23275	0.00000	0
894	R	0.76724	0.23257	0.00018	0
895	E	0.76724	0.23139	0.00137	0
896	A	0.76712	0.21225	0.02063	0
897	P	0.76712	0.21167	0.02121	0
898	S	0.76598	0.2024	0.03162	0
899	R	0.76527	0.19581	0.03891	0
900	S	0.76483	0.15559	0.07958	0
901	S	0.76482	0.14428	0.09090	0
902	A	0.76481	0.14407	0.09112	0
903	S	0.76481	0.14407	0.09112	0
904	S	0.76481	0.14407	0.09112	0
905	G	0.76481	0.14396	0.09124	0
906	P	0.76479	0.14396	0.09126	0
907	Q	0.76475	0.14396	0.09129	0
908	I	0.76475	0.14396	0.09130	0
909	L	0.76475	0.14396	0.09130	0
910	K	0.76475	0.14396	0.09130	0
911	C	0.76475	0.14396	0.09130	0
912	P	0.76475	0.14396	0.09129	0
913	E	0.76475	0.14396	0.09129	0
914	A	0.76475	0.14396	0.09129	0
915	E	0.76475	0.1439	0.09134	0
916	C	0.62969	0.14363	0.22668	0
917	F	0.62799	0.1151	0.25691	0
918	R	0.63598	0.11566	0.24836	0
919	L	0.63747	0.11122	0.25130	0
920	R	0.65145	0.11231	0.23624	0
921	C	0.65387	0.11243	0.23370	0
922	E	0.70873	0.11163	0.17964	0
923	L	0.71507	0.10832	0.17661	0
924	G	0.71592	0.10764	0.17644	0
925	P	0.71664	0.04003	0.24333	0
926	L	0.71664	0.03856	0.24480	0
927	H	0.71668	0.03858	0.24474	0
928	Q	0.71673	0.0386	0.24468	0
929	Q	0.71673	0.03861	0.24467	0
930	E	0.71673	0.03861	0.24466	0
931	S	0.71673	0.03861	0.24466	0
932	Q	0.71658	0.03861	0.24481	0
933	S	0.71658	0.03861	0.24481	0
934	L	0.71642	0.03832	0.24525	0
935	Q	0.71638	0.03873	0.24489	0
936	L	0.71636	0.03931	0.24433	0
937	H	0.71636	0.05858	0.22506	0
938	F	0.71481	0.05675	0.22844	0
939	R	0.71013	0.14704	0.14283	0
940	V	0.70945	0.15263	0.13792	0
941	W	0.71142	0.15894	0.12964	0
942	A	0.72953	0.16446	0.10600	0
943	K	0.72168	0.16498	0.11334	0
944	T	0.71695	0.14132	0.14173	0
945	F	0.71698	0.13939	0.14363	0
946	L	0.71954	0.13938	0.14108	0
947	Q	0.78505	0.13938	0.07558	0
948	R	0.78951	0.13938	0.07112	0
949	E	0.78956	0.13937	0.07108	0
950	H	0.78956	0.13937	0.07108	0
951	Q	0.44788	0.13938	0.41274	0
952	P	0.37690	0.13942	0.48368	0
953	F	0.34672	0.13946	0.51382	0
954	S	0.34672	0.13951	0.51377	0
955	L	0.34673	0.13959	0.51368	0
956	Q	0.34674	0.13968	0.51358	0
957	C	0.34674	0.13973	0.51353	0
958	E	0.34690	0.1399	0.51320	0
959	A	0.34680	0.13993	0.51327	0
960	V	0.34634	0.14039	0.51327	0
961	Y	0.34668	0.14316	0.51016	0
962	K	0.35527	0.14621	0.49852	0
963	A	0.35567	0.14705	0.49728	0
964	L	0.35607	0.15058	0.49335	0
965	K	0.37385	0.17227	0.45388	0
966	M	0.37861	0.17278	0.44861	0
967	P	0.38186	0.17387	0.44427	0
968	Y	0.38188	0.17413	0.44398	0
969	R	0.38040	0.17437	0.44523	0
970	I	0.38041	0.17463	0.44497	0
971	L	0.38041	0.1842	0.43539	0
972	P	0.38042	0.32368	0.29590	0
973	R	0.38046	0.60725	0.01230	0
974	Q	0.38046	0.61633	0.00321	0
975	L	0.38046	0.61642	0.00312	0
976	P	0.38046	0.61697	0.00257	0
977	Q	0.38046	0.61714	0.00241	0
978	K	0.38046	0.61776	0.00179	0
979	E	0.38046	0.61778	0.00177	0
980	R	0.36911	0.61778	0.01311	0
981	Q	0.35754	0.61778	0.02467	0
982	V	0.16690	0.61779	0.21531	0
983	A	0.16689	0.6178	0.21531	0
984	T	0.16689	0.61783	0.21528	0
985	A	0.16689	0.61785	0.21527	0
986	V	0.16687	0.61785	0.21528	0
987	Q	0.16687	0.61786	0.21527	0
988	W	0.16687	0.61788	0.21524	0
989	T	0.16687	0.6183	0.21482	0
990	K	0.16687	0.61941	0.21372	0
991	A	0.16687	0.61943	0.21370	0
992	E	0.16687	0.61952	0.21361	0
993	G	0.16686	0.61952	0.21362	0
994	S	0.16686	0.61952	0.21362	0
995	Y	0.16686	0.61948	0.21366	0
996	G	0.16686	0.61126	0.22188	0
997	V	0.16686	0.4865	0.34664	0
998	P	0.16686	0.44533	0.38781	0
999	L	0.16686	0.11281	0.72033	0
1000	W	0.16686	0.09631	0.73684	0
1001	I	0.16686	0.16888	0.66426	0
1002	I	0.16686	0.1401	0.69304	0
1003	I	0.16686	0.04577	0.78738	0
1004	L	0.16686	2e-05	0.83312	0
1005	A	0.16686	3e-05	0.83311	0
1006	I	0.16686	2e-05	0.83312	0
1007	L	0.16686	0	0.83314	0
1008	F	0.16686	1e-05	0.83313	0
1009	G	0.16686	2e-05	0.83312	0
1010	L	0.16686	2e-05	0.83312	0
1011	L	0.16686	2e-05	0.83312	0
1012	L	0.16687	2e-05	0.83311	0
1013	L	0.16687	2e-05	0.83310	0
1014	G	0.16688	3e-05	0.83309	0
1015	L	0.16693	1e-05	0.83305	0
1016	L	0.16834	1e-05	0.83165	0
1017	I	0.17063	1e-05	0.82936	0
1018	Y	0.19909	0	0.80091	0
1019	I	0.24558	0	0.75442	0
1020	L	0.37666	0	0.62334	0
1021	Y	0.52956	0	0.47044	0
1022	K	0.99991	0	0.00008	0
1023	L	0.99991	0	0.00008	0
1024	G	0.99991	0	0.00008	0
1025	F	0.99991	0	0.00008	0
1026	F	0.99992	0	0.00008	0
1027	K	0.99995	0	0.00005	0
1028	R	0.99995	0	0.00005	0
1029	S	0.99995	0	0.00005	0
1030	L	0.99995	0	0.00005	0
1031	P	0.99995	0	0.00005	0
1032	Y	0.99995	0	0.00005	0
1033	G	0.99995	0	0.00005	0
1034	T	0.99995	0	0.00005	0
1035	A	0.99996	0	0.00004	0
1036	M	0.99996	0	0.00004	0
1037	E	1.00000	0	0.00000	0
1038	K	1.00000	0	0.00000	0
1039	A	1.00000	0	0.00000	0
1040	Q	1.00000	0	0.00000	0
1041	L	1.00000	0	0.00000	0
1042	K	1.00000	0	0.00000	0
1043	P	1.00000	0	0.00000	0
1044	P	1.00000	0	0.00000	0
1045	A	1.00000	0	0.00000	0
1046	T	1.00000	0	0.00000	0
1047	S	1.00000	0	0.00000	0
1048	D	1.00000	0	0.00000	0
1049	A	1.00000	0	0.00000	0
