# UNNAMED
#pos	aa	i	o	M	S
1	M	0.00000	0.0097	0.00000	0.9903
2	L	0.00000	0.0097	0.00000	0.9903
3	G	0.00000	0.0097	0.00000	0.9903
4	P	0.00000	0.0097	0.00000	0.9903
5	A	0.00000	0.0097	0.00000	0.9903
6	V	0.00000	0.0097	0.00000	0.9903
7	L	0.00000	0.0097	0.00000	0.9903
8	G	0.00000	0.0097	0.00000	0.9903
9	L	0.00000	0.0097	0.00000	0.99031
10	S	0.00000	0.0097	0.00000	0.9903
11	L	0.00000	0.0097	0.00000	0.9903
12	W	0.00000	0.0097	0.00000	0.9903
13	A	0.00000	0.0097	0.00000	0.9903
14	L	0.00000	0.02894	0.00000	0.97106
15	L	0.00000	0.02894	0.00000	0.97106
16	H	0.00000	0.02894	0.00000	0.97106
17	P	0.00000	0.02894	0.00000	0.97106
18	G	0.00000	0.02899	0.00000	0.97101
19	T	0.00000	0.029	0.00000	0.97099
20	G	0.00000	0.029	0.00000	0.971
21	A	0.00000	0.09014	0.00000	0.90986
22	P	0.00000	0.09878	0.00000	0.90123
23	L	0.00000	0.0989	0.00000	0.9011
24	C	0.00000	0.13365	0.00000	0.86635
25	L	0.00000	0.13373	0.00000	0.86627
26	S	0.00000	0.15905	0.00000	0.84095
27	Q	0.00000	0.99397	0.00000	0.00602
28	Q	0.00000	0.99986	0.00000	0.00014
29	L	0.00000	1	0.00000	0
30	R	0.00000	1	0.00000	0
31	M	0.00000	1	0.00000	0
32	K	0.00000	1	0.00000	0
33	G	0.00000	1	0.00000	0
34	D	0.00000	1	0.00000	0
35	Y	0.00000	1	0.00000	0
36	V	0.00000	1	0.00000	0
37	L	0.00000	1	0.00000	0
38	G	0.00000	1	0.00000	0
39	G	0.00000	1	0.00000	0
40	L	0.00000	1	0.00000	0
41	F	0.00000	1	0.00000	0
42	P	0.00000	1	0.00000	0
43	L	0.00000	1	0.00000	0
44	G	0.00000	1	0.00000	0
45	E	0.00000	1	0.00000	0
46	A	0.00000	1	0.00000	0
47	E	0.00000	1	0.00000	0
48	E	0.00000	1	0.00000	0
49	A	0.00000	1	0.00000	0
50	G	0.00000	1	0.00000	0
51	L	0.00000	1	0.00000	0
52	R	0.00000	1	0.00000	0
53	S	0.00000	1	0.00000	0
54	R	0.00000	1	0.00000	0
55	T	0.00000	1	0.00000	0
56	R	0.00000	1	0.00000	0
57	P	0.00000	1	0.00000	0
58	S	0.00000	1	0.00000	0
59	S	0.00000	1	0.00000	0
60	P	0.00000	1	0.00000	0
61	V	0.00000	1	0.00000	0
62	C	0.00000	1	0.00000	0
63	T	0.00000	1	0.00000	0
64	R	0.00000	1	0.00000	0
65	F	0.00000	1	0.00000	0
66	S	0.00000	1	0.00000	0
67	S	0.00000	1	0.00000	0
68	N	0.00000	1	0.00000	0
69	G	0.00000	1	0.00000	0
70	L	0.00000	1	0.00000	0
71	L	0.00000	1	0.00000	0
72	W	0.00000	1	0.00000	0
73	A	0.00000	1	0.00000	0
74	L	0.00000	1	0.00000	0
75	A	0.00000	1	0.00000	0
76	M	0.00000	1	0.00000	0
77	K	0.00000	1	0.00000	0
78	M	0.00000	1	0.00000	0
79	A	0.00000	1	0.00000	0
80	V	0.00000	1	0.00000	0
81	E	0.00000	1	0.00000	0
82	E	0.00000	1	0.00000	0
83	I	0.00000	1	0.00000	0
84	N	0.00000	1	0.00000	0
85	N	0.00000	1	0.00000	0
86	K	0.00000	1	0.00000	0
87	S	0.00000	1	0.00000	0
88	D	0.00000	1	0.00000	0
89	L	0.00000	1	0.00000	0
90	L	0.00000	1	0.00000	0
91	P	0.00000	1	0.00000	0
92	G	0.00000	1	0.00000	0
93	L	0.00000	1	0.00000	0
94	R	0.00000	1	0.00000	0
95	L	0.00000	1	0.00000	0
96	G	0.00000	1	0.00000	0
97	Y	0.00000	1	0.00000	0
98	D	0.00000	1	0.00000	0
99	L	0.00000	1	0.00000	0
100	F	0.00000	1	0.00000	0
101	D	0.00000	1	0.00000	0
102	T	0.00000	1	0.00000	0
103	C	0.00000	1	0.00000	0
104	S	0.00000	1	0.00000	0
105	E	0.00000	1	0.00000	0
106	P	0.00000	1	0.00000	0
107	V	0.00000	1	0.00000	0
108	V	0.00000	1	0.00000	0
109	A	0.00000	1	0.00000	0
110	M	0.00000	1	0.00000	0
111	K	0.00000	1	0.00000	0
112	P	0.00000	1	0.00000	0
113	S	0.00000	1	0.00000	0
114	L	0.00000	1	0.00000	0
115	M	0.00000	1	0.00000	0
116	F	0.00000	1	0.00000	0
117	L	0.00000	1	0.00000	0
118	A	0.00000	1	0.00000	0
119	K	0.00000	1	0.00000	0
120	A	0.00000	1	0.00000	0
121	G	0.00000	1	0.00000	0
122	S	0.00000	1	0.00000	0
123	R	0.00000	1	0.00000	0
124	D	0.00000	1	0.00000	0
125	I	0.00000	1	0.00000	0
126	A	0.00000	1	0.00000	0
127	A	0.00000	1	0.00000	0
128	Y	0.00000	1	0.00000	0
129	C	0.00000	1	0.00000	0
130	N	0.00000	1	0.00000	0
131	Y	0.00000	1	0.00000	0
132	T	0.00000	1	0.00000	0
133	Q	0.00000	1	0.00000	0
134	Y	0.00000	1	0.00000	0
135	Q	0.00000	1	0.00000	0
136	P	0.00000	1	0.00000	0
137	R	0.00000	1	0.00000	0
138	V	0.00000	1	0.00000	0
139	L	0.00000	1	0.00000	0
140	A	0.00000	1	0.00000	0
141	V	0.00000	1	0.00000	0
142	I	0.00000	1	0.00000	0
143	G	0.00000	1	0.00000	0
144	P	0.00000	1	0.00000	0
145	H	0.00000	1	0.00000	0
146	S	0.00000	1	0.00000	0
147	S	0.00000	1	0.00000	0
148	E	0.00000	1	0.00000	0
149	L	0.00000	1	0.00000	0
150	A	0.00000	1	0.00000	0
151	M	0.00000	1	0.00000	0
152	V	0.00000	1	0.00000	0
153	T	0.00000	1	0.00000	0
154	G	0.00000	1	0.00000	0
155	K	0.00000	1	0.00000	0
156	F	0.00000	1	0.00000	0
157	F	0.00000	1	0.00000	0
158	S	0.00000	1	0.00000	0
159	F	0.00000	1	0.00000	0
160	F	0.00000	1	0.00000	0
161	L	0.00000	1	0.00000	0
162	M	0.00000	1	0.00000	0
163	P	0.00000	1	0.00000	0
164	Q	0.00000	1	0.00000	0
165	V	0.00000	1	0.00000	0
166	S	0.00000	1	0.00000	0
167	Y	0.00000	1	0.00000	0
168	G	0.00000	1	0.00000	0
169	A	0.00000	1	0.00000	0
170	S	0.00000	1	0.00000	0
171	M	0.00000	1	0.00000	0
172	E	0.00000	1	0.00000	0
173	L	0.00000	1	0.00000	0
174	L	0.00000	1	0.00000	0
175	S	0.00000	1	0.00000	0
176	A	0.00000	1	0.00000	0
177	R	0.00000	1	0.00000	0
178	E	0.00000	1	0.00000	0
179	T	0.00000	1	0.00000	0
180	F	0.00000	1	0.00000	0
181	P	0.00000	1	0.00000	0
182	S	0.00000	1	0.00000	0
183	F	0.00000	1	0.00000	0
184	F	0.00000	1	0.00000	0
185	R	0.00000	1	0.00000	0
186	T	0.00000	1	0.00000	0
187	V	0.00000	1	0.00000	0
188	P	0.00000	1	0.00000	0
189	S	0.00000	1	0.00000	0
190	D	0.00000	1	0.00000	0
191	R	0.00000	1	0.00000	0
192	V	0.00000	1	0.00000	0
193	Q	0.00000	1	0.00000	0
194	L	0.00000	1	0.00000	0
195	T	0.00000	1	0.00000	0
196	A	0.00000	1	0.00000	0
197	A	0.00000	1	0.00000	0
198	A	0.00000	1	0.00000	0
199	E	0.00000	1	0.00000	0
200	L	0.00000	1	0.00000	0
201	L	0.00000	1	0.00000	0
202	Q	0.00000	1	0.00000	0
203	E	0.00000	1	0.00000	0
204	F	0.00000	1	0.00000	0
205	G	0.00000	1	0.00000	0
206	W	0.00000	1	0.00000	0
207	N	0.00000	1	0.00000	0
208	W	0.00000	1	0.00000	0
209	V	0.00000	1	0.00000	0
210	A	0.00000	1	0.00000	0
211	A	0.00000	1	0.00000	0
212	L	0.00000	1	0.00000	0
213	G	0.00000	1	0.00000	0
214	S	0.00000	1	0.00000	0
215	D	0.00000	1	0.00000	0
216	D	0.00000	1	0.00000	0
217	E	0.00000	1	0.00000	0
218	Y	0.00000	1	0.00000	0
219	G	0.00000	1	0.00000	0
220	R	0.00000	1	0.00000	0
221	Q	0.00000	1	0.00000	0
222	G	0.00000	1	0.00000	0
223	L	0.00000	1	0.00000	0
224	S	0.00000	1	0.00000	0
225	I	0.00000	1	0.00000	0
226	F	0.00000	1	0.00000	0
227	S	0.00000	1	0.00000	0
228	A	0.00000	1	0.00000	0
229	L	0.00000	1	0.00000	0
230	A	0.00000	1	0.00000	0
231	A	0.00000	1	0.00000	0
232	A	0.00000	1	0.00000	0
233	R	0.00000	1	0.00000	0
234	G	0.00000	1	0.00000	0
235	I	0.00000	1	0.00000	0
236	C	0.00000	1	0.00000	0
237	I	0.00000	1	0.00000	0
238	A	0.00000	1	0.00000	0
239	H	0.00000	1	0.00000	0
240	E	0.00000	1	0.00000	0
241	G	0.00000	1	0.00000	0
242	L	0.00000	1	0.00000	0
243	V	0.00000	1	0.00000	0
244	P	0.00000	1	0.00000	0
245	L	0.00000	1	0.00000	0
246	P	0.00000	1	0.00000	0
247	R	0.00000	1	0.00000	0
248	A	0.00000	1	0.00000	0
249	D	0.00000	1	0.00000	0
250	D	0.00000	1	0.00000	0
251	S	0.00000	1	0.00000	0
252	R	0.00000	1	0.00000	0
253	L	0.00000	1	0.00000	0
254	G	0.00000	1	0.00000	0
255	K	0.00000	1	0.00000	0
256	V	0.00000	1	0.00000	0
257	Q	0.00000	1	0.00000	0
258	D	0.00000	1	0.00000	0
259	V	0.00000	1	0.00000	0
260	L	0.00000	1	0.00000	0
261	H	0.00000	1	0.00000	0
262	Q	0.00000	1	0.00000	0
263	V	0.00000	1	0.00000	0
264	N	0.00000	1	0.00000	0
265	Q	0.00000	1	0.00000	0
266	S	0.00000	1	0.00000	0
267	S	0.00000	1	0.00000	0
268	V	0.00000	1	0.00000	0
269	Q	0.00000	1	0.00000	0
270	V	0.00000	1	0.00000	0
271	V	0.00000	1	0.00000	0
272	L	0.00000	1	0.00000	0
273	L	0.00000	1	0.00000	0
274	F	0.00000	1	0.00000	0
275	A	0.00000	1	0.00000	0
276	S	0.00000	1	0.00000	0
277	V	0.00000	1	0.00000	0
278	H	0.00000	1	0.00000	0
279	A	0.00000	1	0.00000	0
280	A	0.00000	1	0.00000	0
281	H	0.00000	1	0.00000	0
282	A	0.00000	1	0.00000	0
283	L	0.00000	1	0.00000	0
284	F	0.00000	1	0.00000	0
285	N	0.00000	1	0.00000	0
286	Y	0.00000	1	0.00000	0
287	S	0.00000	1	0.00000	0
288	I	0.00000	1	0.00000	0
289	S	0.00000	1	0.00000	0
290	S	0.00000	1	0.00000	0
291	R	0.00000	1	0.00000	0
292	L	0.00000	1	0.00000	0
293	S	0.00000	1	0.00000	0
294	P	0.00000	1	0.00000	0
295	K	0.00000	1	0.00000	0
296	V	0.00000	1	0.00000	0
297	W	0.00000	1	0.00000	0
298	V	0.00000	1	0.00000	0
299	A	0.00000	1	0.00000	0
300	S	0.00000	1	0.00000	0
301	E	0.00000	1	0.00000	0
302	A	0.00000	1	0.00000	0
303	W	0.00000	1	0.00000	0
304	L	0.00000	1	0.00000	0
305	T	0.00000	1	0.00000	0
306	S	0.00000	1	0.00000	0
307	D	0.00000	1	0.00000	0
308	L	0.00000	1	0.00000	0
309	V	0.00000	1	0.00000	0
310	M	0.00000	1	0.00000	0
311	G	0.00000	1	0.00000	0
312	L	0.00000	1	0.00000	0
313	P	0.00000	1	0.00000	0
314	G	0.00000	1	0.00000	0
315	M	0.00000	1	0.00000	0
316	A	0.00000	1	0.00000	0
317	Q	0.00000	1	0.00000	0
318	M	0.00000	1	0.00000	0
319	G	0.00000	1	0.00000	0
320	T	0.00000	1	0.00000	0
321	V	0.00000	1	0.00000	0
322	L	0.00000	1	0.00000	0
323	G	0.00000	1	0.00000	0
324	F	0.00000	1	0.00000	0
325	L	0.00000	1	0.00000	0
326	Q	0.00000	1	0.00000	0
327	R	0.00000	1	0.00000	0
328	G	0.00000	1	0.00000	0
329	A	0.00000	1	0.00000	0
330	Q	0.00000	1	0.00000	0
331	L	0.00000	1	0.00000	0
332	H	0.00000	1	0.00000	0
333	E	0.00000	1	0.00000	0
334	F	0.00000	1	0.00000	0
335	P	0.00000	1	0.00000	0
336	Q	0.00000	1	0.00000	0
337	Y	0.00000	1	0.00000	0
338	V	0.00000	1	0.00000	0
339	K	0.00000	1	0.00000	0
340	T	0.00000	1	0.00000	0
341	H	0.00000	1	0.00000	0
342	L	0.00000	1	0.00000	0
343	A	0.00000	1	0.00000	0
344	L	0.00000	1	0.00000	0
345	A	0.00000	1	0.00000	0
346	T	0.00000	1	0.00000	0
347	D	0.00000	1	0.00000	0
348	P	0.00000	1	0.00000	0
349	A	0.00000	1	0.00000	0
350	F	0.00000	1	0.00000	0
351	C	0.00000	1	0.00000	0
352	S	0.00000	1	0.00000	0
353	A	0.00000	1	0.00000	0
354	L	0.00000	1	0.00000	0
355	G	0.00000	1	0.00000	0
356	E	0.00000	1	0.00000	0
357	R	0.00000	1	0.00000	0
358	E	0.00000	1	0.00000	0
359	Q	0.00000	1	0.00000	0
360	G	0.00000	1	0.00000	0
361	L	0.00000	1	0.00000	0
362	E	0.00000	1	0.00000	0
363	E	0.00000	1	0.00000	0
364	D	0.00000	1	0.00000	0
365	V	0.00000	1	0.00000	0
366	V	0.00000	1	0.00000	0
367	G	0.00000	1	0.00000	0
368	Q	0.00000	1	0.00000	0
369	R	0.00000	1	0.00000	0
370	C	0.00000	1	0.00000	0
371	P	0.00000	1	0.00000	0
372	Q	0.00000	1	0.00000	0
373	C	0.00000	1	0.00000	0
374	D	0.00000	1	0.00000	0
375	C	0.00000	1	0.00000	0
376	I	0.00000	1	0.00000	0
377	T	0.00000	1	0.00000	0
378	L	0.00000	1	0.00000	0
379	Q	0.00000	1	0.00000	0
380	N	0.00000	1	0.00000	0
381	V	0.00000	1	0.00000	0
382	S	0.00000	1	0.00000	0
383	A	0.00000	1	0.00000	0
384	G	0.00000	1	0.00000	0
385	L	0.00000	1	0.00000	0
386	N	0.00000	1	0.00000	0
387	H	0.00000	1	0.00000	0
388	H	0.00000	1	0.00000	0
389	Q	0.00000	1	0.00000	0
390	T	0.00000	1	0.00000	0
391	F	0.00000	1	0.00000	0
392	S	0.00000	1	0.00000	0
393	V	0.00000	1	0.00000	0
394	Y	0.00000	1	0.00000	0
395	A	0.00000	1	0.00000	0
396	A	0.00000	1	0.00000	0
397	V	0.00000	1	0.00000	0
398	Y	0.00000	1	0.00000	0
399	S	0.00000	1	0.00000	0
400	V	0.00000	1	0.00000	0
401	A	0.00000	1	0.00000	0
402	Q	0.00000	1	0.00000	0
403	A	0.00000	1	0.00000	0
404	L	0.00000	1	0.00000	0
405	H	0.00000	1	0.00000	0
406	N	0.00000	1	0.00000	0
407	T	0.00000	1	0.00000	0
408	L	0.00000	1	0.00000	0
409	Q	0.00000	1	0.00000	0
410	C	0.00000	1	0.00000	0
411	N	0.00000	1	0.00000	0
412	A	0.00000	1	0.00000	0
413	S	0.00000	1	0.00000	0
414	G	0.00000	1	0.00000	0
415	C	0.00000	1	0.00000	0
416	P	0.00000	1	0.00000	0
417	A	0.00000	1	0.00000	0
418	Q	0.00000	1	0.00000	0
419	D	0.00000	1	0.00000	0
420	P	0.00000	1	0.00000	0
421	V	0.00000	1	0.00000	0
422	K	0.00000	1	0.00000	0
423	P	0.00000	1	0.00000	0
424	W	0.00000	1	0.00000	0
425	Q	0.00000	1	0.00000	0
426	L	0.00000	1	0.00000	0
427	L	0.00000	1	0.00000	0
428	E	0.00000	1	0.00000	0
429	N	0.00000	1	0.00000	0
430	M	0.00000	1	0.00000	0
431	Y	0.00000	1	0.00000	0
432	N	0.00000	1	0.00000	0
433	L	0.00000	1	0.00000	0
434	T	0.00000	1	0.00000	0
435	F	0.00000	1	0.00000	0
436	H	0.00000	1	0.00000	0
437	V	0.00000	1	0.00000	0
438	G	0.00000	1	0.00000	0
439	G	0.00000	1	0.00000	0
440	L	0.00000	1	0.00000	0
441	P	0.00000	1	0.00000	0
442	L	0.00000	1	0.00000	0
443	R	0.00000	1	0.00000	0
444	F	0.00000	1	0.00000	0
445	D	0.00000	1	0.00000	0
446	S	0.00000	1	0.00000	0
447	S	0.00000	1	0.00000	0
448	G	0.00000	1	0.00000	0
449	N	0.00000	1	0.00000	0
450	V	0.00000	1	0.00000	0
451	D	0.00000	1	0.00000	0
452	M	0.00000	1	0.00000	0
453	E	0.00000	1	0.00000	0
454	Y	0.00000	1	0.00000	0
455	D	0.00000	1	0.00000	0
456	L	0.00000	1	0.00000	0
457	K	0.00000	1	0.00000	0
458	L	0.00000	1	0.00000	0
459	W	0.00000	1	0.00000	0
460	V	0.00000	1	0.00000	0
461	W	0.00000	1	0.00000	0
462	Q	0.00000	1	0.00000	0
463	G	0.00000	1	0.00000	0
464	S	0.00000	1	0.00000	0
465	V	0.00000	1	0.00000	0
466	P	0.00000	1	0.00000	0
467	R	0.00000	1	0.00000	0
468	L	0.00000	1	0.00000	0
469	H	0.00000	1	0.00000	0
470	D	0.00000	1	0.00000	0
471	V	0.00000	1	0.00000	0
472	G	0.00000	1	0.00000	0
473	R	0.00000	1	0.00000	0
474	F	0.00000	1	0.00000	0
475	N	0.00000	1	0.00000	0
476	G	0.00000	1	0.00000	0
477	S	0.00000	1	0.00000	0
478	L	0.00000	1	0.00000	0
479	R	0.00000	1	0.00000	0
480	T	0.00000	1	0.00000	0
481	E	0.00000	1	0.00000	0
482	R	0.00000	1	0.00000	0
483	L	0.00000	1	0.00000	0
484	K	0.00000	1	0.00000	0
485	I	0.00000	1	0.00000	0
486	R	0.00000	1	0.00000	0
487	W	0.00000	1	0.00000	0
488	H	0.00000	1	0.00000	0
489	T	0.00000	1	0.00000	0
490	S	0.00000	1	0.00000	0
491	D	0.00000	1	0.00000	0
492	N	0.00000	1	0.00000	0
493	Q	0.00000	1	0.00000	0
494	K	0.00000	1	0.00000	0
495	P	0.00000	1	0.00000	0
496	V	0.00000	1	0.00000	0
497	S	0.00000	1	0.00000	0
498	R	0.00000	1	0.00000	0
499	C	0.00000	1	0.00000	0
500	S	0.00000	1	0.00000	0
501	R	0.00000	1	0.00000	0
502	Q	0.00000	1	0.00000	0
503	C	0.00000	1	0.00000	0
504	Q	0.00000	1	0.00000	0
505	E	0.00000	1	0.00000	0
506	G	0.00000	1	0.00000	0
507	Q	0.00000	1	0.00000	0
508	V	0.00000	1	0.00000	0
509	R	0.00000	1	0.00000	0
510	R	0.00000	1	0.00000	0
511	V	0.00000	1	0.00000	0
512	K	0.00000	1	0.00000	0
513	G	0.00000	1	0.00000	0
514	F	0.00000	1	0.00000	0
515	H	0.00000	1	0.00000	0
516	S	0.00000	1	0.00000	0
517	C	0.00000	1	0.00000	0
518	C	0.00000	1	0.00000	0
519	Y	0.00000	1	0.00000	0
520	D	0.00000	1	0.00000	0
521	C	0.00000	1	0.00000	0
522	V	0.00000	1	0.00000	0
523	D	0.00000	1	0.00000	0
524	C	0.00000	1	0.00000	0
525	E	0.00000	1	0.00000	0
526	A	0.00000	1	0.00000	0
527	G	0.00000	1	0.00000	0
528	S	0.00000	1	0.00000	0
529	Y	0.00000	1	0.00000	0
530	R	0.00000	1	0.00000	0
531	Q	0.00000	1	0.00000	0
532	N	0.00000	1	0.00000	0
533	P	0.00000	1	0.00000	0
534	D	0.00000	1	0.00000	0
535	D	0.00000	1	0.00000	0
536	I	0.00000	1	0.00000	0
537	A	0.00000	1	0.00000	0
538	C	0.00000	1	0.00000	0
539	T	0.00000	1	0.00000	0
540	F	0.00000	1	0.00000	0
541	C	0.00000	1	0.00000	0
542	G	0.00000	1	0.00000	0
543	Q	0.00000	1	0.00000	0
544	D	0.00000	1	0.00000	0
545	E	0.00000	1	0.00000	0
546	W	0.00000	1	0.00000	0
547	S	0.00000	1	0.00000	0
548	P	0.00000	1	0.00000	0
549	E	0.00000	1	0.00000	0
550	R	0.00000	1	0.00000	0
551	S	0.00000	1	0.00000	0
552	T	0.00000	1	0.00000	0
553	R	0.00000	1	0.00000	0
554	C	0.00000	1	0.00000	0
555	F	0.00000	1	0.00000	0
556	R	0.00000	1	0.00000	0
557	R	0.00000	1	0.00000	0
558	R	0.00000	1	0.00000	0
559	S	0.00000	1	0.00000	0
560	R	0.00000	0.99983	0.00017	0
561	F	0.00000	0.99422	0.00578	0
562	L	0.00000	0.99348	0.00652	0
563	A	0.00000	0.98989	0.01011	0
564	W	0.00000	0.9852	0.01480	0
565	G	0.00000	0.98324	0.01676	0
566	E	0.00000	0.97895	0.02105	0
567	P	0.00000	0.84748	0.15252	0
568	A	0.00000	0.43574	0.56426	0
569	V	0.00000	0.13245	0.86755	0
570	L	0.00000	0.04812	0.95188	0
571	L	0.00000	0.0137	0.98630	0
572	L	0.00000	0.00217	0.99783	0
573	L	0.00000	0.00036	0.99964	0
574	L	0.00000	4e-05	0.99996	0
575	L	0.00000	0	1.00000	0
576	L	0.00000	0	1.00000	0
577	S	0.00000	0	1.00000	0
578	L	0.00000	0	1.00000	0
579	A	0.00000	0	1.00000	0
580	L	0.00000	0	1.00000	0
581	G	0.00000	0	1.00000	0
582	L	0.00000	0	1.00000	0
583	V	0.00000	0	1.00000	0
584	L	0.00000	0	1.00000	0
585	A	0.00000	0	1.00000	0
586	A	0.00000	0	1.00000	0
587	L	0.00000	0	1.00000	0
588	G	0.00000	0	1.00000	0
589	L	0.00002	0	0.99998	0
590	F	0.00038	0	0.99962	0
591	V	0.01326	0	0.98674	0
592	H	0.15336	0	0.84664	0
593	H	0.33521	0	0.66479	0
594	R	0.97064	0	0.02936	0
595	D	0.99978	0	0.00022	0
596	S	0.99998	0	0.00002	0
597	P	1.00000	0	0.00000	0
598	L	1.00000	0	0.00000	0
599	V	1.00000	0	0.00000	0
600	Q	0.99999	0	0.00001	0
601	A	0.99999	0	0.00001	0
602	S	0.99999	0	0.00001	0
603	G	0.99999	0	0.00001	0
604	G	0.99999	0	0.00001	0
605	P	0.99998	0	0.00002	0
606	L	0.14007	0	0.85993	0
607	A	0.05199	0	0.94801	0
608	C	0.00308	0	0.99692	0
609	F	0.00005	0	0.99995	0
610	G	0.00000	0	1.00000	0
611	L	0.00000	0	1.00000	0
612	V	0.00000	0	1.00000	0
613	C	0.00000	0	1.00000	0
614	L	0.00000	0	1.00000	0
615	G	0.00000	0	1.00000	0
616	L	0.00000	0	1.00000	0
617	V	0.00000	0	1.00000	0
618	C	0.00000	0	1.00000	0
619	L	0.00000	0	1.00000	0
620	S	0.00000	0	1.00000	0
621	V	0.00000	0	1.00000	0
622	L	0.00000	0	1.00000	0
623	L	0.00000	0	1.00000	0
624	F	0.00000	0.00018	0.99982	0
625	P	0.00000	0.0104	0.98960	0
626	G	0.00000	0.27665	0.72335	0
627	Q	0.00000	0.53613	0.46387	0
628	P	0.00000	0.70181	0.29819	0
629	S	0.00000	0.98327	0.01673	0
630	P	0.00000	0.99999	0.00001	0
631	A	0.00000	1	0.00000	0
632	R	0.00000	1	0.00000	0
633	C	0.00000	1	0.00000	0
634	L	0.00000	1	0.00000	0
635	A	0.00000	1	0.00000	0
636	Q	0.00000	0.99999	0.00001	0
637	Q	0.00000	0.99911	0.00089	0
638	P	0.00000	0.99216	0.00784	0
639	L	0.00000	0.62087	0.37913	0
640	S	0.00000	0.45528	0.54472	0
641	H	0.00000	0.20397	0.79603	0
642	L	0.00000	0.02961	0.97039	0
643	P	0.00000	0.02665	0.97335	0
644	L	0.00000	0.00064	0.99936	0
645	T	0.00000	0.00016	0.99984	0
646	G	0.00000	0.00012	0.99988	0
647	C	0.00000	0.00012	0.99988	0
648	L	0.00000	0.0001	0.99990	0
649	S	0.00000	0.0001	0.99990	0
650	T	0.00000	3e-05	0.99997	0
651	L	0.00000	0	1.00000	0
652	F	0.00000	0	1.00000	0
653	L	0.00000	0	1.00000	0
654	Q	0.00000	0	1.00000	0
655	A	0.00000	0	1.00000	0
656	A	0.00000	0	1.00000	0
657	E	0.00000	0	1.00000	0
658	I	0.00075	0	0.99925	0
659	F	0.00300	0	0.99700	0
660	V	0.01113	0	0.98887	0
661	E	0.01620	0	0.98380	0
662	S	0.45751	0	0.54249	0
663	E	0.52890	0	0.47110	0
664	L	0.67094	0	0.32906	0
665	P	0.99988	0	0.00012	0
666	L	0.99988	0	0.00012	0
667	S	0.99988	0	0.00012	0
668	W	0.99988	0	0.00012	0
669	A	0.99988	0	0.00012	0
670	D	0.99988	0	0.00012	0
671	R	0.99995	0	0.00005	0
672	L	0.99999	0	0.00001	0
673	S	0.99997	0	0.00003	0
674	G	0.99989	0	0.00011	0
675	C	0.99987	0	0.00013	0
676	L	0.99987	0	0.00013	0
677	R	0.99987	0	0.00013	0
678	G	0.99987	0	0.00013	0
679	P	0.99982	0	0.00018	0
680	W	0.99531	0	0.00469	0
681	A	0.62584	0	0.37416	0
682	W	0.11697	0	0.88303	0
683	L	0.00720	0	0.99280	0
684	V	0.00013	0	0.99987	0
685	V	0.00000	0	1.00000	0
686	L	0.00000	0	1.00000	0
687	L	0.00000	0	1.00000	0
688	A	0.00000	0	1.00000	0
689	M	0.00000	0	1.00000	0
690	L	0.00000	0	1.00000	0
691	V	0.00000	0	1.00000	0
692	E	0.00000	0	1.00000	0
693	V	0.00000	0	1.00000	0
694	A	0.00000	1e-05	0.99999	0
695	L	0.00000	3e-05	0.99997	0
696	C	0.00000	0.00012	0.99988	0
697	T	0.00000	0.00013	0.99987	0
698	W	0.00000	0.00013	0.99987	0
699	Y	0.00000	0.00013	0.99987	0
700	L	0.00000	0.00015	0.99985	0
701	V	0.00000	0.00086	0.99914	0
702	A	0.00000	0.0531	0.94690	0
703	F	0.00000	0.2445	0.75550	0
704	P	0.00000	0.9649	0.03510	0
705	P	0.00000	0.99675	0.00325	0
706	E	0.00000	0.99996	0.00004	0
707	V	0.00000	0.99999	0.00001	0
708	V	0.00000	1	0.00000	0
709	T	0.00000	1	0.00000	0
710	D	0.00000	1	0.00000	0
711	W	0.00000	1	0.00000	0
712	H	0.00000	1	0.00000	0
713	M	0.00000	1	0.00000	0
714	L	0.00000	1	0.00000	0
715	P	0.00000	1	0.00000	0
716	T	0.00000	1	0.00000	0
717	E	0.00000	1	0.00000	0
718	A	0.00000	1	0.00000	0
719	L	0.00000	1	0.00000	0
720	V	0.00000	1	0.00000	0
721	H	0.00000	1	0.00000	0
722	C	0.00000	0.99999	0.00001	0
723	R	0.00000	0.99998	0.00002	0
724	T	0.00000	0.99812	0.00188	0
725	R	0.00000	0.99784	0.00216	0
726	S	0.00000	0.78115	0.21885	0
727	W	0.00000	0.7752	0.22480	0
728	V	0.00000	0.74664	0.25336	0
729	S	0.00000	0.11113	0.88887	0
730	F	0.00000	0.02258	0.97742	0
731	G	0.00000	0.01636	0.98364	0
732	L	0.00000	3e-05	0.99997	0
733	A	0.00000	0	1.00000	0
734	H	0.00000	0	1.00000	0
735	A	0.00000	0	1.00000	0
736	T	0.00000	0	1.00000	0
737	N	0.00000	0	1.00000	0
738	A	0.00000	0	1.00000	0
739	T	0.00000	0	1.00000	0
740	L	0.00000	0	1.00000	0
741	A	0.00000	0	1.00000	0
742	F	0.00000	0	1.00000	0
743	L	0.00000	0	1.00000	0
744	C	0.00000	0	1.00000	0
745	F	0.00000	0	1.00000	0
746	L	0.00004	0	0.99996	0
747	G	0.00086	0	0.99914	0
748	T	0.00326	0	0.99674	0
749	F	0.00510	0	0.99490	0
750	L	0.03007	0	0.96993	0
751	V	0.16663	0	0.83337	0
752	R	0.88610	0	0.11390	0
753	S	0.97543	0	0.02457	0
754	Q	0.99960	0	0.00040	0
755	P	0.99998	0	0.00002	0
756	G	1.00000	0	0.00000	0
757	C	1.00000	0	0.00000	0
758	Y	1.00000	0	0.00000	0
759	N	1.00000	0	0.00000	0
760	R	0.99565	0	0.00435	0
761	A	0.98913	0	0.01087	0
762	R	0.95638	0	0.04362	0
763	G	0.43299	0	0.56701	0
764	L	0.41779	0	0.58221	0
765	T	0.36724	0	0.63276	0
766	F	0.00090	0	0.99910	0
767	A	0.00045	0	0.99955	0
768	M	0.00038	0	0.99962	0
769	L	0.00001	0	0.99999	0
770	A	0.00001	0	0.99999	0
771	Y	0.00000	0	1.00000	0
772	F	0.00000	0	1.00000	0
773	I	0.00000	0	1.00000	0
774	T	0.00000	0	1.00000	0
775	W	0.00000	0	1.00000	0
776	V	0.00000	0	1.00000	0
777	S	0.00000	0	1.00000	0
778	F	0.00000	0	1.00000	0
779	V	0.00000	0	1.00000	0
780	P	0.00000	2e-05	0.99998	0
781	L	0.00000	6e-05	0.99994	0
782	L	0.00000	0.00195	0.99805	0
783	A	0.00000	0.07848	0.92152	0
784	N	0.00000	0.51525	0.48475	0
785	V	0.00000	0.54477	0.45523	0
786	Q	0.00000	0.28258	0.71742	0
787	V	0.00000	0.17692	0.82308	0
788	V	0.00000	0.1803	0.81970	0
789	L	0.00000	0.23175	0.76825	0
790	R	0.00000	0.3628	0.63720	0
791	P	0.00000	0.24171	0.75829	0
792	A	0.00000	0.10909	0.89091	0
793	V	0.00000	0.08273	0.91727	0
794	Q	0.00000	0.08028	0.91972	0
795	M	0.00000	0.06314	0.93686	0
796	G	0.00000	0.05636	0.94364	0
797	A	0.00000	0.03077	0.96923	0
798	L	0.00000	0.00369	0.99631	0
799	L	0.00000	1e-05	0.99999	0
800	L	0.00000	0	1.00000	0
801	C	0.00000	0	1.00000	0
802	V	0.00000	0	1.00000	0
803	L	0.00000	0	1.00000	0
804	G	0.00012	0	0.99988	0
805	I	0.01077	0	0.98923	0
806	L	0.17005	0	0.82995	0
807	A	0.37675	0	0.62325	0
808	A	0.43374	0	0.56626	0
809	F	0.47442	0	0.52558	0
810	H	0.61430	0	0.38570	0
811	L	0.68336	0	0.31664	0
812	P	0.73622	0	0.26378	0
813	R	0.91772	0	0.08228	0
814	C	0.91772	0	0.08228	0
815	Y	0.91772	0	0.08228	0
816	L	0.91773	0	0.08227	0
817	L	0.91773	0	0.08227	0
818	M	0.91774	0	0.08226	0
819	R	1.00000	0	0.00000	0
820	Q	1.00000	0	0.00000	0
821	P	1.00000	0	0.00000	0
822	G	1.00000	0	0.00000	0
823	L	1.00000	0	0.00000	0
824	N	1.00000	0	0.00000	0
825	T	1.00000	0	0.00000	0
826	P	1.00000	0	0.00000	0
827	E	1.00000	0	0.00000	0
828	F	1.00000	0	0.00000	0
829	F	1.00000	0	0.00000	0
830	L	1.00000	0	0.00000	0
831	G	1.00000	0	0.00000	0
832	G	1.00000	0	0.00000	0
833	G	1.00000	0	0.00000	0
834	P	1.00000	0	0.00000	0
835	G	1.00000	0	0.00000	0
836	D	1.00000	0	0.00000	0
837	A	1.00000	0	0.00000	0
838	Q	1.00000	0	0.00000	0
839	G	1.00000	0	0.00000	0
840	Q	1.00000	0	0.00000	0
841	N	1.00000	0	0.00000	0
842	D	1.00000	0	0.00000	0
843	G	1.00000	0	0.00000	0
844	N	1.00000	0	0.00000	0
845	T	1.00000	0	0.00000	0
846	G	1.00000	0	0.00000	0
847	N	1.00000	0	0.00000	0
848	Q	1.00000	0	0.00000	0
849	G	1.00000	0	0.00000	0
850	K	1.00000	0	0.00000	0
851	H	1.00000	0	0.00000	0
852	E	1.00000	0	0.00000	0
