# UNNAMED
#pos	aa	i	o	M	S
1	M	0.00000	0.99999	0.00000	1e-05
2	G	0.00000	0.99999	0.00000	0
3	P	0.00000	0.99999	0.00000	0
4	T	0.00000	0.99999	0.00000	0
5	S	0.00000	0.99999	0.00000	1e-05
6	V	0.00000	0.99999	0.00000	1e-05
7	P	0.00000	0.99999	0.00000	1e-05
8	L	0.00000	0.99999	0.00000	1e-05
9	V	0.00000	0.99999	0.00000	1e-05
10	K	0.00000	0.99999	0.00000	0
11	A	0.00000	0.99999	0.00000	0
12	H	0.00000	0.99999	0.00000	0
13	R	0.00000	0.99999	0.00000	1e-05
14	S	0.00000	0.99999	0.00000	1e-05
15	S	0.00000	0.99999	0.00000	0
16	V	0.00000	1	0.00000	0
17	S	0.00000	1	0.00000	0
18	D	0.00000	1	0.00000	0
19	Y	0.00000	1	0.00000	0
20	V	0.00000	1	0.00000	0
21	N	0.00000	1	0.00000	0
22	Y	0.00000	1	0.00000	0
23	D	0.00000	1	0.00000	0
24	I	0.00000	1	0.00000	0
25	I	0.00000	1	0.00000	0
26	V	0.00000	1	0.00000	0
27	R	0.00000	1	0.00000	0
28	H	0.00000	1	0.00000	0
29	Y	0.00000	1	0.00000	0
30	N	0.00000	1	0.00000	0
31	Y	0.00000	1	0.00000	0
32	T	0.00000	1	0.00000	0
33	G	0.00000	1	0.00000	0
34	K	0.00000	1	0.00000	0
35	L	0.00000	1	0.00000	0
36	N	0.00000	1	0.00000	0
37	I	0.00000	1	0.00000	0
38	S	0.00000	1	0.00000	0
39	A	0.00000	1	0.00000	0
40	D	0.00000	1	0.00000	0
41	K	0.00000	1	0.00000	0
42	E	0.00000	1	0.00000	0
43	N	0.00000	0.99993	0.00007	0
44	S	0.00000	0.99554	0.00446	0
45	I	0.00000	0.9865	0.01350	0
46	K	0.00000	0.98452	0.01548	0
47	L	0.00000	0.86436	0.13564	0
48	T	0.00000	0.73058	0.26942	0
49	S	0.00000	0.5214	0.47860	0
50	V	0.00000	0.15952	0.84048	0
51	V	0.00000	0.00284	0.99716	0
52	F	0.00000	2e-05	0.99998	0
53	I	0.00000	0	1.00000	0
54	L	0.00000	0	1.00000	0
55	I	0.00000	0	1.00000	0
56	C	0.00000	0	1.00000	0
57	C	0.00000	0	1.00000	0
58	F	0.00000	0	1.00000	0
59	I	0.00000	0	1.00000	0
60	I	0.00000	0	1.00000	0
61	L	0.00000	0	1.00000	0
62	E	0.00000	0	1.00000	0
63	N	0.00000	0	1.00000	0
64	I	0.00000	0	1.00000	0
65	F	0.00000	0	1.00000	0
66	V	0.00000	0	1.00000	0
67	L	0.00002	0	0.99998	0
68	L	0.00168	0	0.99832	0
69	T	0.08802	0	0.91198	0
70	I	0.11827	0	0.88173	0
71	W	0.44643	0	0.55357	0
72	K	0.98176	0	0.01824	0
73	T	0.99769	0	0.00231	0
74	K	0.99994	0	0.00006	0
75	K	1.00000	0	0.00000	0
76	F	1.00000	0	0.00000	0
77	H	1.00000	0	0.00000	0
78	R	1.00000	0	0.00000	0
79	P	1.00000	0	0.00000	0
80	M	0.66143	0	0.33857	0
81	Y	0.56287	0	0.43713	0
82	Y	0.23827	0	0.76173	0
83	F	0.00410	0	0.99590	0
84	I	0.00041	0	0.99959	0
85	G	0.00013	0	0.99987	0
86	N	0.00001	0	0.99999	0
87	L	0.00000	0	1.00000	0
88	A	0.00000	0	1.00000	0
89	L	0.00000	0	1.00000	0
90	S	0.00000	0	1.00000	0
91	D	0.00000	0	1.00000	0
92	L	0.00000	0	1.00000	0
93	L	0.00000	0	1.00000	0
94	A	0.00000	0	1.00000	0
95	G	0.00000	0	1.00000	0
96	V	0.00000	0	1.00000	0
97	A	0.00000	1e-05	0.99999	0
98	Y	0.00000	0.00192	0.99808	0
99	T	0.00000	0.01457	0.98543	0
100	A	0.00000	0.05677	0.94323	0
101	N	0.00000	0.11073	0.88927	0
102	L	0.00000	0.11635	0.88365	0
103	L	0.00000	0.1559	0.84410	0
104	L	0.00000	0.25435	0.74565	0
105	S	0.00000	0.60486	0.39514	0
106	G	0.00000	0.70257	0.29743	0
107	A	0.00000	0.82091	0.17909	0
108	T	0.00000	0.94381	0.05619	0
109	T	0.00000	0.98283	0.01717	0
110	Y	0.00000	0.99351	0.00649	0
111	K	0.00000	0.99956	0.00044	0
112	L	0.00000	0.99977	0.00023	0
113	T	0.00000	0.99998	0.00002	0
114	P	0.00000	1	0.00000	0
115	A	0.00000	1	0.00000	0
116	Q	0.00000	0.99144	0.00856	0
117	W	0.00000	0.99144	0.00856	0
118	F	0.00000	0.99144	0.00856	0
119	L	0.00000	0.99144	0.00856	0
120	R	0.00000	0.99144	0.00856	0
121	E	0.00000	0.99144	0.00856	0
122	G	0.00000	0.48712	0.51288	0
123	S	0.00000	0.25233	0.74767	0
124	M	0.00000	0.00373	0.99627	0
125	F	0.00000	5e-05	0.99995	0
126	V	0.00000	0	1.00000	0
127	A	0.00000	0	1.00000	0
128	L	0.00000	0	1.00000	0
129	S	0.00000	0	1.00000	0
130	A	0.00000	0	1.00000	0
131	S	0.00000	0	1.00000	0
132	V	0.00000	0	1.00000	0
133	F	0.00000	0	1.00000	0
134	S	0.00000	0	1.00000	0
135	L	0.00000	0	1.00000	0
136	L	0.00000	0	1.00000	0
137	A	0.00001	0	0.99999	0
138	I	0.00003	0	0.99997	0
139	A	0.00009	0	0.99991	0
140	I	0.00043	0	0.99957	0
141	E	0.00084	0	0.99916	0
142	R	0.01653	0	0.98347	0
143	Y	0.24967	0	0.75033	0
144	I	0.54621	0	0.45379	0
145	T	0.93999	0	0.06001	0
146	M	0.99831	0	0.00169	0
147	L	1.00000	0	0.00000	0
148	K	1.00000	0	0.00000	0
149	M	1.00000	0	0.00000	0
150	K	1.00000	0	0.00000	0
151	L	1.00000	0	0.00000	0
152	H	1.00000	0	0.00000	0
153	N	1.00000	0	0.00000	0
154	G	1.00000	0	0.00000	0
155	S	1.00000	0	0.00000	0
156	N	0.99999	0	0.00001	0
157	N	0.99943	0	0.00057	0
158	F	0.98344	0	0.01656	0
159	R	0.97075	0	0.02925	0
160	L	0.09745	0	0.90255	0
161	F	0.01169	0	0.98831	0
162	L	0.00086	0	0.99914	0
163	L	0.00012	0	0.99988	0
164	I	0.00001	0	0.99999	0
165	S	0.00000	0	1.00000	0
166	A	0.00000	0	1.00000	0
167	C	0.00000	0	1.00000	0
168	W	0.00000	0	1.00000	0
169	V	0.00000	0	1.00000	0
170	I	0.00000	0	1.00000	0
171	S	0.00000	0	1.00000	0
172	L	0.00000	0	1.00000	0
173	I	0.00000	0	1.00000	0
174	L	0.00000	0	1.00000	0
175	G	0.00000	0	1.00000	0
176	G	0.00000	1e-05	0.99999	0
177	L	0.00000	4e-05	0.99996	0
178	P	0.00000	0.00095	0.99905	0
179	I	0.00000	0.00217	0.99783	0
180	M	0.00000	0.02087	0.97913	0
181	G	0.00000	0.5313	0.46870	0
182	W	0.00000	0.83357	0.16643	0
183	N	0.00000	0.98764	0.01236	0
184	C	0.00000	0.99955	0.00045	0
185	I	0.00000	0.99987	0.00013	0
186	S	0.00000	0.99998	0.00002	0
187	A	0.00000	0.99999	0.00001	0
188	L	0.00000	1	0.00000	0
189	S	0.00000	1	0.00000	0
190	S	0.00000	1	0.00000	0
191	C	0.00000	1	0.00000	0
192	S	0.00000	1	0.00000	0
193	T	0.00000	1	0.00000	0
194	V	0.00000	1	0.00000	0
195	L	0.00000	0.99932	0.00068	0
196	P	0.00000	0.99913	0.00087	0
197	L	0.00000	0.99784	0.00216	0
198	Y	0.00000	0.99765	0.00235	0
199	H	0.00000	0.9975	0.00250	0
200	K	0.00000	0.9962	0.00380	0
201	H	0.00000	0.29248	0.70752	0
202	Y	0.00000	0.12272	0.87728	0
203	I	0.00000	0.01451	0.98549	0
204	L	0.00000	0.00046	0.99954	0
205	F	0.00000	0.0001	0.99990	0
206	C	0.00000	2e-05	0.99998	0
207	T	0.00000	0	1.00000	0
208	T	0.00000	0	1.00000	0
209	V	0.00000	0	1.00000	0
210	F	0.00000	0	1.00000	0
211	T	0.00000	0	1.00000	0
212	L	0.00000	0	1.00000	0
213	L	0.00000	0	1.00000	0
214	L	0.00000	0	1.00000	0
215	L	0.00000	0	1.00000	0
216	S	0.00000	0	1.00000	0
217	I	0.00000	0	1.00000	0
218	V	0.00000	0	1.00000	0
219	I	0.00000	0	1.00000	0
220	L	0.00002	0	0.99998	0
221	Y	0.00008	0	0.99992	0
222	C	0.00322	0	0.99678	0
223	R	0.07043	0	0.92957	0
224	I	0.08192	0	0.91808	0
225	Y	0.17533	0	0.82467	0
226	S	0.89494	0	0.10506	0
227	L	0.91942	0	0.08058	0
228	V	0.99742	0	0.00258	0
229	R	0.99994	0	0.00006	0
230	T	1.00000	0	0.00000	0
231	R	1.00000	0	0.00000	0
232	S	1.00000	0	0.00000	0
233	R	1.00000	0	0.00000	0
234	R	1.00000	0	0.00000	0
235	L	1.00000	0	0.00000	0
236	T	1.00000	0	0.00000	0
237	F	1.00000	0	0.00000	0
238	R	1.00000	0	0.00000	0
239	K	1.00000	0	0.00000	0
240	N	1.00000	0	0.00000	0
241	I	1.00000	0	0.00000	0
242	S	1.00000	0	0.00000	0
243	K	1.00000	0	0.00000	0
244	A	1.00000	0	0.00000	0
245	S	1.00000	0	0.00000	0
246	R	1.00000	0	0.00000	0
247	S	1.00000	0	0.00000	0
248	S	1.00000	0	0.00000	0
249	E	1.00000	0	0.00000	0
250	K	1.00000	0	0.00000	0
251	S	0.99399	0	0.00601	0
252	L	0.29058	0	0.70942	0
253	A	0.06112	0	0.93888	0
254	L	0.05113	0	0.94887	0
255	L	0.04821	0	0.95179	0
256	K	0.03510	0	0.96490	0
257	T	0.03479	0	0.96521	0
258	V	0.00044	0	0.99956	0
259	I	0.00000	0	1.00000	0
260	I	0.00000	0	1.00000	0
261	V	0.00000	0	1.00000	0
262	L	0.00000	0	1.00000	0
263	S	0.00000	0	1.00000	0
264	V	0.00000	0	1.00000	0
265	F	0.00000	0	1.00000	0
266	I	0.00000	0	1.00000	0
267	A	0.00000	0	1.00000	0
268	C	0.00000	0	1.00000	0
269	W	0.00000	0	1.00000	0
270	A	0.00000	0	1.00000	0
271	P	0.00000	0	1.00000	0
272	L	0.00000	0	1.00000	0
273	F	0.00000	0	1.00000	0
274	I	0.00000	0.00037	0.99963	0
275	L	0.00000	0.00254	0.99746	0
276	L	0.00000	0.01039	0.98961	0
277	L	0.00000	0.08125	0.91875	0
278	L	0.00000	0.31985	0.68015	0
279	D	0.00000	0.99606	0.00394	0
280	V	0.00000	0.9973	0.00270	0
281	G	0.00000	0.99949	0.00051	0
282	C	0.00000	0.99996	0.00004	0
283	K	0.00000	1	0.00000	0
284	V	0.00000	1	0.00000	0
285	K	0.00000	1	0.00000	0
286	T	0.00000	1	0.00000	0
287	C	0.00000	1	0.00000	0
288	D	0.00000	0.99964	0.00036	0
289	I	0.00000	0.98447	0.01553	0
290	L	0.00000	0.89882	0.10118	0
291	F	0.00000	0.84955	0.15045	0
292	R	0.00000	0.8251	0.17490	0
293	A	0.00000	0.67769	0.32231	0
294	E	0.00000	0.52165	0.47835	0
295	Y	0.00000	0.11881	0.88119	0
296	F	0.00000	0.00772	0.99228	0
297	L	0.00000	4e-05	0.99996	0
298	V	0.00000	0	1.00000	0
299	L	0.00000	0	1.00000	0
300	A	0.00000	0	1.00000	0
301	V	0.00000	0	1.00000	0
302	L	0.00000	0	1.00000	0
303	N	0.00000	0	1.00000	0
304	S	0.00000	0	1.00000	0
305	G	0.00000	0	1.00000	0
306	T	0.00000	0	1.00000	0
307	N	0.00000	0	1.00000	0
308	P	0.00000	0	1.00000	0
309	I	0.00000	0	1.00000	0
310	I	0.00009	0	0.99991	0
311	Y	0.00118	0	0.99882	0
312	T	0.00696	0	0.99304	0
313	L	0.01265	0	0.98735	0
314	T	0.12728	0	0.87272	0
315	N	0.52715	0	0.47285	0
316	K	1.00000	0	0.00000	0
317	E	1.00000	0	0.00000	0
318	M	1.00000	0	0.00000	0
319	R	1.00000	0	0.00000	0
320	R	1.00000	0	0.00000	0
321	A	1.00000	0	0.00000	0
322	F	1.00000	0	0.00000	0
323	I	1.00000	0	0.00000	0
324	R	1.00000	0	0.00000	0
325	I	1.00000	0	0.00000	0
326	M	1.00000	0	0.00000	0
327	S	1.00000	0	0.00000	0
328	C	1.00000	0	0.00000	0
329	C	1.00000	0	0.00000	0
330	K	1.00000	0	0.00000	0
331	C	1.00000	0	0.00000	0
332	P	1.00000	0	0.00000	0
333	S	1.00000	0	0.00000	0
334	G	1.00000	0	0.00000	0
335	D	1.00000	0	0.00000	0
336	S	1.00000	0	0.00000	0
337	A	1.00000	0	0.00000	0
338	G	1.00000	0	0.00000	0
339	K	1.00000	0	0.00000	0
340	F	1.00000	0	0.00000	0
341	K	1.00000	0	0.00000	0
342	R	1.00000	0	0.00000	0
343	P	1.00000	0	0.00000	0
344	I	1.00000	0	0.00000	0
345	I	1.00000	0	0.00000	0
346	A	1.00000	0	0.00000	0
347	G	1.00000	0	0.00000	0
348	M	1.00000	0	0.00000	0
349	E	1.00000	0	0.00000	0
350	F	1.00000	0	0.00000	0
351	S	1.00000	0	0.00000	0
352	R	1.00000	0	0.00000	0
353	S	1.00000	0	0.00000	0
354	K	1.00000	0	0.00000	0
355	S	1.00000	0	0.00000	0
356	D	1.00000	0	0.00000	0
357	N	1.00000	0	0.00000	0
358	S	1.00000	0	0.00000	0
359	S	1.00000	0	0.00000	0
360	H	1.00000	0	0.00000	0
361	P	1.00000	0	0.00000	0
362	Q	1.00000	0	0.00000	0
363	K	1.00000	0	0.00000	0
364	D	1.00000	0	0.00000	0
365	E	1.00000	0	0.00000	0
366	G	1.00000	0	0.00000	0
367	D	1.00000	0	0.00000	0
368	N	1.00000	0	0.00000	0
369	P	1.00000	0	0.00000	0
370	E	1.00000	0	0.00000	0
371	T	1.00000	0	0.00000	0
372	I	1.00000	0	0.00000	0
373	M	1.00000	0	0.00000	0
374	S	1.00000	0	0.00000	0
375	S	1.00000	0	0.00000	0
376	G	1.00000	0	0.00000	0
377	N	1.00000	0	0.00000	0
378	V	1.00000	0	0.00000	0
379	N	1.00000	0	0.00000	0
380	S	1.00000	0	0.00000	0
381	S	1.00000	0	0.00000	0
382	S	1.00000	0	0.00000	0
