# UNNAMED
#pos	aa	i	o	M	S
1	M	0.00000	1	0.00000	0
2	N	0.00000	1	0.00000	0
3	S	0.00000	1	0.00000	0
4	W	0.00000	1	0.00000	0
5	D	0.00000	1	0.00000	0
6	A	0.00000	0.94065	0.05935	0
7	G	0.00000	0.86319	0.13681	0
8	L	0.00000	0.67538	0.32462	0
9	A	0.00000	0.47629	0.52371	0
10	G	0.00000	0.3874	0.61260	0
11	L	0.00000	0.09186	0.90814	0
12	L	0.00000	0.01391	0.98609	0
13	V	0.00000	0.00256	0.99744	0
14	G	0.00000	0.00062	0.99938	0
15	T	0.00000	0.0001	0.99990	0
16	M	0.00000	3e-05	0.99997	0
17	G	0.00000	0	1.00000	0
18	V	0.00000	0	1.00000	0
19	S	0.00000	0	1.00000	0
20	L	0.00000	0	1.00000	0
21	L	0.00000	0	1.00000	0
22	S	0.00000	0	1.00000	0
23	N	0.00000	0	1.00000	0
24	A	0.00000	0	1.00000	0
25	L	0.00000	0	1.00000	0
26	V	0.00000	0	1.00000	0
27	L	0.00000	0	1.00000	0
28	L	0.00002	0	0.99998	0
29	C	0.00134	0	0.99866	0
30	L	0.01236	0	0.98764	0
31	L	0.09902	0	0.90098	0
32	H	0.52587	0	0.47413	0
33	S	0.88371	0	0.11629	0
34	A	0.94508	0	0.05492	0
35	D	0.99870	0	0.00130	0
36	I	0.99903	0	0.00097	0
37	R	1.00000	0	0.00000	0
38	R	1.00000	0	0.00000	0
39	Q	1.00000	0	0.00000	0
40	A	1.00000	0	0.00000	0
41	P	1.00000	0	0.00000	0
42	A	0.96263	0	0.03737	0
43	L	0.17906	0	0.82094	0
44	F	0.00928	0	0.99072	0
45	T	0.00552	0	0.99448	0
46	L	0.00010	0	0.99990	0
47	N	0.00004	0	0.99996	0
48	L	0.00001	0	0.99999	0
49	T	0.00001	0	0.99999	0
50	C	0.00000	0	1.00000	0
51	G	0.00000	0	1.00000	0
52	N	0.00000	0	1.00000	0
53	L	0.00000	0	1.00000	0
54	L	0.00000	0	1.00000	0
55	C	0.00000	0	1.00000	0
56	T	0.00000	0	1.00000	0
57	V	0.00000	0	1.00000	0
58	V	0.00000	0	1.00000	0
59	N	0.00000	0	1.00000	0
60	M	0.00000	0	1.00000	0
61	P	0.00000	0.00045	0.99955	0
62	L	0.00000	0.01083	0.98917	0
63	T	0.00000	0.09225	0.90775	0
64	L	0.00000	0.14479	0.85521	0
65	A	0.00000	0.61591	0.38409	0
66	G	0.00000	0.99613	0.00387	0
67	V	0.00000	0.99637	0.00363	0
68	V	0.00000	0.99702	0.00298	0
69	A	0.00000	0.9984	0.00160	0
70	Q	0.00000	0.99961	0.00039	0
71	R	0.00000	0.99999	0.00001	0
72	Q	0.00000	1	0.00000	0
73	P	0.00000	1	0.00000	0
74	A	0.00000	1	0.00000	0
75	G	0.00000	1	0.00000	0
76	D	0.00000	1	0.00000	0
77	R	0.00000	0.99995	0.00005	0
78	L	0.00000	0.99984	0.00016	0
79	C	0.00000	0.99977	0.00023	0
80	R	0.00000	0.99696	0.00304	0
81	L	0.00000	0.99222	0.00778	0
82	A	0.00000	0.42284	0.57716	0
83	A	0.00000	0.2354	0.76460	0
84	F	0.00000	0.01895	0.98105	0
85	L	0.00000	0.00136	0.99864	0
86	D	0.00000	0.0004	0.99960	0
87	T	0.00000	0	1.00000	0
88	F	0.00000	0	1.00000	0
89	L	0.00000	0	1.00000	0
90	A	0.00000	0	1.00000	0
91	A	0.00000	0	1.00000	0
92	N	0.00000	0	1.00000	0
93	S	0.00000	0	1.00000	0
94	M	0.00000	0	1.00000	0
95	L	0.00000	0	1.00000	0
96	S	0.00000	0	1.00000	0
97	M	0.00000	0	1.00000	0
98	A	0.00000	0	1.00000	0
99	A	0.00000	0	1.00000	0
100	L	0.00000	0	1.00000	0
101	S	0.00000	0	1.00000	0
102	I	0.00000	0	1.00000	0
103	D	0.00003	0	0.99997	0
104	R	0.01344	0	0.98656	0
105	W	0.24974	0	0.75026	0
106	V	0.91890	0	0.08110	0
107	A	0.98949	0	0.01051	0
108	V	1.00000	0	0.00000	0
109	V	1.00000	0	0.00000	0
110	F	1.00000	0	0.00000	0
111	P	1.00000	0	0.00000	0
112	L	1.00000	0	0.00000	0
113	S	1.00000	0	0.00000	0
114	Y	1.00000	0	0.00000	0
115	R	1.00000	0	0.00000	0
116	A	1.00000	0	0.00000	0
117	K	1.00000	0	0.00000	0
118	M	1.00000	0	0.00000	0
119	R	1.00000	0	0.00000	0
120	L	0.99940	0	0.00060	0
121	R	0.99913	0	0.00087	0
122	D	0.98110	0	0.01890	0
123	A	0.42162	0	0.57838	0
124	A	0.17761	0	0.82239	0
125	L	0.02475	0	0.97525	0
126	M	0.00547	0	0.99453	0
127	V	0.00130	0	0.99870	0
128	A	0.00096	0	0.99904	0
129	Y	0.00007	0	0.99993	0
130	T	0.00003	0	0.99997	0
131	W	0.00000	0	1.00000	0
132	L	0.00000	0	1.00000	0
133	H	0.00000	0	1.00000	0
134	A	0.00000	0	1.00000	0
135	L	0.00000	0	1.00000	0
136	T	0.00000	0	1.00000	0
137	F	0.00000	0	1.00000	0
138	P	0.00000	0	1.00000	0
139	A	0.00000	0	1.00000	0
140	A	0.00000	1e-05	0.99999	0
141	A	0.00000	4e-05	0.99996	0
142	L	0.00000	0.00042	0.99958	0
143	A	0.00000	0.01096	0.98904	0
144	L	0.00000	0.16033	0.83967	0
145	S	0.00000	0.70871	0.29129	0
146	W	0.00000	0.843	0.15700	0
147	L	0.00000	0.8984	0.10160	0
148	G	0.00000	0.98842	0.01158	0
149	F	0.00000	0.99365	0.00635	0
150	H	0.00000	0.99926	0.00074	0
151	Q	0.00000	0.99992	0.00008	0
152	L	0.00000	0.99995	0.00005	0
153	Y	0.00000	0.99998	0.00002	0
154	A	0.00000	0.99999	0.00001	0
155	S	0.00000	1	0.00000	0
156	C	0.00000	1	0.00000	0
157	T	0.00000	1	0.00000	0
158	L	0.00000	1	0.00000	0
159	C	0.00000	1	0.00000	0
160	S	0.00000	1	0.00000	0
161	R	0.00000	1	0.00000	0
162	R	0.00000	1	0.00000	0
163	P	0.00000	1	0.00000	0
164	D	0.00000	1	0.00000	0
165	E	0.00000	1	0.00000	0
166	R	0.00000	0.9998	0.00020	0
167	L	0.00000	0.99762	0.00238	0
168	R	0.00000	0.9943	0.00570	0
169	F	0.00000	0.36633	0.63367	0
170	A	0.00000	0.35627	0.64373	0
171	V	0.00000	0.35346	0.64654	0
172	F	0.00000	0.11323	0.88677	0
173	T	0.00000	0.10415	0.89585	0
174	G	0.00000	0.10162	0.89838	0
175	A	0.00000	0.0005	0.99950	0
176	F	0.00000	8e-05	0.99992	0
177	H	0.00000	7e-05	0.99993	0
178	A	0.00000	6e-05	0.99994	0
179	L	0.00000	0	1.00000	0
180	S	0.00000	0	1.00000	0
181	F	0.00000	0	1.00000	0
182	L	0.00000	0	1.00000	0
183	L	0.00000	0	1.00000	0
184	S	0.00000	0	1.00000	0
185	F	0.00000	0	1.00000	0
186	V	0.00000	0	1.00000	0
187	V	0.00000	0	1.00000	0
188	L	0.00000	0	1.00000	0
189	C	0.00000	0	1.00000	0
190	C	0.00028	0	0.99972	0
191	T	0.00883	0	0.99117	0
192	Y	0.01717	0	0.98283	0
193	L	0.10361	0	0.89639	0
194	K	0.49702	0	0.50298	0
195	V	0.51379	0	0.48621	0
196	L	0.57638	0	0.42362	0
197	K	0.97193	0	0.02807	0
198	V	0.97602	0	0.02398	0
199	A	0.99754	0	0.00246	0
200	R	0.99955	0	0.00045	0
201	F	0.99963	0	0.00037	0
202	H	0.99997	0	0.00003	0
203	C	0.99998	0	0.00002	0
204	K	1.00000	0	0.00000	0
205	R	1.00000	0	0.00000	0
206	I	1.00000	0	0.00000	0
207	D	1.00000	0	0.00000	0
208	V	1.00000	0	0.00000	0
209	I	1.00000	0	0.00000	0
210	T	1.00000	0	0.00000	0
211	M	1.00000	0	0.00000	0
212	Q	1.00000	0	0.00000	0
213	T	1.00000	0	0.00000	0
214	L	1.00000	0	0.00000	0
215	V	1.00000	0	0.00000	0
216	L	1.00000	0	0.00000	0
217	L	1.00000	0	0.00000	0
218	V	1.00000	0	0.00000	0
219	D	1.00000	0	0.00000	0
220	L	1.00000	0	0.00000	0
221	H	1.00000	0	0.00000	0
222	P	1.00000	0	0.00000	0
223	S	1.00000	0	0.00000	0
224	V	1.00000	0	0.00000	0
225	R	1.00000	0	0.00000	0
226	E	1.00000	0	0.00000	0
227	R	1.00000	0	0.00000	0
228	C	1.00000	0	0.00000	0
229	L	1.00000	0	0.00000	0
230	E	1.00000	0	0.00000	0
231	E	1.00000	0	0.00000	0
232	Q	1.00000	0	0.00000	0
233	K	1.00000	0	0.00000	0
234	R	1.00000	0	0.00000	0
235	R	1.00000	0	0.00000	0
236	R	1.00000	0	0.00000	0
237	Q	0.99932	0	0.00068	0
238	R	0.99443	0	0.00557	0
239	A	0.20444	0	0.79556	0
240	T	0.13961	0	0.86039	0
241	K	0.13663	0	0.86337	0
242	K	0.13517	0	0.86483	0
243	I	0.00164	0	0.99836	0
244	S	0.00032	0	0.99968	0
245	T	0.00019	0	0.99981	0
246	F	0.00018	0	0.99982	0
247	I	0.00002	0	0.99998	0
248	G	0.00000	0	1.00000	0
249	T	0.00000	0	1.00000	0
250	F	0.00000	0	1.00000	0
251	L	0.00000	0	1.00000	0
252	V	0.00000	0	1.00000	0
253	C	0.00000	0	1.00000	0
254	F	0.00000	0	1.00000	0
255	A	0.00000	0	1.00000	0
256	P	0.00000	0	1.00000	0
257	Y	0.00000	2e-05	0.99998	0
258	V	0.00000	0.00043	0.99957	0
259	I	0.00000	0.0359	0.96410	0
260	T	0.00000	0.30098	0.69902	0
261	R	0.00000	0.52299	0.47701	0
262	L	0.00000	0.55092	0.44908	0
263	V	0.00000	0.62307	0.37693	0
264	E	0.00000	0.87961	0.12039	0
265	L	0.00000	0.89011	0.10989	0
266	F	0.00000	0.94723	0.05277	0
267	S	0.00000	0.95736	0.04264	0
268	T	0.00000	0.96112	0.03888	0
269	V	0.00000	0.96281	0.03719	0
270	P	0.00000	0.96455	0.03545	0
271	I	0.00000	0.96431	0.03569	0
272	G	0.00000	0.96465	0.03535	0
273	S	0.00000	0.96204	0.03796	0
274	H	0.00000	0.91213	0.08787	0
275	W	0.00000	0.88895	0.11105	0
276	G	0.00000	0.58294	0.41706	0
277	V	0.00000	0.07088	0.92912	0
278	L	0.00000	0.00129	0.99871	0
279	S	0.00025	0.00016	0.99959	0
280	K	0.03364	0	0.96636	0
281	C	0.03364	0	0.96636	0
282	L	0.03364	0	0.96636	0
283	A	0.03364	0	0.96636	0
284	Y	0.03364	0	0.96636	0
285	S	0.03364	0	0.96636	0
286	K	0.03472	0	0.96527	0
287	A	0.03472	0	0.96527	0
288	A	0.03472	0	0.96527	0
289	S	0.03472	0	0.96527	0
290	D	0.03472	0	0.96527	0
291	P	0.03472	0	0.96527	0
292	F	0.03473	0	0.96527	0
293	V	0.03473	0	0.96527	0
294	Y	0.03479	0	0.96521	0
295	S	0.03709	0	0.96291	0
296	L	0.04718	0	0.95282	0
297	L	0.31671	0	0.68329	0
298	R	1.00000	0	0.00000	0
299	H	1.00000	0	0.00000	0
300	Q	1.00000	0	0.00000	0
301	Y	1.00000	0	0.00000	0
302	R	1.00000	0	0.00000	0
303	K	1.00000	0	0.00000	0
304	S	1.00000	0	0.00000	0
305	C	1.00000	0	0.00000	0
306	K	1.00000	0	0.00000	0
307	E	1.00000	0	0.00000	0
308	I	1.00000	0	0.00000	0
309	L	1.00000	0	0.00000	0
310	N	1.00000	0	0.00000	0
311	R	1.00000	0	0.00000	0
312	L	1.00000	0	0.00000	0
313	L	1.00000	0	0.00000	0
314	H	1.00000	0	0.00000	0
315	R	1.00000	0	0.00000	0
316	R	1.00000	0	0.00000	0
317	S	1.00000	0	0.00000	0
318	I	1.00000	0	0.00000	0
319	H	1.00000	0	0.00000	0
320	S	1.00000	0	0.00000	0
321	S	1.00000	0	0.00000	0
322	G	1.00000	0	0.00000	0
323	L	1.00000	0	0.00000	0
324	T	1.00000	0	0.00000	0
325	G	1.00000	0	0.00000	0
326	D	1.00000	0	0.00000	0
327	S	1.00000	0	0.00000	0
328	H	1.00000	0	0.00000	0
329	S	1.00000	0	0.00000	0
330	Q	1.00000	0	0.00000	0
331	N	1.00000	0	0.00000	0
332	I	1.00000	0	0.00000	0
333	L	1.00000	0	0.00000	0
334	P	1.00000	0	0.00000	0
335	V	1.00000	0	0.00000	0
336	S	1.00000	0	0.00000	0
337	E	1.00000	0	0.00000	0
