# UNNAMED
#pos	aa	i	o	M	S
1	M	0.00000	1	0.00000	0
2	N	0.00000	1	0.00000	0
3	N	0.00000	1	0.00000	0
4	S	0.00000	1	0.00000	0
5	T	0.00000	1	0.00000	0
6	N	0.00000	1	0.00000	0
7	S	0.00000	1	0.00000	0
8	S	0.00000	1	0.00000	0
9	N	0.00000	1	0.00000	0
10	N	0.00000	1	0.00000	0
11	S	0.00000	1	0.00000	0
12	L	0.00000	1	0.00000	0
13	A	0.00000	1	0.00000	0
14	L	0.00000	1	0.00000	0
15	T	0.00000	1	0.00000	0
16	S	0.00000	0.99999	0.00001	0
17	P	0.00000	0.99994	0.00006	0
18	Y	0.00000	0.99984	0.00016	0
19	K	0.00000	0.99978	0.00022	0
20	T	0.00000	0.99366	0.00634	0
21	F	0.00000	0.97804	0.02196	0
22	E	0.00000	0.96428	0.03572	0
23	V	0.00000	0.3104	0.68960	0
24	V	0.00000	0.1092	0.89080	0
25	F	0.00000	0.01927	0.98073	0
26	I	0.00000	0.00096	0.99904	0
27	V	0.00000	9e-05	0.99991	0
28	L	0.00000	1e-05	0.99999	0
29	V	0.00000	0	1.00000	0
30	A	0.00000	0	1.00000	0
31	G	0.00000	0	1.00000	0
32	S	0.00000	0	1.00000	0
33	L	0.00000	0	1.00000	0
34	S	0.00000	0	1.00000	0
35	L	0.00000	0	1.00000	0
36	V	0.00000	0	1.00000	0
37	T	0.00000	0	1.00000	0
38	I	0.00000	0	1.00000	0
39	I	0.00000	0	1.00000	0
40	G	0.00000	0	1.00000	0
41	N	0.00000	0	1.00000	0
42	I	0.00000	0	1.00000	0
43	L	0.00010	0	0.99990	0
44	V	0.00105	0	0.99895	0
45	M	0.00632	0	0.99368	0
46	V	0.03730	0	0.96270	0
47	S	0.59036	0	0.40964	0
48	I	0.64873	0	0.35127	0
49	K	0.99236	0	0.00764	0
50	V	0.99697	0	0.00303	0
51	N	0.99993	0	0.00007	0
52	R	1.00000	0	0.00000	0
53	H	0.99990	0	0.00010	0
54	L	0.99921	0	0.00079	0
55	Q	0.99775	0	0.00225	0
56	T	0.95660	0	0.04340	0
57	V	0.57714	0	0.42286	0
58	N	0.25864	0	0.74136	0
59	N	0.04549	0	0.95451	0
60	Y	0.01621	0	0.98379	0
61	F	0.00024	0	0.99976	0
62	L	0.00002	0	0.99998	0
63	F	0.00000	0	1.00000	0
64	S	0.00000	0	1.00000	0
65	L	0.00000	0	1.00000	0
66	A	0.00000	0	1.00000	0
67	C	0.00000	0	1.00000	0
68	A	0.00000	0	1.00000	0
69	D	0.00000	0	1.00000	0
70	L	0.00000	0	1.00000	0
71	I	0.00000	0	1.00000	0
72	I	0.00000	0	1.00000	0
73	G	0.00000	0	1.00000	0
74	V	0.00000	1e-05	0.99999	0
75	F	0.00000	0.00194	0.99806	0
76	S	0.00000	0.10014	0.89986	0
77	M	0.00000	0.15554	0.84446	0
78	N	0.00000	0.60155	0.39845	0
79	L	0.00000	0.63427	0.36573	0
80	Y	0.00000	0.73272	0.26728	0
81	T	0.00000	0.75967	0.24033	0
82	L	0.00000	0.80816	0.19184	0
83	Y	0.00000	0.87773	0.12227	0
84	T	0.00000	0.91452	0.08548	0
85	V	0.00000	0.92831	0.07169	0
86	I	0.00000	0.94383	0.05617	0
87	G	0.00000	0.97955	0.02045	0
88	Y	0.00000	0.99672	0.00328	0
89	W	0.00000	0.99835	0.00165	0
90	P	0.00000	0.99961	0.00039	0
91	L	0.00000	0.99992	0.00008	0
92	G	0.00000	1	0.00000	0
93	P	0.00000	1	0.00000	0
94	V	0.00000	0.9999	0.00010	0
95	V	0.00000	0.99988	0.00012	0
96	C	0.00000	0.99987	0.00013	0
97	D	0.00000	0.99976	0.00024	0
98	L	0.00000	0.99919	0.00081	0
99	W	0.00000	0.94699	0.05301	0
100	L	0.00000	0.53754	0.46246	0
101	A	0.00000	0.29134	0.70866	0
102	L	0.00000	0.00941	0.99059	0
103	D	0.00000	0.00032	0.99968	0
104	Y	0.00000	2e-05	0.99998	0
105	V	0.00000	0	1.00000	0
106	V	0.00000	0	1.00000	0
107	S	0.00000	0	1.00000	0
108	N	0.00000	0	1.00000	0
109	A	0.00000	0	1.00000	0
110	S	0.00000	0	1.00000	0
111	V	0.00000	0	1.00000	0
112	M	0.00000	0	1.00000	0
113	N	0.00000	0	1.00000	0
114	L	0.00000	0	1.00000	0
115	L	0.00000	0	1.00000	0
116	I	0.00000	0	1.00000	0
117	I	0.00000	0	1.00000	0
118	S	0.00000	0	1.00000	0
119	F	0.00000	0	1.00000	0
120	D	0.00017	0	0.99983	0
121	R	0.09517	0	0.90483	0
122	Y	0.35384	0	0.64616	0
123	F	0.63235	0	0.36765	0
124	C	0.91960	0	0.08040	0
125	V	0.99997	0	0.00003	0
126	T	1.00000	0	0.00000	0
127	K	1.00000	0	0.00000	0
128	P	1.00000	0	0.00000	0
129	L	1.00000	0	0.00000	0
130	T	1.00000	0	0.00000	0
131	Y	1.00000	0	0.00000	0
132	P	1.00000	0	0.00000	0
133	V	1.00000	0	0.00000	0
134	K	1.00000	0	0.00000	0
135	R	1.00000	0	0.00000	0
136	T	0.99998	0	0.00002	0
137	T	0.99988	0	0.00012	0
138	K	0.99850	0	0.00150	0
139	M	0.76550	0	0.23450	0
140	A	0.36017	0	0.63983	0
141	G	0.23337	0	0.76663	0
142	M	0.11215	0	0.88785	0
143	M	0.04331	0	0.95669	0
144	I	0.00223	0	0.99777	0
145	A	0.00036	0	0.99964	0
146	A	0.00001	0	0.99999	0
147	A	0.00000	0	1.00000	0
148	W	0.00000	0	1.00000	0
149	V	0.00000	0	1.00000	0
150	L	0.00000	0	1.00000	0
151	S	0.00000	0	1.00000	0
152	F	0.00000	0	1.00000	0
153	I	0.00000	0	1.00000	0
154	L	0.00000	0	1.00000	0
155	W	0.00000	0	1.00000	0
156	A	0.00000	0	1.00000	0
157	P	0.00000	2e-05	0.99998	0
158	A	0.00000	9e-05	0.99991	0
159	I	0.00000	0.00205	0.99795	0
160	L	0.00000	0.02214	0.97786	0
161	F	0.00000	0.14522	0.85478	0
162	W	0.00000	0.44394	0.55606	0
163	Q	0.00000	0.84007	0.15993	0
164	F	0.00000	0.86061	0.13939	0
165	I	0.00000	0.90843	0.09157	0
166	V	0.00000	0.96464	0.03536	0
167	G	0.00000	0.9979	0.00210	0
168	V	0.00000	0.99973	0.00027	0
169	R	0.00000	1	0.00000	0
170	T	0.00000	1	0.00000	0
171	V	0.00000	1	0.00000	0
172	E	0.00000	1	0.00000	0
173	D	0.00000	1	0.00000	0
174	G	0.00000	1	0.00000	0
175	E	0.00000	1	0.00000	0
176	C	0.00000	1	0.00000	0
177	Y	0.00000	0.99996	0.00004	0
178	I	0.00000	0.9997	0.00030	0
179	Q	0.00000	0.99965	0.00035	0
180	F	0.00000	0.99739	0.00261	0
181	F	0.00000	0.99435	0.00565	0
182	S	0.00000	0.99252	0.00748	0
183	N	0.00000	0.98991	0.01009	0
184	A	0.00000	0.05355	0.94645	0
185	A	0.00000	0.01629	0.98371	0
186	V	0.00000	0.00452	0.99548	0
187	T	0.00000	0.00322	0.99678	0
188	F	0.00000	0.00032	0.99968	0
189	G	0.00000	0.00012	0.99988	0
190	T	0.00000	8e-05	0.99992	0
191	A	0.00000	0	1.00000	0
192	I	0.00000	0	1.00000	0
193	A	0.00000	0	1.00000	0
194	A	0.00000	0	1.00000	0
195	F	0.00000	0	1.00000	0
196	Y	0.00000	0	1.00000	0
197	L	0.00000	0	1.00000	0
198	P	0.00000	0	1.00000	0
199	V	0.00000	0	1.00000	0
200	I	0.00000	0	1.00000	0
201	I	0.00000	0	1.00000	0
202	M	0.00000	0	1.00000	0
203	T	0.00001	0	0.99999	0
204	V	0.00002	0	0.99998	0
205	L	0.00009	0	0.99991	0
206	Y	0.00054	0	0.99946	0
207	W	0.00732	0	0.99268	0
208	H	0.19327	0	0.80673	0
209	I	0.35208	0	0.64792	0
210	S	0.93402	0	0.06598	0
211	R	0.99943	0	0.00057	0
212	A	0.99981	0	0.00019	0
213	S	1.00000	0	0.00000	0
214	K	1.00000	0	0.00000	0
215	S	1.00000	0	0.00000	0
216	R	1.00000	0	0.00000	0
217	I	1.00000	0	0.00000	0
218	K	1.00000	0	0.00000	0
219	K	1.00000	0	0.00000	0
220	D	1.00000	0	0.00000	0
221	K	1.00000	0	0.00000	0
222	K	1.00000	0	0.00000	0
223	E	1.00000	0	0.00000	0
224	P	1.00000	0	0.00000	0
225	V	1.00000	0	0.00000	0
226	A	1.00000	0	0.00000	0
227	N	1.00000	0	0.00000	0
228	Q	1.00000	0	0.00000	0
229	D	1.00000	0	0.00000	0
230	P	1.00000	0	0.00000	0
231	V	1.00000	0	0.00000	0
232	S	1.00000	0	0.00000	0
233	P	1.00000	0	0.00000	0
234	S	1.00000	0	0.00000	0
235	L	1.00000	0	0.00000	0
236	V	1.00000	0	0.00000	0
237	Q	1.00000	0	0.00000	0
238	G	1.00000	0	0.00000	0
239	R	1.00000	0	0.00000	0
240	I	1.00000	0	0.00000	0
241	V	1.00000	0	0.00000	0
242	K	1.00000	0	0.00000	0
243	P	1.00000	0	0.00000	0
244	N	1.00000	0	0.00000	0
245	N	1.00000	0	0.00000	0
246	N	1.00000	0	0.00000	0
247	N	1.00000	0	0.00000	0
248	M	1.00000	0	0.00000	0
249	P	1.00000	0	0.00000	0
250	S	1.00000	0	0.00000	0
251	S	1.00000	0	0.00000	0
252	D	1.00000	0	0.00000	0
253	D	1.00000	0	0.00000	0
254	G	1.00000	0	0.00000	0
255	L	1.00000	0	0.00000	0
256	E	1.00000	0	0.00000	0
257	H	1.00000	0	0.00000	0
258	N	1.00000	0	0.00000	0
259	K	1.00000	0	0.00000	0
260	I	1.00000	0	0.00000	0
261	Q	1.00000	0	0.00000	0
262	N	1.00000	0	0.00000	0
263	G	1.00000	0	0.00000	0
264	K	1.00000	0	0.00000	0
265	A	1.00000	0	0.00000	0
266	P	1.00000	0	0.00000	0
267	R	1.00000	0	0.00000	0
268	D	1.00000	0	0.00000	0
269	P	1.00000	0	0.00000	0
270	V	1.00000	0	0.00000	0
271	T	1.00000	0	0.00000	0
272	E	1.00000	0	0.00000	0
273	N	1.00000	0	0.00000	0
274	C	1.00000	0	0.00000	0
275	V	1.00000	0	0.00000	0
276	Q	1.00000	0	0.00000	0
277	G	1.00000	0	0.00000	0
278	E	1.00000	0	0.00000	0
279	E	1.00000	0	0.00000	0
280	K	1.00000	0	0.00000	0
281	E	1.00000	0	0.00000	0
282	S	1.00000	0	0.00000	0
283	S	1.00000	0	0.00000	0
284	N	1.00000	0	0.00000	0
285	D	1.00000	0	0.00000	0
286	S	1.00000	0	0.00000	0
287	T	1.00000	0	0.00000	0
288	S	1.00000	0	0.00000	0
289	V	1.00000	0	0.00000	0
290	S	1.00000	0	0.00000	0
291	A	1.00000	0	0.00000	0
292	V	1.00000	0	0.00000	0
293	A	1.00000	0	0.00000	0
294	S	1.00000	0	0.00000	0
295	N	1.00000	0	0.00000	0
296	M	1.00000	0	0.00000	0
297	R	1.00000	0	0.00000	0
298	D	1.00000	0	0.00000	0
299	D	1.00000	0	0.00000	0
300	E	1.00000	0	0.00000	0
301	I	1.00000	0	0.00000	0
302	T	1.00000	0	0.00000	0
303	Q	1.00000	0	0.00000	0
304	D	1.00000	0	0.00000	0
305	E	1.00000	0	0.00000	0
306	N	1.00000	0	0.00000	0
307	T	1.00000	0	0.00000	0
308	V	1.00000	0	0.00000	0
309	S	1.00000	0	0.00000	0
310	T	1.00000	0	0.00000	0
311	S	1.00000	0	0.00000	0
312	L	1.00000	0	0.00000	0
313	G	1.00000	0	0.00000	0
314	H	1.00000	0	0.00000	0
315	S	1.00000	0	0.00000	0
316	K	1.00000	0	0.00000	0
317	D	1.00000	0	0.00000	0
318	E	1.00000	0	0.00000	0
319	N	1.00000	0	0.00000	0
320	S	1.00000	0	0.00000	0
321	K	1.00000	0	0.00000	0
322	Q	1.00000	0	0.00000	0
323	T	1.00000	0	0.00000	0
324	C	1.00000	0	0.00000	0
325	I	1.00000	0	0.00000	0
326	R	1.00000	0	0.00000	0
327	I	1.00000	0	0.00000	0
328	G	1.00000	0	0.00000	0
329	T	1.00000	0	0.00000	0
330	K	1.00000	0	0.00000	0
331	T	1.00000	0	0.00000	0
332	P	1.00000	0	0.00000	0
333	K	1.00000	0	0.00000	0
334	S	1.00000	0	0.00000	0
335	D	1.00000	0	0.00000	0
336	S	1.00000	0	0.00000	0
337	C	1.00000	0	0.00000	0
338	T	1.00000	0	0.00000	0
339	P	1.00000	0	0.00000	0
340	T	1.00000	0	0.00000	0
341	N	1.00000	0	0.00000	0
342	T	1.00000	0	0.00000	0
343	T	1.00000	0	0.00000	0
344	V	1.00000	0	0.00000	0
345	E	1.00000	0	0.00000	0
346	V	1.00000	0	0.00000	0
347	V	1.00000	0	0.00000	0
348	G	1.00000	0	0.00000	0
349	S	1.00000	0	0.00000	0
350	S	1.00000	0	0.00000	0
351	G	1.00000	0	0.00000	0
352	Q	1.00000	0	0.00000	0
353	N	1.00000	0	0.00000	0
354	G	1.00000	0	0.00000	0
355	D	1.00000	0	0.00000	0
356	E	1.00000	0	0.00000	0
357	K	1.00000	0	0.00000	0
358	Q	1.00000	0	0.00000	0
359	N	1.00000	0	0.00000	0
360	I	1.00000	0	0.00000	0
361	V	1.00000	0	0.00000	0
362	A	1.00000	0	0.00000	0
363	R	1.00000	0	0.00000	0
364	K	1.00000	0	0.00000	0
365	I	1.00000	0	0.00000	0
366	V	1.00000	0	0.00000	0
367	K	1.00000	0	0.00000	0
368	M	1.00000	0	0.00000	0
369	T	1.00000	0	0.00000	0
370	K	1.00000	0	0.00000	0
371	Q	1.00000	0	0.00000	0
372	P	1.00000	0	0.00000	0
373	A	1.00000	0	0.00000	0
374	K	1.00000	0	0.00000	0
375	K	1.00000	0	0.00000	0
376	K	1.00000	0	0.00000	0
377	P	1.00000	0	0.00000	0
378	P	1.00000	0	0.00000	0
379	P	1.00000	0	0.00000	0
380	S	1.00000	0	0.00000	0
381	R	1.00000	0	0.00000	0
382	E	1.00000	0	0.00000	0
383	K	0.86684	0	0.13316	0
384	K	0.84595	0	0.15405	0
385	V	0.82187	0	0.17813	0
386	T	0.52298	0	0.47702	0
387	R	0.47128	0	0.52872	0
388	T	0.40687	0	0.59313	0
389	I	0.33687	0	0.66313	0
390	L	0.00789	0	0.99211	0
391	A	0.00142	0	0.99858	0
392	I	0.00053	0	0.99947	0
393	L	0.00042	0	0.99958	0
394	L	0.00002	0	0.99998	0
395	A	0.00001	0	0.99999	0
396	F	0.00000	0	1.00000	0
397	I	0.00000	0	1.00000	0
398	I	0.00000	0	1.00000	0
399	T	0.00000	0	1.00000	0
400	W	0.00000	0	1.00000	0
401	A	0.00000	0	1.00000	0
402	P	0.00000	4e-05	0.99996	0
403	Y	0.00000	0.00021	0.99979	0
404	N	0.00000	0.00116	0.99884	0
405	V	0.00000	0.00147	0.99853	0
406	M	0.00000	0.00298	0.99702	0
407	V	0.00000	0.01172	0.98828	0
408	L	0.00000	0.07464	0.92536	0
409	I	0.00000	0.17307	0.82693	0
410	N	0.00000	0.53981	0.46019	0
411	T	0.00000	0.61347	0.38653	0
412	F	0.00000	0.64882	0.35118	0
413	C	0.00000	0.89415	0.10585	0
414	A	0.00000	0.92099	0.07901	0
415	P	0.00000	0.98322	0.01678	0
416	C	0.00000	0.99527	0.00473	0
417	I	0.00000	0.99612	0.00388	0
418	P	0.00000	0.99741	0.00259	0
419	N	0.00000	0.99593	0.00407	0
420	T	0.00000	0.97766	0.02234	0
421	V	0.00000	0.9731	0.02690	0
422	W	0.00000	0.97115	0.02885	0
423	T	0.00000	0.86974	0.13026	0
424	I	0.00000	0.63541	0.36459	0
425	G	0.00000	0.61618	0.38382	0
426	Y	0.00001	0.33308	0.66691	0
427	W	0.00004	0.02864	0.97133	0
428	L	0.00004	9e-05	0.99987	0
429	C	0.00004	0	0.99995	0
430	Y	0.00005	0	0.99995	0
431	I	0.00005	0	0.99995	0
432	N	0.00005	0	0.99995	0
433	S	0.00005	0	0.99995	0
434	T	0.00005	0	0.99995	0
435	I	0.00005	0	0.99995	0
436	N	0.00005	0	0.99995	0
437	P	0.00005	0	0.99995	0
438	A	0.00005	0	0.99995	0
439	C	0.00006	0	0.99994	0
440	Y	0.00012	0	0.99988	0
441	A	0.00040	0	0.99960	0
442	L	0.00104	0	0.99896	0
443	C	0.01843	0	0.98157	0
444	N	0.08349	0	0.91651	0
445	A	0.16854	0	0.83146	0
446	T	0.21750	0	0.78250	0
447	F	0.34884	0	0.65116	0
448	K	1.00000	0	0.00000	0
449	K	1.00000	0	0.00000	0
450	T	1.00000	0	0.00000	0
451	F	1.00000	0	0.00000	0
452	K	1.00000	0	0.00000	0
453	H	1.00000	0	0.00000	0
454	L	1.00000	0	0.00000	0
455	L	1.00000	0	0.00000	0
456	M	1.00000	0	0.00000	0
457	C	1.00000	0	0.00000	0
458	H	1.00000	0	0.00000	0
459	Y	1.00000	0	0.00000	0
460	K	1.00000	0	0.00000	0
461	N	1.00000	0	0.00000	0
462	I	1.00000	0	0.00000	0
463	G	1.00000	0	0.00000	0
464	A	1.00000	0	0.00000	0
465	T	1.00000	0	0.00000	0
466	R	1.00000	0	0.00000	0
