# UNNAMED
#pos	aa	i	o	M	S
1	M	0.00000	0.98759	0.00000	0.01241
2	A	0.00000	0.98759	0.00000	0.01241
3	A	0.00000	0.98759	0.00000	0.0124
4	A	0.00000	0.98759	0.00000	0.0124
5	Q	0.00000	0.98759	0.00000	0.0124
6	P	0.00000	0.98759	0.00000	0.0124
7	K	0.00000	0.98759	0.00000	0.0124
8	Y	0.00000	0.98759	0.00000	0.01241
9	P	0.00000	0.98759	0.00000	0.01241
10	A	0.00000	0.98759	0.00000	0.0124
11	G	0.00000	0.98759	0.00000	0.0124
12	A	0.00000	0.98759	0.00000	0.01241
13	T	0.00000	0.98759	0.00000	0.01241
14	A	0.00000	0.98764	0.00000	0.01235
15	R	0.00000	0.98814	0.00000	0.01186
16	R	0.00000	0.98814	0.00000	0.01186
17	L	0.00000	0.98814	0.00000	0.01186
18	A	0.00000	0.98814	0.00000	0.01187
19	R	0.00000	0.98814	0.00000	0.01187
20	G	0.00000	0.98814	0.00000	0.01187
21	C	0.00000	0.98885	0.00000	0.01116
22	W	0.00000	0.98884	0.00000	0.01116
23	S	0.00000	0.98884	0.00000	0.01116
24	A	0.00000	0.99998	0.00000	2e-05
25	L	0.00000	0.99998	0.00000	2e-05
26	W	0.00000	0.99998	0.00000	2e-05
27	D	0.00000	0.99998	0.00000	2e-05
28	Y	0.00000	0.99998	0.00000	2e-05
29	E	0.00000	0.99998	0.00000	2e-05
30	T	0.00000	0.99998	0.00000	2e-05
31	P	0.00000	0.99998	0.00000	2e-05
32	K	0.00000	0.99998	0.00000	2e-05
33	V	0.00000	0.99998	0.00000	2e-05
34	I	0.00000	0.99998	0.00000	2e-05
35	V	0.00000	0.99998	0.00000	2e-05
36	V	0.00000	0.99998	0.00000	2e-05
37	R	0.00000	0.99998	0.00000	2e-05
38	N	0.00000	0.99998	0.00000	2e-05
39	R	0.00000	0.99998	0.00000	2e-05
40	R	0.00000	0.99998	0.00000	2e-05
41	L	0.00000	0.99997	0.00001	2e-05
42	G	0.00000	0.99996	0.00002	1e-05
43	V	0.00000	0.99995	0.00004	1e-05
44	L	0.00000	0.99995	0.00004	1e-05
45	Y	0.00000	0.99994	0.00004	1e-05
46	R	0.00000	0.99994	0.00004	1e-05
47	A	0.00000	0.99994	0.00004	1e-05
48	V	0.00000	0.99994	0.00004	1e-05
49	Q	0.00000	0.99994	0.00004	1e-05
50	L	0.00000	0.99994	0.00004	1e-05
51	L	0.00000	0.99994	0.00004	2e-05
52	I	0.00000	0.99994	0.00004	2e-05
53	L	0.00000	0.99994	0.00004	2e-05
54	L	0.00000	0.99994	0.00004	2e-05
55	Y	0.00000	0.99994	0.00004	1e-05
56	F	0.00000	0.99994	0.00004	1e-05
57	V	0.00000	0.99994	0.00004	1e-05
58	W	0.00000	0.99994	0.00004	1e-05
59	Y	0.00000	0.99994	0.00004	1e-05
60	V	0.00000	0.99994	0.00004	1e-05
61	F	0.00000	0.99995	0.00004	1e-05
62	I	0.00000	0.99995	0.00004	1e-05
63	V	0.00003	0.99995	0.00001	1e-05
64	Q	0.00004	0.99995	0.00000	1e-05
65	K	0.00004	0.99995	0.00000	1e-05
66	S	0.00004	0.99995	0.00000	1e-05
67	Y	0.00004	0.99995	0.00000	1e-05
68	Q	0.00004	0.99995	0.00000	1e-05
69	E	0.00004	0.99996	0.00000	0
70	S	0.00004	0.99996	0.00000	0
71	E	0.00004	0.99996	0.00000	0
72	T	0.00004	0.99996	0.00000	0
73	G	0.00004	0.99996	0.00000	0
74	P	0.00004	0.99996	0.00000	0
75	E	0.00003	0.99996	0.00001	0
76	S	0.00003	0.99996	0.00001	0
77	S	0.00000	0.99996	0.00004	0
78	I	0.00000	0.99996	0.00004	0
79	I	0.00000	0.99996	0.00004	0
80	T	0.00000	0.99996	0.00004	0
81	K	0.00000	0.99996	0.00004	0
82	V	0.00000	0.99996	0.00004	0
83	K	0.00000	0.99996	0.00004	0
84	G	0.00000	0.99996	0.00004	0
85	I	0.00000	0.99996	0.00004	0
86	T	0.00000	0.99996	0.00004	0
87	T	0.00000	0.99996	0.00004	0
88	S	0.00000	0.99996	0.00004	0
89	E	0.00000	0.99996	0.00004	0
90	H	0.00000	0.99996	0.00004	0
91	K	0.00000	0.99996	0.00004	0
92	V	0.00000	0.99996	0.00004	0
93	W	0.00000	0.99996	0.00004	0
94	D	0.00000	0.99996	0.00004	0
95	V	0.00000	0.99949	0.00051	0
96	E	0.00000	0.999	0.00100	0
97	E	0.00000	0.97457	0.02543	0
98	Y	0.00000	0.01574	0.98426	0
99	V	0.00000	0.00149	0.99851	0
100	K	0.00000	0.00124	0.99876	0
101	P	0.00000	0.00065	0.99935	0
102	P	0.00000	0.00051	0.99949	0
103	E	0.00000	0.00044	0.99956	0
104	G	0.00000	0.00013	0.99987	0
105	G	0.00000	0.00011	0.99989	0
106	S	0.00000	8e-05	0.99992	0
107	V	0.00000	5e-05	0.99995	0
108	F	0.00000	5e-05	0.99995	0
109	S	0.00000	4e-05	0.99996	0
110	I	0.00000	4e-05	0.99996	0
111	I	0.00000	4e-05	0.99996	0
112	T	0.00000	4e-05	0.99996	0
113	R	0.00000	4e-05	0.99996	0
114	V	0.00000	4e-05	0.99996	0
115	E	0.00221	4e-05	0.99775	0
116	A	0.01203	4e-05	0.98793	0
117	T	0.24455	4e-05	0.75541	0
118	H	0.91701	4e-05	0.08295	0
119	S	0.97802	4e-05	0.02194	0
120	Q	0.99453	4e-05	0.00543	0
121	T	0.99852	4e-05	0.00144	0
122	Q	0.99966	4e-05	0.00030	0
123	G	0.99984	4e-05	0.00012	0
124	T	0.99985	4e-05	0.00011	0
125	C	0.99986	4e-05	0.00010	0
126	P	0.99995	4e-05	0.00002	0
127	E	0.99986	4e-05	0.00010	0
128	S	0.97551	4e-05	0.02445	0
129	I	0.22261	4e-05	0.77735	0
130	R	0.21573	4e-05	0.78423	0
131	V	0.05543	4e-05	0.94454	0
132	H	0.01018	4e-05	0.98979	0
133	N	0.00057	4e-05	0.99939	0
134	A	0.00010	4e-05	0.99986	0
135	T	0.00002	4e-05	0.99994	0
136	C	0.00001	4e-05	0.99996	0
137	L	0.00001	4e-05	0.99996	0
138	S	0.00001	4e-05	0.99996	0
139	D	0.00001	3e-05	0.99996	0
140	A	0.00001	3e-05	0.99996	0
141	D	0.00001	3e-05	0.99996	0
142	C	0.00001	3e-05	0.99996	0
143	V	0.00000	3e-05	0.99996	0
144	A	0.00000	3e-05	0.99996	0
145	G	0.00000	3e-05	0.99996	0
146	E	0.00000	4e-05	0.99996	0
147	L	0.00000	4e-05	0.99996	0
148	D	0.00000	0.03091	0.96909	0
149	M	0.00000	0.03628	0.96372	0
150	L	0.00000	0.13803	0.86197	0
151	G	0.00000	0.33906	0.66094	0
152	N	0.00000	0.58232	0.41768	0
153	G	0.00000	0.61338	0.38662	0
154	L	0.00000	0.75055	0.24945	0
155	R	0.00000	0.9508	0.04920	0
156	T	0.00000	0.98944	0.01056	0
157	G	0.00000	0.99431	0.00569	0
158	R	0.00000	0.99974	0.00026	0
159	C	0.00000	0.99999	0.00001	0
160	V	0.00000	0.99999	0.00001	0
161	P	0.00000	0.99999	0.00001	0
162	Y	0.00000	0.99999	0.00001	0
163	Y	0.00000	0.99999	0.00001	0
164	Q	0.00000	0.99999	0.00001	0
165	G	0.00000	0.99999	0.00000	0
166	P	0.00000	1	0.00000	0
167	S	0.00000	1	0.00000	0
168	K	0.00000	1	0.00000	0
169	T	0.00000	1	0.00000	0
170	C	0.00000	1	0.00000	0
171	E	0.00000	1	0.00000	0
172	V	0.00000	1	0.00000	0
173	F	0.00000	1	0.00000	0
174	G	0.00000	1	0.00000	0
175	W	0.00000	1	0.00000	0
176	C	0.00000	1	0.00000	0
177	P	0.00000	1	0.00000	0
178	V	0.00000	1	0.00000	0
179	E	0.00000	1	0.00000	0
180	D	0.00000	0.95095	0.04905	0
181	G	0.00000	0.91428	0.08572	0
182	A	0.00000	0.61031	0.38969	0
183	S	0.00000	0.34506	0.65494	0
184	V	0.00000	0.02976	0.97024	0
185	S	0.00000	0.00687	0.99313	0
186	Q	0.00000	0.00269	0.99731	0
187	F	0.00000	0.00042	0.99958	0
188	L	0.00000	0.00011	0.99989	0
189	G	0.00000	1e-05	0.99999	0
190	T	0.00000	1e-05	0.99999	0
191	M	0.00000	0	1.00000	0
192	A	0.00000	0	1.00000	0
193	P	0.00000	0	1.00000	0
194	N	0.00000	0	1.00000	0
195	F	0.00000	0	1.00000	0
196	T	0.00000	0	1.00000	0
197	I	0.00000	0	1.00000	0
198	L	0.00000	0	1.00000	0
199	I	0.00005	0	0.99994	0
200	K	0.00281	0	0.99719	0
201	N	0.01966	0	0.98034	0
202	S	0.04035	0	0.95964	0
203	I	0.08988	0	0.91012	0
204	H	0.32050	0	0.67950	0
205	Y	0.85621	0	0.14379	0
206	P	0.99655	0	0.00344	0
207	K	0.99655	0	0.00344	0
208	F	0.99655	0	0.00344	0
209	H	0.99655	0	0.00344	0
210	F	0.99655	0	0.00344	0
211	S	0.99655	0	0.00344	0
212	K	1.00000	0	0.00000	0
213	G	1.00000	0	0.00000	0
214	N	1.00000	0	0.00000	0
215	I	1.00000	0	0.00000	0
216	A	1.00000	0	0.00000	0
217	D	1.00000	0	0.00000	0
218	R	1.00000	0	0.00000	0
219	T	1.00000	0	0.00000	0
220	D	0.99999	0	0.00000	0
221	G	0.98552	0	0.01447	0
222	Y	0.95254	0	0.04745	0
223	L	0.93662	0	0.06338	0
224	K	0.93574	0	0.06425	0
225	R	0.79781	0	0.20219	0
226	C	0.00033	0	0.99966	0
227	T	0.00001	0	0.99998	0
228	F	0.00000	0	0.99999	0
229	H	0.00000	0	0.99999	0
230	E	0.00000	0	0.99999	0
231	A	0.00000	0	0.99999	0
232	S	0.00000	0	0.99999	0
233	D	0.00000	0	0.99999	0
234	L	0.00000	0	1.00000	0
235	Y	0.00000	0	1.00000	0
236	C	0.00000	0	1.00000	0
237	P	0.00000	0	1.00000	0
238	I	0.00000	0	1.00000	0
239	F	0.00000	0	1.00000	0
240	K	0.00000	0.00037	0.99963	0
241	L	0.00000	0.00038	0.99962	0
242	G	0.00000	0.0031	0.99690	0
243	F	0.00000	0.006	0.99400	0
244	I	0.00000	0.0206	0.97940	0
245	V	0.00000	0.09238	0.90762	0
246	E	0.00000	0.9295	0.07050	0
247	K	0.00000	0.99552	0.00448	0
248	A	0.00000	0.99741	0.00259	0
249	G	0.00000	0.99973	0.00027	0
250	E	0.00000	0.99999	0.00001	0
251	S	0.00000	0.99999	0.00000	0
252	F	0.00000	0.99999	0.00001	0
253	T	0.00000	0.99999	0.00001	0
254	E	0.00000	0.99999	0.00001	0
255	L	0.00000	0.99999	0.00001	0
256	A	0.00000	0.99999	0.00001	0
257	H	0.00000	0.99999	0.00001	0
258	K	0.00000	0.99999	0.00001	0
259	G	0.00000	0.99998	0.00002	0
260	G	0.00000	0.99997	0.00003	0
261	V	0.00000	0.99992	0.00008	0
262	I	0.00000	0.99886	0.00114	0
263	G	0.00000	0.99881	0.00119	0
264	V	0.00000	0.96771	0.03229	0
265	I	0.00000	0.9677	0.03230	0
266	I	0.00000	0.9677	0.03230	0
267	N	0.00000	0.9677	0.03230	0
268	W	0.00000	0.9677	0.03230	0
269	D	0.00000	0.9677	0.03230	0
270	C	0.00000	0.9677	0.03230	0
271	D	0.00000	0.9677	0.03230	0
272	L	0.00000	0.9677	0.03230	0
273	D	0.00000	0.9677	0.03230	0
274	L	0.00000	0.9677	0.03230	0
275	P	0.00000	0.9677	0.03230	0
276	A	0.00001	0.9677	0.03230	0
277	S	0.00001	0.9677	0.03230	0
278	E	0.00001	0.9677	0.03229	0
279	C	0.00001	0.9677	0.03229	0
280	N	0.00001	0.9677	0.03229	0
281	P	0.00001	0.96764	0.03234	0
282	K	0.00002	0.96566	0.03433	0
283	Y	0.00002	0.96504	0.03494	0
284	S	0.00007	0.46107	0.53886	0
285	F	0.00018	0.45744	0.54238	0
286	R	0.00888	0.45565	0.53547	0
287	R	0.03184	0.45362	0.51454	0
288	L	0.03208	0.45165	0.51627	0
289	D	0.03229	0.45106	0.51664	0
290	P	0.03230	0.45066	0.51704	0
291	K	0.03230	0.45018	0.51752	0
292	H	0.03230	0.44834	0.51935	0
293	V	0.03230	0.44688	0.52081	0
294	P	0.03230	0.44677	0.52092	0
295	A	0.03230	0.4439	0.52379	0
296	S	0.03230	0.44388	0.52382	0
297	S	0.03230	0.42238	0.54531	0
298	G	0.03230	0.42222	0.54548	0
299	Y	0.03230	0.4219	0.54580	0
300	N	0.03230	0.35909	0.60861	0
301	F	0.03230	0.35639	0.61130	0
302	R	0.03230	0.35591	0.61178	0
303	F	0.03231	3e-05	0.96765	0
304	A	0.03962	3e-05	0.96035	0
305	K	0.07406	3e-05	0.92591	0
306	Y	0.09022	1e-05	0.90978	0
307	Y	0.47184	1e-05	0.52816	0
308	K	0.53174	1e-05	0.46825	0
309	I	0.53482	1e-05	0.46518	0
310	N	0.54890	0	0.45109	0
311	G	0.54933	0	0.45067	0
312	T	0.55013	0	0.44986	0
313	T	0.55112	0	0.44888	0
314	T	0.55138	0	0.44861	0
315	R	0.55166	0	0.44834	0
316	T	0.55171	0	0.44829	0
317	L	0.55176	0	0.44824	0
318	I	0.55248	0	0.44752	0
319	K	0.57354	0	0.42645	0
320	A	0.57781	0	0.42218	0
321	Y	0.57793	0	0.42207	0
322	G	0.58870	0	0.41130	0
323	I	0.60477	0	0.39523	0
324	R	0.95851	0	0.04149	0
325	I	0.96536	0	0.03464	0
326	D	0.99972	0	0.00028	0
327	V	0.97815	0	0.02185	0
328	I	0.97805	0	0.02195	0
329	V	0.97792	0	0.02208	0
330	H	0.97787	0	0.02212	0
331	G	0.97063	0	0.02937	0
332	Q	0.65423	0	0.34577	0
333	A	0.63934	0	0.36066	0
334	G	0.60252	0	0.39748	0
335	K	0.06321	0	0.93679	0
336	F	0.00808	0	0.99192	0
337	S	0.00728	0	0.99272	0
338	L	0.00313	0	0.99687	0
339	I	0.00292	0	0.99708	0
340	P	0.00292	0	0.99708	0
341	T	0.00151	0	0.99849	0
342	I	0.00041	0	0.99959	0
343	I	0.00038	0	0.99962	0
344	N	0.00038	1e-05	0.99961	0
345	L	0.00010	1e-05	0.99989	0
346	A	0.00002	2e-05	0.99995	0
347	T	0.00002	0.0001	0.99988	0
348	A	0.00000	0.0003	0.99970	0
349	L	0.00000	0.0016	0.99840	0
350	T	0.00000	0.00998	0.99002	0
351	S	0.00000	0.01596	0.98404	0
352	V	0.00000	0.02002	0.97998	0
353	G	0.00000	0.0547	0.94530	0
354	V	0.00000	0.07234	0.92766	0
355	V	0.00000	0.16668	0.83332	0
356	R	0.00000	0.7377	0.26230	0
357	N	0.00000	0.82013	0.17987	0
358	P	0.00000	0.83862	0.16138	0
359	L	0.00000	0.85309	0.14691	0
360	W	0.00000	0.92313	0.07686	0
361	G	0.00000	0.99811	0.00189	0
362	P	0.00000	0.99882	0.00118	0
363	S	0.00000	0.99906	0.00094	0
364	G	0.00000	0.99945	0.00055	0
365	C	0.00000	0.99966	0.00033	0
366	G	0.00000	0.99961	0.00039	0
367	G	0.00000	0.99938	0.00062	0
368	S	0.00000	0.98872	0.01128	0
369	T	0.00000	0.92381	0.07618	0
370	R	0.00000	0.8068	0.19319	0
371	P	0.00000	0.77471	0.22529	0
372	L	0.00000	0.55996	0.44004	0
373	H	0.00000	0.55512	0.44487	0
374	T	0.00000	0.02669	0.97331	0
375	G	0.00000	0.01217	0.98783	0
376	L	0.00000	0	1.00000	0
377	C	0.00000	0	1.00000	0
378	W	0.00000	0	1.00000	0
379	P	0.00001	0	0.99999	0
380	Q	0.00002	0	0.99998	0
381	G	0.00002	0	0.99998	0
382	S	0.00002	0	0.99998	0
383	F	0.00002	0	0.99998	0
384	L	0.00002	0	0.99998	0
385	C	0.00002	0	0.99998	0
386	D	0.00003	0	0.99997	0
387	W	0.00003	0	0.99997	0
388	I	0.00009	0	0.99991	0
389	L	0.00135	0	0.99865	0
390	L	0.01175	0	0.98825	0
391	T	0.02703	0	0.97297	0
392	F	0.30669	0	0.69331	0
393	M	0.33687	0	0.66313	0
394	N	0.84244	0	0.15756	0
395	K	1.00000	0	0.00000	0
396	N	1.00000	0	0.00000	0
397	K	1.00000	0	0.00000	0
398	V	1.00000	0	0.00000	0
399	Y	1.00000	0	0.00000	0
400	S	1.00000	0	0.00000	0
401	H	1.00000	0	0.00000	0
402	K	1.00000	0	0.00000	0
403	K	1.00000	0	0.00000	0
404	F	1.00000	0	0.00000	0
405	D	1.00000	0	0.00000	0
406	K	1.00000	0	0.00000	0
407	V	1.00000	0	0.00000	0
408	C	1.00000	0	0.00000	0
409	T	1.00000	0	0.00000	0
410	P	1.00000	0	0.00000	0
411	S	1.00000	0	0.00000	0
412	H	1.00000	0	0.00000	0
413	P	1.00000	0	0.00000	0
414	S	1.00000	0	0.00000	0
415	G	1.00000	0	0.00000	0
416	S	1.00000	0	0.00000	0
417	W	1.00000	0	0.00000	0
418	P	1.00000	0	0.00000	0
419	V	1.00000	0	0.00000	0
420	T	1.00000	0	0.00000	0
421	L	1.00000	0	0.00000	0
422	A	1.00000	0	0.00000	0
423	R	1.00000	0	0.00000	0
424	V	1.00000	0	0.00000	0
425	L	1.00000	0	0.00000	0
426	G	1.00000	0	0.00000	0
427	Q	1.00000	0	0.00000	0
428	A	1.00000	0	0.00000	0
429	P	1.00000	0	0.00000	0
430	P	1.00000	0	0.00000	0
431	E	1.00000	0	0.00000	0
432	P	1.00000	0	0.00000	0
433	G	1.00000	0	0.00000	0
434	H	1.00000	0	0.00000	0
435	R	1.00000	0	0.00000	0
436	S	1.00000	0	0.00000	0
437	E	1.00000	0	0.00000	0
438	D	1.00000	0	0.00000	0
439	Q	1.00000	0	0.00000	0
440	H	1.00000	0	0.00000	0
441	P	1.00000	0	0.00000	0
442	S	1.00000	0	0.00000	0
443	P	1.00000	0	0.00000	0
444	P	1.00000	0	0.00000	0
445	S	1.00000	0	0.00000	0
446	G	1.00000	0	0.00000	0
447	Q	1.00000	0	0.00000	0
448	E	1.00000	0	0.00000	0
449	G	1.00000	0	0.00000	0
450	Q	1.00000	0	0.00000	0
451	Q	1.00000	0	0.00000	0
452	G	1.00000	0	0.00000	0
453	A	1.00000	0	0.00000	0
454	E	1.00000	0	0.00000	0
455	C	1.00000	0	0.00000	0
456	G	1.00000	0	0.00000	0
457	P	1.00000	0	0.00000	0
458	A	1.00000	0	0.00000	0
459	F	1.00000	0	0.00000	0
460	P	1.00000	0	0.00000	0
461	P	1.00000	0	0.00000	0
462	L	1.00000	0	0.00000	0
463	R	1.00000	0	0.00000	0
464	P	1.00000	0	0.00000	0
465	C	1.00000	0	0.00000	0
466	P	1.00000	0	0.00000	0
467	I	1.00000	0	0.00000	0
468	S	1.00000	0	0.00000	0
469	A	1.00000	0	0.00000	0
470	P	1.00000	0	0.00000	0
471	S	1.00000	0	0.00000	0
472	E	1.00000	0	0.00000	0
473	Q	1.00000	0	0.00000	0
474	M	1.00000	0	0.00000	0
475	V	1.00000	0	0.00000	0
476	D	1.00000	0	0.00000	0
477	T	1.00000	0	0.00000	0
478	P	1.00000	0	0.00000	0
479	A	1.00000	0	0.00000	0
480	S	1.00000	0	0.00000	0
481	E	1.00000	0	0.00000	0
482	P	1.00000	0	0.00000	0
483	A	1.00000	0	0.00000	0
484	Q	1.00000	0	0.00000	0
485	A	1.00000	0	0.00000	0
486	S	1.00000	0	0.00000	0
487	T	1.00000	0	0.00000	0
488	P	1.00000	0	0.00000	0
489	T	1.00000	0	0.00000	0
490	D	1.00000	0	0.00000	0
491	P	1.00000	0	0.00000	0
492	K	1.00000	0	0.00000	0
493	G	1.00000	0	0.00000	0
494	L	1.00000	0	0.00000	0
495	A	1.00000	0	0.00000	0
496	Q	1.00000	0	0.00000	0
497	L	1.00000	0	0.00000	0
