# UNNAMED
#pos	aa	i	o	M	S
1	M	0.00000	1	0.00000	0
2	S	0.00000	1	0.00000	0
3	T	0.00000	1	0.00000	0
4	P	0.00000	1	0.00000	0
5	G	0.00000	1	0.00000	0
6	V	0.00000	1	0.00000	0
7	N	0.00000	1	0.00000	0
8	S	0.00000	1	0.00000	0
9	S	0.00000	1	0.00000	0
10	A	0.00000	1	0.00000	0
11	S	0.00000	1	0.00000	0
12	L	0.00000	1	0.00000	0
13	S	0.00000	1	0.00000	0
14	P	0.00000	1	0.00000	0
15	D	0.00000	1	0.00000	0
16	R	0.00000	1	0.00000	0
17	L	0.00000	0.99992	0.00008	0
18	N	0.00000	0.99979	0.00021	0
19	S	0.00000	0.98958	0.01042	0
20	P	0.00000	0.80797	0.19203	0
21	V	0.00000	0.27443	0.72557	0
22	T	0.00000	0.08241	0.91759	0
23	I	0.00000	0.02034	0.97966	0
24	P	0.00000	0.01323	0.98677	0
25	A	0.00000	0.00162	0.99838	0
26	V	0.00000	1e-05	0.99999	0
27	M	0.00000	0	1.00000	0
28	F	0.00000	0	1.00000	0
29	I	0.00000	0	1.00000	0
30	F	0.00000	0	1.00000	0
31	G	0.00000	0	1.00000	0
32	V	0.00000	0	1.00000	0
33	V	0.00000	0	1.00000	0
34	G	0.00000	0	1.00000	0
35	N	0.00000	0	1.00000	0
36	L	0.00000	0	1.00000	0
37	V	0.00000	0	1.00000	0
38	A	0.00000	0	1.00000	0
39	I	0.00000	0	1.00000	0
40	V	0.00003	0	0.99997	0
41	V	0.00305	0	0.99695	0
42	L	0.03676	0	0.96324	0
43	C	0.24150	0	0.75850	0
44	K	0.98206	0	0.01794	0
45	S	0.99783	0	0.00217	0
46	R	0.99994	0	0.00006	0
47	K	1.00000	0	0.00000	0
48	E	1.00000	0	0.00000	0
49	Q	1.00000	0	0.00000	0
50	K	1.00000	0	0.00000	0
51	E	0.99945	0	0.00055	0
52	T	0.99542	0	0.00458	0
53	T	0.90107	0	0.09893	0
54	F	0.18857	0	0.81143	0
55	Y	0.10273	0	0.89727	0
56	T	0.08912	0	0.91088	0
57	L	0.00091	0	0.99909	0
58	V	0.00009	0	0.99991	0
59	C	0.00000	0	1.00000	0
60	G	0.00000	0	1.00000	0
61	L	0.00000	0	1.00000	0
62	A	0.00000	0	1.00000	0
63	V	0.00000	0	1.00000	0
64	T	0.00000	0	1.00000	0
65	D	0.00000	0	1.00000	0
66	L	0.00000	0	1.00000	0
67	L	0.00000	0	1.00000	0
68	G	0.00000	0	1.00000	0
69	T	0.00000	0	1.00000	0
70	L	0.00000	0	1.00000	0
71	L	0.00000	1e-05	0.99999	0
72	V	0.00000	0.00062	0.99938	0
73	S	0.00000	0.01523	0.98477	0
74	P	0.00000	0.01931	0.98069	0
75	V	0.00000	0.03787	0.96213	0
76	T	0.00000	0.13678	0.86322	0
77	I	0.00000	0.2027	0.79730	0
78	A	0.00000	0.35538	0.64462	0
79	T	0.00000	0.99969	0.00031	0
80	Y	0.00000	0.99987	0.00013	0
81	M	0.00000	0.99989	0.00011	0
82	K	0.00000	0.99999	0.00001	0
83	G	0.00000	0.99999	0.00001	0
84	Q	0.00000	1	0.00000	0
85	W	0.00000	1	0.00000	0
86	P	0.00000	1	0.00000	0
87	G	0.00000	1	0.00000	0
88	G	0.00000	1	0.00000	0
89	Q	0.00000	1	0.00000	0
90	P	0.00000	1	0.00000	0
91	L	0.00000	1	0.00000	0
92	C	0.00000	1	0.00000	0
93	E	0.00000	1	0.00000	0
94	Y	0.00000	0.98232	0.01768	0
95	S	0.00000	0.9592	0.04080	0
96	T	0.00000	0.85063	0.14937	0
97	F	0.00000	0.21216	0.78784	0
98	I	0.00000	0.00866	0.99134	0
99	L	0.00000	0.00076	0.99924	0
100	L	0.00000	1e-05	0.99999	0
101	F	0.00000	0	1.00000	0
102	F	0.00000	0	1.00000	0
103	S	0.00000	0	1.00000	0
104	L	0.00000	0	1.00000	0
105	S	0.00000	0	1.00000	0
106	G	0.00000	0	1.00000	0
107	L	0.00000	0	1.00000	0
108	S	0.00000	0	1.00000	0
109	I	0.00000	0	1.00000	0
110	I	0.00000	0	1.00000	0
111	C	0.00000	0	1.00000	0
112	A	0.00000	0	1.00000	0
113	M	0.00000	0	1.00000	0
114	S	0.00000	0	1.00000	0
115	V	0.00000	0	1.00000	0
116	E	0.00000	0	1.00000	0
117	R	0.00061	0	0.99939	0
118	Y	0.00718	0	0.99282	0
119	L	0.08023	0	0.91977	0
120	A	0.74114	0	0.25886	0
121	I	0.99317	0	0.00683	0
122	N	1.00000	0	0.00000	0
123	H	1.00000	0	0.00000	0
124	A	1.00000	0	0.00000	0
125	Y	1.00000	0	0.00000	0
126	F	1.00000	0	0.00000	0
127	Y	1.00000	0	0.00000	0
128	S	1.00000	0	0.00000	0
129	H	1.00000	0	0.00000	0
130	Y	1.00000	0	0.00000	0
131	V	1.00000	0	0.00000	0
132	D	1.00000	0	0.00000	0
133	K	0.99994	0	0.00006	0
134	R	0.99313	0	0.00687	0
135	L	0.72441	0	0.27559	0
136	A	0.61067	0	0.38933	0
137	G	0.46216	0	0.53784	0
138	L	0.07423	0	0.92577	0
139	T	0.04359	0	0.95641	0
140	L	0.00306	0	0.99694	0
141	F	0.00003	0	0.99997	0
142	A	0.00000	0	1.00000	0
143	V	0.00000	0	1.00000	0
144	Y	0.00000	0	1.00000	0
145	A	0.00000	0	1.00000	0
146	S	0.00000	0	1.00000	0
147	N	0.00000	0	1.00000	0
148	V	0.00000	0	1.00000	0
149	L	0.00000	0	1.00000	0
150	F	0.00000	0	1.00000	0
151	C	0.00000	0	1.00000	0
152	A	0.00000	0	1.00000	0
153	L	0.00000	3e-05	0.99997	0
154	P	0.00000	0.00449	0.99551	0
155	N	0.00000	0.01737	0.98263	0
156	M	0.00000	0.02164	0.97836	0
157	G	0.00000	0.32879	0.67121	0
158	L	0.00000	0.39854	0.60146	0
159	G	0.00000	0.74053	0.25947	0
160	S	0.00000	0.93457	0.06543	0
161	S	0.00000	0.98974	0.01026	0
162	R	0.00000	0.99891	0.00109	0
163	L	0.00000	0.99936	0.00064	0
164	Q	0.00000	0.99994	0.00006	0
165	Y	0.00000	0.99999	0.00001	0
166	P	0.00000	1	0.00000	0
167	D	0.00000	1	0.00000	0
168	T	0.00000	1	0.00000	0
169	W	0.00000	1	0.00000	0
170	C	0.00000	1	0.00000	0
171	F	0.00000	1	0.00000	0
172	I	0.00000	1	0.00000	0
173	D	0.00000	1	0.00000	0
174	W	0.00000	1	0.00000	0
175	T	0.00000	1	0.00000	0
176	T	0.00000	1	0.00000	0
177	N	0.00000	1	0.00000	0
178	V	0.00000	0.99999	0.00001	0
179	T	0.00000	0.99994	0.00006	0
180	A	0.00000	0.99834	0.00166	0
181	H	0.00000	0.9976	0.00240	0
182	A	0.00000	0.97726	0.02274	0
183	A	0.00000	0.95323	0.04677	0
184	Y	0.00000	0.93469	0.06531	0
185	S	0.00000	0.57992	0.42008	0
186	Y	0.00000	0.55498	0.44502	0
187	M	0.00000	0.05995	0.94005	0
188	Y	0.00000	0.00222	0.99778	0
189	A	0.00000	0.00067	0.99933	0
190	G	0.00000	0.0005	0.99950	0
191	F	0.00000	9e-05	0.99991	0
192	S	0.00000	8e-05	0.99992	0
193	S	0.00000	3e-05	0.99997	0
194	F	0.00000	0	1.00000	0
195	L	0.00000	0	1.00000	0
196	I	0.00000	0	1.00000	0
197	L	0.00000	0	1.00000	0
198	A	0.00000	0	1.00000	0
199	T	0.00000	0	1.00000	0
200	V	0.00000	0	1.00000	0
201	L	0.00000	0	1.00000	0
202	C	0.00000	0	1.00000	0
203	N	0.00004	0	0.99996	0
204	V	0.00005	0	0.99995	0
205	L	0.00022	0	0.99978	0
206	V	0.00122	0	0.99878	0
207	C	0.00745	0	0.99255	0
208	G	0.05172	0	0.94828	0
209	A	0.10058	0	0.89942	0
210	L	0.14877	0	0.85123	0
211	L	0.34599	0	0.65401	0
212	R	0.93495	0	0.06505	0
213	M	0.96098	0	0.03902	0
214	H	0.99445	0	0.00555	0
215	R	0.99987	0	0.00013	0
216	Q	1.00000	0	0.00000	0
217	F	1.00000	0	0.00000	0
218	M	1.00000	0	0.00000	0
219	R	1.00000	0	0.00000	0
220	R	1.00000	0	0.00000	0
221	T	1.00000	0	0.00000	0
222	S	1.00000	0	0.00000	0
223	L	1.00000	0	0.00000	0
224	G	1.00000	0	0.00000	0
225	T	1.00000	0	0.00000	0
226	E	1.00000	0	0.00000	0
227	Q	1.00000	0	0.00000	0
228	H	1.00000	0	0.00000	0
229	H	1.00000	0	0.00000	0
230	A	1.00000	0	0.00000	0
231	A	1.00000	0	0.00000	0
232	A	1.00000	0	0.00000	0
233	A	1.00000	0	0.00000	0
234	A	1.00000	0	0.00000	0
235	S	1.00000	0	0.00000	0
236	V	1.00000	0	0.00000	0
237	A	1.00000	0	0.00000	0
238	S	1.00000	0	0.00000	0
239	R	1.00000	0	0.00000	0
240	G	1.00000	0	0.00000	0
241	H	1.00000	0	0.00000	0
242	P	1.00000	0	0.00000	0
243	A	1.00000	0	0.00000	0
244	A	1.00000	0	0.00000	0
245	S	1.00000	0	0.00000	0
246	P	1.00000	0	0.00000	0
247	A	1.00000	0	0.00000	0
248	L	1.00000	0	0.00000	0
249	P	1.00000	0	0.00000	0
250	R	1.00000	0	0.00000	0
251	L	1.00000	0	0.00000	0
252	S	1.00000	0	0.00000	0
253	D	1.00000	0	0.00000	0
254	F	1.00000	0	0.00000	0
255	R	1.00000	0	0.00000	0
256	R	1.00000	0	0.00000	0
257	R	1.00000	0	0.00000	0
258	R	1.00000	0	0.00000	0
259	S	1.00000	0	0.00000	0
260	F	0.99984	0	0.00016	0
261	R	0.99984	0	0.00016	0
262	R	0.99983	0	0.00017	0
263	I	0.99983	0	0.00017	0
264	A	0.99983	0	0.00017	0
265	G	0.99983	0	0.00017	0
266	A	0.99983	0	0.00017	0
267	E	0.99983	0	0.00017	0
268	I	0.99516	0	0.00484	0
269	Q	0.99385	0	0.00615	0
270	M	0.91225	0	0.08775	0
271	V	0.46902	0	0.53098	0
272	I	0.10733	0	0.89267	0
273	L	0.00016	0	0.99984	0
274	L	0.00013	0	0.99987	0
275	I	0.00001	0	0.99999	0
276	A	0.00000	0	1.00000	0
277	T	0.00000	0	1.00000	0
278	S	0.00000	0	1.00000	0
279	L	0.00000	0	1.00000	0
280	V	0.00000	0	1.00000	0
281	V	0.00000	0	1.00000	0
282	L	0.00000	0	1.00000	0
283	I	0.00000	1e-05	0.99999	0
284	C	0.00000	6e-05	0.99994	0
285	S	0.00000	6e-05	0.99994	0
286	I	0.00000	6e-05	0.99994	0
287	P	0.00000	7e-05	0.99993	0
288	L	0.00000	7e-05	0.99993	0
289	V	0.00000	8e-05	0.99992	0
290	V	0.00000	0.00048	0.99952	0
291	R	0.00000	0.00722	0.99278	0
292	V	0.00000	0.0087	0.99130	0
293	F	0.00000	0.02906	0.97094	0
294	V	0.00000	0.19648	0.80352	0
295	N	0.00000	0.88501	0.11499	0
296	Q	0.00000	0.99528	0.00472	0
297	L	0.00000	0.99589	0.00411	0
298	Y	0.00000	0.99824	0.00176	0
299	Q	0.00000	0.9998	0.00020	0
300	P	0.00000	0.99997	0.00003	0
301	S	0.00000	0.99999	0.00001	0
302	L	0.00000	1	0.00000	0
303	E	0.00000	1	0.00000	0
304	R	0.00000	1	0.00000	0
305	E	0.00000	1	0.00000	0
306	V	0.00000	1	0.00000	0
307	S	0.00000	1	0.00000	0
308	K	0.00000	0.99998	0.00002	0
309	N	0.00000	0.99984	0.00016	0
310	P	0.00000	0.99958	0.00042	0
311	D	0.00000	0.99803	0.00197	0
312	L	0.00000	0.03469	0.96531	0
313	Q	0.00000	0.00301	0.99699	0
314	A	0.00000	0	1.00000	0
315	I	0.00000	0	1.00000	0
316	R	0.00000	0	1.00000	0
317	I	0.00000	0	1.00000	0
318	A	0.00000	0	1.00000	0
319	S	0.00000	0	1.00000	0
320	V	0.00000	0	1.00000	0
321	N	0.00000	0	1.00000	0
322	P	0.00000	0	1.00000	0
323	I	0.00000	0	1.00000	0
324	L	0.00000	0	1.00000	0
325	D	0.00000	0	1.00000	0
326	P	0.00000	0	1.00000	0
327	W	0.00000	0	1.00000	0
328	I	0.00000	0	1.00000	0
329	Y	0.00000	0	1.00000	0
330	I	0.00000	0	1.00000	0
331	L	0.00516	0	0.99484	0
332	L	0.89364	0	0.10636	0
333	R	1.00000	0	0.00000	0
334	K	1.00000	0	0.00000	0
335	T	1.00000	0	0.00000	0
336	V	1.00000	0	0.00000	0
337	L	1.00000	0	0.00000	0
338	S	1.00000	0	0.00000	0
339	K	1.00000	0	0.00000	0
340	A	1.00000	0	0.00000	0
341	I	1.00000	0	0.00000	0
342	E	1.00000	0	0.00000	0
343	K	1.00000	0	0.00000	0
344	I	1.00000	0	0.00000	0
345	K	1.00000	0	0.00000	0
346	C	1.00000	0	0.00000	0
347	L	1.00000	0	0.00000	0
348	F	1.00000	0	0.00000	0
349	C	1.00000	0	0.00000	0
350	R	1.00000	0	0.00000	0
351	I	1.00000	0	0.00000	0
352	G	1.00000	0	0.00000	0
353	G	1.00000	0	0.00000	0
354	S	1.00000	0	0.00000	0
355	R	1.00000	0	0.00000	0
356	R	1.00000	0	0.00000	0
357	E	1.00000	0	0.00000	0
358	R	1.00000	0	0.00000	0
359	S	1.00000	0	0.00000	0
360	G	1.00000	0	0.00000	0
361	Q	1.00000	0	0.00000	0
362	H	1.00000	0	0.00000	0
363	C	1.00000	0	0.00000	0
364	S	1.00000	0	0.00000	0
365	D	1.00000	0	0.00000	0
366	S	1.00000	0	0.00000	0
367	Q	1.00000	0	0.00000	0
368	R	1.00000	0	0.00000	0
369	T	1.00000	0	0.00000	0
370	S	1.00000	0	0.00000	0
371	S	1.00000	0	0.00000	0
372	A	1.00000	0	0.00000	0
373	M	1.00000	0	0.00000	0
374	S	1.00000	0	0.00000	0
375	G	1.00000	0	0.00000	0
376	H	1.00000	0	0.00000	0
377	S	1.00000	0	0.00000	0
378	R	1.00000	0	0.00000	0
379	S	1.00000	0	0.00000	0
380	F	1.00000	0	0.00000	0
381	I	1.00000	0	0.00000	0
382	S	1.00000	0	0.00000	0
383	R	1.00000	0	0.00000	0
384	E	1.00000	0	0.00000	0
385	L	1.00000	0	0.00000	0
386	K	1.00000	0	0.00000	0
387	E	1.00000	0	0.00000	0
388	I	1.00000	0	0.00000	0
389	S	1.00000	0	0.00000	0
390	S	1.00000	0	0.00000	0
391	T	1.00000	0	0.00000	0
392	S	1.00000	0	0.00000	0
393	Q	1.00000	0	0.00000	0
394	T	1.00000	0	0.00000	0
395	L	1.00000	0	0.00000	0
396	L	1.00000	0	0.00000	0
397	P	1.00000	0	0.00000	0
398	D	1.00000	0	0.00000	0
399	L	1.00000	0	0.00000	0
400	S	1.00000	0	0.00000	0
401	L	1.00000	0	0.00000	0
402	P	1.00000	0	0.00000	0
403	D	1.00000	0	0.00000	0
404	L	1.00000	0	0.00000	0
405	S	1.00000	0	0.00000	0
406	E	1.00000	0	0.00000	0
407	N	1.00000	0	0.00000	0
408	G	1.00000	0	0.00000	0
409	L	1.00000	0	0.00000	0
410	G	1.00000	0	0.00000	0
411	G	1.00000	0	0.00000	0
412	R	1.00000	0	0.00000	0
413	N	1.00000	0	0.00000	0
414	L	1.00000	0	0.00000	0
415	L	1.00000	0	0.00000	0
416	P	1.00000	0	0.00000	0
417	G	1.00000	0	0.00000	0
418	V	1.00000	0	0.00000	0
419	P	1.00000	0	0.00000	0
420	G	1.00000	0	0.00000	0
421	M	1.00000	0	0.00000	0
422	G	1.00000	0	0.00000	0
423	L	1.00000	0	0.00000	0
424	A	1.00000	0	0.00000	0
425	Q	1.00000	0	0.00000	0
426	E	1.00000	0	0.00000	0
427	D	1.00000	0	0.00000	0
428	T	1.00000	0	0.00000	0
429	T	1.00000	0	0.00000	0
430	S	1.00000	0	0.00000	0
431	L	1.00000	0	0.00000	0
432	R	1.00000	0	0.00000	0
433	T	1.00000	0	0.00000	0
434	L	1.00000	0	0.00000	0
435	R	1.00000	0	0.00000	0
436	I	1.00000	0	0.00000	0
437	S	1.00000	0	0.00000	0
438	E	1.00000	0	0.00000	0
439	T	1.00000	0	0.00000	0
440	S	1.00000	0	0.00000	0
441	D	1.00000	0	0.00000	0
442	S	1.00000	0	0.00000	0
443	S	1.00000	0	0.00000	0
444	Q	1.00000	0	0.00000	0
445	G	1.00000	0	0.00000	0
446	Q	1.00000	0	0.00000	0
447	D	1.00000	0	0.00000	0
448	S	1.00000	0	0.00000	0
449	E	1.00000	0	0.00000	0
450	S	1.00000	0	0.00000	0
451	V	1.00000	0	0.00000	0
452	L	1.00000	0	0.00000	0
453	L	1.00000	0	0.00000	0
454	V	1.00000	0	0.00000	0
455	D	1.00000	0	0.00000	0
456	E	1.00000	0	0.00000	0
457	A	1.00000	0	0.00000	0
458	G	1.00000	0	0.00000	0
459	G	1.00000	0	0.00000	0
460	S	1.00000	0	0.00000	0
461	G	1.00000	0	0.00000	0
462	R	1.00000	0	0.00000	0
463	A	1.00000	0	0.00000	0
464	G	1.00000	0	0.00000	0
465	P	1.00000	0	0.00000	0
466	A	1.00000	0	0.00000	0
467	P	1.00000	0	0.00000	0
468	K	1.00000	0	0.00000	0
469	G	1.00000	0	0.00000	0
470	S	1.00000	0	0.00000	0
471	S	1.00000	0	0.00000	0
472	L	1.00000	0	0.00000	0
473	Q	1.00000	0	0.00000	0
474	V	1.00000	0	0.00000	0
475	T	1.00000	0	0.00000	0
476	F	1.00000	0	0.00000	0
477	P	1.00000	0	0.00000	0
478	S	1.00000	0	0.00000	0
479	E	1.00000	0	0.00000	0
480	T	1.00000	0	0.00000	0
481	L	1.00000	0	0.00000	0
482	N	1.00000	0	0.00000	0
483	L	1.00000	0	0.00000	0
484	S	1.00000	0	0.00000	0
485	E	1.00000	0	0.00000	0
486	K	1.00000	0	0.00000	0
487	C	1.00000	0	0.00000	0
488	I	1.00000	0	0.00000	0
