# UNNAMED
#pos	aa	i	o	M	S
1	M	0.00000	0.9998	0.00000	0.0002
2	Q	0.00000	0.9998	0.00000	0.00021
3	G	0.00000	0.9998	0.00000	0.0002
4	N	0.00000	0.9998	0.00000	0.0002
5	G	0.00000	0.9998	0.00000	0.0002
6	S	0.00000	0.9998	0.00000	0.00021
7	A	0.00000	0.9998	0.00000	0.00021
8	L	0.00000	0.9998	0.00000	0.0002
9	P	0.00000	0.9998	0.00000	0.0002
10	N	0.00000	0.9998	0.00000	0.0002
11	A	0.00000	0.9998	0.00000	0.0002
12	S	0.00000	0.9998	0.00000	0.0002
13	Q	0.00000	0.9998	0.00000	0.00021
14	P	0.00000	0.9998	0.00000	0.00021
15	V	0.00000	0.9998	0.00000	0.00021
16	L	0.00000	0.9998	0.00000	0.0002
17	R	0.00000	0.9998	0.00000	0.0002
18	G	0.00000	0.9998	0.00000	0.0002
19	D	0.00000	0.99992	0.00000	9e-05
20	G	0.00000	0.99991	0.00000	9e-05
21	A	0.00000	0.99963	0.00037	0
22	R	0.00000	0.99919	0.00081	0
23	P	0.00000	0.97296	0.02704	0
24	S	0.00000	0.90749	0.09251	0
25	W	0.00000	0.57898	0.42102	0
26	L	0.00000	0.50405	0.49595	0
27	A	0.00000	0.44749	0.55251	0
28	S	0.00000	0.43942	0.56058	0
29	A	0.00000	0.40203	0.59797	0
30	L	0.00000	0.37995	0.62005	0
31	A	0.00000	0.35448	0.64552	0
32	C	0.00000	0.32589	0.67411	0
33	V	0.00000	0.08612	0.91388	0
34	L	0.00000	0.01183	0.98817	0
35	I	0.00000	0.00016	0.99984	0
36	F	0.00000	0	1.00000	0
37	T	0.00000	0	1.00000	0
38	I	0.00000	0	1.00000	0
39	V	0.00000	0	1.00000	0
40	V	0.00000	0	1.00000	0
41	D	0.00000	0	1.00000	0
42	I	0.00000	0	1.00000	0
43	L	0.00000	0	1.00000	0
44	G	0.00000	0	1.00000	0
45	N	0.00000	0	1.00000	0
46	L	0.00000	0	1.00000	0
47	L	0.00001	0	0.99999	0
48	V	0.00008	0	0.99992	0
49	I	0.00048	0	0.99952	0
50	L	0.01991	0	0.98009	0
51	S	0.34875	0	0.65125	0
52	V	0.40585	0	0.59415	0
53	Y	0.57365	0	0.42635	0
54	R	0.98896	0	0.01104	0
55	N	0.99935	0	0.00065	0
56	K	0.99997	0	0.00003	0
57	K	1.00000	0	0.00000	0
58	L	0.99998	0	0.00002	0
59	R	0.99992	0	0.00008	0
60	N	0.96391	0	0.03609	0
61	A	0.89605	0	0.10395	0
62	G	0.68042	0	0.31958	0
63	N	0.08123	0	0.91877	0
64	I	0.00406	0	0.99594	0
65	F	0.00002	0	0.99998	0
66	V	0.00000	0	1.00000	0
67	V	0.00000	0	1.00000	0
68	S	0.00000	0	1.00000	0
69	L	0.00000	0	1.00000	0
70	A	0.00000	0	1.00000	0
71	V	0.00000	0	1.00000	0
72	A	0.00000	0	1.00000	0
73	D	0.00000	0	1.00000	0
74	L	0.00000	0	1.00000	0
75	V	0.00000	0	1.00000	0
76	V	0.00000	0	1.00000	0
77	A	0.00000	0	1.00000	0
78	I	0.00000	0	1.00000	0
79	Y	0.00000	0.00107	0.99893	0
80	P	0.00000	0.00405	0.99595	0
81	Y	0.00000	0.01819	0.98181	0
82	P	0.00000	0.02923	0.97077	0
83	L	0.00000	0.11137	0.88863	0
84	V	0.00000	0.35386	0.64614	0
85	L	0.00000	0.99322	0.00678	0
86	M	0.00000	0.99495	0.00505	0
87	S	0.00000	0.99999	0.00001	0
88	I	0.00000	1	0.00000	0
89	F	0.00000	1	0.00000	0
90	N	0.00000	1	0.00000	0
91	N	0.00000	1	0.00000	0
92	G	0.00000	1	0.00000	0
93	W	0.00000	1	0.00000	0
94	N	0.00000	1	0.00000	0
95	L	0.00000	0.99989	0.00011	0
96	G	0.00000	0.99988	0.00012	0
97	Y	0.00000	0.99943	0.00057	0
98	L	0.00000	0.99621	0.00379	0
99	H	0.00000	0.99542	0.00458	0
100	C	0.00000	0.9939	0.00610	0
101	Q	0.00000	0.93616	0.06384	0
102	V	0.00000	0.65868	0.34132	0
103	S	0.00000	0.59018	0.40982	0
104	G	0.00000	0.31793	0.68207	0
105	F	0.00000	0.01678	0.98322	0
106	L	0.00000	0.00691	0.99309	0
107	M	0.00000	0.0019	0.99810	0
108	G	0.00000	0.00064	0.99936	0
109	L	0.00000	1e-05	0.99999	0
110	S	0.00000	0	1.00000	0
111	V	0.00000	0	1.00000	0
112	I	0.00000	0	1.00000	0
113	G	0.00000	0	1.00000	0
114	S	0.00000	0	1.00000	0
115	I	0.00000	0	1.00000	0
116	F	0.00000	0	1.00000	0
117	N	0.00000	0	1.00000	0
118	I	0.00000	0	1.00000	0
119	T	0.00004	0	0.99996	0
120	G	0.00022	0	0.99978	0
121	I	0.00029	0	0.99971	0
122	A	0.00042	0	0.99958	0
123	I	0.00124	0	0.99876	0
124	N	0.00292	0	0.99708	0
125	R	0.01354	0	0.98646	0
126	Y	0.41903	0	0.58097	0
127	C	0.69269	0	0.30731	0
128	Y	0.86199	0	0.13801	0
129	I	0.96664	0	0.03336	0
130	C	1.00000	0	0.00000	0
131	H	1.00000	0	0.00000	0
132	S	1.00000	0	0.00000	0
133	L	1.00000	0	0.00000	0
134	K	1.00000	0	0.00000	0
135	Y	1.00000	0	0.00000	0
136	D	1.00000	0	0.00000	0
137	K	1.00000	0	0.00000	0
138	L	0.99943	0	0.00057	0
139	Y	0.99866	0	0.00134	0
140	S	0.99848	0	0.00152	0
141	S	0.99789	0	0.00211	0
142	K	0.99642	0	0.00358	0
143	N	0.92387	0	0.07613	0
144	S	0.55022	0	0.44978	0
145	L	0.07511	0	0.92489	0
146	C	0.00062	0	0.99938	0
147	Y	0.00007	0	0.99993	0
148	V	0.00000	0	1.00000	0
149	L	0.00000	0	1.00000	0
150	L	0.00000	0	1.00000	0
151	I	0.00000	0	1.00000	0
152	W	0.00000	0	1.00000	0
153	L	0.00000	0	1.00000	0
154	L	0.00000	0	1.00000	0
155	T	0.00000	0	1.00000	0
156	L	0.00000	0	1.00000	0
157	A	0.00000	0	1.00000	0
158	A	0.00000	1e-05	0.99999	0
159	V	0.00000	8e-05	0.99992	0
160	L	0.00000	0.00036	0.99964	0
161	P	0.00000	0.00198	0.99802	0
162	N	0.00000	0.01015	0.98985	0
163	L	0.00000	0.02348	0.97652	0
164	R	0.00000	0.34452	0.65548	0
165	A	0.00000	0.41813	0.58187	0
166	G	0.00000	0.72433	0.27567	0
167	T	0.00000	0.90057	0.09943	0
168	L	0.00000	0.94367	0.05633	0
169	Q	0.00000	0.99992	0.00008	0
170	Y	0.00000	0.99999	0.00001	0
171	D	0.00000	1	0.00000	0
172	P	0.00000	1	0.00000	0
173	R	0.00000	1	0.00000	0
174	I	0.00000	1	0.00000	0
175	Y	0.00000	1	0.00000	0
176	S	0.00000	1	0.00000	0
177	C	0.00000	1	0.00000	0
178	T	0.00000	1	0.00000	0
179	F	0.00000	0.99999	0.00001	0
180	A	0.00000	0.99998	0.00002	0
181	Q	0.00000	0.99998	0.00002	0
182	S	0.00000	0.9998	0.00020	0
183	V	0.00000	0.99854	0.00146	0
184	S	0.00000	0.99829	0.00171	0
185	S	0.00000	0.99483	0.00517	0
186	A	0.00000	0.96794	0.03206	0
187	Y	0.00000	0.94868	0.05132	0
188	T	0.00000	0.92393	0.07607	0
189	I	0.00000	0.90735	0.09265	0
190	A	0.00000	0.0235	0.97650	0
191	V	0.00000	0.00573	0.99427	0
192	V	0.00000	0.00401	0.99599	0
193	V	0.00000	0.00229	0.99771	0
194	F	0.00000	2e-05	0.99998	0
195	H	0.00000	0	1.00000	0
196	F	0.00000	0	1.00000	0
197	L	0.00000	0	1.00000	0
198	V	0.00000	0	1.00000	0
199	P	0.00000	0	1.00000	0
200	M	0.00000	0	1.00000	0
201	I	0.00000	0	1.00000	0
202	I	0.00000	0	1.00000	0
203	V	0.00000	0	1.00000	0
204	I	0.00000	0	1.00000	0
205	F	0.00000	0	1.00000	0
206	C	0.00002	0	0.99998	0
207	Y	0.00010	0	0.99990	0
208	L	0.00078	0	0.99922	0
209	R	0.00489	0	0.99511	0
210	I	0.00518	0	0.99482	0
211	W	0.00724	0	0.99276	0
212	I	0.05934	0	0.94066	0
213	L	0.17490	0	0.82510	0
214	V	0.86703	0	0.13297	0
215	L	0.90714	0	0.09286	0
216	Q	0.99755	0	0.00245	0
217	V	0.99842	0	0.00158	0
218	R	0.99996	0	0.00004	0
219	Q	1.00000	0	0.00000	0
220	R	1.00000	0	0.00000	0
221	V	1.00000	0	0.00000	0
222	K	1.00000	0	0.00000	0
223	P	1.00000	0	0.00000	0
224	D	1.00000	0	0.00000	0
225	R	1.00000	0	0.00000	0
226	K	1.00000	0	0.00000	0
227	P	1.00000	0	0.00000	0
228	K	1.00000	0	0.00000	0
229	L	1.00000	0	0.00000	0
230	K	1.00000	0	0.00000	0
231	P	1.00000	0	0.00000	0
232	Q	1.00000	0	0.00000	0
233	D	1.00000	0	0.00000	0
234	F	0.99864	0	0.00136	0
235	R	0.99745	0	0.00255	0
236	N	0.99676	0	0.00324	0
237	F	0.31222	0	0.68778	0
238	V	0.04975	0	0.95025	0
239	T	0.04507	0	0.95493	0
240	M	0.00039	0	0.99961	0
241	F	0.00019	0	0.99981	0
242	V	0.00006	0	0.99994	0
243	V	0.00000	0	1.00000	0
244	F	0.00000	0	1.00000	0
245	V	0.00000	0	1.00000	0
246	L	0.00000	0	1.00000	0
247	F	0.00000	0	1.00000	0
248	A	0.00000	0	1.00000	0
249	I	0.00000	0	1.00000	0
250	C	0.00000	0	1.00000	0
251	W	0.00000	0	1.00000	0
252	A	0.00000	0	1.00000	0
253	P	0.00000	0	1.00000	0
254	L	0.00000	0	1.00000	0
255	N	0.00000	0	1.00000	0
256	F	0.00000	1e-05	0.99999	0
257	I	0.00000	0.00026	0.99974	0
258	G	0.00000	0.00283	0.99717	0
259	L	0.00000	0.00714	0.99286	0
260	A	0.00000	0.0379	0.96210	0
261	V	0.00000	0.12038	0.87962	0
262	A	0.00000	0.3054	0.69460	0
263	S	0.00000	0.71356	0.28644	0
264	D	0.00000	0.99938	0.00062	0
265	P	0.00000	0.99977	0.00023	0
266	A	0.00000	0.99981	0.00019	0
267	S	0.00000	0.99987	0.00013	0
268	M	0.00000	0.99988	0.00012	0
269	V	0.00000	0.9999	0.00010	0
270	P	0.00000	0.99998	0.00002	0
271	R	0.00000	0.99946	0.00054	0
272	I	0.00000	0.9917	0.00830	0
273	P	0.00000	0.9858	0.01420	0
274	E	0.00000	0.78946	0.21054	0
275	W	0.00000	0.0662	0.93380	0
276	L	0.00000	0.02102	0.97898	0
277	F	0.00000	0.00709	0.99291	0
278	V	0.00000	0.00257	0.99743	0
279	A	0.00000	0.0006	0.99940	0
280	S	0.00000	0.00036	0.99964	0
281	Y	0.00000	9e-05	0.99991	0
282	Y	0.00000	2e-05	0.99998	0
283	M	0.00000	0	1.00000	0
284	A	0.00000	0	1.00000	0
285	Y	0.00000	0	1.00000	0
286	F	0.00000	0	1.00000	0
287	N	0.00000	0	1.00000	0
288	S	0.00000	0	1.00000	0
289	C	0.00000	0	1.00000	0
290	L	0.00000	0	1.00000	0
291	N	0.00000	0	1.00000	0
292	A	0.00000	0	1.00000	0
293	I	0.00001	0	0.99999	0
294	I	0.00070	0	0.99930	0
295	Y	0.01001	0	0.98999	0
296	G	0.05672	0	0.94328	0
297	L	0.26384	0	0.73616	0
298	L	0.58536	0	0.41464	0
299	N	0.88181	0	0.11819	0
300	Q	0.99949	0	0.00051	0
301	N	0.99977	0	0.00023	0
302	F	0.99982	0	0.00018	0
303	R	1.00000	0	0.00000	0
304	K	1.00000	0	0.00000	0
305	E	1.00000	0	0.00000	0
306	Y	1.00000	0	0.00000	0
307	R	1.00000	0	0.00000	0
308	R	1.00000	0	0.00000	0
309	I	1.00000	0	0.00000	0
310	I	1.00000	0	0.00000	0
311	V	1.00000	0	0.00000	0
312	S	1.00000	0	0.00000	0
313	L	1.00000	0	0.00000	0
314	C	1.00000	0	0.00000	0
315	T	1.00000	0	0.00000	0
316	A	1.00000	0	0.00000	0
317	R	1.00000	0	0.00000	0
318	V	1.00000	0	0.00000	0
319	F	1.00000	0	0.00000	0
320	F	1.00000	0	0.00000	0
321	V	1.00000	0	0.00000	0
322	D	1.00000	0	0.00000	0
323	S	1.00000	0	0.00000	0
324	S	1.00000	0	0.00000	0
325	N	1.00000	0	0.00000	0
326	D	1.00000	0	0.00000	0
327	V	1.00000	0	0.00000	0
328	A	1.00000	0	0.00000	0
329	D	1.00000	0	0.00000	0
330	R	1.00000	0	0.00000	0
331	V	1.00000	0	0.00000	0
332	K	1.00000	0	0.00000	0
333	W	1.00000	0	0.00000	0
334	K	1.00000	0	0.00000	0
335	P	1.00000	0	0.00000	0
336	S	1.00000	0	0.00000	0
337	P	1.00000	0	0.00000	0
338	L	1.00000	0	0.00000	0
339	M	1.00000	0	0.00000	0
340	T	1.00000	0	0.00000	0
341	N	1.00000	0	0.00000	0
342	N	1.00000	0	0.00000	0
343	N	1.00000	0	0.00000	0
344	V	1.00000	0	0.00000	0
345	V	1.00000	0	0.00000	0
346	K	1.00000	0	0.00000	0
347	V	1.00000	0	0.00000	0
348	D	1.00000	0	0.00000	0
349	S	1.00000	0	0.00000	0
350	V	1.00000	0	0.00000	0
