# UNNAMED
#pos	aa	i	o	M	S
1	M	0.00000	0.99714	0.00000	0.00286
2	R	0.00000	0.99714	0.00000	0.00286
3	K	0.00000	0.99714	0.00000	0.00286
4	M	0.00000	0.99714	0.00000	0.00286
5	S	0.00000	0.99714	0.00000	0.00286
6	E	0.00000	0.99714	0.00000	0.00286
7	E	0.00000	0.99714	0.00000	0.00286
8	E	0.00000	0.99714	0.00000	0.00286
9	F	0.00000	0.99714	0.00000	0.00286
10	Y	0.00000	0.99714	0.00000	0.00286
11	L	0.00000	0.99714	0.00000	0.00286
12	F	0.00000	0.99714	0.00000	0.00287
13	K	0.00000	0.99714	0.00000	0.00286
14	N	0.00000	0.99714	0.00000	0.00286
15	I	0.00000	0.99714	0.00000	0.00286
16	S	0.00000	0.99714	0.00000	0.00286
17	S	0.00000	0.99722	0.00000	0.00279
18	V	0.00000	1	0.00000	0
19	G	0.00000	1	0.00000	0
20	P	0.00000	1	0.00000	0
21	W	0.00000	1	0.00000	0
22	D	0.00000	1	0.00000	0
23	G	0.00000	1	0.00000	0
24	P	0.00000	1	0.00000	0
25	Q	0.00000	1	0.00000	0
26	Y	0.00000	0.99999	0.00001	0
27	H	0.00000	0.99998	0.00002	0
28	I	0.00000	0.99785	0.00215	0
29	A	0.00000	0.99731	0.00269	0
30	P	0.00000	0.99578	0.00422	0
31	V	0.00000	0.55563	0.44437	0
32	W	0.00000	0.37256	0.62744	0
33	A	0.00000	0.23613	0.76387	0
34	F	0.00000	0.09878	0.90122	0
35	Y	0.00000	0.06001	0.93999	0
36	L	0.00000	0.03819	0.96181	0
37	Q	0.00000	0.03092	0.96908	0
38	A	0.00000	0.01856	0.98144	0
39	A	0.00000	0.00736	0.99264	0
40	F	0.00000	0.00213	0.99787	0
41	M	0.00000	0.00117	0.99883	0
42	G	0.00000	0.00055	0.99945	0
43	T	0.00000	3e-05	0.99997	0
44	V	0.00000	0	1.00000	0
45	F	0.00000	0	1.00000	0
46	L	0.00000	0	1.00000	0
47	I	0.00000	0	1.00000	0
48	G	0.00000	0	1.00000	0
49	F	0.00000	0	1.00000	0
50	P	0.00000	0	1.00000	0
51	L	0.00000	0	1.00000	0
52	N	0.00001	0	0.99999	0
53	A	0.00002	0	0.99998	0
54	M	0.00017	0	0.99983	0
55	V	0.00044	0	0.99956	0
56	L	0.00408	0	0.99592	0
57	V	0.02302	0	0.97698	0
58	A	0.33990	0	0.66010	0
59	T	0.86544	0	0.13456	0
60	L	0.91299	0	0.08701	0
61	R	0.99549	0	0.00451	0
62	Y	0.99748	0	0.00252	0
63	K	0.99995	0	0.00005	0
64	K	1.00000	0	0.00000	0
65	L	1.00000	0	0.00000	0
66	R	1.00000	0	0.00000	0
67	Q	1.00000	0	0.00000	0
68	P	1.00000	0	0.00000	0
69	L	0.47657	0	0.52343	0
70	N	0.39188	0	0.60812	0
71	Y	0.06231	0	0.93769	0
72	I	0.00063	0	0.99937	0
73	L	0.00005	0	0.99995	0
74	V	0.00000	0	1.00000	0
75	N	0.00000	0	1.00000	0
76	V	0.00000	0	1.00000	0
77	S	0.00000	0	1.00000	0
78	F	0.00000	0	1.00000	0
79	G	0.00000	0	1.00000	0
80	G	0.00000	0	1.00000	0
81	F	0.00000	0	1.00000	0
82	L	0.00000	0	1.00000	0
83	L	0.00000	0	1.00000	0
84	C	0.00000	0	1.00000	0
85	I	0.00000	0	1.00000	0
86	F	0.00000	0	1.00000	0
87	S	0.00000	0	1.00000	0
88	V	0.00000	0	1.00000	0
89	F	0.00000	0	1.00000	0
90	P	0.00000	0.00451	0.99549	0
91	V	0.00000	0.0119	0.98810	0
92	F	0.00000	0.02868	0.97132	0
93	V	0.00000	0.29782	0.70218	0
94	A	0.00000	0.73205	0.26795	0
95	S	0.00000	0.99997	0.00003	0
96	C	0.00000	1	0.00000	0
97	N	0.00000	1	0.00000	0
98	G	0.00000	1	0.00000	0
99	Y	0.00000	1	0.00000	0
100	F	0.00000	1	0.00000	0
101	V	0.00000	0.99999	0.00001	0
102	F	0.00000	0.99995	0.00005	0
103	G	0.00000	0.99993	0.00007	0
104	R	0.00000	0.99978	0.00022	0
105	H	0.00000	0.99898	0.00102	0
106	V	0.00000	0.99898	0.00102	0
107	C	0.00000	0.99898	0.00102	0
108	A	0.00000	0.99898	0.00102	0
109	L	0.00000	0.99898	0.00102	0
110	E	0.00000	0.99898	0.00102	0
111	G	0.00000	0.76032	0.23968	0
112	F	0.00000	0.04219	0.95781	0
113	L	0.00000	0.00469	0.99531	0
114	G	0.00000	0.0012	0.99880	0
115	T	0.00000	0.00049	0.99951	0
116	V	0.00000	0	1.00000	0
117	A	0.00000	0	1.00000	0
118	G	0.00000	0	1.00000	0
119	L	0.00000	0	1.00000	0
120	V	0.00000	0	1.00000	0
121	T	0.00000	0	1.00000	0
122	G	0.00000	0	1.00000	0
123	W	0.00000	0	1.00000	0
124	S	0.00000	0	1.00000	0
125	L	0.00000	0	1.00000	0
126	A	0.00000	0	1.00000	0
127	F	0.00000	0	1.00000	0
128	L	0.00000	0	1.00000	0
129	A	0.00000	0	1.00000	0
130	F	0.00000	0	1.00000	0
131	E	0.00004	0	0.99996	0
132	R	0.02443	0	0.97557	0
133	Y	0.28657	0	0.71343	0
134	I	0.89085	0	0.10915	0
135	V	0.98871	0	0.01129	0
136	I	0.99978	0	0.00022	0
137	C	1.00000	0	0.00000	0
138	K	1.00000	0	0.00000	0
139	P	1.00000	0	0.00000	0
140	F	1.00000	0	0.00000	0
141	G	1.00000	0	0.00000	0
142	N	1.00000	0	0.00000	0
143	F	1.00000	0	0.00000	0
144	R	1.00000	0	0.00000	0
145	F	1.00000	0	0.00000	0
146	S	1.00000	0	0.00000	0
147	S	0.99997	0	0.00003	0
148	K	0.99967	0	0.00033	0
149	H	0.88119	0	0.11881	0
150	A	0.68072	0	0.31928	0
151	L	0.21178	0	0.78822	0
152	T	0.10255	0	0.89745	0
153	V	0.00536	0	0.99464	0
154	V	0.00030	0	0.99970	0
155	L	0.00003	0	0.99997	0
156	A	0.00000	0	1.00000	0
157	T	0.00000	0	1.00000	0
158	W	0.00000	0	1.00000	0
159	T	0.00000	0	1.00000	0
160	I	0.00000	0	1.00000	0
161	G	0.00000	0	1.00000	0
162	I	0.00000	0	1.00000	0
163	G	0.00000	0	1.00000	0
164	V	0.00000	0	1.00000	0
165	S	0.00000	0	1.00000	0
166	I	0.00000	0	1.00000	0
167	P	0.00000	1e-05	0.99999	0
168	P	0.00000	0.0001	0.99990	0
169	F	0.00000	0.00093	0.99907	0
170	F	0.00000	0.01897	0.98103	0
171	G	0.00000	0.28503	0.71497	0
172	W	0.00000	0.42245	0.57755	0
173	S	0.00000	0.74349	0.25651	0
174	R	0.00000	0.9656	0.03440	0
175	F	0.00000	0.97115	0.02885	0
176	I	0.00000	0.98026	0.01974	0
177	P	0.00000	0.99883	0.00117	0
178	E	0.00000	0.99999	0.00001	0
179	G	0.00000	1	0.00000	0
180	L	0.00000	1	0.00000	0
181	Q	0.00000	1	0.00000	0
182	C	0.00000	1	0.00000	0
183	S	0.00000	1	0.00000	0
184	C	0.00000	1	0.00000	0
185	G	0.00000	1	0.00000	0
186	P	0.00000	1	0.00000	0
187	D	0.00000	1	0.00000	0
188	W	0.00000	1	0.00000	0
189	Y	0.00000	1	0.00000	0
190	T	0.00000	1	0.00000	0
191	V	0.00000	1	0.00000	0
192	G	0.00000	1	0.00000	0
193	T	0.00000	0.99996	0.00004	0
194	K	0.00000	0.99995	0.00005	0
195	Y	0.00000	0.99949	0.00051	0
196	R	0.00000	0.9988	0.00120	0
197	S	0.00000	0.98593	0.01407	0
198	E	0.00000	0.98014	0.01986	0
199	S	0.00000	0.92071	0.07929	0
200	Y	0.00000	0.71227	0.28773	0
201	T	0.00000	0.58233	0.41767	0
202	W	0.00000	0.40548	0.59452	0
203	F	0.00000	0.00123	0.99877	0
204	L	0.00000	0.00015	0.99985	0
205	F	0.00000	4e-05	0.99996	0
206	I	0.00000	2e-05	0.99998	0
207	F	0.00000	0	1.00000	0
208	C	0.00000	0	1.00000	0
209	F	0.00000	0	1.00000	0
210	I	0.00000	0	1.00000	0
211	V	0.00000	0	1.00000	0
212	P	0.00000	0	1.00000	0
213	L	0.00000	0	1.00000	0
214	S	0.00000	0	1.00000	0
215	L	0.00000	0	1.00000	0
216	I	0.00000	0	1.00000	0
217	C	0.00000	0	1.00000	0
218	F	0.00002	0	0.99998	0
219	S	0.00073	0	0.99927	0
220	Y	0.00218	0	0.99782	0
221	T	0.04243	0	0.95757	0
222	Q	0.08639	0	0.91361	0
223	L	0.08946	0	0.91054	0
224	L	0.11852	0	0.88148	0
225	R	0.73180	0	0.26820	0
226	A	0.74403	0	0.25597	0
227	L	0.77075	0	0.22925	0
228	K	0.99182	0	0.00818	0
229	A	0.99757	0	0.00243	0
230	V	0.99994	0	0.00006	0
231	A	0.99999	0	0.00001	0
232	A	1.00000	0	0.00000	0
233	Q	1.00000	0	0.00000	0
234	Q	1.00000	0	0.00000	0
235	Q	1.00000	0	0.00000	0
236	E	1.00000	0	0.00000	0
237	S	1.00000	0	0.00000	0
238	A	1.00000	0	0.00000	0
239	T	1.00000	0	0.00000	0
240	T	1.00000	0	0.00000	0
241	Q	1.00000	0	0.00000	0
242	K	1.00000	0	0.00000	0
243	A	1.00000	0	0.00000	0
244	E	1.00000	0	0.00000	0
245	R	1.00000	0	0.00000	0
246	E	1.00000	0	0.00000	0
247	V	0.97382	0	0.02618	0
248	S	0.96337	0	0.03663	0
249	R	0.89132	0	0.10868	0
250	M	0.42997	0	0.57003	0
251	V	0.02184	0	0.97816	0
252	V	0.00005	0	0.99995	0
253	V	0.00002	0	0.99998	0
254	M	0.00000	0	1.00000	0
255	V	0.00000	0	1.00000	0
256	G	0.00000	0	1.00000	0
257	S	0.00000	0	1.00000	0
258	F	0.00000	0	1.00000	0
259	C	0.00000	0	1.00000	0
260	V	0.00000	0	1.00000	0
261	C	0.00000	0	1.00000	0
262	Y	0.00000	0	1.00000	0
263	V	0.00000	0	1.00000	0
264	P	0.00000	0	1.00000	0
265	Y	0.00000	0	1.00000	0
266	A	0.00000	0	1.00000	0
267	A	0.00000	1e-05	0.99999	0
268	F	0.00000	2e-05	0.99998	0
269	A	0.00000	0.00035	0.99965	0
270	M	0.00000	0.00506	0.99494	0
271	Y	0.00000	0.02659	0.97341	0
272	M	0.00000	0.06252	0.93748	0
273	V	0.00000	0.29183	0.70817	0
274	N	0.00000	0.94468	0.05532	0
275	N	0.00000	0.9969	0.00310	0
276	R	0.00000	0.99997	0.00003	0
277	N	0.00000	1	0.00000	0
278	H	0.00000	1	0.00000	0
279	G	0.00000	0.99989	0.00011	0
280	L	0.00000	0.99334	0.00666	0
281	D	0.00000	0.98435	0.01565	0
282	L	0.00000	0.42487	0.57513	0
283	R	0.00000	0.15912	0.84088	0
284	L	0.00000	0.00616	0.99384	0
285	V	0.00000	0.00154	0.99846	0
286	T	0.00000	0.00062	0.99938	0
287	I	0.00000	9e-05	0.99991	0
288	P	0.00000	9e-05	0.99991	0
289	S	0.00000	0	1.00000	0
290	F	0.00000	0	1.00000	0
291	F	0.00000	0	1.00000	0
292	S	0.00000	0	1.00000	0
293	K	0.00000	0	1.00000	0
294	S	0.00000	0	1.00000	0
295	A	0.00000	0	1.00000	0
296	C	0.00000	0	1.00000	0
297	I	0.00000	0	1.00000	0
298	Y	0.00000	0	1.00000	0
299	N	0.00000	0	1.00000	0
300	P	0.00000	0	1.00000	0
301	I	0.00005	0	0.99995	0
302	I	0.00158	0	0.99842	0
303	Y	0.01002	0	0.98998	0
304	C	0.01792	0	0.98208	0
305	F	0.11566	0	0.88434	0
306	M	0.42303	0	0.57697	0
307	N	0.96027	0	0.03973	0
308	K	1.00000	0	0.00000	0
309	Q	1.00000	0	0.00000	0
310	F	1.00000	0	0.00000	0
311	Q	1.00000	0	0.00000	0
312	A	1.00000	0	0.00000	0
313	C	1.00000	0	0.00000	0
314	I	1.00000	0	0.00000	0
315	M	1.00000	0	0.00000	0
316	K	1.00000	0	0.00000	0
317	M	1.00000	0	0.00000	0
318	V	1.00000	0	0.00000	0
319	C	1.00000	0	0.00000	0
320	G	1.00000	0	0.00000	0
321	K	1.00000	0	0.00000	0
322	A	1.00000	0	0.00000	0
323	M	1.00000	0	0.00000	0
324	T	1.00000	0	0.00000	0
325	D	1.00000	0	0.00000	0
326	E	1.00000	0	0.00000	0
327	S	1.00000	0	0.00000	0
328	D	1.00000	0	0.00000	0
329	T	1.00000	0	0.00000	0
330	C	1.00000	0	0.00000	0
331	S	1.00000	0	0.00000	0
332	S	1.00000	0	0.00000	0
333	Q	1.00000	0	0.00000	0
334	K	1.00000	0	0.00000	0
335	T	1.00000	0	0.00000	0
336	E	1.00000	0	0.00000	0
337	V	1.00000	0	0.00000	0
338	S	1.00000	0	0.00000	0
339	T	1.00000	0	0.00000	0
340	V	1.00000	0	0.00000	0
341	S	1.00000	0	0.00000	0
342	S	1.00000	0	0.00000	0
343	T	1.00000	0	0.00000	0
344	Q	1.00000	0	0.00000	0
345	V	1.00000	0	0.00000	0
346	G	1.00000	0	0.00000	0
347	P	1.00000	0	0.00000	0
348	N	1.00000	0	0.00000	0
