# UNNAMED
#pos	aa	i	o	M	S
1	M	0.00000	0.89057	0.00000	0.10943
2	A	0.00000	0.89057	0.00000	0.10943
3	T	0.00000	0.89057	0.00000	0.10943
4	L	0.00000	0.89057	0.00000	0.10943
5	P	0.00000	0.89057	0.00000	0.10943
6	A	0.00000	0.89057	0.00000	0.10943
7	A	0.00000	0.89057	0.00000	0.10943
8	E	0.00000	0.89057	0.00000	0.10943
9	T	0.00000	0.89057	0.00000	0.10943
10	W	0.00000	0.89057	0.00000	0.10943
11	I	0.00000	0.89057	0.00000	0.10943
12	D	0.00000	0.89057	0.00000	0.10943
13	G	0.00000	0.89057	0.00000	0.10943
14	G	0.00000	0.89057	0.00000	0.10943
15	G	0.00000	0.89057	0.00000	0.10943
16	G	0.00000	0.89141	0.00000	0.10859
17	V	0.00000	0.94792	0.00000	0.05208
18	G	0.00000	0.94792	0.00000	0.05208
19	A	0.00000	0.94792	0.00000	0.05208
20	D	0.00000	0.99047	0.00000	0.00953
21	A	0.00000	0.99047	0.00000	0.00954
22	V	0.00000	0.99994	0.00000	6e-05
23	N	0.00000	0.99994	0.00000	6e-05
24	L	0.00000	0.99994	0.00000	6e-05
25	T	0.00000	0.99994	0.00000	6e-05
26	A	0.00000	0.99994	0.00000	6e-05
27	S	0.00000	0.99994	0.00000	6e-05
28	L	0.00000	0.99994	0.00000	6e-05
29	A	0.00000	0.99994	0.00000	6e-05
30	A	0.00000	0.99994	0.00000	6e-05
31	G	0.00000	0.99994	0.00000	6e-05
32	A	0.00000	0.99994	0.00000	6e-05
33	A	0.00000	0.99994	0.00000	6e-05
34	T	0.00000	0.99994	0.00000	6e-05
35	G	0.00000	0.99994	0.00000	6e-05
36	A	0.00000	0.99998	0.00000	2e-05
37	V	0.00000	1	0.00000	0
38	E	0.00000	1	0.00000	0
39	T	0.00000	1	0.00000	0
40	G	0.00000	1	0.00000	0
41	W	0.00000	1	0.00000	0
42	L	0.00000	1	0.00000	0
43	Q	0.00000	1	0.00000	0
44	L	0.00000	1	0.00000	0
45	L	0.00000	1	0.00000	0
46	D	0.00000	1	0.00000	0
47	Q	0.00000	1	0.00000	0
48	A	0.00000	1	0.00000	0
49	G	0.00000	1	0.00000	0
50	N	0.00000	1	0.00000	0
51	L	0.00000	1	0.00000	0
52	S	0.00000	1	0.00000	0
53	S	0.00000	1	0.00000	0
54	S	0.00000	1	0.00000	0
55	P	0.00000	1	0.00000	0
56	S	0.00000	1	0.00000	0
57	A	0.00000	1	0.00000	0
58	L	0.00000	1	0.00000	0
59	G	0.00000	1	0.00000	0
60	L	0.00000	1	0.00000	0
61	P	0.00000	1	0.00000	0
62	V	0.00000	1	0.00000	0
63	A	0.00000	1	0.00000	0
64	S	0.00000	1	0.00000	0
65	P	0.00000	1	0.00000	0
66	A	0.00000	1	0.00000	0
67	P	0.00000	1	0.00000	0
68	S	0.00000	1	0.00000	0
69	Q	0.00000	1	0.00000	0
70	P	0.00000	1	0.00000	0
71	W	0.00000	1	0.00000	0
72	A	0.00000	1	0.00000	0
73	N	0.00000	1	0.00000	0
74	L	0.00000	1	0.00000	0
75	T	0.00000	1	0.00000	0
76	N	0.00000	1	0.00000	0
77	Q	0.00000	1	0.00000	0
78	F	0.00000	1	0.00000	0
79	V	0.00000	1	0.00000	0
80	Q	0.00000	1	0.00000	0
81	P	0.00000	0.99999	0.00001	0
82	S	0.00000	0.99996	0.00004	0
83	W	0.00000	0.99982	0.00018	0
84	R	0.00000	0.99615	0.00385	0
85	I	0.00000	0.90563	0.09437	0
86	A	0.00000	0.89184	0.10816	0
87	L	0.00000	0.87827	0.12173	0
88	W	0.00000	0.3739	0.62610	0
89	S	0.00000	0.32429	0.67571	0
90	L	0.00000	0.14559	0.85441	0
91	A	0.00000	0.05389	0.94611	0
92	Y	0.00000	0.00599	0.99401	0
93	G	0.00000	0.00183	0.99817	0
94	V	0.00000	4e-05	0.99996	0
95	V	0.00000	0	1.00000	0
96	V	0.00000	0	1.00000	0
97	A	0.00000	0	1.00000	0
98	V	0.00000	0	1.00000	0
99	A	0.00000	0	1.00000	0
100	V	0.00000	0	1.00000	0
101	L	0.00000	0	1.00000	0
102	G	0.00000	0	1.00000	0
103	N	0.00000	0	1.00000	0
104	L	0.00000	0	1.00000	0
105	I	0.00000	0	1.00000	0
106	V	0.00000	0	1.00000	0
107	I	0.00000	0	1.00000	0
108	W	0.00003	0	0.99997	0
109	I	0.00073	0	0.99927	0
110	I	0.01493	0	0.98507	0
111	L	0.14823	0	0.85177	0
112	A	0.60762	0	0.39238	0
113	H	0.99675	0	0.00325	0
114	K	0.99997	0	0.00003	0
115	R	1.00000	0	0.00000	0
116	M	1.00000	0	0.00000	0
117	R	1.00000	0	0.00000	0
118	T	0.99996	0	0.00004	0
119	V	0.99828	0	0.00172	0
120	T	0.99168	0	0.00832	0
121	N	0.92175	0	0.07825	0
122	Y	0.43467	0	0.56533	0
123	F	0.00991	0	0.99009	0
124	L	0.00178	0	0.99822	0
125	V	0.00018	0	0.99982	0
126	N	0.00001	0	0.99999	0
127	L	0.00000	0	1.00000	0
128	A	0.00000	0	1.00000	0
129	F	0.00000	0	1.00000	0
130	S	0.00000	0	1.00000	0
131	D	0.00000	0	1.00000	0
132	A	0.00000	0	1.00000	0
133	S	0.00000	0	1.00000	0
134	M	0.00000	0	1.00000	0
135	A	0.00000	0	1.00000	0
136	A	0.00000	0	1.00000	0
137	F	0.00000	0	1.00000	0
138	N	0.00000	2e-05	0.99998	0
139	T	0.00000	7e-05	0.99993	0
140	L	0.00000	0.00017	0.99983	0
141	V	0.00000	0.00272	0.99728	0
142	N	0.00000	0.04331	0.95669	0
143	F	0.00000	0.04833	0.95167	0
144	I	0.00000	0.10768	0.89232	0
145	Y	0.00000	0.42343	0.57657	0
146	A	0.00000	0.56028	0.43972	0
147	L	0.00000	0.64798	0.35202	0
148	H	0.00000	0.99805	0.00195	0
149	S	0.00000	0.99989	0.00011	0
150	E	0.00000	0.99999	0.00001	0
151	W	0.00000	1	0.00000	0
152	Y	0.00000	1	0.00000	0
153	F	0.00000	1	0.00000	0
154	G	0.00000	1	0.00000	0
155	A	0.00000	1	0.00000	0
156	N	0.00000	1	0.00000	0
157	Y	0.00000	0.99802	0.00198	0
158	C	0.00000	0.99787	0.00213	0
159	R	0.00000	0.99083	0.00917	0
160	F	0.00000	0.96493	0.03507	0
161	Q	0.00000	0.95805	0.04195	0
162	N	0.00000	0.91667	0.08333	0
163	F	0.00000	0.03495	0.96505	0
164	F	0.00000	0.00791	0.99209	0
165	P	0.00000	0.00618	0.99382	0
166	I	0.00000	0.0001	0.99990	0
167	T	0.00000	0	1.00000	0
168	A	0.00000	0	1.00000	0
169	V	0.00000	0	1.00000	0
170	F	0.00000	0	1.00000	0
171	A	0.00000	0	1.00000	0
172	S	0.00000	0	1.00000	0
173	I	0.00000	0	1.00000	0
174	Y	0.00000	0	1.00000	0
175	S	0.00000	0	1.00000	0
176	M	0.00000	0	1.00000	0
177	T	0.00002	0	0.99998	0
178	A	0.00003	0	0.99997	0
179	I	0.00004	0	0.99996	0
180	A	0.00004	0	0.99996	0
181	V	0.00005	0	0.99995	0
182	D	0.00008	0	0.99992	0
183	R	0.02668	0	0.97332	0
184	Y	0.89191	0	0.10809	0
185	M	0.98449	0	0.01551	0
186	A	0.99590	0	0.00410	0
187	I	1.00000	0	0.00000	0
188	I	1.00000	0	0.00000	0
189	D	1.00000	0	0.00000	0
190	P	1.00000	0	0.00000	0
191	L	1.00000	0	0.00000	0
192	K	1.00000	0	0.00000	0
193	P	1.00000	0	0.00000	0
194	R	1.00000	0	0.00000	0
195	L	0.99944	0	0.00056	0
196	S	0.99861	0	0.00139	0
197	A	0.88553	0	0.11447	0
198	T	0.84308	0	0.15692	0
199	A	0.73615	0	0.26385	0
200	T	0.70134	0	0.29866	0
201	K	0.61881	0	0.38119	0
202	I	0.01702	0	0.98298	0
203	V	0.00020	0	0.99980	0
204	I	0.00000	0	1.00000	0
205	G	0.00000	0	1.00000	0
206	S	0.00000	0	1.00000	0
207	I	0.00000	0	1.00000	0
208	W	0.00000	0	1.00000	0
209	I	0.00000	0	1.00000	0
210	L	0.00000	0	1.00000	0
211	A	0.00000	0	1.00000	0
212	F	0.00000	0	1.00000	0
213	L	0.00000	0	1.00000	0
214	L	0.00000	0	1.00000	0
215	A	0.00000	2e-05	0.99998	0
216	F	0.00000	0.00164	0.99836	0
217	P	0.00000	0.06657	0.93343	0
218	Q	0.00000	0.15195	0.84805	0
219	C	0.00000	0.20247	0.79753	0
220	L	0.00000	0.21541	0.78459	0
221	Y	0.00000	0.28328	0.71672	0
222	S	0.00000	0.50338	0.49662	0
223	K	0.00000	0.98992	0.01008	0
224	T	0.00000	0.99265	0.00735	0
225	K	0.00000	0.99996	0.00004	0
226	V	0.00000	0.99999	0.00001	0
227	M	0.00000	0.99999	0.00001	0
228	P	0.00000	1	0.00000	0
229	G	0.00000	1	0.00000	0
230	R	0.00000	1	0.00000	0
231	T	0.00000	1	0.00000	0
232	L	0.00000	1	0.00000	0
233	C	0.00000	1	0.00000	0
234	F	0.00000	1	0.00000	0
235	V	0.00000	1	0.00000	0
236	Q	0.00000	1	0.00000	0
237	W	0.00000	1	0.00000	0
238	P	0.00000	1	0.00000	0
239	E	0.00000	1	0.00000	0
240	G	0.00000	1	0.00000	0
241	P	0.00000	1	0.00000	0
242	K	0.00000	1	0.00000	0
243	Q	0.00000	0.99622	0.00378	0
244	H	0.00000	0.99315	0.00685	0
245	F	0.00000	0.97607	0.02393	0
246	T	0.00000	0.9525	0.04750	0
247	Y	0.00000	0.93701	0.06299	0
248	H	0.00000	0.9152	0.08480	0
249	I	0.00000	0.84497	0.15503	0
250	I	0.00000	0.58491	0.41509	0
251	V	0.00000	0.27611	0.72389	0
252	I	0.00000	0.01301	0.98699	0
253	I	0.00000	0.01149	0.98851	0
254	L	0.00000	3e-05	0.99997	0
255	V	0.00000	2e-05	0.99998	0
256	Y	0.00000	2e-05	0.99998	0
257	C	0.00000	2e-05	0.99998	0
258	F	0.00000	0	1.00000	0
259	P	0.00000	0	1.00000	0
260	L	0.00000	0	1.00000	0
261	L	0.00000	0	1.00000	0
262	I	0.00000	0	1.00000	0
263	M	0.00000	0	1.00000	0
264	G	0.00000	0	1.00000	0
265	I	0.00001	0	0.99999	0
266	T	0.00023	0	0.99977	0
267	Y	0.00039	0	0.99961	0
268	T	0.00170	0	0.99830	0
269	I	0.00233	0	0.99767	0
270	V	0.01002	0	0.98998	0
271	G	0.03379	0	0.96621	0
272	I	0.05486	0	0.94514	0
273	T	0.07668	0	0.92332	0
274	L	0.09089	0	0.90911	0
275	W	0.13806	0	0.86194	0
276	G	0.56793	0	0.43207	0
277	G	0.91319	0	0.08681	0
278	E	0.99507	0	0.00493	0
279	I	0.99683	0	0.00317	0
280	P	0.99993	0	0.00007	0
281	G	0.99998	0	0.00002	0
282	D	1.00000	0	0.00000	0
283	T	1.00000	0	0.00000	0
284	C	1.00000	0	0.00000	0
285	D	1.00000	0	0.00000	0
286	K	1.00000	0	0.00000	0
287	Y	1.00000	0	0.00000	0
288	H	1.00000	0	0.00000	0
289	E	1.00000	0	0.00000	0
290	Q	1.00000	0	0.00000	0
291	L	1.00000	0	0.00000	0
292	K	0.99999	0	0.00001	0
293	A	0.99997	0	0.00003	0
294	K	0.99977	0	0.00023	0
295	R	0.98231	0	0.01769	0
296	K	0.75110	0	0.24890	0
297	V	0.70170	0	0.29830	0
298	V	0.68150	0	0.31850	0
299	K	0.53640	0	0.46360	0
300	M	0.24012	0	0.75988	0
301	M	0.08982	0	0.91018	0
302	I	0.00108	0	0.99892	0
303	I	0.00037	0	0.99963	0
304	V	0.00003	0	0.99997	0
305	V	0.00003	0	0.99997	0
306	M	0.00000	0	1.00000	0
307	T	0.00000	0	1.00000	0
308	F	0.00000	0	1.00000	0
309	A	0.00000	0	1.00000	0
310	I	0.00000	0	1.00000	0
311	C	0.00000	0	1.00000	0
312	W	0.00000	0	1.00000	0
313	L	0.00000	0	1.00000	0
314	P	0.00000	0	1.00000	0
315	Y	0.00000	1e-05	0.99999	0
316	H	0.00000	5e-05	0.99995	0
317	I	0.00000	0.00066	0.99934	0
318	Y	0.00000	0.00599	0.99401	0
319	F	0.00000	0.01594	0.98406	0
320	I	0.00000	0.15722	0.84278	0
321	L	0.00000	0.35226	0.64774	0
322	T	0.00000	0.4462	0.55380	0
323	A	0.00000	0.5229	0.47710	0
324	I	0.00000	0.58488	0.41512	0
325	Y	0.00000	0.77376	0.22624	0
326	Q	0.00000	0.9719	0.02810	0
327	Q	0.00000	0.9937	0.00630	0
328	L	0.00000	0.99601	0.00399	0
329	N	0.00000	0.99974	0.00026	0
330	R	0.00000	1	0.00000	0
331	W	0.00000	0.99999	0.00001	0
332	K	0.00000	0.99997	0.00003	0
333	Y	0.00000	0.99915	0.00085	0
334	I	0.00000	0.99399	0.00601	0
335	Q	0.00000	0.98702	0.01298	0
336	Q	0.00000	0.95422	0.04578	0
337	V	0.00000	0.93292	0.06708	0
338	Y	0.00000	0.92643	0.07357	0
339	L	0.00000	0.11595	0.88405	0
340	A	0.00000	0.01162	0.98838	0
341	S	0.00000	0.00544	0.99456	0
342	F	0.00000	0	1.00000	0
343	W	0.00000	0	1.00000	0
344	L	0.00000	0	1.00000	0
345	A	0.00000	0	1.00000	0
346	M	0.00000	0	1.00000	0
347	S	0.00000	0	1.00000	0
348	S	0.00000	0	1.00000	0
349	T	0.00000	0	1.00000	0
350	M	0.00000	0	1.00000	0
351	Y	0.00000	0	1.00000	0
352	N	0.00000	0	1.00000	0
353	P	0.00000	0	1.00000	0
354	I	0.00000	0	1.00000	0
355	I	0.00005	0	0.99995	0
356	Y	0.00012	0	0.99988	0
357	C	0.00029	0	0.99971	0
358	C	0.00166	0	0.99834	0
359	L	0.08242	0	0.91758	0
360	N	0.93560	0	0.06440	0
361	K	1.00000	0	0.00000	0
362	R	1.00000	0	0.00000	0
363	F	1.00000	0	0.00000	0
364	R	1.00000	0	0.00000	0
365	A	1.00000	0	0.00000	0
366	G	1.00000	0	0.00000	0
367	F	1.00000	0	0.00000	0
368	K	1.00000	0	0.00000	0
369	R	1.00000	0	0.00000	0
370	A	1.00000	0	0.00000	0
371	F	1.00000	0	0.00000	0
372	R	1.00000	0	0.00000	0
373	W	1.00000	0	0.00000	0
374	C	1.00000	0	0.00000	0
375	P	1.00000	0	0.00000	0
376	F	1.00000	0	0.00000	0
377	I	1.00000	0	0.00000	0
378	K	1.00000	0	0.00000	0
379	V	1.00000	0	0.00000	0
380	S	1.00000	0	0.00000	0
381	S	1.00000	0	0.00000	0
382	Y	1.00000	0	0.00000	0
383	D	1.00000	0	0.00000	0
384	E	1.00000	0	0.00000	0
385	L	1.00000	0	0.00000	0
386	E	1.00000	0	0.00000	0
387	L	1.00000	0	0.00000	0
388	K	1.00000	0	0.00000	0
389	T	1.00000	0	0.00000	0
390	T	1.00000	0	0.00000	0
391	R	1.00000	0	0.00000	0
392	F	1.00000	0	0.00000	0
393	H	1.00000	0	0.00000	0
394	P	1.00000	0	0.00000	0
395	N	1.00000	0	0.00000	0
396	R	1.00000	0	0.00000	0
397	Q	1.00000	0	0.00000	0
398	S	1.00000	0	0.00000	0
399	S	1.00000	0	0.00000	0
400	M	1.00000	0	0.00000	0
401	Y	1.00000	0	0.00000	0
402	T	1.00000	0	0.00000	0
403	V	1.00000	0	0.00000	0
404	T	1.00000	0	0.00000	0
405	R	1.00000	0	0.00000	0
406	M	1.00000	0	0.00000	0
407	E	1.00000	0	0.00000	0
408	S	1.00000	0	0.00000	0
409	M	1.00000	0	0.00000	0
410	T	1.00000	0	0.00000	0
411	V	1.00000	0	0.00000	0
412	V	1.00000	0	0.00000	0
413	F	1.00000	0	0.00000	0
414	D	1.00000	0	0.00000	0
415	P	1.00000	0	0.00000	0
416	N	1.00000	0	0.00000	0
417	D	1.00000	0	0.00000	0
418	A	1.00000	0	0.00000	0
419	D	1.00000	0	0.00000	0
420	T	1.00000	0	0.00000	0
421	T	1.00000	0	0.00000	0
422	R	1.00000	0	0.00000	0
423	S	1.00000	0	0.00000	0
424	S	1.00000	0	0.00000	0
425	R	1.00000	0	0.00000	0
426	K	1.00000	0	0.00000	0
427	K	1.00000	0	0.00000	0
428	R	1.00000	0	0.00000	0
429	A	1.00000	0	0.00000	0
430	T	1.00000	0	0.00000	0
431	P	1.00000	0	0.00000	0
432	R	1.00000	0	0.00000	0
433	D	1.00000	0	0.00000	0
434	P	1.00000	0	0.00000	0
435	S	1.00000	0	0.00000	0
436	F	1.00000	0	0.00000	0
437	N	1.00000	0	0.00000	0
438	G	1.00000	0	0.00000	0
439	C	1.00000	0	0.00000	0
440	S	1.00000	0	0.00000	0
441	R	1.00000	0	0.00000	0
442	R	1.00000	0	0.00000	0
443	N	1.00000	0	0.00000	0
444	S	1.00000	0	0.00000	0
445	K	1.00000	0	0.00000	0
446	S	1.00000	0	0.00000	0
447	A	1.00000	0	0.00000	0
448	S	1.00000	0	0.00000	0
449	A	1.00000	0	0.00000	0
450	T	1.00000	0	0.00000	0
451	S	1.00000	0	0.00000	0
452	S	1.00000	0	0.00000	0
453	F	1.00000	0	0.00000	0
454	I	1.00000	0	0.00000	0
455	S	1.00000	0	0.00000	0
456	S	1.00000	0	0.00000	0
457	P	1.00000	0	0.00000	0
458	Y	1.00000	0	0.00000	0
459	T	1.00000	0	0.00000	0
460	S	1.00000	0	0.00000	0
461	V	1.00000	0	0.00000	0
462	D	1.00000	0	0.00000	0
463	E	1.00000	0	0.00000	0
464	Y	1.00000	0	0.00000	0
465	S	1.00000	0	0.00000	0
