# UNNAMED
#pos	aa	i	o	M	S
1	M	0.00000	0.00033	0.00000	0.99967
2	P	0.00000	0.00033	0.00000	0.99966
3	S	0.00000	0.00033	0.00000	0.99966
4	P	0.00000	0.00033	0.00000	0.99967
5	P	0.00000	0.00033	0.00000	0.99967
6	G	0.00000	0.00033	0.00000	0.99967
7	L	0.00000	0.00033	0.00000	0.99967
8	R	0.00000	0.00033	0.00000	0.99966
9	A	0.00000	0.00033	0.00000	0.99966
10	L	0.00000	0.00033	0.00000	0.99967
11	W	0.00000	0.00033	0.00000	0.99966
12	L	0.00000	0.00033	0.00000	0.99966
13	C	0.00000	0.00033	0.00000	0.99967
14	A	0.00000	0.00033	0.00000	0.99967
15	A	0.00000	0.00033	0.00000	0.99967
16	L	0.00000	0.00033	0.00000	0.99966
17	C	0.00000	0.00034	0.00000	0.99966
18	A	0.00000	0.00418	0.00000	0.99582
19	S	0.00000	0.01455	0.00000	0.98544
20	R	0.00000	0.01755	0.00000	0.98245
21	R	0.00000	0.01756	0.00000	0.98244
22	A	0.00000	0.01762	0.00000	0.98239
23	G	0.00000	0.0177	0.00000	0.98229
24	G	0.00000	0.01778	0.00000	0.98222
25	A	0.00000	0.99998	0.00000	2e-05
26	P	0.00000	1	0.00000	1e-05
27	Q	0.00000	1	0.00000	0
28	P	0.00000	1	0.00000	0
29	G	0.00000	1	0.00000	0
30	P	0.00000	1	0.00000	0
31	G	0.00000	1	0.00000	0
32	P	0.00000	1	0.00000	0
33	T	0.00000	1	0.00000	0
34	A	0.00000	1	0.00000	0
35	C	0.00000	1	0.00000	0
36	P	0.00000	1	0.00000	0
37	A	0.00000	1	0.00000	0
38	P	0.00000	1	0.00000	0
39	C	0.00000	1	0.00000	0
40	H	0.00000	1	0.00000	0
41	C	0.00000	1	0.00000	0
42	Q	0.00000	1	0.00000	0
43	E	0.00000	1	0.00000	0
44	D	0.00000	1	0.00000	0
45	G	0.00000	1	0.00000	0
46	I	0.00000	1	0.00000	0
47	M	0.00000	1	0.00000	0
48	L	0.00000	1	0.00000	0
49	S	0.00000	1	0.00000	0
50	A	0.00000	1	0.00000	0
51	D	0.00000	1	0.00000	0
52	C	0.00000	1	0.00000	0
53	S	0.00000	1	0.00000	0
54	E	0.00000	1	0.00000	0
55	L	0.00000	1	0.00000	0
56	G	0.00000	1	0.00000	0
57	L	0.00000	1	0.00000	0
58	S	0.00000	1	0.00000	0
59	A	0.00000	1	0.00000	0
60	V	0.00000	1	0.00000	0
61	P	0.00000	1	0.00000	0
62	G	0.00000	1	0.00000	0
63	D	0.00000	1	0.00000	0
64	L	0.00000	1	0.00000	0
65	D	0.00000	1	0.00000	0
66	P	0.00000	1	0.00000	0
67	L	0.00000	1	0.00000	0
68	T	0.00000	1	0.00000	0
69	A	0.00000	1	0.00000	0
70	Y	0.00000	1	0.00000	0
71	L	0.00000	1	0.00000	0
72	D	0.00000	1	0.00000	0
73	L	0.00000	1	0.00000	0
74	S	0.00000	1	0.00000	0
75	M	0.00000	1	0.00000	0
76	N	0.00000	1	0.00000	0
77	N	0.00000	1	0.00000	0
78	L	0.00000	1	0.00000	0
79	T	0.00000	1	0.00000	0
80	E	0.00000	1	0.00000	0
81	L	0.00000	1	0.00000	0
82	Q	0.00000	1	0.00000	0
83	P	0.00000	1	0.00000	0
84	G	0.00000	1	0.00000	0
85	L	0.00000	1	0.00000	0
86	F	0.00000	1	0.00000	0
87	H	0.00000	1	0.00000	0
88	H	0.00000	1	0.00000	0
89	L	0.00000	1	0.00000	0
90	R	0.00000	1	0.00000	0
91	F	0.00000	1	0.00000	0
92	L	0.00000	1	0.00000	0
93	E	0.00000	1	0.00000	0
94	E	0.00000	1	0.00000	0
95	L	0.00000	1	0.00000	0
96	R	0.00000	1	0.00000	0
97	L	0.00000	1	0.00000	0
98	S	0.00000	1	0.00000	0
99	G	0.00000	1	0.00000	0
100	N	0.00000	1	0.00000	0
101	H	0.00000	1	0.00000	0
102	L	0.00000	1	0.00000	0
103	S	0.00000	1	0.00000	0
104	H	0.00000	1	0.00000	0
105	I	0.00000	1	0.00000	0
106	P	0.00000	1	0.00000	0
107	G	0.00000	1	0.00000	0
108	Q	0.00000	1	0.00000	0
109	A	0.00000	1	0.00000	0
110	F	0.00000	1	0.00000	0
111	S	0.00000	1	0.00000	0
112	G	0.00000	1	0.00000	0
113	L	0.00000	1	0.00000	0
114	Y	0.00000	1	0.00000	0
115	S	0.00000	1	0.00000	0
116	L	0.00000	1	0.00000	0
117	K	0.00000	1	0.00000	0
118	I	0.00000	1	0.00000	0
119	L	0.00000	1	0.00000	0
120	M	0.00000	1	0.00000	0
121	L	0.00000	1	0.00000	0
122	Q	0.00000	1	0.00000	0
123	N	0.00000	1	0.00000	0
124	N	0.00000	1	0.00000	0
125	Q	0.00000	1	0.00000	0
126	L	0.00000	1	0.00000	0
127	G	0.00000	1	0.00000	0
128	G	0.00000	1	0.00000	0
129	I	0.00000	1	0.00000	0
130	P	0.00000	1	0.00000	0
131	A	0.00000	1	0.00000	0
132	E	0.00000	1	0.00000	0
133	A	0.00000	1	0.00000	0
134	L	0.00000	1	0.00000	0
135	W	0.00000	1	0.00000	0
136	E	0.00000	1	0.00000	0
137	L	0.00000	1	0.00000	0
138	P	0.00000	1	0.00000	0
139	S	0.00000	1	0.00000	0
140	L	0.00000	1	0.00000	0
141	Q	0.00000	1	0.00000	0
142	S	0.00000	1	0.00000	0
143	L	0.00000	1	0.00000	0
144	R	0.00000	1	0.00000	0
145	L	0.00000	1	0.00000	0
146	D	0.00000	1	0.00000	0
147	A	0.00000	1	0.00000	0
148	N	0.00000	1	0.00000	0
149	L	0.00000	1	0.00000	0
150	I	0.00000	1	0.00000	0
151	S	0.00000	1	0.00000	0
152	L	0.00000	1	0.00000	0
153	V	0.00000	1	0.00000	0
154	P	0.00000	1	0.00000	0
155	E	0.00000	1	0.00000	0
156	R	0.00000	1	0.00000	0
157	S	0.00000	1	0.00000	0
158	F	0.00000	1	0.00000	0
159	E	0.00000	1	0.00000	0
160	G	0.00000	1	0.00000	0
161	L	0.00000	1	0.00000	0
162	S	0.00000	1	0.00000	0
163	S	0.00000	1	0.00000	0
164	L	0.00000	1	0.00000	0
165	R	0.00000	1	0.00000	0
166	H	0.00000	1	0.00000	0
167	L	0.00000	1	0.00000	0
168	W	0.00000	1	0.00000	0
169	L	0.00000	1	0.00000	0
170	D	0.00000	1	0.00000	0
171	D	0.00000	1	0.00000	0
172	N	0.00000	1	0.00000	0
173	A	0.00000	1	0.00000	0
174	L	0.00000	1	0.00000	0
175	T	0.00000	1	0.00000	0
176	E	0.00000	1	0.00000	0
177	I	0.00000	1	0.00000	0
178	P	0.00000	1	0.00000	0
179	V	0.00000	1	0.00000	0
180	R	0.00000	1	0.00000	0
181	A	0.00000	1	0.00000	0
182	L	0.00000	1	0.00000	0
183	N	0.00000	1	0.00000	0
184	N	0.00000	1	0.00000	0
185	L	0.00000	1	0.00000	0
186	P	0.00000	1	0.00000	0
187	A	0.00000	1	0.00000	0
188	L	0.00000	1	0.00000	0
189	Q	0.00000	1	0.00000	0
190	A	0.00000	1	0.00000	0
191	M	0.00000	1	0.00000	0
192	T	0.00000	1	0.00000	0
193	L	0.00000	1	0.00000	0
194	A	0.00000	1	0.00000	0
195	L	0.00000	1	0.00000	0
196	N	0.00000	1	0.00000	0
197	R	0.00000	1	0.00000	0
198	I	0.00000	1	0.00000	0
199	S	0.00000	1	0.00000	0
200	H	0.00000	1	0.00000	0
201	I	0.00000	1	0.00000	0
202	P	0.00000	1	0.00000	0
203	D	0.00000	1	0.00000	0
204	Y	0.00000	1	0.00000	0
205	A	0.00000	1	0.00000	0
206	F	0.00000	1	0.00000	0
207	Q	0.00000	1	0.00000	0
208	N	0.00000	1	0.00000	0
209	L	0.00000	1	0.00000	0
210	T	0.00000	1	0.00000	0
211	S	0.00000	1	0.00000	0
212	L	0.00000	1	0.00000	0
213	V	0.00000	1	0.00000	0
214	V	0.00000	1	0.00000	0
215	L	0.00000	1	0.00000	0
216	H	0.00000	1	0.00000	0
217	L	0.00000	1	0.00000	0
218	H	0.00000	1	0.00000	0
219	N	0.00000	1	0.00000	0
220	N	0.00000	1	0.00000	0
221	R	0.00000	1	0.00000	0
222	I	0.00000	1	0.00000	0
223	Q	0.00000	1	0.00000	0
224	H	0.00000	1	0.00000	0
225	L	0.00000	1	0.00000	0
226	G	0.00000	1	0.00000	0
227	T	0.00000	1	0.00000	0
228	H	0.00000	1	0.00000	0
229	S	0.00000	1	0.00000	0
230	F	0.00000	1	0.00000	0
231	E	0.00000	1	0.00000	0
232	G	0.00000	1	0.00000	0
233	L	0.00000	1	0.00000	0
234	H	0.00000	1	0.00000	0
235	N	0.00000	1	0.00000	0
236	L	0.00000	1	0.00000	0
237	E	0.00000	1	0.00000	0
238	T	0.00000	1	0.00000	0
239	L	0.00000	1	0.00000	0
240	D	0.00000	1	0.00000	0
241	L	0.00000	1	0.00000	0
242	N	0.00000	1	0.00000	0
243	Y	0.00000	1	0.00000	0
244	N	0.00000	1	0.00000	0
245	K	0.00000	1	0.00000	0
246	L	0.00000	1	0.00000	0
247	Q	0.00000	1	0.00000	0
248	E	0.00000	1	0.00000	0
249	F	0.00000	1	0.00000	0
250	P	0.00000	1	0.00000	0
251	V	0.00000	1	0.00000	0
252	A	0.00000	1	0.00000	0
253	I	0.00000	1	0.00000	0
254	R	0.00000	1	0.00000	0
255	T	0.00000	1	0.00000	0
256	L	0.00000	1	0.00000	0
257	G	0.00000	1	0.00000	0
258	R	0.00000	1	0.00000	0
259	L	0.00000	1	0.00000	0
260	Q	0.00000	1	0.00000	0
261	E	0.00000	1	0.00000	0
262	L	0.00000	1	0.00000	0
263	G	0.00000	1	0.00000	0
264	F	0.00000	1	0.00000	0
265	H	0.00000	1	0.00000	0
266	N	0.00000	1	0.00000	0
267	N	0.00000	1	0.00000	0
268	N	0.00000	1	0.00000	0
269	I	0.00000	1	0.00000	0
270	K	0.00000	1	0.00000	0
271	A	0.00000	1	0.00000	0
272	I	0.00000	1	0.00000	0
273	P	0.00000	1	0.00000	0
274	E	0.00000	1	0.00000	0
275	K	0.00000	1	0.00000	0
276	A	0.00000	1	0.00000	0
277	F	0.00000	1	0.00000	0
278	M	0.00000	1	0.00000	0
279	G	0.00000	1	0.00000	0
280	N	0.00000	1	0.00000	0
281	P	0.00000	1	0.00000	0
282	L	0.00000	1	0.00000	0
283	L	0.00000	1	0.00000	0
284	Q	0.00000	1	0.00000	0
285	T	0.00000	1	0.00000	0
286	I	0.00000	1	0.00000	0
287	H	0.00000	1	0.00000	0
288	F	0.00000	1	0.00000	0
289	Y	0.00000	1	0.00000	0
290	D	0.00000	1	0.00000	0
291	N	0.00000	1	0.00000	0
292	P	0.00000	1	0.00000	0
293	I	0.00000	1	0.00000	0
294	Q	0.00000	1	0.00000	0
295	F	0.00000	1	0.00000	0
296	V	0.00000	1	0.00000	0
297	G	0.00000	1	0.00000	0
298	R	0.00000	1	0.00000	0
299	S	0.00000	1	0.00000	0
300	A	0.00000	1	0.00000	0
301	F	0.00000	1	0.00000	0
302	Q	0.00000	1	0.00000	0
303	Y	0.00000	1	0.00000	0
304	L	0.00000	1	0.00000	0
305	P	0.00000	1	0.00000	0
306	K	0.00000	1	0.00000	0
307	L	0.00000	1	0.00000	0
308	H	0.00000	1	0.00000	0
309	T	0.00000	1	0.00000	0
310	L	0.00000	1	0.00000	0
311	S	0.00000	1	0.00000	0
312	L	0.00000	1	0.00000	0
313	N	0.00000	1	0.00000	0
314	G	0.00000	1	0.00000	0
315	A	0.00000	1	0.00000	0
316	M	0.00000	1	0.00000	0
317	D	0.00000	1	0.00000	0
318	I	0.00000	1	0.00000	0
319	Q	0.00000	1	0.00000	0
320	E	0.00000	1	0.00000	0
321	F	0.00000	1	0.00000	0
322	P	0.00000	1	0.00000	0
323	D	0.00000	1	0.00000	0
324	L	0.00000	1	0.00000	0
325	K	0.00000	1	0.00000	0
326	G	0.00000	1	0.00000	0
327	T	0.00000	1	0.00000	0
328	T	0.00000	1	0.00000	0
329	S	0.00000	1	0.00000	0
330	L	0.00000	1	0.00000	0
331	E	0.00000	1	0.00000	0
332	I	0.00000	1	0.00000	0
333	L	0.00000	1	0.00000	0
334	T	0.00000	1	0.00000	0
335	L	0.00000	1	0.00000	0
336	T	0.00000	1	0.00000	0
337	R	0.00000	1	0.00000	0
338	A	0.00000	1	0.00000	0
339	G	0.00000	1	0.00000	0
340	I	0.00000	1	0.00000	0
341	R	0.00000	1	0.00000	0
342	L	0.00000	1	0.00000	0
343	L	0.00000	1	0.00000	0
344	P	0.00000	1	0.00000	0
345	S	0.00000	1	0.00000	0
346	G	0.00000	1	0.00000	0
347	M	0.00000	1	0.00000	0
348	C	0.00000	1	0.00000	0
349	Q	0.00000	1	0.00000	0
350	Q	0.00000	1	0.00000	0
351	L	0.00000	1	0.00000	0
352	P	0.00000	1	0.00000	0
353	R	0.00000	1	0.00000	0
354	L	0.00000	1	0.00000	0
355	R	0.00000	1	0.00000	0
356	V	0.00000	1	0.00000	0
357	L	0.00000	1	0.00000	0
358	E	0.00000	1	0.00000	0
359	L	0.00000	1	0.00000	0
360	S	0.00000	1	0.00000	0
361	H	0.00000	1	0.00000	0
362	N	0.00000	1	0.00000	0
363	Q	0.00000	1	0.00000	0
364	I	0.00000	1	0.00000	0
365	E	0.00000	1	0.00000	0
366	E	0.00000	1	0.00000	0
367	L	0.00000	1	0.00000	0
368	P	0.00000	1	0.00000	0
369	S	0.00000	1	0.00000	0
370	L	0.00000	1	0.00000	0
371	H	0.00000	1	0.00000	0
372	R	0.00000	1	0.00000	0
373	C	0.00000	1	0.00000	0
374	Q	0.00000	1	0.00000	0
375	K	0.00000	1	0.00000	0
376	L	0.00000	1	0.00000	0
377	E	0.00000	1	0.00000	0
378	E	0.00000	1	0.00000	0
379	I	0.00000	1	0.00000	0
380	G	0.00000	1	0.00000	0
381	L	0.00000	1	0.00000	0
382	Q	0.00000	1	0.00000	0
383	H	0.00000	1	0.00000	0
384	N	0.00000	1	0.00000	0
385	R	0.00000	1	0.00000	0
386	I	0.00000	1	0.00000	0
387	W	0.00000	1	0.00000	0
388	E	0.00000	1	0.00000	0
389	I	0.00000	1	0.00000	0
390	G	0.00000	1	0.00000	0
391	A	0.00000	1	0.00000	0
392	D	0.00000	1	0.00000	0
393	T	0.00000	1	0.00000	0
394	F	0.00000	1	0.00000	0
395	S	0.00000	1	0.00000	0
396	Q	0.00000	1	0.00000	0
397	L	0.00000	1	0.00000	0
398	S	0.00000	1	0.00000	0
399	S	0.00000	1	0.00000	0
400	L	0.00000	1	0.00000	0
401	Q	0.00000	1	0.00000	0
402	A	0.00000	1	0.00000	0
403	L	0.00000	1	0.00000	0
404	D	0.00000	1	0.00000	0
405	L	0.00000	1	0.00000	0
406	S	0.00000	1	0.00000	0
407	W	0.00000	1	0.00000	0
408	N	0.00000	1	0.00000	0
409	A	0.00000	1	0.00000	0
410	I	0.00000	1	0.00000	0
411	R	0.00000	1	0.00000	0
412	S	0.00000	1	0.00000	0
413	I	0.00000	1	0.00000	0
414	H	0.00000	1	0.00000	0
415	P	0.00000	1	0.00000	0
416	E	0.00000	1	0.00000	0
417	A	0.00000	1	0.00000	0
418	F	0.00000	1	0.00000	0
419	S	0.00000	1	0.00000	0
420	T	0.00000	1	0.00000	0
421	L	0.00000	1	0.00000	0
422	H	0.00000	1	0.00000	0
423	S	0.00000	1	0.00000	0
424	L	0.00000	1	0.00000	0
425	V	0.00000	1	0.00000	0
426	K	0.00000	1	0.00000	0
427	L	0.00000	1	0.00000	0
428	D	0.00000	1	0.00000	0
429	L	0.00000	1	0.00000	0
430	T	0.00000	1	0.00000	0
431	D	0.00000	1	0.00000	0
432	N	0.00000	1	0.00000	0
433	Q	0.00000	1	0.00000	0
434	L	0.00000	1	0.00000	0
435	T	0.00000	1	0.00000	0
436	T	0.00000	1	0.00000	0
437	L	0.00000	1	0.00000	0
438	P	0.00000	1	0.00000	0
439	L	0.00000	1	0.00000	0
440	A	0.00000	1	0.00000	0
441	G	0.00000	1	0.00000	0
442	L	0.00000	1	0.00000	0
443	G	0.00000	1	0.00000	0
444	G	0.00000	1	0.00000	0
445	L	0.00000	1	0.00000	0
446	M	0.00000	1	0.00000	0
447	H	0.00000	1	0.00000	0
448	L	0.00000	1	0.00000	0
449	K	0.00000	1	0.00000	0
450	L	0.00000	1	0.00000	0
451	K	0.00000	1	0.00000	0
452	G	0.00000	1	0.00000	0
453	N	0.00000	1	0.00000	0
454	L	0.00000	1	0.00000	0
455	A	0.00000	1	0.00000	0
456	L	0.00000	1	0.00000	0
457	S	0.00000	1	0.00000	0
458	Q	0.00000	1	0.00000	0
459	A	0.00000	1	0.00000	0
460	F	0.00000	1	0.00000	0
461	S	0.00000	1	0.00000	0
462	K	0.00000	1	0.00000	0
463	D	0.00000	1	0.00000	0
464	S	0.00000	1	0.00000	0
465	F	0.00000	1	0.00000	0
466	P	0.00000	1	0.00000	0
467	K	0.00000	1	0.00000	0
468	L	0.00000	1	0.00000	0
469	R	0.00000	1	0.00000	0
470	I	0.00000	1	0.00000	0
471	L	0.00000	1	0.00000	0
472	E	0.00000	1	0.00000	0
473	V	0.00000	1	0.00000	0
474	P	0.00000	1	0.00000	0
475	Y	0.00000	1	0.00000	0
476	A	0.00000	1	0.00000	0
477	Y	0.00000	1	0.00000	0
478	Q	0.00000	1	0.00000	0
479	C	0.00000	1	0.00000	0
480	C	0.00000	1	0.00000	0
481	P	0.00000	1	0.00000	0
482	Y	0.00000	1	0.00000	0
483	G	0.00000	1	0.00000	0
484	M	0.00000	1	0.00000	0
485	C	0.00000	1	0.00000	0
486	A	0.00000	1	0.00000	0
487	S	0.00000	1	0.00000	0
488	F	0.00000	1	0.00000	0
489	F	0.00000	1	0.00000	0
490	K	0.00000	1	0.00000	0
491	A	0.00000	1	0.00000	0
492	S	0.00000	1	0.00000	0
493	G	0.00000	1	0.00000	0
494	Q	0.00000	1	0.00000	0
495	W	0.00000	1	0.00000	0
496	E	0.00000	1	0.00000	0
497	A	0.00000	1	0.00000	0
498	E	0.00000	1	0.00000	0
499	D	0.00000	1	0.00000	0
500	L	0.00000	1	0.00000	0
501	H	0.00000	1	0.00000	0
502	L	0.00000	1	0.00000	0
503	D	0.00000	1	0.00000	0
504	D	0.00000	1	0.00000	0
505	E	0.00000	1	0.00000	0
506	E	0.00000	1	0.00000	0
507	S	0.00000	1	0.00000	0
508	S	0.00000	1	0.00000	0
509	K	0.00000	1	0.00000	0
510	R	0.00000	1	0.00000	0
511	P	0.00000	1	0.00000	0
512	L	0.00000	1	0.00000	0
513	G	0.00000	1	0.00000	0
514	L	0.00000	1	0.00000	0
515	L	0.00000	1	0.00000	0
516	A	0.00000	1	0.00000	0
517	R	0.00000	1	0.00000	0
518	Q	0.00000	1	0.00000	0
519	A	0.00000	1	0.00000	0
520	E	0.00000	1	0.00000	0
521	N	0.00000	1	0.00000	0
522	H	0.00000	1	0.00000	0
523	Y	0.00000	1	0.00000	0
524	D	0.00000	1	0.00000	0
525	Q	0.00000	1	0.00000	0
526	D	0.00000	1	0.00000	0
527	L	0.00000	1	0.00000	0
528	D	0.00000	1	0.00000	0
529	E	0.00000	1	0.00000	0
530	L	0.00000	1	0.00000	0
531	Q	0.00000	1	0.00000	0
532	L	0.00000	1	0.00000	0
533	E	0.00000	1	0.00000	0
534	M	0.00000	1	0.00000	0
535	E	0.00000	1	0.00000	0
536	D	0.00000	1	0.00000	0
537	S	0.00000	1	0.00000	0
538	K	0.00000	1	0.00000	0
539	P	0.00000	1	0.00000	0
540	H	0.00000	1	0.00000	0
541	P	0.00000	1	0.00000	0
542	S	0.00000	1	0.00000	0
543	V	0.00000	1	0.00000	0
544	Q	0.00000	1	0.00000	0
545	C	0.00000	1	0.00000	0
546	S	0.00000	1	0.00000	0
547	P	0.00000	1	0.00000	0
548	T	0.00000	1	0.00000	0
549	P	0.00000	1	0.00000	0
550	G	0.00000	1	0.00000	0
551	P	0.00000	1	0.00000	0
552	F	0.00000	1	0.00000	0
553	K	0.00000	1	0.00000	0
554	P	0.00000	1	0.00000	0
555	C	0.00000	1	0.00000	0
556	E	0.00000	1	0.00000	0
557	Y	0.00000	1	0.00000	0
558	L	0.00000	1	0.00000	0
559	F	0.00000	1	0.00000	0
560	E	0.00000	1	0.00000	0
561	S	0.00000	0.99973	0.00027	0
562	W	0.00000	0.99876	0.00124	0
563	G	0.00000	0.99851	0.00149	0
564	I	0.00000	0.99777	0.00223	0
565	R	0.00000	0.98828	0.01172	0
566	L	0.00000	0.68196	0.31804	0
567	A	0.00000	0.31797	0.68203	0
568	V	0.00000	0.04659	0.95341	0
569	W	0.00000	0.0039	0.99610	0
570	A	0.00000	0.00061	0.99939	0
571	I	0.00000	6e-05	0.99994	0
572	V	0.00000	1e-05	0.99999	0
573	L	0.00000	0	1.00000	0
574	L	0.00000	0	1.00000	0
575	S	0.00000	0	1.00000	0
576	V	0.00000	0	1.00000	0
577	L	0.00000	0	1.00000	0
578	C	0.00000	0	1.00000	0
579	N	0.00000	0	1.00000	0
580	G	0.00000	0	1.00000	0
581	L	0.00000	0	1.00000	0
582	V	0.00000	0	1.00000	0
583	L	0.00000	0	1.00000	0
584	L	0.00000	0	1.00000	0
585	T	0.00008	0	0.99992	0
586	V	0.00062	0	0.99938	0
587	F	0.00855	0	0.99145	0
588	A	0.13633	0	0.86367	0
589	G	0.49238	0	0.50762	0
590	G	0.71912	0	0.28088	0
591	P	0.96059	0	0.03941	0
592	V	0.96984	0	0.03016	0
593	P	0.98910	0	0.01090	0
594	L	0.98996	0	0.01004	0
595	P	0.99877	0	0.00123	0
596	P	0.99977	0	0.00023	0
597	V	0.96734	0	0.03266	0
598	K	0.93311	0	0.06689	0
599	F	0.60054	0	0.39946	0
600	V	0.35408	0	0.64592	0
601	V	0.30729	0	0.69271	0
602	G	0.28464	0	0.71536	0
603	A	0.27036	0	0.72964	0
604	I	0.02943	0	0.97057	0
605	A	0.02514	0	0.97486	0
606	G	0.01286	0	0.98714	0
607	A	0.00605	0	0.99395	0
608	N	0.00256	0	0.99744	0
609	T	0.00068	0	0.99932	0
610	L	0.00002	0	0.99998	0
611	T	0.00001	0	0.99999	0
612	G	0.00000	0	1.00000	0
613	I	0.00000	0	1.00000	0
614	S	0.00000	0	1.00000	0
615	C	0.00000	1e-05	0.99999	0
616	G	0.00000	1e-05	0.99999	0
617	L	0.00000	2e-05	0.99998	0
618	L	0.00000	3e-05	0.99997	0
619	A	0.00000	0.0001	0.99990	0
620	S	0.00000	0.00075	0.99925	0
621	V	0.00000	0.0651	0.93490	0
622	D	0.00000	0.14956	0.85044	0
623	A	0.00000	0.15631	0.84369	0
624	L	0.00000	0.16607	0.83393	0
625	T	0.00000	0.20343	0.79657	0
626	F	0.00000	0.25241	0.74759	0
627	G	0.00000	0.3339	0.66610	0
628	Q	0.00000	0.57226	0.42774	0
629	F	0.00000	0.67547	0.32453	0
630	S	0.00000	0.96152	0.03848	0
631	E	0.00000	0.99908	0.00092	0
632	Y	0.00000	0.99994	0.00006	0
633	G	0.00000	1	0.00000	0
634	A	0.00000	1	0.00000	0
635	R	0.00000	1	0.00000	0
636	W	0.00000	1	0.00000	0
637	E	0.00000	1	0.00000	0
638	T	0.00000	1	0.00000	0
639	G	0.00000	0.99966	0.00034	0
640	L	0.00000	0.9988	0.00120	0
641	G	0.00000	0.99854	0.00146	0
642	C	0.00000	0.99757	0.00243	0
643	R	0.00000	0.96342	0.03658	0
644	A	0.00000	0.91148	0.08852	0
645	T	0.00000	0.87519	0.12481	0
646	G	0.00000	0.54629	0.45371	0
647	F	0.00000	0.08282	0.91718	0
648	L	0.00000	0.00387	0.99613	0
649	A	0.00000	1e-05	0.99999	0
650	V	0.00000	1e-05	0.99999	0
651	L	0.00000	1e-05	0.99999	0
652	G	0.00000	1e-05	0.99999	0
653	S	0.00000	1e-05	0.99999	0
654	E	0.00000	1e-05	0.99999	0
655	A	0.00000	0	1.00000	0
656	S	0.00000	0	1.00000	0
657	V	0.00000	0	1.00000	0
658	L	0.00000	0	1.00000	0
659	L	0.00000	0	1.00000	0
660	L	0.00000	0	1.00000	0
661	T	0.00001	0	0.99999	0
662	L	0.00003	0	0.99997	0
663	A	0.00029	0	0.99971	0
664	A	0.00075	0	0.99925	0
665	V	0.00264	0	0.99736	0
666	Q	0.00516	0	0.99484	0
667	C	0.06469	0	0.93531	0
668	S	0.11520	0	0.88480	0
669	V	0.30153	0	0.69847	0
670	S	0.77995	0	0.22005	0
671	V	0.97446	0	0.02554	0
672	S	0.98351	0	0.01649	0
673	C	0.99844	0	0.00156	0
674	V	0.99991	0	0.00009	0
675	R	0.99997	0	0.00003	0
676	A	1.00000	0	0.00000	0
677	Y	1.00000	0	0.00000	0
678	G	1.00000	0	0.00000	0
679	K	1.00000	0	0.00000	0
680	S	1.00000	0	0.00000	0
681	P	1.00000	0	0.00000	0
682	S	0.99984	0	0.00016	0
683	L	0.90877	0	0.09123	0
684	G	0.85386	0	0.14614	0
685	S	0.81063	0	0.18937	0
686	V	0.58943	0	0.41057	0
687	R	0.54616	0	0.45384	0
688	A	0.18728	0	0.81272	0
689	G	0.04550	0	0.95450	0
690	V	0.00070	0	0.99930	0
691	L	0.00005	0	0.99995	0
692	G	0.00001	0	0.99999	0
693	C	0.00000	0	1.00000	0
694	L	0.00000	0	1.00000	0
695	A	0.00000	0	1.00000	0
696	L	0.00000	0	1.00000	0
697	A	0.00000	0	1.00000	0
698	G	0.00000	0	1.00000	0
699	L	0.00000	0	1.00000	0
700	A	0.00000	0	1.00000	0
701	A	0.00000	0	1.00000	0
702	A	0.00000	0.0001	0.99990	0
703	L	0.00000	0.00209	0.99791	0
704	P	0.00000	0.05944	0.94056	0
705	L	0.00000	0.08311	0.91689	0
706	A	0.00000	0.16549	0.83451	0
707	S	0.00000	0.34809	0.65191	0
708	V	0.00000	0.43159	0.56841	0
709	G	0.00000	0.74939	0.25061	0
710	E	0.00000	0.9909	0.00910	0
711	Y	0.00000	0.99684	0.00316	0
712	G	0.00000	0.99932	0.00068	0
713	A	0.00000	0.99969	0.00031	0
714	S	0.00000	0.99995	0.00005	0
715	P	0.00000	1	0.00000	0
716	L	0.00000	1	0.00000	0
717	C	0.00000	1	0.00000	0
718	L	0.00000	1	0.00000	0
719	P	0.00000	1	0.00000	0
720	Y	0.00000	1	0.00000	0
721	A	0.00000	1	0.00000	0
722	P	0.00000	1	0.00000	0
723	P	0.00000	1	0.00000	0
724	E	0.00000	0.99999	0.00001	0
725	G	0.00000	0.99985	0.00015	0
726	Q	0.00000	0.94846	0.05154	0
727	P	0.00000	0.93406	0.06594	0
728	A	0.00000	0.62395	0.37605	0
729	A	0.00000	0.45593	0.54407	0
730	L	0.00000	0.38091	0.61909	0
731	G	0.00000	0.37476	0.62524	0
732	F	0.00000	0.22398	0.77602	0
733	T	0.00000	0.15054	0.84946	0
734	V	0.00000	0.04605	0.95395	0
735	A	0.00000	0.00169	0.99831	0
736	L	0.00000	0	1.00000	0
737	V	0.00000	0	1.00000	0
738	M	0.00000	0	1.00000	0
739	M	0.00000	0	1.00000	0
740	N	0.00000	0	1.00000	0
741	S	0.00000	0	1.00000	0
742	F	0.00000	0	1.00000	0
743	C	0.00000	0	1.00000	0
744	F	0.00000	0	1.00000	0
745	L	0.00000	0	1.00000	0
746	V	0.00000	0	1.00000	0
747	V	0.00002	0	0.99998	0
748	A	0.00093	0	0.99907	0
749	G	0.00449	0	0.99551	0
750	A	0.00960	0	0.99040	0
751	Y	0.01790	0	0.98210	0
752	I	0.08309	0	0.91691	0
753	K	0.39030	0	0.60970	0
754	L	0.40010	0	0.59990	0
755	Y	0.45988	0	0.54012	0
756	C	0.74183	0	0.25817	0
757	D	0.99271	0	0.00729	0
758	L	0.99770	0	0.00230	0
759	P	0.99989	0	0.00011	0
760	R	1.00000	0	0.00000	0
761	G	1.00000	0	0.00000	0
762	D	1.00000	0	0.00000	0
763	F	1.00000	0	0.00000	0
764	E	1.00000	0	0.00000	0
765	A	1.00000	0	0.00000	0
766	V	1.00000	0	0.00000	0
767	W	1.00000	0	0.00000	0
768	D	1.00000	0	0.00000	0
769	C	0.99593	0	0.00407	0
770	A	0.99579	0	0.00421	0
771	M	0.99566	0	0.00434	0
772	V	0.99562	0	0.00438	0
773	R	0.99561	0	0.00439	0
774	H	0.99559	0	0.00441	0
775	V	0.98528	0	0.01472	0
776	A	0.96595	0	0.03405	0
777	W	0.00006	0	0.99994	0
778	L	0.00006	0	0.99994	0
779	I	0.00006	0	0.99994	0
780	F	0.00006	0	0.99994	0
781	A	0.00006	0	0.99994	0
782	D	0.00006	0	0.99994	0
783	G	0.00000	0	1.00000	0
784	L	0.00000	0	1.00000	0
785	L	0.00000	0	1.00000	0
786	Y	0.00000	0	1.00000	0
787	C	0.00000	0	1.00000	0
788	P	0.00000	0	1.00000	0
789	V	0.00000	0	1.00000	0
790	A	0.00000	0	1.00000	0
791	F	0.00000	0	1.00000	0
792	L	0.00000	0	1.00000	0
793	S	0.00000	0.00016	0.99984	0
794	F	0.00000	0.0003	0.99970	0
795	A	0.00000	0.00092	0.99908	0
796	S	0.00000	0.00165	0.99835	0
797	M	0.00000	0.00203	0.99797	0
798	L	0.00000	0.00738	0.99262	0
799	G	0.00000	0.07865	0.92135	0
800	L	0.00000	0.10845	0.89155	0
801	F	0.00000	0.20487	0.79513	0
802	P	0.00000	0.75228	0.24772	0
803	V	0.00000	0.82505	0.17495	0
804	T	0.00000	0.92913	0.07087	0
805	P	0.00000	0.9913	0.00870	0
806	E	0.00000	0.99831	0.00169	0
807	A	0.00000	0.98231	0.01769	0
808	V	0.00000	0.95555	0.04445	0
809	K	0.00000	0.94182	0.05818	0
810	S	0.00000	0.81048	0.18952	0
811	V	0.00000	0.07117	0.92883	0
812	L	0.00000	0.00034	0.99966	0
813	L	0.00000	3e-05	0.99997	0
814	V	0.00000	0	1.00000	0
815	V	0.00000	0	1.00000	0
816	L	0.00000	0	1.00000	0
817	P	0.00000	0	1.00000	0
818	L	0.00000	0	1.00000	0
819	P	0.00000	0	1.00000	0
820	A	0.00000	0	1.00000	0
821	C	0.00000	0	1.00000	0
822	L	0.00000	0	1.00000	0
823	N	0.00000	0	1.00000	0
824	P	0.00000	0	1.00000	0
825	L	0.00000	0	1.00000	0
826	L	0.00001	0	0.99999	0
827	Y	0.00012	0	0.99988	0
828	L	0.00111	0	0.99889	0
829	L	0.00329	0	0.99671	0
830	F	0.07679	0	0.92321	0
831	N	0.73743	0	0.26257	0
832	P	0.94875	0	0.05125	0
833	H	0.98692	0	0.01308	0
834	F	0.99442	0	0.00558	0
835	R	1.00000	0	0.00000	0
836	D	1.00000	0	0.00000	0
837	D	1.00000	0	0.00000	0
838	L	1.00000	0	0.00000	0
839	R	1.00000	0	0.00000	0
840	R	1.00000	0	0.00000	0
841	L	1.00000	0	0.00000	0
842	R	1.00000	0	0.00000	0
843	P	1.00000	0	0.00000	0
844	R	1.00000	0	0.00000	0
845	A	1.00000	0	0.00000	0
846	G	1.00000	0	0.00000	0
847	D	1.00000	0	0.00000	0
848	S	1.00000	0	0.00000	0
849	G	1.00000	0	0.00000	0
850	P	1.00000	0	0.00000	0
851	L	1.00000	0	0.00000	0
852	A	1.00000	0	0.00000	0
853	Y	1.00000	0	0.00000	0
854	A	1.00000	0	0.00000	0
855	A	1.00000	0	0.00000	0
856	A	1.00000	0	0.00000	0
857	G	1.00000	0	0.00000	0
858	E	1.00000	0	0.00000	0
859	L	1.00000	0	0.00000	0
860	E	1.00000	0	0.00000	0
861	K	1.00000	0	0.00000	0
862	S	1.00000	0	0.00000	0
863	S	1.00000	0	0.00000	0
864	C	1.00000	0	0.00000	0
865	D	1.00000	0	0.00000	0
866	S	1.00000	0	0.00000	0
867	T	1.00000	0	0.00000	0
868	Q	1.00000	0	0.00000	0
869	A	1.00000	0	0.00000	0
870	L	1.00000	0	0.00000	0
871	V	1.00000	0	0.00000	0
872	A	1.00000	0	0.00000	0
873	F	1.00000	0	0.00000	0
874	S	1.00000	0	0.00000	0
875	D	1.00000	0	0.00000	0
876	V	1.00000	0	0.00000	0
877	D	1.00000	0	0.00000	0
878	L	1.00000	0	0.00000	0
879	I	1.00000	0	0.00000	0
880	L	1.00000	0	0.00000	0
881	E	1.00000	0	0.00000	0
882	A	1.00000	0	0.00000	0
883	S	1.00000	0	0.00000	0
884	E	1.00000	0	0.00000	0
885	A	1.00000	0	0.00000	0
886	G	1.00000	0	0.00000	0
887	R	1.00000	0	0.00000	0
888	P	1.00000	0	0.00000	0
889	P	1.00000	0	0.00000	0
890	G	1.00000	0	0.00000	0
891	L	1.00000	0	0.00000	0
892	E	1.00000	0	0.00000	0
893	T	1.00000	0	0.00000	0
894	Y	1.00000	0	0.00000	0
895	G	1.00000	0	0.00000	0
896	F	1.00000	0	0.00000	0
897	P	1.00000	0	0.00000	0
898	S	1.00000	0	0.00000	0
899	V	1.00000	0	0.00000	0
900	T	1.00000	0	0.00000	0
901	L	1.00000	0	0.00000	0
902	I	1.00000	0	0.00000	0
903	S	1.00000	0	0.00000	0
904	C	1.00000	0	0.00000	0
905	Q	1.00000	0	0.00000	0
906	Q	1.00000	0	0.00000	0
907	P	1.00000	0	0.00000	0
908	G	1.00000	0	0.00000	0
909	A	1.00000	0	0.00000	0
910	P	1.00000	0	0.00000	0
911	R	1.00000	0	0.00000	0
912	L	1.00000	0	0.00000	0
913	E	1.00000	0	0.00000	0
914	G	1.00000	0	0.00000	0
915	S	1.00000	0	0.00000	0
916	H	1.00000	0	0.00000	0
917	C	1.00000	0	0.00000	0
918	V	1.00000	0	0.00000	0
919	E	1.00000	0	0.00000	0
920	P	1.00000	0	0.00000	0
921	E	1.00000	0	0.00000	0
922	G	1.00000	0	0.00000	0
923	N	1.00000	0	0.00000	0
924	H	1.00000	0	0.00000	0
925	F	1.00000	0	0.00000	0
926	G	1.00000	0	0.00000	0
927	N	1.00000	0	0.00000	0
928	P	1.00000	0	0.00000	0
929	Q	1.00000	0	0.00000	0
930	P	1.00000	0	0.00000	0
931	S	1.00000	0	0.00000	0
932	M	1.00000	0	0.00000	0
933	D	1.00000	0	0.00000	0
934	G	1.00000	0	0.00000	0
935	E	1.00000	0	0.00000	0
936	L	1.00000	0	0.00000	0
937	L	1.00000	0	0.00000	0
938	L	1.00000	0	0.00000	0
939	R	1.00000	0	0.00000	0
940	A	1.00000	0	0.00000	0
941	E	1.00000	0	0.00000	0
942	G	1.00000	0	0.00000	0
943	S	1.00000	0	0.00000	0
944	T	1.00000	0	0.00000	0
945	P	1.00000	0	0.00000	0
946	A	1.00000	0	0.00000	0
947	G	1.00000	0	0.00000	0
948	G	1.00000	0	0.00000	0
949	G	1.00000	0	0.00000	0
950	L	1.00000	0	0.00000	0
951	S	1.00000	0	0.00000	0
952	G	1.00000	0	0.00000	0
953	G	1.00000	0	0.00000	0
954	G	1.00000	0	0.00000	0
955	G	1.00000	0	0.00000	0
956	F	1.00000	0	0.00000	0
957	Q	1.00000	0	0.00000	0
958	P	1.00000	0	0.00000	0
959	S	1.00000	0	0.00000	0
960	G	1.00000	0	0.00000	0
961	L	1.00000	0	0.00000	0
962	A	1.00000	0	0.00000	0
963	F	1.00000	0	0.00000	0
964	A	1.00000	0	0.00000	0
965	S	1.00000	0	0.00000	0
966	H	1.00000	0	0.00000	0
967	V	1.00000	0	0.00000	0
