# UNNAMED
#pos	aa	i	o	M	S
1	M	0.00000	4e-05	0.00000	0.99996
2	N	0.00000	4e-05	0.00000	0.99996
3	R	0.00000	4e-05	0.00000	0.99996
4	G	0.00000	4e-05	0.00000	0.99996
5	V	0.00000	4e-05	0.00000	0.99996
6	P	0.00000	4e-05	0.00000	0.99996
7	F	0.00000	4e-05	0.00000	0.99997
8	R	0.00000	4e-05	0.00000	0.99996
9	H	0.00000	4e-05	0.00000	0.99996
10	L	0.00000	4e-05	0.00000	0.99996
11	L	0.00000	4e-05	0.00000	0.99996
12	L	0.00000	4e-05	0.00000	0.99996
13	V	0.00000	4e-05	0.00000	0.99996
14	L	0.00000	4e-05	0.00000	0.99996
15	Q	0.00000	4e-05	0.00000	0.99997
16	L	0.00000	4e-05	0.00000	0.99996
17	A	0.00000	4e-05	0.00000	0.99996
18	L	0.00000	4e-05	0.00000	0.99996
19	L	0.00000	4e-05	0.00000	0.99996
20	P	0.00000	4e-05	0.00000	0.99996
21	A	0.00000	4e-05	0.00000	0.99996
22	A	0.00000	0.0088	0.00000	0.9912
23	T	0.00000	0.0088	0.00000	0.9912
24	Q	0.00000	0.04838	0.00000	0.95163
25	G	0.00000	0.26373	0.00000	0.73627
26	K	0.00000	0.99289	0.00000	0.00711
27	K	0.00000	0.99289	0.00000	0.00711
28	V	0.00000	0.9931	0.00000	0.0069
29	V	0.00000	0.9931	0.00000	0.0069
30	L	0.00000	0.9931	0.00000	0.0069
31	G	0.00000	0.9931	0.00000	0.0069
32	K	0.00000	1	0.00000	0
33	K	0.00000	1	0.00000	0
34	G	0.00000	1	0.00000	0
35	D	0.00000	1	0.00000	0
36	T	0.00000	1	0.00000	0
37	V	0.00000	1	0.00000	0
38	E	0.00000	1	0.00000	0
39	L	0.00000	1	0.00000	0
40	T	0.00000	1	0.00000	0
41	C	0.00000	1	0.00000	0
42	T	0.00000	1	0.00000	0
43	A	0.00000	1	0.00000	0
44	S	0.00000	1	0.00000	0
45	Q	0.00000	1	0.00000	0
46	K	0.00000	1	0.00000	0
47	K	0.00000	1	0.00000	0
48	S	0.00000	1	0.00000	0
49	I	0.00000	1	0.00000	0
50	Q	0.00000	1	0.00000	0
51	F	0.00000	1	0.00000	0
52	H	0.00000	1	0.00000	0
53	W	0.00000	1	0.00000	0
54	K	0.00000	1	0.00000	0
55	N	0.00000	1	0.00000	0
56	S	0.00000	1	0.00000	0
57	N	0.00000	1	0.00000	0
58	Q	0.00000	1	0.00000	0
59	I	0.00000	1	0.00000	0
60	K	0.00000	1	0.00000	0
61	I	0.00000	1	0.00000	0
62	L	0.00000	1	0.00000	0
63	G	0.00000	1	0.00000	0
64	N	0.00000	1	0.00000	0
65	Q	0.00000	1	0.00000	0
66	G	0.00000	1	0.00000	0
67	S	0.00000	1	0.00000	0
68	F	0.00000	1	0.00000	0
69	L	0.00000	1	0.00000	0
70	T	0.00000	1	0.00000	0
71	K	0.00000	1	0.00000	0
72	G	0.00000	1	0.00000	0
73	P	0.00000	1	0.00000	0
74	S	0.00000	1	0.00000	0
75	K	0.00000	1	0.00000	0
76	L	0.00000	1	0.00000	0
77	N	0.00000	1	0.00000	0
78	D	0.00000	1	0.00000	0
79	R	0.00000	1	0.00000	0
80	A	0.00000	1	0.00000	0
81	D	0.00000	1	0.00000	0
82	S	0.00000	1	0.00000	0
83	R	0.00000	1	0.00000	0
84	R	0.00000	1	0.00000	0
85	S	0.00000	1	0.00000	0
86	L	0.00000	1	0.00000	0
87	W	0.00000	1	0.00000	0
88	D	0.00000	1	0.00000	0
89	Q	0.00000	1	0.00000	0
90	G	0.00000	1	0.00000	0
91	N	0.00000	1	0.00000	0
92	F	0.00000	0.99999	0.00001	0
93	P	0.00000	0.99999	0.00001	0
94	L	0.00000	0.99999	0.00001	0
95	I	0.00000	0.99999	0.00001	0
96	I	0.00000	0.99999	0.00001	0
97	K	0.00000	0.99999	0.00001	0
98	N	0.00000	0.99999	0.00001	0
99	L	0.00000	0.99999	0.00001	0
100	K	0.00000	0.99999	0.00001	0
101	I	0.00000	0.99999	0.00001	0
102	E	0.00000	0.99999	0.00001	0
103	D	0.00000	0.99999	0.00001	0
104	S	0.00000	0.99999	0.00001	0
105	D	0.00000	0.99999	0.00001	0
106	T	0.00000	0.99999	0.00001	0
107	Y	0.00000	0.99999	0.00001	0
108	I	0.00000	0.99999	0.00001	0
109	C	0.00000	0.99999	0.00001	0
110	E	0.00000	0.99999	0.00001	0
111	V	0.00000	0.99999	0.00001	0
112	E	0.00001	0.99999	0.00000	0
113	D	0.00001	0.99999	0.00000	0
114	Q	0.00001	0.99999	0.00000	0
115	K	0.00001	0.99999	0.00000	0
116	E	0.00001	0.99999	0.00000	0
117	E	0.00001	0.99999	0.00000	0
118	V	0.00001	0.99999	0.00000	0
119	Q	0.00001	0.99999	0.00000	0
120	L	0.00000	0.99999	0.00001	0
121	L	0.00000	0.99999	0.00001	0
122	V	0.00000	0.99999	0.00001	0
123	F	0.00000	0.99999	0.00001	0
124	G	0.00000	0.99999	0.00001	0
125	L	0.00000	0.99999	0.00001	0
126	T	0.00000	0.99999	0.00001	0
127	A	0.00000	0.99999	0.00001	0
128	N	0.00000	0.99999	0.00001	0
129	S	0.00000	0.99999	0.00001	0
130	D	0.00000	0.99999	0.00001	0
131	T	0.00000	0.99999	0.00001	0
132	H	0.00000	0.99999	0.00001	0
133	L	0.00000	0.99999	0.00001	0
134	L	0.00000	0.99999	0.00001	0
135	Q	0.00000	0.99999	0.00001	0
136	G	0.00000	0.99999	0.00001	0
137	Q	0.00000	0.99999	0.00001	0
138	S	0.00000	0.99999	0.00001	0
139	L	0.00000	0.99999	0.00001	0
140	T	0.00000	0.99999	0.00001	0
141	L	0.00000	0.99999	0.00001	0
142	T	0.00000	1	0.00000	0
143	L	0.00000	1	0.00000	0
144	E	0.00000	1	0.00000	0
145	S	0.00000	1	0.00000	0
146	P	0.00000	1	0.00000	0
147	P	0.00000	1	0.00000	0
148	G	0.00000	1	0.00000	0
149	S	0.00000	1	0.00000	0
150	S	0.00000	1	0.00000	0
151	P	0.00000	1	0.00000	0
152	S	0.00000	1	0.00000	0
153	V	0.00000	1	0.00000	0
154	Q	0.00000	1	0.00000	0
155	C	0.00000	1	0.00000	0
156	R	0.00000	1	0.00000	0
157	S	0.00000	1	0.00000	0
158	P	0.00000	1	0.00000	0
159	R	0.00000	1	0.00000	0
160	G	0.00000	0.99994	0.00006	0
161	K	0.00000	0.99988	0.00012	0
162	N	0.00000	0.99848	0.00152	0
163	I	0.00000	0.73422	0.26578	0
164	Q	0.00000	0.6715	0.32850	0
165	G	0.00000	0.50432	0.49568	0
166	G	0.00000	0.4255	0.57450	0
167	K	0.00000	0.35451	0.64549	0
168	T	0.00000	0.05152	0.94848	0
169	L	0.00000	0.00073	0.99927	0
170	S	0.00000	3e-05	0.99997	0
171	V	0.00000	1e-05	0.99999	0
172	S	0.00000	1e-05	0.99999	0
173	Q	0.00000	1e-05	0.99999	0
174	L	0.00000	1e-05	0.99999	0
175	E	0.00000	1e-05	0.99999	0
176	L	0.00000	0	1.00000	0
177	Q	0.00000	0	1.00000	0
178	D	0.00000	0	1.00000	0
179	S	0.00000	0	1.00000	0
180	G	0.00000	0	1.00000	0
181	T	0.00005	0	0.99995	0
182	W	0.00032	0	0.99968	0
183	T	0.00651	0	0.99349	0
184	C	0.01339	0	0.98661	0
185	T	0.09525	0	0.90475	0
186	V	0.18324	0	0.81676	0
187	L	0.92302	0	0.07698	0
188	Q	0.99444	0	0.00556	0
189	N	0.99969	0	0.00031	0
190	Q	0.99998	0	0.00002	0
191	K	0.99999	0	0.00001	0
192	K	0.99951	0	0.00049	0
193	V	0.91129	0	0.08871	0
194	E	0.87994	0	0.12006	0
195	F	0.16757	0	0.83243	0
196	K	0.13659	0	0.86341	0
197	I	0.00310	0	0.99690	0
198	D	0.00026	0	0.99974	0
199	I	0.00001	0	0.99999	0
200	V	0.00001	0	0.99999	0
201	V	0.00001	0	0.99999	0
202	L	0.00001	0	0.99999	0
203	A	0.00001	0	0.99999	0
204	F	0.00001	0	0.99999	0
205	Q	0.00001	0	0.99999	0
206	K	0.00001	0	0.99999	0
207	A	0.00001	0	0.99999	0
208	S	0.00001	0	0.99999	0
209	S	0.00001	0	0.99999	0
210	I	0.00001	3e-05	0.99997	0
211	V	0.00001	0.00232	0.99768	0
212	Y	0.00001	0.00626	0.99373	0
213	K	0.00001	0.02341	0.97658	0
214	K	0.00001	0.15993	0.84006	0
215	E	0.00001	0.80868	0.19131	0
216	G	0.00001	0.88754	0.11246	0
217	E	0.00001	0.99014	0.00986	0
218	Q	0.00001	0.99971	0.00029	0
219	V	0.00000	0.99995	0.00005	0
220	E	0.00000	0.99998	0.00002	0
221	F	0.00000	0.99999	0.00001	0
222	S	0.00000	0.99999	0.00001	0
223	F	0.00000	0.99999	0.00001	0
224	P	0.00000	0.99999	0.00001	0
225	L	0.00000	0.99975	0.00025	0
226	A	0.00000	0.99976	0.00024	0
227	F	0.00000	0.99976	0.00024	0
228	T	0.00000	0.99976	0.00024	0
229	V	0.00000	0.99976	0.00024	0
230	E	0.00000	0.99976	0.00024	0
231	K	0.00000	0.99945	0.00055	0
232	L	0.00000	0.9606	0.03940	0
233	T	0.00000	0.9606	0.03940	0
234	G	0.00000	0.9606	0.03940	0
235	S	0.00000	0.9606	0.03940	0
236	G	0.00000	0.9606	0.03940	0
237	E	0.00000	0.9606	0.03940	0
238	L	0.00000	0.01055	0.98945	0
239	W	0.00000	0.01056	0.98944	0
240	W	0.00000	0.01052	0.98948	0
241	Q	0.00000	0.01052	0.98948	0
242	A	0.00000	0.01052	0.98948	0
243	E	0.00000	0.01052	0.98948	0
244	R	0.00000	0.00049	0.99951	0
245	A	0.00000	1e-05	0.99999	0
246	S	0.00003	1e-05	0.99996	0
247	S	0.00003	1e-05	0.99996	0
248	S	0.00017	1e-05	0.99982	0
249	K	0.00023	1e-05	0.99976	0
250	S	0.00023	1e-05	0.99976	0
251	W	0.00023	1e-05	0.99976	0
252	I	0.00023	1e-05	0.99976	0
253	T	0.00024	1e-05	0.99975	0
254	F	0.00032	1e-05	0.99967	0
255	D	0.00040	1e-05	0.99959	0
256	L	0.00150	1e-05	0.99849	0
257	K	0.02958	1e-05	0.97041	0
258	N	0.06763	1e-05	0.93236	0
259	K	0.69780	1e-05	0.30219	0
260	E	0.95977	1e-05	0.04022	0
261	V	0.96984	1e-05	0.03015	0
262	S	0.98906	1e-05	0.01093	0
263	V	0.99110	1e-05	0.00889	0
264	K	0.99994	1e-05	0.00005	0
265	R	0.99997	1e-05	0.00002	0
266	V	0.99997	1e-05	0.00002	0
267	T	0.99997	1e-05	0.00002	0
268	Q	0.99997	1e-05	0.00002	0
269	D	0.99997	1e-05	0.00002	0
270	P	0.99996	1e-05	0.00003	0
271	K	0.99996	1e-05	0.00003	0
272	L	0.99977	1e-05	0.00022	0
273	Q	0.99972	1e-05	0.00027	0
274	M	0.99932	1e-05	0.00067	0
275	G	0.99929	1e-05	0.00070	0
276	K	0.99928	1e-05	0.00071	0
277	K	0.99545	1e-05	0.00454	0
278	L	0.57811	1e-05	0.42188	0
279	P	0.52980	1e-05	0.47020	0
280	L	0.00336	0	0.99664	0
281	H	0.00021	0	0.99979	0
282	L	0.00000	0	1.00000	0
283	T	0.00000	0	1.00000	0
284	L	0.00000	0	1.00000	0
285	P	0.00000	1e-05	0.99999	0
286	Q	0.00000	2e-05	0.99998	0
287	A	0.00000	2e-05	0.99998	0
288	L	0.00000	2e-05	0.99998	0
289	P	0.00000	2e-05	0.99998	0
290	Q	0.00000	2e-05	0.99998	0
291	Y	0.00000	3e-05	0.99997	0
292	A	0.00000	6e-05	0.99994	0
293	G	0.00000	0.00022	0.99978	0
294	S	0.00000	0.00036	0.99964	0
295	G	0.00000	0.00067	0.99933	0
296	N	0.00000	0.00087	0.99913	0
297	L	0.00000	0.00109	0.99891	0
298	T	0.00000	0.00695	0.99305	0
299	L	0.00000	0.02313	0.97687	0
300	A	0.00000	0.11877	0.88123	0
301	L	0.00000	0.43574	0.56426	0
302	E	0.00001	0.99299	0.00700	0
303	A	0.00001	0.99779	0.00220	0
304	K	0.00001	0.99999	0.00000	0
305	T	0.00001	0.99999	0.00000	0
306	G	0.00001	0.99999	0.00000	0
307	K	0.00001	0.99999	0.00000	0
308	L	0.00001	0.99999	0.00000	0
309	H	0.00001	0.99999	0.00000	0
310	Q	0.00001	0.99999	0.00000	0
311	E	0.00001	0.99999	0.00000	0
312	V	0.00001	0.99999	0.00000	0
313	N	0.00001	0.99994	0.00005	0
314	L	0.00001	0.99987	0.00012	0
315	V	0.00001	0.9997	0.00029	0
316	V	0.00001	0.99921	0.00078	0
317	M	0.00001	0.99915	0.00084	0
318	R	0.00001	0.99892	0.00107	0
319	A	0.00001	0.01129	0.98870	0
320	T	0.00001	0.00309	0.99690	0
321	Q	0.00001	0.00298	0.99701	0
322	L	0.00001	0.00143	0.99856	0
323	Q	0.00001	0.0013	0.99869	0
324	K	0.00001	0.00013	0.99986	0
325	N	0.00001	5e-05	0.99994	0
326	L	0.00001	0	0.99999	0
327	T	0.00001	0	0.99999	0
328	C	0.00001	0	0.99999	0
329	E	0.00001	0	0.99999	0
330	V	0.00001	0	0.99999	0
331	W	0.00001	0	0.99999	0
332	G	0.00001	0	0.99999	0
333	P	0.00001	0	0.99999	0
334	T	0.00002	0	0.99998	0
335	S	0.00004	0	0.99996	0
336	P	0.00005	0	0.99995	0
337	K	0.00005	0	0.99995	0
338	L	0.00005	0	0.99995	0
339	M	0.00009	0	0.99991	0
340	L	0.00113	0	0.99887	0
341	S	0.07807	0	0.92193	0
342	L	0.63955	0	0.36045	0
343	K	0.96066	0	0.03934	0
344	L	0.97159	0	0.02841	0
345	E	0.99933	0	0.00067	0
346	N	0.99978	0	0.00022	0
347	K	0.99998	0	0.00002	0
348	E	1.00000	0	0.00000	0
349	A	1.00000	0	0.00000	0
350	K	1.00000	0	0.00000	0
351	V	1.00000	0	0.00000	0
352	S	1.00000	0	0.00000	0
353	K	1.00000	0	0.00000	0
354	R	1.00000	0	0.00000	0
355	E	0.99999	0	0.00001	0
356	K	0.88663	0	0.11337	0
357	A	0.51558	0	0.48442	0
358	V	0.13274	0	0.86726	0
359	W	0.13222	0	0.86778	0
360	V	0.13222	0	0.86778	0
361	L	0.13222	0	0.86778	0
362	N	0.13222	0	0.86778	0
363	P	0.13222	0	0.86778	0
364	E	0.13222	0	0.86778	0
365	A	0.03326	0	0.96674	0
366	G	0.03306	0	0.96694	0
367	M	0.03264	0	0.96736	0
368	W	0.01425	0	0.98575	0
369	Q	0.00001	0	0.99999	0
370	C	0.00001	0	0.99999	0
371	L	0.00001	0	0.99999	0
372	L	0.00001	0	0.99999	0
373	S	0.00001	0	0.99999	0
374	D	0.00001	6e-05	0.99993	0
375	S	0.00001	7e-05	0.99992	0
376	G	0.00000	0.00043	0.99957	0
377	Q	0.00000	0.00113	0.99887	0
378	V	0.00000	0.00154	0.99846	0
379	L	0.00000	0.00517	0.99483	0
380	L	0.00000	0.09512	0.90488	0
381	E	0.00000	0.80828	0.19172	0
382	S	0.00000	0.85643	0.14357	0
383	N	0.00000	0.8651	0.13490	0
384	I	0.00000	0.86647	0.13353	0
385	K	0.00000	0.88891	0.11109	0
386	V	0.00000	0.88963	0.11037	0
387	L	0.00000	0.8944	0.10560	0
388	P	0.00000	0.94215	0.05785	0
389	T	0.00000	0.95927	0.04073	0
390	W	0.00000	0.97212	0.02788	0
391	S	0.00000	0.98546	0.01454	0
392	T	0.00000	0.99272	0.00728	0
393	P	0.00000	0.99448	0.00552	0
394	V	0.00000	0.98591	0.01409	0
395	Q	0.00000	0.98044	0.01956	0
396	P	0.00000	0.94463	0.05537	0
397	M	0.00000	0.18157	0.81843	0
398	A	0.00000	0.01027	0.98973	0
399	L	0.00000	0.00018	0.99982	0
400	I	0.00000	3e-05	0.99997	0
401	V	0.00000	0	1.00000	0
402	L	0.00000	0	1.00000	0
403	G	0.00000	0	1.00000	0
404	G	0.00000	0	1.00000	0
405	V	0.00000	0	1.00000	0
406	A	0.00000	0	1.00000	0
407	G	0.00000	0	1.00000	0
408	L	0.00001	0	0.99999	0
409	L	0.00004	0	0.99996	0
410	L	0.00006	0	0.99994	0
411	F	0.00008	0	0.99992	0
412	I	0.00026	0	0.99974	0
413	G	0.00115	0	0.99885	0
414	L	0.00213	0	0.99787	0
415	G	0.00398	0	0.99602	0
416	I	0.00632	0	0.99368	0
417	F	0.02970	0	0.97030	0
418	F	0.16498	0	0.83502	0
419	C	0.44349	0	0.55651	0
420	V	0.59383	0	0.40617	0
421	R	1.00000	0	0.00000	0
422	C	1.00000	0	0.00000	0
423	R	1.00000	0	0.00000	0
424	H	1.00000	0	0.00000	0
425	R	1.00000	0	0.00000	0
426	R	1.00000	0	0.00000	0
427	R	1.00000	0	0.00000	0
428	Q	1.00000	0	0.00000	0
429	A	1.00000	0	0.00000	0
430	E	1.00000	0	0.00000	0
431	R	1.00000	0	0.00000	0
432	M	1.00000	0	0.00000	0
433	S	1.00000	0	0.00000	0
434	Q	1.00000	0	0.00000	0
435	I	1.00000	0	0.00000	0
436	K	1.00000	0	0.00000	0
437	R	1.00000	0	0.00000	0
438	L	1.00000	0	0.00000	0
439	L	1.00000	0	0.00000	0
440	S	1.00000	0	0.00000	0
441	E	1.00000	0	0.00000	0
442	K	1.00000	0	0.00000	0
443	K	1.00000	0	0.00000	0
444	T	1.00000	0	0.00000	0
445	C	1.00000	0	0.00000	0
446	Q	1.00000	0	0.00000	0
447	C	1.00000	0	0.00000	0
448	P	1.00000	0	0.00000	0
449	H	1.00000	0	0.00000	0
450	R	1.00000	0	0.00000	0
451	F	1.00000	0	0.00000	0
452	Q	1.00000	0	0.00000	0
453	K	1.00000	0	0.00000	0
454	T	1.00000	0	0.00000	0
455	C	1.00000	0	0.00000	0
456	S	1.00000	0	0.00000	0
457	P	1.00000	0	0.00000	0
458	I	1.00000	0	0.00000	0
