# UNNAMED
#pos	aa	i	o	M	S
1	M	0.00000	1	0.00000	0
2	S	0.00000	1	0.00000	0
3	M	0.00000	1	0.00000	0
4	G	0.00000	0.93005	0.06995	0
5	L	0.00000	0.84478	0.15522	0
6	E	0.00000	0.77235	0.22765	0
7	I	0.00000	0.01711	0.98289	0
8	T	0.00000	0.0009	0.99910	0
9	G	0.00000	2e-05	0.99998	0
10	T	0.00000	0	1.00000	0
11	A	0.00000	0	1.00000	0
12	L	0.00000	0	1.00000	0
13	A	0.00000	0	1.00000	0
14	V	0.00000	0	1.00000	0
15	L	0.00000	0	1.00000	0
16	G	0.00000	0	1.00000	0
17	W	0.00000	0	1.00000	0
18	L	0.00000	0	1.00000	0
19	G	0.00000	0	1.00000	0
20	T	0.00000	0	1.00000	0
21	I	0.00001	0	0.99999	0
22	V	0.00649	0	0.99351	0
23	C	0.00849	0	0.99151	0
24	C	0.01621	0	0.98379	0
25	A	0.11313	0	0.88687	0
26	L	0.54182	0	0.45818	0
27	P	0.99750	0	0.00250	0
28	M	0.99273	0	0.00727	0
29	W	0.99211	0	0.00789	0
30	R	0.98975	0	0.01025	0
31	V	0.29579	0	0.70421	0
32	S	0.08468	0	0.91532	0
33	A	0.02189	0	0.97811	0
34	F	0.00002	0	0.99998	0
35	I	0.00000	0	1.00000	0
36	G	0.00000	0	1.00000	0
37	S	0.00000	0	1.00000	0
38	N	0.00000	0	1.00000	0
39	I	0.00000	0	1.00000	0
40	I	0.00000	0	1.00000	0
41	T	0.00000	0	1.00000	0
42	S	0.00000	0	1.00000	0
43	Q	0.00000	0.0001	0.99990	0
44	N	0.00000	0.00018	0.99982	0
45	I	0.00000	0.00018	0.99982	0
46	W	0.00000	0.0004	0.99960	0
47	E	0.00000	0.0052	0.99480	0
48	G	0.00000	0.05594	0.94406	0
49	L	0.00000	0.1179	0.88210	0
50	W	0.00000	0.65746	0.34254	0
51	M	0.00000	0.99804	0.00196	0
52	N	0.00000	0.99983	0.00017	0
53	C	0.00000	0.9999	0.00010	0
54	V	0.00000	0.99982	0.00018	0
55	V	0.00000	0.99982	0.00018	0
56	Q	0.00000	0.99982	0.00018	0
57	S	0.00000	0.99967	0.00033	0
58	T	0.00000	0.94989	0.05011	0
59	G	0.00000	0.89602	0.10398	0
60	Q	0.00000	0.44307	0.55693	0
61	M	0.00000	0.00279	0.99721	0
62	Q	0.00000	0.00066	0.99934	0
63	C	0.00000	5e-05	0.99995	0
64	K	0.00000	2e-05	0.99998	0
65	V	0.00000	0	1.00000	0
66	Y	0.00000	0	1.00000	0
67	D	0.00000	0	1.00000	0
68	S	0.00000	0	1.00000	0
69	L	0.00000	0	1.00000	0
70	L	0.00000	0	1.00000	0
71	A	0.00009	0	0.99991	0
72	L	0.00018	0	0.99982	0
73	P	0.00018	0	0.99982	0
74	Q	0.00018	0	0.99982	0
75	D	0.00018	0	0.99982	0
76	L	0.00018	0	0.99982	0
77	Q	0.00018	0	0.99982	0
78	A	0.00018	0	0.99982	0
79	A	0.97152	0	0.02848	0
80	R	0.99966	0	0.00034	0
81	A	0.99969	0	0.00031	0
82	L	0.99983	0	0.00017	0
83	I	0.99982	0	0.00018	0
84	V	0.99982	0	0.00018	0
85	V	0.99982	0	0.00018	0
86	A	0.99982	0	0.00018	0
87	I	0.99982	0	0.00018	0
88	L	0.99982	0	0.00018	0
89	L	0.99982	0	0.00018	0
90	A	0.10400	0	0.89600	0
91	A	0.00084	0	0.99916	0
92	F	0.00039	0	0.99961	0
93	G	0.00028	0	0.99972	0
94	L	0.00002	0	0.99998	0
95	L	0.00000	0	1.00000	0
96	V	0.00000	0	1.00000	0
97	A	0.00000	0	1.00000	0
98	L	0.00000	0	1.00000	0
99	V	0.00000	0	1.00000	0
100	G	0.00000	0	1.00000	0
101	A	0.00000	0	1.00000	0
102	Q	0.00000	0.00013	0.99987	0
103	C	0.00000	0.00017	0.99983	0
104	T	0.00000	0.00018	0.99982	0
105	N	0.00000	0.00018	0.99982	0
106	C	0.00000	0.00018	0.99982	0
107	V	0.00000	0.00018	0.99982	0
108	Q	0.00000	0.00864	0.99136	0
109	D	0.00000	0.98004	0.01996	0
110	D	0.00000	0.99942	0.00058	0
111	T	0.00000	0.99947	0.00053	0
112	A	0.00000	0.99956	0.00044	0
113	K	0.00000	0.99999	0.00001	0
114	A	0.00000	1	0.00000	0
115	K	0.00000	1	0.00000	0
116	I	0.00000	0.99985	0.00015	0
117	T	0.00000	0.99984	0.00016	0
118	I	0.00000	0.99983	0.00017	0
119	V	0.00000	0.99983	0.00017	0
120	A	0.00000	0.99949	0.00051	0
121	G	0.00000	0.97565	0.02435	0
122	V	0.00000	0.30302	0.69698	0
123	L	0.00000	0.02283	0.97717	0
124	F	0.00000	0.00613	0.99387	0
125	L	0.00000	0.00278	0.99722	0
126	L	0.00000	3e-05	0.99997	0
127	A	0.00000	1e-05	0.99999	0
128	A	0.00000	0	1.00000	0
129	L	0.00000	0	1.00000	0
130	L	0.00000	0	1.00000	0
131	T	0.00000	0	1.00000	0
132	L	0.00000	0	1.00000	0
133	V	0.00000	0	1.00000	0
134	P	0.00000	0	1.00000	0
135	V	0.00000	0	1.00000	0
136	S	0.00000	0	1.00000	0
137	W	0.00000	0	1.00000	0
138	S	0.00001	0	0.99999	0
139	A	0.00001	0	0.99999	0
140	N	0.00009	0	0.99991	0
141	T	0.00010	0	0.99990	0
142	I	0.00018	0	0.99982	0
143	I	0.00658	0	0.99342	0
144	R	0.63308	0	0.36692	0
145	D	0.73619	0	0.26381	0
146	F	0.74058	0	0.25942	0
147	Y	0.80391	0	0.19609	0
148	N	0.99253	0	0.00747	0
149	P	1.00000	0	0.00000	0
150	V	1.00000	0	0.00000	0
151	V	1.00000	0	0.00000	0
152	P	1.00000	0	0.00000	0
153	E	1.00000	0	0.00000	0
154	A	1.00000	0	0.00000	0
155	Q	1.00000	0	0.00000	0
156	K	1.00000	0	0.00000	0
157	R	1.00000	0	0.00000	0
158	E	1.00000	0	0.00000	0
159	M	0.10100	0	0.89900	0
160	G	0.07814	0	0.92186	0
161	A	0.00089	0	0.99911	0
162	G	0.00056	0	0.99944	0
163	L	0.00033	0	0.99967	0
164	Y	0.00029	0	0.99971	0
165	V	0.00022	0	0.99978	0
166	G	0.00020	0	0.99980	0
167	W	0.00020	0	0.99980	0
168	A	0.00000	0	1.00000	0
169	A	0.00000	0	1.00000	0
170	A	0.00000	0	1.00000	0
171	A	0.00000	0	1.00000	0
172	L	0.00000	0	1.00000	0
173	Q	0.00000	0	1.00000	0
174	L	0.00000	0	1.00000	0
175	L	0.00000	0	1.00000	0
176	G	0.00000	0	1.00000	0
177	G	0.00000	1e-05	0.99999	0
178	A	0.00000	0.00019	0.99981	0
179	L	0.00000	0.00289	0.99711	0
180	L	0.00000	0.0574	0.94260	0
181	C	0.00000	0.64951	0.35049	0
182	C	0.00000	0.89497	0.10503	0
183	S	0.00000	0.97119	0.02881	0
184	C	0.00000	0.99595	0.00405	0
185	P	0.00000	0.9982	0.00180	0
186	P	0.00000	0.99868	0.00132	0
187	R	0.00000	0.99958	0.00042	0
188	E	0.00000	0.99996	0.00004	0
189	K	0.00000	0.99999	0.00001	0
190	K	0.00000	0.99994	0.00006	0
191	Y	0.00000	0.97323	0.02677	0
192	T	0.00000	0.82824	0.17176	0
193	A	0.00000	0.32416	0.67584	0
194	T	0.00000	0.0293	0.97070	0
195	K	0.00000	0.01072	0.98928	0
196	V	0.00000	2e-05	0.99998	0
197	V	0.00000	0	1.00000	0
198	Y	0.00000	0	1.00000	0
199	S	0.00000	0	1.00000	0
200	A	0.00000	0	1.00000	0
201	P	0.00000	0	1.00000	0
202	R	0.00000	0	1.00000	0
203	S	0.00000	0	1.00000	0
204	T	0.00000	0	1.00000	0
205	G	0.00000	0	1.00000	0
206	P	0.00000	0	1.00000	0
207	G	0.00000	0	1.00000	0
208	A	0.00000	0	1.00000	0
209	S	0.00000	0	1.00000	0
210	L	0.00001	0	0.99999	0
211	G	0.00014	0	0.99986	0
212	T	0.00282	0	0.99718	0
213	G	0.01145	0	0.98855	0
214	Y	0.08491	0	0.91509	0
215	D	0.96347	0	0.03653	0
216	R	1.00000	0	0.00000	0
217	K	1.00000	0	0.00000	0
218	D	1.00000	0	0.00000	0
219	Y	1.00000	0	0.00000	0
220	V	1.00000	0	0.00000	0
