# UNNAMED
#pos	aa	i	o	M	S
1	M	0.00000	1	0.00000	0
2	D	0.00000	1	0.00000	0
3	N	0.00000	1	0.00000	0
4	V	0.00000	1	0.00000	0
5	L	0.00000	1	0.00000	0
6	P	0.00000	1	0.00000	0
7	V	0.00000	1	0.00000	0
8	D	0.00000	1	0.00000	0
9	S	0.00000	1	0.00000	0
10	D	0.00000	1	0.00000	0
11	L	0.00000	1	0.00000	0
12	S	0.00000	1	0.00000	0
13	P	0.00000	1	0.00000	0
14	N	0.00000	1	0.00000	0
15	I	0.00000	1	0.00000	0
16	S	0.00000	1	0.00000	0
17	T	0.00000	1	0.00000	0
18	N	0.00000	1	0.00000	0
19	T	0.00000	1	0.00000	0
20	S	0.00000	1	0.00000	0
21	E	0.00000	1	0.00000	0
22	P	0.00000	1	0.00000	0
23	N	0.00000	1	0.00000	0
24	Q	0.00000	1	0.00000	0
25	F	0.00000	1	0.00000	0
26	V	0.00000	1	0.00000	0
27	Q	0.00000	1	0.00000	0
28	P	0.00000	0.99994	0.00006	0
29	A	0.00000	0.99949	0.00051	0
30	W	0.00000	0.999	0.00100	0
31	Q	0.00000	0.98534	0.01466	0
32	I	0.00000	0.88366	0.11634	0
33	V	0.00000	0.86381	0.13619	0
34	L	0.00000	0.85519	0.14481	0
35	W	0.00000	0.52424	0.47576	0
36	A	0.00000	0.38677	0.61323	0
37	A	0.00000	0.26289	0.73711	0
38	A	0.00000	0.09961	0.90039	0
39	Y	0.00000	0.01332	0.98668	0
40	T	0.00000	0.00303	0.99697	0
41	V	0.00000	3e-05	0.99997	0
42	I	0.00000	0	1.00000	0
43	V	0.00000	0	1.00000	0
44	V	0.00000	0	1.00000	0
45	T	0.00000	0	1.00000	0
46	S	0.00000	0	1.00000	0
47	V	0.00000	0	1.00000	0
48	V	0.00000	0	1.00000	0
49	G	0.00000	0	1.00000	0
50	N	0.00000	0	1.00000	0
51	V	0.00000	0	1.00000	0
52	V	0.00000	0	1.00000	0
53	V	0.00000	0	1.00000	0
54	M	0.00000	0	1.00000	0
55	W	0.00005	0	0.99995	0
56	I	0.00080	0	0.99920	0
57	I	0.01215	0	0.98785	0
58	L	0.14780	0	0.85220	0
59	A	0.62061	0	0.37939	0
60	H	0.99665	0	0.00335	0
61	K	0.99996	0	0.00004	0
62	R	1.00000	0	0.00000	0
63	M	1.00000	0	0.00000	0
64	R	1.00000	0	0.00000	0
65	T	0.99987	0	0.00013	0
66	V	0.99496	0	0.00504	0
67	T	0.97971	0	0.02029	0
68	N	0.86252	0	0.13748	0
69	Y	0.31688	0	0.68312	0
70	F	0.00483	0	0.99517	0
71	L	0.00066	0	0.99934	0
72	V	0.00004	0	0.99996	0
73	N	0.00000	0	1.00000	0
74	L	0.00000	0	1.00000	0
75	A	0.00000	0	1.00000	0
76	F	0.00000	0	1.00000	0
77	A	0.00000	0	1.00000	0
78	E	0.00000	0	1.00000	0
79	A	0.00000	0	1.00000	0
80	S	0.00000	0	1.00000	0
81	M	0.00000	0	1.00000	0
82	A	0.00000	0	1.00000	0
83	A	0.00000	0	1.00000	0
84	F	0.00000	0	1.00000	0
85	N	0.00000	0.00012	0.99988	0
86	T	0.00000	0.00043	0.99957	0
87	V	0.00000	0.00098	0.99902	0
88	V	0.00000	0.01513	0.98487	0
89	N	0.00000	0.24109	0.75891	0
90	F	0.00000	0.26913	0.73087	0
91	T	0.00000	0.60176	0.39824	0
92	Y	0.00000	0.81338	0.18662	0
93	A	0.00000	0.85917	0.14083	0
94	V	0.00000	0.88865	0.11135	0
95	H	0.00000	0.99938	0.00062	0
96	N	0.00000	0.99997	0.00003	0
97	E	0.00000	1	0.00000	0
98	W	0.00000	1	0.00000	0
99	Y	0.00000	1	0.00000	0
100	Y	0.00000	1	0.00000	0
101	G	0.00000	1	0.00000	0
102	L	0.00000	0.99999	0.00001	0
103	F	0.00000	0.99998	0.00002	0
104	Y	0.00000	0.99989	0.00011	0
105	C	0.00000	0.99988	0.00012	0
106	K	0.00000	0.99962	0.00038	0
107	F	0.00000	0.95167	0.04833	0
108	H	0.00000	0.93846	0.06154	0
109	N	0.00000	0.9188	0.08120	0
110	F	0.00000	0.0792	0.92080	0
111	F	0.00000	0.03833	0.96167	0
112	P	0.00000	0.03293	0.96707	0
113	I	0.00000	0.00054	0.99946	0
114	A	0.00000	1e-05	0.99999	0
115	A	0.00000	0	1.00000	0
116	V	0.00000	0	1.00000	0
117	F	0.00000	0	1.00000	0
118	A	0.00000	0	1.00000	0
119	S	0.00000	0	1.00000	0
120	I	0.00000	0	1.00000	0
121	Y	0.00000	0	1.00000	0
122	S	0.00000	0	1.00000	0
123	M	0.00000	0	1.00000	0
124	T	0.00000	0	1.00000	0
125	A	0.00000	0	1.00000	0
126	V	0.00000	0	1.00000	0
127	A	0.00000	0	1.00000	0
128	F	0.00000	0	1.00000	0
129	D	0.00001	0	0.99999	0
130	R	0.00800	0	0.99200	0
131	Y	0.33541	0	0.66459	0
132	M	0.90112	0	0.09888	0
133	A	0.97694	0	0.02306	0
134	I	0.99999	0	0.00001	0
135	I	1.00000	0	0.00000	0
136	H	1.00000	0	0.00000	0
137	P	1.00000	0	0.00000	0
138	L	1.00000	0	0.00000	0
139	Q	1.00000	0	0.00000	0
140	P	1.00000	0	0.00000	0
141	R	1.00000	0	0.00000	0
142	L	0.99996	0	0.00004	0
143	S	0.99990	0	0.00010	0
144	A	0.99021	0	0.00979	0
145	T	0.98480	0	0.01520	0
146	A	0.96836	0	0.03164	0
147	T	0.96314	0	0.03686	0
148	K	0.93667	0	0.06333	0
149	V	0.08704	0	0.91296	0
150	V	0.00386	0	0.99614	0
151	I	0.00007	0	0.99993	0
152	C	0.00000	0	1.00000	0
153	V	0.00000	0	1.00000	0
154	I	0.00000	0	1.00000	0
155	W	0.00000	0	1.00000	0
156	V	0.00000	0	1.00000	0
157	L	0.00000	0	1.00000	0
158	A	0.00000	0	1.00000	0
159	L	0.00000	0	1.00000	0
160	L	0.00000	0	1.00000	0
161	L	0.00000	0	1.00000	0
162	A	0.00000	0	1.00000	0
163	F	0.00000	0.00013	0.99987	0
164	P	0.00000	0.00564	0.99436	0
165	Q	0.00000	0.01485	0.98515	0
166	G	0.00000	0.02165	0.97835	0
167	Y	0.00000	0.02724	0.97276	0
168	Y	0.00000	0.04814	0.95186	0
169	S	0.00000	0.22842	0.77158	0
170	T	0.00000	0.74135	0.25865	0
171	T	0.00000	0.89082	0.10918	0
172	E	0.00000	0.99959	0.00041	0
173	T	0.00000	0.99996	0.00004	0
174	M	0.00000	0.99997	0.00003	0
175	P	0.00000	1	0.00000	0
176	S	0.00000	1	0.00000	0
177	R	0.00000	1	0.00000	0
178	V	0.00000	1	0.00000	0
179	V	0.00000	1	0.00000	0
180	C	0.00000	1	0.00000	0
181	M	0.00000	1	0.00000	0
182	I	0.00000	1	0.00000	0
183	E	0.00000	1	0.00000	0
184	W	0.00000	1	0.00000	0
185	P	0.00000	1	0.00000	0
186	E	0.00000	1	0.00000	0
187	H	0.00000	1	0.00000	0
188	P	0.00000	1	0.00000	0
189	N	0.00000	1	0.00000	0
190	K	0.00000	1	0.00000	0
191	I	0.00000	1	0.00000	0
192	Y	0.00000	0.99997	0.00003	0
193	E	0.00000	0.99997	0.00003	0
194	K	0.00000	0.99932	0.00068	0
195	V	0.00000	0.99468	0.00532	0
196	Y	0.00000	0.99265	0.00735	0
197	H	0.00000	0.99045	0.00955	0
198	I	0.00000	0.98881	0.01119	0
199	C	0.00000	0.98725	0.01275	0
200	V	0.00000	0.74279	0.25721	0
201	T	0.00000	0.6985	0.30150	0
202	V	0.00000	0.66331	0.33669	0
203	L	0.00000	0.00037	0.99963	0
204	I	0.00000	6e-05	0.99994	0
205	Y	0.00000	4e-05	0.99996	0
206	F	0.00000	0	1.00000	0
207	L	0.00000	0	1.00000	0
208	P	0.00000	0	1.00000	0
209	L	0.00000	0	1.00000	0
210	L	0.00000	0	1.00000	0
211	V	0.00000	0	1.00000	0
212	I	0.00000	0	1.00000	0
213	G	0.00000	0	1.00000	0
214	Y	0.00000	0	1.00000	0
215	A	0.00000	0	1.00000	0
216	Y	0.00001	0	0.99999	0
217	T	0.00021	0	0.99979	0
218	V	0.00036	0	0.99964	0
219	V	0.00285	0	0.99715	0
220	G	0.00538	0	0.99462	0
221	I	0.00666	0	0.99334	0
222	T	0.00833	0	0.99167	0
223	L	0.01021	0	0.98979	0
224	W	0.02128	0	0.97872	0
225	A	0.21161	0	0.78839	0
226	S	0.84572	0	0.15428	0
227	E	0.97542	0	0.02458	0
228	I	0.98132	0	0.01868	0
229	P	0.99950	0	0.00050	0
230	G	0.99993	0	0.00007	0
231	D	1.00000	0	0.00000	0
232	S	1.00000	0	0.00000	0
233	S	1.00000	0	0.00000	0
234	D	1.00000	0	0.00000	0
235	R	1.00000	0	0.00000	0
236	Y	1.00000	0	0.00000	0
237	H	1.00000	0	0.00000	0
238	E	1.00000	0	0.00000	0
239	Q	1.00000	0	0.00000	0
240	V	1.00000	0	0.00000	0
241	S	1.00000	0	0.00000	0
242	A	0.99998	0	0.00002	0
243	K	0.99985	0	0.00015	0
244	R	0.98648	0	0.01352	0
245	K	0.79018	0	0.20982	0
246	V	0.74421	0	0.25579	0
247	V	0.35159	0	0.64841	0
248	K	0.24951	0	0.75049	0
249	M	0.06460	0	0.93540	0
250	M	0.00507	0	0.99493	0
251	I	0.00005	0	0.99995	0
252	V	0.00002	0	0.99998	0
253	V	0.00000	0	1.00000	0
254	V	0.00000	0	1.00000	0
255	C	0.00000	0	1.00000	0
256	T	0.00000	0	1.00000	0
257	F	0.00000	0	1.00000	0
258	A	0.00000	0	1.00000	0
259	I	0.00000	0	1.00000	0
260	C	0.00000	0	1.00000	0
261	W	0.00000	0	1.00000	0
262	L	0.00000	0	1.00000	0
263	P	0.00000	0	1.00000	0
264	F	0.00000	0	1.00000	0
265	H	0.00000	0	1.00000	0
266	I	0.00000	5e-05	0.99995	0
267	F	0.00000	0.00054	0.99946	0
268	F	0.00000	0.00501	0.99499	0
269	L	0.00000	0.07952	0.92048	0
270	L	0.00000	0.50156	0.49844	0
271	P	0.00000	0.68076	0.31924	0
272	Y	0.00000	0.74838	0.25162	0
273	I	0.00000	0.8139	0.18610	0
274	N	0.00000	0.98273	0.01727	0
275	P	0.00000	0.99725	0.00275	0
276	D	0.00000	0.99998	0.00002	0
277	L	0.00000	0.99999	0.00001	0
278	Y	0.00000	0.99999	0.00001	0
279	L	0.00000	0.99999	0.00001	0
280	K	0.00000	1	0.00000	0
281	K	0.00000	1	0.00000	0
282	F	0.00000	0.99981	0.00019	0
283	I	0.00000	0.99958	0.00042	0
284	Q	0.00000	0.99929	0.00071	0
285	Q	0.00000	0.99793	0.00207	0
286	V	0.00000	0.99035	0.00965	0
287	Y	0.00000	0.98338	0.01662	0
288	L	0.00000	0.11839	0.88161	0
289	A	0.00000	0.0071	0.99290	0
290	I	0.00000	0.00036	0.99964	0
291	M	0.00000	0	1.00000	0
292	W	0.00000	0	1.00000	0
293	L	0.00000	0	1.00000	0
294	A	0.00000	0	1.00000	0
295	M	0.00000	0	1.00000	0
296	S	0.00000	0	1.00000	0
297	S	0.00000	0	1.00000	0
298	T	0.00000	0	1.00000	0
299	M	0.00000	0	1.00000	0
300	Y	0.00000	0	1.00000	0
301	N	0.00000	0	1.00000	0
302	P	0.00000	0	1.00000	0
303	I	0.00000	0	1.00000	0
304	I	0.00001	0	0.99999	0
305	Y	0.00002	0	0.99998	0
306	C	0.00004	0	0.99996	0
307	C	0.00081	0	0.99919	0
308	L	0.06966	0	0.93034	0
309	N	0.93369	0	0.06631	0
310	D	0.99722	0	0.00278	0
311	R	1.00000	0	0.00000	0
312	F	1.00000	0	0.00000	0
313	R	1.00000	0	0.00000	0
314	L	1.00000	0	0.00000	0
315	G	1.00000	0	0.00000	0
316	F	1.00000	0	0.00000	0
317	K	1.00000	0	0.00000	0
318	H	1.00000	0	0.00000	0
319	A	1.00000	0	0.00000	0
320	F	1.00000	0	0.00000	0
321	R	1.00000	0	0.00000	0
322	C	1.00000	0	0.00000	0
323	C	1.00000	0	0.00000	0
324	P	1.00000	0	0.00000	0
325	F	1.00000	0	0.00000	0
326	I	1.00000	0	0.00000	0
327	S	1.00000	0	0.00000	0
328	A	1.00000	0	0.00000	0
329	G	1.00000	0	0.00000	0
330	D	1.00000	0	0.00000	0
331	Y	1.00000	0	0.00000	0
332	E	1.00000	0	0.00000	0
333	G	1.00000	0	0.00000	0
334	L	1.00000	0	0.00000	0
335	E	1.00000	0	0.00000	0
336	M	1.00000	0	0.00000	0
337	K	1.00000	0	0.00000	0
338	S	1.00000	0	0.00000	0
339	T	1.00000	0	0.00000	0
340	R	1.00000	0	0.00000	0
341	Y	1.00000	0	0.00000	0
342	L	1.00000	0	0.00000	0
343	Q	1.00000	0	0.00000	0
344	T	1.00000	0	0.00000	0
345	Q	1.00000	0	0.00000	0
346	G	1.00000	0	0.00000	0
347	S	1.00000	0	0.00000	0
348	V	1.00000	0	0.00000	0
349	Y	1.00000	0	0.00000	0
350	K	1.00000	0	0.00000	0
351	V	1.00000	0	0.00000	0
352	S	1.00000	0	0.00000	0
353	R	1.00000	0	0.00000	0
354	L	1.00000	0	0.00000	0
355	E	1.00000	0	0.00000	0
356	T	1.00000	0	0.00000	0
357	T	1.00000	0	0.00000	0
358	I	1.00000	0	0.00000	0
359	S	1.00000	0	0.00000	0
360	T	1.00000	0	0.00000	0
361	V	1.00000	0	0.00000	0
362	V	1.00000	0	0.00000	0
363	G	1.00000	0	0.00000	0
364	A	1.00000	0	0.00000	0
365	H	1.00000	0	0.00000	0
366	E	1.00000	0	0.00000	0
367	E	1.00000	0	0.00000	0
368	E	1.00000	0	0.00000	0
369	P	1.00000	0	0.00000	0
370	E	1.00000	0	0.00000	0
371	D	1.00000	0	0.00000	0
372	G	1.00000	0	0.00000	0
373	P	1.00000	0	0.00000	0
374	K	1.00000	0	0.00000	0
375	A	1.00000	0	0.00000	0
376	T	1.00000	0	0.00000	0
377	P	1.00000	0	0.00000	0
378	S	1.00000	0	0.00000	0
379	S	1.00000	0	0.00000	0
380	L	1.00000	0	0.00000	0
381	D	1.00000	0	0.00000	0
382	L	1.00000	0	0.00000	0
383	T	1.00000	0	0.00000	0
384	S	1.00000	0	0.00000	0
385	N	1.00000	0	0.00000	0
386	C	1.00000	0	0.00000	0
387	S	1.00000	0	0.00000	0
388	S	1.00000	0	0.00000	0
389	R	1.00000	0	0.00000	0
390	S	1.00000	0	0.00000	0
391	D	1.00000	0	0.00000	0
392	S	1.00000	0	0.00000	0
393	K	1.00000	0	0.00000	0
394	T	1.00000	0	0.00000	0
395	M	1.00000	0	0.00000	0
396	T	1.00000	0	0.00000	0
397	E	1.00000	0	0.00000	0
398	S	1.00000	0	0.00000	0
399	F	1.00000	0	0.00000	0
400	S	1.00000	0	0.00000	0
401	F	1.00000	0	0.00000	0
402	S	1.00000	0	0.00000	0
403	S	1.00000	0	0.00000	0
404	N	1.00000	0	0.00000	0
405	V	1.00000	0	0.00000	0
406	L	1.00000	0	0.00000	0
407	S	1.00000	0	0.00000	0
