# UNNAMED
#pos	aa	i	o	M	S
1	M	0.00000	1	0.00000	0
2	Y	0.00000	1	0.00000	0
3	V	0.00000	1	0.00000	0
4	S	0.00000	1	0.00000	0
5	N	0.00000	1	0.00000	0
6	C	0.00000	1	0.00000	0
7	N	0.00000	1	0.00000	0
8	P	0.00000	1	0.00000	0
9	C	0.00000	1	0.00000	0
10	A	0.00000	1	0.00000	0
11	I	0.00000	1	0.00000	0
12	H	0.00000	1	0.00000	0
13	R	0.00000	1	0.00000	0
14	K	0.00000	1	0.00000	0
15	I	0.00000	1	0.00000	0
16	N	0.00000	1	0.00000	0
17	Y	0.00000	1	0.00000	0
18	P	0.00000	1	0.00000	0
19	N	0.00000	1	0.00000	0
20	T	0.00000	1	0.00000	0
21	K	0.00000	1	0.00000	0
22	L	0.00000	1	0.00000	0
23	D	0.00000	1	0.00000	0
24	F	0.00000	1	0.00000	0
25	E	0.00000	1	0.00000	0
26	Q	0.00000	1	0.00000	0
27	V	0.00000	1	0.00000	0
28	N	0.00000	1	0.00000	0
29	N	0.00000	1	0.00000	0
30	I	0.00000	1	0.00000	0
31	T	0.00000	1	0.00000	0
32	E	0.00000	1	0.00000	0
33	F	0.00000	1	0.00000	0
34	I	0.00000	1	0.00000	0
35	L	0.00000	1	0.00000	0
36	L	0.00000	1	0.00000	0
37	G	0.00000	1	0.00000	0
38	L	0.00000	1	0.00000	0
39	T	0.00000	1	0.00000	0
40	Q	0.00000	1	0.00000	0
41	N	0.00000	1	0.00000	0
42	A	0.00000	0.99998	0.00002	0
43	E	0.00000	0.99997	0.00003	0
44	A	0.00000	0.99952	0.00048	0
45	Q	0.00000	0.99857	0.00143	0
46	K	0.00000	0.99348	0.00652	0
47	L	0.00000	0.70371	0.29629	0
48	L	0.00000	0.41013	0.58987	0
49	F	0.00000	0.16197	0.83803	0
50	A	0.00000	0.13453	0.86547	0
51	V	0.00000	0.11282	0.88718	0
52	F	0.00000	0.00794	0.99206	0
53	T	0.00000	0.00051	0.99949	0
54	L	0.00000	5e-05	0.99995	0
55	I	0.00000	0	1.00000	0
56	Y	0.00000	0	1.00000	0
57	F	0.00000	0	1.00000	0
58	L	0.00000	0	1.00000	0
59	T	0.00000	0	1.00000	0
60	M	0.00000	0	1.00000	0
61	V	0.00000	0	1.00000	0
62	D	0.00000	0	1.00000	0
63	N	0.00000	0	1.00000	0
64	L	0.00000	0	1.00000	0
65	I	0.00000	0	1.00000	0
66	I	0.00000	0	1.00000	0
67	V	0.00017	0	0.99983	0
68	V	0.00488	0	0.99512	0
69	T	0.20338	0	0.79662	0
70	I	0.28337	0	0.71663	0
71	T	0.88588	0	0.11412	0
72	T	0.98097	0	0.01903	0
73	S	0.99794	0	0.00206	0
74	P	0.99987	0	0.00013	0
75	A	0.99994	0	0.00006	0
76	L	0.99996	0	0.00004	0
77	D	1.00000	0	0.00000	0
78	S	1.00000	0	0.00000	0
79	P	1.00000	0	0.00000	0
80	V	0.38831	0	0.61169	0
81	Y	0.18051	0	0.81949	0
82	F	0.02615	0	0.97385	0
83	F	0.00055	0	0.99945	0
84	L	0.00010	0	0.99990	0
85	S	0.00007	0	0.99993	0
86	F	0.00000	0	1.00000	0
87	F	0.00000	0	1.00000	0
88	S	0.00000	0	1.00000	0
89	F	0.00000	0	1.00000	0
90	I	0.00000	0	1.00000	0
91	D	0.00000	0	1.00000	0
92	G	0.00000	0	1.00000	0
93	C	0.00000	0	1.00000	0
94	S	0.00000	0	1.00000	0
95	S	0.00000	0	1.00000	0
96	S	0.00000	0	1.00000	0
97	T	0.00000	0	1.00000	0
98	M	0.00000	0	1.00000	0
99	A	0.00000	1e-05	0.99999	0
100	P	0.00000	0.00033	0.99967	0
101	K	0.00000	0.00582	0.99418	0
102	M	0.00000	0.01609	0.98391	0
103	I	0.00000	0.08836	0.91164	0
104	F	0.00000	0.23912	0.76088	0
105	D	0.00000	0.99997	0.00003	0
106	L	0.00000	1	0.00000	0
107	L	0.00000	1	0.00000	0
108	T	0.00000	1	0.00000	0
109	E	0.00000	1	0.00000	0
110	K	0.00000	1	0.00000	0
111	K	0.00000	1	0.00000	0
112	T	0.00000	1	0.00000	0
113	I	0.00000	0.99999	0.00001	0
114	S	0.00000	0.99999	0.00001	0
115	F	0.00000	0.99996	0.00004	0
116	S	0.00000	0.99995	0.00005	0
117	G	0.00000	0.99857	0.00143	0
118	C	0.00000	0.99314	0.00686	0
119	M	0.00000	0.77032	0.22968	0
120	T	0.00000	0.47088	0.52912	0
121	Q	0.00000	0.47088	0.52912	0
122	L	0.00000	0.47083	0.52917	0
123	F	0.00000	0.47081	0.52919	0
124	V	0.00000	0.47081	0.52919	0
125	E	0.00000	0.47081	0.52919	0
126	H	0.00000	0.04421	0.95579	0
127	F	0.00000	1e-05	0.99999	0
128	F	0.00000	1e-05	0.99999	0
129	G	0.00000	1e-05	0.99999	0
130	G	0.00000	1e-05	0.99999	0
131	V	0.00000	1e-05	0.99999	0
132	E	0.00000	1e-05	0.99999	0
133	I	0.00000	0	1.00000	0
134	I	0.00000	0	1.00000	0
135	L	0.00000	0	1.00000	0
136	L	0.00000	0	1.00000	0
137	V	0.00000	0	1.00000	0
138	V	0.00000	0	1.00000	0
139	M	0.00001	0	0.99999	0
140	A	0.00002	0	0.99998	0
141	Y	0.00009	0	0.99991	0
142	D	0.00126	0	0.99874	0
143	C	0.13100	0	0.86900	0
144	Y	0.22692	0	0.77308	0
145	V	0.72467	0	0.27533	0
146	A	0.95070	0	0.04930	0
147	I	0.99976	0	0.00024	0
148	C	0.99985	0	0.00015	0
149	K	0.99999	0	0.00001	0
150	P	0.99999	0	0.00001	0
151	L	0.99999	0	0.00001	0
152	Y	0.99999	0	0.00001	0
153	Y	0.99999	0	0.00001	0
154	L	0.99999	0	0.00001	0
155	I	0.99999	0	0.00001	0
156	T	1.00000	0	0.00000	0
157	M	0.99999	0	0.00001	0
158	N	0.99998	0	0.00002	0
159	R	0.99990	0	0.00010	0
160	Q	0.99516	0	0.00484	0
161	V	0.30175	0	0.69825	0
162	C	0.01284	0	0.98716	0
163	G	0.00874	0	0.99126	0
164	L	0.00084	0	0.99916	0
165	L	0.00020	0	0.99980	0
166	V	0.00011	0	0.99989	0
167	A	0.00009	0	0.99991	0
168	M	0.00002	0	0.99998	0
169	A	0.00001	0	0.99999	0
170	W	0.00001	0	0.99999	0
171	V	0.00001	0	0.99999	0
172	G	0.00000	0	1.00000	0
173	G	0.00000	0	1.00000	0
174	F	0.00000	0	1.00000	0
175	L	0.00000	0	1.00000	0
176	H	0.00000	0	1.00000	0
177	A	0.00000	0	1.00000	0
178	L	0.00000	0	1.00000	0
179	I	0.00000	7e-05	0.99993	0
180	Q	0.00000	0.01252	0.98748	0
181	M	0.00000	0.03537	0.96463	0
182	L	0.00000	0.06646	0.93354	0
183	L	0.00000	0.17367	0.82633	0
184	I	0.00000	0.4493	0.55070	0
185	V	0.00000	0.8517	0.14830	0
186	W	0.00000	0.97231	0.02769	0
187	L	0.00000	0.98857	0.01143	0
188	P	0.00000	0.99923	0.00077	0
189	F	0.00000	0.99966	0.00034	0
190	C	0.00000	0.99999	0.00001	0
191	G	0.00000	0.99999	0.00001	0
192	P	0.00000	0.99999	0.00001	0
193	N	0.00000	1	0.00000	0
194	V	0.00000	1	0.00000	0
195	I	0.00000	1	0.00000	0
196	D	0.00000	1	0.00000	0
197	H	0.00000	1	0.00000	0
198	F	0.00000	1	0.00000	0
199	I	0.00000	1	0.00000	0
200	C	0.00000	1	0.00000	0
201	D	0.00000	1	0.00000	0
202	L	0.00000	1	0.00000	0
203	F	0.00000	1	0.00000	0
204	P	0.00000	1	0.00000	0
205	L	0.00000	1	0.00000	0
206	L	0.00000	1	0.00000	0
207	K	0.00000	1	0.00000	0
208	L	0.00000	1	0.00000	0
209	S	0.00000	1	0.00000	0
210	C	0.00000	1	0.00000	0
211	T	0.00000	0.99999	0.00001	0
212	D	0.00000	0.9998	0.00020	0
213	T	0.00000	0.999	0.00100	0
214	H	0.00000	0.99618	0.00382	0
215	V	0.00000	0.96456	0.03544	0
216	F	0.00000	0.948	0.05200	0
217	G	0.00000	0.93814	0.06186	0
218	L	0.00000	0.18346	0.81654	0
219	F	0.00000	0.03025	0.96975	0
220	V	0.00000	0.00034	0.99966	0
221	A	0.00000	0.00027	0.99973	0
222	A	0.00000	2e-05	0.99998	0
223	N	0.00000	0	1.00000	0
224	S	0.00000	0	1.00000	0
225	G	0.00000	0	1.00000	0
226	L	0.00000	0	1.00000	0
227	M	0.00000	0	1.00000	0
228	C	0.00000	0	1.00000	0
229	M	0.00000	0	1.00000	0
230	L	0.00000	0	1.00000	0
231	I	0.00000	0	1.00000	0
232	F	0.00000	0	1.00000	0
233	S	0.00000	0	1.00000	0
234	I	0.00000	0	1.00000	0
235	L	0.00003	0	0.99997	0
236	I	0.00040	0	0.99960	0
237	T	0.00536	0	0.99464	0
238	S	0.00864	0	0.99136	0
239	Y	0.01046	0	0.98954	0
240	V	0.01852	0	0.98148	0
241	L	0.04561	0	0.95439	0
242	I	0.09840	0	0.90160	0
243	L	0.26311	0	0.73689	0
244	C	0.89258	0	0.10742	0
245	S	0.99740	0	0.00260	0
246	Q	0.99999	0	0.00001	0
247	R	0.99990	0	0.00010	0
248	K	0.99811	0	0.00189	0
249	A	0.99616	0	0.00384	0
250	L	0.99538	0	0.00462	0
251	S	0.94386	0	0.05614	0
252	T	0.94303	0	0.05697	0
253	C	0.76982	0	0.23018	0
254	A	0.48594	0	0.51406	0
255	F	0.23313	0	0.76687	0
256	H	0.17228	0	0.82772	0
257	I	0.05689	0	0.94311	0
258	T	0.01709	0	0.98291	0
259	V	0.00762	0	0.99238	0
260	V	0.00014	0	0.99986	0
261	V	0.00000	0	1.00000	0
262	L	0.00000	0	1.00000	0
263	F	0.00000	0	1.00000	0
264	F	0.00000	0	1.00000	0
265	V	0.00000	0	1.00000	0
266	P	0.00000	0	1.00000	0
267	C	0.00000	0	1.00000	0
268	I	0.00000	0	1.00000	0
269	L	0.00000	0	1.00000	0
270	V	0.00000	1e-05	0.99999	0
271	Y	0.00000	7e-05	0.99993	0
272	L	0.00000	0.00061	0.99939	0
273	R	0.00000	0.0771	0.92290	0
274	P	0.00000	0.09311	0.90689	0
275	M	0.00000	0.1068	0.89320	0
276	I	0.00000	0.30758	0.69242	0
277	T	0.00000	0.63536	0.36464	0
278	F	0.00000	0.87022	0.12978	0
279	P	0.00000	0.91727	0.08273	0
280	I	0.00000	0.84751	0.15249	0
281	D	0.00000	0.88565	0.11435	0
282	K	0.00000	0.65653	0.34347	0
283	A	0.00000	0.06561	0.93439	0
284	V	0.00000	0.00039	0.99961	0
285	S	0.00000	0	1.00000	0
286	V	0.00000	0	1.00000	0
287	F	0.00000	0	1.00000	0
288	Y	0.00000	0	1.00000	0
289	T	0.00000	0	1.00000	0
290	V	0.00000	0	1.00000	0
291	V	0.00000	0	1.00000	0
292	T	0.00000	0	1.00000	0
293	P	0.00000	0	1.00000	0
294	M	0.00000	0	1.00000	0
295	L	0.00000	0	1.00000	0
296	N	0.00000	0	1.00000	0
297	P	0.00000	0	1.00000	0
298	L	0.00001	0	0.99999	0
299	I	0.00008	0	0.99992	0
300	Y	0.00069	0	0.99931	0
301	T	0.02001	0	0.97999	0
302	L	0.07940	0	0.92060	0
303	R	1.00000	0	0.00000	0
304	N	1.00000	0	0.00000	0
305	T	1.00000	0	0.00000	0
306	E	1.00000	0	0.00000	0
307	V	1.00000	0	0.00000	0
308	K	1.00000	0	0.00000	0
309	N	1.00000	0	0.00000	0
310	A	1.00000	0	0.00000	0
311	M	1.00000	0	0.00000	0
312	K	1.00000	0	0.00000	0
313	Q	1.00000	0	0.00000	0
314	L	1.00000	0	0.00000	0
315	W	1.00000	0	0.00000	0
316	S	1.00000	0	0.00000	0
317	Q	1.00000	0	0.00000	0
318	I	1.00000	0	0.00000	0
319	I	1.00000	0	0.00000	0
320	W	1.00000	0	0.00000	0
321	G	1.00000	0	0.00000	0
322	N	1.00000	0	0.00000	0
323	N	1.00000	0	0.00000	0
324	L	1.00000	0	0.00000	0
325	C	1.00000	0	0.00000	0
326	D	1.00000	0	0.00000	0
