# UNNAMED
#pos	aa	i	o	M	S
1	M	0.00000	0.0815	0.00000	0.9185
2	Y	0.00000	0.0815	0.00000	0.9185
3	S	0.00000	0.0815	0.00000	0.91851
4	F	0.00000	0.0815	0.00000	0.9185
5	N	0.00000	0.0815	0.00000	0.9185
6	T	0.00000	0.0815	0.00000	0.91851
7	L	0.00000	0.0815	0.00000	0.91851
8	R	0.00000	0.0815	0.00000	0.91851
9	L	0.00000	0.0815	0.00000	0.9185
10	Y	0.00000	0.0815	0.00000	0.91851
11	L	0.00000	0.0815	0.00000	0.91851
12	W	0.00000	0.0815	0.00000	0.9185
13	E	0.00000	0.0815	0.00000	0.9185
14	T	0.00000	0.0815	0.00000	0.9185
15	I	0.00000	0.0815	0.00000	0.9185
16	V	0.00000	0.0815	0.00000	0.9185
17	F	0.00000	0.0815	0.00000	0.91849
18	F	0.00000	0.0815	0.00000	0.9185
19	S	0.00000	0.08152	0.00000	0.91848
20	L	0.00000	0.08152	0.00000	0.91848
21	A	0.00000	0.08152	0.00000	0.91847
22	A	0.00000	0.13896	0.00000	0.86103
23	S	0.00000	0.17637	0.00000	0.82363
24	K	0.00000	0.80024	0.00000	0.19977
25	E	0.00000	0.80035	0.00000	0.19966
26	A	0.00000	0.83005	0.00000	0.16994
27	E	0.00000	0.83015	0.00000	0.16985
28	A	0.00000	0.83015	0.00000	0.16984
29	A	0.00000	0.99729	0.00000	0.00272
30	R	0.00000	0.99728	0.00000	0.00272
31	S	0.00000	0.99728	0.00000	0.00271
32	A	0.00000	1	0.00000	0
33	P	0.00000	1	0.00000	0
34	K	0.00000	1	0.00000	0
35	P	0.00000	1	0.00000	0
36	M	0.00000	1	0.00000	0
37	S	0.00000	1	0.00000	0
38	P	0.00000	1	0.00000	0
39	S	0.00000	1	0.00000	0
40	D	0.00000	1	0.00000	0
41	F	0.00000	1	0.00000	0
42	L	0.00000	1	0.00000	0
43	D	0.00000	1	0.00000	0
44	K	0.00000	1	0.00000	0
45	L	0.00000	1	0.00000	0
46	M	0.00000	1	0.00000	0
47	G	0.00000	1	0.00000	0
48	R	0.00000	1	0.00000	0
49	T	0.00000	1	0.00000	0
50	S	0.00000	1	0.00000	0
51	G	0.00000	1	0.00000	0
52	Y	0.00000	1	0.00000	0
53	D	0.00000	1	0.00000	0
54	A	0.00000	1	0.00000	0
55	R	0.00000	1	0.00000	0
56	I	0.00000	1	0.00000	0
57	R	0.00000	1	0.00000	0
58	P	0.00000	1	0.00000	0
59	N	0.00000	1	0.00000	0
60	F	0.00000	1	0.00000	0
61	K	0.00000	1	0.00000	0
62	G	0.00000	0.99999	0.00001	0
63	P	0.00000	0.99998	0.00002	0
64	P	0.00000	0.99996	0.00004	0
65	V	0.00000	0.99995	0.00005	0
66	N	0.00000	0.99995	0.00005	0
67	V	0.00000	0.99994	0.00006	0
68	S	0.00000	0.99993	0.00007	0
69	C	0.00000	0.99988	0.00012	0
70	N	0.00000	0.99987	0.00013	0
71	I	0.00000	0.99979	0.00021	0
72	F	0.00000	0.99978	0.00022	0
73	I	0.00000	0.99978	0.00022	0
74	N	0.00000	0.99978	0.00022	0
75	S	0.00000	0.99978	0.00022	0
76	F	0.00000	0.99978	0.00022	0
77	G	0.00000	0.99978	0.00022	0
78	S	0.00000	0.99978	0.00022	0
79	I	0.00000	0.99978	0.00022	0
80	A	0.00000	0.99978	0.00022	0
81	E	0.00000	0.99978	0.00022	0
82	T	0.00000	0.99978	0.00022	0
83	T	0.00000	0.99978	0.00022	0
84	M	0.00000	0.99978	0.00022	0
85	D	0.00000	0.99978	0.00021	0
86	Y	0.00000	0.99978	0.00021	0
87	R	0.00002	0.99978	0.00020	0
88	V	0.00002	0.99978	0.00020	0
89	N	0.00005	0.99978	0.00017	0
90	I	0.00005	0.99978	0.00016	0
91	F	0.00019	0.99978	0.00003	0
92	L	0.00021	0.99978	0.00001	0
93	R	0.00022	0.99978	0.00000	0
94	Q	0.00022	0.99978	0.00000	0
95	Q	0.00022	0.99978	0.00000	0
96	W	0.00022	0.99978	0.00000	0
97	N	0.00022	0.99978	0.00000	0
98	D	0.00022	0.99978	0.00000	0
99	P	0.00022	0.99978	0.00000	0
100	R	0.00021	0.99978	0.00001	0
101	L	0.00005	0.99978	0.00017	0
102	A	0.00000	0.99978	0.00022	0
103	Y	0.00000	0.99978	0.00022	0
104	N	0.00000	0.99978	0.00022	0
105	E	0.00000	0.99978	0.00022	0
106	Y	0.00000	0.99978	0.00022	0
107	P	0.00000	0.99978	0.00022	0
108	D	0.00000	0.99978	0.00022	0
109	D	0.00000	0.99978	0.00022	0
110	S	0.00000	0.99978	0.00022	0
111	L	0.00000	0.99978	0.00022	0
112	D	0.00000	0.99978	0.00022	0
113	L	0.00000	0.99978	0.00022	0
114	D	0.00000	0.99978	0.00022	0
115	P	0.00000	0.99978	0.00022	0
116	S	0.00000	0.99978	0.00022	0
117	M	0.00000	0.99978	0.00022	0
118	L	0.00000	0.99978	0.00022	0
119	D	0.00000	0.9998	0.00020	0
120	S	0.00000	0.80315	0.19685	0
121	I	0.00000	0.80315	0.19685	0
122	W	0.00000	0.80315	0.19685	0
123	K	0.00000	0.80316	0.19684	0
124	P	0.00000	0.80317	0.19683	0
125	D	0.00000	0.80321	0.19679	0
126	L	0.00000	0.80322	0.19678	0
127	F	0.00000	0.80323	0.19677	0
128	F	0.00000	0.80323	0.19677	0
129	A	0.00000	0.80323	0.19677	0
130	N	0.00000	0.80323	0.19677	0
131	E	0.00000	0.80323	0.19677	0
132	K	0.00000	0.80323	0.19677	0
133	G	0.00000	0.80323	0.19677	0
134	A	0.00000	0.80323	0.19677	0
135	H	0.00000	0.80323	0.19677	0
136	F	0.00000	0.80323	0.19677	0
137	H	0.00004	0.80323	0.19673	0
138	E	0.00051	0.80323	0.19626	0
139	I	0.00276	0.80323	0.19401	0
140	T	0.18937	0.80323	0.00740	0
141	T	0.19533	0.80323	0.00144	0
142	D	0.19676	0.80323	0.00001	0
143	N	0.19676	0.80302	0.00021	0
144	K	0.19676	0.79265	0.01059	0
145	L	0.19676	0.62624	0.17700	0
146	L	0.19676	0.31999	0.48325	0
147	R	0.19676	0.3129	0.49033	0
148	I	0.19666	0.27076	0.53258	0
149	S	0.19656	0.27062	0.53282	0
150	R	0.19609	0.27048	0.53343	0
151	N	0.12829	0.26981	0.60190	0
152	G	0.02736	0.1223	0.85034	0
153	N	0.00582	0.1099	0.88427	0
154	V	0.00016	0.0271	0.97274	0
155	L	0.00001	0.00267	0.99731	0
156	Y	0.00000	0.00012	0.99988	0
157	S	0.00000	6e-05	0.99994	0
158	I	0.00000	4e-05	0.99995	0
159	R	0.00000	4e-05	0.99995	0
160	I	0.00000	1e-05	0.99999	0
161	T	0.00000	0	0.99999	0
162	L	0.00000	0	0.99999	0
163	T	0.00026	0	0.99974	0
164	L	0.00168	0	0.99832	0
165	A	0.00492	0	0.99508	0
166	C	0.02740	0	0.97260	0
167	P	0.39216	0	0.60784	0
168	M	0.42839	0	0.57161	0
169	D	0.52716	2e-05	0.47282	0
170	L	0.53115	3e-05	0.46882	0
171	K	0.66978	0.00056	0.32966	0
172	N	0.68988	0.18161	0.12851	0
173	F	0.70452	0.18164	0.11384	0
174	P	0.79733	0.18177	0.02090	0
175	M	0.80092	0.18355	0.01552	0
176	D	0.80175	0.19654	0.00172	0
177	V	0.79093	0.19657	0.01250	0
178	Q	0.76958	0.19673	0.03369	0
179	T	0.64244	0.19677	0.16079	0
180	C	0.06938	0.19677	0.73385	0
181	I	0.00114	0.19677	0.80209	0
182	M	0.00075	0.19677	0.80249	0
183	Q	0.00064	0.19677	0.80259	0
184	L	0.00053	0.19677	0.80270	0
185	E	0.00050	0.19677	0.80273	0
186	S	0.00045	0.19677	0.80278	0
187	F	0.00022	0.19677	0.80301	0
188	G	0.00018	0.19677	0.80305	0
189	Y	0.00017	0.19677	0.80306	0
190	T	0.00017	0.19677	0.80306	0
191	M	0.00016	0.19677	0.80308	0
192	N	0.00015	0.19678	0.80307	0
193	D	0.00015	0.19681	0.80304	0
194	L	0.00003	0.19682	0.80315	0
195	I	0.00000	0.19684	0.80316	0
196	F	0.00000	0.19712	0.80288	0
197	E	0.00000	0.19947	0.80053	0
198	W	0.00000	0.20218	0.79782	0
199	Q	0.00000	0.4221	0.57790	0
200	E	0.00000	0.9095	0.09050	0
201	Q	0.00000	0.95437	0.04563	0
202	G	0.00000	0.97202	0.02798	0
203	A	0.00000	0.99235	0.00765	0
204	V	0.00000	0.83535	0.16465	0
205	Q	0.00000	0.81636	0.18364	0
206	V	0.00000	0.8032	0.19680	0
207	A	0.00000	0.8032	0.19680	0
208	D	0.00000	0.80333	0.19667	0
209	G	0.00000	0.80334	0.19666	0
210	L	0.00000	0.80334	0.19666	0
211	T	0.00000	0.80333	0.19667	0
212	L	0.00000	0.80331	0.19669	0
213	P	0.00000	0.80331	0.19669	0
214	Q	0.00000	0.80333	0.19667	0
215	F	0.00000	0.80334	0.19666	0
216	I	0.00000	0.80336	0.19664	0
217	L	0.00000	0.8034	0.19660	0
218	K	0.00000	0.80348	0.19652	0
219	E	0.00000	0.80348	0.19652	0
220	E	0.00000	0.80348	0.19652	0
221	K	0.00000	0.6843	0.31570	0
222	D	0.00000	0.43857	0.56143	0
223	L	0.00132	0.23818	0.76050	0
224	R	0.01005	0.21283	0.77713	0
225	Y	0.04044	0.09213	0.86742	0
226	C	0.16269	0.00297	0.83434	0
227	T	0.19630	0.00131	0.80240	0
228	K	0.19642	0.00129	0.80229	0
229	H	0.19648	0.00127	0.80225	0
230	Y	0.19648	0.00127	0.80225	0
231	N	0.19648	0.00127	0.80225	0
232	T	0.19648	0.00127	0.80225	0
233	G	0.19651	0.00127	0.80222	0
234	K	0.19652	0.00127	0.80221	0
235	F	0.19652	0.00127	0.80221	0
236	T	0.19652	0.00127	0.80221	0
237	C	0.19652	0.00127	0.80221	0
238	I	0.19652	0.00127	0.80221	0
239	E	0.19709	0.00127	0.80164	0
240	A	0.21479	0.00127	0.78394	0
241	R	0.21586	0.00127	0.78287	0
242	F	0.22470	0.00127	0.77403	0
243	H	0.41346	0.00127	0.58527	0
244	L	0.58399	0.00127	0.41474	0
245	E	0.59757	0.00127	0.40116	0
246	R	0.99816	0.00084	0.00100	0
247	Q	0.99642	0.00045	0.00313	0
248	M	0.89773	0.00022	0.10204	0
249	G	0.83383	0.00019	0.16598	0
250	Y	0.80684	7e-05	0.19309	0
251	Y	0.80161	2e-05	0.19838	0
252	L	0.79305	1e-05	0.20693	0
253	I	0.78342	0	0.21658	0
254	Q	0.78311	0	0.21689	0
255	M	0.77356	0	0.22644	0
256	Y	0.76628	0	0.23372	0
257	I	0.76151	0	0.23849	0
258	P	0.75949	0	0.24051	0
259	S	0.60879	0	0.39121	0
260	L	0.11685	0	0.88315	0
261	L	0.01395	0	0.98605	0
262	I	0.00295	0	0.99705	0
263	V	0.00031	0	0.99969	0
264	I	0.00002	0	0.99998	0
265	L	0.00007	0	0.99993	0
266	S	0.00034	3e-05	0.99964	0
267	W	0.00041	0.00019	0.99939	0
268	I	0.00088	0.00223	0.99689	0
269	S	0.00105	0.02735	0.97160	0
270	F	0.00105	0.04465	0.95430	0
271	W	0.00105	0.10061	0.89834	0
272	I	0.00108	0.14303	0.85589	0
273	N	0.00119	0.19922	0.79959	0
274	M	0.00121	0.20258	0.79621	0
275	D	0.00127	0.22851	0.77022	0
276	A	0.00127	0.22869	0.77004	0
277	A	0.00126	0.22999	0.76876	0
278	P	0.00125	0.24233	0.75642	0
279	A	0.00091	0.27536	0.72372	0
280	R	0.00088	0.55509	0.44403	0
281	V	0.00023	0.66648	0.33329	0
282	G	0.00020	0.87306	0.12674	0
283	L	0.00015	0.8987	0.10115	0
284	G	0.00015	0.99303	0.00683	0
285	I	0.00014	0.99852	0.00134	0
286	T	0.00014	0.99869	0.00117	0
287	T	0.00014	0.99871	0.00115	0
288	V	0.00014	0.99871	0.00115	0
289	L	0.00013	0.99872	0.00115	0
290	T	0.00013	0.99872	0.00114	0
291	M	0.00013	0.99872	0.00114	0
292	T	0.00013	0.99873	0.00114	0
293	T	0.00013	0.99873	0.00114	0
294	Q	0.00013	0.99873	0.00114	0
295	S	0.00013	0.99873	0.00114	0
296	S	0.00013	0.99873	0.00113	0
297	G	0.00013	0.99874	0.00112	0
298	S	0.00013	0.99883	0.00104	0
299	R	0.00013	0.99912	0.00074	0
300	A	0.00013	0.99919	0.00068	0
301	S	0.00013	0.99976	0.00010	0
302	L	0.00013	0.99976	0.00010	0
303	P	0.00013	0.9998	0.00007	0
304	K	0.00013	0.99857	0.00130	0
305	V	0.00013	0.99809	0.00177	0
306	S	0.00013	0.998	0.00187	0
307	Y	0.00003	0.65442	0.34554	0
308	V	0.00003	0.65434	0.34562	0
309	K	0.00003	0.65422	0.34575	0
310	A	0.00003	0.62337	0.37660	0
311	I	0.00003	0.61853	0.38144	0
312	D	0.00003	0.61664	0.38333	0
313	I	0.00000	0.00082	0.99918	0
314	W	0.00000	0.00014	0.99986	0
315	M	0.00000	1e-05	0.99999	0
316	A	0.00000	0	1.00000	0
317	V	0.00000	0	1.00000	0
318	C	0.00000	0	1.00000	0
319	L	0.00000	0	1.00000	0
320	L	0.00000	0	1.00000	0
321	F	0.00000	0	1.00000	0
322	V	0.00000	0	1.00000	0
323	F	0.00000	0	1.00000	0
324	S	0.00001	0	0.99999	0
325	A	0.00001	0	0.99999	0
326	L	0.00001	0	0.99999	0
327	L	0.00014	0	0.99985	0
328	E	0.00305	2e-05	0.99693	0
329	Y	0.00365	2e-05	0.99633	0
330	A	0.03933	3e-05	0.96064	0
331	A	0.09543	4e-05	0.90453	0
332	V	0.15149	6e-05	0.84845	0
333	N	0.32807	0.0001	0.67183	0
334	F	0.34417	0.0001	0.65573	0
335	V	0.38901	0.00011	0.61088	0
336	S	0.85001	0.00013	0.14986	0
337	R	0.99222	0.00013	0.00765	0
338	Q	0.99968	0.00013	0.00019	0
339	H	0.99983	0.00013	0.00004	0
340	K	0.99986	0.00013	0.00000	0
341	E	0.99987	0.00013	0.00000	0
342	L	0.99987	0.00013	0.00000	0
343	L	0.99987	0.00013	0.00000	0
344	R	0.99987	0.00013	0.00000	0
345	F	0.99987	0.00013	0.00000	0
346	R	0.99987	0.00013	0.00000	0
347	R	0.99987	0.00013	0.00000	0
348	K	0.99987	0.00013	0.00000	0
349	R	0.99987	0.00013	0.00000	0
350	R	0.99987	0.00013	0.00000	0
351	H	0.99987	0.00013	0.00000	0
352	H	0.99987	0.00013	0.00000	0
353	K	0.99987	0.00013	0.00000	0
354	S	0.99987	0.00013	0.00000	0
355	P	0.99986	0.00013	0.00000	0
356	M	0.99507	0.00013	0.00480	0
357	L	0.99507	0.00013	0.00480	0
358	N	0.99507	0.00013	0.00480	0
359	L	0.99507	0.00013	0.00480	0
360	F	0.99507	0.00013	0.00480	0
361	Q	0.99507	0.00013	0.00480	0
362	E	0.99507	0.00013	0.00480	0
363	D	0.99507	0.00013	0.00480	0
364	E	0.99507	0.00013	0.00480	0
365	A	0.99499	0.00013	0.00488	0
366	G	0.99499	0.00013	0.00488	0
367	E	0.99499	0.00013	0.00488	0
368	G	0.80434	0.00013	0.19553	0
369	R	0.77511	0.00013	0.22476	0
370	F	0.31473	0.00013	0.68514	0
371	N	0.29767	0.00013	0.70220	0
372	F	0.18247	0.00013	0.81739	0
373	S	0.11879	0.00013	0.88108	0
374	A	0.11645	0.00014	0.88342	0
375	Y	0.11644	0.00014	0.88342	0
376	G	0.11640	0.00026	0.88334	0
377	M	0.11640	0.00041	0.88319	0
378	G	0.11636	0.00253	0.88110	0
379	P	0.11636	0.00406	0.87957	0
380	A	0.11601	0.00445	0.87954	0
381	C	0.09349	0.00472	0.90180	0
382	L	0.09349	0.00477	0.90174	0
383	Q	0.09349	0.00486	0.90165	0
384	A	0.09349	0.00488	0.90163	0
385	K	0.09349	0.00502	0.90149	0
386	D	0.09349	0.0057	0.90081	0
387	G	0.00274	0.00689	0.99038	0
388	I	0.00009	0.01172	0.98820	0
389	S	0.00008	0.05698	0.94294	0
390	V	0.00008	0.11746	0.88245	0
391	K	0.00008	0.50224	0.49768	0
392	G	0.00008	0.5392	0.46072	0
393	A	0.00008	0.58675	0.41316	0
394	N	0.00008	0.81026	0.18966	0
395	N	0.00008	0.86797	0.13195	0
396	S	0.00008	0.87844	0.12147	0
397	N	0.00008	0.88235	0.11756	0
398	T	0.00008	0.88327	0.11665	0
399	T	0.00008	0.88359	0.11633	0
400	N	0.00008	0.88535	0.11457	0
401	P	0.00008	0.88772	0.11220	0
402	P	0.00008	0.8927	0.10721	0
403	P	0.00008	0.89621	0.10371	0
404	A	0.00008	0.89809	0.10183	0
405	P	0.00008	0.90406	0.09585	0
406	S	0.00008	0.9097	0.09022	0
407	K	0.00008	0.96675	0.03317	0
408	S	0.00008	0.97394	0.02597	0
409	P	0.00008	0.99278	0.00713	0
410	E	0.00008	0.9993	0.00061	0
411	E	0.00008	0.99982	0.00010	0
412	M	0.00008	0.99984	0.00008	0
413	R	0.00008	0.99991	0.00000	0
414	K	0.00008	0.99992	0.00000	0
415	L	0.00008	0.99992	0.00000	0
416	F	0.00008	0.99992	0.00000	0
417	I	0.00008	0.99992	0.00000	0
418	Q	0.00008	0.99991	0.00000	0
419	R	0.00008	0.99991	0.00000	0
420	A	0.00008	0.99991	0.00001	0
421	K	0.00008	0.99977	0.00015	0
422	K	0.00008	0.99839	0.00153	0
423	I	0.00008	0.99698	0.00294	0
424	D	0.00008	0.95971	0.04020	0
425	K	0.00008	0.25751	0.74241	0
426	I	0.00008	0.0232	0.97672	0
427	S	0.00008	0.00189	0.99803	0
428	R	0.00008	0.00026	0.99966	0
429	I	0.00008	0	0.99992	0
430	G	0.00008	0	0.99992	0
431	F	0.00008	0	0.99992	0
432	P	0.00008	0	0.99992	0
433	M	0.00008	0	0.99992	0
434	A	0.00008	0	0.99992	0
435	F	0.00008	0	0.99992	0
436	L	0.00008	0	0.99992	0
437	I	0.00008	0	0.99992	0
438	F	0.00008	0	0.99992	0
439	N	0.00009	0	0.99991	0
440	M	0.00009	0	0.99991	0
441	F	0.00009	0	0.99991	0
442	Y	0.00014	0	0.99986	0
443	W	0.00036	0	0.99964	0
444	I	0.00170	0	0.99830	0
445	I	0.07829	0	0.92171	0
446	Y	0.40535	0	0.59465	0
447	K	1.00000	0	0.00000	0
448	I	1.00000	0	0.00000	0
449	V	1.00000	0	0.00000	0
450	R	1.00000	0	0.00000	0
451	R	1.00000	0	0.00000	0
452	E	1.00000	0	0.00000	0
453	D	1.00000	0	0.00000	0
454	V	1.00000	0	0.00000	0
455	H	1.00000	0	0.00000	0
456	N	1.00000	0	0.00000	0
457	Q	1.00000	0	0.00000	0
