# UNNAMED
#pos	aa	i	o	M	S
1	M	0.00000	0.99983	0.00000	0.00017
2	A	0.00000	0.99983	0.00000	0.00017
3	E	0.00000	0.99983	0.00000	0.00017
4	T	0.00000	0.99983	0.00000	0.00017
5	L	0.00000	0.99983	0.00000	0.00017
6	Q	0.00000	0.99983	0.00000	0.00017
7	L	0.00000	0.99983	0.00000	0.00017
8	N	0.00000	0.99983	0.00000	0.00017
9	S	0.00000	0.99983	0.00000	0.00016
10	T	0.00000	0.99983	0.00000	0.00017
11	F	0.00000	0.99983	0.00000	0.00017
12	L	0.00000	0.99983	0.00000	0.00017
13	H	0.00000	0.99983	0.00000	0.00017
14	P	0.00000	0.99983	0.00000	0.00017
15	N	0.00000	0.99983	0.00000	0.00017
16	F	0.00000	0.99983	0.00000	0.00017
17	F	0.00000	0.99983	0.00000	0.00017
18	I	0.00000	0.99983	0.00000	0.00016
19	L	0.00000	0.99983	0.00000	0.00017
20	T	0.00000	0.99983	0.00000	0.00017
21	G	0.00000	0.99983	0.00000	0.00016
22	F	0.00000	0.99988	0.00000	0.00012
23	P	0.00000	0.99987	0.00000	0.00012
24	G	0.00000	0.99987	0.00000	0.00012
25	L	0.00000	0.99987	0.00000	0.00012
26	G	0.00000	0.99987	0.00000	0.00013
27	S	0.00000	0.99906	0.00084	0.00011
28	A	0.00000	0.99542	0.00452	6e-05
29	Q	0.00000	0.9857	0.01429	0
30	T	0.00000	0.92892	0.07108	0
31	W	0.00000	0.846	0.15400	0
32	L	0.00000	0.80386	0.19614	0
33	T	0.00000	0.79016	0.20984	0
34	L	0.00000	0.74131	0.25869	0
35	V	0.00000	0.68698	0.31302	0
36	F	0.00000	0.06687	0.93313	0
37	G	0.00000	0.01788	0.98212	0
38	P	0.00000	0.00303	0.99697	0
39	I	0.00000	0	1.00000	0
40	Y	0.00000	0	1.00000	0
41	L	0.00000	0	1.00000	0
42	L	0.00000	0	1.00000	0
43	A	0.00000	0	1.00000	0
44	L	0.00000	0	1.00000	0
45	L	0.00000	0	1.00000	0
46	G	0.00000	0	1.00000	0
47	N	0.00000	0	1.00000	0
48	G	0.00000	0	1.00000	0
49	A	0.00000	0	1.00000	0
50	L	0.00001	0	0.99999	0
51	P	0.00013	0	0.99987	0
52	A	0.00018	0	0.99982	0
53	V	0.00081	0	0.99919	0
54	V	0.00990	0	0.99010	0
55	W	0.04542	0	0.95458	0
56	I	0.10073	0	0.89927	0
57	D	0.99056	0	0.00944	0
58	S	0.99943	0	0.00057	0
59	T	0.99997	0	0.00003	0
60	L	1.00000	0	0.00000	0
61	H	1.00000	0	0.00000	0
62	Q	1.00000	0	0.00000	0
63	P	1.00000	0	0.00000	0
64	M	0.24687	0	0.75313	0
65	F	0.11968	0	0.88032	0
66	L	0.03063	0	0.96937	0
67	L	0.00056	0	0.99944	0
68	L	0.00001	0	0.99999	0
69	A	0.00000	0	1.00000	0
70	I	0.00000	0	1.00000	0
71	L	0.00000	0	1.00000	0
72	A	0.00000	0	1.00000	0
73	A	0.00000	0	1.00000	0
74	T	0.00000	0	1.00000	0
75	D	0.00000	0	1.00000	0
76	L	0.00000	0	1.00000	0
77	G	0.00000	0	1.00000	0
78	L	0.00000	0	1.00000	0
79	A	0.00000	0	1.00000	0
80	T	0.00000	0	1.00000	0
81	S	0.00000	0	1.00000	0
82	I	0.00000	1e-05	0.99999	0
83	A	0.00000	0.00018	0.99982	0
84	P	0.00000	0.00141	0.99859	0
85	G	0.00000	0.00982	0.99018	0
86	L	0.00000	0.02303	0.97697	0
87	L	0.00000	0.20965	0.79035	0
88	A	0.00000	0.50196	0.49804	0
89	V	0.00000	0.99479	0.00521	0
90	L	0.00000	0.99563	0.00437	0
91	W	0.00000	0.99623	0.00377	0
92	L	0.00000	0.99712	0.00288	0
93	G	0.00000	0.99875	0.00125	0
94	P	0.00000	0.99964	0.00036	0
95	R	0.00000	0.99998	0.00002	0
96	S	0.00000	1	0.00000	0
97	V	0.00000	1	0.00000	0
98	P	0.00000	1	0.00000	0
99	Y	0.00000	0.99999	0.00001	0
100	A	0.00000	0.99995	0.00005	0
101	V	0.00000	0.9989	0.00110	0
102	C	0.00000	0.99839	0.00161	0
103	L	0.00000	0.97886	0.02114	0
104	V	0.00000	0.95812	0.04188	0
105	Q	0.00000	0.93666	0.06334	0
106	M	0.00000	0.10073	0.89927	0
107	F	0.00000	0.00755	0.99245	0
108	F	0.00000	0.00017	0.99983	0
109	V	0.00000	1e-05	0.99999	0
110	H	0.00000	0	1.00000	0
111	A	0.00000	0	1.00000	0
112	L	0.00000	0	1.00000	0
113	T	0.00000	0	1.00000	0
114	A	0.00000	0	1.00000	0
115	M	0.00000	0	1.00000	0
116	E	0.00000	0	1.00000	0
117	S	0.00000	0	1.00000	0
118	G	0.00000	0	1.00000	0
119	V	0.00000	0	1.00000	0
120	L	0.00000	0	1.00000	0
121	L	0.00000	0	1.00000	0
122	A	0.00000	0	1.00000	0
123	M	0.00000	0	1.00000	0
124	A	0.00001	0	0.99999	0
125	C	0.00004	0	0.99996	0
126	D	0.00026	0	0.99974	0
127	R	0.09319	0	0.90681	0
128	A	0.31991	0	0.68009	0
129	A	0.94253	0	0.05747	0
130	A	0.97311	0	0.02689	0
131	I	0.99999	0	0.00001	0
132	G	1.00000	0	0.00000	0
133	R	1.00000	0	0.00000	0
134	P	1.00000	0	0.00000	0
135	L	1.00000	0	0.00000	0
136	H	1.00000	0	0.00000	0
137	Y	1.00000	0	0.00000	0
138	P	1.00000	0	0.00000	0
139	V	0.99999	0	0.00001	0
140	L	0.99997	0	0.00003	0
141	V	0.99991	0	0.00009	0
142	T	0.99987	0	0.00013	0
143	K	0.99973	0	0.00027	0
144	A	0.86859	0	0.13141	0
145	C	0.11755	0	0.88245	0
146	V	0.07236	0	0.92764	0
147	G	0.04413	0	0.95587	0
148	Y	0.00762	0	0.99238	0
149	A	0.00316	0	0.99684	0
150	A	0.00255	0	0.99745	0
151	L	0.00078	0	0.99922	0
152	A	0.00003	0	0.99997	0
153	L	0.00000	0	1.00000	0
154	A	0.00000	0	1.00000	0
155	L	0.00000	0	1.00000	0
156	K	0.00000	0	1.00000	0
157	A	0.00000	0	1.00000	0
158	V	0.00000	0	1.00000	0
159	A	0.00000	0	1.00000	0
160	I	0.00000	0	1.00000	0
161	V	0.00000	1e-05	0.99999	0
162	V	0.00000	4e-05	0.99996	0
163	P	0.00000	0.00052	0.99948	0
164	F	0.00000	0.00279	0.99721	0
165	P	0.00000	0.03255	0.96745	0
166	L	0.00000	0.05132	0.94868	0
167	L	0.00000	0.13827	0.86173	0
168	V	0.00000	0.36525	0.63475	0
169	A	0.00000	0.76813	0.23187	0
170	K	0.00000	0.99499	0.00501	0
171	F	0.00000	0.99645	0.00355	0
172	E	0.00000	0.9998	0.00020	0
173	H	0.00000	0.9999	0.00010	0
174	F	0.00000	0.99994	0.00006	0
175	Q	0.00000	1	0.00000	0
176	A	0.00000	1	0.00000	0
177	K	0.00000	1	0.00000	0
178	T	0.00000	1	0.00000	0
179	I	0.00000	1	0.00000	0
180	G	0.00000	1	0.00000	0
181	H	0.00000	1	0.00000	0
182	T	0.00000	1	0.00000	0
183	Y	0.00000	1	0.00000	0
184	C	0.00000	0.99999	0.00001	0
185	A	0.00000	0.99995	0.00005	0
186	H	0.00000	0.99659	0.00341	0
187	M	0.00000	0.99656	0.00344	0
188	A	0.00000	0.99653	0.00347	0
189	V	0.00000	0.99651	0.00349	0
190	V	0.00000	0.99649	0.00351	0
191	E	0.00000	0.99648	0.00352	0
192	L	0.00000	0.99646	0.00354	0
193	V	0.00000	0.99644	0.00356	0
194	V	0.00000	0.99643	0.00357	0
195	G	0.00000	0.99642	0.00358	0
196	N	0.00000	0.99616	0.00384	0
197	T	0.00000	0.99612	0.00388	0
198	Q	0.00000	0.99502	0.00498	0
199	A	0.00000	0.89774	0.10226	0
200	T	0.00000	0.89687	0.10313	0
201	N	0.00000	0.87819	0.12181	0
202	L	0.00000	0.81595	0.18405	0
203	Y	0.00000	0.22123	0.77877	0
204	G	0.00000	0.21151	0.78849	0
205	L	0.00000	0.0846	0.91540	0
206	A	0.00000	0.07642	0.92358	0
207	L	0.00001	0.02681	0.97318	0
208	S	0.00028	0.01883	0.98090	0
209	L	0.00031	0.0171	0.98259	0
210	A	0.00085	0	0.99915	0
211	I	0.00137	0	0.99863	0
212	S	0.00317	0	0.99683	0
213	G	0.00335	0	0.99665	0
214	M	0.00347	0	0.99653	0
215	D	0.00352	0	0.99648	0
216	I	0.00352	0	0.99648	0
217	L	0.00352	0	0.99648	0
218	G	0.00354	0	0.99646	0
219	I	0.00358	0	0.99642	0
220	T	0.00514	0	0.99486	0
221	G	0.00767	0	0.99233	0
222	S	0.01111	0	0.98889	0
223	Y	0.01210	0	0.98790	0
224	G	0.02563	0	0.97437	0
225	L	0.03018	0	0.96982	0
226	I	0.05662	0	0.94338	0
227	A	0.32238	0	0.67762	0
228	H	0.82585	0	0.17415	0
229	A	0.85024	0	0.14976	0
230	V	0.87568	0	0.12432	0
231	L	0.92385	0	0.07615	0
232	Q	0.99906	0	0.00094	0
233	L	0.99990	0	0.00010	0
234	P	1.00000	0	0.00000	0
235	T	1.00000	0	0.00000	0
236	R	1.00000	0	0.00000	0
237	E	1.00000	0	0.00000	0
238	A	0.99996	0	0.00004	0
239	H	0.99857	0	0.00143	0
240	A	0.91420	0	0.08580	0
241	K	0.76992	0	0.23008	0
242	A	0.37569	0	0.62431	0
243	F	0.19193	0	0.80807	0
244	G	0.05261	0	0.94739	0
245	T	0.05236	0	0.94764	0
246	C	0.04698	0	0.95302	0
247	S	0.04660	0	0.95340	0
248	S	0.04657	0	0.95343	0
249	H	0.04656	0	0.95344	0
250	I	0.00116	0	0.99884	0
251	C	0.00082	0	0.99918	0
252	V	0.00000	0	1.00000	0
253	I	0.00000	0	1.00000	0
254	L	0.00000	0	1.00000	0
255	A	0.00000	0	1.00000	0
256	F	0.00000	0	1.00000	0
257	Y	0.00000	0	1.00000	0
258	I	0.00000	0	1.00000	0
259	P	0.00000	8e-05	0.99992	0
260	G	0.00000	0.00036	0.99964	0
261	L	0.00000	0.00068	0.99932	0
262	F	0.00000	0.0049	0.99510	0
263	S	0.00000	0.01875	0.98125	0
264	Y	0.00000	0.03228	0.96772	0
265	L	0.00000	0.0793	0.92070	0
266	T	0.00000	0.6035	0.39650	0
267	H	0.00000	0.87566	0.12434	0
268	R	0.00000	0.94599	0.05401	0
269	F	0.00000	0.9505	0.04950	0
270	G	0.00000	0.96702	0.03298	0
271	H	0.00000	0.98481	0.01519	0
272	H	0.00000	0.99933	0.00067	0
273	T	0.00000	0.99987	0.00013	0
274	V	0.00000	0.99955	0.00045	0
275	P	0.00000	0.99942	0.00058	0
276	K	0.00000	0.9967	0.00330	0
277	P	0.00000	0.94753	0.05247	0
278	V	0.00000	0.07786	0.92214	0
279	H	0.00000	0.04745	0.95255	0
280	I	0.00000	0.00506	0.99494	0
281	L	0.00000	0.00016	0.99984	0
282	L	0.00000	0	1.00000	0
283	S	0.00000	0	1.00000	0
284	N	0.00000	0	1.00000	0
285	I	0.00000	0	1.00000	0
286	Y	0.00000	0	1.00000	0
287	L	0.00000	0	1.00000	0
288	L	0.00000	0	1.00000	0
289	L	0.00000	0	1.00000	0
290	P	0.00000	0	1.00000	0
291	P	0.00000	0	1.00000	0
292	A	0.00000	0	1.00000	0
293	L	0.00001	0	0.99999	0
294	N	0.00001	0	0.99999	0
295	P	0.00002	0	0.99998	0
296	L	0.00004	0	0.99996	0
297	I	0.00036	0	0.99964	0
298	Y	0.00781	0	0.99219	0
299	G	0.08693	0	0.91307	0
300	A	0.30507	0	0.69493	0
301	R	1.00000	0	0.00000	0
302	T	1.00000	0	0.00000	0
303	K	1.00000	0	0.00000	0
304	Q	1.00000	0	0.00000	0
305	I	1.00000	0	0.00000	0
306	R	1.00000	0	0.00000	0
307	D	1.00000	0	0.00000	0
308	R	1.00000	0	0.00000	0
309	L	1.00000	0	0.00000	0
310	L	1.00000	0	0.00000	0
311	E	1.00000	0	0.00000	0
312	T	1.00000	0	0.00000	0
313	F	1.00000	0	0.00000	0
314	T	1.00000	0	0.00000	0
315	F	1.00000	0	0.00000	0
316	R	1.00000	0	0.00000	0
317	K	1.00000	0	0.00000	0
318	S	1.00000	0	0.00000	0
319	P	1.00000	0	0.00000	0
320	L	1.00000	0	0.00000	0
