# UNNAMED
#pos	aa	i	o	M	S
1	M	0.00000	0.98305	0.00000	0.01695
2	S	0.00000	0.98305	0.00000	0.01696
3	V	0.00000	0.98305	0.00000	0.01695
4	Q	0.00000	0.98305	0.00000	0.01695
5	Y	0.00000	0.98305	0.00000	0.01695
6	S	0.00000	0.98305	0.00000	0.01695
7	L	0.00000	0.98305	0.00000	0.01696
8	S	0.00000	0.98305	0.00000	0.01696
9	P	0.00000	0.98305	0.00000	0.01696
10	Q	0.00000	0.98305	0.00000	0.01695
11	F	0.00000	0.98305	0.00000	0.01696
12	M	0.00000	0.98305	0.00000	0.01695
13	L	0.00000	0.98305	0.00000	0.01695
14	L	0.00000	0.98305	0.00000	0.01695
15	S	0.00000	0.98305	0.00000	0.01695
16	N	0.00000	0.98313	0.00000	0.01686
17	I	0.00000	0.98313	0.00000	0.01687
18	T	0.00000	0.98313	0.00000	0.01687
19	Q	0.00000	0.98459	0.00000	0.01541
20	F	0.00000	0.99977	0.00000	0.00022
21	S	0.00000	0.99979	0.00000	0.00022
22	P	0.00000	0.99978	0.00000	0.00022
23	I	0.00000	0.99978	0.00000	0.00022
24	F	0.00000	0.99978	0.00000	0.00021
25	Y	0.00000	0.99978	0.00000	0.00021
26	L	0.00000	0.99978	0.00000	0.00021
27	T	0.00000	0.99979	0.00000	0.00021
28	S	0.00000	0.99979	0.00000	0.00021
29	F	0.00000	1	0.00000	0
30	P	0.00000	1	0.00000	0
31	G	0.00000	1	0.00000	0
32	L	0.00000	1	0.00000	0
33	E	0.00000	1	0.00000	0
34	G	0.00000	0.99978	0.00022	0
35	I	0.00000	0.99828	0.00171	0
36	K	0.00000	0.99768	0.00232	0
37	H	0.00000	0.91616	0.08384	0
38	W	0.00000	0.32332	0.67668	0
39	I	0.00000	0.09077	0.90923	0
40	F	0.00000	0.03862	0.96138	0
41	I	0.00000	0.02268	0.97732	0
42	P	0.00000	0.02208	0.97792	0
43	F	0.00000	0.00029	0.99971	0
44	F	0.00000	0	1.00000	0
45	F	0.00000	0	1.00000	0
46	M	0.00000	0	1.00000	0
47	Y	0.00000	0	1.00000	0
48	M	0.00000	0	1.00000	0
49	V	0.00000	0	1.00000	0
50	A	0.00000	0	1.00000	0
51	I	0.00000	0	1.00000	0
52	S	0.00000	0	1.00000	0
53	G	0.00000	0	1.00000	0
54	N	0.00000	0	1.00000	0
55	C	0.00000	0	1.00000	0
56	F	0.00000	0	1.00000	0
57	I	0.00000	0	1.00000	0
58	L	0.00000	0	1.00000	0
59	I	0.00013	0	0.99987	0
60	I	0.01256	0	0.98744	0
61	I	0.15932	0	0.84068	0
62	K	0.98623	0	0.01377	0
63	T	0.99841	0	0.00159	0
64	N	0.99995	0	0.00005	0
65	P	1.00000	0	0.00000	0
66	R	1.00000	0	0.00000	0
67	L	1.00000	0	0.00000	0
68	H	1.00000	0	0.00000	0
69	T	1.00000	0	0.00000	0
70	P	1.00000	0	0.00000	0
71	M	0.24712	0	0.75288	0
72	Y	0.12502	0	0.87498	0
73	Y	0.03988	0	0.96012	0
74	L	0.00049	0	0.99951	0
75	L	0.00004	0	0.99996	0
76	S	0.00001	0	0.99999	0
77	L	0.00000	0	1.00000	0
78	L	0.00000	0	1.00000	0
79	A	0.00000	0	1.00000	0
80	L	0.00000	0	1.00000	0
81	T	0.00000	0	1.00000	0
82	D	0.00000	0	1.00000	0
83	L	0.00000	0	1.00000	0
84	G	0.00000	0	1.00000	0
85	L	0.00000	0	1.00000	0
86	C	0.00000	0	1.00000	0
87	V	0.00000	0	1.00000	0
88	S	0.00000	0	1.00000	0
89	T	0.00000	0	1.00000	0
90	L	0.00000	0	1.00000	0
91	P	0.00000	6e-05	0.99994	0
92	T	0.00000	0.07889	0.92111	0
93	T	0.00000	0.11443	0.88557	0
94	M	0.00000	0.19009	0.80991	0
95	G	0.00000	0.61466	0.38534	0
96	I	0.00000	0.98988	0.01012	0
97	F	0.00000	0.99074	0.00926	0
98	W	0.00000	0.99318	0.00682	0
99	F	0.00000	0.99653	0.00347	0
100	N	0.00000	0.99995	0.00005	0
101	S	0.00000	1	0.00000	0
102	H	0.00000	1	0.00000	0
103	S	0.00000	1	0.00000	0
104	I	0.00000	1	0.00000	0
105	Y	0.00000	1	0.00000	0
106	F	0.00000	0.99999	0.00001	0
107	G	0.00000	0.99998	0.00002	0
108	A	0.00000	0.99938	0.00062	0
109	C	0.00000	0.99844	0.00156	0
110	Q	0.00000	0.95623	0.04377	0
111	I	0.00000	0.9366	0.06340	0
112	Q	0.00000	0.91833	0.08167	0
113	M	0.00000	0.06499	0.93501	0
114	F	0.00000	0.01789	0.98211	0
115	C	0.00000	0.00834	0.99166	0
116	I	0.00000	0.00092	0.99908	0
117	H	0.00000	6e-05	0.99994	0
118	S	0.00000	0	1.00000	0
119	F	0.00000	0	1.00000	0
120	S	0.00000	0	1.00000	0
121	F	0.00000	0	1.00000	0
122	M	0.00000	0	1.00000	0
123	E	0.00000	0	1.00000	0
124	S	0.00000	0	1.00000	0
125	S	0.00000	0	1.00000	0
126	V	0.00000	0	1.00000	0
127	L	0.00000	0	1.00000	0
128	L	0.00000	0	1.00000	0
129	M	0.00000	0	1.00000	0
130	M	0.00000	0	1.00000	0
131	S	0.00000	0	1.00000	0
132	F	0.00000	0	1.00000	0
133	D	0.00000	0	1.00000	0
134	R	0.00154	0	0.99846	0
135	L	0.10052	0	0.89948	0
136	V	0.85869	0	0.14131	0
137	A	0.96680	0	0.03320	0
138	I	0.99996	0	0.00004	0
139	C	1.00000	0	0.00000	0
140	H	1.00000	0	0.00000	0
141	P	1.00000	0	0.00000	0
142	L	1.00000	0	0.00000	0
143	R	1.00000	0	0.00000	0
144	Y	1.00000	0	0.00000	0
145	S	1.00000	0	0.00000	0
146	V	1.00000	0	0.00000	0
147	I	1.00000	0	0.00000	0
148	I	1.00000	0	0.00000	0
149	T	1.00000	0	0.00000	0
150	G	1.00000	0	0.00000	0
151	Q	0.99998	0	0.00002	0
152	Q	0.99492	0	0.00508	0
153	V	0.58620	0	0.41380	0
154	V	0.34907	0	0.65093	0
155	R	0.32495	0	0.67505	0
156	A	0.11143	0	0.88857	0
157	G	0.07867	0	0.92133	0
158	L	0.06643	0	0.93357	0
159	I	0.00057	0	0.99943	0
160	V	0.00000	0	1.00000	0
161	I	0.00000	0	1.00000	0
162	F	0.00000	0	1.00000	0
163	R	0.00000	0	1.00000	0
164	G	0.00000	0	1.00000	0
165	P	0.00000	0	1.00000	0
166	V	0.00000	0	1.00000	0
167	A	0.00000	0	1.00000	0
168	T	0.00000	0	1.00000	0
169	I	0.00000	0	1.00000	0
170	P	0.00000	0	1.00000	0
171	I	0.00000	0	1.00000	0
172	V	0.00000	6e-05	0.99994	0
173	L	0.00000	0.00109	0.99891	0
174	L	0.00000	0.01538	0.98462	0
175	L	0.00000	0.10525	0.89475	0
176	K	0.00000	0.81473	0.18527	0
177	A	0.00000	0.82423	0.17577	0
178	F	0.00000	0.84964	0.15036	0
179	P	0.00000	0.94478	0.05522	0
180	Y	0.00000	0.97373	0.02627	0
181	C	0.00000	0.99889	0.00111	0
182	G	0.00000	0.99993	0.00007	0
183	S	0.00000	0.99999	0.00001	0
184	V	0.00000	0.99999	0.00001	0
185	V	0.00000	1	0.00000	0
186	L	0.00000	1	0.00000	0
187	S	0.00000	1	0.00000	0
188	H	0.00000	1	0.00000	0
189	S	0.00000	1	0.00000	0
190	F	0.00000	1	0.00000	0
191	C	0.00000	1	0.00000	0
192	L	0.00000	1	0.00000	0
193	H	0.00000	1	0.00000	0
194	Q	0.00000	1	0.00000	0
195	E	0.00000	1	0.00000	0
196	V	0.00000	1	0.00000	0
197	I	0.00000	1	0.00000	0
198	Q	0.00000	0.99999	0.00001	0
199	L	0.00000	0.99999	0.00001	0
200	A	0.00000	0.99999	0.00001	0
201	C	0.00000	0.99999	0.00001	0
202	T	0.00000	0.99998	0.00002	0
203	D	0.00000	0.99996	0.00004	0
204	I	0.00000	0.99969	0.00031	0
205	T	0.00000	0.99757	0.00243	0
206	F	0.00000	0.94604	0.05396	0
207	N	0.00000	0.94582	0.05418	0
208	N	0.00000	0.86199	0.13801	0
209	L	0.00000	0.316	0.68400	0
210	Y	0.00000	0.17683	0.82317	0
211	G	0.00000	0.08064	0.91936	0
212	L	0.00000	0.02607	0.97393	0
213	M	0.00000	0.00596	0.99404	0
214	V	0.00000	0.00456	0.99544	0
215	V	0.00000	0.00365	0.99635	0
216	V	0.00000	0.00364	0.99636	0
217	F	0.00000	0	1.00000	0
218	T	0.00000	0	1.00000	0
219	V	0.00000	0	1.00000	0
220	M	0.00000	0	1.00000	0
221	L	0.00000	0	1.00000	0
222	D	0.00001	0	0.99999	0
223	L	0.00001	0	0.99999	0
224	V	0.00001	0	0.99999	0
225	L	0.00001	0	0.99999	0
226	I	0.00001	0	0.99999	0
227	A	0.00019	0	0.99981	0
228	L	0.00087	0	0.99913	0
229	S	0.00818	0	0.99182	0
230	Y	0.01013	0	0.98987	0
231	G	0.02475	0	0.97525	0
232	L	0.03220	0	0.96780	0
233	I	0.06046	0	0.93954	0
234	L	0.17421	0	0.82579	0
235	H	0.93515	0	0.06485	0
236	T	0.96599	0	0.03401	0
237	V	0.97591	0	0.02409	0
238	A	0.99214	0	0.00786	0
239	G	0.99739	0	0.00261	0
240	L	0.99933	0	0.00067	0
241	A	0.99964	0	0.00036	0
242	S	0.99997	0	0.00003	0
243	Q	1.00000	0	0.00000	0
244	E	1.00000	0	0.00000	0
245	E	1.00000	0	0.00000	0
246	Q	0.98873	0	0.01127	0
247	R	0.97121	0	0.02879	0
248	R	0.79479	0	0.20521	0
249	A	0.42114	0	0.57886	0
250	F	0.20790	0	0.79210	0
251	Q	0.14952	0	0.85048	0
252	T	0.14886	0	0.85114	0
253	C	0.09008	0	0.90992	0
254	T	0.08629	0	0.91371	0
255	A	0.07800	0	0.92200	0
256	P	0.07796	0	0.92204	0
257	L	0.00014	0	0.99986	0
258	C	0.00000	0	1.00000	0
259	A	0.00000	0	1.00000	0
260	V	0.00000	0	1.00000	0
261	L	0.00000	0	1.00000	0
262	V	0.00000	0	1.00000	0
263	F	0.00000	0	1.00000	0
264	F	0.00000	0	1.00000	0
265	V	0.00000	0	1.00000	0
266	P	0.00000	1e-05	0.99999	0
267	M	0.00000	2e-05	0.99998	0
268	M	0.00000	0.00039	0.99961	0
269	G	0.00000	0.00698	0.99302	0
270	L	0.00000	0.01171	0.98829	0
271	S	0.00000	0.05885	0.94115	0
272	L	0.00000	0.12817	0.87183	0
273	V	0.00000	0.34264	0.65736	0
274	H	0.00000	0.66319	0.33681	0
275	R	0.00000	0.86432	0.13568	0
276	F	0.00000	0.87278	0.12722	0
277	G	0.00000	0.9474	0.05260	0
278	K	0.00000	0.99851	0.00149	0
279	H	0.00000	0.99991	0.00009	0
280	A	0.00000	0.99972	0.00028	0
281	P	0.00000	0.99947	0.00053	0
282	P	0.00000	0.99235	0.00765	0
283	A	0.00000	0.82395	0.17605	0
284	I	0.00000	0.334	0.66600	0
285	H	0.00000	0.2137	0.78630	0
286	L	0.00000	0.03204	0.96796	0
287	L	0.00000	0.00107	0.99893	0
288	M	0.00000	0	1.00000	0
289	A	0.00000	0	1.00000	0
290	N	0.00000	0	1.00000	0
291	V	0.00000	0	1.00000	0
292	Y	0.00000	0	1.00000	0
293	L	0.00000	0	1.00000	0
294	F	0.00000	0	1.00000	0
295	V	0.00000	0	1.00000	0
296	P	0.00000	0	1.00000	0
297	P	0.00000	0	1.00000	0
298	M	0.00000	0	1.00000	0
299	L	0.00000	0	1.00000	0
300	N	0.00000	0	1.00000	0
301	P	0.00000	0	1.00000	0
302	I	0.00001	0	0.99999	0
303	I	0.00099	0	0.99901	0
304	Y	0.01363	0	0.98637	0
305	S	0.07809	0	0.92191	0
306	I	0.14151	0	0.85849	0
307	K	1.00000	0	0.00000	0
308	T	1.00000	0	0.00000	0
309	K	1.00000	0	0.00000	0
310	E	1.00000	0	0.00000	0
311	I	1.00000	0	0.00000	0
312	H	1.00000	0	0.00000	0
313	R	1.00000	0	0.00000	0
314	A	1.00000	0	0.00000	0
315	I	1.00000	0	0.00000	0
316	I	1.00000	0	0.00000	0
317	K	1.00000	0	0.00000	0
318	F	1.00000	0	0.00000	0
319	L	1.00000	0	0.00000	0
320	G	1.00000	0	0.00000	0
321	L	1.00000	0	0.00000	0
322	K	1.00000	0	0.00000	0
323	K	1.00000	0	0.00000	0
324	A	1.00000	0	0.00000	0
325	S	1.00000	0	0.00000	0
326	K	1.00000	0	0.00000	0
