# UNNAMED
#pos	aa	i	o	M	S
1	M	0.00000	5e-05	0.00000	0.99995
2	I	0.00000	5e-05	0.00000	0.99996
3	A	0.00000	5e-05	0.00000	0.99996
4	S	0.00000	5e-05	0.00000	0.99996
5	Q	0.00000	5e-05	0.00000	0.99996
6	F	0.00000	5e-05	0.00000	0.99995
7	L	0.00000	5e-05	0.00000	0.99995
8	S	0.00000	5e-05	0.00000	0.99995
9	A	0.00000	5e-05	0.00000	0.99996
10	L	0.00000	5e-05	0.00000	0.99996
11	T	0.00000	5e-05	0.00000	0.99996
12	L	0.00000	5e-05	0.00000	0.99995
13	V	0.00000	5e-05	0.00000	0.99996
14	L	0.00000	5e-05	0.00000	0.99995
15	L	0.00000	5e-05	0.00000	0.99995
16	I	0.00000	6e-05	0.00000	0.99994
17	K	0.00000	5e-05	0.00000	0.99994
18	E	0.00000	5e-05	0.00000	0.99994
19	S	0.00000	0.00042	0.00000	0.99957
20	G	0.00000	0.00043	0.00000	0.99957
21	A	0.00000	0.00058	0.00000	0.99942
22	W	0.00000	0.6141	0.00000	0.3859
23	S	0.00000	0.61414	0.00000	0.38586
24	Y	0.00000	1	0.00000	0
25	N	0.00000	1	0.00000	0
26	T	0.00000	1	0.00000	0
27	S	0.00000	1	0.00000	0
28	T	0.00000	1	0.00000	0
29	E	0.00000	1	0.00000	0
30	A	0.00000	1	0.00000	0
31	M	0.00000	1	0.00000	0
32	T	0.00000	1	0.00000	0
33	Y	0.00000	1	0.00000	0
34	D	0.00000	1	0.00000	0
35	E	0.00000	1	0.00000	0
36	A	0.00000	1	0.00000	0
37	S	0.00000	1	0.00000	0
38	A	0.00000	1	0.00000	0
39	Y	0.00000	1	0.00000	0
40	C	0.00000	1	0.00000	0
41	Q	0.00000	1	0.00000	0
42	Q	0.00000	1	0.00000	0
43	R	0.00000	1	0.00000	0
44	Y	0.00000	1	0.00000	0
45	T	0.00000	1	0.00000	0
46	H	0.00000	1	0.00000	0
47	L	0.00000	1	0.00000	0
48	V	0.00000	1	0.00000	0
49	A	0.00000	1	0.00000	0
50	I	0.00000	1	0.00000	0
51	Q	0.00000	1	0.00000	0
52	N	0.00000	1	0.00000	0
53	K	0.00000	1	0.00000	0
54	E	0.00000	1	0.00000	0
55	E	0.00000	1	0.00000	0
56	I	0.00000	1	0.00000	0
57	E	0.00000	1	0.00000	0
58	Y	0.00000	1	0.00000	0
59	L	0.00000	1	0.00000	0
60	N	0.00000	1	0.00000	0
61	S	0.00000	1	0.00000	0
62	I	0.00000	1	0.00000	0
63	L	0.00000	1	0.00000	0
64	S	0.00000	1	0.00000	0
65	Y	0.00000	1	0.00000	0
66	S	0.00000	1	0.00000	0
67	P	0.00000	1	0.00000	0
68	S	0.00000	1	0.00000	0
69	Y	0.00000	1	0.00000	0
70	Y	0.00000	1	0.00000	0
71	W	0.00000	1	0.00000	0
72	I	0.00000	1	0.00000	0
73	G	0.00000	1	0.00000	0
74	I	0.00000	1	0.00000	0
75	R	0.00000	1	0.00000	0
76	K	0.00000	1	0.00000	0
77	V	0.00000	1	0.00000	0
78	N	0.00000	1	0.00000	0
79	N	0.00000	1	0.00000	0
80	V	0.00000	1	0.00000	0
81	W	0.00000	1	0.00000	0
82	V	0.00000	1	0.00000	0
83	W	0.00000	1	0.00000	0
84	V	0.00000	1	0.00000	0
85	G	0.00000	1	0.00000	0
86	T	0.00000	1	0.00000	0
87	Q	0.00000	1	0.00000	0
88	K	0.00000	1	0.00000	0
89	P	0.00000	1	0.00000	0
90	L	0.00000	1	0.00000	0
91	T	0.00000	1	0.00000	0
92	E	0.00000	1	0.00000	0
93	E	0.00000	1	0.00000	0
94	A	0.00000	1	0.00000	0
95	K	0.00000	1	0.00000	0
96	N	0.00000	1	0.00000	0
97	W	0.00000	1	0.00000	0
98	A	0.00000	1	0.00000	0
99	P	0.00000	1	0.00000	0
100	G	0.00000	1	0.00000	0
101	E	0.00000	1	0.00000	0
102	P	0.00000	1	0.00000	0
103	N	0.00000	1	0.00000	0
104	N	0.00000	1	0.00000	0
105	R	0.00000	1	0.00000	0
106	Q	0.00000	1	0.00000	0
107	K	0.00000	1	0.00000	0
108	D	0.00000	1	0.00000	0
109	E	0.00000	1	0.00000	0
110	D	0.00000	1	0.00000	0
111	C	0.00000	1	0.00000	0
112	V	0.00000	1	0.00000	0
113	E	0.00000	1	0.00000	0
114	I	0.00000	1	0.00000	0
115	Y	0.00000	1	0.00000	0
116	I	0.00000	1	0.00000	0
117	K	0.00000	1	0.00000	0
118	R	0.00000	1	0.00000	0
119	E	0.00000	1	0.00000	0
120	K	0.00000	1	0.00000	0
121	D	0.00000	1	0.00000	0
122	V	0.00000	1	0.00000	0
123	G	0.00000	1	0.00000	0
124	M	0.00000	1	0.00000	0
125	W	0.00000	1	0.00000	0
126	N	0.00000	1	0.00000	0
127	D	0.00000	1	0.00000	0
128	E	0.00000	1	0.00000	0
129	R	0.00000	1	0.00000	0
130	C	0.00000	1	0.00000	0
131	S	0.00000	1	0.00000	0
132	K	0.00000	1	0.00000	0
133	K	0.00000	1	0.00000	0
134	K	0.00000	1	0.00000	0
135	L	0.00000	1	0.00000	0
136	A	0.00000	1	0.00000	0
137	L	0.00000	1	0.00000	0
138	C	0.00000	1	0.00000	0
139	Y	0.00000	1	0.00000	0
140	T	0.00000	1	0.00000	0
141	A	0.00000	1	0.00000	0
142	A	0.00000	1	0.00000	0
143	C	0.00000	1	0.00000	0
144	T	0.00000	1	0.00000	0
145	N	0.00000	1	0.00000	0
146	T	0.00000	1	0.00000	0
147	S	0.00000	1	0.00000	0
148	C	0.00000	1	0.00000	0
149	S	0.00000	1	0.00000	0
150	G	0.00000	1	0.00000	0
151	H	0.00000	1	0.00000	0
152	G	0.00000	1	0.00000	0
153	E	0.00000	1	0.00000	0
154	C	0.00000	1	0.00000	0
155	V	0.00000	1	0.00000	0
156	E	0.00000	1	0.00000	0
157	T	0.00000	1	0.00000	0
158	I	0.00000	1	0.00000	0
159	N	0.00000	1	0.00000	0
160	N	0.00000	1	0.00000	0
161	Y	0.00000	1	0.00000	0
162	T	0.00000	1	0.00000	0
163	C	0.00000	1	0.00000	0
164	K	0.00000	1	0.00000	0
165	C	0.00000	1	0.00000	0
166	D	0.00000	1	0.00000	0
167	P	0.00000	1	0.00000	0
168	G	0.00000	1	0.00000	0
169	F	0.00000	1	0.00000	0
170	S	0.00000	1	0.00000	0
171	G	0.00000	1	0.00000	0
172	L	0.00000	1	0.00000	0
173	K	0.00000	1	0.00000	0
174	C	0.00000	1	0.00000	0
175	E	0.00000	1	0.00000	0
176	Q	0.00000	1	0.00000	0
177	I	0.00000	1	0.00000	0
178	V	0.00000	1	0.00000	0
179	N	0.00000	1	0.00000	0
180	C	0.00000	1	0.00000	0
181	T	0.00000	1	0.00000	0
182	A	0.00000	1	0.00000	0
183	L	0.00000	1	0.00000	0
184	E	0.00000	1	0.00000	0
185	S	0.00000	1	0.00000	0
186	P	0.00000	1	0.00000	0
187	E	0.00000	1	0.00000	0
188	H	0.00000	1	0.00000	0
189	G	0.00000	1	0.00000	0
190	S	0.00000	1	0.00000	0
191	L	0.00000	1	0.00000	0
192	V	0.00000	1	0.00000	0
193	C	0.00000	1	0.00000	0
194	S	0.00000	1	0.00000	0
195	H	0.00000	1	0.00000	0
196	P	0.00000	1	0.00000	0
197	L	0.00000	1	0.00000	0
198	G	0.00000	1	0.00000	0
199	N	0.00000	1	0.00000	0
200	F	0.00000	1	0.00000	0
201	S	0.00000	1	0.00000	0
202	Y	0.00000	1	0.00000	0
203	N	0.00000	1	0.00000	0
204	S	0.00000	1	0.00000	0
205	S	0.00000	1	0.00000	0
206	C	0.00000	1	0.00000	0
207	S	0.00000	1	0.00000	0
208	I	0.00000	1	0.00000	0
209	S	0.00000	1	0.00000	0
210	C	0.00000	1	0.00000	0
211	D	0.00000	1	0.00000	0
212	R	0.00000	1	0.00000	0
213	G	0.00000	1	0.00000	0
214	Y	0.00000	1	0.00000	0
215	L	0.00000	1	0.00000	0
216	P	0.00000	1	0.00000	0
217	S	0.00000	1	0.00000	0
218	S	0.00000	1	0.00000	0
219	M	0.00000	1	0.00000	0
220	E	0.00000	1	0.00000	0
221	T	0.00000	1	0.00000	0
222	M	0.00000	1	0.00000	0
223	Q	0.00000	1	0.00000	0
224	C	0.00000	1	0.00000	0
225	M	0.00000	1	0.00000	0
226	S	0.00000	0.99999	0.00001	0
227	S	0.00000	0.99998	0.00002	0
228	G	0.00000	0.99991	0.00009	0
229	E	0.00000	0.99907	0.00093	0
230	W	0.00000	0.92476	0.07524	0
231	S	0.00000	0.841	0.15900	0
232	A	0.00000	0.54588	0.45412	0
233	P	0.00000	0.51078	0.48922	0
234	I	0.00000	0.50278	0.49722	0
235	P	0.00000	0.50168	0.49832	0
236	A	0.00000	0.49912	0.50088	0
237	C	0.00000	0.49889	0.50111	0
238	N	0.00000	0.49884	0.50116	0
239	V	0.00000	0.49884	0.50116	0
240	V	0.00000	0.49884	0.50116	0
241	E	0.00000	0.49884	0.50116	0
242	C	0.00000	0.49884	0.50116	0
243	D	0.00000	0.49884	0.50116	0
244	A	0.00000	0.49734	0.50266	0
245	V	0.00000	0.49679	0.50321	0
246	T	0.00000	0.49678	0.50322	0
247	N	0.00000	0.49678	0.50322	0
248	P	0.00000	0.49677	0.50323	0
249	A	0.00000	0.49676	0.50323	0
250	N	0.00008	0.49676	0.50316	0
251	G	0.00012	0.49676	0.50312	0
252	F	0.00026	0.49676	0.50298	0
253	V	0.01054	0.49676	0.49270	0
254	E	0.10651	0.49676	0.39673	0
255	C	0.11130	0.49676	0.39193	0
256	F	0.14145	0.49676	0.36179	0
257	Q	0.49816	0.49676	0.00508	0
258	N	0.50108	0.49676	0.00216	0
259	P	0.50115	0.49676	0.00209	0
260	G	0.50116	0.49672	0.00212	0
261	S	0.50116	0.49672	0.00212	0
262	F	0.50115	0.49671	0.00214	0
263	P	0.50124	0.49671	0.00205	0
264	W	0.20417	0.49671	0.29912	0
265	N	0.09799	0.49671	0.40530	0
266	T	0.04038	0.49671	0.46291	0
267	T	0.01865	0.49671	0.48464	0
268	C	0.00828	0.49671	0.49501	0
269	T	0.00711	0.49671	0.49618	0
270	F	0.00277	0.49671	0.50052	0
271	D	0.00264	0.49671	0.50065	0
272	C	0.00217	0.49671	0.50112	0
273	E	0.00212	0.49671	0.50116	0
274	E	0.00196	0.49671	0.50133	0
275	G	0.00065	0.49671	0.50264	0
276	F	0.00002	0.49671	0.50327	0
277	E	0.00002	0.49671	0.50327	0
278	L	0.00000	0.49671	0.50329	0
279	M	0.00000	0.49671	0.50329	0
280	G	0.00000	0.49671	0.50328	0
281	A	0.00002	0.49674	0.50324	0
282	Q	0.00004	0.50142	0.49854	0
283	S	0.00005	0.5371	0.46285	0
284	L	0.00005	0.58822	0.41174	0
285	Q	0.00005	0.86289	0.13706	0
286	C	0.00005	0.98608	0.01387	0
287	T	0.00005	0.98767	0.01228	0
288	S	0.00005	0.98799	0.01196	0
289	S	0.00005	0.98855	0.01140	0
290	G	0.00005	0.98882	0.01113	0
291	N	0.00003	0.98888	0.01109	0
292	W	0.00000	0.99087	0.00913	0
293	D	0.00000	0.99638	0.00362	0
294	N	0.00000	0.99817	0.00183	0
295	E	0.00000	0.99963	0.00037	0
296	K	0.00000	0.99974	0.00026	0
297	P	0.00000	0.99983	0.00017	0
298	T	0.00000	0.99979	0.00020	0
299	C	0.00000	0.99982	0.00018	0
300	K	0.00000	0.9998	0.00020	0
301	A	0.00000	0.99903	0.00097	0
302	V	0.00000	0.99897	0.00103	0
303	T	0.00000	0.99897	0.00103	0
304	C	0.00000	0.99897	0.00103	0
305	R	0.00000	0.99895	0.00105	0
306	A	0.00000	0.99893	0.00107	0
307	V	0.00000	0.99888	0.00112	0
308	R	0.00000	0.99888	0.00112	0
309	Q	0.00000	0.99888	0.00112	0
310	P	0.00000	0.99888	0.00112	0
311	Q	0.00000	0.99889	0.00111	0
312	N	0.00000	0.99865	0.00135	0
313	G	0.00000	0.99543	0.00457	0
314	S	0.00000	0.99342	0.00657	0
315	V	0.00000	0.87604	0.12396	0
316	R	0.00000	0.86615	0.13385	0
317	C	0.00000	0.85509	0.14491	0
318	S	0.00003	0.80003	0.19994	0
319	H	0.00008	0.65785	0.34206	0
320	S	0.00070	0.65718	0.34212	0
321	P	0.00098	0.65377	0.34525	0
322	A	0.00098	0.64062	0.35840	0
323	G	0.00098	0.63044	0.36857	0
324	E	0.00098	0.57542	0.42360	0
325	F	0.00092	0.41508	0.58401	0
326	T	0.00091	0.41249	0.58660	0
327	F	0.00086	0.41243	0.58671	0
328	K	0.00086	0.41243	0.58671	0
329	S	0.00026	0.41242	0.58732	0
330	S	0.00011	0.41242	0.58748	0
331	C	0.00011	0.41241	0.58748	0
332	N	0.00014	0.41241	0.58745	0
333	F	0.00014	0.41241	0.58745	0
334	T	0.00014	0.41241	0.58745	0
335	C	0.00014	0.41241	0.58744	0
336	E	0.00015	0.41241	0.58743	0
337	E	0.00223	0.41241	0.58536	0
338	G	0.06301	0.2886	0.64839	0
339	F	0.07692	0.2491	0.67398	0
340	M	0.09796	0.2483	0.65375	0
341	L	0.30977	0.24829	0.44194	0
342	Q	0.33737	0.24827	0.41436	0
343	G	0.35850	0.24799	0.39350	0
344	P	0.53773	0.24799	0.21428	0
345	A	0.55535	0.24801	0.19664	0
346	Q	0.58149	0.24804	0.17047	0
347	V	0.58232	0.24815	0.16952	0
348	E	0.58606	0.24883	0.16512	0
349	C	0.58620	0.24888	0.16493	0
350	T	0.58640	0.24803	0.16557	0
351	T	0.58626	0.22118	0.19255	0
352	Q	0.58561	0.20526	0.20913	0
353	G	0.57782	0.15701	0.26517	0
354	Q	0.53291	0.12179	0.34530	0
355	W	0.30358	0.05549	0.64093	0
356	T	0.30306	0.03015	0.66680	0
357	Q	0.30670	0.01274	0.68056	0
358	Q	0.30952	0.00574	0.68474	0
359	I	0.13930	0.00171	0.85900	0
360	P	0.16715	0.00155	0.83130	0
361	V	0.16417	0.00131	0.83452	0
362	C	0.16412	0.00126	0.83462	0
363	E	0.16412	0.00125	0.83463	0
364	A	0.16410	0.00122	0.83468	0
365	F	0.16410	0.00122	0.83468	0
366	Q	0.16416	0.00123	0.83461	0
367	C	0.16425	0.00124	0.83451	0
368	T	0.16448	0.00126	0.83425	0
369	A	0.16453	0.00127	0.83419	0
370	L	0.16519	0.0013	0.83351	0
371	S	0.17735	0.00144	0.82121	0
372	N	0.23342	0.00149	0.76509	0
373	P	0.28125	0.01376	0.70499	0
374	E	0.29110	0.19306	0.51584	0
375	R	0.27263	0.2451	0.48227	0
376	G	0.21824	0.25851	0.52325	0
377	Y	0.16614	0.27898	0.55488	0
378	M	0.19597	0.28487	0.51916	0
379	N	0.23330	0.52099	0.24571	0
380	C	0.24367	0.58339	0.17294	0
381	L	0.24405	0.58376	0.17219	0
382	P	0.24559	0.58735	0.16706	0
383	S	0.23473	0.5876	0.17768	0
384	A	0.17131	0.58762	0.24106	0
385	S	0.15752	0.57992	0.26256	0
386	G	0.05626	0.48472	0.45902	0
387	S	0.01786	0.38037	0.60177	0
388	F	0.00367	0.34521	0.65112	0
389	R	0.00353	0.34485	0.65163	0
390	Y	0.00046	0.34484	0.65470	0
391	G	0.00026	0.34484	0.65490	0
392	S	0.00006	0.34504	0.65490	0
393	S	0.00003	0.35035	0.64962	0
394	C	0.00001	0.40471	0.59527	0
395	E	0.00001	0.41204	0.58794	0
396	F	0.00001	0.41289	0.58711	0
397	S	0.00001	0.45061	0.54938	0
398	C	0.00001	0.49981	0.50019	0
399	E	0.00000	0.50739	0.49261	0
400	Q	0.00000	0.50636	0.49364	0
401	G	0.00000	0.50363	0.49637	0
402	F	0.00000	0.50249	0.49751	0
403	V	0.00000	0.50251	0.49749	0
404	L	0.00057	0.51353	0.48590	0
405	K	0.00879	0.66502	0.32619	0
406	G	0.01270	0.69677	0.29053	0
407	S	0.05341	0.73133	0.21525	0
408	K	0.20637	0.7426	0.05103	0
409	R	0.23507	0.74732	0.01761	0
410	L	0.24153	0.74988	0.00859	0
411	Q	0.24197	0.75056	0.00747	0
412	C	0.24289	0.7508	0.00631	0
413	G	0.24292	0.75081	0.00627	0
414	P	0.24292	0.75082	0.00626	0
415	T	0.24292	0.75082	0.00626	0
416	G	0.24292	0.75082	0.00626	0
417	E	0.24292	0.75082	0.00626	0
418	W	0.24284	0.75083	0.00633	0
419	D	0.24284	0.75084	0.00632	0
420	N	0.24286	0.75084	0.00630	0
421	E	0.24308	0.75084	0.00608	0
422	K	0.24794	0.75084	0.00121	0
423	P	0.24899	0.75084	0.00017	0
424	T	0.24795	0.75084	0.00121	0
425	C	0.02273	0.75084	0.22643	0
426	E	0.02192	0.75084	0.22724	0
427	A	0.01081	0.75074	0.23845	0
428	V	0.00916	0.75074	0.24011	0
429	R	0.00906	0.75074	0.24020	0
430	C	0.00628	0.75074	0.24299	0
431	D	0.00627	0.75073	0.24300	0
432	A	0.00625	0.7505	0.24325	0
433	V	0.00625	0.75021	0.24354	0
434	H	0.00625	0.75021	0.24354	0
435	Q	0.00625	0.75021	0.24354	0
436	P	0.00625	0.75021	0.24354	0
437	P	0.00625	0.74899	0.24477	0
438	K	0.00621	0.74824	0.24555	0
439	G	0.00411	0.74439	0.25149	0
440	L	0.00195	0.66568	0.33237	0
441	V	0.00006	0.62286	0.37708	0
442	R	0.00004	0.61775	0.38222	0
443	C	0.00003	0.61184	0.38813	0
444	A	0.00003	0.48858	0.51139	0
445	H	0.00008	0.49183	0.50809	0
446	S	0.00013	0.57599	0.42388	0
447	P	0.00013	0.63366	0.36621	0
448	I	0.00013	0.63376	0.36611	0
449	G	0.00013	0.63639	0.36348	0
450	E	0.00012	0.63933	0.36055	0
451	F	0.00010	0.6376	0.36229	0
452	T	0.00010	0.63769	0.36221	0
453	Y	0.00011	0.63778	0.36212	0
454	K	0.00032	0.63783	0.36185	0
455	S	0.00042	0.63781	0.36177	0
456	S	0.00047	0.63781	0.36172	0
457	C	0.00043	0.63781	0.36176	0
458	A	0.00063	0.63783	0.36154	0
459	F	0.00068	0.63795	0.36137	0
460	S	0.00085	0.63987	0.35928	0
461	C	0.00170	0.64304	0.35526	0
462	E	0.06763	0.64382	0.28855	0
463	E	0.07544	0.64402	0.28053	0
464	G	0.08342	0.64402	0.27256	0
465	F	0.08461	0.64402	0.27136	0
466	E	0.09907	0.64402	0.25690	0
467	L	0.31751	0.64402	0.03847	0
468	H	0.33606	0.64402	0.01992	0
469	G	0.34060	0.64391	0.01548	0
470	S	0.34662	0.64392	0.00946	0
471	T	0.35137	0.64393	0.00470	0
472	Q	0.35496	0.64394	0.00110	0
473	L	0.35547	0.64394	0.00059	0
474	E	0.35553	0.64394	0.00053	0
475	C	0.35572	0.64394	0.00034	0
476	T	0.35576	0.64394	0.00030	0
477	S	0.35576	0.644	0.00024	0
478	Q	0.35577	0.64387	0.00037	0
479	G	0.35572	0.64354	0.00074	0
480	Q	0.35550	0.64354	0.00096	0
481	W	0.22442	0.64346	0.13212	0
482	T	0.22244	0.64346	0.13410	0
483	E	0.22047	0.64346	0.13607	0
484	E	0.20075	0.64346	0.15579	0
485	V	0.12493	0.64345	0.23161	0
486	P	0.12242	0.64345	0.23412	0
487	S	0.11728	0.64317	0.23955	0
488	C	0.09471	0.64317	0.26212	0
489	Q	0.08619	0.64313	0.27068	0
490	V	0.00986	0.64285	0.34729	0
491	V	0.00978	0.64284	0.34738	0
492	K	0.00890	0.64287	0.34823	0
493	C	0.00375	0.64184	0.35441	0
494	S	0.00315	0.57534	0.42151	0
495	S	0.00297	0.55262	0.44440	0
496	L	0.00273	0.0005	0.99678	0
497	A	0.00271	0.00043	0.99687	0
498	V	0.00271	9e-05	0.99720	0
499	P	0.00275	0.00069	0.99656	0
500	G	0.00211	0.02604	0.97185	0
501	K	0.00217	0.12327	0.87456	0
502	I	0.00190	0.12601	0.87210	0
503	N	0.00194	0.13226	0.86580	0
504	M	0.00192	0.13334	0.86474	0
505	S	0.00199	0.16984	0.82817	0
506	C	0.00200	0.2312	0.76679	0
507	S	0.00201	0.23757	0.76042	0
508	G	0.00202	0.2457	0.75228	0
509	E	0.00208	0.2493	0.74862	0
510	P	0.00205	0.24939	0.74856	0
511	V	0.00077	0.24945	0.74979	0
512	F	0.00051	0.24841	0.75108	0
513	G	0.00059	0.27847	0.72094	0
514	T	0.00055	0.30092	0.69853	0
515	V	0.00032	0.30872	0.69096	0
516	C	0.00530	0.34447	0.65023	0
517	K	0.06325	0.34526	0.59149	0
518	F	0.07006	0.32104	0.60890	0
519	A	0.24772	0.32078	0.43150	0
520	C	0.44508	0.32101	0.23392	0
521	P	0.64199	0.3209	0.03712	0
522	E	0.64351	0.30437	0.05212	0
523	G	0.64351	0.16464	0.19185	0
524	W	0.64351	0.13124	0.22525	0
525	T	0.64351	0.12994	0.22655	0
526	L	0.64351	0.12891	0.22758	0
527	N	0.64347	0.10738	0.24915	0
528	G	0.62153	0.10689	0.27158	0
529	S	0.52767	0.10687	0.36546	0
530	A	0.09943	0.10688	0.79370	0
531	A	0.08481	0.10696	0.80823	0
532	R	0.06949	0.10796	0.82255	0
533	T	0.01776	0.1081	0.87415	0
534	C	0.00012	0.10844	0.89144	0
535	G	0.00176	0.10855	0.88969	0
536	A	0.00319	0.10861	0.88820	0
537	T	0.00463	0.1088	0.88657	0
538	G	0.00464	0.10881	0.88655	0
539	H	0.00472	0.10881	0.88646	0
540	W	0.00490	0.10882	0.88628	0
541	S	0.01693	0.10883	0.87424	0
542	G	0.01975	0.10883	0.87142	0
543	L	0.02251	0.10883	0.86865	0
544	L	0.10240	0.10883	0.78877	0
545	P	0.18004	0.10884	0.71112	0
546	T	0.18905	0.10888	0.70207	0
547	C	0.19710	0.11191	0.69098	0
548	E	0.24749	0.1278	0.62470	0
549	A	0.24760	0.13352	0.61888	0
550	P	0.24767	0.22488	0.52745	0
551	T	0.24771	0.42056	0.33174	0
552	E	0.24771	0.63268	0.11962	0
553	S	0.24770	0.709	0.04329	0
554	N	0.24769	0.59762	0.15468	0
555	I	0.22792	0.25173	0.52036	0
556	P	0.22790	0.23565	0.53645	0
557	L	0.00591	0.0056	0.98850	0
558	V	0.00179	0.00043	0.99779	0
559	A	0.00092	3e-05	0.99906	0
560	G	0.00000	0	1.00000	0
561	L	0.00000	0	1.00000	0
562	S	0.00000	0	1.00000	0
563	A	0.00000	0	1.00000	0
564	A	0.00000	0	1.00000	0
565	G	0.00000	0	1.00000	0
566	L	0.00000	0	1.00000	0
567	S	0.00000	0	1.00000	0
568	L	0.00000	0	1.00000	0
569	L	0.00000	0	1.00000	0
570	T	0.00003	0	0.99997	0
571	L	0.00006	0	0.99994	0
572	A	0.00019	0	0.99981	0
573	P	0.00151	0	0.99849	0
574	F	0.01215	0	0.98785	0
575	L	0.09348	1e-05	0.90651	0
576	L	0.18068	0.00022	0.81910	0
577	W	0.29039	0.00468	0.70493	0
578	L	0.46419	0.0161	0.51971	0
579	R	0.75229	0.23373	0.01398	0
580	K	0.75229	0.24752	0.00018	0
581	C	0.75229	0.24766	0.00005	0
582	L	0.75229	0.244	0.00371	0
583	R	0.75229	0.21115	0.03655	0
584	K	0.75229	0.15637	0.09134	0
585	A	0.75229	0.00095	0.24676	0
586	K	0.75229	6e-05	0.24765	0
587	K	0.75229	0	0.24771	0
588	F	0.75229	0	0.24771	0
589	V	0.75229	0	0.24771	0
590	P	0.75229	0	0.24771	0
591	A	0.75229	0	0.24771	0
592	S	0.75229	0	0.24771	0
593	S	0.75229	0	0.24771	0
594	C	0.75229	0	0.24771	0
595	Q	0.75229	0	0.24771	0
596	S	0.75229	0	0.24771	0
597	L	0.75229	0	0.24771	0
598	E	0.75229	0	0.24771	0
599	S	0.75229	0	0.24771	0
600	D	0.75229	0	0.24771	0
601	G	0.75229	0	0.24771	0
602	S	0.75229	0	0.24771	0
603	Y	0.75229	0	0.24771	0
604	Q	0.89419	0	0.10581	0
605	K	1.00000	0	0.00000	0
606	P	1.00000	0	0.00000	0
607	S	1.00000	0	0.00000	0
608	Y	1.00000	0	0.00000	0
609	I	1.00000	0	0.00000	0
610	L	1.00000	0	0.00000	0
