# UNNAMED
#pos	aa	i	o	M	S
1	M	0.00000	1e-05	0.00000	0.99999
2	T	0.00000	1e-05	0.00000	0.99999
3	P	0.00000	1e-05	0.00000	0.99999
4	Q	0.00000	1e-05	0.00000	0.99999
5	S	0.00000	1e-05	0.00000	0.99999
6	L	0.00000	1e-05	0.00000	0.99999
7	L	0.00000	1e-05	0.00000	0.99999
8	Q	0.00000	1e-05	0.00000	0.99999
9	T	0.00000	1e-05	0.00000	0.99999
10	T	0.00000	1e-05	0.00000	0.99999
11	L	0.00000	1e-05	0.00000	0.99999
12	F	0.00000	1e-05	0.00000	0.99999
13	L	0.00000	1e-05	0.00000	0.99998
14	L	0.00000	1e-05	0.00000	0.99999
15	S	0.00000	1e-05	0.00000	0.99999
16	L	0.00000	1e-05	0.00000	0.99999
17	L	0.00000	1e-05	0.00000	0.99999
18	F	0.00000	1e-05	0.00000	0.99998
19	L	0.00000	1e-05	0.00000	0.99999
20	V	0.00000	0.0002	0.00000	0.9998
21	Q	0.00000	0.0002	0.00000	0.9998
22	G	0.00000	0.0002	0.00000	0.9998
23	A	0.00000	0.04807	0.00000	0.95192
24	H	0.00000	0.0482	0.00000	0.95181
25	G	0.00000	0.0482	0.00000	0.95179
26	R	0.00000	1	0.00000	1e-05
27	G	0.00000	0.99999	0.00000	1e-05
28	H	0.00000	1	0.00000	0
29	R	0.00000	1	0.00000	0
30	E	0.00000	1	0.00000	0
31	D	0.00000	1	0.00000	0
32	F	0.00000	1	0.00000	0
33	R	0.00000	1	0.00000	0
34	F	0.00000	1	0.00000	0
35	C	0.00000	1	0.00000	0
36	S	0.00000	1	0.00000	0
37	Q	0.00000	1	0.00000	0
38	R	0.00000	1	0.00000	0
39	N	0.00000	1	0.00000	0
40	Q	0.00000	1	0.00000	0
41	T	0.00000	1	0.00000	0
42	H	0.00000	1	0.00000	0
43	R	0.00000	1	0.00000	0
44	S	0.00000	1	0.00000	0
45	S	0.00000	1	0.00000	0
46	L	0.00000	1	0.00000	0
47	H	0.00000	1	0.00000	0
48	Y	0.00000	1	0.00000	0
49	K	0.00000	1	0.00000	0
50	P	0.00000	1	0.00000	0
51	T	0.00000	1	0.00000	0
52	P	0.00000	1	0.00000	0
53	D	0.00000	1	0.00000	0
54	L	0.00000	1	0.00000	0
55	R	0.00000	1	0.00000	0
56	I	0.00000	1	0.00000	0
57	S	0.00000	1	0.00000	0
58	I	0.00000	1	0.00000	0
59	E	0.00000	1	0.00000	0
60	N	0.00000	1	0.00000	0
61	S	0.00000	1	0.00000	0
62	E	0.00000	1	0.00000	0
63	E	0.00000	1	0.00000	0
64	A	0.00000	1	0.00000	0
65	L	0.00000	1	0.00000	0
66	T	0.00000	1	0.00000	0
67	V	0.00000	1	0.00000	0
68	H	0.00000	1	0.00000	0
69	A	0.00000	1	0.00000	0
70	P	0.00000	1	0.00000	0
71	F	0.00000	1	0.00000	0
72	P	0.00000	1	0.00000	0
73	A	0.00000	1	0.00000	0
74	A	0.00000	1	0.00000	0
75	H	0.00000	1	0.00000	0
76	P	0.00000	1	0.00000	0
77	A	0.00000	1	0.00000	0
78	S	0.00000	1	0.00000	0
79	R	0.00000	1	0.00000	0
80	S	0.00000	1	0.00000	0
81	F	0.00000	1	0.00000	0
82	P	0.00000	1	0.00000	0
83	D	0.00000	1	0.00000	0
84	P	0.00000	1	0.00000	0
85	R	0.00000	1	0.00000	0
86	G	0.00000	1	0.00000	0
87	L	0.00000	1	0.00000	0
88	Y	0.00000	1	0.00000	0
89	H	0.00000	1	0.00000	0
90	F	0.00000	1	0.00000	0
91	C	0.00000	1	0.00000	0
92	L	0.00000	1	0.00000	0
93	Y	0.00000	1	0.00000	0
94	W	0.00000	1	0.00000	0
95	N	0.00000	1	0.00000	0
96	R	0.00000	1	0.00000	0
97	H	0.00000	1	0.00000	0
98	A	0.00000	1	0.00000	0
99	G	0.00000	1	0.00000	0
100	R	0.00000	1	0.00000	0
101	L	0.00000	1	0.00000	0
102	H	0.00000	1	0.00000	0
103	L	0.00000	1	0.00000	0
104	L	0.00000	1	0.00000	0
105	Y	0.00000	1	0.00000	0
106	G	0.00000	1	0.00000	0
107	K	0.00000	1	0.00000	0
108	R	0.00000	1	0.00000	0
109	D	0.00000	1	0.00000	0
110	F	0.00000	1	0.00000	0
111	L	0.00000	1	0.00000	0
112	L	0.00000	1	0.00000	0
113	S	0.00000	1	0.00000	0
114	D	0.00000	1	0.00000	0
115	K	0.00000	1	0.00000	0
116	A	0.00000	1	0.00000	0
117	S	0.00000	1	0.00000	0
118	S	0.00000	1	0.00000	0
119	L	0.00000	1	0.00000	0
120	L	0.00000	1	0.00000	0
121	C	0.00000	1	0.00000	0
122	F	0.00000	1	0.00000	0
123	Q	0.00000	1	0.00000	0
124	H	0.00000	1	0.00000	0
125	Q	0.00000	1	0.00000	0
126	E	0.00000	1	0.00000	0
127	E	0.00000	1	0.00000	0
128	S	0.00000	1	0.00000	0
129	L	0.00000	1	0.00000	0
130	A	0.00000	1	0.00000	0
131	Q	0.00000	1	0.00000	0
132	G	0.00000	1	0.00000	0
133	P	0.00000	1	0.00000	0
134	P	0.00000	1	0.00000	0
135	L	0.00000	1	0.00000	0
136	L	0.00000	1	0.00000	0
137	A	0.00000	1	0.00000	0
138	T	0.00000	1	0.00000	0
139	S	0.00000	1	0.00000	0
140	V	0.00000	1	0.00000	0
141	T	0.00000	1	0.00000	0
142	S	0.00000	1	0.00000	0
143	W	0.00000	1	0.00000	0
144	W	0.00000	1	0.00000	0
145	S	0.00000	1	0.00000	0
146	P	0.00000	1	0.00000	0
147	Q	0.00000	1	0.00000	0
148	N	0.00000	1	0.00000	0
149	I	0.00000	1	0.00000	0
150	S	0.00000	1	0.00000	0
151	L	0.00000	1	0.00000	0
152	P	0.00000	1	0.00000	0
153	S	0.00000	1	0.00000	0
154	A	0.00000	1	0.00000	0
155	A	0.00000	1	0.00000	0
156	S	0.00000	1	0.00000	0
157	F	0.00000	1	0.00000	0
158	T	0.00000	1	0.00000	0
159	F	0.00000	1	0.00000	0
160	S	0.00000	1	0.00000	0
161	F	0.00000	1	0.00000	0
162	H	0.00000	1	0.00000	0
163	S	0.00000	1	0.00000	0
164	P	0.00000	1	0.00000	0
165	P	0.00000	1	0.00000	0
166	H	0.00000	1	0.00000	0
167	T	0.00000	1	0.00000	0
168	A	0.00000	1	0.00000	0
169	A	0.00000	1	0.00000	0
170	H	0.00000	1	0.00000	0
171	N	0.00000	1	0.00000	0
172	A	0.00000	1	0.00000	0
173	S	0.00000	1	0.00000	0
174	V	0.00000	1	0.00000	0
175	D	0.00000	1	0.00000	0
176	M	0.00000	1	0.00000	0
177	C	0.00000	1	0.00000	0
178	E	0.00000	1	0.00000	0
179	L	0.00000	1	0.00000	0
180	K	0.00000	1	0.00000	0
181	R	0.00000	1	0.00000	0
182	D	0.00000	1	0.00000	0
183	L	0.00000	1	0.00000	0
184	Q	0.00000	1	0.00000	0
185	L	0.00000	1	0.00000	0
186	L	0.00000	1	0.00000	0
187	S	0.00000	1	0.00000	0
188	Q	0.00000	1	0.00000	0
189	F	0.00000	1	0.00000	0
190	L	0.00000	1	0.00000	0
191	K	0.00000	1	0.00000	0
192	H	0.00000	1	0.00000	0
193	P	0.00000	1	0.00000	0
194	Q	0.00000	1	0.00000	0
195	K	0.00000	1	0.00000	0
196	A	0.00000	1	0.00000	0
197	S	0.00000	1	0.00000	0
198	R	0.00000	1	0.00000	0
199	R	0.00000	1	0.00000	0
200	P	0.00000	1	0.00000	0
201	S	0.00000	1	0.00000	0
202	A	0.00000	1	0.00000	0
203	A	0.00000	1	0.00000	0
204	P	0.00000	1	0.00000	0
205	A	0.00000	1	0.00000	0
206	S	0.00000	1	0.00000	0
207	Q	0.00000	1	0.00000	0
208	Q	0.00000	1	0.00000	0
209	L	0.00000	1	0.00000	0
210	Q	0.00000	1	0.00000	0
211	S	0.00000	1	0.00000	0
212	L	0.00000	1	0.00000	0
213	E	0.00000	1	0.00000	0
214	S	0.00000	1	0.00000	0
215	K	0.00000	1	0.00000	0
216	L	0.00000	1	0.00000	0
217	T	0.00000	1	0.00000	0
218	S	0.00000	1	0.00000	0
219	V	0.00000	1	0.00000	0
220	R	0.00000	1	0.00000	0
221	F	0.00000	1	0.00000	0
222	M	0.00000	1	0.00000	0
223	G	0.00000	1	0.00000	0
224	D	0.00000	1	0.00000	0
225	M	0.00000	1	0.00000	0
226	V	0.00000	1	0.00000	0
227	S	0.00000	1	0.00000	0
228	F	0.00000	1	0.00000	0
229	E	0.00000	1	0.00000	0
230	E	0.00000	1	0.00000	0
231	D	0.00000	1	0.00000	0
232	R	0.00000	1	0.00000	0
233	I	0.00000	1	0.00000	0
234	N	0.00000	1	0.00000	0
235	A	0.00000	1	0.00000	0
236	T	0.00000	1	0.00000	0
237	V	0.00000	1	0.00000	0
238	W	0.00000	1	0.00000	0
239	K	0.00000	1	0.00000	0
240	L	0.00000	1	0.00000	0
241	Q	0.00000	1	0.00000	0
242	P	0.00000	1	0.00000	0
243	T	0.00000	1	0.00000	0
244	A	0.00000	1	0.00000	0
245	G	0.00000	1	0.00000	0
246	L	0.00000	1	0.00000	0
247	Q	0.00000	1	0.00000	0
248	D	0.00000	1	0.00000	0
249	L	0.00000	1	0.00000	0
250	H	0.00000	1	0.00000	0
251	I	0.00000	1	0.00000	0
252	H	0.00000	1	0.00000	0
253	S	0.00000	1	0.00000	0
254	R	0.00000	1	0.00000	0
255	Q	0.00000	1	0.00000	0
256	E	0.00000	1	0.00000	0
257	E	0.00000	1	0.00000	0
258	E	0.00000	1	0.00000	0
259	Q	0.00000	1	0.00000	0
260	S	0.00000	1	0.00000	0
261	E	0.00000	1	0.00000	0
262	I	0.00000	1	0.00000	0
263	M	0.00000	1	0.00000	0
264	E	0.00000	1	0.00000	0
265	Y	0.00000	1	0.00000	0
266	S	0.00000	1	0.00000	0
267	V	0.00000	1	0.00000	0
268	L	0.00000	1	0.00000	0
269	L	0.00000	1	0.00000	0
270	P	0.00000	1	0.00000	0
271	R	0.00000	1	0.00000	0
272	T	0.00000	1	0.00000	0
273	L	0.00000	1	0.00000	0
274	F	0.00000	1	0.00000	0
275	Q	0.00000	1	0.00000	0
276	R	0.00000	1	0.00000	0
277	T	0.00000	1	0.00000	0
278	K	0.00000	1	0.00000	0
279	G	0.00000	1	0.00000	0
280	R	0.00000	1	0.00000	0
281	S	0.00000	1	0.00000	0
282	G	0.00000	1	0.00000	0
283	E	0.00000	1	0.00000	0
284	A	0.00000	1	0.00000	0
285	E	0.00000	1	0.00000	0
286	K	0.00000	1	0.00000	0
287	R	0.00000	1	0.00000	0
288	L	0.00000	1	0.00000	0
289	L	0.00000	1	0.00000	0
290	L	0.00000	1	0.00000	0
291	V	0.00000	1	0.00000	0
292	D	0.00000	1	0.00000	0
293	F	0.00000	1	0.00000	0
294	S	0.00000	1	0.00000	0
295	S	0.00000	1	0.00000	0
296	Q	0.00000	1	0.00000	0
297	A	0.00000	1	0.00000	0
298	L	0.00000	1	0.00000	0
299	F	0.00000	1	0.00000	0
300	Q	0.00000	1	0.00000	0
301	D	0.00000	1	0.00000	0
302	K	0.00000	1	0.00000	0
303	N	0.00000	1	0.00000	0
304	S	0.00000	1	0.00000	0
305	S	0.00000	1	0.00000	0
306	Q	0.00000	1	0.00000	0
307	V	0.00000	1	0.00000	0
308	L	0.00000	1	0.00000	0
309	G	0.00000	1	0.00000	0
310	E	0.00000	1	0.00000	0
311	K	0.00000	1	0.00000	0
312	V	0.00000	1	0.00000	0
313	L	0.00000	1	0.00000	0
314	G	0.00000	1	0.00000	0
315	I	0.00000	1	0.00000	0
316	V	0.00000	1	0.00000	0
317	V	0.00000	1	0.00000	0
318	Q	0.00000	1	0.00000	0
319	N	0.00000	1	0.00000	0
320	T	0.00000	1	0.00000	0
321	K	0.00000	1	0.00000	0
322	V	0.00000	1	0.00000	0
323	A	0.00000	1	0.00000	0
324	N	0.00000	1	0.00000	0
325	L	0.00000	1	0.00000	0
326	T	0.00000	1	0.00000	0
327	E	0.00000	1	0.00000	0
328	P	0.00000	1	0.00000	0
329	V	0.00000	1	0.00000	0
330	V	0.00000	1	0.00000	0
331	L	0.00000	1	0.00000	0
332	T	0.00000	1	0.00000	0
333	F	0.00000	1	0.00000	0
334	Q	0.00000	1	0.00000	0
335	H	0.00000	1	0.00000	0
336	Q	0.00000	1	0.00000	0
337	L	0.00000	1	0.00000	0
338	Q	0.00000	1	0.00000	0
339	P	0.00000	1	0.00000	0
340	K	0.00000	1	0.00000	0
341	N	0.00000	1	0.00000	0
342	V	0.00000	1	0.00000	0
343	T	0.00000	1	0.00000	0
344	L	0.00000	1	0.00000	0
345	Q	0.00000	1	0.00000	0
346	C	0.00000	1	0.00000	0
347	V	0.00000	1	0.00000	0
348	F	0.00000	1	0.00000	0
349	W	0.00000	1	0.00000	0
350	V	0.00000	1	0.00000	0
351	E	0.00000	1	0.00000	0
352	D	0.00000	1	0.00000	0
353	P	0.00000	1	0.00000	0
354	T	0.00000	1	0.00000	0
355	L	0.00000	1	0.00000	0
356	S	0.00000	1	0.00000	0
357	S	0.00000	1	0.00000	0
358	P	0.00000	1	0.00000	0
359	G	0.00000	1	0.00000	0
360	H	0.00000	1	0.00000	0
361	W	0.00000	1	0.00000	0
362	S	0.00000	1	0.00000	0
363	S	0.00000	1	0.00000	0
364	A	0.00000	1	0.00000	0
365	G	0.00000	1	0.00000	0
366	C	0.00000	1	0.00000	0
367	E	0.00000	1	0.00000	0
368	T	0.00000	1	0.00000	0
369	V	0.00000	1	0.00000	0
370	R	0.00000	1	0.00000	0
371	R	0.00000	1	0.00000	0
372	E	0.00000	1	0.00000	0
373	T	0.00000	1	0.00000	0
374	Q	0.00000	1	0.00000	0
375	T	0.00000	1	0.00000	0
376	S	0.00000	1	0.00000	0
377	C	0.00000	1	0.00000	0
378	F	0.00000	1	0.00000	0
379	C	0.00000	1	0.00000	0
380	N	0.00000	1	0.00000	0
381	H	0.00000	1	0.00000	0
382	L	0.00000	1	0.00000	0
383	T	0.00000	1	0.00000	0
384	Y	0.00000	1	0.00000	0
385	F	0.00000	1	0.00000	0
386	A	0.00000	1	0.00000	0
387	V	0.00000	1	0.00000	0
388	L	0.00000	1	0.00000	0
389	M	0.00000	1	0.00000	0
390	V	0.00000	1	0.00000	0
391	S	0.00000	1	0.00000	0
392	S	0.00000	1	0.00000	0
393	V	0.00000	1	0.00000	0
394	E	0.00000	1	0.00000	0
395	V	0.00000	1	0.00000	0
396	D	0.00000	1	0.00000	0
397	A	0.00000	0.99999	0.00001	0
398	V	0.00000	0.9994	0.00060	0
399	H	0.00000	0.99914	0.00086	0
400	K	0.00000	0.99886	0.00114	0
401	H	0.00000	0.98442	0.01558	0
402	Y	0.00000	0.96254	0.03746	0
403	L	0.00000	0.95884	0.04116	0
404	S	0.00000	0.81804	0.18196	0
405	L	0.00000	0.19533	0.80467	0
406	L	0.00000	0.03689	0.96311	0
407	S	0.00000	0.02714	0.97286	0
408	Y	0.00000	0.00388	0.99612	0
409	V	0.00000	0.00046	0.99954	0
410	G	0.00000	0.00029	0.99971	0
411	C	0.00000	0.00021	0.99979	0
412	V	0.00000	2e-05	0.99998	0
413	V	0.00000	0	1.00000	0
414	S	0.00000	0	1.00000	0
415	A	0.00000	0	1.00000	0
416	L	0.00000	0	1.00000	0
417	A	0.00000	0	1.00000	0
418	C	0.00000	0	1.00000	0
419	L	0.00000	0	1.00000	0
420	V	0.00000	0	1.00000	0
421	T	0.00000	0	1.00000	0
422	I	0.00000	0	1.00000	0
423	A	0.00000	0	1.00000	0
424	A	0.00000	0	1.00000	0
425	Y	0.00003	0	0.99997	0
426	L	0.00091	0	0.99909	0
427	C	0.05331	0	0.94669	0
428	S	0.48031	0	0.51969	0
429	R	0.91228	0	0.08772	0
430	V	0.98559	0	0.01441	0
431	P	0.99591	0	0.00409	0
432	L	0.99662	0	0.00338	0
433	P	0.99956	0	0.00044	0
434	C	0.99997	0	0.00003	0
435	R	1.00000	0	0.00000	0
436	R	1.00000	0	0.00000	0
437	K	1.00000	0	0.00000	0
438	P	1.00000	0	0.00000	0
439	R	1.00000	0	0.00000	0
440	D	0.99849	0	0.00151	0
441	Y	0.99338	0	0.00662	0
442	T	0.96493	0	0.03507	0
443	I	0.73161	0	0.26839	0
444	K	0.69380	0	0.30620	0
445	V	0.16531	0	0.83469	0
446	H	0.01266	0	0.98734	0
447	M	0.00006	0	0.99994	0
448	N	0.00000	0	1.00000	0
449	L	0.00000	0	1.00000	0
450	L	0.00000	0	1.00000	0
451	L	0.00000	0	1.00000	0
452	A	0.00000	0	1.00000	0
453	V	0.00000	0	1.00000	0
454	F	0.00000	0	1.00000	0
455	L	0.00000	0	1.00000	0
456	L	0.00000	0	1.00000	0
457	D	0.00000	0	1.00000	0
458	T	0.00000	0	1.00000	0
459	S	0.00000	0	1.00000	0
460	F	0.00000	1e-05	0.99999	0
461	L	0.00000	7e-05	0.99993	0
462	L	0.00000	0.00143	0.99857	0
463	S	0.00000	0.07253	0.92747	0
464	E	0.00000	0.11071	0.88929	0
465	P	0.00000	0.12951	0.87049	0
466	V	0.00000	0.15667	0.84333	0
467	A	0.00000	0.25055	0.74945	0
468	L	0.00000	0.35757	0.64243	0
469	T	0.00000	0.94122	0.05878	0
470	G	0.00000	1	0.00000	0
471	S	0.00000	1	0.00000	0
472	E	0.00000	1	0.00000	0
473	A	0.00000	1	0.00000	0
474	G	0.00000	0.99999	0.00001	0
475	C	0.00000	0.99997	0.00003	0
476	R	0.00000	0.99916	0.00084	0
477	A	0.00000	0.99575	0.00425	0
478	S	0.00000	0.99178	0.00822	0
479	A	0.00000	0.60116	0.39884	0
480	I	0.00000	0.01832	0.98168	0
481	F	0.00000	0.00081	0.99919	0
482	L	0.00000	5e-05	0.99995	0
483	H	0.00000	0	1.00000	0
484	F	0.00000	0	1.00000	0
485	S	0.00000	0	1.00000	0
486	L	0.00000	0	1.00000	0
487	L	0.00000	0	1.00000	0
488	T	0.00000	0	1.00000	0
489	C	0.00000	0	1.00000	0
490	L	0.00000	0	1.00000	0
491	S	0.00000	0	1.00000	0
492	W	0.00000	0	1.00000	0
493	M	0.00000	0	1.00000	0
494	G	0.00000	0	1.00000	0
495	L	0.00000	0	1.00000	0
496	E	0.00000	0	1.00000	0
497	G	0.00001	0	0.99999	0
498	Y	0.00007	0	0.99993	0
499	N	0.00713	0	0.99287	0
500	L	0.11724	0	0.88276	0
501	Y	0.91625	0	0.08375	0
502	R	0.92500	0	0.07500	0
503	L	0.99805	0	0.00195	0
504	V	0.99986	0	0.00014	0
505	V	0.99999	0	0.00001	0
506	E	1.00000	0	0.00000	0
507	V	1.00000	0	0.00000	0
508	F	1.00000	0	0.00000	0
509	G	1.00000	0	0.00000	0
510	T	1.00000	0	0.00000	0
511	Y	1.00000	0	0.00000	0
512	V	1.00000	0	0.00000	0
513	P	0.99999	0	0.00001	0
514	G	0.94965	0	0.05035	0
515	Y	0.32729	0	0.67271	0
516	L	0.10177	0	0.89823	0
517	L	0.03512	0	0.96488	0
518	K	0.02386	0	0.97614	0
519	L	0.00053	0	0.99947	0
520	S	0.00004	0	0.99996	0
521	A	0.00000	0	1.00000	0
522	M	0.00000	0	1.00000	0
523	G	0.00000	0	1.00000	0
524	W	0.00000	0	1.00000	0
525	G	0.00000	0	1.00000	0
526	F	0.00000	0	1.00000	0
527	P	0.00000	0	1.00000	0
528	I	0.00000	0	1.00000	0
529	F	0.00000	0	1.00000	0
530	L	0.00000	0	1.00000	0
531	V	0.00000	0	1.00000	0
532	T	0.00000	0	1.00000	0
533	L	0.00000	1e-05	0.99999	0
534	V	0.00000	0.00069	0.99931	0
535	A	0.00000	0.01033	0.98967	0
536	L	0.00000	0.06535	0.93465	0
537	V	0.00000	0.39015	0.60985	0
538	D	0.00000	0.99326	0.00674	0
539	V	0.00000	0.99443	0.00557	0
540	D	0.00000	0.99999	0.00001	0
541	N	0.00000	1	0.00000	0
542	Y	0.00000	1	0.00000	0
543	G	0.00000	1	0.00000	0
544	P	0.00000	1	0.00000	0
545	I	0.00000	1	0.00000	0
546	I	0.00000	1	0.00000	0
547	L	0.00000	1	0.00000	0
548	A	0.00000	1	0.00000	0
549	V	0.00000	1	0.00000	0
550	H	0.00000	1	0.00000	0
551	R	0.00000	1	0.00000	0
552	T	0.00000	1	0.00000	0
553	P	0.00000	1	0.00000	0
554	E	0.00000	1	0.00000	0
555	G	0.00000	1	0.00000	0
556	V	0.00000	1	0.00000	0
557	I	0.00000	1	0.00000	0
558	Y	0.00000	1	0.00000	0
559	P	0.00000	1	0.00000	0
560	S	0.00000	0.99977	0.00023	0
561	M	0.00000	0.98629	0.01371	0
562	C	0.00000	0.98628	0.01372	0
563	W	0.00000	0.98628	0.01372	0
564	I	0.00000	0.98627	0.01373	0
565	R	0.00000	0.98626	0.01374	0
566	D	0.00000	0.9861	0.01390	0
567	S	0.00000	0.96555	0.03445	0
568	L	0.00000	0.77345	0.22655	0
569	V	0.00000	0.36792	0.63208	0
570	S	0.00000	0.3641	0.63590	0
571	Y	0.00000	0.01701	0.98299	0
572	I	0.00000	0.01505	0.98495	0
573	T	0.00000	0.01435	0.98565	0
574	N	0.00000	0.00159	0.99841	0
575	L	0.00000	0.00055	0.99945	0
576	G	0.00000	8e-05	0.99992	0
577	L	0.00000	0	1.00000	0
578	F	0.00000	0	1.00000	0
579	S	0.00000	0	1.00000	0
580	L	0.00000	0	1.00000	0
581	V	0.00000	0	1.00000	0
582	F	0.00000	0	1.00000	0
583	L	0.00002	0	0.99998	0
584	F	0.00029	0	0.99971	0
585	N	0.01060	0	0.98940	0
586	M	0.01200	0	0.98800	0
587	A	0.01288	0	0.98712	0
588	M	0.01334	0	0.98666	0
589	L	0.01405	0	0.98595	0
590	A	0.02822	0	0.97178	0
591	T	0.08378	0	0.91622	0
592	M	0.12235	0	0.87765	0
593	V	0.16969	0	0.83031	0
594	V	0.36899	0	0.63101	0
595	Q	0.93154	0	0.06846	0
596	I	0.93752	0	0.06248	0
597	L	0.96140	0	0.03860	0
598	R	0.99912	0	0.00088	0
599	L	0.99965	0	0.00035	0
600	R	1.00000	0	0.00000	0
601	P	1.00000	0	0.00000	0
602	H	1.00000	0	0.00000	0
603	T	0.99999	0	0.00001	0
604	Q	0.99999	0	0.00001	0
605	K	0.99999	0	0.00001	0
606	W	0.99979	0	0.00021	0
607	S	0.99979	0	0.00021	0
608	H	0.99977	0	0.00023	0
609	V	0.01346	0	0.98654	0
610	L	0.01298	0	0.98702	0
611	T	0.00026	0	0.99974	0
612	L	0.00023	0	0.99977	0
613	L	0.00005	0	0.99995	0
614	G	0.00005	0	0.99995	0
615	L	0.00000	0	1.00000	0
616	S	0.00000	0	1.00000	0
617	L	0.00000	0	1.00000	0
618	V	0.00000	0	1.00000	0
619	L	0.00000	0	1.00000	0
620	G	0.00000	0	1.00000	0
621	L	0.00000	0	1.00000	0
622	P	0.00000	0	1.00000	0
623	W	0.00000	0	1.00000	0
624	A	0.00000	0	1.00000	0
625	L	0.00000	0	1.00000	0
626	I	0.00000	0	1.00000	0
627	F	0.00000	0	1.00000	0
628	F	0.00000	0.00019	0.99981	0
629	S	0.00000	0.01101	0.98899	0
630	F	0.00000	0.02583	0.97417	0
631	A	0.00000	0.17374	0.82626	0
632	S	0.00000	0.7268	0.27320	0
633	G	0.00000	0.94297	0.05703	0
634	T	0.00000	0.96799	0.03201	0
635	F	0.00000	0.87906	0.12094	0
636	Q	0.00000	0.79127	0.20873	0
637	L	0.00000	0.22374	0.77626	0
638	V	0.00000	0.03091	0.96909	0
639	V	0.00000	0.0004	0.99960	0
640	L	0.00000	3e-05	0.99997	0
641	Y	0.00000	1e-05	0.99999	0
642	L	0.00000	0	1.00000	0
643	F	0.00000	0	1.00000	0
644	S	0.00000	0	1.00000	0
645	I	0.00000	0	1.00000	0
646	I	0.00000	0	1.00000	0
647	T	0.00000	0	1.00000	0
648	S	0.00000	0	1.00000	0
649	F	0.00000	0	1.00000	0
650	Q	0.00000	0	1.00000	0
651	G	0.00000	0	1.00000	0
652	F	0.00000	0	1.00000	0
653	L	0.00002	0	0.99998	0
654	I	0.00062	0	0.99938	0
655	F	0.00168	0	0.99832	0
656	I	0.03132	0	0.96868	0
657	W	0.08576	0	0.91424	0
658	Y	0.18222	0	0.81778	0
659	W	0.79057	0	0.20943	0
660	S	0.97095	0	0.02905	0
661	M	0.99417	0	0.00583	0
662	R	1.00000	0	0.00000	0
663	L	1.00000	0	0.00000	0
664	Q	1.00000	0	0.00000	0
665	A	1.00000	0	0.00000	0
666	R	1.00000	0	0.00000	0
667	G	1.00000	0	0.00000	0
668	G	1.00000	0	0.00000	0
669	P	1.00000	0	0.00000	0
670	S	1.00000	0	0.00000	0
671	P	1.00000	0	0.00000	0
672	L	1.00000	0	0.00000	0
673	K	1.00000	0	0.00000	0
674	S	1.00000	0	0.00000	0
675	N	1.00000	0	0.00000	0
676	S	1.00000	0	0.00000	0
677	D	1.00000	0	0.00000	0
678	S	1.00000	0	0.00000	0
679	A	1.00000	0	0.00000	0
680	R	1.00000	0	0.00000	0
681	L	1.00000	0	0.00000	0
682	P	1.00000	0	0.00000	0
683	I	1.00000	0	0.00000	0
684	S	1.00000	0	0.00000	0
685	S	1.00000	0	0.00000	0
686	G	1.00000	0	0.00000	0
687	S	1.00000	0	0.00000	0
688	T	1.00000	0	0.00000	0
689	S	1.00000	0	0.00000	0
690	S	1.00000	0	0.00000	0
691	S	1.00000	0	0.00000	0
692	R	1.00000	0	0.00000	0
693	I	1.00000	0	0.00000	0
