# UNNAMED
#pos	aa	i	o	M	S
1	M	0.00000	0.99543	0.00000	0.00457
2	V	0.00000	0.99543	0.00000	0.00457
3	I	0.00000	0.99543	0.00000	0.00457
4	M	0.00000	0.99543	0.00000	0.00458
5	G	0.00000	0.99543	0.00000	0.00457
6	Q	0.00000	0.99543	0.00000	0.00458
7	C	0.00000	0.99543	0.00000	0.00457
8	Y	0.00000	0.99543	0.00000	0.00457
9	Y	0.00000	0.99543	0.00000	0.00457
10	N	0.00000	0.99543	0.00000	0.00457
11	E	0.00000	0.99543	0.00000	0.00457
12	T	0.00000	0.99543	0.00000	0.00457
13	I	0.00000	0.99543	0.00000	0.00457
14	G	0.00000	0.99543	0.00000	0.00457
15	F	0.00000	0.99955	0.00000	0.00045
16	F	0.00000	0.99955	0.00000	0.00045
17	Y	0.00000	0.99955	0.00000	0.00045
18	N	0.00000	0.99955	0.00000	0.00045
19	N	0.00000	0.99955	0.00000	0.00045
20	S	0.00000	0.99955	0.00000	0.00045
21	G	0.00000	0.99955	0.00000	0.00045
22	K	0.00000	1	0.00000	0
23	E	0.00000	1	0.00000	0
24	L	0.00000	1	0.00000	0
25	S	0.00000	1	0.00000	0
26	S	0.00000	1	0.00000	0
27	H	0.00000	1	0.00000	0
28	W	0.00000	1	0.00000	0
29	R	0.00000	1	0.00000	0
30	P	0.00000	1	0.00000	0
31	K	0.00000	1	0.00000	0
32	D	0.00000	1	0.00000	0
33	V	0.00000	0.28802	0.71198	0
34	V	0.00000	0.05898	0.94102	0
35	V	0.00000	0.0179	0.98210	0
36	V	0.00000	0.00812	0.99188	0
37	A	0.00000	0.00321	0.99679	0
38	L	0.00000	0.00043	0.99957	0
39	G	0.00000	0.00015	0.99985	0
40	L	0.00000	1e-05	0.99999	0
41	T	0.00000	0	1.00000	0
42	V	0.00000	0	1.00000	0
43	S	0.00000	0	1.00000	0
44	V	0.00000	0	1.00000	0
45	L	0.00000	0	1.00000	0
46	V	0.00000	0	1.00000	0
47	L	0.00000	0	1.00000	0
48	L	0.00000	0	1.00000	0
49	T	0.00000	0	1.00000	0
50	N	0.00000	0	1.00000	0
51	L	0.00000	0	1.00000	0
52	L	0.00000	0	1.00000	0
53	V	0.00000	0	1.00000	0
54	I	0.00008	0	0.99992	0
55	A	0.00368	0	0.99632	0
56	A	0.04659	0	0.95341	0
57	I	0.11886	0	0.88114	0
58	A	0.62904	0	0.37096	0
59	S	0.98230	0	0.01770	0
60	N	0.99936	0	0.00064	0
61	R	0.99999	0	0.00001	0
62	R	1.00000	0	0.00000	0
63	F	1.00000	0	0.00000	0
64	H	1.00000	0	0.00000	0
65	Q	1.00000	0	0.00000	0
66	P	1.00000	0	0.00000	0
67	I	0.20886	0	0.79114	0
68	Y	0.16387	0	0.83613	0
69	Y	0.05027	0	0.94973	0
70	L	0.00048	0	0.99952	0
71	L	0.00000	0	1.00000	0
72	G	0.00000	0	1.00000	0
73	N	0.00000	0	1.00000	0
74	L	0.00000	0	1.00000	0
75	A	0.00000	0	1.00000	0
76	A	0.00000	0	1.00000	0
77	A	0.00000	0	1.00000	0
78	D	0.00000	0	1.00000	0
79	L	0.00000	0	1.00000	0
80	F	0.00000	0	1.00000	0
81	A	0.00000	0	1.00000	0
82	G	0.00000	0	1.00000	0
83	V	0.00000	0	1.00000	0
84	A	0.00000	0	1.00000	0
85	Y	0.00000	4e-05	0.99996	0
86	L	0.00000	0.00017	0.99983	0
87	F	0.00000	0.00294	0.99706	0
88	L	0.00000	0.01235	0.98765	0
89	M	0.00000	0.04042	0.95958	0
90	F	0.00000	0.30229	0.69771	0
91	H	0.00000	0.98448	0.01552	0
92	T	0.00000	0.99531	0.00469	0
93	G	0.00000	0.99752	0.00248	0
94	P	0.00000	0.99903	0.00097	0
95	R	0.00000	0.99988	0.00012	0
96	T	0.00000	0.99993	0.00007	0
97	A	0.00000	0.99998	0.00002	0
98	R	0.00000	1	0.00000	0
99	L	0.00000	1	0.00000	0
100	S	0.00000	1	0.00000	0
101	L	0.00000	1	0.00000	0
102	E	0.00000	1	0.00000	0
103	G	0.00000	0.99997	0.00003	0
104	W	0.00000	0.99887	0.00113	0
105	F	0.00000	0.99301	0.00699	0
106	L	0.00000	0.99093	0.00907	0
107	R	0.00000	0.98992	0.01008	0
108	Q	0.00000	0.63137	0.36863	0
109	G	0.00000	0.16049	0.83951	0
110	L	0.00000	0.02005	0.97995	0
111	L	0.00000	0.00086	0.99914	0
112	D	0.00000	0.00022	0.99978	0
113	T	0.00000	1e-05	0.99999	0
114	S	0.00000	0	1.00000	0
115	L	0.00000	0	1.00000	0
116	T	0.00000	0	1.00000	0
117	A	0.00000	0	1.00000	0
118	S	0.00000	0	1.00000	0
119	V	0.00000	0	1.00000	0
120	A	0.00000	0	1.00000	0
121	T	0.00000	0	1.00000	0
122	L	0.00000	0	1.00000	0
123	L	0.00000	0	1.00000	0
124	A	0.00000	0	1.00000	0
125	I	0.00000	0	1.00000	0
126	A	0.00001	0	0.99999	0
127	V	0.00003	0	0.99997	0
128	E	0.00008	0	0.99992	0
129	R	0.00930	0	0.99070	0
130	H	0.05631	0	0.94369	0
131	R	0.18025	0	0.81975	0
132	S	0.91272	0	0.08728	0
133	V	0.99836	0	0.00164	0
134	M	1.00000	0	0.00000	0
135	A	1.00000	0	0.00000	0
136	V	1.00000	0	0.00000	0
137	Q	1.00000	0	0.00000	0
138	L	1.00000	0	0.00000	0
139	H	1.00000	0	0.00000	0
140	S	1.00000	0	0.00000	0
141	R	1.00000	0	0.00000	0
142	L	1.00000	0	0.00000	0
143	P	1.00000	0	0.00000	0
144	R	0.99988	0	0.00012	0
145	G	0.99008	0	0.00992	0
146	R	0.94371	0	0.05629	0
147	V	0.24571	0	0.75429	0
148	V	0.02032	0	0.97968	0
149	M	0.00386	0	0.99614	0
150	L	0.00024	0	0.99976	0
151	I	0.00000	0	1.00000	0
152	V	0.00000	0	1.00000	0
153	G	0.00000	0	1.00000	0
154	V	0.00000	0	1.00000	0
155	W	0.00000	0	1.00000	0
156	V	0.00000	0	1.00000	0
157	A	0.00000	0	1.00000	0
158	A	0.00000	0	1.00000	0
159	L	0.00000	0	1.00000	0
160	G	0.00000	0	1.00000	0
161	L	0.00000	0	1.00000	0
162	G	0.00000	0	1.00000	0
163	L	0.00000	0	1.00000	0
164	L	0.00000	3e-05	0.99997	0
165	P	0.00000	0.00182	0.99818	0
166	A	0.00000	0.01416	0.98584	0
167	H	0.00000	0.2206	0.77940	0
168	S	0.00000	0.61526	0.38474	0
169	W	0.00000	0.82049	0.17951	0
170	H	0.00000	0.95972	0.04028	0
171	C	0.00000	0.99911	0.00089	0
172	L	0.00000	0.99993	0.00007	0
173	C	0.00000	1	0.00000	0
174	A	0.00000	1	0.00000	0
175	L	0.00000	1	0.00000	0
176	D	0.00000	1	0.00000	0
177	R	0.00000	1	0.00000	0
178	C	0.00000	1	0.00000	0
179	S	0.00000	1	0.00000	0
180	R	0.00000	1	0.00000	0
181	M	0.00000	0.99998	0.00002	0
182	A	0.00000	0.99925	0.00075	0
183	P	0.00000	0.99889	0.00111	0
184	L	0.00000	0.99777	0.00223	0
185	L	0.00000	0.99769	0.00231	0
186	S	0.00000	0.99753	0.00247	0
187	R	0.00000	0.99634	0.00366	0
188	S	0.00000	0.94227	0.05773	0
189	Y	0.00000	0.7523	0.24770	0
190	L	0.00000	0.68371	0.31629	0
191	A	0.00000	0.10802	0.89198	0
192	V	0.00000	0.00037	0.99963	0
193	W	0.00000	6e-05	0.99994	0
194	A	0.00000	1e-05	0.99999	0
195	L	0.00000	0	1.00000	0
196	S	0.00000	0	1.00000	0
197	S	0.00000	0	1.00000	0
198	L	0.00000	0	1.00000	0
199	L	0.00000	0	1.00000	0
200	V	0.00000	0	1.00000	0
201	F	0.00000	0	1.00000	0
202	L	0.00000	0	1.00000	0
203	L	0.00000	0	1.00000	0
204	M	0.00000	0	1.00000	0
205	V	0.00001	0	0.99999	0
206	A	0.00007	0	0.99993	0
207	V	0.00014	0	0.99986	0
208	Y	0.00045	0	0.99955	0
209	T	0.00221	0	0.99779	0
210	R	0.00333	0	0.99667	0
211	I	0.00349	0	0.99651	0
212	F	0.00533	0	0.99467	0
213	F	0.02889	0	0.97111	0
214	Y	0.08849	0	0.91151	0
215	V	0.95114	0	0.04886	0
216	R	0.99845	0	0.00155	0
217	R	0.99995	0	0.00005	0
218	R	1.00000	0	0.00000	0
219	V	1.00000	0	0.00000	0
220	Q	1.00000	0	0.00000	0
221	R	1.00000	0	0.00000	0
222	M	1.00000	0	0.00000	0
223	A	1.00000	0	0.00000	0
224	E	1.00000	0	0.00000	0
225	H	1.00000	0	0.00000	0
226	V	1.00000	0	0.00000	0
227	S	1.00000	0	0.00000	0
228	C	1.00000	0	0.00000	0
229	H	1.00000	0	0.00000	0
230	P	1.00000	0	0.00000	0
231	R	1.00000	0	0.00000	0
232	Y	1.00000	0	0.00000	0
233	R	1.00000	0	0.00000	0
234	E	1.00000	0	0.00000	0
235	T	0.99966	0	0.00034	0
236	T	0.99315	0	0.00685	0
237	L	0.70579	0	0.29421	0
238	S	0.60984	0	0.39016	0
239	L	0.13959	0	0.86041	0
240	V	0.13456	0	0.86544	0
241	K	0.13290	0	0.86710	0
242	T	0.13187	0	0.86813	0
243	V	0.00056	0	0.99944	0
244	V	0.00000	0	1.00000	0
245	I	0.00000	0	1.00000	0
246	I	0.00000	0	1.00000	0
247	L	0.00000	0	1.00000	0
248	G	0.00000	0	1.00000	0
249	A	0.00000	0	1.00000	0
250	F	0.00000	0	1.00000	0
251	V	0.00000	0	1.00000	0
252	V	0.00000	0	1.00000	0
253	C	0.00000	0	1.00000	0
254	W	0.00000	0	1.00000	0
255	T	0.00000	0	1.00000	0
256	P	0.00000	1e-05	0.99999	0
257	G	0.00000	4e-05	0.99996	0
258	Q	0.00000	9e-05	0.99991	0
259	V	0.00000	0.00027	0.99973	0
260	V	0.00000	0.00118	0.99882	0
261	L	0.00000	0.00462	0.99538	0
262	L	0.00000	0.04116	0.95884	0
263	L	0.00000	0.37506	0.62494	0
264	D	0.00000	0.99458	0.00542	0
265	G	0.00000	0.9963	0.00370	0
266	L	0.00000	0.99694	0.00306	0
267	G	0.00000	0.9994	0.00060	0
268	C	0.00000	0.99996	0.00004	0
269	E	0.00000	1	0.00000	0
270	S	0.00000	1	0.00000	0
271	C	0.00000	0.99998	0.00002	0
272	N	0.00000	0.99958	0.00042	0
273	V	0.00000	0.98133	0.01867	0
274	L	0.00000	0.5722	0.42780	0
275	A	0.00000	0.37507	0.62493	0
276	V	0.00000	0.23209	0.76791	0
277	E	0.00000	0.18617	0.81383	0
278	K	0.00000	0.10075	0.89925	0
279	Y	0.00000	0.00178	0.99822	0
280	F	0.00000	0	1.00000	0
281	L	0.00000	0	1.00000	0
282	L	0.00000	0	1.00000	0
283	L	0.00000	0	1.00000	0
284	A	0.00000	0	1.00000	0
285	E	0.00000	0	1.00000	0
286	A	0.00000	0	1.00000	0
287	N	0.00000	0	1.00000	0
288	S	0.00000	0	1.00000	0
289	L	0.00000	0	1.00000	0
290	V	0.00000	0	1.00000	0
291	N	0.00000	0	1.00000	0
292	A	0.00000	0	1.00000	0
293	A	0.00003	0	0.99997	0
294	V	0.00059	0	0.99941	0
295	Y	0.00415	0	0.99585	0
296	S	0.01579	0	0.98421	0
297	C	0.08903	0	0.91097	0
298	R	1.00000	0	0.00000	0
299	D	1.00000	0	0.00000	0
300	A	1.00000	0	0.00000	0
301	E	1.00000	0	0.00000	0
302	M	1.00000	0	0.00000	0
303	R	1.00000	0	0.00000	0
304	R	1.00000	0	0.00000	0
305	T	1.00000	0	0.00000	0
306	F	1.00000	0	0.00000	0
307	R	1.00000	0	0.00000	0
308	R	1.00000	0	0.00000	0
309	L	1.00000	0	0.00000	0
310	L	1.00000	0	0.00000	0
311	C	1.00000	0	0.00000	0
312	C	1.00000	0	0.00000	0
313	A	1.00000	0	0.00000	0
314	C	1.00000	0	0.00000	0
315	L	1.00000	0	0.00000	0
316	R	1.00000	0	0.00000	0
317	Q	1.00000	0	0.00000	0
318	S	1.00000	0	0.00000	0
319	T	1.00000	0	0.00000	0
320	R	1.00000	0	0.00000	0
321	E	1.00000	0	0.00000	0
322	S	1.00000	0	0.00000	0
323	V	1.00000	0	0.00000	0
324	H	1.00000	0	0.00000	0
325	Y	1.00000	0	0.00000	0
326	T	1.00000	0	0.00000	0
327	S	1.00000	0	0.00000	0
328	S	1.00000	0	0.00000	0
329	A	1.00000	0	0.00000	0
330	Q	1.00000	0	0.00000	0
331	G	1.00000	0	0.00000	0
332	G	1.00000	0	0.00000	0
333	A	1.00000	0	0.00000	0
334	S	1.00000	0	0.00000	0
335	T	1.00000	0	0.00000	0
336	R	1.00000	0	0.00000	0
337	I	1.00000	0	0.00000	0
338	M	1.00000	0	0.00000	0
339	L	1.00000	0	0.00000	0
340	P	1.00000	0	0.00000	0
341	E	1.00000	0	0.00000	0
342	N	1.00000	0	0.00000	0
343	G	1.00000	0	0.00000	0
344	H	1.00000	0	0.00000	0
345	P	1.00000	0	0.00000	0
346	L	1.00000	0	0.00000	0
347	M	1.00000	0	0.00000	0
348	D	1.00000	0	0.00000	0
349	S	1.00000	0	0.00000	0
350	T	1.00000	0	0.00000	0
351	L	1.00000	0	0.00000	0
