# UNNAMED
#pos	aa	i	o	M	S
1	M	0.00000	1	0.00000	0
2	P	0.00000	1	0.00000	0
3	D	0.00000	1	0.00000	0
4	T	0.00000	1	0.00000	0
5	N	0.00000	1	0.00000	0
6	S	0.00000	1	0.00000	0
7	T	0.00000	1	0.00000	0
8	I	0.00000	1	0.00000	0
9	N	0.00000	1	0.00000	0
10	L	0.00000	1	0.00000	0
11	S	0.00000	0.99998	0.00002	0
12	L	0.00000	0.9998	0.00020	0
13	S	0.00000	0.99938	0.00062	0
14	T	0.00000	0.99731	0.00269	0
15	R	0.00000	0.99451	0.00549	0
16	V	0.00000	0.67895	0.32105	0
17	T	0.00000	0.35807	0.64193	0
18	L	0.00000	0.13343	0.86657	0
19	A	0.00000	0.06222	0.93778	0
20	F	0.00000	0.0193	0.98070	0
21	F	0.00000	0.00828	0.99172	0
22	M	0.00000	0.00672	0.99328	0
23	S	0.00000	0.00281	0.99719	0
24	L	0.00000	0.00026	0.99974	0
25	V	0.00000	0	1.00000	0
26	A	0.00000	0	1.00000	0
27	F	0.00000	0	1.00000	0
28	A	0.00000	0	1.00000	0
29	I	0.00000	0	1.00000	0
30	M	0.00000	0	1.00000	0
31	L	0.00000	0	1.00000	0
32	G	0.00000	0	1.00000	0
33	N	0.00000	0	1.00000	0
34	A	0.00000	0	1.00000	0
35	L	0.00000	0	1.00000	0
36	V	0.00000	0	1.00000	0
37	I	0.00000	0	1.00000	0
38	L	0.00008	0	0.99992	0
39	A	0.00400	0	0.99600	0
40	F	0.01847	0	0.98153	0
41	V	0.15489	0	0.84511	0
42	V	0.50654	0	0.49346	0
43	D	0.99629	0	0.00371	0
44	K	0.99994	0	0.00006	0
45	N	1.00000	0	0.00000	0
46	L	1.00000	0	0.00000	0
47	R	1.00000	0	0.00000	0
48	H	1.00000	0	0.00000	0
49	R	1.00000	0	0.00000	0
50	S	0.99917	0	0.00083	0
51	S	0.98521	0	0.01479	0
52	Y	0.38432	0	0.61568	0
53	F	0.00491	0	0.99509	0
54	F	0.00053	0	0.99947	0
55	L	0.00000	0	1.00000	0
56	N	0.00000	0	1.00000	0
57	L	0.00000	0	1.00000	0
58	A	0.00000	0	1.00000	0
59	I	0.00000	0	1.00000	0
60	S	0.00000	0	1.00000	0
61	D	0.00000	0	1.00000	0
62	F	0.00000	0	1.00000	0
63	F	0.00000	0	1.00000	0
64	V	0.00000	0	1.00000	0
65	G	0.00000	0	1.00000	0
66	V	0.00000	0	1.00000	0
67	I	0.00000	0	1.00000	0
68	S	0.00000	0	1.00000	0
69	I	0.00000	1e-05	0.99999	0
70	P	0.00000	0.00054	0.99946	0
71	L	0.00000	0.00488	0.99512	0
72	Y	0.00000	0.04252	0.95748	0
73	I	0.00000	0.06052	0.93948	0
74	P	0.00000	0.49619	0.50381	0
75	H	0.00000	0.99998	0.00002	0
76	T	0.00000	0.99999	0.00001	0
77	L	0.00000	0.99999	0.00001	0
78	F	0.00000	1	0.00000	0
79	E	0.00000	1	0.00000	0
80	W	0.00000	1	0.00000	0
81	D	0.00000	1	0.00000	0
82	F	0.00000	1	0.00000	0
83	G	0.00000	1	0.00000	0
84	K	0.00000	1	0.00000	0
85	E	0.00000	1	0.00000	0
86	I	0.00000	0.9998	0.00020	0
87	C	0.00000	0.99964	0.00036	0
88	V	0.00000	0.99803	0.00197	0
89	F	0.00000	0.99764	0.00236	0
90	W	0.00000	0.96174	0.03826	0
91	L	0.00000	0.4758	0.52420	0
92	T	0.00000	0.32051	0.67949	0
93	T	0.00000	0.04053	0.95947	0
94	D	0.00000	0.01361	0.98639	0
95	Y	0.00000	0.00085	0.99915	0
96	L	0.00000	0	1.00000	0
97	L	0.00000	0	1.00000	0
98	C	0.00000	0	1.00000	0
99	T	0.00000	0	1.00000	0
100	A	0.00000	0	1.00000	0
101	S	0.00000	0	1.00000	0
102	V	0.00000	0	1.00000	0
103	Y	0.00000	0	1.00000	0
104	N	0.00000	0	1.00000	0
105	I	0.00000	0	1.00000	0
106	V	0.00000	0	1.00000	0
107	L	0.00000	0	1.00000	0
108	I	0.00000	0	1.00000	0
109	S	0.00001	0	0.99999	0
110	Y	0.00002	0	0.99998	0
111	D	0.00006	0	0.99994	0
112	R	0.00860	0	0.99140	0
113	Y	0.04976	0	0.95024	0
114	L	0.13306	0	0.86694	0
115	S	0.84763	0	0.15237	0
116	V	0.99994	0	0.00006	0
117	S	1.00000	0	0.00000	0
118	N	1.00000	0	0.00000	0
119	A	1.00000	0	0.00000	0
120	V	1.00000	0	0.00000	0
121	S	1.00000	0	0.00000	0
122	Y	1.00000	0	0.00000	0
123	R	1.00000	0	0.00000	0
124	T	1.00000	0	0.00000	0
125	Q	1.00000	0	0.00000	0
126	H	0.99985	0	0.00015	0
127	T	0.99378	0	0.00622	0
128	G	0.97516	0	0.02484	0
129	V	0.92151	0	0.07849	0
130	L	0.90093	0	0.09907	0
131	K	0.88728	0	0.11272	0
132	I	0.08708	0	0.91292	0
133	V	0.01437	0	0.98563	0
134	T	0.00726	0	0.99274	0
135	L	0.00020	0	0.99980	0
136	M	0.00001	0	0.99999	0
137	V	0.00000	0	1.00000	0
138	A	0.00000	0	1.00000	0
139	V	0.00000	0	1.00000	0
140	W	0.00000	0	1.00000	0
141	V	0.00000	0	1.00000	0
142	L	0.00000	0	1.00000	0
143	A	0.00000	0	1.00000	0
144	F	0.00000	0	1.00000	0
145	L	0.00000	0	1.00000	0
146	V	0.00000	0.00013	0.99987	0
147	N	0.00000	0.00753	0.99247	0
148	G	0.00000	0.01415	0.98585	0
149	P	0.00000	0.01853	0.98147	0
150	M	0.00000	0.02052	0.97948	0
151	I	0.00000	0.03008	0.96992	0
152	L	0.00000	0.05865	0.94135	0
153	V	0.00000	0.17892	0.82108	0
154	S	0.00000	0.72771	0.27229	0
155	E	0.00000	0.99778	0.00222	0
156	S	0.00000	0.99957	0.00043	0
157	W	0.00000	0.99988	0.00012	0
158	K	0.00000	1	0.00000	0
159	D	0.00000	1	0.00000	0
160	E	0.00000	1	0.00000	0
161	G	0.00000	1	0.00000	0
162	S	0.00000	1	0.00000	0
163	E	0.00000	1	0.00000	0
164	C	0.00000	1	0.00000	0
165	E	0.00000	1	0.00000	0
166	P	0.00000	0.99999	0.00001	0
167	G	0.00000	0.99998	0.00002	0
168	F	0.00000	0.99989	0.00011	0
169	F	0.00000	0.99987	0.00013	0
170	S	0.00000	0.99987	0.00013	0
171	E	0.00000	0.99982	0.00018	0
172	W	0.00000	0.99882	0.00118	0
173	Y	0.00000	0.98915	0.01085	0
174	I	0.00000	0.86996	0.13004	0
175	L	0.00000	0.8657	0.13430	0
176	A	0.00000	0.86452	0.13548	0
177	I	0.00000	0.01677	0.98323	0
178	T	0.00000	0.01551	0.98449	0
179	S	0.00000	0.00805	0.99195	0
180	F	0.00000	0.00604	0.99396	0
181	L	0.00000	1e-05	0.99999	0
182	E	0.00000	0	1.00000	0
183	F	0.00000	0	1.00000	0
184	V	0.00000	0	1.00000	0
185	I	0.00000	0	1.00000	0
186	P	0.00000	0	1.00000	0
187	V	0.00000	0	1.00000	0
188	I	0.00000	0	1.00000	0
189	L	0.00000	0	1.00000	0
190	V	0.00000	0	1.00000	0
191	A	0.00000	0	1.00000	0
192	Y	0.00000	0	1.00000	0
193	F	0.00002	0	0.99998	0
194	N	0.00033	0	0.99967	0
195	M	0.00053	0	0.99947	0
196	N	0.00134	0	0.99866	0
197	I	0.00162	0	0.99838	0
198	Y	0.00214	0	0.99786	0
199	W	0.00661	0	0.99339	0
200	S	0.09089	0	0.90911	0
201	L	0.11083	0	0.88917	0
202	W	0.21390	0	0.78610	0
203	K	0.99599	0	0.00401	0
204	R	0.99990	0	0.00010	0
205	D	1.00000	0	0.00000	0
206	H	1.00000	0	0.00000	0
207	L	1.00000	0	0.00000	0
208	S	1.00000	0	0.00000	0
209	R	1.00000	0	0.00000	0
210	C	1.00000	0	0.00000	0
211	Q	1.00000	0	0.00000	0
212	S	1.00000	0	0.00000	0
213	H	1.00000	0	0.00000	0
214	P	1.00000	0	0.00000	0
215	G	1.00000	0	0.00000	0
216	L	1.00000	0	0.00000	0
217	T	1.00000	0	0.00000	0
218	A	1.00000	0	0.00000	0
219	V	1.00000	0	0.00000	0
220	S	1.00000	0	0.00000	0
221	S	1.00000	0	0.00000	0
222	N	1.00000	0	0.00000	0
223	I	1.00000	0	0.00000	0
224	C	1.00000	0	0.00000	0
225	G	1.00000	0	0.00000	0
226	H	1.00000	0	0.00000	0
227	S	1.00000	0	0.00000	0
228	F	1.00000	0	0.00000	0
229	R	1.00000	0	0.00000	0
230	G	1.00000	0	0.00000	0
231	R	1.00000	0	0.00000	0
232	L	1.00000	0	0.00000	0
233	S	1.00000	0	0.00000	0
234	S	1.00000	0	0.00000	0
235	R	1.00000	0	0.00000	0
236	R	1.00000	0	0.00000	0
237	S	1.00000	0	0.00000	0
238	L	1.00000	0	0.00000	0
239	S	1.00000	0	0.00000	0
240	A	1.00000	0	0.00000	0
241	S	1.00000	0	0.00000	0
242	T	1.00000	0	0.00000	0
243	E	1.00000	0	0.00000	0
244	V	1.00000	0	0.00000	0
245	P	1.00000	0	0.00000	0
246	A	1.00000	0	0.00000	0
247	S	1.00000	0	0.00000	0
248	F	1.00000	0	0.00000	0
249	H	1.00000	0	0.00000	0
250	S	1.00000	0	0.00000	0
251	E	1.00000	0	0.00000	0
252	R	1.00000	0	0.00000	0
253	Q	1.00000	0	0.00000	0
254	R	1.00000	0	0.00000	0
255	R	1.00000	0	0.00000	0
256	K	1.00000	0	0.00000	0
257	S	1.00000	0	0.00000	0
258	S	1.00000	0	0.00000	0
259	L	1.00000	0	0.00000	0
260	M	1.00000	0	0.00000	0
261	F	1.00000	0	0.00000	0
262	S	1.00000	0	0.00000	0
263	S	1.00000	0	0.00000	0
264	R	1.00000	0	0.00000	0
265	T	1.00000	0	0.00000	0
266	K	1.00000	0	0.00000	0
267	M	1.00000	0	0.00000	0
268	N	1.00000	0	0.00000	0
269	S	1.00000	0	0.00000	0
270	N	1.00000	0	0.00000	0
271	T	1.00000	0	0.00000	0
272	I	1.00000	0	0.00000	0
273	A	1.00000	0	0.00000	0
274	S	1.00000	0	0.00000	0
275	K	1.00000	0	0.00000	0
276	M	1.00000	0	0.00000	0
277	G	1.00000	0	0.00000	0
278	S	1.00000	0	0.00000	0
279	F	1.00000	0	0.00000	0
280	S	1.00000	0	0.00000	0
281	Q	1.00000	0	0.00000	0
282	S	1.00000	0	0.00000	0
283	D	1.00000	0	0.00000	0
284	S	1.00000	0	0.00000	0
285	V	1.00000	0	0.00000	0
286	A	1.00000	0	0.00000	0
287	L	1.00000	0	0.00000	0
288	H	1.00000	0	0.00000	0
289	Q	1.00000	0	0.00000	0
290	R	1.00000	0	0.00000	0
291	E	1.00000	0	0.00000	0
292	H	1.00000	0	0.00000	0
293	V	1.00000	0	0.00000	0
294	E	1.00000	0	0.00000	0
295	L	1.00000	0	0.00000	0
296	L	1.00000	0	0.00000	0
297	R	1.00000	0	0.00000	0
298	A	0.99995	0	0.00005	0
299	R	0.99754	0	0.00246	0
300	R	0.99749	0	0.00251	0
301	L	0.98267	0	0.01733	0
302	A	0.98200	0	0.01800	0
303	K	0.98174	0	0.01826	0
304	S	0.98076	0	0.01924	0
305	L	0.02257	0	0.97743	0
306	A	0.00128	0	0.99872	0
307	I	0.00061	0	0.99939	0
308	L	0.00021	0	0.99979	0
309	L	0.00003	0	0.99997	0
310	G	0.00000	0	1.00000	0
311	V	0.00000	0	1.00000	0
312	F	0.00000	0	1.00000	0
313	A	0.00000	0	1.00000	0
314	V	0.00000	0	1.00000	0
315	C	0.00000	0	1.00000	0
316	W	0.00000	0	1.00000	0
317	A	0.00000	0	1.00000	0
318	P	0.00000	0	1.00000	0
319	Y	0.00000	0	1.00000	0
320	S	0.00000	0	1.00000	0
321	L	0.00000	1e-05	0.99999	0
322	F	0.00000	8e-05	0.99992	0
323	T	0.00000	0.00044	0.99956	0
324	I	0.00000	0.00102	0.99898	0
325	V	0.00000	0.00198	0.99802	0
326	L	0.00000	0.0102	0.98980	0
327	S	0.00000	0.08419	0.91581	0
328	F	0.00000	0.13354	0.86646	0
329	Y	0.00000	0.41445	0.58555	0
330	S	0.00000	0.73688	0.26312	0
331	S	0.00000	0.8706	0.12940	0
332	A	0.00000	0.90892	0.09108	0
333	T	0.00000	0.98135	0.01865	0
334	G	0.00000	0.99919	0.00081	0
335	P	0.00000	0.99988	0.00012	0
336	K	0.00000	1	0.00000	0
337	S	0.00000	0.99965	0.00035	0
338	V	0.00000	0.99442	0.00558	0
339	W	0.00000	0.99272	0.00728	0
340	Y	0.00000	0.99189	0.00811	0
341	R	0.00000	0.85206	0.14794	0
342	I	0.00000	0.41729	0.58271	0
343	A	0.00000	0.3711	0.62890	0
344	F	0.00000	0.00198	0.99802	0
345	W	0.00000	0	1.00000	0
346	L	0.00000	0	1.00000	0
347	Q	0.00000	0	1.00000	0
348	W	0.00000	0	1.00000	0
349	F	0.00000	0	1.00000	0
350	N	0.00000	0	1.00000	0
351	S	0.00000	0	1.00000	0
352	F	0.00000	0	1.00000	0
353	V	0.00000	0	1.00000	0
354	N	0.00000	0	1.00000	0
355	P	0.00000	0	1.00000	0
356	L	0.00000	0	1.00000	0
357	L	0.00000	0	1.00000	0
358	Y	0.00000	0	1.00000	0
359	P	0.00002	0	0.99998	0
360	L	0.00044	0	0.99956	0
361	C	0.01454	0	0.98546	0
362	H	0.15371	0	0.84629	0
363	K	1.00000	0	0.00000	0
364	R	1.00000	0	0.00000	0
365	F	1.00000	0	0.00000	0
366	Q	1.00000	0	0.00000	0
367	K	1.00000	0	0.00000	0
368	A	1.00000	0	0.00000	0
369	F	1.00000	0	0.00000	0
370	L	1.00000	0	0.00000	0
371	K	1.00000	0	0.00000	0
372	I	1.00000	0	0.00000	0
373	F	1.00000	0	0.00000	0
374	C	1.00000	0	0.00000	0
375	I	1.00000	0	0.00000	0
376	K	1.00000	0	0.00000	0
377	K	1.00000	0	0.00000	0
378	Q	1.00000	0	0.00000	0
379	P	1.00000	0	0.00000	0
380	L	1.00000	0	0.00000	0
381	P	1.00000	0	0.00000	0
382	S	1.00000	0	0.00000	0
383	Q	1.00000	0	0.00000	0
384	H	1.00000	0	0.00000	0
385	S	1.00000	0	0.00000	0
386	R	1.00000	0	0.00000	0
387	S	1.00000	0	0.00000	0
388	V	1.00000	0	0.00000	0
389	S	1.00000	0	0.00000	0
390	S	1.00000	0	0.00000	0
