# UNNAMED
#pos	aa	i	o	M	S
1	M	0.00000	0.9755	0.00000	0.0245
2	A	0.00000	0.9755	0.00000	0.0245
3	S	0.00000	0.9755	0.00000	0.0245
4	S	0.00000	0.9755	0.00000	0.0245
5	G	0.00000	0.9755	0.00000	0.0245
6	Y	0.00000	0.9755	0.00000	0.02449
7	V	0.00000	0.9755	0.00000	0.0245
8	L	0.00000	0.9755	0.00000	0.0245
9	Q	0.00000	0.9755	0.00000	0.0245
10	A	0.00000	0.9755	0.00000	0.0245
11	E	0.00000	0.9755	0.00000	0.0245
12	L	0.00000	0.9755	0.00000	0.0245
13	S	0.00000	0.97559	0.00000	0.02442
14	P	0.00000	0.97559	0.00000	0.02441
15	S	0.00000	0.9756	0.00000	0.02441
16	T	0.00000	0.97577	0.00000	0.02423
17	E	0.00000	0.97577	0.00000	0.02422
18	N	0.00000	0.98637	0.00000	0.01362
19	S	0.00000	0.9864	0.00000	0.0136
20	S	0.00000	0.9864	0.00000	0.0136
21	Q	0.00000	0.99974	0.00000	0.00026
22	L	0.00000	0.99993	0.00000	7e-05
23	D	0.00000	1	0.00000	0
24	F	0.00000	1	0.00000	0
25	E	0.00000	1	0.00000	0
26	D	0.00000	1	0.00000	0
27	V	0.00000	1	0.00000	0
28	W	0.00000	1	0.00000	0
29	N	0.00000	1	0.00000	0
30	S	0.00000	1	0.00000	0
31	S	0.00000	1	0.00000	0
32	Y	0.00000	1	0.00000	0
33	G	0.00000	1	0.00000	0
34	V	0.00000	1	0.00000	0
35	N	0.00000	1	0.00000	0
36	D	0.00000	1	0.00000	0
37	S	0.00000	1	0.00000	0
38	F	0.00000	1	0.00000	0
39	P	0.00000	1	0.00000	0
40	D	0.00000	1	0.00000	0
41	G	0.00000	1	0.00000	0
42	D	0.00000	1	0.00000	0
43	Y	0.00000	1	0.00000	0
44	G	0.00000	1	0.00000	0
45	A	0.00000	1	0.00000	0
46	N	0.00000	1	0.00000	0
47	L	0.00000	1	0.00000	0
48	E	0.00000	1	0.00000	0
49	A	0.00000	1	0.00000	0
50	A	0.00000	1	0.00000	0
51	A	0.00000	1	0.00000	0
52	P	0.00000	1	0.00000	0
53	C	0.00000	1	0.00000	0
54	H	0.00000	1	0.00000	0
55	S	0.00000	1	0.00000	0
56	C	0.00000	1	0.00000	0
57	N	0.00000	1	0.00000	0
58	L	0.00000	1	0.00000	0
59	L	0.00000	1	0.00000	0
60	D	0.00000	1	0.00000	0
61	D	0.00000	1	0.00000	0
62	S	0.00000	0.98024	0.01976	0
63	A	0.00000	0.83034	0.16966	0
64	L	0.00000	0.5453	0.45470	0
65	P	0.00000	0.44002	0.55998	0
66	F	0.00000	0.02481	0.97519	0
67	F	0.00000	0.00247	0.99753	0
68	I	0.00000	0.00011	0.99989	0
69	L	0.00000	3e-05	0.99997	0
70	T	0.00000	1e-05	0.99999	0
71	S	0.00000	0	1.00000	0
72	V	0.00000	0	1.00000	0
73	L	0.00000	0	1.00000	0
74	G	0.00000	0	1.00000	0
75	I	0.00000	0	1.00000	0
76	L	0.00000	0	1.00000	0
77	A	0.00000	0	1.00000	0
78	S	0.00000	0	1.00000	0
79	S	0.00000	0	1.00000	0
80	T	0.00000	0	1.00000	0
81	V	0.00000	0	1.00000	0
82	L	0.00000	0	1.00000	0
83	F	0.00000	0	1.00000	0
84	M	0.00007	0	0.99993	0
85	L	0.00149	0	0.99851	0
86	F	0.04686	0	0.95314	0
87	R	0.88701	0	0.11299	0
88	P	0.96662	0	0.03338	0
89	L	0.96958	0	0.03042	0
90	F	0.97498	0	0.02502	0
91	R	0.99966	0	0.00034	0
92	W	0.99999	0	0.00001	0
93	Q	1.00000	0	0.00000	0
94	L	1.00000	0	0.00000	0
95	C	1.00000	0	0.00000	0
96	P	1.00000	0	0.00000	0
97	G	0.99999	0	0.00001	0
98	W	0.99999	0	0.00001	0
99	P	0.99999	0	0.00001	0
100	V	0.02075	0	0.97925	0
101	L	0.00024	0	0.99976	0
102	A	0.00001	0	0.99999	0
103	Q	0.00000	0	1.00000	0
104	L	0.00000	0	1.00000	0
105	A	0.00000	0	1.00000	0
106	V	0.00000	0	1.00000	0
107	G	0.00000	0	1.00000	0
108	S	0.00000	0	1.00000	0
109	A	0.00000	0	1.00000	0
110	L	0.00000	0	1.00000	0
111	F	0.00000	0	1.00000	0
112	S	0.00000	0	1.00000	0
113	I	0.00000	0	1.00000	0
114	V	0.00000	0	1.00000	0
115	V	0.00000	0	1.00000	0
116	P	0.00000	0	1.00000	0
117	V	0.00000	2e-05	0.99998	0
118	L	0.00000	0.02039	0.97961	0
119	A	0.00000	0.23488	0.76512	0
120	P	0.00000	0.54028	0.45972	0
121	G	0.00000	0.99905	0.00095	0
122	L	0.00000	0.99936	0.00064	0
123	G	0.00000	0.99977	0.00023	0
124	S	0.00000	0.99997	0.00003	0
125	T	0.00000	1	0.00000	0
126	R	0.00000	1	0.00000	0
127	S	0.00000	1	0.00000	0
128	S	0.00000	0.99718	0.00282	0
129	A	0.00000	0.90599	0.09401	0
130	L	0.00000	0.80152	0.19848	0
131	C	0.00000	0.71198	0.28802	0
132	S	0.00000	0.67503	0.32497	0
133	L	0.00000	0.33256	0.66744	0
134	G	0.00000	0.30236	0.69764	0
135	Y	0.00000	0.12923	0.87077	0
136	C	0.00000	0.05636	0.94364	0
137	V	0.00000	0.00541	0.99459	0
138	W	0.00000	0.00322	0.99678	0
139	Y	0.00000	0.00053	0.99947	0
140	G	0.00000	0.00027	0.99973	0
141	S	0.00000	2e-05	0.99998	0
142	A	0.00000	0	1.00000	0
143	F	0.00000	0	1.00000	0
144	A	0.00000	0	1.00000	0
145	Q	0.00000	0	1.00000	0
146	A	0.00000	0	1.00000	0
147	L	0.00000	0	1.00000	0
148	L	0.00020	0	0.99980	0
149	L	0.00990	0	0.99010	0
150	G	0.20101	0	0.79899	0
151	C	0.23115	0	0.76885	0
152	H	0.25939	0	0.74061	0
153	A	0.32641	0	0.67359	0
154	S	0.38817	0	0.61183	0
155	L	0.44254	0	0.55746	0
156	G	0.56190	0	0.43810	0
157	H	0.95706	0	0.04294	0
158	R	0.97205	0	0.02795	0
159	L	0.98060	0	0.01940	0
160	G	0.99970	0	0.00030	0
161	A	0.99994	0	0.00006	0
162	G	0.99995	0	0.00005	0
163	Q	0.99959	0	0.00041	0
164	V	0.99464	0	0.00536	0
165	P	0.99213	0	0.00787	0
166	G	0.94368	0	0.05632	0
167	L	0.78051	0	0.21949	0
168	T	0.73271	0	0.26729	0
169	L	0.50772	0	0.49228	0
170	G	0.43225	0	0.56775	0
171	L	0.18681	0	0.81319	0
172	T	0.11168	0	0.88832	0
173	V	0.00590	0	0.99410	0
174	G	0.00186	0	0.99814	0
175	I	0.00007	0	0.99993	0
176	W	0.00003	0	0.99997	0
177	G	0.00000	0	1.00000	0
178	V	0.00000	0	1.00000	0
179	A	0.00000	0	1.00000	0
180	A	0.00000	0	1.00000	0
181	L	0.00000	0	1.00000	0
182	L	0.00000	0	1.00000	0
183	T	0.00000	0.00013	0.99987	0
184	L	0.00000	0.00067	0.99933	0
185	P	0.00000	0.00606	0.99394	0
186	V	0.00000	0.01041	0.98959	0
187	T	0.00000	0.04214	0.95786	0
188	L	0.00000	0.06826	0.93174	0
189	A	0.00000	0.18182	0.81818	0
190	S	0.00000	0.40993	0.59007	0
191	G	0.00000	0.64407	0.35593	0
192	A	0.00000	0.73534	0.26466	0
193	S	0.00000	0.93953	0.06047	0
194	G	0.00000	0.99593	0.00407	0
195	G	0.00000	0.99946	0.00054	0
196	L	0.00000	0.99962	0.00038	0
197	C	0.00000	0.99999	0.00001	0
198	T	0.00000	1	0.00000	0
199	L	0.00000	0.99989	0.00011	0
200	I	0.00000	0.99989	0.00011	0
201	Y	0.00000	0.99981	0.00019	0
202	S	0.00000	0.99981	0.00019	0
203	T	0.00000	0.99981	0.00019	0
204	E	0.00000	0.99981	0.00019	0
205	L	0.00000	0.99959	0.00041	0
206	K	0.00000	0.99941	0.00059	0
207	A	0.00000	0.09782	0.90218	0
208	L	0.00000	0.02949	0.97051	0
209	Q	0.00000	0.02282	0.97718	0
210	A	0.00000	0.00834	0.99166	0
211	T	0.00000	0.00024	0.99976	0
212	H	0.00000	0.00019	0.99981	0
213	T	0.00000	1e-05	0.99999	0
214	V	0.00000	0	1.00000	0
215	A	0.00000	0	1.00000	0
216	C	0.00000	0	1.00000	0
217	L	0.00000	0	1.00000	0
218	A	0.00000	0	1.00000	0
219	I	0.00000	0	1.00000	0
220	F	0.00000	0	1.00000	0
221	V	0.00000	0	1.00000	0
222	L	0.00001	0	0.99999	0
223	L	0.00006	0	0.99994	0
224	P	0.00018	0	0.99981	0
225	L	0.00019	0	0.99981	0
226	G	0.00020	0	0.99980	0
227	L	0.00022	0	0.99977	0
228	F	0.00078	0	0.99922	0
229	G	0.01989	0	0.98011	0
230	A	0.41995	0	0.58005	0
231	K	0.91843	0	0.08157	0
232	G	0.95718	0	0.04281	0
233	L	0.96970	0	0.03029	0
234	K	0.99867	0	0.00132	0
235	K	0.99980	0	0.00020	0
236	A	0.99979	0	0.00021	0
237	L	0.99957	0	0.00043	0
238	G	0.99945	0	0.00055	0
239	M	0.99936	0	0.00064	0
240	G	0.99906	0	0.00094	0
241	P	0.99903	0	0.00097	0
242	G	0.99842	0	0.00158	0
243	P	0.99782	0	0.00218	0
244	W	0.44899	0	0.55101	0
245	M	0.25795	0	0.74205	0
246	N	0.22175	0	0.77825	0
247	I	0.00937	0	0.99063	0
248	L	0.00134	0	0.99866	0
249	W	0.00030	0	0.99970	0
250	A	0.00004	0	0.99996	0
251	W	0.00001	0	0.99999	0
252	F	0.00000	0	1.00000	0
253	I	0.00000	0	1.00000	0
254	F	0.00000	0	1.00000	0
255	W	0.00000	2e-05	0.99998	0
256	W	0.00000	5e-05	0.99995	0
257	P	0.00000	0.00011	0.99988	0
258	H	0.00000	0.00015	0.99985	0
259	G	0.00000	0.00016	0.99983	0
260	V	0.00000	0.00017	0.99983	0
261	V	0.00000	0.00019	0.99981	0
262	L	0.00000	0.00028	0.99972	0
263	G	0.00000	0.01552	0.98448	0
264	L	0.00000	0.02005	0.97994	0
265	D	0.00000	0.23277	0.76722	0
266	F	0.00000	0.23434	0.76566	0
267	L	0.00000	0.24835	0.75165	0
268	V	0.00000	0.33816	0.66184	0
269	R	0.00000	0.91989	0.08011	0
270	S	0.00000	0.94347	0.05653	0
271	K	0.00000	0.92052	0.07948	0
272	L	0.00000	0.88668	0.11332	0
273	L	0.00000	0.86959	0.13041	0
274	L	0.00000	0.86997	0.13003	0
275	L	0.00000	0.86758	0.13242	0
276	S	0.00000	0.86769	0.13231	0
277	T	0.00000	0.85821	0.14179	0
278	C	0.00000	0.83776	0.16223	0
279	L	0.00000	0.79011	0.20989	0
280	A	0.00000	0.77498	0.22502	0
281	Q	0.00000	0.77195	0.22805	0
282	Q	0.00000	0.75944	0.24056	0
283	A	0.00000	0.6978	0.30220	0
284	L	0.00000	0.63589	0.36411	0
285	D	0.00000	0.62431	0.37568	0
286	L	0.00000	0.16759	0.83241	0
287	L	0.00002	0.10302	0.89696	0
288	L	0.00033	0.02076	0.97891	0
289	N	0.00098	0.0135	0.98552	0
290	L	0.00159	0.00118	0.99723	0
291	A	0.03362	0.00047	0.96591	0
292	E	0.08562	0.0003	0.91407	0
293	A	0.08562	2e-05	0.91435	0
294	L	0.08562	0	0.91438	0
295	A	0.08562	0	0.91438	0
296	I	0.08562	0	0.91438	0
297	L	0.08562	0	0.91438	0
298	H	0.11121	0	0.88879	0
299	C	0.13238	0	0.86762	0
300	V	0.13830	0	0.86170	0
301	A	0.20894	0	0.79106	0
302	T	0.21910	0	0.78090	0
303	P	0.23122	0	0.76878	0
304	L	0.26970	0	0.73030	0
305	L	0.29380	0	0.70620	0
306	L	0.30993	0	0.69007	0
307	A	0.51923	0	0.48077	0
308	L	0.56056	0	0.43944	0
309	F	0.85192	0	0.14808	0
310	C	0.96039	0	0.03961	0
311	H	0.99181	0	0.00819	0
312	Q	0.99693	0	0.00307	0
313	A	0.99970	0	0.00030	0
314	T	0.99996	0	0.00004	0
315	R	1.00000	0	0.00000	0
316	T	1.00000	0	0.00000	0
317	L	1.00000	0	0.00000	0
318	L	1.00000	0	0.00000	0
319	P	1.00000	0	0.00000	0
320	S	1.00000	0	0.00000	0
321	L	1.00000	0	0.00000	0
322	P	1.00000	0	0.00000	0
323	L	1.00000	0	0.00000	0
324	P	1.00000	0	0.00000	0
325	E	1.00000	0	0.00000	0
326	G	1.00000	0	0.00000	0
327	W	1.00000	0	0.00000	0
328	S	1.00000	0	0.00000	0
329	S	1.00000	0	0.00000	0
330	H	1.00000	0	0.00000	0
331	L	1.00000	0	0.00000	0
332	D	1.00000	0	0.00000	0
333	T	1.00000	0	0.00000	0
334	L	1.00000	0	0.00000	0
335	G	1.00000	0	0.00000	0
336	S	1.00000	0	0.00000	0
337	K	1.00000	0	0.00000	0
338	S	1.00000	0	0.00000	0
