# UNNAMED
#pos	aa	i	o	M	S
1	M	0.00000	1	0.00000	0
2	G	0.00000	1	0.00000	0
3	A	0.00000	1	0.00000	0
4	E	0.00000	0.99853	0.00147	0
5	A	0.00000	0.0102	0.98980	0
6	S	0.00000	0.00186	0.99814	0
7	S	0.00000	0.00026	0.99974	0
8	S	0.00000	7e-05	0.99993	0
9	W	0.00000	1e-05	0.99999	0
10	C	0.00000	1e-05	0.99999	0
11	P	0.00000	1e-05	0.99999	0
12	G	0.00000	0	1.00000	0
13	T	0.00000	0	1.00000	0
14	A	0.00000	0	1.00000	0
15	L	0.00000	0	1.00000	0
16	P	0.00000	0	1.00000	0
17	E	0.00000	0	1.00000	0
18	E	0.00000	0	1.00000	0
19	R	0.00000	0	1.00000	0
20	L	0.00000	0	1.00000	0
21	S	0.00000	0	1.00000	0
22	V	0.00019	0	0.99981	0
23	K	0.44052	0	0.55948	0
24	R	0.99569	0	0.00431	0
25	A	0.99750	0	0.00249	0
26	S	0.99945	0	0.00055	0
27	E	0.99984	0	0.00016	0
28	I	0.97747	0	0.02253	0
29	S	0.97292	0	0.02708	0
30	G	0.78740	0	0.21260	0
31	F	0.04637	0	0.95363	0
32	L	0.00538	0	0.99461	0
33	G	0.00352	0	0.99648	0
34	Q	0.00176	0	0.99824	0
35	G	0.00022	0	0.99978	0
36	S	0.00006	0	0.99994	0
37	S	0.00004	0	0.99996	0
38	G	0.00001	0	0.99999	0
39	E	0.00000	0	0.99999	0
40	A	0.00000	0	1.00000	0
41	A	0.00000	0	1.00000	0
42	L	0.00000	0	1.00000	0
43	D	0.00000	0	1.00000	0
44	V	0.00000	0	1.00000	0
45	L	0.00000	0	1.00000	0
46	T	0.00000	0.00016	0.99984	0
47	H	0.00000	0.00167	0.99833	0
48	V	0.00000	0.00182	0.99818	0
49	L	0.00000	0.01486	0.98514	0
50	E	0.00000	0.13967	0.86033	0
51	G	0.00000	0.17464	0.82536	0
52	A	0.00000	0.23765	0.76235	0
53	G	0.00000	0.73593	0.26407	0
54	N	0.00000	0.97632	0.02368	0
55	K	0.00000	0.99531	0.00469	0
56	L	0.00000	0.99849	0.00151	0
57	T	0.00000	0.99985	0.00015	0
58	S	0.00000	1	0.00000	0
59	S	0.00000	1	0.00000	0
60	C	0.00000	1	0.00000	0
61	G	0.00000	1	0.00000	0
62	K	0.00000	1	0.00000	0
63	P	0.00000	0.99999	0.00001	0
64	S	0.00000	0.9998	0.00020	0
65	S	0.00000	0.99955	0.00045	0
66	N	0.00000	0.99867	0.00133	0
67	R	0.00000	0.23011	0.76989	0
68	M	0.00000	0.02793	0.97207	0
69	S	0.00000	0.01436	0.98564	0
70	L	0.00000	0.00287	0.99713	0
71	Q	0.00000	0.00052	0.99948	0
72	W	0.00000	2e-05	0.99998	0
73	T	0.00000	0	1.00000	0
74	A	0.00000	0	1.00000	0
75	V	0.00000	0	1.00000	0
76	A	0.00000	0	1.00000	0
77	T	0.00000	0	1.00000	0
78	F	0.00000	0	1.00000	0
79	L	0.00000	0	1.00000	0
80	Y	0.00000	0	1.00000	0
81	A	0.00000	0	1.00000	0
82	E	0.00000	0	1.00000	0
83	V	0.00000	0	1.00000	0
84	F	0.00000	0	1.00000	0
85	V	0.00001	0	0.99999	0
86	V	0.00044	0	0.99956	0
87	L	0.06535	0	0.93465	0
88	L	0.08188	0	0.91812	0
89	L	0.13532	0	0.86468	0
90	C	0.67682	0	0.32318	0
91	I	0.97684	0	0.02316	0
92	P	1.00000	0	0.00000	0
93	F	1.00000	0	0.00000	0
94	I	1.00000	0	0.00000	0
95	S	1.00000	0	0.00000	0
96	P	1.00000	0	0.00000	0
97	K	1.00000	0	0.00000	0
98	R	1.00000	0	0.00000	0
99	W	1.00000	0	0.00000	0
100	Q	1.00000	0	0.00000	0
101	K	1.00000	0	0.00000	0
102	I	0.99999	0	0.00001	0
103	F	0.99999	0	0.00001	0
104	K	0.99998	0	0.00002	0
105	S	0.99978	0	0.00022	0
106	R	0.99800	0	0.00200	0
107	L	0.92299	0	0.07701	0
108	V	0.83318	0	0.16682	0
109	E	0.80787	0	0.19213	0
110	L	0.03449	0	0.96551	0
111	L	0.00027	0	0.99973	0
112	V	0.00000	0	1.00000	0
113	S	0.00000	0	1.00000	0
114	Y	0.00000	0	1.00000	0
115	G	0.00000	0	1.00000	0
116	N	0.00000	0	1.00000	0
117	T	0.00000	0	1.00000	0
118	F	0.00000	0	1.00000	0
119	F	0.00000	0	1.00000	0
120	V	0.00000	0	1.00000	0
121	V	0.00000	0	1.00000	0
122	L	0.00000	0	1.00000	0
123	I	0.00000	0	1.00000	0
124	V	0.00000	0	1.00000	0
125	I	0.00000	0	1.00000	0
126	L	0.00000	2e-05	0.99998	0
127	V	0.00000	0.00035	0.99965	0
128	L	0.00000	0.00249	0.99751	0
129	L	0.00000	0.01622	0.98378	0
130	V	0.00000	0.08608	0.91392	0
131	I	0.00000	0.31944	0.68056	0
132	D	0.00000	0.99786	0.00214	0
133	A	0.00000	0.99884	0.00116	0
134	V	0.00000	0.99959	0.00041	0
135	R	0.00000	1	0.00000	0
136	E	0.00000	1	0.00000	0
137	I	0.00000	1	0.00000	0
138	R	0.00000	1	0.00000	0
139	K	0.00000	1	0.00000	0
140	Y	0.00000	1	0.00000	0
141	D	0.00000	1	0.00000	0
142	D	0.00000	1	0.00000	0
143	V	0.00000	0.99999	0.00001	0
144	T	0.00000	0.99999	0.00001	0
145	E	0.00000	0.99999	0.00001	0
146	K	0.00000	0.99999	0.00001	0
147	V	0.00000	0.99997	0.00003	0
148	N	0.00000	0.99997	0.00003	0
149	L	0.00000	0.99997	0.00003	0
150	Q	0.00000	0.99997	0.00003	0
151	N	0.00000	0.99997	0.00003	0
152	N	0.00000	0.99997	0.00003	0
153	P	0.00000	0.99997	0.00003	0
154	G	0.00000	0.99997	0.00003	0
155	A	0.00000	0.99997	0.00003	0
156	M	0.00000	0.99997	0.00003	0
157	E	0.00000	0.99995	0.00005	0
158	H	0.00000	0.99995	0.00005	0
159	F	0.00000	0.99994	0.00006	0
160	H	0.00000	0.99832	0.00168	0
161	M	0.00000	0.99816	0.00184	0
162	K	0.00000	0.99811	0.00189	0
163	L	0.00000	0.1791	0.82090	0
164	F	0.00000	0.09161	0.90839	0
165	R	0.00001	0.09137	0.90862	0
166	A	0.00001	0.05497	0.94502	0
167	Q	0.00002	0.054	0.94598	0
168	R	0.00002	0.05154	0.94844	0
169	N	0.00002	0.00134	0.99864	0
170	L	0.00002	0.00057	0.99940	0
171	Y	0.00002	0.00017	0.99981	0
172	I	0.00002	0.00016	0.99981	0
173	A	0.00003	0.00016	0.99982	0
174	G	0.00003	0.00016	0.99982	0
175	F	0.00003	1e-05	0.99996	0
176	S	0.00003	1e-05	0.99996	0
177	L	0.00003	1e-05	0.99996	0
178	L	0.00003	1e-05	0.99996	0
179	L	0.00003	1e-05	0.99997	0
180	S	0.00002	0	0.99998	0
181	F	0.00002	0	0.99998	0
182	L	0.00004	0	0.99996	0
183	L	0.00157	0	0.99843	0
184	R	0.09374	0	0.90626	0
185	R	0.12232	0	0.87768	0
186	L	0.13512	0	0.86488	0
187	V	0.24548	0	0.75452	0
188	T	0.78826	0	0.21174	0
189	L	0.95173	0	0.04827	0
190	I	0.97774	0	0.02226	0
191	S	0.99053	0	0.00947	0
192	Q	0.99924	0	0.00076	0
193	Q	0.99925	0	0.00075	0
194	A	0.94789	0	0.05211	0
195	T	0.94786	0	0.05214	0
196	L	0.94786	0	0.05214	0
197	L	0.94788	0	0.05212	0
198	A	0.94801	0	0.05199	0
199	S	0.94819	0	0.05181	0
200	N	0.94822	0	0.05178	0
201	E	0.94822	1e-05	0.05177	0
202	A	0.94813	1e-05	0.05186	0
203	F	0.94814	1e-05	0.05186	0
204	K	0.94814	3e-05	0.05183	0
205	K	0.94814	3e-05	0.05183	0
206	Q	0.94814	3e-05	0.05183	0
207	A	0.94814	3e-05	0.05183	0
208	E	0.94814	3e-05	0.05183	0
209	S	0.94814	3e-05	0.05183	0
210	A	0.94814	3e-05	0.05183	0
211	S	0.94814	3e-05	0.05183	0
212	E	0.94814	0.00015	0.05171	0
213	A	0.94814	0.0003	0.05155	0
214	A	0.94814	0.00347	0.04838	0
215	K	0.94814	0.05083	0.00102	0
216	K	0.94814	0.05169	0.00016	0
217	Y	0.94814	0.05158	0.00028	0
218	M	0.94814	0.05136	0.00049	0
219	E	0.94814	0.05136	0.00049	0
220	E	0.94814	0.05132	0.00054	0
221	N	0.94814	0.04676	0.00510	0
222	D	0.94814	0.00193	0.04993	0
223	Q	0.90672	1e-05	0.09328	0
224	L	0.63437	0	0.36563	0
225	K	0.60276	0	0.39724	0
226	K	0.49309	0	0.50691	0
227	G	0.49309	0	0.50691	0
228	A	0.49309	0	0.50691	0
229	A	0.49309	0	0.50691	0
230	V	0.49309	0	0.50691	0
231	D	0.49309	0	0.50691	0
232	G	0.49309	0	0.50691	0
233	G	0.49309	0	0.50691	0
234	K	0.49309	0	0.50691	0
235	L	0.49309	0	0.50691	0
236	D	0.49309	0	0.50691	0
237	V	0.49309	0	0.50691	0
238	G	0.49309	0	0.50691	0
239	N	0.49309	0	0.50691	0
240	A	0.49567	0	0.50433	0
241	E	0.54492	5e-05	0.45502	0
242	V	0.54493	0.00061	0.45447	0
243	K	0.54494	0.05016	0.40489	0
244	L	0.54494	0.06461	0.39044	0
245	E	0.54494	0.4141	0.04096	0
246	E	0.54494	0.45188	0.00318	0
247	E	0.54494	0.45477	0.00028	0
248	N	0.54494	0.45501	0.00004	0
249	R	0.54493	0.45505	0.00002	0
250	S	0.54493	0.45505	0.00002	0
251	L	0.54493	0.45505	0.00002	0
252	K	0.54493	0.45505	0.00002	0
253	A	0.54493	0.45505	0.00002	0
254	D	0.54493	0.45505	0.00002	0
255	L	0.54277	0.45342	0.00382	0
256	Q	0.54277	0.45305	0.00418	0
257	K	0.54277	0.4381	0.01913	0
258	L	0.54277	0.26821	0.18902	0
259	K	0.54277	0.25043	0.20681	0
260	D	0.54277	0.24583	0.21140	0
261	E	0.54277	0.23233	0.22490	0
262	L	0.05305	0.20473	0.74223	0
263	A	0.05192	0.20472	0.74336	0
264	S	0.05190	0.20472	0.74338	0
265	T	0.05185	0.20472	0.74342	0
266	K	0.05185	0.20472	0.74342	0
267	Q	0.05185	0.20472	0.74343	0
268	K	0.05185	0.20472	0.74343	0
269	L	0.05185	0.2047	0.74344	0
270	E	0.05185	0.20471	0.74343	0
271	K	0.05185	0.20471	0.74343	0
272	A	0.05185	0.20471	0.74343	0
273	E	0.05185	0.20472	0.74343	0
274	N	0.05185	0.20473	0.74342	0
275	Q	0.05185	0.20474	0.74340	0
276	V	0.05185	0.20475	0.74340	0
277	L	0.05185	0.20479	0.74336	0
278	A	0.05185	0.20497	0.74318	0
279	M	0.06839	0.20531	0.72630	0
280	R	0.30218	0.34978	0.34804	0
281	K	0.30218	0.60096	0.09686	0
282	Q	0.30218	0.64532	0.05250	0
283	S	0.30218	0.67557	0.02224	0
284	E	0.30218	0.69719	0.00063	0
285	G	0.30218	0.69747	0.00034	0
286	L	0.30218	0.69054	0.00728	0
287	T	0.30218	0.68973	0.00808	0
288	K	0.30221	0.62701	0.07078	0
289	E	0.30221	0.39635	0.30145	0
290	Y	0.30221	0.22527	0.47252	0
291	D	0.30221	0.14692	0.55087	0
292	R	0.30221	5e-05	0.69774	0
293	L	0.30221	0	0.69779	0
294	L	0.30221	0	0.69779	0
295	E	0.30221	0	0.69779	0
296	E	0.30221	0	0.69779	0
297	H	0.30221	0	0.69779	0
298	A	0.30221	0	0.69779	0
299	K	0.30221	0	0.69779	0
300	L	0.30221	0	0.69779	0
301	Q	0.30221	0	0.69779	0
302	A	0.30221	0	0.69779	0
303	A	0.30221	0	0.69779	0
304	V	0.30221	0	0.69779	0
305	D	0.30227	0	0.69773	0
306	G	0.30228	0	0.69772	0
307	P	0.30285	0	0.69715	0
308	M	0.31307	0	0.68693	0
309	D	0.74217	0	0.25783	0
310	K	1.00000	0	0.00000	0
311	K	1.00000	0	0.00000	0
312	E	1.00000	0	0.00000	0
313	E	1.00000	0	0.00000	0
