# UNNAMED
#pos	aa	i	o	M	S
1	M	0.00000	0.99989	0.00000	0.00011
2	A	0.00000	0.99989	0.00000	0.00012
3	P	0.00000	0.99989	0.00000	0.00012
4	N	0.00000	0.99989	0.00000	0.00012
5	G	0.00000	0.99989	0.00000	0.00012
6	T	0.00000	0.99989	0.00000	0.00011
7	A	0.00000	0.99989	0.00000	0.00011
8	S	0.00000	0.99989	0.00000	0.00011
9	S	0.00000	0.99989	0.00000	0.00011
10	F	0.00000	0.99989	0.00000	0.00011
11	C	0.00000	0.99989	0.00000	0.00011
12	L	0.00000	0.99989	0.00000	0.00011
13	D	0.00000	0.99989	0.00000	0.00011
14	S	0.00000	0.99989	0.00000	0.00011
15	T	0.00000	0.99984	0.00005	0.00011
16	A	0.00000	0.99972	0.00017	0.00011
17	C	0.00000	0.99933	0.00057	0.0001
18	K	0.00000	0.9903	0.00971	0
19	I	0.00000	0.28592	0.71408	0
20	T	0.00000	0.12952	0.87048	0
21	I	0.00000	0.02581	0.97419	0
22	T	0.00000	0.01304	0.98696	0
23	V	0.00000	0.00267	0.99733	0
24	V	0.00000	0.00092	0.99908	0
25	L	0.00000	0.00018	0.99982	0
26	A	0.00000	6e-05	0.99994	0
27	V	0.00000	0	1.00000	0
28	L	0.00000	0	1.00000	0
29	I	0.00000	0	1.00000	0
30	L	0.00000	0	1.00000	0
31	I	0.00000	0	1.00000	0
32	T	0.00000	0	1.00000	0
33	V	0.00000	0	1.00000	0
34	A	0.00000	0	1.00000	0
35	G	0.00000	0	1.00000	0
36	N	0.00000	0	1.00000	0
37	V	0.00000	0	1.00000	0
38	V	0.00000	0	1.00000	0
39	V	0.00001	0	0.99999	0
40	C	0.00025	0	0.99975	0
41	L	0.00505	0	0.99495	0
42	A	0.13008	0	0.86992	0
43	V	0.31617	0	0.68383	0
44	G	0.73871	0	0.26129	0
45	L	0.84177	0	0.15823	0
46	N	0.99452	0	0.00548	0
47	R	0.99992	0	0.00008	0
48	R	1.00000	0	0.00000	0
49	L	0.99996	0	0.00004	0
50	R	0.99980	0	0.00020	0
51	N	0.95754	0	0.04246	0
52	L	0.84949	0	0.15051	0
53	T	0.75399	0	0.24601	0
54	N	0.17397	0	0.82603	0
55	C	0.06902	0	0.93098	0
56	F	0.00077	0	0.99923	0
57	I	0.00005	0	0.99995	0
58	V	0.00000	0	1.00000	0
59	S	0.00000	0	1.00000	0
60	L	0.00000	0	1.00000	0
61	A	0.00000	0	1.00000	0
62	I	0.00000	0	1.00000	0
63	T	0.00000	0	1.00000	0
64	D	0.00000	0	1.00000	0
65	L	0.00000	0	1.00000	0
66	L	0.00000	0	1.00000	0
67	L	0.00000	0	1.00000	0
68	G	0.00000	0	1.00000	0
69	L	0.00000	0	1.00000	0
70	L	0.00000	1e-05	0.99999	0
71	V	0.00000	0.00018	0.99982	0
72	L	0.00000	0.00225	0.99775	0
73	P	0.00000	0.02391	0.97609	0
74	F	0.00000	0.05833	0.94167	0
75	S	0.00000	0.35432	0.64568	0
76	A	0.00000	0.46211	0.53789	0
77	I	0.00000	0.56018	0.43982	0
78	Y	0.00000	0.99971	0.00029	0
79	Q	0.00000	0.99981	0.00019	0
80	L	0.00000	0.99983	0.00017	0
81	S	0.00000	0.99998	0.00002	0
82	C	0.00000	1	0.00000	0
83	K	0.00000	1	0.00000	0
84	W	0.00000	1	0.00000	0
85	S	0.00000	1	0.00000	0
86	F	0.00000	1	0.00000	0
87	G	0.00000	1	0.00000	0
88	K	0.00000	1	0.00000	0
89	V	0.00000	1	0.00000	0
90	F	0.00000	0.99998	0.00002	0
91	C	0.00000	0.99998	0.00002	0
92	N	0.00000	0.99996	0.00004	0
93	I	0.00000	0.99758	0.00242	0
94	Y	0.00000	0.80487	0.19513	0
95	T	0.00000	0.47317	0.52683	0
96	S	0.00000	0.20841	0.79159	0
97	L	0.00000	0.00075	0.99925	0
98	D	0.00000	0.00012	0.99988	0
99	V	0.00000	0	1.00000	0
100	M	0.00000	0	1.00000	0
101	L	0.00000	0	1.00000	0
102	C	0.00000	0	1.00000	0
103	T	0.00000	0	1.00000	0
104	A	0.00000	0	1.00000	0
105	S	0.00000	0	1.00000	0
106	I	0.00000	0	1.00000	0
107	L	0.00000	0	1.00000	0
108	N	0.00000	0	1.00000	0
109	L	0.00000	0	1.00000	0
110	F	0.00000	0	1.00000	0
111	M	0.00000	0	1.00000	0
112	I	0.00000	0	1.00000	0
113	S	0.00000	0	1.00000	0
114	L	0.00000	0	1.00000	0
115	D	0.00015	0	0.99985	0
116	R	0.03644	0	0.96356	0
117	Y	0.86954	0	0.13046	0
118	C	0.97959	0	0.02041	0
119	A	0.99375	0	0.00625	0
120	V	1.00000	0	0.00000	0
121	M	1.00000	0	0.00000	0
122	D	1.00000	0	0.00000	0
123	P	1.00000	0	0.00000	0
124	L	1.00000	0	0.00000	0
125	R	1.00000	0	0.00000	0
126	Y	1.00000	0	0.00000	0
127	P	1.00000	0	0.00000	0
128	V	1.00000	0	0.00000	0
129	L	1.00000	0	0.00000	0
130	V	0.99962	0	0.00038	0
131	T	0.99947	0	0.00053	0
132	P	0.99829	0	0.00171	0
133	V	0.91389	0	0.08611	0
134	R	0.89943	0	0.10057	0
135	V	0.20541	0	0.79459	0
136	A	0.03348	0	0.96652	0
137	I	0.00241	0	0.99759	0
138	S	0.00114	0	0.99886	0
139	L	0.00000	0	1.00000	0
140	V	0.00000	0	1.00000	0
141	L	0.00000	0	1.00000	0
142	I	0.00000	0	1.00000	0
143	W	0.00000	0	1.00000	0
144	V	0.00000	0	1.00000	0
145	I	0.00000	0	1.00000	0
146	S	0.00000	0	1.00000	0
147	I	0.00000	0	1.00000	0
148	T	0.00000	0	1.00000	0
149	L	0.00000	0	1.00000	0
150	S	0.00000	1e-05	0.99999	0
151	F	0.00000	2e-05	0.99998	0
152	L	0.00000	0.00031	0.99969	0
153	S	0.00000	0.01044	0.98956	0
154	I	0.00000	0.026	0.97400	0
155	H	0.00000	0.161	0.83900	0
156	L	0.00000	0.29167	0.70833	0
157	G	0.00000	0.8407	0.15930	0
158	W	0.00000	0.93659	0.06341	0
159	N	0.00000	0.99735	0.00265	0
160	S	0.00000	0.99997	0.00003	0
161	R	0.00000	1	0.00000	0
162	N	0.00000	1	0.00000	0
163	E	0.00000	1	0.00000	0
164	T	0.00000	1	0.00000	0
165	S	0.00000	1	0.00000	0
166	K	0.00000	1	0.00000	0
167	G	0.00000	1	0.00000	0
168	N	0.00000	1	0.00000	0
169	H	0.00000	1	0.00000	0
170	T	0.00000	1	0.00000	0
171	T	0.00000	1	0.00000	0
172	S	0.00000	1	0.00000	0
173	K	0.00000	1	0.00000	0
174	C	0.00000	1	0.00000	0
175	K	0.00000	1	0.00000	0
176	V	0.00000	1	0.00000	0
177	Q	0.00000	1	0.00000	0
178	V	0.00000	0.9999	0.00010	0
179	N	0.00000	0.9999	0.00010	0
180	E	0.00000	0.99983	0.00017	0
181	V	0.00000	0.00376	0.99624	0
182	Y	0.00000	0.00054	0.99946	0
183	G	0.00000	0.00051	0.99949	0
184	L	0.00000	0.00017	0.99983	0
185	V	0.00000	0.00015	0.99985	0
186	D	0.00000	0.00014	0.99986	0
187	G	0.00000	1e-05	0.99999	0
188	L	0.00000	1e-05	0.99999	0
189	V	0.00000	0	1.00000	0
190	T	0.00000	0	1.00000	0
191	F	0.00000	0	1.00000	0
192	Y	0.00000	0	1.00000	0
193	L	0.00000	0	1.00000	0
194	P	0.00000	0	1.00000	0
195	L	0.00000	0	1.00000	0
196	L	0.00000	0	1.00000	0
197	I	0.00000	0	1.00000	0
198	M	0.00000	0	1.00000	0
199	C	0.00000	0	1.00000	0
200	I	0.00000	0	1.00000	0
201	T	0.00002	0	0.99998	0
202	Y	0.00014	0	0.99986	0
203	Y	0.00563	0	0.99437	0
204	R	0.14370	0	0.85630	0
205	I	0.15953	0	0.84047	0
206	F	0.23033	0	0.76967	0
207	K	0.99551	0	0.00449	0
208	V	0.99884	0	0.00116	0
209	A	0.99999	0	0.00001	0
210	R	1.00000	0	0.00000	0
211	D	1.00000	0	0.00000	0
212	Q	1.00000	0	0.00000	0
213	A	1.00000	0	0.00000	0
214	K	1.00000	0	0.00000	0
215	R	1.00000	0	0.00000	0
216	I	1.00000	0	0.00000	0
217	N	1.00000	0	0.00000	0
218	H	1.00000	0	0.00000	0
219	I	1.00000	0	0.00000	0
220	S	1.00000	0	0.00000	0
221	S	1.00000	0	0.00000	0
222	W	1.00000	0	0.00000	0
223	K	1.00000	0	0.00000	0
224	A	1.00000	0	0.00000	0
225	A	1.00000	0	0.00000	0
226	T	1.00000	0	0.00000	0
227	I	1.00000	0	0.00000	0
228	R	1.00000	0	0.00000	0
229	E	1.00000	0	0.00000	0
230	H	0.99975	0	0.00025	0
231	K	0.99862	0	0.00138	0
232	A	0.87044	0	0.12956	0
233	T	0.73424	0	0.26576	0
234	V	0.32938	0	0.67062	0
235	T	0.23649	0	0.76351	0
236	L	0.00100	0	0.99900	0
237	A	0.00004	0	0.99996	0
238	A	0.00000	0	1.00000	0
239	V	0.00000	0	1.00000	0
240	M	0.00000	0	1.00000	0
241	G	0.00000	0	1.00000	0
242	A	0.00000	0	1.00000	0
243	F	0.00000	0	1.00000	0
244	I	0.00000	0	1.00000	0
245	I	0.00000	0	1.00000	0
246	C	0.00000	0	1.00000	0
247	W	0.00000	0	1.00000	0
248	F	0.00000	0	1.00000	0
249	P	0.00000	0	1.00000	0
250	Y	0.00000	0	1.00000	0
251	F	0.00000	0	1.00000	0
252	T	0.00000	0.00021	0.99979	0
253	A	0.00000	0.00091	0.99909	0
254	F	0.00000	0.00659	0.99341	0
255	V	0.00000	0.16276	0.83724	0
256	Y	0.00000	0.4159	0.58410	0
257	R	0.00000	0.90358	0.09642	0
258	G	0.00000	0.94522	0.05478	0
259	L	0.00000	0.95574	0.04426	0
260	R	0.00000	0.99775	0.00225	0
261	G	0.00000	0.99987	0.00013	0
262	D	0.00000	1	0.00000	0
263	D	0.00000	1	0.00000	0
264	A	0.00000	0.99999	0.00001	0
265	I	0.00000	0.99994	0.00006	0
266	N	0.00000	0.99966	0.00034	0
267	E	0.00000	0.99858	0.00142	0
268	V	0.00000	0.99142	0.00858	0
269	L	0.00000	0.98503	0.01497	0
270	E	0.00000	0.98255	0.01745	0
271	A	0.00000	0.30444	0.69556	0
272	I	0.00000	0.00247	0.99753	0
273	V	0.00000	8e-05	0.99992	0
274	L	0.00000	0	1.00000	0
275	W	0.00000	0	1.00000	0
276	L	0.00000	0	1.00000	0
277	G	0.00000	0	1.00000	0
278	Y	0.00000	0	1.00000	0
279	A	0.00000	0	1.00000	0
280	N	0.00000	0	1.00000	0
281	S	0.00000	0	1.00000	0
282	A	0.00000	0	1.00000	0
283	L	0.00000	0	1.00000	0
284	N	0.00000	0	1.00000	0
285	P	0.00000	0	1.00000	0
286	I	0.00000	0	1.00000	0
287	L	0.00000	0	1.00000	0
288	Y	0.00002	0	0.99998	0
289	A	0.00015	0	0.99985	0
290	A	0.00263	0	0.99737	0
291	L	0.08878	0	0.91122	0
292	N	0.64737	0	0.35263	0
293	R	1.00000	0	0.00000	0
294	D	1.00000	0	0.00000	0
295	F	1.00000	0	0.00000	0
296	R	1.00000	0	0.00000	0
297	T	1.00000	0	0.00000	0
298	G	1.00000	0	0.00000	0
299	Y	1.00000	0	0.00000	0
300	Q	1.00000	0	0.00000	0
301	Q	1.00000	0	0.00000	0
302	L	1.00000	0	0.00000	0
303	F	1.00000	0	0.00000	0
304	C	1.00000	0	0.00000	0
305	C	1.00000	0	0.00000	0
306	R	1.00000	0	0.00000	0
307	L	1.00000	0	0.00000	0
308	A	1.00000	0	0.00000	0
309	N	1.00000	0	0.00000	0
310	R	1.00000	0	0.00000	0
311	N	1.00000	0	0.00000	0
312	S	1.00000	0	0.00000	0
313	H	1.00000	0	0.00000	0
314	K	1.00000	0	0.00000	0
315	T	1.00000	0	0.00000	0
316	S	1.00000	0	0.00000	0
317	L	1.00000	0	0.00000	0
318	R	1.00000	0	0.00000	0
319	S	1.00000	0	0.00000	0
320	N	1.00000	0	0.00000	0
321	A	1.00000	0	0.00000	0
322	S	1.00000	0	0.00000	0
323	Q	1.00000	0	0.00000	0
324	L	1.00000	0	0.00000	0
325	S	1.00000	0	0.00000	0
326	R	1.00000	0	0.00000	0
327	T	1.00000	0	0.00000	0
328	Q	1.00000	0	0.00000	0
329	S	1.00000	0	0.00000	0
330	R	1.00000	0	0.00000	0
331	E	1.00000	0	0.00000	0
332	P	1.00000	0	0.00000	0
333	R	1.00000	0	0.00000	0
334	Q	1.00000	0	0.00000	0
335	Q	1.00000	0	0.00000	0
336	E	1.00000	0	0.00000	0
337	E	1.00000	0	0.00000	0
338	K	1.00000	0	0.00000	0
339	P	1.00000	0	0.00000	0
340	L	1.00000	0	0.00000	0
341	K	1.00000	0	0.00000	0
342	L	1.00000	0	0.00000	0
343	Q	1.00000	0	0.00000	0
344	V	1.00000	0	0.00000	0
345	W	1.00000	0	0.00000	0
346	S	1.00000	0	0.00000	0
347	G	1.00000	0	0.00000	0
348	T	1.00000	0	0.00000	0
349	E	1.00000	0	0.00000	0
350	V	1.00000	0	0.00000	0
351	T	1.00000	0	0.00000	0
352	A	1.00000	0	0.00000	0
353	P	1.00000	0	0.00000	0
354	Q	1.00000	0	0.00000	0
355	G	1.00000	0	0.00000	0
356	A	1.00000	0	0.00000	0
357	T	1.00000	0	0.00000	0
358	D	1.00000	0	0.00000	0
359	R	1.00000	0	0.00000	0
360	P	1.00000	0	0.00000	0
361	W	1.00000	0	0.00000	0
362	L	1.00000	0	0.00000	0
363	C	1.00000	0	0.00000	0
364	L	1.00000	0	0.00000	0
365	P	1.00000	0	0.00000	0
366	E	1.00000	0	0.00000	0
367	C	1.00000	0	0.00000	0
368	W	1.00000	0	0.00000	0
369	S	1.00000	0	0.00000	0
370	V	1.00000	0	0.00000	0
371	E	1.00000	0	0.00000	0
372	L	1.00000	0	0.00000	0
373	T	1.00000	0	0.00000	0
374	H	1.00000	0	0.00000	0
375	S	1.00000	0	0.00000	0
376	F	1.00000	0	0.00000	0
377	I	1.00000	0	0.00000	0
378	H	1.00000	0	0.00000	0
379	L	1.00000	0	0.00000	0
380	F	1.00000	0	0.00000	0
381	I	1.00000	0	0.00000	0
382	H	1.00000	0	0.00000	0
383	S	1.00000	0	0.00000	0
384	F	1.00000	0	0.00000	0
385	A	1.00000	0	0.00000	0
386	N	1.00000	0	0.00000	0
387	I	1.00000	0	0.00000	0
388	H	1.00000	0	0.00000	0
389	P	1.00000	0	0.00000	0
390	I	1.00000	0	0.00000	0
391	P	1.00000	0	0.00000	0
392	T	1.00000	0	0.00000	0
393	T	1.00000	0	0.00000	0
394	C	1.00000	0	0.00000	0
395	Q	1.00000	0	0.00000	0
396	E	1.00000	0	0.00000	0
397	L	1.00000	0	0.00000	0
