# UNNAMED
#pos	aa	i	o	M	S
1	M	0.00000	0.99969	0.00000	0.00031
2	N	0.00000	0.99969	0.00000	0.00031
3	E	0.00000	0.99969	0.00000	0.00031
4	S	0.00000	0.99969	0.00000	0.00031
5	R	0.00000	0.99969	0.00000	0.00031
6	W	0.00000	0.99969	0.00000	0.00031
7	T	0.00000	0.99969	0.00000	0.00031
8	E	0.00000	0.99969	0.00000	0.00031
9	W	0.00000	0.99969	0.00000	0.00031
10	R	0.00000	0.99969	0.00000	0.00031
11	I	0.00000	0.99969	0.00000	0.00031
12	L	0.00000	0.99969	0.00000	0.00031
13	N	0.00000	0.99969	0.00000	0.00031
14	M	0.00000	0.99969	0.00000	0.00032
15	S	0.00000	0.99969	0.00000	0.00032
16	S	0.00000	0.99969	0.00000	0.00032
17	G	0.00000	0.99969	0.00000	0.00032
18	I	0.00000	0.99998	0.00000	2e-05
19	V	0.00000	0.99998	0.00000	2e-05
20	N	0.00000	0.99998	0.00000	2e-05
21	V	0.00000	0.99998	0.00000	2e-05
22	S	0.00000	0.99998	0.00000	2e-05
23	E	0.00000	0.99998	0.00000	2e-05
24	R	0.00000	1	0.00000	0
25	H	0.00000	1	0.00000	0
26	S	0.00000	1	0.00000	0
27	C	0.00000	1	0.00000	0
28	P	0.00000	1	0.00000	0
29	L	0.00000	1	0.00000	0
30	G	0.00000	1	0.00000	0
31	F	0.00000	0.99998	0.00002	0
32	G	0.00000	0.99997	0.00003	0
33	H	0.00000	0.99991	0.00009	0
34	Y	0.00000	0.99991	0.00009	0
35	S	0.00000	0.99991	0.00009	0
36	V	0.00000	0.99991	0.00009	0
37	V	0.00000	0.99991	0.00009	0
38	D	0.00000	0.99991	0.00009	0
39	V	0.00000	0.99478	0.00522	0
40	C	0.00000	0.98926	0.01074	0
41	I	0.00000	0.91145	0.08855	0
42	F	0.00000	0.89281	0.10719	0
43	E	0.00000	0.87944	0.12056	0
44	T	0.00000	0.37232	0.62768	0
45	V	0.00000	0.08739	0.91261	0
46	V	0.00000	0.0294	0.97060	0
47	I	0.00000	0.004	0.99600	0
48	V	0.00000	0.00046	0.99954	0
49	L	0.00000	0.00013	0.99987	0
50	L	0.00000	3e-05	0.99997	0
51	T	0.00000	0	1.00000	0
52	F	0.00000	0	1.00000	0
53	L	0.00000	0	1.00000	0
54	I	0.00000	0	1.00000	0
55	I	0.00000	0	1.00000	0
56	A	0.00000	0	1.00000	0
57	G	0.00000	0	1.00000	0
58	N	0.00000	0	1.00000	0
59	L	0.00000	0	1.00000	0
60	T	0.00000	0	1.00000	0
61	V	0.00000	0	1.00000	0
62	I	0.00000	0	1.00000	0
63	F	0.00001	0	0.99999	0
64	V	0.00072	0	0.99928	0
65	F	0.00771	0	0.99229	0
66	H	0.22819	0	0.77181	0
67	C	0.43299	0	0.56701	0
68	A	0.74417	0	0.25583	0
69	P	0.99049	0	0.00951	0
70	L	0.99517	0	0.00483	0
71	L	0.99948	0	0.00052	0
72	H	0.99965	0	0.00035	0
73	H	0.99966	0	0.00034	0
74	Y	0.99960	0	0.00040	0
75	T	0.99946	0	0.00054	0
76	T	0.99322	0	0.00678	0
77	S	0.81819	0	0.18181	0
78	Y	0.41897	0	0.58103	0
79	F	0.00555	0	0.99445	0
80	I	0.00080	0	0.99920	0
81	Q	0.00012	0	0.99988	0
82	T	0.00002	0	0.99998	0
83	M	0.00000	0	1.00000	0
84	A	0.00000	0	1.00000	0
85	Y	0.00000	0	1.00000	0
86	A	0.00000	0	1.00000	0
87	D	0.00000	0	1.00000	0
88	L	0.00000	0	1.00000	0
89	F	0.00000	0	1.00000	0
90	V	0.00000	0	1.00000	0
91	G	0.00000	1e-05	0.99999	0
92	V	0.00000	2e-05	0.99998	0
93	S	0.00000	0.00022	0.99978	0
94	C	0.00000	0.00029	0.99971	0
95	L	0.00000	0.00029	0.99971	0
96	V	0.00000	0.0003	0.99970	0
97	P	0.00000	0.00033	0.99967	0
98	T	0.00000	0.00044	0.99956	0
99	L	0.00000	0.00083	0.99917	0
100	S	0.00000	0.56149	0.43851	0
101	L	0.00000	0.72544	0.27456	0
102	L	0.00000	0.9995	0.00050	0
103	H	0.00000	0.99999	0.00001	0
104	Y	0.00000	1	0.00000	0
105	S	0.00000	1	0.00000	0
106	T	0.00000	1	0.00000	0
107	G	0.00000	1	0.00000	0
108	V	0.00000	1	0.00000	0
109	H	0.00000	1	0.00000	0
110	E	0.00000	1	0.00000	0
111	S	0.00000	1	0.00000	0
112	L	0.00000	0.99998	0.00002	0
113	T	0.00000	0.99994	0.00006	0
114	C	0.00000	0.99957	0.00043	0
115	Q	0.00000	0.96209	0.03791	0
116	V	0.00000	0.4935	0.50650	0
117	F	0.00000	0.09996	0.90004	0
118	G	0.00000	0.08062	0.91938	0
119	Y	0.00000	0.02129	0.97871	0
120	I	0.00000	0.00166	0.99834	0
121	I	0.00000	7e-05	0.99993	0
122	S	0.00000	4e-05	0.99996	0
123	V	0.00000	0	1.00000	0
124	L	0.00000	0	1.00000	0
125	K	0.00000	0	1.00000	0
126	S	0.00000	0	1.00000	0
127	V	0.00000	0	1.00000	0
128	S	0.00000	0	1.00000	0
129	M	0.00000	0	1.00000	0
130	A	0.00000	0	1.00000	0
131	C	0.00000	0	1.00000	0
132	L	0.00000	0	1.00000	0
133	A	0.00000	0	1.00000	0
134	C	0.00000	0	1.00000	0
135	I	0.00000	0	1.00000	0
136	S	0.00000	0	1.00000	0
137	V	0.00003	0	0.99997	0
138	D	0.00021	0	0.99979	0
139	R	0.05931	0	0.94069	0
140	Y	0.61903	0	0.38097	0
141	L	0.90965	0	0.09035	0
142	A	0.98298	0	0.01702	0
143	I	0.99999	0	0.00001	0
144	T	1.00000	0	0.00000	0
145	K	1.00000	0	0.00000	0
146	P	1.00000	0	0.00000	0
147	L	1.00000	0	0.00000	0
148	S	1.00000	0	0.00000	0
149	Y	1.00000	0	0.00000	0
150	N	1.00000	0	0.00000	0
151	Q	1.00000	0	0.00000	0
152	L	1.00000	0	0.00000	0
153	V	1.00000	0	0.00000	0
154	T	0.99999	0	0.00001	0
155	P	0.99682	0	0.00318	0
156	C	0.72123	0	0.27877	0
157	R	0.71790	0	0.28210	0
158	L	0.52554	0	0.47446	0
159	R	0.46575	0	0.53425	0
160	I	0.01819	0	0.98181	0
161	C	0.00064	0	0.99936	0
162	I	0.00000	0	1.00000	0
163	I	0.00000	0	1.00000	0
164	L	0.00000	0	1.00000	0
165	I	0.00000	0	1.00000	0
166	W	0.00000	0	1.00000	0
167	I	0.00000	0	1.00000	0
168	Y	0.00000	0	1.00000	0
169	S	0.00000	0	1.00000	0
170	C	0.00000	0	1.00000	0
171	L	0.00000	0	1.00000	0
172	I	0.00000	0	1.00000	0
173	F	0.00000	0	1.00000	0
174	L	0.00000	0	1.00000	0
175	P	0.00000	0.00051	0.99949	0
176	S	0.00000	0.01453	0.98547	0
177	F	0.00000	0.03055	0.96945	0
178	F	0.00000	0.12039	0.87961	0
179	G	0.00000	0.42448	0.57552	0
180	W	0.00000	0.52908	0.47092	0
181	G	0.00000	0.88159	0.11841	0
182	K	0.00000	0.9994	0.00060	0
183	P	0.00000	0.99995	0.00005	0
184	G	0.00000	0.99999	0.00001	0
185	Y	0.00000	1	0.00000	0
186	H	0.00000	1	0.00000	0
187	G	0.00000	1	0.00000	0
188	D	0.00000	1	0.00000	0
189	I	0.00000	1	0.00000	0
190	F	0.00000	1	0.00000	0
191	E	0.00000	1	0.00000	0
192	W	0.00000	1	0.00000	0
193	C	0.00000	1	0.00000	0
194	A	0.00000	0.99999	0.00001	0
195	T	0.00000	0.9999	0.00010	0
196	S	0.00000	0.99982	0.00018	0
197	W	0.00000	0.99597	0.00403	0
198	L	0.00000	0.99096	0.00904	0
199	T	0.00000	0.97577	0.02423	0
200	S	0.00000	0.41802	0.58198	0
201	A	0.00000	0.35165	0.64835	0
202	Y	0.00000	0.30367	0.69633	0
203	F	0.00000	0.07246	0.92754	0
204	T	0.00000	0.0038	0.99620	0
205	G	0.00000	0.00293	0.99707	0
206	F	0.00000	0.00174	0.99826	0
207	I	0.00000	0.00032	0.99968	0
208	V	0.00000	0.0002	0.99980	0
209	C	0.00000	1e-05	0.99999	0
210	L	0.00000	0	1.00000	0
211	L	0.00000	0	1.00000	0
212	Y	0.00000	0	1.00000	0
213	A	0.00000	0	1.00000	0
214	P	0.00000	0	1.00000	0
215	A	0.00000	0	1.00000	0
216	A	0.00000	0	1.00000	0
217	F	0.00000	0	1.00000	0
218	V	0.00000	0	1.00000	0
219	V	0.00000	0	1.00000	0
220	C	0.00001	0	0.99999	0
221	F	0.00012	0	0.99988	0
222	T	0.00165	0	0.99835	0
223	Y	0.00274	0	0.99726	0
224	F	0.01211	0	0.98789	0
225	H	0.08519	0	0.91481	0
226	I	0.11084	0	0.88916	0
227	F	0.20221	0	0.79779	0
228	K	0.98508	0	0.01492	0
229	I	0.98860	0	0.01140	0
230	C	0.99873	0	0.00127	0
231	R	0.99995	0	0.00005	0
232	Q	1.00000	0	0.00000	0
233	H	1.00000	0	0.00000	0
234	T	1.00000	0	0.00000	0
235	K	1.00000	0	0.00000	0
236	E	1.00000	0	0.00000	0
237	I	1.00000	0	0.00000	0
238	N	1.00000	0	0.00000	0
239	D	1.00000	0	0.00000	0
240	R	1.00000	0	0.00000	0
241	R	1.00000	0	0.00000	0
242	A	1.00000	0	0.00000	0
243	R	1.00000	0	0.00000	0
244	F	1.00000	0	0.00000	0
245	P	1.00000	0	0.00000	0
246	S	1.00000	0	0.00000	0
247	H	1.00000	0	0.00000	0
248	E	1.00000	0	0.00000	0
249	V	1.00000	0	0.00000	0
250	D	1.00000	0	0.00000	0
251	S	1.00000	0	0.00000	0
252	S	1.00000	0	0.00000	0
253	R	1.00000	0	0.00000	0
254	E	1.00000	0	0.00000	0
255	T	1.00000	0	0.00000	0
256	G	1.00000	0	0.00000	0
257	H	1.00000	0	0.00000	0
258	S	1.00000	0	0.00000	0
259	P	1.00000	0	0.00000	0
260	D	1.00000	0	0.00000	0
261	R	0.99982	0	0.00018	0
262	R	0.99981	0	0.00019	0
263	Y	0.99946	0	0.00054	0
264	A	0.59825	0	0.40175	0
265	M	0.53799	0	0.46201	0
266	V	0.13323	0	0.86677	0
267	L	0.00125	0	0.99875	0
268	F	0.00004	0	0.99996	0
269	R	0.00004	0	0.99996	0
270	I	0.00000	0	1.00000	0
271	T	0.00000	0	1.00000	0
272	S	0.00000	0	1.00000	0
273	V	0.00000	0	1.00000	0
274	F	0.00000	0	1.00000	0
275	Y	0.00000	0	1.00000	0
276	M	0.00000	0	1.00000	0
277	L	0.00000	0	1.00000	0
278	W	0.00000	0	1.00000	0
279	L	0.00000	0	1.00000	0
280	P	0.00000	0	1.00000	0
281	Y	0.00000	0	1.00000	0
282	I	0.00000	0	1.00000	0
283	I	0.00000	1e-05	0.99999	0
284	Y	0.00000	0.00022	0.99978	0
285	F	0.00000	0.00136	0.99864	0
286	L	0.00000	0.03511	0.96489	0
287	L	0.00000	0.12904	0.87096	0
288	E	0.00000	0.95006	0.04994	0
289	S	0.00000	0.99066	0.00934	0
290	S	0.00000	0.99698	0.00302	0
291	R	0.00000	0.99942	0.00058	0
292	V	0.00000	0.99943	0.00057	0
293	L	0.00000	0.99951	0.00049	0
294	D	0.00000	0.99972	0.00028	0
295	N	0.00000	0.99952	0.00048	0
296	P	0.00000	0.99895	0.00105	0
297	T	0.00000	0.99234	0.00766	0
298	L	0.00000	0.98409	0.01591	0
299	S	0.00000	0.98269	0.01731	0
300	F	0.00000	0.33731	0.66269	0
301	L	0.00000	0.09443	0.90557	0
302	T	0.00000	0.05899	0.94101	0
303	T	0.00000	0.0067	0.99330	0
304	W	0.00000	0.0006	0.99940	0
305	L	0.00000	0	1.00000	0
306	A	0.00000	0	1.00000	0
307	I	0.00000	0	1.00000	0
308	S	0.00000	0	1.00000	0
309	N	0.00000	0	1.00000	0
310	S	0.00000	0	1.00000	0
311	F	0.00000	0	1.00000	0
312	C	0.00000	0	1.00000	0
313	N	0.00000	0	1.00000	0
314	C	0.00001	0	0.99999	0
315	V	0.00002	0	0.99998	0
316	I	0.00019	0	0.99981	0
317	Y	0.00128	0	0.99872	0
318	S	0.00484	0	0.99516	0
319	L	0.03087	0	0.96913	0
320	S	0.19931	0	0.80069	0
321	N	0.39052	0	0.60948	0
322	S	0.65667	0	0.34333	0
323	V	0.67717	0	0.32283	0
324	F	0.72635	0	0.27365	0
325	R	1.00000	0	0.00000	0
326	L	1.00000	0	0.00000	0
327	G	1.00000	0	0.00000	0
328	L	1.00000	0	0.00000	0
329	R	1.00000	0	0.00000	0
330	R	1.00000	0	0.00000	0
331	L	1.00000	0	0.00000	0
332	S	1.00000	0	0.00000	0
333	E	1.00000	0	0.00000	0
334	T	1.00000	0	0.00000	0
335	M	1.00000	0	0.00000	0
336	C	1.00000	0	0.00000	0
337	T	1.00000	0	0.00000	0
338	S	1.00000	0	0.00000	0
339	C	1.00000	0	0.00000	0
340	M	1.00000	0	0.00000	0
341	C	1.00000	0	0.00000	0
342	V	1.00000	0	0.00000	0
343	K	1.00000	0	0.00000	0
344	D	1.00000	0	0.00000	0
345	Q	1.00000	0	0.00000	0
346	E	1.00000	0	0.00000	0
347	A	1.00000	0	0.00000	0
348	Q	1.00000	0	0.00000	0
349	E	1.00000	0	0.00000	0
350	P	1.00000	0	0.00000	0
351	K	1.00000	0	0.00000	0
352	P	1.00000	0	0.00000	0
353	R	1.00000	0	0.00000	0
354	K	1.00000	0	0.00000	0
355	R	1.00000	0	0.00000	0
356	A	1.00000	0	0.00000	0
357	N	1.00000	0	0.00000	0
358	S	1.00000	0	0.00000	0
359	C	1.00000	0	0.00000	0
360	S	1.00000	0	0.00000	0
361	I	1.00000	0	0.00000	0
