# UNNAMED
#pos	aa	i	o	M	S
1	M	0.00000	1	0.00000	0
2	D	0.00000	1	0.00000	0
3	H	0.00000	1	0.00000	0
4	Q	0.00000	1	0.00000	0
5	D	0.00000	1	0.00000	0
6	P	0.00000	0.99995	0.00005	0
7	Y	0.00000	0.99953	0.00047	0
8	S	0.00000	0.9989	0.00110	0
9	V	0.00000	0.99427	0.00573	0
10	Q	0.00000	0.99106	0.00894	0
11	A	0.00000	0.91794	0.08206	0
12	T	0.00000	0.82014	0.17986	0
13	A	0.00000	0.70288	0.29712	0
14	A	0.00000	0.57766	0.42234	0
15	I	0.00000	0.28524	0.71476	0
16	A	0.00000	0.20001	0.79999	0
17	A	0.00000	0.08506	0.91494	0
18	A	0.00000	0.03959	0.96041	0
19	I	0.00000	0.00131	0.99869	0
20	T	0.00000	0.00024	0.99976	0
21	F	0.00000	1e-05	0.99999	0
22	L	0.00000	0	1.00000	0
23	I	0.00000	0	1.00000	0
24	L	0.00000	0	1.00000	0
25	F	0.00000	0	1.00000	0
26	T	0.00000	0	1.00000	0
27	I	0.00000	0	1.00000	0
28	F	0.00000	0	1.00000	0
29	G	0.00000	0	1.00000	0
30	N	0.00000	0	1.00000	0
31	A	0.00000	0	1.00000	0
32	L	0.00000	0	1.00000	0
33	V	0.00000	0	1.00000	0
34	I	0.00001	0	0.99999	0
35	L	0.00103	0	0.99897	0
36	A	0.03063	0	0.96937	0
37	V	0.10706	0	0.89294	0
38	L	0.36091	0	0.63909	0
39	T	0.94556	0	0.05444	0
40	S	0.99560	0	0.00440	0
41	R	0.99992	0	0.00008	0
42	S	1.00000	0	0.00000	0
43	L	1.00000	0	0.00000	0
44	R	1.00000	0	0.00000	0
45	A	1.00000	0	0.00000	0
46	P	1.00000	0	0.00000	0
47	Q	0.83669	0	0.16331	0
48	N	0.14416	0	0.85584	0
49	L	0.02298	0	0.97702	0
50	F	0.00019	0	0.99981	0
51	L	0.00000	0	1.00000	0
52	V	0.00000	0	1.00000	0
53	S	0.00000	0	1.00000	0
54	L	0.00000	0	1.00000	0
55	A	0.00000	0	1.00000	0
56	A	0.00000	0	1.00000	0
57	A	0.00000	0	1.00000	0
58	D	0.00000	0	1.00000	0
59	I	0.00000	0	1.00000	0
60	L	0.00000	0	1.00000	0
61	V	0.00000	0	1.00000	0
62	A	0.00000	0	1.00000	0
63	T	0.00000	0	1.00000	0
64	L	0.00000	0	1.00000	0
65	I	0.00000	0	1.00000	0
66	I	0.00000	0.00023	0.99977	0
67	P	0.00000	0.00407	0.99593	0
68	F	0.00000	0.04303	0.95697	0
69	S	0.00000	0.41581	0.58419	0
70	L	0.00000	0.56129	0.43871	0
71	A	0.00000	0.82882	0.17118	0
72	N	0.00000	0.99998	0.00002	0
73	E	0.00000	0.99999	0.00001	0
74	L	0.00000	0.99999	0.00001	0
75	L	0.00000	0.99999	0.00001	0
76	G	0.00000	1	0.00000	0
77	Y	0.00000	1	0.00000	0
78	W	0.00000	1	0.00000	0
79	Y	0.00000	1	0.00000	0
80	F	0.00000	1	0.00000	0
81	R	0.00000	1	0.00000	0
82	R	0.00000	1	0.00000	0
83	T	0.00000	1	0.00000	0
84	W	0.00000	1	0.00000	0
85	C	0.00000	1	0.00000	0
86	E	0.00000	1	0.00000	0
87	V	0.00000	0.99886	0.00114	0
88	Y	0.00000	0.84762	0.15238	0
89	L	0.00000	0.36202	0.63798	0
90	A	0.00000	0.2042	0.79580	0
91	L	0.00000	0.00387	0.99613	0
92	D	0.00000	0.00132	0.99868	0
93	V	0.00000	2e-05	0.99998	0
94	L	0.00000	0	1.00000	0
95	F	0.00000	0	1.00000	0
96	C	0.00000	0	1.00000	0
97	T	0.00000	0	1.00000	0
98	S	0.00000	0	1.00000	0
99	S	0.00000	0	1.00000	0
100	I	0.00000	0	1.00000	0
101	V	0.00000	0	1.00000	0
102	H	0.00000	0	1.00000	0
103	L	0.00000	0	1.00000	0
104	C	0.00000	0	1.00000	0
105	A	0.00000	0	1.00000	0
106	I	0.00000	0	1.00000	0
107	S	0.00000	0	1.00000	0
108	L	0.00000	0	1.00000	0
109	D	0.00000	0	1.00000	0
110	R	0.00468	0	0.99532	0
111	Y	0.03715	0	0.96285	0
112	W	0.08295	0	0.91705	0
113	A	0.78571	0	0.21429	0
114	V	1.00000	0	0.00000	0
115	S	1.00000	0	0.00000	0
116	R	1.00000	0	0.00000	0
117	A	1.00000	0	0.00000	0
118	L	1.00000	0	0.00000	0
119	E	1.00000	0	0.00000	0
120	Y	1.00000	0	0.00000	0
121	N	1.00000	0	0.00000	0
122	S	1.00000	0	0.00000	0
123	K	1.00000	0	0.00000	0
124	R	1.00000	0	0.00000	0
125	T	1.00000	0	0.00000	0
126	P	1.00000	0	0.00000	0
127	R	0.99976	0	0.00024	0
128	R	0.97229	0	0.02771	0
129	I	0.11815	0	0.88185	0
130	K	0.09259	0	0.90741	0
131	C	0.00012	0	0.99988	0
132	I	0.00000	0	1.00000	0
133	I	0.00000	0	1.00000	0
134	L	0.00000	0	1.00000	0
135	T	0.00000	0	1.00000	0
136	V	0.00000	0	1.00000	0
137	W	0.00000	0	1.00000	0
138	L	0.00000	0	1.00000	0
139	I	0.00000	0	1.00000	0
140	A	0.00000	0	1.00000	0
141	A	0.00000	0	1.00000	0
142	V	0.00000	0	1.00000	0
143	I	0.00000	0	1.00000	0
144	S	0.00000	0	1.00000	0
145	L	0.00000	0	1.00000	0
146	P	0.00000	1e-05	0.99999	0
147	P	0.00000	0.0001	0.99990	0
148	L	0.00000	0.00101	0.99899	0
149	I	0.00000	0.03915	0.96085	0
150	Y	0.00000	0.4809	0.51910	0
151	K	0.00000	0.98672	0.01328	0
152	G	0.00000	0.99652	0.00348	0
153	D	0.00000	1	0.00000	0
154	Q	0.00000	1	0.00000	0
155	G	0.00000	1	0.00000	0
156	P	0.00000	1	0.00000	0
157	Q	0.00000	1	0.00000	0
158	P	0.00000	1	0.00000	0
159	R	0.00000	1	0.00000	0
160	G	0.00000	1	0.00000	0
161	R	0.00000	1	0.00000	0
162	P	0.00000	1	0.00000	0
163	Q	0.00000	1	0.00000	0
164	C	0.00000	1	0.00000	0
165	K	0.00000	1	0.00000	0
166	L	0.00000	1	0.00000	0
167	N	0.00000	1	0.00000	0
168	Q	0.00000	0.99998	0.00002	0
169	E	0.00000	0.99985	0.00015	0
170	A	0.00000	0.95362	0.04638	0
171	W	0.00000	0.63273	0.36727	0
172	Y	0.00000	0.23741	0.76259	0
173	I	0.00000	0.21687	0.78313	0
174	L	0.00000	0.01452	0.98548	0
175	A	0.00000	0.00038	0.99962	0
176	S	0.00000	0.00023	0.99977	0
177	S	0.00000	0.00012	0.99988	0
178	I	0.00000	3e-05	0.99997	0
179	G	0.00000	0	1.00000	0
180	S	0.00000	0	1.00000	0
181	F	0.00000	0	1.00000	0
182	F	0.00000	0	1.00000	0
183	A	0.00000	0	1.00000	0
184	P	0.00000	0	1.00000	0
185	C	0.00000	0	1.00000	0
186	L	0.00000	0	1.00000	0
187	I	0.00000	0	1.00000	0
188	M	0.00000	0	1.00000	0
189	I	0.00000	0	1.00000	0
190	L	0.00000	0	1.00000	0
191	V	0.00000	0	1.00000	0
192	Y	0.00014	0	0.99986	0
193	L	0.00453	0	0.99547	0
194	R	0.07137	0	0.92863	0
195	I	0.07764	0	0.92236	0
196	Y	0.12064	0	0.87936	0
197	L	0.35706	0	0.64294	0
198	I	0.50616	0	0.49384	0
199	A	0.99639	0	0.00361	0
200	K	0.99994	0	0.00006	0
201	R	1.00000	0	0.00000	0
202	S	1.00000	0	0.00000	0
203	N	1.00000	0	0.00000	0
204	R	1.00000	0	0.00000	0
205	R	1.00000	0	0.00000	0
206	G	1.00000	0	0.00000	0
207	P	1.00000	0	0.00000	0
208	R	1.00000	0	0.00000	0
209	A	1.00000	0	0.00000	0
210	K	1.00000	0	0.00000	0
211	G	1.00000	0	0.00000	0
212	G	1.00000	0	0.00000	0
213	P	1.00000	0	0.00000	0
214	G	1.00000	0	0.00000	0
215	Q	1.00000	0	0.00000	0
216	G	1.00000	0	0.00000	0
217	E	1.00000	0	0.00000	0
218	S	1.00000	0	0.00000	0
219	K	1.00000	0	0.00000	0
220	Q	1.00000	0	0.00000	0
221	P	1.00000	0	0.00000	0
222	R	1.00000	0	0.00000	0
223	P	1.00000	0	0.00000	0
224	D	1.00000	0	0.00000	0
225	H	1.00000	0	0.00000	0
226	G	1.00000	0	0.00000	0
227	G	1.00000	0	0.00000	0
228	A	1.00000	0	0.00000	0
229	L	1.00000	0	0.00000	0
230	A	1.00000	0	0.00000	0
231	S	1.00000	0	0.00000	0
232	A	1.00000	0	0.00000	0
233	K	1.00000	0	0.00000	0
234	L	1.00000	0	0.00000	0
235	P	1.00000	0	0.00000	0
236	A	1.00000	0	0.00000	0
237	L	1.00000	0	0.00000	0
238	A	1.00000	0	0.00000	0
239	S	1.00000	0	0.00000	0
240	V	1.00000	0	0.00000	0
241	A	1.00000	0	0.00000	0
242	S	1.00000	0	0.00000	0
243	A	1.00000	0	0.00000	0
244	R	1.00000	0	0.00000	0
245	E	1.00000	0	0.00000	0
246	V	1.00000	0	0.00000	0
247	N	1.00000	0	0.00000	0
248	G	1.00000	0	0.00000	0
249	H	1.00000	0	0.00000	0
250	S	1.00000	0	0.00000	0
251	K	1.00000	0	0.00000	0
252	S	1.00000	0	0.00000	0
253	T	1.00000	0	0.00000	0
254	G	1.00000	0	0.00000	0
255	E	1.00000	0	0.00000	0
256	K	1.00000	0	0.00000	0
257	E	1.00000	0	0.00000	0
258	E	1.00000	0	0.00000	0
259	G	1.00000	0	0.00000	0
260	E	1.00000	0	0.00000	0
261	T	1.00000	0	0.00000	0
262	P	1.00000	0	0.00000	0
263	E	1.00000	0	0.00000	0
264	D	1.00000	0	0.00000	0
265	T	1.00000	0	0.00000	0
266	G	1.00000	0	0.00000	0
267	T	1.00000	0	0.00000	0
268	R	1.00000	0	0.00000	0
269	A	1.00000	0	0.00000	0
270	L	1.00000	0	0.00000	0
271	P	1.00000	0	0.00000	0
272	P	1.00000	0	0.00000	0
273	S	1.00000	0	0.00000	0
274	W	1.00000	0	0.00000	0
275	A	1.00000	0	0.00000	0
276	A	1.00000	0	0.00000	0
277	L	1.00000	0	0.00000	0
278	P	1.00000	0	0.00000	0
279	N	1.00000	0	0.00000	0
280	S	1.00000	0	0.00000	0
281	G	1.00000	0	0.00000	0
282	Q	1.00000	0	0.00000	0
283	G	1.00000	0	0.00000	0
284	Q	1.00000	0	0.00000	0
285	K	1.00000	0	0.00000	0
286	E	1.00000	0	0.00000	0
287	G	1.00000	0	0.00000	0
288	V	1.00000	0	0.00000	0
289	C	1.00000	0	0.00000	0
290	G	1.00000	0	0.00000	0
291	A	1.00000	0	0.00000	0
292	S	1.00000	0	0.00000	0
293	P	1.00000	0	0.00000	0
294	E	1.00000	0	0.00000	0
295	D	1.00000	0	0.00000	0
296	E	1.00000	0	0.00000	0
297	A	1.00000	0	0.00000	0
298	E	1.00000	0	0.00000	0
299	E	1.00000	0	0.00000	0
300	E	1.00000	0	0.00000	0
301	E	1.00000	0	0.00000	0
302	E	1.00000	0	0.00000	0
303	E	1.00000	0	0.00000	0
304	E	1.00000	0	0.00000	0
305	E	1.00000	0	0.00000	0
306	E	1.00000	0	0.00000	0
307	C	1.00000	0	0.00000	0
308	E	1.00000	0	0.00000	0
309	P	1.00000	0	0.00000	0
310	Q	1.00000	0	0.00000	0
311	A	1.00000	0	0.00000	0
312	V	1.00000	0	0.00000	0
313	P	1.00000	0	0.00000	0
314	V	1.00000	0	0.00000	0
315	S	1.00000	0	0.00000	0
316	P	1.00000	0	0.00000	0
317	A	1.00000	0	0.00000	0
318	S	1.00000	0	0.00000	0
319	A	1.00000	0	0.00000	0
320	C	1.00000	0	0.00000	0
321	S	1.00000	0	0.00000	0
322	P	1.00000	0	0.00000	0
323	P	1.00000	0	0.00000	0
324	L	1.00000	0	0.00000	0
325	Q	1.00000	0	0.00000	0
326	Q	1.00000	0	0.00000	0
327	P	1.00000	0	0.00000	0
328	Q	1.00000	0	0.00000	0
329	G	1.00000	0	0.00000	0
330	S	1.00000	0	0.00000	0
331	R	1.00000	0	0.00000	0
332	V	1.00000	0	0.00000	0
333	L	1.00000	0	0.00000	0
334	A	1.00000	0	0.00000	0
335	T	1.00000	0	0.00000	0
336	L	1.00000	0	0.00000	0
337	R	1.00000	0	0.00000	0
338	G	1.00000	0	0.00000	0
339	Q	1.00000	0	0.00000	0
340	V	1.00000	0	0.00000	0
341	L	1.00000	0	0.00000	0
342	L	1.00000	0	0.00000	0
343	G	1.00000	0	0.00000	0
344	R	1.00000	0	0.00000	0
345	G	1.00000	0	0.00000	0
346	V	1.00000	0	0.00000	0
347	G	1.00000	0	0.00000	0
348	A	1.00000	0	0.00000	0
349	I	1.00000	0	0.00000	0
350	G	1.00000	0	0.00000	0
351	G	1.00000	0	0.00000	0
352	Q	1.00000	0	0.00000	0
353	W	1.00000	0	0.00000	0
354	W	1.00000	0	0.00000	0
355	R	1.00000	0	0.00000	0
356	R	1.00000	0	0.00000	0
357	R	1.00000	0	0.00000	0
358	A	1.00000	0	0.00000	0
359	Q	1.00000	0	0.00000	0
360	L	1.00000	0	0.00000	0
361	T	1.00000	0	0.00000	0
362	R	1.00000	0	0.00000	0
363	E	1.00000	0	0.00000	0
364	K	0.96097	0	0.03903	0
365	R	0.95938	0	0.04062	0
366	F	0.66081	0	0.33919	0
367	T	0.40281	0	0.59719	0
368	F	0.07649	0	0.92351	0
369	V	0.07250	0	0.92750	0
370	L	0.00106	0	0.99894	0
371	A	0.00003	0	0.99997	0
372	V	0.00001	0	0.99999	0
373	V	0.00000	0	1.00000	0
374	I	0.00000	0	1.00000	0
375	G	0.00000	0	1.00000	0
376	V	0.00000	0	1.00000	0
377	F	0.00000	0	1.00000	0
378	V	0.00000	0	1.00000	0
379	L	0.00000	0	1.00000	0
380	C	0.00000	0	1.00000	0
381	W	0.00000	0	1.00000	0
382	F	0.00000	0	1.00000	0
383	P	0.00000	0	1.00000	0
384	F	0.00000	0	1.00000	0
385	F	0.00000	1e-05	0.99999	0
386	F	0.00000	0.00165	0.99835	0
387	S	0.00000	0.02471	0.97529	0
388	Y	0.00000	0.04809	0.95191	0
389	S	0.00000	0.15086	0.84914	0
390	L	0.00000	0.21461	0.78539	0
391	G	0.00000	0.51025	0.48975	0
392	A	0.00000	0.58957	0.41043	0
393	I	0.00000	0.81598	0.18402	0
394	C	0.00000	0.98055	0.01945	0
395	P	0.00000	0.99711	0.00289	0
396	K	0.00000	0.99996	0.00004	0
397	H	0.00000	1	0.00000	0
398	C	0.00000	1	0.00000	0
399	K	0.00000	1	0.00000	0
400	V	0.00000	0.99996	0.00004	0
401	P	0.00000	0.99992	0.00008	0
402	H	0.00000	0.99927	0.00073	0
403	G	0.00000	0.99587	0.00413	0
404	L	0.00000	0.9393	0.06070	0
405	F	0.00000	0.92672	0.07328	0
406	Q	0.00000	0.59779	0.40221	0
407	F	0.00000	0.00621	0.99379	0
408	F	0.00000	0.00028	0.99972	0
409	F	0.00000	0	1.00000	0
410	W	0.00000	0	1.00000	0
411	I	0.00000	0	1.00000	0
412	G	0.00000	0	1.00000	0
413	Y	0.00000	0	1.00000	0
414	C	0.00000	0	1.00000	0
415	N	0.00000	0	1.00000	0
416	S	0.00000	0	1.00000	0
417	S	0.00000	0	1.00000	0
418	L	0.00000	0	1.00000	0
419	N	0.00000	0	1.00000	0
420	P	0.00000	0	1.00000	0
421	V	0.00000	0	1.00000	0
422	I	0.00000	0	1.00000	0
423	Y	0.00001	0	0.99999	0
424	T	0.00008	0	0.99992	0
425	I	0.00235	0	0.99765	0
426	F	0.14525	0	0.85475	0
427	N	0.35436	0	0.64564	0
428	Q	0.99495	0	0.00505	0
429	D	0.99961	0	0.00039	0
430	F	0.99986	0	0.00014	0
431	R	1.00000	0	0.00000	0
432	R	1.00000	0	0.00000	0
433	A	1.00000	0	0.00000	0
434	F	1.00000	0	0.00000	0
435	R	1.00000	0	0.00000	0
436	R	1.00000	0	0.00000	0
437	I	1.00000	0	0.00000	0
438	L	1.00000	0	0.00000	0
439	C	1.00000	0	0.00000	0
440	R	1.00000	0	0.00000	0
441	P	1.00000	0	0.00000	0
442	W	1.00000	0	0.00000	0
443	T	1.00000	0	0.00000	0
444	Q	1.00000	0	0.00000	0
445	T	1.00000	0	0.00000	0
446	A	1.00000	0	0.00000	0
447	W	1.00000	0	0.00000	0
