# UNNAMED
#pos	aa	i	o	M	S
1	M	0.00000	0.07457	0.00000	0.92543
2	D	0.00000	0.07457	0.00000	0.92543
3	M	0.00000	0.07457	0.00000	0.92543
4	F	0.00000	0.07457	0.00000	0.92542
5	P	0.00000	0.07457	0.00000	0.92542
6	L	0.00000	0.07457	0.00000	0.92543
7	T	0.00000	0.07457	0.00000	0.92542
8	W	0.00000	0.07457	0.00000	0.92542
9	V	0.00000	0.07457	0.00000	0.92542
10	F	0.00000	0.07457	0.00000	0.92542
11	L	0.00000	0.07457	0.00000	0.92542
12	A	0.00000	0.07457	0.00000	0.92543
13	L	0.00000	0.07457	0.00000	0.92542
14	Y	0.00000	0.07457	0.00000	0.92543
15	F	0.00000	0.07457	0.00000	0.92542
16	S	0.00000	0.07459	0.00000	0.92542
17	R	0.00000	0.07512	0.00000	0.92488
18	H	0.00000	0.07512	0.00000	0.92487
19	Q	0.00000	0.10392	0.00000	0.89608
20	V	0.00000	0.10592	0.00000	0.89408
21	R	0.00000	0.10593	0.00000	0.89407
22	G	0.00000	0.10593	0.00000	0.89407
23	Q	0.00000	0.89669	0.00000	0.10332
24	P	0.00000	0.89668	0.00000	0.10332
25	D	0.00000	0.89673	0.00000	0.10327
26	P	0.00000	0.89673	0.00000	0.10327
27	P	0.00000	0.89673	0.00000	0.10327
28	C	0.00000	0.89673	0.00000	0.10327
29	G	0.00000	0.89673	0.00000	0.10326
30	G	0.00000	0.89674	0.00000	0.10326
31	R	0.00000	1	0.00000	1e-05
32	L	0.00000	0.99999	0.00000	1e-05
33	N	0.00000	1	0.00000	0
34	S	0.00000	1	0.00000	0
35	K	0.00000	1	0.00000	0
36	D	0.00000	1	0.00000	0
37	A	0.00000	1	0.00000	0
38	G	0.00000	1	0.00000	0
39	Y	0.00000	1	0.00000	0
40	I	0.00000	1	0.00000	0
41	T	0.00000	1	0.00000	0
42	S	0.00000	1	0.00000	0
43	P	0.00000	1	0.00000	0
44	G	0.00000	1	0.00000	0
45	Y	0.00000	1	0.00000	0
46	P	0.00000	1	0.00000	0
47	Q	0.00000	1	0.00000	0
48	D	0.00000	1	0.00000	0
49	Y	0.00000	1	0.00000	0
50	P	0.00000	1	0.00000	0
51	S	0.00000	1	0.00000	0
52	H	0.00000	1	0.00000	0
53	Q	0.00000	1	0.00000	0
54	N	0.00000	1	0.00000	0
55	C	0.00000	1	0.00000	0
56	E	0.00000	1	0.00000	0
57	W	0.00000	1	0.00000	0
58	I	0.00000	1	0.00000	0
59	V	0.00000	1	0.00000	0
60	Y	0.00000	1	0.00000	0
61	A	0.00000	1	0.00000	0
62	P	0.00000	1	0.00000	0
63	E	0.00000	1	0.00000	0
64	P	0.00000	1	0.00000	0
65	N	0.00000	1	0.00000	0
66	Q	0.00000	1	0.00000	0
67	K	0.00000	1	0.00000	0
68	I	0.00000	1	0.00000	0
69	V	0.00000	1	0.00000	0
70	L	0.00000	1	0.00000	0
71	N	0.00000	1	0.00000	0
72	F	0.00000	1	0.00000	0
73	N	0.00000	1	0.00000	0
74	P	0.00000	1	0.00000	0
75	H	0.00000	1	0.00000	0
76	F	0.00000	1	0.00000	0
77	E	0.00000	1	0.00000	0
78	I	0.00000	1	0.00000	0
79	E	0.00000	1	0.00000	0
80	K	0.00000	1	0.00000	0
81	H	0.00000	1	0.00000	0
82	D	0.00000	1	0.00000	0
83	C	0.00000	1	0.00000	0
84	K	0.00000	1	0.00000	0
85	Y	0.00000	1	0.00000	0
86	D	0.00000	1	0.00000	0
87	F	0.00000	1	0.00000	0
88	I	0.00000	1	0.00000	0
89	E	0.00000	1	0.00000	0
90	I	0.00000	1	0.00000	0
91	R	0.00000	1	0.00000	0
92	D	0.00000	1	0.00000	0
93	G	0.00000	1	0.00000	0
94	D	0.00000	1	0.00000	0
95	S	0.00000	1	0.00000	0
96	E	0.00000	1	0.00000	0
97	S	0.00000	1	0.00000	0
98	A	0.00000	1	0.00000	0
99	D	0.00000	1	0.00000	0
100	L	0.00000	1	0.00000	0
101	L	0.00000	1	0.00000	0
102	G	0.00000	1	0.00000	0
103	K	0.00000	1	0.00000	0
104	H	0.00000	1	0.00000	0
105	C	0.00000	1	0.00000	0
106	G	0.00000	1	0.00000	0
107	N	0.00000	1	0.00000	0
108	I	0.00000	1	0.00000	0
109	A	0.00000	1	0.00000	0
110	P	0.00000	1	0.00000	0
111	P	0.00000	1	0.00000	0
112	T	0.00000	1	0.00000	0
113	I	0.00000	1	0.00000	0
114	I	0.00000	1	0.00000	0
115	S	0.00000	1	0.00000	0
116	S	0.00000	1	0.00000	0
117	G	0.00000	1	0.00000	0
118	S	0.00000	1	0.00000	0
119	M	0.00000	1	0.00000	0
120	L	0.00000	1	0.00000	0
121	Y	0.00000	1	0.00000	0
122	I	0.00000	1	0.00000	0
123	R	0.00000	1	0.00000	0
124	F	0.00000	1	0.00000	0
125	T	0.00000	1	0.00000	0
126	S	0.00000	1	0.00000	0
127	D	0.00000	1	0.00000	0
128	Y	0.00000	1	0.00000	0
129	A	0.00000	1	0.00000	0
130	R	0.00000	1	0.00000	0
131	Q	0.00000	1	0.00000	0
132	G	0.00000	1	0.00000	0
133	A	0.00000	1	0.00000	0
134	G	0.00000	1	0.00000	0
135	F	0.00000	1	0.00000	0
136	S	0.00000	1	0.00000	0
137	L	0.00000	1	0.00000	0
138	R	0.00000	1	0.00000	0
139	Y	0.00000	1	0.00000	0
140	E	0.00000	1	0.00000	0
141	I	0.00000	1	0.00000	0
142	F	0.00000	1	0.00000	0
143	K	0.00000	1	0.00000	0
144	T	0.00000	1	0.00000	0
145	G	0.00000	1	0.00000	0
146	S	0.00000	1	0.00000	0
147	E	0.00000	1	0.00000	0
148	D	0.00000	1	0.00000	0
149	C	0.00000	1	0.00000	0
150	S	0.00000	1	0.00000	0
151	K	0.00000	1	0.00000	0
152	N	0.00000	1	0.00000	0
153	F	0.00000	1	0.00000	0
154	T	0.00000	1	0.00000	0
155	S	0.00000	1	0.00000	0
156	P	0.00000	1	0.00000	0
157	N	0.00000	1	0.00000	0
158	G	0.00000	1	0.00000	0
159	T	0.00000	1	0.00000	0
160	I	0.00000	1	0.00000	0
161	E	0.00000	1	0.00000	0
162	S	0.00000	1	0.00000	0
163	P	0.00000	1	0.00000	0
164	G	0.00000	1	0.00000	0
165	F	0.00000	1	0.00000	0
166	P	0.00000	1	0.00000	0
167	E	0.00000	1	0.00000	0
168	K	0.00000	1	0.00000	0
169	Y	0.00000	1	0.00000	0
170	P	0.00000	1	0.00000	0
171	H	0.00000	1	0.00000	0
172	N	0.00000	1	0.00000	0
173	L	0.00000	1	0.00000	0
174	D	0.00000	1	0.00000	0
175	C	0.00000	1	0.00000	0
176	T	0.00000	1	0.00000	0
177	F	0.00000	1	0.00000	0
178	T	0.00000	1	0.00000	0
179	I	0.00000	1	0.00000	0
180	L	0.00000	1	0.00000	0
181	A	0.00000	1	0.00000	0
182	K	0.00000	1	0.00000	0
183	P	0.00000	1	0.00000	0
184	K	0.00000	1	0.00000	0
185	M	0.00000	1	0.00000	0
186	E	0.00000	1	0.00000	0
187	I	0.00000	1	0.00000	0
188	I	0.00000	1	0.00000	0
189	L	0.00000	1	0.00000	0
190	Q	0.00000	1	0.00000	0
191	F	0.00000	1	0.00000	0
192	L	0.00000	1	0.00000	0
193	I	0.00000	1	0.00000	0
194	F	0.00000	1	0.00000	0
195	D	0.00000	1	0.00000	0
196	L	0.00000	1	0.00000	0
197	E	0.00000	1	0.00000	0
198	H	0.00000	1	0.00000	0
199	D	0.00000	1	0.00000	0
200	P	0.00000	1	0.00000	0
201	L	0.00000	1	0.00000	0
202	Q	0.00000	1	0.00000	0
203	V	0.00000	1	0.00000	0
204	G	0.00000	1	0.00000	0
205	E	0.00000	1	0.00000	0
206	G	0.00000	1	0.00000	0
207	D	0.00000	1	0.00000	0
208	C	0.00000	1	0.00000	0
209	K	0.00000	1	0.00000	0
210	Y	0.00000	1	0.00000	0
211	D	0.00000	1	0.00000	0
212	W	0.00000	1	0.00000	0
213	L	0.00000	1	0.00000	0
214	D	0.00000	1	0.00000	0
215	I	0.00000	1	0.00000	0
216	W	0.00000	1	0.00000	0
217	D	0.00000	1	0.00000	0
218	G	0.00000	1	0.00000	0
219	I	0.00000	1	0.00000	0
220	P	0.00000	1	0.00000	0
221	H	0.00000	1	0.00000	0
222	V	0.00000	1	0.00000	0
223	G	0.00000	1	0.00000	0
224	P	0.00000	1	0.00000	0
225	L	0.00000	1	0.00000	0
226	I	0.00000	1	0.00000	0
227	G	0.00000	1	0.00000	0
228	K	0.00000	1	0.00000	0
229	Y	0.00000	1	0.00000	0
230	C	0.00000	1	0.00000	0
231	G	0.00000	1	0.00000	0
232	T	0.00000	1	0.00000	0
233	K	0.00000	1	0.00000	0
234	T	0.00000	1	0.00000	0
235	P	0.00000	1	0.00000	0
236	S	0.00000	1	0.00000	0
237	E	0.00000	1	0.00000	0
238	L	0.00000	1	0.00000	0
239	R	0.00000	1	0.00000	0
240	S	0.00000	1	0.00000	0
241	S	0.00000	1	0.00000	0
242	T	0.00000	1	0.00000	0
243	G	0.00000	1	0.00000	0
244	I	0.00000	1	0.00000	0
245	L	0.00000	1	0.00000	0
246	S	0.00000	1	0.00000	0
247	L	0.00000	1	0.00000	0
248	T	0.00000	1	0.00000	0
249	F	0.00000	1	0.00000	0
250	H	0.00000	1	0.00000	0
251	T	0.00000	1	0.00000	0
252	D	0.00000	1	0.00000	0
253	M	0.00000	1	0.00000	0
254	A	0.00000	1	0.00000	0
255	V	0.00000	1	0.00000	0
256	A	0.00000	1	0.00000	0
257	K	0.00000	1	0.00000	0
258	D	0.00000	1	0.00000	0
259	G	0.00000	1	0.00000	0
260	F	0.00000	1	0.00000	0
261	S	0.00000	1	0.00000	0
262	A	0.00000	1	0.00000	0
263	R	0.00000	1	0.00000	0
264	Y	0.00000	1	0.00000	0
265	Y	0.00000	1	0.00000	0
266	L	0.00000	1	0.00000	0
267	V	0.00000	1	0.00000	0
268	H	0.00000	1	0.00000	0
269	Q	0.00000	1	0.00000	0
270	E	0.00000	1	0.00000	0
271	P	0.00000	1	0.00000	0
272	L	0.00000	1	0.00000	0
273	E	0.00000	1	0.00000	0
274	N	0.00000	1	0.00000	0
275	F	0.00000	1	0.00000	0
276	Q	0.00000	1	0.00000	0
277	C	0.00000	1	0.00000	0
278	N	0.00000	1	0.00000	0
279	V	0.00000	1	0.00000	0
280	P	0.00000	1	0.00000	0
281	L	0.00000	1	0.00000	0
282	G	0.00000	1	0.00000	0
283	M	0.00000	1	0.00000	0
284	E	0.00000	1	0.00000	0
285	S	0.00000	1	0.00000	0
286	G	0.00000	1	0.00000	0
287	R	0.00000	1	0.00000	0
288	I	0.00000	1	0.00000	0
289	A	0.00000	1	0.00000	0
290	N	0.00000	1	0.00000	0
291	E	0.00000	1	0.00000	0
292	Q	0.00000	1	0.00000	0
293	I	0.00000	1	0.00000	0
294	S	0.00000	1	0.00000	0
295	A	0.00000	1	0.00000	0
296	S	0.00000	1	0.00000	0
297	S	0.00000	1	0.00000	0
298	T	0.00000	1	0.00000	0
299	Y	0.00000	1	0.00000	0
300	S	0.00000	1	0.00000	0
301	D	0.00000	1	0.00000	0
302	G	0.00000	1	0.00000	0
303	R	0.00000	1	0.00000	0
304	W	0.00000	1	0.00000	0
305	T	0.00000	1	0.00000	0
306	P	0.00000	1	0.00000	0
307	Q	0.00000	1	0.00000	0
308	Q	0.00000	1	0.00000	0
309	S	0.00000	1	0.00000	0
310	R	0.00000	1	0.00000	0
311	L	0.00000	1	0.00000	0
312	H	0.00000	1	0.00000	0
313	G	0.00000	1	0.00000	0
314	D	0.00000	1	0.00000	0
315	D	0.00000	1	0.00000	0
316	N	0.00000	1	0.00000	0
317	G	0.00000	1	0.00000	0
318	W	0.00000	1	0.00000	0
319	T	0.00000	1	0.00000	0
320	P	0.00000	1	0.00000	0
321	N	0.00000	1	0.00000	0
322	L	0.00000	1	0.00000	0
323	D	0.00000	1	0.00000	0
324	S	0.00000	1	0.00000	0
325	N	0.00000	1	0.00000	0
326	K	0.00000	1	0.00000	0
327	E	0.00000	1	0.00000	0
328	Y	0.00000	1	0.00000	0
329	L	0.00000	1	0.00000	0
330	Q	0.00000	1	0.00000	0
331	V	0.00000	1	0.00000	0
332	D	0.00000	1	0.00000	0
333	L	0.00000	1	0.00000	0
334	R	0.00000	1	0.00000	0
335	F	0.00000	1	0.00000	0
336	L	0.00000	1	0.00000	0
337	T	0.00000	1	0.00000	0
338	M	0.00000	1	0.00000	0
339	L	0.00000	1	0.00000	0
340	T	0.00000	1	0.00000	0
341	A	0.00000	1	0.00000	0
342	I	0.00000	1	0.00000	0
343	A	0.00000	1	0.00000	0
344	T	0.00000	1	0.00000	0
345	Q	0.00000	1	0.00000	0
346	G	0.00000	1	0.00000	0
347	A	0.00000	1	0.00000	0
348	I	0.00000	1	0.00000	0
349	S	0.00000	1	0.00000	0
350	R	0.00000	1	0.00000	0
351	E	0.00000	1	0.00000	0
352	T	0.00000	1	0.00000	0
353	Q	0.00000	1	0.00000	0
354	N	0.00000	1	0.00000	0
355	G	0.00000	1	0.00000	0
356	Y	0.00000	1	0.00000	0
357	Y	0.00000	1	0.00000	0
358	V	0.00000	1	0.00000	0
359	K	0.00000	1	0.00000	0
360	S	0.00000	1	0.00000	0
361	Y	0.00000	1	0.00000	0
362	K	0.00000	1	0.00000	0
363	L	0.00000	1	0.00000	0
364	E	0.00000	1	0.00000	0
365	V	0.00000	1	0.00000	0
366	S	0.00000	1	0.00000	0
367	T	0.00000	1	0.00000	0
368	N	0.00000	1	0.00000	0
369	G	0.00000	1	0.00000	0
370	E	0.00000	1	0.00000	0
371	D	0.00000	1	0.00000	0
372	W	0.00000	1	0.00000	0
373	M	0.00000	1	0.00000	0
374	V	0.00000	1	0.00000	0
375	Y	0.00000	1	0.00000	0
376	R	0.00000	1	0.00000	0
377	H	0.00000	1	0.00000	0
378	G	0.00000	1	0.00000	0
379	K	0.00000	1	0.00000	0
380	N	0.00000	1	0.00000	0
381	H	0.00000	1	0.00000	0
382	K	0.00000	1	0.00000	0
383	V	0.00000	1	0.00000	0
384	F	0.00000	1	0.00000	0
385	Q	0.00000	1	0.00000	0
386	A	0.00000	1	0.00000	0
387	N	0.00000	1	0.00000	0
388	N	0.00000	1	0.00000	0
389	D	0.00000	1	0.00000	0
390	A	0.00000	1	0.00000	0
391	T	0.00000	1	0.00000	0
392	E	0.00000	1	0.00000	0
393	V	0.00000	1	0.00000	0
394	V	0.00000	1	0.00000	0
395	L	0.00000	1	0.00000	0
396	N	0.00000	1	0.00000	0
397	K	0.00000	1	0.00000	0
398	L	0.00000	1	0.00000	0
399	H	0.00000	1	0.00000	0
400	A	0.00000	1	0.00000	0
401	P	0.00000	1	0.00000	0
402	L	0.00000	1	0.00000	0
403	L	0.00000	1	0.00000	0
404	T	0.00000	1	0.00000	0
405	R	0.00000	1	0.00000	0
406	F	0.00000	1	0.00000	0
407	V	0.00000	1	0.00000	0
408	R	0.00000	1	0.00000	0
409	I	0.00000	1	0.00000	0
410	R	0.00000	1	0.00000	0
411	P	0.00000	1	0.00000	0
412	Q	0.00000	1	0.00000	0
413	T	0.00000	1	0.00000	0
414	W	0.00000	1	0.00000	0
415	H	0.00000	1	0.00000	0
416	S	0.00000	1	0.00000	0
417	G	0.00000	1	0.00000	0
418	I	0.00000	1	0.00000	0
419	A	0.00000	1	0.00000	0
420	L	0.00000	1	0.00000	0
421	R	0.00000	1	0.00000	0
422	L	0.00000	1	0.00000	0
423	E	0.00000	1	0.00000	0
424	L	0.00000	1	0.00000	0
425	F	0.00000	1	0.00000	0
426	G	0.00000	1	0.00000	0
427	C	0.00000	1	0.00000	0
428	R	0.00000	1	0.00000	0
429	V	0.00000	1	0.00000	0
430	T	0.00000	1	0.00000	0
431	D	0.00000	1	0.00000	0
432	A	0.00000	1	0.00000	0
433	P	0.00000	1	0.00000	0
434	C	0.00000	1	0.00000	0
435	S	0.00000	1	0.00000	0
436	N	0.00000	1	0.00000	0
437	M	0.00000	1	0.00000	0
438	L	0.00000	1	0.00000	0
439	G	0.00000	1	0.00000	0
440	M	0.00000	1	0.00000	0
441	L	0.00000	1	0.00000	0
442	S	0.00000	1	0.00000	0
443	G	0.00000	1	0.00000	0
444	L	0.00000	1	0.00000	0
445	I	0.00000	1	0.00000	0
446	A	0.00000	1	0.00000	0
447	D	0.00000	1	0.00000	0
448	S	0.00000	1	0.00000	0
449	Q	0.00000	1	0.00000	0
450	I	0.00000	1	0.00000	0
451	S	0.00000	1	0.00000	0
452	A	0.00000	1	0.00000	0
453	S	0.00000	1	0.00000	0
454	S	0.00000	1	0.00000	0
455	T	0.00000	1	0.00000	0
456	Q	0.00000	1	0.00000	0
457	E	0.00000	1	0.00000	0
458	Y	0.00000	1	0.00000	0
459	L	0.00000	1	0.00000	0
460	W	0.00000	1	0.00000	0
461	S	0.00000	1	0.00000	0
462	P	0.00000	1	0.00000	0
463	S	0.00000	1	0.00000	0
464	A	0.00000	1	0.00000	0
465	A	0.00000	1	0.00000	0
466	R	0.00000	1	0.00000	0
467	L	0.00000	1	0.00000	0
468	V	0.00000	1	0.00000	0
469	S	0.00000	1	0.00000	0
470	S	0.00000	1	0.00000	0
471	R	0.00000	1	0.00000	0
472	S	0.00000	1	0.00000	0
473	G	0.00000	1	0.00000	0
474	W	0.00000	1	0.00000	0
475	F	0.00000	1	0.00000	0
476	P	0.00000	1	0.00000	0
477	R	0.00000	1	0.00000	0
478	I	0.00000	1	0.00000	0
479	P	0.00000	1	0.00000	0
480	Q	0.00000	1	0.00000	0
481	A	0.00000	1	0.00000	0
482	Q	0.00000	1	0.00000	0
483	P	0.00000	1	0.00000	0
484	G	0.00000	1	0.00000	0
485	E	0.00000	1	0.00000	0
486	E	0.00000	1	0.00000	0
487	W	0.00000	1	0.00000	0
488	L	0.00000	1	0.00000	0
489	Q	0.00000	1	0.00000	0
490	V	0.00000	1	0.00000	0
491	D	0.00000	1	0.00000	0
492	L	0.00000	1	0.00000	0
493	G	0.00000	1	0.00000	0
494	T	0.00000	1	0.00000	0
495	P	0.00000	1	0.00000	0
496	K	0.00000	1	0.00000	0
497	T	0.00000	1	0.00000	0
498	V	0.00000	1	0.00000	0
499	K	0.00000	1	0.00000	0
500	G	0.00000	0.99998	0.00002	0
501	V	0.00000	0.99997	0.00003	0
502	I	0.00000	0.99996	0.00004	0
503	I	0.00000	0.99996	0.00004	0
504	Q	0.00000	0.99996	0.00004	0
505	G	0.00000	0.99996	0.00004	0
506	A	0.00000	0.99996	0.00004	0
507	R	0.00000	0.99996	0.00004	0
508	G	0.00000	0.99996	0.00004	0
509	G	0.00000	0.99996	0.00004	0
510	D	0.00000	0.99996	0.00004	0
511	S	0.00000	0.99996	0.00004	0
512	I	0.00000	0.99996	0.00004	0
513	T	0.00000	0.99996	0.00004	0
514	A	0.00000	0.99996	0.00004	0
515	V	0.00000	0.99996	0.00004	0
516	E	0.00000	0.99996	0.00004	0
517	A	0.00000	0.99996	0.00004	0
518	R	0.00000	0.99996	0.00004	0
519	A	0.00000	0.99996	0.00004	0
520	F	0.00000	0.99996	0.00004	0
521	V	0.00000	0.99996	0.00003	0
522	R	0.00003	0.99996	0.00000	0
523	K	0.00003	0.99996	0.00000	0
524	F	0.00003	0.99996	0.00000	0
525	K	0.00003	0.99996	0.00000	0
526	V	0.00003	0.99996	0.00000	0
527	S	0.00003	0.99996	0.00000	0
528	Y	0.00003	0.99996	0.00001	0
529	S	0.00002	0.99996	0.00002	0
530	L	0.00000	0.99996	0.00003	0
531	N	0.00000	0.99996	0.00003	0
532	G	0.00000	0.99996	0.00003	0
533	K	0.00000	0.99996	0.00003	0
534	D	0.00000	0.99996	0.00003	0
535	W	0.00000	0.99996	0.00003	0
536	E	0.00000	0.99996	0.00003	0
537	Y	0.00000	0.99996	0.00003	0
538	I	0.00000	0.99996	0.00003	0
539	Q	0.00000	0.99996	0.00003	0
540	D	0.00000	0.99996	0.00003	0
541	P	0.00000	0.99996	0.00003	0
542	R	0.00000	0.99996	0.00003	0
543	T	0.00000	0.99996	0.00003	0
544	Q	0.00000	0.99996	0.00003	0
545	Q	0.00000	0.99996	0.00003	0
546	P	0.00000	0.99997	0.00003	0
547	K	0.00000	0.99997	0.00003	0
548	L	0.00000	0.99997	0.00003	0
549	F	0.00000	0.99998	0.00002	0
550	E	0.00000	1	0.00000	0
551	G	0.00000	1	0.00000	0
552	N	0.00000	1	0.00000	0
553	M	0.00000	1	0.00000	0
554	H	0.00000	1	0.00000	0
555	Y	0.00000	1	0.00000	0
556	D	0.00000	1	0.00000	0
557	T	0.00000	1	0.00000	0
558	P	0.00000	1	0.00000	0
559	D	0.00000	1	0.00000	0
560	I	0.00000	1	0.00000	0
561	R	0.00000	1	0.00000	0
562	R	0.00000	1	0.00000	0
563	F	0.00000	1	0.00000	0
564	D	0.00000	1	0.00000	0
565	P	0.00000	1	0.00000	0
566	I	0.00000	1	0.00000	0
567	P	0.00000	1	0.00000	0
568	A	0.00000	1	0.00000	0
569	Q	0.00000	1	0.00000	0
570	Y	0.00000	0.99994	0.00006	0
571	V	0.00000	0.99991	0.00009	0
572	R	0.00000	0.99991	0.00009	0
573	V	0.00000	0.9999	0.00010	0
574	Y	0.00000	0.99986	0.00014	0
575	P	0.00000	0.99986	0.00014	0
576	E	0.00000	0.99986	0.00014	0
577	R	0.00000	0.99986	0.00014	0
578	W	0.00000	0.99986	0.00014	0
579	S	0.00000	0.99986	0.00014	0
580	P	0.00000	0.99986	0.00014	0
581	A	0.00000	0.99986	0.00014	0
582	G	0.00000	0.99986	0.00014	0
583	I	0.00000	0.99986	0.00014	0
584	G	0.00000	0.99986	0.00014	0
585	M	0.00000	0.99986	0.00014	0
586	R	0.00000	0.99986	0.00014	0
587	L	0.00000	0.99986	0.00014	0
588	E	0.00000	0.99985	0.00014	0
589	V	0.00000	0.99985	0.00014	0
590	L	0.00001	0.99986	0.00013	0
591	G	0.00009	0.99986	0.00006	0
592	C	0.00009	0.99986	0.00005	0
593	D	0.00013	0.99986	0.00002	0
594	W	0.00013	0.99986	0.00001	0
595	T	0.00014	0.99986	0.00000	0
596	D	0.00014	0.99986	0.00000	0
597	S	0.00014	0.99983	0.00002	0
598	K	0.00014	0.99983	0.00003	0
599	P	0.00014	0.99968	0.00018	0
600	T	0.00008	0.99965	0.00027	0
601	V	0.00000	0.99964	0.00036	0
602	E	0.00000	0.99964	0.00036	0
603	T	0.00000	0.99965	0.00035	0
604	L	0.00000	0.99965	0.00035	0
605	G	0.00000	0.99965	0.00035	0
606	P	0.00000	0.99965	0.00035	0
607	T	0.00000	0.99965	0.00035	0
608	V	0.00000	0.99965	0.00035	0
609	K	0.00000	0.99965	0.00035	0
610	S	0.00000	0.99965	0.00035	0
611	E	0.00000	0.99964	0.00035	0
612	E	0.00000	0.99959	0.00041	0
613	T	0.00000	0.96244	0.03756	0
614	T	0.00000	0.92396	0.07604	0
615	T	0.00000	0.91445	0.08554	0
616	P	0.00000	0.91429	0.08570	0
617	Y	0.00000	0.91429	0.08571	0
618	P	0.00017	0.91429	0.08554	0
619	T	0.00020	0.91431	0.08549	0
620	E	0.00021	0.9144	0.08539	0
621	E	0.00021	0.91443	0.08536	0
622	E	0.00021	0.91443	0.08536	0
623	A	0.00021	0.91443	0.08536	0
624	T	0.00021	0.91443	0.08536	0
625	E	0.00017	0.91443	0.08540	0
626	C	0.00001	0.91443	0.08556	0
627	G	0.00000	0.91443	0.08557	0
628	E	0.00000	0.91443	0.08557	0
629	N	0.00000	0.91443	0.08557	0
630	C	0.00000	0.91443	0.08557	0
631	S	0.00004	0.91443	0.08553	0
632	F	0.00022	0.91443	0.08535	0
633	E	0.04097	0.91443	0.04460	0
634	D	0.08016	0.91443	0.00541	0
635	D	0.08528	0.91443	0.00029	0
636	K	0.08535	0.91443	0.00022	0
637	D	0.08536	0.91443	0.00021	0
638	L	0.08536	0.49932	0.41533	0
639	Q	0.08536	0.42573	0.48892	0
640	L	0.08536	0.09127	0.82337	0
641	P	0.08536	0.08574	0.82890	0
642	S	0.08381	0.08497	0.83122	0
643	G	0.07053	0.08491	0.84456	0
644	F	0.00401	0.08482	0.91118	0
645	N	0.00188	0.08495	0.91317	0
646	C	0.00049	0.085	0.91451	0
647	N	0.00005	0.085	0.91495	0
648	F	0.00000	0.085	0.91500	0
649	D	0.00000	0.085	0.91500	0
650	F	0.00000	0.08478	0.91522	0
651	L	0.00000	0.08477	0.91523	0
652	E	0.00000	0.08477	0.91523	0
653	E	0.00000	0.08472	0.91528	0
654	P	0.00000	0.08452	0.91548	0
655	C	0.00000	0.07911	0.92089	0
656	G	0.00015	0.0791	0.92075	0
657	W	0.00046	0.07901	0.92054	0
658	M	0.00657	0.07887	0.91456	0
659	Y	0.06003	0.07891	0.86106	0
660	D	0.63649	0.07892	0.28460	0
661	H	0.65689	0.08382	0.25929	0
662	A	0.81165	0.08214	0.10621	0
663	K	0.82280	0.08238	0.09482	0
664	W	0.81661	0.08213	0.10126	0
665	L	0.77500	0.08311	0.14189	0
666	R	0.77964	0.10859	0.11176	0
667	T	0.75422	0.13777	0.10801	0
668	T	0.67049	0.15879	0.17073	0
669	W	0.45314	0.15913	0.38773	0
670	A	0.39358	0.15917	0.44725	0
671	S	0.39359	0.15922	0.44719	0
672	S	0.39257	0.15923	0.44820	0
673	S	0.39302	0.15923	0.44774	0
674	S	0.39791	0.15923	0.44286	0
675	P	0.39800	0.15923	0.44276	0
676	N	0.01586	0.15923	0.82491	0
677	D	0.01580	0.15923	0.82497	0
678	R	0.01578	0.15923	0.82499	0
679	T	0.01575	0.15918	0.82507	0
680	F	0.01588	0.14177	0.84235	0
681	P	0.01990	0.14177	0.83833	0
682	D	0.01644	0.14292	0.84064	0
683	D	0.01424	0.16184	0.82392	0
684	R	0.01403	0.17293	0.81305	0
685	N	0.00816	0.17864	0.81321	0
686	F	0.00205	0.1412	0.85675	0
687	L	0.00156	0.14126	0.85718	0
688	R	0.00152	0.14872	0.84976	0
689	L	0.00058	0.17254	0.82688	0
690	Q	0.00043	0.3069	0.69267	0
691	S	0.00040	0.49141	0.50818	0
692	D	0.00039	0.52031	0.47930	0
693	S	0.00039	0.52304	0.47657	0
694	Q	0.00039	0.53755	0.46206	0
695	R	0.00039	0.6502	0.34941	0
696	E	0.00039	0.66602	0.33359	0
697	G	0.00040	0.67159	0.32801	0
698	Q	0.00040	0.7406	0.25900	0
699	Y	0.01033	0.87311	0.11656	0
700	A	0.01760	0.88079	0.10161	0
701	R	0.01760	0.88831	0.09408	0
702	L	0.01760	0.88808	0.09432	0
703	I	0.01765	0.89035	0.09200	0
704	S	0.07046	0.8925	0.03704	0
705	P	0.07302	0.89297	0.03401	0
706	P	0.07348	0.89487	0.03164	0
707	V	0.07349	0.87749	0.04902	0
708	H	0.07349	0.88527	0.04124	0
709	L	0.07349	0.88445	0.04206	0
710	P	0.07349	0.8846	0.04190	0
711	R	0.07349	0.8841	0.04240	0
712	S	0.07343	0.88376	0.04281	0
713	P	0.07249	0.88376	0.04375	0
714	V	0.03033	0.88376	0.08590	0
715	C	0.01118	0.88376	0.10505	0
716	M	0.00382	0.88376	0.11242	0
717	E	0.00345	0.88376	0.11278	0
718	F	0.00371	0.14244	0.85384	0
719	Q	0.01506	0.1316	0.85335	0
720	Y	0.01554	0.12895	0.85551	0
721	Q	0.01773	0.12914	0.85313	0
722	A	0.01779	0.02486	0.95736	0
723	T	0.01798	0.00822	0.97380	0
724	G	0.01798	0.00048	0.98155	0
725	G	0.01797	0.0004	0.98163	0
726	R	0.01789	0.0004	0.98170	0
727	G	0.00554	0.0004	0.99405	0
728	V	0.00025	0.0004	0.99935	0
729	A	0.00085	0.0004	0.99874	0
730	L	0.00810	0.00039	0.99151	0
731	Q	0.02272	0.00041	0.97687	0
732	V	0.02281	0.00052	0.97667	0
733	V	0.02328	0.00305	0.97367	0
734	R	0.02346	0.04005	0.93649	0
735	E	0.02351	0.06536	0.91113	0
736	A	0.02736	0.07102	0.90162	0
737	S	0.03450	0.07331	0.89219	0
738	Q	0.11080	0.07374	0.81546	0
739	E	0.77663	0.07387	0.14950	0
740	S	0.77827	0.07388	0.14786	0
741	K	0.77959	0.07388	0.14654	0
742	L	0.79582	0.07388	0.13030	0
743	L	0.90673	0.07388	0.01939	0
744	W	0.90740	0.07389	0.01871	0
745	V	0.90738	0.0741	0.01852	0
746	I	0.90738	0.09029	0.00233	0
747	R	0.90738	0.09165	0.00097	0
748	E	0.90738	0.09185	0.00076	0
749	D	0.90738	0.09187	0.00075	0
750	Q	0.90738	0.09187	0.00075	0
751	G	0.90682	0.09187	0.00131	0
752	G	0.89587	0.09187	0.01226	0
753	E	0.89545	0.09173	0.01282	0
754	W	0.81871	0.07064	0.11065	0
755	K	0.80203	0.06404	0.13394	0
756	H	0.42166	0.0237	0.55463	0
757	G	0.01990	0.01143	0.96867	0
758	R	0.01130	0.00997	0.97873	0
759	I	0.00018	0.00971	0.99011	0
760	I	0.00001	0.0088	0.99119	0
761	L	0.00001	0.00846	0.99153	0
762	P	0.00001	0.00852	0.99147	0
763	S	0.00001	0.00907	0.99092	0
764	Y	0.00001	0.0091	0.99089	0
765	D	0.00001	0.00917	0.99082	0
766	M	0.00001	0.00917	0.99082	0
767	E	0.00001	0.00917	0.99082	0
768	Y	0.00000	0.00916	0.99084	0
769	Q	0.00000	0.00916	0.99084	0
770	I	0.00000	0.00916	0.99084	0
771	V	0.00000	0.00931	0.99069	0
772	F	0.00010	0.01115	0.98875	0
773	E	0.00182	0.08964	0.90854	0
774	G	0.03482	0.09579	0.86939	0
775	V	0.04246	0.10095	0.85659	0
776	I	0.05537	0.1728	0.77183	0
777	G	0.07203	0.75057	0.17740	0
778	K	0.07981	0.91399	0.00620	0
779	G	0.08072	0.91547	0.00380	0
780	R	0.08299	0.91649	0.00051	0
781	S	0.08316	0.91653	0.00030	0
782	G	0.08341	0.91654	0.00005	0
783	E	0.08343	0.91654	0.00003	0
784	I	0.08343	0.91654	0.00003	0
785	A	0.08343	0.91654	0.00003	0
786	I	0.08341	0.91654	0.00005	0
787	D	0.08339	0.91655	0.00006	0
788	D	0.08260	0.91655	0.00085	0
789	I	0.03658	0.623	0.34042	0
790	R	0.03183	0.62284	0.34533	0
791	I	0.00343	0.57393	0.42264	0
792	S	0.00327	0.57385	0.42288	0
793	T	0.00289	0.46765	0.52946	0
794	D	0.00256	0.4586	0.53883	0
795	V	0.00008	0.15696	0.84296	0
796	P	0.00006	0.15105	0.84889	0
797	L	0.00003	0.00969	0.99028	0
798	E	0.00003	0.00895	0.99102	0
799	N	0.00003	0.00889	0.99108	0
800	C	0.00002	0.00762	0.99236	0
801	M	0.00002	0.00742	0.99256	0
802	E	0.00002	0.00742	0.99257	0
803	P	0.00002	0.00737	0.99261	0
804	I	0.00002	0.007	0.99298	0
805	S	0.00002	0.0069	0.99308	0
806	A	0.00002	0.0069	0.99308	0
807	F	0.00002	0.0069	0.99308	0
808	A	0.00002	0.00732	0.99266	0
809	G	0.00224	0.03118	0.96658	0
810	E	0.03373	0.07101	0.89526	0
811	N	0.05455	0.07957	0.86587	0
812	F	0.06443	0.08113	0.85444	0
813	K	0.24593	0.08755	0.66652	0
814	V	0.25594	0.08764	0.65642	0
815	D	0.40044	0.09025	0.50931	0
816	I	0.40897	0.09026	0.50076	0
817	P	0.73087	0.0903	0.17883	0
818	E	0.86142	0.09031	0.04827	0
819	I	0.86338	0.09031	0.04631	0
820	H	0.89132	0.09032	0.01836	0
821	E	0.90783	0.09033	0.00184	0
822	R	0.90838	0.09033	0.00129	0
823	E	0.90910	0.09033	0.00057	0
824	G	0.90915	0.09033	0.00052	0
825	Y	0.90928	0.09033	0.00039	0
826	E	0.90963	0.09033	0.00004	0
827	D	0.90967	0.09033	0.00000	0
828	E	0.90967	0.09033	0.00000	0
829	I	0.90967	0.08937	0.00096	0
830	D	0.90967	0.08937	0.00096	0
831	D	0.90967	0.05485	0.03548	0
832	E	0.90967	0.05288	0.03745	0
833	Y	0.90967	0.0342	0.05613	0
834	E	0.90967	0.03316	0.05717	0
835	V	0.90967	0.03014	0.06019	0
836	D	0.90967	0.02991	0.06042	0
837	W	0.90967	0.01017	0.08016	0
838	S	0.90967	0.00984	0.08049	0
839	N	0.90967	0.00974	0.08059	0
840	S	0.90967	0.00957	0.08076	0
841	S	0.90967	0.00955	0.08078	0
842	S	0.90967	0.00955	0.08078	0
843	A	0.90967	0.00955	0.08078	0
844	T	0.90967	0.00955	0.08078	0
845	S	0.90967	0.00955	0.08078	0
846	G	0.90967	0.00955	0.08078	0
847	S	0.90967	0.00955	0.08078	0
848	G	0.90967	0.00955	0.08078	0
849	A	0.90968	0.00955	0.08077	0
850	P	0.90989	0.00955	0.08056	0
851	S	0.91062	0.00955	0.07983	0
852	T	0.91588	0.00955	0.07456	0
853	D	0.95262	0.00955	0.03783	0
854	K	0.96318	0.00955	0.02726	0
855	E	0.96525	0.00955	0.02520	0
856	K	0.96219	0.00951	0.02830	0
857	S	0.96287	0.00904	0.02809	0
858	W	0.12981	0.00327	0.86693	0
859	L	0.14654	0.00244	0.85102	0
860	Y	0.15009	0.00243	0.84748	0
861	T	0.15049	0.00242	0.84708	0
862	L	0.15051	0.00241	0.84708	0
863	D	0.15052	0.00241	0.84707	0
864	P	0.15042	0.00234	0.84725	0
865	I	0.13531	0.00113	0.86355	0
866	L	0.08809	0.00041	0.91150	0
867	I	0.04815	0.00024	0.95161	0
868	T	0.02039	4e-05	0.97957	0
869	I	0.00059	0	0.99941	0
870	I	0.00057	0	0.99943	0
871	A	0.00003	0	0.99997	0
872	M	0.00001	0	0.99999	0
873	S	0.00001	0	0.99999	0
874	S	0.00001	1e-05	0.99998	0
875	L	0.00000	0.00011	0.99989	0
876	G	0.00000	0.00136	0.99864	0
877	V	0.00000	0.00142	0.99858	0
878	L	0.00005	0.001	0.99894	0
879	L	0.00034	0.0202	0.97946	0
880	G	0.00514	0.26683	0.72803	0
881	A	0.00673	0.35617	0.63710	0
882	T	0.00701	0.72371	0.26928	0
883	C	0.00712	0.81356	0.17932	0
884	A	0.00714	0.59218	0.40068	0
885	G	0.00714	0.35468	0.63817	0
886	L	0.00717	0.01859	0.97425	0
887	L	0.00723	0.00637	0.98640	0
888	L	0.00781	0.00736	0.98483	0
889	Y	0.00815	0.06898	0.92287	0
890	C	0.00884	0.13339	0.85778	0
891	T	0.00945	0.15137	0.83918	0
892	C	0.00953	0.16031	0.83016	0
893	S	0.00955	0.16053	0.82992	0
894	Y	0.00955	0.15983	0.83062	0
895	S	0.00955	0.1596	0.83085	0
896	G	0.00955	0.05877	0.93168	0
897	L	0.00956	0.00045	0.98999	0
898	S	0.00967	5e-05	0.99028	0
899	S	0.01090	0	0.98910	0
900	R	0.01109	0	0.98891	0
901	S	0.01109	0	0.98891	0
902	C	0.01109	0	0.98891	0
903	T	0.01109	0	0.98891	0
904	T	0.01109	0	0.98891	0
905	L	0.01110	0	0.98890	0
906	E	0.83866	0	0.16134	0
907	N	0.83867	0	0.16133	0
908	Y	0.83868	0	0.16132	0
909	N	0.83869	0	0.16131	0
910	F	0.83869	0	0.16131	0
911	E	0.83869	0	0.16131	0
912	L	0.83869	0	0.16131	0
913	Y	0.83869	0	0.16131	0
914	D	0.83870	0	0.16130	0
915	G	0.83870	0	0.16130	0
916	L	0.83870	0	0.16130	0
917	K	1.00000	0	0.00000	0
918	H	1.00000	0	0.00000	0
919	K	1.00000	0	0.00000	0
920	V	1.00000	0	0.00000	0
921	K	1.00000	0	0.00000	0
922	M	1.00000	0	0.00000	0
923	N	1.00000	0	0.00000	0
924	H	1.00000	0	0.00000	0
925	Q	1.00000	0	0.00000	0
926	K	1.00000	0	0.00000	0
927	C	1.00000	0	0.00000	0
928	C	1.00000	0	0.00000	0
929	S	1.00000	0	0.00000	0
930	E	1.00000	0	0.00000	0
931	A	1.00000	0	0.00000	0
