# UNNAMED
#pos	aa	i	o	M	S
1	M	0.00000	0.99948	0.00000	0.00052
2	F	0.00000	0.99948	0.00000	0.00052
3	R	0.00000	0.99948	0.00000	0.00052
4	Q	0.00000	0.99948	0.00000	0.00052
5	E	0.00000	0.99948	0.00000	0.00052
6	Q	0.00000	0.99948	0.00000	0.00052
7	P	0.00000	0.99948	0.00000	0.00052
8	L	0.00000	0.99948	0.00000	0.00052
9	A	0.00000	0.99948	0.00000	0.00052
10	E	0.00000	0.99948	0.00000	0.00052
11	G	0.00000	0.99948	0.00000	0.00052
12	S	0.00000	0.99948	0.00000	0.00052
13	F	0.00000	0.99948	0.00000	0.00052
14	A	0.00000	0.99948	0.00000	0.00052
15	P	0.00000	0.99948	0.00000	0.00052
16	M	0.00000	0.99948	0.00000	0.00052
17	G	0.00000	0.99948	0.00000	0.00052
18	S	0.00000	0.99948	0.00000	0.00051
19	L	0.00000	0.99948	0.00000	0.00051
20	Q	0.00000	0.99999	0.00000	0
21	P	0.00000	0.99999	0.00000	0
22	D	0.00000	0.99999	0.00000	1e-05
23	A	0.00000	0.99999	0.00000	1e-05
24	G	0.00000	0.99999	0.00000	1e-05
25	N	0.00000	0.99999	0.00000	1e-05
26	A	0.00000	0.99999	0.00000	0
27	S	0.00000	1	0.00000	0
28	W	0.00000	1	0.00000	0
29	N	0.00000	1	0.00000	0
30	G	0.00000	1	0.00000	0
31	T	0.00000	1	0.00000	0
32	E	0.00000	1	0.00000	0
33	A	0.00000	1	0.00000	0
34	P	0.00000	1	0.00000	0
35	G	0.00000	1	0.00000	0
36	G	0.00000	1	0.00000	0
37	G	0.00000	1	0.00000	0
38	A	0.00000	1	0.00000	0
39	R	0.00000	1	0.00000	0
40	A	0.00000	0.99976	0.00024	0
41	T	0.00000	0.99951	0.00049	0
42	P	0.00000	0.9985	0.00150	0
43	Y	0.00000	0.99058	0.00942	0
44	S	0.00000	0.98236	0.01764	0
45	L	0.00000	0.94507	0.05493	0
46	Q	0.00000	0.87023	0.12977	0
47	V	0.00000	0.41452	0.58548	0
48	T	0.00000	0.11216	0.88784	0
49	L	0.00000	0.06367	0.93633	0
50	T	0.00000	0.03629	0.96371	0
51	L	0.00000	0.01319	0.98681	0
52	V	0.00000	0.00684	0.99316	0
53	C	0.00000	0.00552	0.99448	0
54	L	0.00000	0.00088	0.99912	0
55	A	0.00000	0.00013	0.99987	0
56	G	0.00000	2e-05	0.99998	0
57	L	0.00000	0	1.00000	0
58	L	0.00000	0	1.00000	0
59	M	0.00000	0	1.00000	0
60	L	0.00000	0	1.00000	0
61	L	0.00000	0	1.00000	0
62	T	0.00000	0	1.00000	0
63	V	0.00000	0	1.00000	0
64	F	0.00000	0	1.00000	0
65	G	0.00000	0	1.00000	0
66	N	0.00000	0	1.00000	0
67	V	0.00000	0	1.00000	0
68	L	0.00000	0	1.00000	0
69	V	0.00000	0	1.00000	0
70	I	0.00002	0	0.99998	0
71	I	0.00128	0	0.99872	0
72	A	0.07261	0	0.92739	0
73	V	0.16051	0	0.83949	0
74	F	0.35828	0	0.64172	0
75	T	0.96530	0	0.03470	0
76	S	0.99881	0	0.00119	0
77	R	0.99998	0	0.00002	0
78	A	1.00000	0	0.00000	0
79	L	1.00000	0	0.00000	0
80	K	1.00000	0	0.00000	0
81	A	1.00000	0	0.00000	0
82	P	1.00000	0	0.00000	0
83	Q	0.83478	0	0.16522	0
84	N	0.14482	0	0.85518	0
85	L	0.02338	0	0.97662	0
86	F	0.00020	0	0.99980	0
87	L	0.00000	0	1.00000	0
88	V	0.00000	0	1.00000	0
89	S	0.00000	0	1.00000	0
90	L	0.00000	0	1.00000	0
91	A	0.00000	0	1.00000	0
92	S	0.00000	0	1.00000	0
93	A	0.00000	0	1.00000	0
94	D	0.00000	0	1.00000	0
95	I	0.00000	0	1.00000	0
96	L	0.00000	0	1.00000	0
97	V	0.00000	0	1.00000	0
98	A	0.00000	0	1.00000	0
99	T	0.00000	0	1.00000	0
100	L	0.00000	0	1.00000	0
101	V	0.00000	0	1.00000	0
102	I	0.00000	0.00022	0.99978	0
103	P	0.00000	0.00381	0.99619	0
104	F	0.00000	0.04	0.96000	0
105	S	0.00000	0.38558	0.61442	0
106	L	0.00000	0.52031	0.47969	0
107	A	0.00000	0.81269	0.18731	0
108	N	0.00000	0.99997	0.00003	0
109	E	0.00000	0.99998	0.00002	0
110	V	0.00000	0.99998	0.00002	0
111	M	0.00000	0.99999	0.00001	0
112	G	0.00000	0.99999	0.00001	0
113	Y	0.00000	1	0.00000	0
114	W	0.00000	1	0.00000	0
115	Y	0.00000	1	0.00000	0
116	F	0.00000	1	0.00000	0
117	G	0.00000	1	0.00000	0
118	K	0.00000	1	0.00000	0
119	A	0.00000	1	0.00000	0
120	W	0.00000	1	0.00000	0
121	C	0.00000	1	0.00000	0
122	E	0.00000	1	0.00000	0
123	I	0.00000	0.99909	0.00091	0
124	Y	0.00000	0.87363	0.12637	0
125	L	0.00000	0.42596	0.57404	0
126	A	0.00000	0.25915	0.74085	0
127	L	0.00000	0.0067	0.99330	0
128	D	0.00000	0.00269	0.99731	0
129	V	0.00000	4e-05	0.99996	0
130	L	0.00000	0	1.00000	0
131	F	0.00000	0	1.00000	0
132	C	0.00000	0	1.00000	0
133	T	0.00000	0	1.00000	0
134	S	0.00000	0	1.00000	0
135	S	0.00000	0	1.00000	0
136	I	0.00000	0	1.00000	0
137	V	0.00000	0	1.00000	0
138	H	0.00000	0	1.00000	0
139	L	0.00000	0	1.00000	0
140	C	0.00000	0	1.00000	0
141	A	0.00000	0	1.00000	0
142	I	0.00000	0	1.00000	0
143	S	0.00000	0	1.00000	0
144	L	0.00000	0	1.00000	0
145	D	0.00000	0	1.00000	0
146	R	0.00323	0	0.99677	0
147	Y	0.02586	0	0.97414	0
148	W	0.04370	0	0.95630	0
149	S	0.36786	0	0.63214	0
150	I	0.99998	0	0.00002	0
151	T	1.00000	0	0.00000	0
152	Q	1.00000	0	0.00000	0
153	A	1.00000	0	0.00000	0
154	I	1.00000	0	0.00000	0
155	E	1.00000	0	0.00000	0
156	Y	1.00000	0	0.00000	0
157	N	1.00000	0	0.00000	0
158	L	1.00000	0	0.00000	0
159	K	1.00000	0	0.00000	0
160	R	1.00000	0	0.00000	0
161	T	1.00000	0	0.00000	0
162	P	1.00000	0	0.00000	0
163	R	0.99996	0	0.00004	0
164	R	0.98983	0	0.01017	0
165	I	0.53225	0	0.46775	0
166	K	0.49804	0	0.50196	0
167	A	0.11896	0	0.88104	0
168	I	0.00041	0	0.99959	0
169	I	0.00000	0	1.00000	0
170	I	0.00000	0	1.00000	0
171	T	0.00000	0	1.00000	0
172	V	0.00000	0	1.00000	0
173	W	0.00000	0	1.00000	0
174	V	0.00000	0	1.00000	0
175	I	0.00000	0	1.00000	0
176	S	0.00000	0	1.00000	0
177	A	0.00000	0	1.00000	0
178	V	0.00000	0	1.00000	0
179	I	0.00000	0	1.00000	0
180	S	0.00000	0	1.00000	0
181	F	0.00000	0	1.00000	0
182	P	0.00000	0	1.00000	0
183	P	0.00000	3e-05	0.99997	0
184	L	0.00000	0.00033	0.99967	0
185	I	0.00000	0.01407	0.98593	0
186	S	0.00000	0.18385	0.81615	0
187	I	0.00000	0.27275	0.72725	0
188	E	0.00000	0.95867	0.04133	0
189	K	0.00000	0.99971	0.00029	0
190	K	0.00000	1	0.00000	0
191	G	0.00000	1	0.00000	0
192	G	0.00000	1	0.00000	0
193	G	0.00000	1	0.00000	0
194	G	0.00000	1	0.00000	0
195	G	0.00000	1	0.00000	0
196	P	0.00000	1	0.00000	0
197	Q	0.00000	1	0.00000	0
198	P	0.00000	1	0.00000	0
199	A	0.00000	1	0.00000	0
200	E	0.00000	1	0.00000	0
201	P	0.00000	1	0.00000	0
202	R	0.00000	1	0.00000	0
203	C	0.00000	1	0.00000	0
204	E	0.00000	1	0.00000	0
205	I	0.00000	1	0.00000	0
206	N	0.00000	1	0.00000	0
207	D	0.00000	1	0.00000	0
208	Q	0.00000	0.99994	0.00006	0
209	K	0.00000	0.98935	0.01065	0
210	W	0.00000	0.19352	0.80648	0
211	Y	0.00000	0.0183	0.98170	0
212	V	0.00000	0.01578	0.98422	0
213	I	0.00000	0.00051	0.99949	0
214	S	0.00000	2e-05	0.99998	0
215	S	0.00000	1e-05	0.99999	0
216	C	0.00000	1e-05	0.99999	0
217	I	0.00000	0	1.00000	0
218	G	0.00000	0	1.00000	0
219	S	0.00000	0	1.00000	0
220	F	0.00000	0	1.00000	0
221	F	0.00000	0	1.00000	0
222	A	0.00000	0	1.00000	0
223	P	0.00000	0	1.00000	0
224	C	0.00000	0	1.00000	0
225	L	0.00000	0	1.00000	0
226	I	0.00000	0	1.00000	0
227	M	0.00000	0	1.00000	0
228	I	0.00000	0	1.00000	0
229	L	0.00000	0	1.00000	0
230	V	0.00000	0	1.00000	0
231	Y	0.00025	0	0.99975	0
232	V	0.01168	0	0.98832	0
233	R	0.22186	0	0.77814	0
234	I	0.24178	0	0.75822	0
235	Y	0.36976	0	0.63024	0
236	Q	0.99407	0	0.00593	0
237	I	0.99581	0	0.00419	0
238	A	0.99997	0	0.00003	0
239	K	1.00000	0	0.00000	0
240	R	1.00000	0	0.00000	0
241	R	1.00000	0	0.00000	0
242	T	1.00000	0	0.00000	0
243	R	1.00000	0	0.00000	0
244	V	1.00000	0	0.00000	0
245	P	1.00000	0	0.00000	0
246	P	1.00000	0	0.00000	0
247	S	1.00000	0	0.00000	0
248	R	1.00000	0	0.00000	0
249	R	1.00000	0	0.00000	0
250	G	1.00000	0	0.00000	0
251	P	1.00000	0	0.00000	0
252	D	1.00000	0	0.00000	0
253	A	1.00000	0	0.00000	0
254	V	1.00000	0	0.00000	0
255	A	1.00000	0	0.00000	0
256	A	1.00000	0	0.00000	0
257	P	1.00000	0	0.00000	0
258	P	1.00000	0	0.00000	0
259	G	1.00000	0	0.00000	0
260	G	1.00000	0	0.00000	0
261	T	1.00000	0	0.00000	0
262	E	1.00000	0	0.00000	0
263	R	1.00000	0	0.00000	0
264	R	1.00000	0	0.00000	0
265	P	1.00000	0	0.00000	0
266	N	1.00000	0	0.00000	0
267	G	1.00000	0	0.00000	0
268	L	1.00000	0	0.00000	0
269	G	1.00000	0	0.00000	0
270	P	1.00000	0	0.00000	0
271	E	1.00000	0	0.00000	0
272	R	1.00000	0	0.00000	0
273	S	1.00000	0	0.00000	0
274	A	1.00000	0	0.00000	0
275	G	1.00000	0	0.00000	0
276	P	1.00000	0	0.00000	0
277	G	1.00000	0	0.00000	0
278	G	1.00000	0	0.00000	0
279	A	1.00000	0	0.00000	0
280	E	1.00000	0	0.00000	0
281	A	1.00000	0	0.00000	0
282	E	1.00000	0	0.00000	0
283	P	1.00000	0	0.00000	0
284	L	1.00000	0	0.00000	0
285	P	1.00000	0	0.00000	0
286	T	1.00000	0	0.00000	0
287	Q	1.00000	0	0.00000	0
288	L	1.00000	0	0.00000	0
289	N	1.00000	0	0.00000	0
290	G	1.00000	0	0.00000	0
291	A	1.00000	0	0.00000	0
292	P	1.00000	0	0.00000	0
293	G	1.00000	0	0.00000	0
294	E	1.00000	0	0.00000	0
295	P	1.00000	0	0.00000	0
296	A	1.00000	0	0.00000	0
297	P	1.00000	0	0.00000	0
298	A	1.00000	0	0.00000	0
299	G	1.00000	0	0.00000	0
300	P	1.00000	0	0.00000	0
301	R	1.00000	0	0.00000	0
302	D	1.00000	0	0.00000	0
303	T	1.00000	0	0.00000	0
304	D	1.00000	0	0.00000	0
305	A	1.00000	0	0.00000	0
306	L	1.00000	0	0.00000	0
307	D	1.00000	0	0.00000	0
308	L	1.00000	0	0.00000	0
309	E	1.00000	0	0.00000	0
310	E	1.00000	0	0.00000	0
311	S	1.00000	0	0.00000	0
312	S	1.00000	0	0.00000	0
313	S	1.00000	0	0.00000	0
314	S	1.00000	0	0.00000	0
315	D	1.00000	0	0.00000	0
316	H	1.00000	0	0.00000	0
317	A	1.00000	0	0.00000	0
318	E	1.00000	0	0.00000	0
319	R	1.00000	0	0.00000	0
320	P	1.00000	0	0.00000	0
321	P	1.00000	0	0.00000	0
322	G	1.00000	0	0.00000	0
323	P	1.00000	0	0.00000	0
324	R	1.00000	0	0.00000	0
325	R	1.00000	0	0.00000	0
326	P	1.00000	0	0.00000	0
327	E	1.00000	0	0.00000	0
328	R	1.00000	0	0.00000	0
329	G	1.00000	0	0.00000	0
330	P	1.00000	0	0.00000	0
331	R	1.00000	0	0.00000	0
332	G	1.00000	0	0.00000	0
333	K	1.00000	0	0.00000	0
334	G	1.00000	0	0.00000	0
335	K	1.00000	0	0.00000	0
336	A	1.00000	0	0.00000	0
337	R	1.00000	0	0.00000	0
338	A	1.00000	0	0.00000	0
339	S	1.00000	0	0.00000	0
340	Q	1.00000	0	0.00000	0
341	V	1.00000	0	0.00000	0
342	K	1.00000	0	0.00000	0
343	P	1.00000	0	0.00000	0
344	G	1.00000	0	0.00000	0
345	D	1.00000	0	0.00000	0
346	S	1.00000	0	0.00000	0
347	L	1.00000	0	0.00000	0
348	P	1.00000	0	0.00000	0
349	R	1.00000	0	0.00000	0
350	R	1.00000	0	0.00000	0
351	G	1.00000	0	0.00000	0
352	P	1.00000	0	0.00000	0
353	G	1.00000	0	0.00000	0
354	A	1.00000	0	0.00000	0
355	T	1.00000	0	0.00000	0
356	G	1.00000	0	0.00000	0
357	I	1.00000	0	0.00000	0
358	G	1.00000	0	0.00000	0
359	T	1.00000	0	0.00000	0
360	P	1.00000	0	0.00000	0
361	A	1.00000	0	0.00000	0
362	A	1.00000	0	0.00000	0
363	G	1.00000	0	0.00000	0
364	P	1.00000	0	0.00000	0
365	G	1.00000	0	0.00000	0
366	E	1.00000	0	0.00000	0
367	E	1.00000	0	0.00000	0
368	R	1.00000	0	0.00000	0
369	V	1.00000	0	0.00000	0
370	G	1.00000	0	0.00000	0
371	A	1.00000	0	0.00000	0
372	A	1.00000	0	0.00000	0
373	K	1.00000	0	0.00000	0
374	A	1.00000	0	0.00000	0
375	S	1.00000	0	0.00000	0
376	R	1.00000	0	0.00000	0
377	W	1.00000	0	0.00000	0
378	R	1.00000	0	0.00000	0
379	G	1.00000	0	0.00000	0
380	R	1.00000	0	0.00000	0
381	Q	1.00000	0	0.00000	0
382	N	1.00000	0	0.00000	0
383	R	1.00000	0	0.00000	0
384	E	1.00000	0	0.00000	0
385	K	0.96694	0	0.03306	0
386	R	0.96551	0	0.03449	0
387	F	0.68050	0	0.31950	0
388	T	0.42130	0	0.57870	0
389	F	0.08135	0	0.91865	0
390	V	0.07713	0	0.92287	0
391	L	0.00113	0	0.99887	0
392	A	0.00004	0	0.99996	0
393	V	0.00002	0	0.99998	0
394	V	0.00000	0	1.00000	0
395	I	0.00000	0	1.00000	0
396	G	0.00000	0	1.00000	0
397	V	0.00000	0	1.00000	0
398	F	0.00000	0	1.00000	0
399	V	0.00000	0	1.00000	0
400	V	0.00000	0	1.00000	0
401	C	0.00000	0	1.00000	0
402	W	0.00000	0	1.00000	0
403	F	0.00000	0	1.00000	0
404	P	0.00000	0	1.00000	0
405	F	0.00000	0	1.00000	0
406	F	0.00000	1e-05	0.99999	0
407	F	0.00000	0.00115	0.99885	0
408	T	0.00000	0.01715	0.98285	0
409	Y	0.00000	0.0359	0.96410	0
410	T	0.00000	0.11729	0.88271	0
411	L	0.00000	0.17541	0.82459	0
412	T	0.00000	0.44038	0.55962	0
413	A	0.00000	0.56718	0.43282	0
414	V	0.00000	0.83259	0.16741	0
415	G	0.00000	0.97025	0.02975	0
416	C	0.00000	0.99765	0.00235	0
417	S	0.00000	0.99927	0.00073	0
418	V	0.00000	0.99965	0.00035	0
419	P	0.00000	0.99994	0.00006	0
420	R	0.00000	0.99581	0.00419	0
421	T	0.00000	0.96913	0.03087	0
422	L	0.00000	0.91515	0.08485	0
423	F	0.00000	0.90334	0.09666	0
424	K	0.00000	0.63222	0.36778	0
425	F	0.00000	0.00734	0.99266	0
426	F	0.00000	0.00121	0.99879	0
427	F	0.00000	5e-05	0.99995	0
428	W	0.00000	0	1.00000	0
429	F	0.00000	0	1.00000	0
430	G	0.00000	0	1.00000	0
431	Y	0.00000	0	1.00000	0
432	C	0.00000	0	1.00000	0
433	N	0.00000	0	1.00000	0
434	S	0.00000	0	1.00000	0
435	S	0.00000	0	1.00000	0
436	L	0.00000	0	1.00000	0
437	N	0.00000	0	1.00000	0
438	P	0.00000	0	1.00000	0
439	V	0.00000	0	1.00000	0
440	I	0.00000	0	1.00000	0
441	Y	0.00002	0	0.99998	0
442	T	0.00018	0	0.99982	0
443	I	0.00341	0	0.99659	0
444	F	0.16917	0	0.83083	0
445	N	0.76586	0	0.23414	0
446	H	0.89195	0	0.10805	0
447	D	0.95786	0	0.04214	0
448	F	0.97077	0	0.02923	0
449	R	1.00000	0	0.00000	0
450	R	1.00000	0	0.00000	0
451	A	1.00000	0	0.00000	0
452	F	1.00000	0	0.00000	0
453	K	1.00000	0	0.00000	0
454	K	1.00000	0	0.00000	0
455	I	1.00000	0	0.00000	0
456	L	1.00000	0	0.00000	0
457	C	1.00000	0	0.00000	0
458	R	1.00000	0	0.00000	0
459	G	1.00000	0	0.00000	0
460	D	1.00000	0	0.00000	0
461	R	1.00000	0	0.00000	0
462	K	1.00000	0	0.00000	0
463	R	1.00000	0	0.00000	0
464	I	1.00000	0	0.00000	0
465	V	1.00000	0	0.00000	0
