# UNNAMED
#pos	aa	i	o	M	S
1	M	0.00000	0.99991	0.00000	9e-05
2	A	0.00000	0.99991	0.00000	9e-05
3	H	0.00000	0.99991	0.00000	9e-05
4	I	0.00000	0.99991	0.00000	9e-05
5	N	0.00000	0.99991	0.00000	9e-05
6	C	0.00000	0.99991	0.00000	9e-05
7	T	0.00000	0.99991	0.00000	9e-05
8	Q	0.00000	0.99991	0.00000	9e-05
9	A	0.00000	0.99991	0.00000	9e-05
10	T	0.00000	0.99991	0.00000	9e-05
11	E	0.00000	0.99991	0.00000	9e-05
12	F	0.00000	0.99991	0.00000	9e-05
13	I	0.00000	0.99991	0.00000	9e-05
14	L	0.00000	0.99991	0.00000	9e-05
15	V	0.00000	0.99991	0.00000	8e-05
16	G	0.00000	0.99991	0.00000	9e-05
17	L	0.00000	0.99991	0.00000	9e-05
18	T	0.00000	0.99994	0.00000	6e-05
19	D	0.00000	1	0.00000	0
20	H	0.00000	1	0.00000	0
21	Q	0.00000	1	0.00000	0
22	E	0.00000	0.99999	0.00001	0
23	L	0.00000	0.99978	0.00022	0
24	K	0.00000	0.9994	0.00060	0
25	M	0.00000	0.96972	0.03028	0
26	P	0.00000	0.88007	0.11993	0
27	L	0.00000	0.30077	0.69923	0
28	F	0.00000	0.07725	0.92275	0
29	V	0.00000	0.06	0.94000	0
30	L	0.00000	0.05374	0.94626	0
31	F	0.00000	0.00173	0.99827	0
32	L	0.00000	0.00029	0.99971	0
33	S	0.00000	9e-05	0.99991	0
34	I	0.00000	0	1.00000	0
35	Y	0.00000	0	1.00000	0
36	L	0.00000	0	1.00000	0
37	F	0.00000	0	1.00000	0
38	T	0.00000	0	1.00000	0
39	V	0.00000	0	1.00000	0
40	V	0.00000	0	1.00000	0
41	G	0.00000	0	1.00000	0
42	N	0.00000	0	1.00000	0
43	L	0.00000	0	1.00000	0
44	G	0.00000	0	1.00000	0
45	L	0.00000	0	1.00000	0
46	I	0.00000	0	1.00000	0
47	L	0.00007	0	0.99993	0
48	L	0.00359	0	0.99641	0
49	I	0.02538	0	0.97462	0
50	R	0.93695	0	0.06305	0
51	A	0.97410	0	0.02590	0
52	D	0.99976	0	0.00024	0
53	T	0.99998	0	0.00002	0
54	S	1.00000	0	0.00000	0
55	L	1.00000	0	0.00000	0
56	N	1.00000	0	0.00000	0
57	T	1.00000	0	0.00000	0
58	P	1.00000	0	0.00000	0
59	M	0.38835	0	0.61165	0
60	Y	0.28720	0	0.71280	0
61	F	0.03738	0	0.96262	0
62	F	0.00033	0	0.99967	0
63	L	0.00003	0	0.99997	0
64	S	0.00001	0	0.99999	0
65	N	0.00000	0	1.00000	0
66	L	0.00000	0	1.00000	0
67	A	0.00000	0	1.00000	0
68	F	0.00000	0	1.00000	0
69	V	0.00000	0	1.00000	0
70	D	0.00000	0	1.00000	0
71	F	0.00000	0	1.00000	0
72	C	0.00000	0	1.00000	0
73	Y	0.00000	0	1.00000	0
74	S	0.00000	0	1.00000	0
75	S	0.00000	0	1.00000	0
76	V	0.00000	0	1.00000	0
77	I	0.00000	0	1.00000	0
78	T	0.00000	0.00123	0.99877	0
79	P	0.00000	0.00294	0.99706	0
80	K	0.00000	0.03228	0.96772	0
81	M	0.00000	0.08853	0.91147	0
82	L	0.00000	0.30906	0.69094	0
83	G	0.00000	0.67875	0.32125	0
84	N	0.00000	0.99998	0.00002	0
85	F	0.00000	1	0.00000	0
86	L	0.00000	1	0.00000	0
87	Y	0.00000	1	0.00000	0
88	K	0.00000	1	0.00000	0
89	Q	0.00000	1	0.00000	0
90	N	0.00000	1	0.00000	0
91	V	0.00000	0.99998	0.00002	0
92	I	0.00000	0.99995	0.00005	0
93	S	0.00000	0.99994	0.00006	0
94	F	0.00000	0.99988	0.00012	0
95	D	0.00000	0.99985	0.00015	0
96	A	0.00000	0.99678	0.00322	0
97	C	0.00000	0.99027	0.00973	0
98	A	0.00000	0.82832	0.17168	0
99	T	0.00000	0.80992	0.19008	0
100	Q	0.00000	0.66718	0.33282	0
101	L	0.00000	0.20959	0.79041	0
102	G	0.00000	0.1645	0.83550	0
103	C	0.00000	0.09916	0.90084	0
104	F	0.00000	0.00431	0.99569	0
105	L	0.00000	2e-05	0.99998	0
106	T	0.00000	0	1.00000	0
107	F	0.00000	0	1.00000	0
108	M	0.00000	0	1.00000	0
109	I	0.00000	0	1.00000	0
110	S	0.00000	0	1.00000	0
111	E	0.00000	0	1.00000	0
112	S	0.00000	0	1.00000	0
113	L	0.00000	0	1.00000	0
114	L	0.00000	0	1.00000	0
115	L	0.00000	0	1.00000	0
116	A	0.00002	0	0.99998	0
117	S	0.00002	0	0.99998	0
118	M	0.00002	0	0.99998	0
119	A	0.00002	0	0.99998	0
120	Y	0.00002	0	0.99998	0
121	D	0.00005	0	0.99995	0
122	R	0.00699	0	0.99301	0
123	Y	0.07609	0	0.92391	0
124	V	0.93049	0	0.06951	0
125	A	0.99674	0	0.00326	0
126	I	1.00000	0	0.00000	0
127	C	1.00000	0	0.00000	0
128	N	1.00000	0	0.00000	0
129	P	1.00000	0	0.00000	0
130	L	1.00000	0	0.00000	0
131	L	1.00000	0	0.00000	0
132	Y	1.00000	0	0.00000	0
133	M	0.99998	0	0.00002	0
134	V	0.99998	0	0.00002	0
135	V	0.99996	0	0.00004	0
136	M	0.99988	0	0.00012	0
137	T	0.99875	0	0.00125	0
138	P	0.98839	0	0.01161	0
139	G	0.87408	0	0.12592	0
140	I	0.24733	0	0.75267	0
141	C	0.00188	0	0.99812	0
142	I	0.00013	0	0.99987	0
143	Q	0.00006	0	0.99994	0
144	L	0.00002	0	0.99998	0
145	V	0.00001	0	0.99999	0
146	A	0.00001	0	0.99999	0
147	V	0.00000	0	1.00000	0
148	P	0.00000	0	1.00000	0
149	Y	0.00000	0	1.00000	0
150	S	0.00000	0	1.00000	0
151	Y	0.00000	0	1.00000	0
152	S	0.00000	0	1.00000	0
153	F	0.00000	0	1.00000	0
154	L	0.00000	0	1.00000	0
155	M	0.00000	0	1.00000	0
156	A	0.00000	2e-05	0.99998	0
157	L	0.00000	4e-05	0.99996	0
158	F	0.00000	0.00136	0.99864	0
159	H	0.00000	0.05511	0.94489	0
160	T	0.00000	0.14632	0.85368	0
161	I	0.00000	0.21877	0.78123	0
162	L	0.00000	0.40616	0.59384	0
163	T	0.00000	0.89527	0.10473	0
164	F	0.00000	0.99057	0.00943	0
165	R	0.00000	0.99981	0.00019	0
166	L	0.00000	0.99991	0.00009	0
167	S	0.00000	0.99999	0.00001	0
168	Y	0.00000	1	0.00000	0
169	C	0.00000	1	0.00000	0
170	H	0.00000	1	0.00000	0
171	S	0.00000	1	0.00000	0
172	N	0.00000	1	0.00000	0
173	I	0.00000	1	0.00000	0
174	V	0.00000	1	0.00000	0
175	N	0.00000	1	0.00000	0
176	H	0.00000	1	0.00000	0
177	F	0.00000	1	0.00000	0
178	Y	0.00000	1	0.00000	0
179	C	0.00000	1	0.00000	0
180	D	0.00000	1	0.00000	0
181	D	0.00000	1	0.00000	0
182	M	0.00000	1	0.00000	0
183	P	0.00000	1	0.00000	0
184	L	0.00000	1	0.00000	0
185	L	0.00000	1	0.00000	0
186	R	0.00000	1	0.00000	0
187	L	0.00000	1	0.00000	0
188	T	0.00000	1	0.00000	0
189	C	0.00000	1	0.00000	0
190	S	0.00000	1	0.00000	0
191	D	0.00000	1	0.00000	0
192	T	0.00000	1	0.00000	0
193	R	0.00000	0.99999	0.00001	0
194	F	0.00000	0.99991	0.00009	0
195	K	0.00000	0.99986	0.00014	0
196	Q	0.00000	0.972	0.02800	0
197	L	0.00000	0.16492	0.83508	0
198	W	0.00000	0.14991	0.85009	0
199	I	0.00000	0.00184	0.99816	0
200	F	0.00000	0.00142	0.99858	0
201	A	0.00000	0.00087	0.99913	0
202	C	0.00000	0.00085	0.99915	0
203	A	0.00000	0.00074	0.99926	0
204	G	0.00000	0.00031	0.99969	0
205	I	0.00000	0	1.00000	0
206	M	0.00000	0	1.00000	0
207	F	0.00000	0	1.00000	0
208	I	0.00000	0	1.00000	0
209	S	0.00000	0	1.00000	0
210	S	0.00000	0	1.00000	0
211	L	0.00000	0	1.00000	0
212	L	0.00000	0	1.00000	0
213	I	0.00000	0	1.00000	0
214	V	0.00000	0	1.00000	0
215	F	0.00000	0	1.00000	0
216	V	0.00000	0	1.00000	0
217	S	0.00001	0	0.99999	0
218	Y	0.00004	0	0.99996	0
219	M	0.00079	0	0.99921	0
220	F	0.00268	0	0.99732	0
221	I	0.02797	0	0.97203	0
222	I	0.12840	0	0.87160	0
223	S	0.96879	0	0.03121	0
224	A	0.98290	0	0.01710	0
225	I	0.98780	0	0.01220	0
226	L	0.99485	0	0.00515	0
227	R	0.99983	0	0.00017	0
228	M	0.99989	0	0.00011	0
229	H	0.99998	0	0.00002	0
230	S	1.00000	0	0.00000	0
231	A	1.00000	0	0.00000	0
232	E	1.00000	0	0.00000	0
233	G	0.99999	0	0.00001	0
234	R	0.99758	0	0.00242	0
235	Q	0.99195	0	0.00805	0
236	K	0.80112	0	0.19888	0
237	A	0.27616	0	0.72384	0
238	F	0.15824	0	0.84176	0
239	S	0.08369	0	0.91631	0
240	T	0.07895	0	0.92105	0
241	C	0.07888	0	0.92112	0
242	G	0.07822	0	0.92178	0
243	S	0.07662	0	0.92338	0
244	H	0.07324	0	0.92676	0
245	M	0.04515	0	0.95485	0
246	L	0.03316	0	0.96684	0
247	A	0.00266	0	0.99734	0
248	V	0.00002	0	0.99998	0
249	T	0.00000	0	1.00000	0
250	I	0.00000	0	1.00000	0
251	F	0.00000	0	1.00000	0
252	Y	0.00000	0	1.00000	0
253	G	0.00000	0	1.00000	0
254	T	0.00000	0	1.00000	0
255	L	0.00000	0	1.00000	0
256	I	0.00000	4e-05	0.99996	0
257	F	0.00000	0.00061	0.99939	0
258	M	0.00000	0.00311	0.99689	0
259	Y	0.00000	0.06985	0.93015	0
260	L	0.00000	0.19096	0.80904	0
261	Q	0.00000	0.78921	0.21079	0
262	P	0.00000	0.89305	0.10695	0
263	S	0.00000	0.91712	0.08288	0
264	S	0.00000	0.92338	0.07662	0
265	S	0.00000	0.92509	0.07491	0
266	H	0.00000	0.92743	0.07257	0
267	A	0.00000	0.92828	0.07172	0
268	L	0.00000	0.93493	0.06507	0
269	D	0.00000	0.99659	0.00341	0
270	T	0.00000	0.95701	0.04299	0
271	D	0.00000	0.9494	0.05060	0
272	K	0.00000	0.67791	0.32209	0
273	M	0.00000	0.02279	0.97721	0
274	A	0.00000	0.00289	0.99711	0
275	S	0.00000	0.00142	0.99858	0
276	V	0.00000	1e-05	0.99999	0
277	F	0.00000	0	1.00000	0
278	Y	0.00000	0	1.00000	0
279	T	0.00000	0	1.00000	0
280	V	0.00000	0	1.00000	0
281	I	0.00000	0	1.00000	0
282	I	0.00000	0	1.00000	0
283	P	0.00000	0	1.00000	0
284	M	0.00000	0	1.00000	0
285	L	0.00000	0	1.00000	0
286	N	0.00000	0	1.00000	0
287	P	0.00000	0	1.00000	0
288	L	0.00000	0	1.00000	0
289	I	0.00006	0	0.99994	0
290	Y	0.00058	0	0.99942	0
291	S	0.00493	0	0.99507	0
292	L	0.05405	0	0.94595	0
293	Q	0.81909	0	0.18091	0
294	N	0.96722	0	0.03278	0
295	K	1.00000	0	0.00000	0
296	E	1.00000	0	0.00000	0
297	V	1.00000	0	0.00000	0
298	K	1.00000	0	0.00000	0
299	E	1.00000	0	0.00000	0
300	A	1.00000	0	0.00000	0
301	L	1.00000	0	0.00000	0
302	K	1.00000	0	0.00000	0
303	K	1.00000	0	0.00000	0
304	I	1.00000	0	0.00000	0
305	I	1.00000	0	0.00000	0
306	I	1.00000	0	0.00000	0
307	N	1.00000	0	0.00000	0
308	K	1.00000	0	0.00000	0
309	N	1.00000	0	0.00000	0
