# UNNAMED
#pos	aa	i	o	M	S
1	M	0.00000	1	0.00000	0
2	E	0.00000	1	0.00000	0
3	E	0.00000	1	0.00000	0
4	G	0.00000	1	0.00000	0
5	G	0.00000	1	0.00000	0
6	D	0.00000	1	0.00000	0
7	F	0.00000	1	0.00000	0
8	D	0.00000	1	0.00000	0
9	N	0.00000	1	0.00000	0
10	Y	0.00000	1	0.00000	0
11	Y	0.00000	1	0.00000	0
12	G	0.00000	1	0.00000	0
13	A	0.00000	1	0.00000	0
14	D	0.00000	1	0.00000	0
15	N	0.00000	1	0.00000	0
16	Q	0.00000	1	0.00000	0
17	S	0.00000	1	0.00000	0
18	E	0.00000	1	0.00000	0
19	C	0.00000	1	0.00000	0
20	E	0.00000	1	0.00000	0
21	Y	0.00000	1	0.00000	0
22	T	0.00000	1	0.00000	0
23	D	0.00000	1	0.00000	0
24	W	0.00000	1	0.00000	0
25	K	0.00000	1	0.00000	0
26	S	0.00000	0.99999	0.00001	0
27	S	0.00000	0.99986	0.00014	0
28	G	0.00000	0.99682	0.00318	0
29	A	0.00000	0.98921	0.01079	0
30	L	0.00000	0.97035	0.02965	0
31	I	0.00000	0.27305	0.72695	0
32	P	0.00000	0.20952	0.79048	0
33	A	0.00000	0.08745	0.91255	0
34	I	0.00000	0.00953	0.99047	0
35	Y	0.00000	0.00052	0.99948	0
36	M	0.00000	9e-05	0.99991	0
37	L	0.00000	0	1.00000	0
38	V	0.00000	0	1.00000	0
39	F	0.00000	0	1.00000	0
40	L	0.00000	0	1.00000	0
41	L	0.00000	0	1.00000	0
42	G	0.00000	0	1.00000	0
43	T	0.00000	0	1.00000	0
44	T	0.00000	0	1.00000	0
45	G	0.00000	0	1.00000	0
46	N	0.00000	0	1.00000	0
47	G	0.00000	0	1.00000	0
48	L	0.00000	0	1.00000	0
49	V	0.00000	0	1.00000	0
50	L	0.00000	0	1.00000	0
51	W	0.00044	0	0.99956	0
52	T	0.01305	0	0.98695	0
53	V	0.03867	0	0.96133	0
54	F	0.16559	0	0.83441	0
55	R	0.97127	0	0.02873	0
56	S	0.99993	0	0.00007	0
57	S	0.99999	0	0.00001	0
58	R	1.00000	0	0.00000	0
59	E	1.00000	0	0.00000	0
60	K	1.00000	0	0.00000	0
61	R	1.00000	0	0.00000	0
62	R	0.99996	0	0.00004	0
63	S	0.98368	0	0.01632	0
64	A	0.56875	0	0.43125	0
65	D	0.33242	0	0.66758	0
66	I	0.01818	0	0.98182	0
67	F	0.00009	0	0.99991	0
68	I	0.00000	0	1.00000	0
69	A	0.00000	0	1.00000	0
70	S	0.00000	0	1.00000	0
71	L	0.00000	0	1.00000	0
72	A	0.00000	0	1.00000	0
73	V	0.00000	0	1.00000	0
74	A	0.00000	0	1.00000	0
75	D	0.00000	0	1.00000	0
76	L	0.00000	0	1.00000	0
77	T	0.00000	0	1.00000	0
78	F	0.00000	0	1.00000	0
79	V	0.00000	0	1.00000	0
80	V	0.00000	0	1.00000	0
81	T	0.00000	0	1.00000	0
82	L	0.00000	7e-05	0.99993	0
83	P	0.00000	0.00281	0.99719	0
84	L	0.00000	0.01693	0.98307	0
85	W	0.00000	0.09046	0.90954	0
86	A	0.00000	0.28084	0.71916	0
87	T	0.00000	0.7104	0.28960	0
88	Y	0.00000	0.99987	0.00013	0
89	T	0.00000	0.99996	0.00004	0
90	Y	0.00000	1	0.00000	0
91	R	0.00000	1	0.00000	0
92	D	0.00000	1	0.00000	0
93	Y	0.00000	1	0.00000	0
94	D	0.00000	1	0.00000	0
95	W	0.00000	1	0.00000	0
96	P	0.00000	1	0.00000	0
97	F	0.00000	0.99999	0.00001	0
98	G	0.00000	0.99999	0.00001	0
99	T	0.00000	0.99998	0.00002	0
100	F	0.00000	0.9999	0.00010	0
101	F	0.00000	0.99988	0.00012	0
102	C	0.00000	0.99988	0.00012	0
103	K	0.00000	0.9997	0.00030	0
104	L	0.00000	0.98451	0.01549	0
105	S	0.00000	0.96924	0.03076	0
106	S	0.00000	0.85759	0.14241	0
107	Y	0.00000	0.01163	0.98837	0
108	L	0.00000	0.00105	0.99895	0
109	I	0.00000	0.00026	0.99974	0
110	F	0.00000	0	1.00000	0
111	V	0.00000	0	1.00000	0
112	N	0.00000	0	1.00000	0
113	M	0.00000	0	1.00000	0
114	Y	0.00000	0	1.00000	0
115	A	0.00000	0	1.00000	0
116	S	0.00000	0	1.00000	0
117	V	0.00000	0	1.00000	0
118	F	0.00000	0	1.00000	0
119	C	0.00000	0	1.00000	0
120	L	0.00000	0	1.00000	0
121	T	0.00000	0	1.00000	0
122	G	0.00000	0	1.00000	0
123	L	0.00000	0	1.00000	0
124	S	0.00000	0	1.00000	0
125	F	0.00000	0	1.00000	0
126	D	0.00000	0	1.00000	0
127	R	0.00198	0	0.99802	0
128	Y	0.15390	0	0.84610	0
129	L	0.74560	0	0.25440	0
130	A	0.92334	0	0.07666	0
131	I	0.99991	0	0.00009	0
132	V	1.00000	0	0.00000	0
133	R	1.00000	0	0.00000	0
134	P	1.00000	0	0.00000	0
135	V	1.00000	0	0.00000	0
136	A	1.00000	0	0.00000	0
137	N	1.00000	0	0.00000	0
138	A	1.00000	0	0.00000	0
139	R	1.00000	0	0.00000	0
140	L	0.99998	0	0.00002	0
141	R	0.99995	0	0.00005	0
142	L	0.99796	0	0.00204	0
143	R	0.99532	0	0.00468	0
144	V	0.66082	0	0.33918	0
145	S	0.59739	0	0.40261	0
146	G	0.26190	0	0.73810	0
147	A	0.08597	0	0.91403	0
148	V	0.00147	0	0.99853	0
149	A	0.00043	0	0.99957	0
150	T	0.00014	0	0.99986	0
151	A	0.00001	0	0.99999	0
152	V	0.00000	0	1.00000	0
153	L	0.00000	0	1.00000	0
154	W	0.00000	0	1.00000	0
155	V	0.00000	0	1.00000	0
156	L	0.00000	0	1.00000	0
157	A	0.00000	0	1.00000	0
158	A	0.00000	0	1.00000	0
159	L	0.00000	0	1.00000	0
160	L	0.00000	0	1.00000	0
161	A	0.00000	0	1.00000	0
162	M	0.00000	9e-05	0.99991	0
163	P	0.00000	0.0022	0.99780	0
164	V	0.00000	0.0053	0.99470	0
165	M	0.00000	0.02622	0.97378	0
166	V	0.00000	0.17213	0.82787	0
167	L	0.00000	0.39639	0.60361	0
168	R	0.00000	0.92767	0.07233	0
169	T	0.00000	0.9764	0.02360	0
170	T	0.00000	0.99656	0.00344	0
171	G	0.00000	0.9996	0.00040	0
172	D	0.00000	1	0.00000	0
173	L	0.00000	1	0.00000	0
174	E	0.00000	1	0.00000	0
175	N	0.00000	1	0.00000	0
176	T	0.00000	1	0.00000	0
177	T	0.00000	1	0.00000	0
178	K	0.00000	1	0.00000	0
179	V	0.00000	1	0.00000	0
180	Q	0.00000	1	0.00000	0
181	C	0.00000	1	0.00000	0
182	Y	0.00000	1	0.00000	0
183	M	0.00000	1	0.00000	0
184	D	0.00000	1	0.00000	0
185	Y	0.00000	1	0.00000	0
186	S	0.00000	1	0.00000	0
187	M	0.00000	1	0.00000	0
188	V	0.00000	1	0.00000	0
189	A	0.00000	1	0.00000	0
190	T	0.00000	1	0.00000	0
191	V	0.00000	1	0.00000	0
192	S	0.00000	1	0.00000	0
193	S	0.00000	0.99992	0.00008	0
194	E	0.00000	0.99991	0.00009	0
195	W	0.00000	0.99299	0.00701	0
196	A	0.00000	0.99277	0.00723	0
197	W	0.00000	0.9791	0.02090	0
198	E	0.00000	0.97719	0.02281	0
199	V	0.00000	0.42789	0.57211	0
200	G	0.00000	0.1954	0.80460	0
201	L	0.00000	0.07137	0.92863	0
202	G	0.00000	0.05175	0.94825	0
203	V	0.00000	0.02654	0.97346	0
204	S	0.00000	0.01057	0.98943	0
205	S	0.00000	0.01045	0.98955	0
206	T	0.00000	0.01012	0.98988	0
207	T	0.00000	0.00964	0.99036	0
208	V	0.00000	0.00026	0.99974	0
209	G	0.00000	0.00023	0.99977	0
210	F	0.00000	0	1.00000	0
211	V	0.00000	0	1.00000	0
212	V	0.00000	0	1.00000	0
213	P	0.00000	0	1.00000	0
214	F	0.00000	0	1.00000	0
215	T	0.00000	0	1.00000	0
216	I	0.00000	0	1.00000	0
217	M	0.00000	0	1.00000	0
218	L	0.00000	0	1.00000	0
219	T	0.00005	0	0.99995	0
220	C	0.00006	0	0.99994	0
221	Y	0.00018	0	0.99982	0
222	F	0.00090	0	0.99910	0
223	F	0.00980	0	0.99020	0
224	I	0.08461	0	0.91539	0
225	A	0.62701	0	0.37299	0
226	Q	0.98718	0	0.01282	0
227	T	0.98811	0	0.01189	0
228	I	0.98834	0	0.01166	0
229	A	0.98931	0	0.01069	0
230	G	0.99014	0	0.00986	0
231	H	0.99082	0	0.00918	0
232	F	0.99155	0	0.00845	0
233	R	0.99982	0	0.00018	0
234	K	1.00000	0	0.00000	0
235	E	1.00000	0	0.00000	0
236	R	1.00000	0	0.00000	0
237	I	1.00000	0	0.00000	0
238	E	1.00000	0	0.00000	0
239	G	1.00000	0	0.00000	0
240	L	0.99972	0	0.00028	0
241	R	0.99971	0	0.00029	0
242	K	0.99963	0	0.00037	0
243	R	0.94883	0	0.05117	0
244	R	0.94643	0	0.05357	0
245	R	0.93462	0	0.06538	0
246	L	0.09843	0	0.90157	0
247	L	0.02448	0	0.97552	0
248	S	0.02439	0	0.97561	0
249	I	0.00470	0	0.99530	0
250	I	0.00084	0	0.99916	0
251	V	0.00003	0	0.99997	0
252	V	0.00002	0	0.99998	0
253	L	0.00000	0	1.00000	0
254	V	0.00000	0	1.00000	0
255	V	0.00000	0	1.00000	0
256	T	0.00000	0	1.00000	0
257	F	0.00000	0	1.00000	0
258	A	0.00000	0	1.00000	0
259	L	0.00000	0	1.00000	0
260	C	0.00000	0	1.00000	0
261	W	0.00000	0	1.00000	0
262	M	0.00000	1e-05	0.99999	0
263	P	0.00000	0.00031	0.99969	0
264	Y	0.00000	0.00058	0.99942	0
265	H	0.00000	0.00148	0.99852	0
266	L	0.00000	0.01277	0.98723	0
267	V	0.00000	0.19915	0.80085	0
268	K	0.00000	0.91053	0.08947	0
269	T	0.00000	0.94157	0.05843	0
270	L	0.00000	0.94782	0.05218	0
271	Y	0.00000	0.95003	0.04997	0
272	M	0.00000	0.95214	0.04786	0
273	L	0.00000	0.96351	0.03649	0
274	G	0.00000	0.99061	0.00939	0
275	S	0.00000	0.99587	0.00413	0
276	L	0.00000	0.99708	0.00292	0
277	L	0.00000	0.99801	0.00199	0
278	H	0.00000	0.99919	0.00081	0
279	W	0.00000	0.99935	0.00065	0
280	P	0.00000	0.99951	0.00049	0
281	C	0.00000	0.99953	0.00047	0
282	D	0.00000	0.9995	0.00050	0
283	F	0.00000	0.9973	0.00270	0
284	D	0.00000	0.99038	0.00962	0
285	L	0.00000	0.58608	0.41392	0
286	F	0.00000	0.2854	0.71460	0
287	L	0.00000	0.0238	0.97620	0
288	M	0.00000	0.00879	0.99121	0
289	N	0.00000	0.00443	0.99557	0
290	I	0.00000	0.00119	0.99881	0
291	F	0.00000	0.00015	0.99985	0
292	P	0.00000	0.0001	0.99990	0
293	Y	0.00000	0	1.00000	0
294	C	0.00000	0	1.00000	0
295	T	0.00001	0	0.99999	0
296	C	0.00002	0	0.99998	0
297	I	0.00003	0	0.99997	0
298	S	0.00042	0	0.99958	0
299	Y	0.00044	0	0.99956	0
300	V	0.00044	0	0.99956	0
301	N	0.00046	0	0.99954	0
302	S	0.00047	0	0.99953	0
303	C	0.00050	0	0.99950	0
304	L	0.00095	0	0.99905	0
305	N	0.00165	0	0.99835	0
306	P	0.00305	0	0.99695	0
307	F	0.00581	0	0.99419	0
308	L	0.01732	0	0.98268	0
309	Y	0.03325	0	0.96675	0
310	A	0.05445	0	0.94555	0
311	F	0.10779	0	0.89221	0
312	F	0.82854	0	0.17146	0
313	D	0.99843	0	0.00157	0
314	P	0.99996	0	0.00004	0
315	R	1.00000	0	0.00000	0
316	F	1.00000	0	0.00000	0
317	R	1.00000	0	0.00000	0
318	Q	1.00000	0	0.00000	0
319	A	1.00000	0	0.00000	0
320	C	1.00000	0	0.00000	0
321	T	1.00000	0	0.00000	0
322	S	1.00000	0	0.00000	0
323	M	1.00000	0	0.00000	0
324	L	1.00000	0	0.00000	0
325	C	1.00000	0	0.00000	0
326	C	1.00000	0	0.00000	0
327	G	1.00000	0	0.00000	0
328	Q	1.00000	0	0.00000	0
329	S	1.00000	0	0.00000	0
330	R	1.00000	0	0.00000	0
331	C	1.00000	0	0.00000	0
332	A	1.00000	0	0.00000	0
333	G	1.00000	0	0.00000	0
334	T	1.00000	0	0.00000	0
335	S	1.00000	0	0.00000	0
336	H	1.00000	0	0.00000	0
337	S	1.00000	0	0.00000	0
338	S	1.00000	0	0.00000	0
339	S	1.00000	0	0.00000	0
340	G	1.00000	0	0.00000	0
341	E	1.00000	0	0.00000	0
342	K	1.00000	0	0.00000	0
343	S	1.00000	0	0.00000	0
344	A	1.00000	0	0.00000	0
345	S	1.00000	0	0.00000	0
346	Y	1.00000	0	0.00000	0
347	S	1.00000	0	0.00000	0
348	S	1.00000	0	0.00000	0
349	G	1.00000	0	0.00000	0
350	H	1.00000	0	0.00000	0
351	S	1.00000	0	0.00000	0
352	Q	1.00000	0	0.00000	0
353	G	1.00000	0	0.00000	0
354	P	1.00000	0	0.00000	0
355	G	1.00000	0	0.00000	0
356	P	1.00000	0	0.00000	0
357	N	1.00000	0	0.00000	0
358	M	1.00000	0	0.00000	0
359	G	1.00000	0	0.00000	0
360	K	1.00000	0	0.00000	0
361	G	1.00000	0	0.00000	0
362	G	1.00000	0	0.00000	0
363	E	1.00000	0	0.00000	0
364	Q	1.00000	0	0.00000	0
365	M	1.00000	0	0.00000	0
366	H	1.00000	0	0.00000	0
367	E	1.00000	0	0.00000	0
368	K	1.00000	0	0.00000	0
369	S	1.00000	0	0.00000	0
370	I	1.00000	0	0.00000	0
371	P	1.00000	0	0.00000	0
372	Y	1.00000	0	0.00000	0
373	S	1.00000	0	0.00000	0
374	Q	1.00000	0	0.00000	0
375	E	1.00000	0	0.00000	0
376	T	1.00000	0	0.00000	0
377	L	1.00000	0	0.00000	0
378	V	1.00000	0	0.00000	0
379	V	1.00000	0	0.00000	0
380	D	1.00000	0	0.00000	0
