# UNNAMED
#pos	aa	i	o	M	S
1	M	0.00000	0.94394	0.00000	0.05606
2	V	0.00000	0.94394	0.00000	0.05606
3	K	0.00000	0.94394	0.00000	0.05606
4	P	0.00000	0.94394	0.00000	0.05606
5	G	0.00000	0.94394	0.00000	0.05606
6	G	0.00000	0.94394	0.00000	0.05606
7	I	0.00000	0.94394	0.00000	0.05606
8	C	0.00000	0.94394	0.00000	0.05606
9	S	0.00000	0.94394	0.00000	0.05606
10	A	0.00000	0.94394	0.00000	0.05606
11	T	0.00000	0.94394	0.00000	0.05606
12	G	0.00000	0.94394	0.00000	0.05607
13	Y	0.00000	0.94397	0.00000	0.05604
14	W	0.00000	0.94397	0.00000	0.05603
15	K	0.00000	0.94397	0.00000	0.05603
16	A	0.00000	0.94397	0.00000	0.05603
17	A	0.00000	0.94436	0.00000	0.05564
18	F	0.00000	0.94436	0.00000	0.05565
19	C	0.00000	0.94436	0.00000	0.05565
20	L	0.00000	0.98253	0.00000	0.01748
21	T	0.00000	0.98253	0.00000	0.01748
22	D	0.00000	0.98658	0.00000	0.01343
23	V	0.00000	0.98658	0.00000	0.01343
24	H	0.00000	0.98659	0.00000	0.01342
25	K	0.00000	0.98658	0.00000	0.01342
26	M	0.00000	0.98658	0.00000	0.01342
27	P	0.00000	0.98658	0.00000	0.01342
28	Y	0.00000	0.98658	0.00000	0.01341
29	F	0.00000	0.98658	0.00000	0.01342
30	T	0.00000	0.98658	0.00000	0.01341
31	R	0.00000	0.98658	0.00000	0.01342
32	L	0.00000	0.98658	0.00000	0.01341
33	I	0.00000	0.98658	0.00000	0.01342
34	L	0.00000	0.98658	0.00000	0.01342
35	F	0.00000	0.98658	0.00000	0.01342
36	L	0.00000	0.98658	0.00000	0.01342
37	F	0.00000	0.98658	0.00000	0.01342
38	C	0.00000	0.98658	0.00000	0.01342
39	L	0.00000	0.98658	0.00000	0.01342
40	M	0.00000	0.98658	0.00000	0.01342
41	V	0.00000	0.98658	0.00000	0.01342
42	L	0.00000	0.98658	0.00000	0.01342
43	V	0.00000	0.98658	0.00000	0.01342
44	E	0.00000	0.98658	0.00000	0.01342
45	S	0.00000	0.98658	0.00000	0.01342
46	R	0.00000	1	0.00000	0
47	K	0.00000	1	0.00000	0
48	P	0.00000	1	0.00000	0
49	K	0.00000	1	0.00000	0
50	R	0.00000	1	0.00000	0
51	K	0.00000	1	0.00000	0
52	R	0.00000	1	0.00000	0
53	W	0.00000	1	0.00000	0
54	T	0.00000	1	0.00000	0
55	G	0.00000	1	0.00000	0
56	Q	0.00000	1	0.00000	0
57	V	0.00000	1	0.00000	0
58	E	0.00000	1	0.00000	0
59	M	0.00000	1	0.00000	0
60	P	0.00000	1	0.00000	0
61	K	0.00000	1	0.00000	0
62	P	0.00000	1	0.00000	0
63	S	0.00000	1	0.00000	0
64	H	0.00000	1	0.00000	0
65	L	0.00000	1	0.00000	0
66	Y	0.00000	1	0.00000	0
67	K	0.00000	1	0.00000	0
68	K	0.00000	1	0.00000	0
69	N	0.00000	1	0.00000	0
70	L	0.00000	1	0.00000	0
71	D	0.00000	1	0.00000	0
72	V	0.00000	1	0.00000	0
73	T	0.00000	1	0.00000	0
74	K	0.00000	1	0.00000	0
75	I	0.00000	1	0.00000	0
76	R	0.00000	1	0.00000	0
77	K	0.00000	1	0.00000	0
78	G	0.00000	1	0.00000	0
79	K	0.00000	1	0.00000	0
80	P	0.00000	1	0.00000	0
81	Q	0.00000	1	0.00000	0
82	Q	0.00000	1	0.00000	0
83	L	0.00000	1	0.00000	0
84	L	0.00000	1	0.00000	0
85	R	0.00000	1	0.00000	0
86	V	0.00000	1	0.00000	0
87	D	0.00000	1	0.00000	0
88	E	0.00000	1	0.00000	0
89	H	0.00000	1	0.00000	0
90	D	0.00000	1	0.00000	0
91	F	0.00000	1	0.00000	0
92	S	0.00000	1	0.00000	0
93	M	0.00000	1	0.00000	0
94	R	0.00000	1	0.00000	0
95	P	0.00000	1	0.00000	0
96	A	0.00000	1	0.00000	0
97	F	0.00000	1	0.00000	0
98	G	0.00000	1	0.00000	0
99	G	0.00000	1	0.00000	0
100	P	0.00000	1	0.00000	0
101	A	0.00000	1	0.00000	0
102	I	0.00000	1	0.00000	0
103	P	0.00000	1	0.00000	0
104	V	0.00000	1	0.00000	0
105	G	0.00000	1	0.00000	0
106	V	0.00000	1	0.00000	0
107	D	0.00000	1	0.00000	0
108	V	0.00000	1	0.00000	0
109	Q	0.00000	1	0.00000	0
110	V	0.00000	1	0.00000	0
111	E	0.00000	1	0.00000	0
112	S	0.00000	1	0.00000	0
113	L	0.00000	1	0.00000	0
114	D	0.00000	1	0.00000	0
115	S	0.00000	1	0.00000	0
116	I	0.00000	1	0.00000	0
117	S	0.00000	1	0.00000	0
118	E	0.00000	1	0.00000	0
119	V	0.00000	1	0.00000	0
120	D	0.00000	1	0.00000	0
121	M	0.00000	1	0.00000	0
122	D	0.00000	1	0.00000	0
123	F	0.00000	1	0.00000	0
124	T	0.00000	1	0.00000	0
125	M	0.00000	1	0.00000	0
126	T	0.00000	1	0.00000	0
127	L	0.00000	1	0.00000	0
128	Y	0.00000	1	0.00000	0
129	L	0.00000	1	0.00000	0
130	R	0.00000	1	0.00000	0
131	H	0.00000	1	0.00000	0
132	Y	0.00000	1	0.00000	0
133	W	0.00000	1	0.00000	0
134	K	0.00000	1	0.00000	0
135	D	0.00000	1	0.00000	0
136	E	0.00000	1	0.00000	0
137	R	0.00000	1	0.00000	0
138	L	0.00000	1	0.00000	0
139	A	0.00000	1	0.00000	0
140	F	0.00000	1	0.00000	0
141	S	0.00000	1	0.00000	0
142	S	0.00000	1	0.00000	0
143	A	0.00000	1	0.00000	0
144	S	0.00000	1	0.00000	0
145	N	0.00000	1	0.00000	0
146	K	0.00000	1	0.00000	0
147	S	0.00000	1	0.00000	0
148	M	0.00000	1	0.00000	0
149	T	0.00000	1	0.00000	0
150	F	0.00000	1	0.00000	0
151	D	0.00000	1	0.00000	0
152	G	0.00000	1	0.00000	0
153	R	0.00000	1	0.00000	0
154	L	0.00000	1	0.00000	0
155	V	0.00000	0.99999	0.00001	0
156	K	0.00000	0.99999	0.00001	0
157	K	0.00000	0.99999	0.00001	0
158	I	0.00000	0.99999	0.00001	0
159	W	0.00000	0.99999	0.00001	0
160	V	0.00000	0.99999	0.00001	0
161	P	0.00000	0.99999	0.00001	0
162	D	0.00000	0.99999	0.00001	0
163	V	0.00000	0.99999	0.00001	0
164	F	0.00000	0.99999	0.00001	0
165	F	0.00000	0.99999	0.00001	0
166	V	0.00000	0.99999	0.00001	0
167	H	0.00000	0.99999	0.00001	0
168	S	0.00000	0.99999	0.00001	0
169	K	0.00000	0.99999	0.00001	0
170	R	0.00000	0.99999	0.00001	0
171	S	0.00000	0.99999	0.00001	0
172	F	0.00000	0.99999	0.00001	0
173	T	0.00000	0.99999	0.00001	0
174	H	0.00000	0.99999	0.00001	0
175	D	0.00001	0.99999	0.00001	0
176	T	0.00001	0.99999	0.00001	0
177	T	0.00001	0.99999	0.00001	0
178	T	0.00001	0.99999	0.00001	0
179	D	0.00001	0.99999	0.00001	0
180	N	0.00001	0.99999	0.00001	0
181	I	0.00001	0.99998	0.00001	0
182	M	0.00001	0.99998	0.00002	0
183	L	0.00001	0.99997	0.00003	0
184	R	0.00001	0.99997	0.00002	0
185	V	0.00001	0.99997	0.00002	0
186	F	0.00001	0.99997	0.00002	0
187	P	0.00001	0.99997	0.00002	0
188	D	0.00001	0.99997	0.00002	0
189	G	0.00001	0.99252	0.00748	0
190	H	0.00000	0.98965	0.01034	0
191	V	0.00000	0.98876	0.01123	0
192	L	0.00000	0.98847	0.01153	0
193	Y	0.00000	0.98843	0.01157	0
194	S	0.00000	0.98843	0.01157	0
195	M	0.00000	0.98843	0.01157	0
196	R	0.00000	0.98843	0.01157	0
197	I	0.00000	0.98843	0.01157	0
198	T	0.00000	0.98843	0.01157	0
199	V	0.00000	0.98843	0.01157	0
200	T	0.00000	0.98843	0.01157	0
201	A	0.00000	0.98843	0.01157	0
202	M	0.00000	0.98843	0.01157	0
203	C	0.00000	0.98843	0.01157	0
204	N	0.00001	0.98843	0.01156	0
205	M	0.00001	0.98843	0.01155	0
206	D	0.00002	0.98843	0.01154	0
207	F	0.00005	0.9881	0.01185	0
208	S	0.00116	0.98808	0.01076	0
209	H	0.00179	0.98808	0.01013	0
210	F	0.00440	0.98808	0.00752	0
211	P	0.01128	0.98808	0.00064	0
212	L	0.01146	0.98808	0.00046	0
213	D	0.01155	0.98808	0.00036	0
214	S	0.01155	0.98807	0.00037	0
215	Q	0.01149	0.98806	0.00046	0
216	T	0.01094	0.98805	0.00102	0
217	C	0.00264	0.98804	0.00931	0
218	S	0.00080	0.98804	0.01116	0
219	L	0.00014	0.98804	0.01182	0
220	E	0.00002	0.98804	0.01194	0
221	L	0.00000	0.98804	0.01195	0
222	E	0.00000	0.98804	0.01196	0
223	S	0.00000	0.98804	0.01196	0
224	Y	0.00000	0.98804	0.01196	0
225	A	0.00000	0.98804	0.01195	0
226	Y	0.00001	0.98804	0.01195	0
227	T	0.00009	0.98804	0.01187	0
228	D	0.00033	0.98804	0.01163	0
229	E	0.00035	0.98804	0.01161	0
230	D	0.00035	0.98804	0.01161	0
231	L	0.00035	0.98804	0.01160	0
232	M	0.00035	0.98804	0.01161	0
233	L	0.00032	0.98804	0.01164	0
234	Y	0.00031	0.98805	0.01165	0
235	W	0.00031	0.98809	0.01160	0
236	K	0.00034	0.99268	0.00698	0
237	N	0.00031	0.99842	0.00127	0
238	G	0.00029	0.99893	0.00078	0
239	D	0.00014	0.99955	0.00031	0
240	E	0.00007	0.9996	0.00033	0
241	S	0.00006	0.9996	0.00034	0
242	L	0.00006	0.9996	0.00034	0
243	K	0.00006	0.9996	0.00034	0
244	T	0.00006	0.9996	0.00034	0
245	D	0.00005	0.9996	0.00035	0
246	E	0.00005	0.99692	0.00303	0
247	K	0.00005	0.97672	0.02323	0
248	I	0.00000	0.10818	0.89181	0
249	S	0.00000	0.05934	0.94065	0
250	L	0.00000	0.05125	0.94874	0
251	S	0.00000	0.05102	0.94898	0
252	Q	0.00000	0.05002	0.94998	0
253	F	0.00000	0.0429	0.95710	0
254	L	0.00000	0.04115	0.95885	0
255	I	0.00000	0.02914	0.97086	0
256	Q	0.00000	0.02777	0.97223	0
257	K	0.00000	0.02313	0.97687	0
258	F	0.00000	0.00315	0.99685	0
259	H	0.00000	0.00109	0.99891	0
260	T	0.00000	0.00101	0.99899	0
261	T	0.00000	0.00101	0.99899	0
262	S	0.00000	0.00101	0.99899	0
263	R	0.00000	0.00101	0.99899	0
264	L	0.00000	0.001	0.99899	0
265	A	0.00000	0.001	0.99899	0
266	F	0.00022	0.00101	0.99878	0
267	Y	0.03313	0.00101	0.96586	0
268	S	0.93634	0.00105	0.06261	0
269	S	0.94659	0.00106	0.05235	0
270	T	0.94805	0.00106	0.05089	0
271	G	0.94853	0.00106	0.05040	0
272	W	0.94923	0.00106	0.04971	0
273	Y	0.94942	0.00106	0.04951	0
274	N	0.95580	0.00106	0.04314	0
275	R	0.95907	0.00106	0.03986	0
276	L	0.14620	0.00106	0.85274	0
277	Y	0.10721	0.00106	0.89172	0
278	I	0.05956	0.00106	0.93938	0
279	N	0.05966	0.00106	0.93928	0
280	F	0.05982	0.00096	0.93922	0
281	T	0.05979	0.00081	0.93940	0
282	L	0.05968	0.00037	0.93995	0
283	R	0.05967	0.00024	0.94009	0
284	R	0.05918	0.00011	0.94071	0
285	H	0.01679	2e-05	0.98319	0
286	I	0.00265	0	0.99734	0
287	F	0.00130	0	0.99870	0
288	F	0.00057	0	0.99943	0
289	F	0.00041	0	0.99959	0
290	L	0.00019	0	0.99981	0
291	L	0.00012	0	0.99988	0
292	Q	0.00012	1e-05	0.99987	0
293	T	0.00012	5e-05	0.99984	0
294	Y	0.00011	0.00118	0.99871	0
295	F	0.00009	0.00451	0.99540	0
296	P	0.00009	0.07221	0.92771	0
297	A	0.00001	0.41618	0.58382	0
298	T	0.00000	0.52546	0.47454	0
299	L	0.00000	0.58889	0.41111	0
300	M	0.00000	0.7017	0.29830	0
301	V	0.00000	0.93641	0.06358	0
302	M	0.00018	0.93674	0.06308	0
303	L	0.00038	0.93903	0.06059	0
304	S	0.00063	0.97078	0.02859	0
305	W	0.00065	0.98208	0.01728	0
306	V	0.00106	0.98527	0.01368	0
307	S	0.00106	0.99142	0.00753	0
308	F	0.00106	0.99242	0.00652	0
309	W	0.00106	0.99503	0.00391	0
310	I	0.00106	0.99661	0.00232	0
311	D	0.00107	0.99846	0.00048	0
312	R	0.00107	0.9973	0.00164	0
313	R	0.00107	0.99659	0.00235	0
314	A	0.00104	0.49458	0.50438	0
315	V	0.00099	0.04155	0.95746	0
316	P	0.00098	0.03376	0.96525	0
317	A	0.00049	0.01326	0.98625	0
318	R	0.00045	0.01159	0.98796	0
319	V	0.00009	0.01094	0.98897	0
320	S	0.00006	0.01091	0.98903	0
321	L	0.00001	0.0109	0.98909	0
322	G	0.00000	0.0109	0.98910	0
323	I	0.00000	0.0109	0.98910	0
324	T	0.00000	0.0109	0.98910	0
325	T	0.00000	0.0109	0.98910	0
326	V	0.00000	0.0109	0.98910	0
327	L	0.00000	0.0109	0.98910	0
328	T	0.00000	0.0109	0.98910	0
329	M	0.00000	0.0109	0.98910	0
330	T	0.00000	0.0109	0.98910	0
331	T	0.00000	0.0109	0.98910	0
332	I	0.00002	0.0109	0.98908	0
333	I	0.00034	0.0109	0.98876	0
334	T	0.02137	0.01092	0.96771	0
335	G	0.38984	0.01095	0.59921	0
336	V	0.91528	0.01098	0.07373	0
337	N	0.98029	0.01138	0.00832	0
338	A	0.98588	0.01148	0.00265	0
339	S	0.98715	0.01177	0.00109	0
340	M	0.98759	0.0118	0.00061	0
341	P	0.98803	0.01195	0.00001	0
342	R	0.98803	0.01195	0.00002	0
343	V	0.98803	0.01195	0.00002	0
344	S	0.98803	0.01195	0.00002	0
345	Y	0.98803	0.01124	0.00072	0
346	V	0.98802	0.01124	0.00074	0
347	K	0.98799	0.01125	0.00076	0
348	A	0.97352	0.01124	0.01525	0
349	V	0.88883	0.01122	0.09996	0
350	D	0.85015	0.01121	0.13864	0
351	I	0.03076	0.00057	0.96868	0
352	Y	0.00577	0.00045	0.99378	0
353	L	0.00167	8e-05	0.99825	0
354	W	0.00100	5e-05	0.99895	0
355	V	0.00037	0	0.99963	0
356	S	0.00025	0	0.99975	0
357	F	0.00000	0	1.00000	0
358	V	0.00000	0	1.00000	0
359	F	0.00000	0	1.00000	0
360	V	0.00000	0	1.00000	0
361	F	0.00000	0	1.00000	0
362	L	0.00000	0	1.00000	0
363	S	0.00000	0	1.00000	0
364	V	0.00000	0	1.00000	0
365	L	0.00000	0	1.00000	0
366	E	0.00001	2e-05	0.99997	0
367	Y	0.00002	4e-05	0.99995	0
368	A	0.00004	0.00034	0.99962	0
369	A	0.00018	0.00574	0.99409	0
370	V	0.00029	0.06132	0.93838	0
371	N	0.00067	0.74163	0.25770	0
372	Y	0.00073	0.87575	0.12352	0
373	L	0.00104	0.91748	0.08148	0
374	T	0.00512	0.97837	0.01650	0
375	T	0.00749	0.98564	0.00687	0
376	V	0.00828	0.98693	0.00479	0
377	Q	0.01196	0.988	0.00004	0
378	E	0.01197	0.98803	0.00000	0
379	R	0.01197	0.98803	0.00000	0
380	K	0.01197	0.98803	0.00000	0
381	E	0.01197	0.98803	0.00000	0
382	R	0.01197	0.98803	0.00000	0
383	K	0.01197	0.98803	0.00000	0
384	L	0.01197	0.98739	0.00064	0
385	R	0.01197	0.98738	0.00065	0
386	E	0.01197	0.98737	0.00066	0
387	K	0.01197	0.98731	0.00073	0
388	F	0.01197	0.98689	0.00114	0
389	P	0.01197	0.98689	0.00115	0
390	C	0.01197	0.98689	0.00115	0
391	M	0.01196	0.9823	0.00574	0
392	C	0.01196	0.98088	0.00716	0
393	G	0.01196	0.30739	0.68065	0
394	M	0.01196	0.29659	0.69145	0
395	L	0.01196	0.29286	0.69518	0
396	H	0.01196	0.2923	0.69574	0
397	S	0.01196	0.29226	0.69578	0
398	K	0.01073	0.15099	0.83827	0
399	T	0.01073	0.05736	0.93191	0
400	M	0.01073	0.00384	0.98543	0
401	M	0.01073	0.00165	0.98762	0
402	L	0.01073	0.00098	0.98829	0
403	D	0.01073	0.00062	0.98864	0
404	G	0.01073	0.00029	0.98897	0
405	S	0.01074	0	0.98926	0
406	Y	0.01076	0	0.98924	0
407	S	0.01123	0	0.98877	0
408	E	0.01151	0	0.98849	0
409	S	0.01158	0	0.98842	0
410	E	0.01179	0	0.98821	0
411	A	0.01185	0	0.98815	0
412	N	0.01190	0	0.98810	0
413	S	0.01205	0	0.98795	0
414	L	0.01233	0	0.98767	0
415	A	0.03333	0	0.96667	0
416	G	0.09221	1e-05	0.90778	0
417	Y	0.14588	3e-05	0.85409	0
418	P	0.64628	0.00027	0.35344	0
419	R	0.71466	0.00081	0.28453	0
420	S	0.72025	0.00088	0.27886	0
421	H	0.72288	0.00092	0.27620	0
422	I	0.72714	0.00095	0.27190	0
423	L	0.73266	0.00099	0.26635	0
424	T	0.99767	0.00123	0.00110	0
425	E	0.99857	0.00124	0.00019	0
426	E	0.99876	0.00124	0.00000	0
427	E	0.99876	0.00124	0.00000	0
428	R	0.99876	0.00124	0.00000	0
429	Q	0.99876	0.00124	0.00000	0
430	D	0.99876	0.00124	0.00000	0
431	K	0.99876	0.00124	0.00000	0
432	I	0.99871	0.00124	0.00005	0
433	V	0.99871	0.00124	0.00005	0
434	V	0.99871	0.00124	0.00005	0
435	H	0.99871	0.00124	0.00005	0
436	L	0.99871	0.00124	0.00005	0
437	G	0.99871	0.00124	0.00005	0
438	L	0.99871	0.00124	0.00005	0
439	S	0.99871	0.00124	0.00005	0
440	G	0.99871	0.00124	0.00005	0
441	E	0.99871	0.00124	0.00005	0
442	A	0.99864	0.00124	0.00013	0
443	N	0.99786	0.00124	0.00090	0
444	A	0.39854	0.00124	0.60023	0
445	A	0.39823	0.00124	0.60054	0
446	R	0.39813	0.00124	0.60063	0
447	K	0.35821	0.00124	0.64055	0
448	K	0.04253	0.00124	0.95623	0
449	G	0.00001	0.00124	0.99876	0
450	L	0.00000	0.00124	0.99876	0
451	L	0.00000	0.00125	0.99875	0
452	K	0.00000	0.00128	0.99871	0
453	G	0.00000	0.00129	0.99871	0
454	Q	0.00000	0.00129	0.99871	0
455	T	0.00000	0.00129	0.99871	0
456	G	0.00000	0.00129	0.99871	0
457	F	0.00000	0.00129	0.99871	0
458	R	0.00000	0.00129	0.99871	0
459	I	0.00000	0.00129	0.99871	0
460	F	0.00000	0.00129	0.99871	0
461	Q	0.00000	0.00132	0.99868	0
462	N	0.00000	0.01586	0.98413	0
463	T	0.00000	0.12899	0.87101	0
464	H	0.00000	0.15601	0.84398	0
465	A	0.00000	0.19615	0.80385	0
466	I	0.00000	0.36833	0.63167	0
467	D	0.00000	0.99484	0.00516	0
468	K	0.00000	0.96345	0.03655	0
469	Y	0.00000	0.45793	0.54207	0
470	S	0.00000	0.04718	0.95281	0
471	R	0.00000	0.00201	0.99799	0
472	L	0.00000	0	1.00000	0
473	I	0.00000	0	1.00000	0
474	F	0.00000	0	1.00000	0
475	P	0.00000	0	1.00000	0
476	A	0.00000	0	1.00000	0
477	S	0.00000	0	1.00000	0
478	Y	0.00000	0	1.00000	0
479	I	0.00000	0	1.00000	0
480	F	0.00000	0	1.00000	0
481	F	0.00000	0	1.00000	0
482	N	0.00000	0	1.00000	0
483	L	0.00000	0	1.00000	0
484	I	0.00000	0	1.00000	0
485	Y	0.00001	0	0.99999	0
486	W	0.00004	0	0.99996	0
487	S	0.00033	0	0.99967	0
488	V	0.00935	0	0.99065	0
489	F	0.12299	0	0.87701	0
490	S	1.00000	0	0.00000	0
