# UNNAMED
#pos	aa	i	o	M	S
1	M	0.00000	0.97549	0.00000	0.02451
2	Q	0.00000	0.97549	0.00000	0.02451
3	G	0.00000	0.97549	0.00000	0.02451
4	E	0.00000	0.97549	0.00000	0.02452
5	N	0.00000	0.97549	0.00000	0.02452
6	F	0.00000	0.97549	0.00000	0.02451
7	T	0.00000	0.97549	0.00000	0.02451
8	I	0.00000	0.97549	0.00000	0.02451
9	W	0.00000	0.97549	0.00000	0.02451
10	S	0.00000	0.97549	0.00000	0.02451
11	I	0.00000	0.97549	0.00000	0.02452
12	F	0.00000	0.97549	0.00000	0.02451
13	F	0.00000	0.97549	0.00000	0.02451
14	L	0.00000	0.97549	0.00000	0.02452
15	E	0.00000	0.97549	0.00000	0.02451
16	G	0.00000	0.97548	0.00000	0.02451
17	F	0.00000	0.97576	0.00009	0.02415
18	S	0.00000	0.97574	0.00011	0.02415
19	Q	0.00000	0.99963	0.00023	0.00014
20	Y	0.00000	0.99931	0.00056	0.00013
21	P	0.00000	0.99909	0.00079	0.00013
22	G	0.00000	0.99742	0.00245	0.00013
23	L	0.00000	0.99332	0.00655	0.00013
24	E	0.00000	0.98553	0.01434	0.00013
25	V	0.00000	0.56369	0.43631	0
26	V	0.00000	0.16658	0.83342	0
27	L	0.00000	0.08777	0.91223	0
28	F	0.00000	0.04908	0.95092	0
29	V	0.00000	0.03731	0.96269	0
30	F	0.00000	0.0353	0.96470	0
31	S	0.00000	0.01929	0.98071	0
32	L	0.00000	0.00388	0.99612	0
33	V	0.00000	0.00019	0.99981	0
34	M	0.00000	1e-05	0.99999	0
35	Y	0.00000	0	1.00000	0
36	L	0.00000	0	1.00000	0
37	T	0.00000	0	1.00000	0
38	T	0.00000	0	1.00000	0
39	L	0.00000	0	1.00000	0
40	L	0.00000	0	1.00000	0
41	G	0.00000	0	1.00000	0
42	N	0.00000	0	1.00000	0
43	S	0.00000	0	1.00000	0
44	T	0.00000	0	1.00000	0
45	L	0.00000	0	1.00000	0
46	I	0.00000	0	1.00000	0
47	L	0.00012	0	0.99988	0
48	I	0.00365	0	0.99635	0
49	T	0.14228	0	0.85772	0
50	I	0.19908	0	0.80092	0
51	L	0.56658	0	0.43342	0
52	D	0.99708	0	0.00292	0
53	S	0.99986	0	0.00014	0
54	R	0.99999	0	0.00001	0
55	L	1.00000	0	0.00000	0
56	K	1.00000	0	0.00000	0
57	T	1.00000	0	0.00000	0
58	P	1.00000	0	0.00000	0
59	M	0.70250	0	0.29750	0
60	Y	0.58168	0	0.41832	0
61	L	0.13688	0	0.86312	0
62	F	0.00374	0	0.99626	0
63	L	0.00077	0	0.99923	0
64	G	0.00048	0	0.99952	0
65	N	0.00000	0	1.00000	0
66	L	0.00000	0	1.00000	0
67	S	0.00000	0	1.00000	0
68	F	0.00000	0	1.00000	0
69	M	0.00000	0	1.00000	0
70	D	0.00000	0	1.00000	0
71	I	0.00000	0	1.00000	0
72	C	0.00000	0	1.00000	0
73	Y	0.00000	0	1.00000	0
74	T	0.00000	0	1.00000	0
75	S	0.00000	0	1.00000	0
76	A	0.00000	0	1.00000	0
77	S	0.00000	0	1.00000	0
78	V	0.00000	2e-05	0.99998	0
79	P	0.00000	0.00024	0.99976	0
80	T	0.00000	0.00144	0.99856	0
81	L	0.00000	0.00539	0.99461	0
82	L	0.00000	0.03254	0.96746	0
83	V	0.00000	0.39819	0.60181	0
84	N	0.00000	0.99972	0.00028	0
85	L	0.00000	0.99975	0.00025	0
86	L	0.00000	0.99983	0.00017	0
87	S	0.00000	0.99998	0.00002	0
88	S	0.00000	1	0.00000	0
89	Q	0.00000	1	0.00000	0
90	K	0.00000	1	0.00000	0
91	T	0.00000	1	0.00000	0
92	I	0.00000	1	0.00000	0
93	I	0.00000	1	0.00000	0
94	F	0.00000	0.99999	0.00001	0
95	S	0.00000	0.99999	0.00001	0
96	G	0.00000	0.99904	0.00096	0
97	C	0.00000	0.99608	0.00392	0
98	A	0.00000	0.67177	0.32823	0
99	V	0.00000	0.22956	0.77044	0
100	Q	0.00000	0.18039	0.81961	0
101	M	0.00000	0.02428	0.97572	0
102	Y	0.00000	0.00492	0.99508	0
103	L	0.00000	0.00041	0.99959	0
104	S	0.00000	3e-05	0.99997	0
105	L	0.00000	0	1.00000	0
106	A	0.00000	0	1.00000	0
107	M	0.00000	0	1.00000	0
108	G	0.00000	0	1.00000	0
109	S	0.00000	0	1.00000	0
110	T	0.00000	0	1.00000	0
111	E	0.00000	0	1.00000	0
112	C	0.00000	0	1.00000	0
113	V	0.00000	0	1.00000	0
114	L	0.00000	0	1.00000	0
115	L	0.00000	0	1.00000	0
116	A	0.00000	0	1.00000	0
117	V	0.00000	0	1.00000	0
118	M	0.00000	0	1.00000	0
119	A	0.00001	0	0.99999	0
120	Y	0.00003	0	0.99997	0
121	D	0.00035	0	0.99965	0
122	R	0.05919	0	0.94081	0
123	Y	0.19207	0	0.80793	0
124	V	0.97763	0	0.02237	0
125	A	0.99963	0	0.00037	0
126	I	1.00000	0	0.00000	0
127	C	1.00000	0	0.00000	0
128	N	1.00000	0	0.00000	0
129	P	1.00000	0	0.00000	0
130	L	1.00000	0	0.00000	0
131	R	1.00000	0	0.00000	0
132	Y	1.00000	0	0.00000	0
133	S	1.00000	0	0.00000	0
134	I	1.00000	0	0.00000	0
135	I	0.99999	0	0.00001	0
136	M	0.99997	0	0.00003	0
137	N	0.99992	0	0.00008	0
138	R	0.99928	0	0.00072	0
139	C	0.01341	0	0.98659	0
140	V	0.00736	0	0.99264	0
141	C	0.00421	0	0.99579	0
142	A	0.00419	0	0.99581	0
143	R	0.00417	0	0.99583	0
144	M	0.00413	0	0.99587	0
145	A	0.00347	0	0.99653	0
146	T	0.00318	0	0.99682	0
147	V	0.00003	0	0.99997	0
148	S	0.00000	0	1.00000	0
149	W	0.00000	0	1.00000	0
150	V	0.00000	0	1.00000	0
151	T	0.00000	0	1.00000	0
152	G	0.00000	0	1.00000	0
153	C	0.00000	0	1.00000	0
154	L	0.00000	0	1.00000	0
155	T	0.00000	0	1.00000	0
156	A	0.00000	0	1.00000	0
157	L	0.00000	0	1.00000	0
158	L	0.00000	0.0016	0.99840	0
159	E	0.00000	0.84237	0.15763	0
160	T	0.00000	0.91557	0.08443	0
161	S	0.00000	0.96269	0.03731	0
162	F	0.00000	0.97105	0.02895	0
163	A	0.00000	0.98408	0.01592	0
164	L	0.00000	0.99153	0.00847	0
165	Q	0.00000	0.99584	0.00416	0
166	I	0.00000	0.99604	0.00396	0
167	P	0.00000	0.99736	0.00264	0
168	L	0.00000	0.99804	0.00196	0
169	C	0.00000	0.9999	0.00010	0
170	G	0.00000	1	0.00000	0
171	N	0.00000	1	0.00000	0
172	L	0.00000	1	0.00000	0
173	I	0.00000	1	0.00000	0
174	D	0.00000	1	0.00000	0
175	H	0.00000	1	0.00000	0
176	F	0.00000	1	0.00000	0
177	T	0.00000	1	0.00000	0
178	C	0.00000	1	0.00000	0
179	E	0.00000	1	0.00000	0
180	I	0.00000	0.99993	0.00007	0
181	L	0.00000	0.99993	0.00007	0
182	A	0.00000	0.99993	0.00007	0
183	V	0.00000	0.99993	0.00007	0
184	L	0.00000	0.99993	0.00007	0
185	K	0.00000	0.99993	0.00007	0
186	L	0.00000	0.99991	0.00009	0
187	A	0.00000	0.99991	0.00009	0
188	C	0.00000	0.99991	0.00009	0
189	T	0.00000	0.99964	0.00036	0
190	S	0.00000	0.99419	0.00581	0
191	S	0.00000	0.98918	0.01082	0
192	L	0.00000	0.98194	0.01806	0
193	L	0.00000	0.92027	0.07973	0
194	M	0.00000	0.91751	0.08249	0
195	N	0.00000	0.91057	0.08943	0
196	T	0.00000	0.83005	0.16995	0
197	I	0.00000	0.00757	0.99243	0
198	M	0.00000	0.00047	0.99953	0
199	L	0.00000	0.0001	0.99990	0
200	V	0.00000	7e-05	0.99993	0
201	V	0.00000	7e-05	0.99993	0
202	S	0.00000	0	1.00000	0
203	I	0.00000	0	1.00000	0
204	L	0.00000	0	1.00000	0
205	L	0.00001	0	0.99999	0
206	L	0.00003	0	0.99997	0
207	P	0.00007	0	0.99993	0
208	I	0.00007	0	0.99993	0
209	P	0.00007	0	0.99993	0
210	M	0.00007	0	0.99993	0
211	L	0.00007	0	0.99993	0
212	L	0.00007	0	0.99993	0
213	V	0.00007	0	0.99993	0
214	C	0.00009	0	0.99991	0
215	I	0.00079	0	0.99921	0
216	S	0.00428	0	0.99572	0
217	Y	0.00473	0	0.99527	0
218	I	0.00648	0	0.99352	0
219	F	0.01093	0	0.98907	0
220	I	0.04159	0	0.95841	0
221	L	0.15206	0	0.84794	0
222	S	0.98045	0	0.01955	0
223	T	0.99584	0	0.00416	0
224	I	0.99721	0	0.00279	0
225	L	0.99901	0	0.00099	0
226	R	0.99998	0	0.00002	0
227	I	0.99999	0	0.00001	0
228	T	1.00000	0	0.00000	0
229	S	1.00000	0	0.00000	0
230	A	1.00000	0	0.00000	0
231	E	1.00000	0	0.00000	0
232	G	0.99999	0	0.00001	0
233	R	0.99931	0	0.00069	0
234	N	0.99804	0	0.00196	0
235	K	0.77139	0	0.22861	0
236	A	0.22649	0	0.77351	0
237	F	0.20292	0	0.79708	0
238	S	0.00513	0	0.99487	0
239	T	0.00501	0	0.99499	0
240	C	0.00132	0	0.99868	0
241	G	0.00094	0	0.99906	0
242	A	0.00081	0	0.99919	0
243	H	0.00081	0	0.99919	0
244	L	0.00078	0	0.99922	0
245	T	0.00011	0	0.99989	0
246	V	0.00000	0	1.00000	0
247	V	0.00000	0	1.00000	0
248	I	0.00000	0	1.00000	0
249	L	0.00000	0	1.00000	0
250	Y	0.00000	0	1.00000	0
251	Y	0.00000	0	1.00000	0
252	G	0.00000	0	1.00000	0
253	A	0.00000	0	1.00000	0
254	A	0.00000	5e-05	0.99995	0
255	L	0.00000	0.00162	0.99838	0
256	S	0.00000	0.01351	0.98649	0
257	M	0.00000	0.01893	0.98107	0
258	Y	0.00000	0.16539	0.83461	0
259	L	0.00000	0.34023	0.65977	0
260	K	0.00000	0.98701	0.01299	0
261	P	0.00000	0.99504	0.00496	0
262	S	0.00000	0.99826	0.00174	0
263	S	0.00000	0.99906	0.00094	0
264	S	0.00000	0.99917	0.00083	0
265	N	0.00000	0.9993	0.00070	0
266	A	0.00000	0.9993	0.00070	0
267	Q	0.00000	0.99758	0.00242	0
268	K	0.00000	0.98264	0.01736	0
269	I	0.00000	0.83212	0.16788	0
270	D	0.00000	0.82538	0.17462	0
271	K	0.00000	0.64964	0.35036	0
272	I	0.00000	0.031	0.96900	0
273	I	0.00000	2e-05	0.99998	0
274	S	0.00000	0	1.00000	0
275	L	0.00000	0	1.00000	0
276	L	0.00000	0	1.00000	0
277	Y	0.00000	0	1.00000	0
278	G	0.00000	0	1.00000	0
279	V	0.00000	0	1.00000	0
280	L	0.00000	0	1.00000	0
281	T	0.00000	0	1.00000	0
282	P	0.00000	0	1.00000	0
283	M	0.00000	0	1.00000	0
284	L	0.00000	0	1.00000	0
285	N	0.00000	0	1.00000	0
286	P	0.00000	0	1.00000	0
287	I	0.00000	0	1.00000	0
288	I	0.00024	0	0.99976	0
289	Y	0.00253	0	0.99747	0
290	S	0.01654	0	0.98346	0
291	L	0.03890	0	0.96110	0
292	R	1.00000	0	0.00000	0
293	N	1.00000	0	0.00000	0
294	K	1.00000	0	0.00000	0
295	E	1.00000	0	0.00000	0
296	V	1.00000	0	0.00000	0
297	K	1.00000	0	0.00000	0
298	D	1.00000	0	0.00000	0
299	A	1.00000	0	0.00000	0
300	M	1.00000	0	0.00000	0
301	K	1.00000	0	0.00000	0
302	K	1.00000	0	0.00000	0
303	L	1.00000	0	0.00000	0
304	L	1.00000	0	0.00000	0
305	G	1.00000	0	0.00000	0
306	K	1.00000	0	0.00000	0
307	I	1.00000	0	0.00000	0
308	T	1.00000	0	0.00000	0
309	L	1.00000	0	0.00000	0
310	H	1.00000	0	0.00000	0
311	Q	1.00000	0	0.00000	0
312	T	1.00000	0	0.00000	0
313	H	1.00000	0	0.00000	0
314	E	1.00000	0	0.00000	0
315	H	1.00000	0	0.00000	0
316	L	1.00000	0	0.00000	0
