# UNNAMED
#pos	aa	i	o	M	S
1	M	0.00000	0.99914	0.00000	0.00086
2	S	0.00000	0.99914	0.00000	0.00086
3	S	0.00000	0.99914	0.00000	0.00086
4	C	0.00000	0.99914	0.00000	0.00085
5	N	0.00000	0.99914	0.00000	0.00086
6	F	0.00000	0.99914	0.00000	0.00086
7	T	0.00000	0.99914	0.00000	0.00086
8	H	0.00000	0.99914	0.00000	0.00086
9	A	0.00000	0.99914	0.00000	0.00086
10	T	0.00000	0.99914	0.00000	0.00085
11	F	0.00000	0.99914	0.00000	0.00086
12	V	0.00000	0.99914	0.00000	0.00086
13	L	0.00000	0.99914	0.00000	0.00086
14	I	0.00000	0.99914	0.00000	0.00085
15	G	0.00000	0.99914	0.00000	0.00086
16	I	0.00000	0.99915	0.00000	0.00085
17	P	0.00000	0.99915	0.00000	0.00085
18	G	0.00000	0.99915	0.00000	0.00085
19	L	0.00000	0.99981	0.00000	0.00019
20	E	0.00000	0.99981	0.00000	0.00019
21	K	0.00000	0.99845	0.00155	0
22	A	0.00000	0.85877	0.14123	0
23	H	0.00000	0.77811	0.22189	0
24	F	0.00000	0.48593	0.51407	0
25	W	0.00000	0.09468	0.90532	0
26	V	0.00000	0.03591	0.96409	0
27	G	0.00000	0.02365	0.97635	0
28	F	0.00000	0.01735	0.98265	0
29	P	0.00000	0.01693	0.98307	0
30	L	0.00000	0.00119	0.99881	0
31	L	0.00000	6e-05	0.99994	0
32	S	0.00000	1e-05	0.99999	0
33	M	0.00000	0	1.00000	0
34	Y	0.00000	0	1.00000	0
35	V	0.00000	0	1.00000	0
36	V	0.00000	0	1.00000	0
37	A	0.00000	0	1.00000	0
38	M	0.00000	0	1.00000	0
39	F	0.00000	0	1.00000	0
40	G	0.00000	0	1.00000	0
41	N	0.00000	0	1.00000	0
42	C	0.00000	0	1.00000	0
43	I	0.00000	0	1.00000	0
44	V	0.00000	0	1.00000	0
45	V	0.00002	0	0.99998	0
46	F	0.00063	0	0.99937	0
47	I	0.03385	0	0.96615	0
48	V	0.37584	0	0.62416	0
49	R	0.98120	0	0.01880	0
50	T	0.99787	0	0.00213	0
51	E	0.99996	0	0.00004	0
52	R	1.00000	0	0.00000	0
53	S	1.00000	0	0.00000	0
54	L	1.00000	0	0.00000	0
55	H	1.00000	0	0.00000	0
56	A	1.00000	0	0.00000	0
57	P	1.00000	0	0.00000	0
58	M	0.51080	0	0.48920	0
59	Y	0.29590	0	0.70410	0
60	L	0.04651	0	0.95349	0
61	F	0.00035	0	0.99965	0
62	L	0.00000	0	1.00000	0
63	C	0.00000	0	1.00000	0
64	M	0.00000	0	1.00000	0
65	L	0.00000	0	1.00000	0
66	A	0.00000	0	1.00000	0
67	A	0.00000	0	1.00000	0
68	I	0.00000	0	1.00000	0
69	D	0.00000	0	1.00000	0
70	L	0.00000	0	1.00000	0
71	A	0.00000	0	1.00000	0
72	L	0.00000	0	1.00000	0
73	S	0.00000	0	1.00000	0
74	T	0.00000	0	1.00000	0
75	S	0.00000	0	1.00000	0
76	T	0.00000	0	1.00000	0
77	M	0.00000	2e-05	0.99998	0
78	P	0.00000	0.00064	0.99936	0
79	K	0.00000	0.01181	0.98819	0
80	I	0.00000	0.0186	0.98140	0
81	L	0.00000	0.15303	0.84697	0
82	A	0.00000	0.66799	0.33201	0
83	L	0.00000	0.99913	0.00087	0
84	F	0.00000	0.99977	0.00023	0
85	W	0.00000	0.99984	0.00016	0
86	F	0.00000	0.99989	0.00011	0
87	D	0.00000	0.99999	0.00001	0
88	S	0.00000	1	0.00000	0
89	R	0.00000	1	0.00000	0
90	E	0.00000	1	0.00000	0
91	I	0.00000	1	0.00000	0
92	S	0.00000	1	0.00000	0
93	F	0.00000	1	0.00000	0
94	E	0.00000	1	0.00000	0
95	A	0.00000	0.99998	0.00002	0
96	C	0.00000	0.99994	0.00006	0
97	L	0.00000	0.99836	0.00164	0
98	T	0.00000	0.99632	0.00368	0
99	Q	0.00000	0.97828	0.02172	0
100	M	0.00000	0.12352	0.87648	0
101	F	0.00000	0.01047	0.98953	0
102	F	0.00000	0.00017	0.99983	0
103	I	0.00000	1e-05	0.99999	0
104	H	0.00000	0	1.00000	0
105	A	0.00000	0	1.00000	0
106	L	0.00000	0	1.00000	0
107	S	0.00000	0	1.00000	0
108	A	0.00000	0	1.00000	0
109	I	0.00000	0	1.00000	0
110	E	0.00000	0	1.00000	0
111	S	0.00000	0	1.00000	0
112	T	0.00000	0	1.00000	0
113	I	0.00000	0	1.00000	0
114	L	0.00000	0	1.00000	0
115	L	0.00000	0	1.00000	0
116	A	0.00000	0	1.00000	0
117	M	0.00000	0	1.00000	0
118	A	0.00000	0	1.00000	0
119	F	0.00000	0	1.00000	0
120	D	0.00000	0	1.00000	0
121	R	0.00190	0	0.99810	0
122	Y	0.05931	0	0.94069	0
123	V	0.85599	0	0.14401	0
124	A	0.96800	0	0.03200	0
125	I	0.99998	0	0.00002	0
126	C	1.00000	0	0.00000	0
127	H	1.00000	0	0.00000	0
128	P	1.00000	0	0.00000	0
129	L	1.00000	0	0.00000	0
130	R	1.00000	0	0.00000	0
131	H	1.00000	0	0.00000	0
132	A	1.00000	0	0.00000	0
133	A	1.00000	0	0.00000	0
134	V	0.99998	0	0.00002	0
135	L	0.99991	0	0.00009	0
136	N	0.99989	0	0.00011	0
137	N	0.99945	0	0.00055	0
138	T	0.99566	0	0.00434	0
139	V	0.94614	0	0.05386	0
140	T	0.92565	0	0.07435	0
141	A	0.73576	0	0.26424	0
142	Q	0.63887	0	0.36113	0
143	I	0.01792	0	0.98208	0
144	G	0.01426	0	0.98574	0
145	I	0.00982	0	0.99018	0
146	V	0.00014	0	0.99986	0
147	A	0.00000	0	1.00000	0
148	V	0.00000	0	1.00000	0
149	V	0.00000	0	1.00000	0
150	R	0.00000	0	1.00000	0
151	G	0.00000	0	1.00000	0
152	S	0.00000	0	1.00000	0
153	L	0.00000	0	1.00000	0
154	F	0.00000	0	1.00000	0
155	F	0.00000	2e-05	0.99998	0
156	F	0.00000	2e-05	0.99998	0
157	P	0.00000	0.00012	0.99988	0
158	L	0.00000	0.00028	0.99972	0
159	P	0.00000	0.00303	0.99697	0
160	L	0.00000	0.00478	0.99522	0
161	L	0.00000	0.01396	0.98604	0
162	I	0.00000	0.0626	0.93740	0
163	K	0.00000	0.94728	0.05272	0
164	R	0.00000	0.96916	0.03084	0
165	L	0.00000	0.97164	0.02836	0
166	A	0.00000	0.97769	0.02231	0
167	F	0.00000	0.98422	0.01578	0
168	C	0.00000	0.99952	0.00048	0
169	H	0.00000	1	0.00000	0
170	S	0.00000	1	0.00000	0
171	N	0.00000	1	0.00000	0
172	V	0.00000	1	0.00000	0
173	L	0.00000	1	0.00000	0
174	S	0.00000	1	0.00000	0
175	H	0.00000	1	0.00000	0
176	S	0.00000	1	0.00000	0
177	Y	0.00000	1	0.00000	0
178	C	0.00000	1	0.00000	0
179	V	0.00000	1	0.00000	0
180	H	0.00000	1	0.00000	0
181	Q	0.00000	1	0.00000	0
182	D	0.00000	1	0.00000	0
183	V	0.00000	1	0.00000	0
184	M	0.00000	1	0.00000	0
185	K	0.00000	0.99998	0.00002	0
186	L	0.00000	0.99998	0.00002	0
187	A	0.00000	0.99998	0.00002	0
188	Y	0.00000	0.99997	0.00003	0
189	A	0.00000	0.99996	0.00004	0
190	D	0.00000	0.99996	0.00004	0
191	T	0.00000	0.99959	0.00041	0
192	L	0.00000	0.99345	0.00655	0
193	P	0.00000	0.95404	0.04596	0
194	N	0.00000	0.95044	0.04956	0
195	V	0.00000	0.45942	0.54058	0
196	V	0.00000	0.19151	0.80849	0
197	Y	0.00000	0.13286	0.86714	0
198	G	0.00000	0.10744	0.89256	0
199	L	0.00000	0.05977	0.94023	0
200	T	0.00000	0.0378	0.96220	0
201	A	0.00000	0.0141	0.98590	0
202	I	0.00000	0.0019	0.99810	0
203	L	0.00000	0.0018	0.99820	0
204	L	0.00000	0	1.00000	0
205	V	0.00000	0	1.00000	0
206	M	0.00000	0	1.00000	0
207	G	0.00000	0	1.00000	0
208	V	0.00000	0	1.00000	0
209	D	0.00002	0	0.99998	0
210	V	0.00002	0	0.99998	0
211	M	0.00002	0	0.99998	0
212	F	0.00002	0	0.99998	0
213	I	0.00003	0	0.99997	0
214	S	0.00011	0	0.99989	0
215	L	0.00014	0	0.99986	0
216	S	0.00039	0	0.99961	0
217	Y	0.00046	0	0.99954	0
218	F	0.00109	0	0.99891	0
219	L	0.00553	0	0.99447	0
220	I	0.04410	0	0.95590	0
221	I	0.16207	0	0.83793	0
222	R	0.96739	0	0.03261	0
223	T	0.97241	0	0.02759	0
224	V	0.97407	0	0.02593	0
225	L	0.98114	0	0.01886	0
226	Q	0.99980	0	0.00020	0
227	L	0.99999	0	0.00001	0
228	P	1.00000	0	0.00000	0
229	S	1.00000	0	0.00000	0
230	K	1.00000	0	0.00000	0
231	S	1.00000	0	0.00000	0
232	E	1.00000	0	0.00000	0
233	R	0.94040	0	0.05960	0
234	A	0.87202	0	0.12798	0
235	K	0.76089	0	0.23911	0
236	A	0.64392	0	0.35608	0
237	F	0.34938	0	0.65062	0
238	G	0.08513	0	0.91487	0
239	T	0.08453	0	0.91547	0
240	C	0.03579	0	0.96421	0
241	V	0.03348	0	0.96652	0
242	S	0.03313	0	0.96687	0
243	H	0.03312	0	0.96688	0
244	I	0.00152	0	0.99848	0
245	G	0.00132	0	0.99868	0
246	V	0.00000	0	1.00000	0
247	V	0.00000	0	1.00000	0
248	L	0.00000	0	1.00000	0
249	A	0.00000	0	1.00000	0
250	F	0.00000	0	1.00000	0
251	Y	0.00000	0	1.00000	0
252	V	0.00000	1e-05	0.99999	0
253	P	0.00000	0.00031	0.99969	0
254	L	0.00000	0.0008	0.99920	0
255	I	0.00000	0.00525	0.99475	0
256	G	0.00000	0.03499	0.96501	0
257	L	0.00000	0.03937	0.96063	0
258	S	0.00000	0.07252	0.92748	0
259	V	0.00000	0.11718	0.88282	0
260	V	0.00000	0.24766	0.75234	0
261	H	0.00000	0.63817	0.36183	0
262	R	0.00000	0.89865	0.10135	0
263	F	0.00000	0.90908	0.09092	0
264	G	0.00000	0.96655	0.03345	0
265	N	0.00000	0.99307	0.00693	0
266	S	0.00000	0.99958	0.00042	0
267	L	0.00000	0.99991	0.00009	0
268	H	0.00000	0.99924	0.00076	0
269	P	0.00000	0.98791	0.01209	0
270	I	0.00000	0.60766	0.39234	0
271	V	0.00000	0.03679	0.96321	0
272	R	0.00000	0.01906	0.98094	0
273	V	0.00000	0.00175	0.99825	0
274	V	0.00000	7e-05	0.99993	0
275	M	0.00000	0	1.00000	0
276	G	0.00000	0	1.00000	0
277	D	0.00000	0	1.00000	0
278	I	0.00000	0	1.00000	0
279	Y	0.00000	0	1.00000	0
280	L	0.00000	0	1.00000	0
281	L	0.00000	0	1.00000	0
282	L	0.00000	0	1.00000	0
283	P	0.00000	0	1.00000	0
284	P	0.00000	0	1.00000	0
285	V	0.00000	0	1.00000	0
286	I	0.00000	0	1.00000	0
287	N	0.00000	0	1.00000	0
288	P	0.00000	0	1.00000	0
289	I	0.00001	0	0.99999	0
290	I	0.00067	0	0.99933	0
291	Y	0.00507	0	0.99493	0
292	G	0.03349	0	0.96651	0
293	A	0.38356	0	0.61644	0
294	K	1.00000	0	0.00000	0
295	T	1.00000	0	0.00000	0
296	K	1.00000	0	0.00000	0
297	Q	1.00000	0	0.00000	0
298	I	1.00000	0	0.00000	0
299	R	1.00000	0	0.00000	0
300	T	1.00000	0	0.00000	0
301	R	1.00000	0	0.00000	0
302	V	1.00000	0	0.00000	0
303	L	1.00000	0	0.00000	0
304	A	1.00000	0	0.00000	0
305	M	1.00000	0	0.00000	0
306	F	1.00000	0	0.00000	0
307	K	1.00000	0	0.00000	0
308	I	1.00000	0	0.00000	0
309	S	1.00000	0	0.00000	0
310	C	1.00000	0	0.00000	0
311	D	1.00000	0	0.00000	0
312	K	1.00000	0	0.00000	0
313	D	1.00000	0	0.00000	0
314	L	1.00000	0	0.00000	0
315	Q	1.00000	0	0.00000	0
316	A	1.00000	0	0.00000	0
317	V	1.00000	0	0.00000	0
318	G	1.00000	0	0.00000	0
319	G	1.00000	0	0.00000	0
320	K	1.00000	0	0.00000	0
