# UNNAMED
#pos	aa	i	o	M	S
1	M	0.00000	3e-05	0.00000	0.99997
2	A	0.00000	3e-05	0.00000	0.99997
3	P	0.00000	3e-05	0.00000	0.99997
4	T	0.00000	3e-05	0.00000	0.99997
5	W	0.00000	3e-05	0.00000	0.99997
6	G	0.00000	3e-05	0.00000	0.99997
7	P	0.00000	3e-05	0.00000	0.99997
8	G	0.00000	3e-05	0.00000	0.99998
9	M	0.00000	3e-05	0.00000	0.99997
10	V	0.00000	3e-05	0.00000	0.99997
11	S	0.00000	3e-05	0.00000	0.99998
12	V	0.00000	3e-05	0.00000	0.99997
13	V	0.00000	3e-05	0.00000	0.99998
14	G	0.00000	3e-05	0.00000	0.99997
15	P	0.00000	3e-05	0.00000	0.99997
16	M	0.00000	3e-05	0.00000	0.99998
17	G	0.00000	3e-05	0.00000	0.99998
18	L	0.00000	3e-05	0.00000	0.99997
19	L	0.00000	3e-05	0.00000	0.99997
20	V	0.00000	3e-05	0.00000	0.99997
21	V	0.00000	3e-05	0.00000	0.99998
22	L	0.00000	3e-05	0.00000	0.99997
23	L	0.00000	3e-05	0.00000	0.99998
24	V	0.00000	3e-05	0.00000	0.99997
25	G	0.00000	3e-05	0.00000	0.99997
26	G	0.00000	3e-05	0.00000	0.99997
27	C	0.00000	0.00097	0.00000	0.99903
28	A	0.00000	0.01068	0.00000	0.98932
29	A	0.00000	0.14172	0.00000	0.85828
30	E	0.00000	0.99205	0.00000	0.00795
31	E	0.00000	1	0.00000	0
32	P	0.00000	1	0.00000	0
33	P	0.00000	1	0.00000	0
34	R	0.00000	1	0.00000	0
35	F	0.00000	1	0.00000	0
36	I	0.00000	1	0.00000	0
37	K	0.00000	1	0.00000	0
38	E	0.00000	1	0.00000	0
39	P	0.00000	1	0.00000	0
40	K	0.00000	1	0.00000	0
41	D	0.00000	1	0.00000	0
42	Q	0.00000	1	0.00000	0
43	I	0.00000	1	0.00000	0
44	G	0.00000	1	0.00000	0
45	V	0.00000	1	0.00000	0
46	S	0.00000	1	0.00000	0
47	G	0.00000	1	0.00000	0
48	G	0.00000	1	0.00000	0
49	V	0.00000	1	0.00000	0
50	A	0.00000	1	0.00000	0
51	S	0.00000	1	0.00000	0
52	F	0.00000	1	0.00000	0
53	V	0.00000	1	0.00000	0
54	C	0.00000	1	0.00000	0
55	Q	0.00000	1	0.00000	0
56	A	0.00000	1	0.00000	0
57	T	0.00000	1	0.00000	0
58	G	0.00000	1	0.00000	0
59	D	0.00000	1	0.00000	0
60	P	0.00000	1	0.00000	0
61	K	0.00000	1	0.00000	0
62	P	0.00000	1	0.00000	0
63	R	0.00000	1	0.00000	0
64	V	0.00000	1	0.00000	0
65	T	0.00000	1	0.00000	0
66	W	0.00000	1	0.00000	0
67	N	0.00000	1	0.00000	0
68	K	0.00000	1	0.00000	0
69	K	0.00000	1	0.00000	0
70	G	0.00000	1	0.00000	0
71	K	0.00000	1	0.00000	0
72	K	0.00000	1	0.00000	0
73	V	0.00000	1	0.00000	0
74	N	0.00000	1	0.00000	0
75	S	0.00000	1	0.00000	0
76	Q	0.00000	1	0.00000	0
77	R	0.00000	1	0.00000	0
78	F	0.00000	1	0.00000	0
79	E	0.00000	1	0.00000	0
80	T	0.00000	1	0.00000	0
81	I	0.00000	1	0.00000	0
82	E	0.00000	1	0.00000	0
83	F	0.00000	1	0.00000	0
84	D	0.00000	1	0.00000	0
85	E	0.00000	1	0.00000	0
86	S	0.00000	1	0.00000	0
87	A	0.00000	1	0.00000	0
88	G	0.00000	1	0.00000	0
89	A	0.00000	1	0.00000	0
90	V	0.00000	1	0.00000	0
91	L	0.00000	1	0.00000	0
92	R	0.00000	1	0.00000	0
93	I	0.00000	1	0.00000	0
94	Q	0.00000	1	0.00000	0
95	P	0.00000	1	0.00000	0
96	L	0.00000	1	0.00000	0
97	R	0.00000	1	0.00000	0
98	T	0.00000	1	0.00000	0
99	P	0.00000	1	0.00000	0
100	R	0.00000	1	0.00000	0
101	D	0.00000	1	0.00000	0
102	E	0.00000	1	0.00000	0
103	N	0.00000	1	0.00000	0
104	V	0.00000	1	0.00000	0
105	Y	0.00000	1	0.00000	0
106	E	0.00000	1	0.00000	0
107	C	0.00000	1	0.00000	0
108	V	0.00000	1	0.00000	0
109	A	0.00000	1	0.00000	0
110	Q	0.00000	1	0.00000	0
111	N	0.00000	1	0.00000	0
112	S	0.00000	1	0.00000	0
113	V	0.00000	1	0.00000	0
114	G	0.00000	1	0.00000	0
115	E	0.00000	1	0.00000	0
116	I	0.00000	1	0.00000	0
117	T	0.00000	1	0.00000	0
118	V	0.00000	1	0.00000	0
119	H	0.00000	1	0.00000	0
120	A	0.00000	1	0.00000	0
121	K	0.00000	1	0.00000	0
122	L	0.00000	1	0.00000	0
123	T	0.00000	1	0.00000	0
124	V	0.00000	1	0.00000	0
125	L	0.00000	1	0.00000	0
126	R	0.00000	1	0.00000	0
127	E	0.00000	1	0.00000	0
128	D	0.00000	1	0.00000	0
129	Q	0.00000	1	0.00000	0
130	L	0.00000	1	0.00000	0
131	P	0.00000	1	0.00000	0
132	S	0.00000	1	0.00000	0
133	G	0.00000	1	0.00000	0
134	F	0.00000	1	0.00000	0
135	P	0.00000	1	0.00000	0
136	N	0.00000	1	0.00000	0
137	I	0.00000	1	0.00000	0
138	D	0.00000	1	0.00000	0
139	M	0.00000	1	0.00000	0
140	G	0.00000	1	0.00000	0
141	P	0.00000	1	0.00000	0
142	Q	0.00000	1	0.00000	0
143	L	0.00000	1	0.00000	0
144	K	0.00000	1	0.00000	0
145	V	0.00000	1	0.00000	0
146	V	0.00000	1	0.00000	0
147	E	0.00000	1	0.00000	0
148	R	0.00000	1	0.00000	0
149	T	0.00000	1	0.00000	0
150	R	0.00000	1	0.00000	0
151	T	0.00000	1	0.00000	0
152	A	0.00000	1	0.00000	0
153	T	0.00000	1	0.00000	0
154	M	0.00000	1	0.00000	0
155	L	0.00000	1	0.00000	0
156	C	0.00000	1	0.00000	0
157	A	0.00000	1	0.00000	0
158	A	0.00000	1	0.00000	0
159	S	0.00000	1	0.00000	0
160	G	0.00000	1	0.00000	0
161	N	0.00000	1	0.00000	0
162	P	0.00000	1	0.00000	0
163	D	0.00000	1	0.00000	0
164	P	0.00000	1	0.00000	0
165	E	0.00000	1	0.00000	0
166	I	0.00000	1	0.00000	0
167	T	0.00000	1	0.00000	0
168	W	0.00000	1	0.00000	0
169	F	0.00000	1	0.00000	0
170	K	0.00000	1	0.00000	0
171	D	0.00000	1	0.00000	0
172	F	0.00000	1	0.00000	0
173	L	0.00000	1	0.00000	0
174	P	0.00000	1	0.00000	0
175	V	0.00000	1	0.00000	0
176	D	0.00000	1	0.00000	0
177	P	0.00000	1	0.00000	0
178	S	0.00000	1	0.00000	0
179	A	0.00000	1	0.00000	0
180	S	0.00000	1	0.00000	0
181	N	0.00000	1	0.00000	0
182	G	0.00000	1	0.00000	0
183	R	0.00000	1	0.00000	0
184	I	0.00000	1	0.00000	0
185	K	0.00000	1	0.00000	0
186	Q	0.00000	1	0.00000	0
187	L	0.00000	1	0.00000	0
188	R	0.00000	1	0.00000	0
189	S	0.00000	1	0.00000	0
190	E	0.00000	1	0.00000	0
191	T	0.00000	1	0.00000	0
192	F	0.00000	1	0.00000	0
193	E	0.00000	1	0.00000	0
194	S	0.00000	1	0.00000	0
195	T	0.00000	1	0.00000	0
196	P	0.00000	1	0.00000	0
197	I	0.00000	1	0.00000	0
198	R	0.00000	1	0.00000	0
199	G	0.00000	1	0.00000	0
200	A	0.00000	1	0.00000	0
201	L	0.00000	1	0.00000	0
202	Q	0.00000	1	0.00000	0
203	I	0.00000	1	0.00000	0
204	E	0.00000	1	0.00000	0
205	S	0.00000	1	0.00000	0
206	S	0.00000	1	0.00000	0
207	E	0.00000	1	0.00000	0
208	E	0.00000	1	0.00000	0
209	T	0.00000	1	0.00000	0
210	D	0.00000	1	0.00000	0
211	Q	0.00000	1	0.00000	0
212	G	0.00000	1	0.00000	0
213	K	0.00000	1	0.00000	0
214	Y	0.00000	1	0.00000	0
215	E	0.00000	1	0.00000	0
216	C	0.00000	1	0.00000	0
217	V	0.00000	1	0.00000	0
218	A	0.00000	1	0.00000	0
219	T	0.00000	1	0.00000	0
220	N	0.00000	1	0.00000	0
221	S	0.00000	1	0.00000	0
222	A	0.00000	1	0.00000	0
223	G	0.00000	1	0.00000	0
224	V	0.00000	1	0.00000	0
225	R	0.00000	1	0.00000	0
226	Y	0.00000	1	0.00000	0
227	S	0.00000	1	0.00000	0
228	S	0.00000	1	0.00000	0
229	P	0.00000	1	0.00000	0
230	A	0.00000	1	0.00000	0
231	N	0.00000	1	0.00000	0
232	L	0.00000	1	0.00000	0
233	Y	0.00000	1	0.00000	0
234	V	0.00000	1	0.00000	0
235	R	0.00000	1	0.00000	0
236	E	0.00000	1	0.00000	0
237	L	0.00000	1	0.00000	0
238	R	0.00000	1	0.00000	0
239	E	0.00000	1	0.00000	0
240	V	0.00000	1	0.00000	0
241	R	0.00000	1	0.00000	0
242	R	0.00000	1	0.00000	0
243	V	0.00000	1	0.00000	0
244	A	0.00000	1	0.00000	0
245	P	0.00000	1	0.00000	0
246	R	0.00000	1	0.00000	0
247	F	0.00000	1	0.00000	0
248	S	0.00000	1	0.00000	0
249	I	0.00000	1	0.00000	0
250	L	0.00000	1	0.00000	0
251	P	0.00000	1	0.00000	0
252	M	0.00000	1	0.00000	0
253	S	0.00000	1	0.00000	0
254	H	0.00000	1	0.00000	0
255	E	0.00000	1	0.00000	0
256	I	0.00000	1	0.00000	0
257	M	0.00000	1	0.00000	0
258	P	0.00000	1	0.00000	0
259	G	0.00000	1	0.00000	0
260	G	0.00000	1	0.00000	0
261	N	0.00000	1	0.00000	0
262	V	0.00000	1	0.00000	0
263	N	0.00000	1	0.00000	0
264	I	0.00000	1	0.00000	0
265	T	0.00000	1	0.00000	0
266	C	0.00000	1	0.00000	0
267	V	0.00000	1	0.00000	0
268	A	0.00000	1	0.00000	0
269	V	0.00000	1	0.00000	0
270	G	0.00000	1	0.00000	0
271	S	0.00000	1	0.00000	0
272	P	0.00000	1	0.00000	0
273	M	0.00000	1	0.00000	0
274	P	0.00000	1	0.00000	0
275	Y	0.00000	1	0.00000	0
276	V	0.00000	1	0.00000	0
277	K	0.00000	1	0.00000	0
278	W	0.00000	1	0.00000	0
279	M	0.00000	1	0.00000	0
280	Q	0.00000	1	0.00000	0
281	G	0.00000	1	0.00000	0
282	A	0.00000	1	0.00000	0
283	E	0.00000	1	0.00000	0
284	D	0.00000	1	0.00000	0
285	L	0.00000	1	0.00000	0
286	T	0.00000	1	0.00000	0
287	P	0.00000	1	0.00000	0
288	E	0.00000	1	0.00000	0
289	D	0.00000	1	0.00000	0
290	D	0.00000	1	0.00000	0
291	M	0.00000	1	0.00000	0
292	P	0.00000	1	0.00000	0
293	V	0.00000	1	0.00000	0
294	G	0.00000	1	0.00000	0
295	R	0.00000	1	0.00000	0
296	N	0.00000	1	0.00000	0
297	V	0.00000	1	0.00000	0
298	L	0.00000	1	0.00000	0
299	E	0.00000	1	0.00000	0
300	L	0.00000	1	0.00000	0
301	T	0.00000	1	0.00000	0
302	D	0.00000	1	0.00000	0
303	V	0.00000	1	0.00000	0
304	K	0.00000	1	0.00000	0
305	D	0.00000	1	0.00000	0
306	S	0.00000	1	0.00000	0
307	A	0.00000	1	0.00000	0
308	N	0.00000	1	0.00000	0
309	Y	0.00000	1	0.00000	0
310	T	0.00000	1	0.00000	0
311	C	0.00000	1	0.00000	0
312	V	0.00000	1	0.00000	0
313	A	0.00000	1	0.00000	0
314	M	0.00000	1	0.00000	0
315	S	0.00000	1	0.00000	0
316	S	0.00000	1	0.00000	0
317	L	0.00000	1	0.00000	0
318	G	0.00000	1	0.00000	0
319	V	0.00000	1	0.00000	0
320	I	0.00000	1	0.00000	0
321	E	0.00000	1	0.00000	0
322	A	0.00000	1	0.00000	0
323	V	0.00000	1	0.00000	0
324	A	0.00000	1	0.00000	0
325	Q	0.00000	1	0.00000	0
326	I	0.00000	1	0.00000	0
327	T	0.00000	1	0.00000	0
328	V	0.00000	1	0.00000	0
329	K	0.00000	1	0.00000	0
330	S	0.00000	1	0.00000	0
331	L	0.00000	1	0.00000	0
332	P	0.00000	1	0.00000	0
333	K	0.00000	1	0.00000	0
334	A	0.00000	1	0.00000	0
335	P	0.00000	1	0.00000	0
336	G	0.00000	1	0.00000	0
337	T	0.00000	1	0.00000	0
338	P	0.00000	1	0.00000	0
339	M	0.00000	1	0.00000	0
340	V	0.00000	1	0.00000	0
341	T	0.00000	1	0.00000	0
342	E	0.00000	1	0.00000	0
343	N	0.00000	1	0.00000	0
344	T	0.00000	1	0.00000	0
345	A	0.00000	1	0.00000	0
346	T	0.00000	1	0.00000	0
347	S	0.00000	1	0.00000	0
348	I	0.00000	1	0.00000	0
349	T	0.00000	1	0.00000	0
350	I	0.00000	1	0.00000	0
351	T	0.00000	1	0.00000	0
352	W	0.00000	1	0.00000	0
353	D	0.00000	1	0.00000	0
354	S	0.00000	1	0.00000	0
355	G	0.00000	1	0.00000	0
356	N	0.00000	1	0.00000	0
357	P	0.00000	1	0.00000	0
358	D	0.00000	1	0.00000	0
359	P	0.00000	1	0.00000	0
360	V	0.00000	1	0.00000	0
361	S	0.00000	1	0.00000	0
362	Y	0.00000	1	0.00000	0
363	Y	0.00000	1	0.00000	0
364	V	0.00000	1	0.00000	0
365	I	0.00000	1	0.00000	0
366	E	0.00000	1	0.00000	0
367	Y	0.00000	1	0.00000	0
368	K	0.00000	1	0.00000	0
369	S	0.00000	1	0.00000	0
370	K	0.00000	1	0.00000	0
371	S	0.00000	1	0.00000	0
372	Q	0.00000	1	0.00000	0
373	D	0.00000	1	0.00000	0
374	G	0.00000	1	0.00000	0
375	P	0.00000	1	0.00000	0
376	Y	0.00000	1	0.00000	0
377	Q	0.00000	1	0.00000	0
378	I	0.00000	1	0.00000	0
379	K	0.00000	1	0.00000	0
380	E	0.00000	1	0.00000	0
381	D	0.00000	1	0.00000	0
382	I	0.00000	1	0.00000	0
383	T	0.00000	1	0.00000	0
384	T	0.00000	1	0.00000	0
385	T	0.00000	1	0.00000	0
386	R	0.00000	1	0.00000	0
387	Y	0.00000	1	0.00000	0
388	S	0.00000	1	0.00000	0
389	I	0.00000	1	0.00000	0
390	G	0.00000	1	0.00000	0
391	G	0.00000	1	0.00000	0
392	L	0.00000	1	0.00000	0
393	S	0.00000	1	0.00000	0
394	P	0.00000	1	0.00000	0
395	N	0.00000	1	0.00000	0
396	S	0.00000	1	0.00000	0
397	E	0.00000	1	0.00000	0
398	Y	0.00000	1	0.00000	0
399	E	0.00000	1	0.00000	0
400	I	0.00000	1	0.00000	0
401	W	0.00000	1	0.00000	0
402	V	0.00000	1	0.00000	0
403	S	0.00000	1	0.00000	0
404	A	0.00000	1	0.00000	0
405	V	0.00000	1	0.00000	0
406	N	0.00000	1	0.00000	0
407	S	0.00000	1	0.00000	0
408	I	0.00000	1	0.00000	0
409	G	0.00000	1	0.00000	0
410	Q	0.00000	1	0.00000	0
411	G	0.00000	1	0.00000	0
412	P	0.00000	1	0.00000	0
413	P	0.00000	1	0.00000	0
414	S	0.00000	1	0.00000	0
415	E	0.00000	1	0.00000	0
416	S	0.00000	1	0.00000	0
417	V	0.00000	1	0.00000	0
418	V	0.00000	1	0.00000	0
419	T	0.00000	1	0.00000	0
420	R	0.00000	1	0.00000	0
421	T	0.00000	1	0.00000	0
422	G	0.00000	1	0.00000	0
423	E	0.00000	1	0.00000	0
424	Q	0.00000	1	0.00000	0
425	A	0.00000	1	0.00000	0
426	P	0.00000	1	0.00000	0
427	A	0.00000	1	0.00000	0
428	S	0.00000	1	0.00000	0
429	A	0.00000	1	0.00000	0
430	P	0.00000	1	0.00000	0
431	R	0.00000	1	0.00000	0
432	N	0.00000	1	0.00000	0
433	V	0.00000	1	0.00000	0
434	Q	0.00000	1	0.00000	0
435	A	0.00000	1	0.00000	0
436	R	0.00000	1	0.00000	0
437	M	0.00000	1	0.00000	0
438	L	0.00000	1	0.00000	0
439	S	0.00000	1	0.00000	0
440	A	0.00000	1	0.00000	0
441	T	0.00000	1	0.00000	0
442	T	0.00000	1	0.00000	0
443	M	0.00000	1	0.00000	0
444	I	0.00000	1	0.00000	0
445	V	0.00000	1	0.00000	0
446	Q	0.00000	1	0.00000	0
447	W	0.00000	1	0.00000	0
448	E	0.00000	1	0.00000	0
449	E	0.00000	1	0.00000	0
450	P	0.00000	1	0.00000	0
451	V	0.00000	1	0.00000	0
452	E	0.00000	1	0.00000	0
453	P	0.00000	1	0.00000	0
454	N	0.00000	1	0.00000	0
455	G	0.00000	1	0.00000	0
456	L	0.00000	1	0.00000	0
457	I	0.00000	1	0.00000	0
458	R	0.00000	1	0.00000	0
459	G	0.00000	1	0.00000	0
460	Y	0.00000	1	0.00000	0
461	R	0.00000	1	0.00000	0
462	V	0.00000	1	0.00000	0
463	Y	0.00000	1	0.00000	0
464	Y	0.00000	1	0.00000	0
465	T	0.00000	1	0.00000	0
466	M	0.00000	1	0.00000	0
467	E	0.00000	1	0.00000	0
468	P	0.00000	1	0.00000	0
469	E	0.00000	1	0.00000	0
470	H	0.00000	1	0.00000	0
471	P	0.00000	1	0.00000	0
472	V	0.00000	1	0.00000	0
473	G	0.00000	1	0.00000	0
474	N	0.00000	1	0.00000	0
475	W	0.00000	1	0.00000	0
476	Q	0.00000	1	0.00000	0
477	K	0.00000	1	0.00000	0
478	H	0.00000	1	0.00000	0
479	N	0.00000	1	0.00000	0
480	V	0.00000	1	0.00000	0
481	D	0.00000	1	0.00000	0
482	D	0.00000	1	0.00000	0
483	S	0.00000	1	0.00000	0
484	L	0.00000	1	0.00000	0
485	L	0.00000	1	0.00000	0
486	T	0.00000	1	0.00000	0
487	T	0.00000	1	0.00000	0
488	V	0.00000	1	0.00000	0
489	G	0.00000	1	0.00000	0
490	S	0.00000	1	0.00000	0
491	L	0.00000	1	0.00000	0
492	L	0.00000	1	0.00000	0
493	E	0.00000	1	0.00000	0
494	D	0.00000	1	0.00000	0
495	E	0.00000	1	0.00000	0
496	T	0.00000	1	0.00000	0
497	Y	0.00000	1	0.00000	0
498	T	0.00000	1	0.00000	0
499	V	0.00000	1	0.00000	0
500	R	0.00000	1	0.00000	0
501	V	0.00000	1	0.00000	0
502	L	0.00000	1	0.00000	0
503	A	0.00000	1	0.00000	0
504	F	0.00000	1	0.00000	0
505	T	0.00000	1	0.00000	0
506	S	0.00000	1	0.00000	0
507	V	0.00000	1	0.00000	0
508	G	0.00000	1	0.00000	0
509	D	0.00000	1	0.00000	0
510	G	0.00000	1	0.00000	0
511	P	0.00000	1	0.00000	0
512	L	0.00000	1	0.00000	0
513	S	0.00000	1	0.00000	0
514	D	0.00000	1	0.00000	0
515	P	0.00000	1	0.00000	0
516	I	0.00000	1	0.00000	0
517	Q	0.00000	1	0.00000	0
518	V	0.00000	1	0.00000	0
519	K	0.00000	1	0.00000	0
520	T	0.00000	1	0.00000	0
521	Q	0.00000	1	0.00000	0
522	Q	0.00000	1	0.00000	0
523	G	0.00000	1	0.00000	0
524	V	0.00000	1	0.00000	0
525	P	0.00000	1	0.00000	0
526	G	0.00000	1	0.00000	0
527	Q	0.00000	1	0.00000	0
528	P	0.00000	1	0.00000	0
529	M	0.00000	1	0.00000	0
530	N	0.00000	1	0.00000	0
531	L	0.00000	1	0.00000	0
532	R	0.00000	1	0.00000	0
533	A	0.00000	1	0.00000	0
534	E	0.00000	1	0.00000	0
535	A	0.00000	1	0.00000	0
536	R	0.00000	1	0.00000	0
537	S	0.00000	1	0.00000	0
538	E	0.00000	1	0.00000	0
539	T	0.00000	1	0.00000	0
540	S	0.00000	1	0.00000	0
541	I	0.00000	1	0.00000	0
542	T	0.00000	1	0.00000	0
543	L	0.00000	1	0.00000	0
544	S	0.00000	1	0.00000	0
545	W	0.00000	1	0.00000	0
546	S	0.00000	1	0.00000	0
547	P	0.00000	1	0.00000	0
548	P	0.00000	1	0.00000	0
549	R	0.00000	1	0.00000	0
550	Q	0.00000	1	0.00000	0
551	E	0.00000	1	0.00000	0
552	S	0.00000	1	0.00000	0
553	I	0.00000	1	0.00000	0
554	I	0.00000	1	0.00000	0
555	K	0.00000	1	0.00000	0
556	Y	0.00000	1	0.00000	0
557	E	0.00000	1	0.00000	0
558	L	0.00000	1	0.00000	0
559	L	0.00000	1	0.00000	0
560	F	0.00000	1	0.00000	0
561	R	0.00000	1	0.00000	0
562	E	0.00000	1	0.00000	0
563	G	0.00000	1	0.00000	0
564	D	0.00000	1	0.00000	0
565	H	0.00000	1	0.00000	0
566	G	0.00000	1	0.00000	0
567	R	0.00000	1	0.00000	0
568	E	0.00000	1	0.00000	0
569	V	0.00000	1	0.00000	0
570	G	0.00000	1	0.00000	0
571	R	0.00000	1	0.00000	0
572	T	0.00000	1	0.00000	0
573	F	0.00000	1	0.00000	0
574	D	0.00000	1	0.00000	0
575	P	0.00000	1	0.00000	0
576	T	0.00000	1	0.00000	0
577	T	0.00000	1	0.00000	0
578	S	0.00000	1	0.00000	0
579	Y	0.00000	1	0.00000	0
580	V	0.00000	1	0.00000	0
581	V	0.00000	1	0.00000	0
582	E	0.00000	1	0.00000	0
583	D	0.00000	1	0.00000	0
584	L	0.00000	1	0.00000	0
585	K	0.00000	1	0.00000	0
586	P	0.00000	1	0.00000	0
587	N	0.00000	1	0.00000	0
588	T	0.00000	1	0.00000	0
589	E	0.00000	1	0.00000	0
590	Y	0.00000	1	0.00000	0
591	A	0.00000	1	0.00000	0
592	F	0.00000	1	0.00000	0
593	R	0.00000	1	0.00000	0
594	L	0.00000	1	0.00000	0
595	A	0.00000	1	0.00000	0
596	A	0.00000	1	0.00000	0
597	R	0.00000	1	0.00000	0
598	S	0.00000	1	0.00000	0
599	P	0.00000	1	0.00000	0
600	Q	0.00000	1	0.00000	0
601	G	0.00000	1	0.00000	0
602	L	0.00000	1	0.00000	0
603	G	0.00000	1	0.00000	0
604	A	0.00000	1	0.00000	0
605	F	0.00000	1	0.00000	0
606	T	0.00000	1	0.00000	0
607	P	0.00000	1	0.00000	0
608	V	0.00000	1	0.00000	0
609	V	0.00000	1	0.00000	0
610	R	0.00000	1	0.00000	0
611	Q	0.00000	1	0.00000	0
612	R	0.00000	1	0.00000	0
613	T	0.00000	1	0.00000	0
614	L	0.00000	1	0.00000	0
615	Q	0.00000	1	0.00000	0
616	S	0.00000	1	0.00000	0
617	K	0.00000	1	0.00000	0
618	P	0.00000	1	0.00000	0
619	S	0.00000	1	0.00000	0
620	A	0.00000	1	0.00000	0
621	P	0.00000	1	0.00000	0
622	P	0.00000	1	0.00000	0
623	Q	0.00000	1	0.00000	0
624	D	0.00000	1	0.00000	0
625	V	0.00000	1	0.00000	0
626	K	0.00000	1	0.00000	0
627	C	0.00000	1	0.00000	0
628	V	0.00000	1	0.00000	0
629	S	0.00000	1	0.00000	0
630	V	0.00000	1	0.00000	0
631	R	0.00000	1	0.00000	0
632	S	0.00000	1	0.00000	0
633	T	0.00000	1	0.00000	0
634	A	0.00000	1	0.00000	0
635	I	0.00000	1	0.00000	0
636	L	0.00000	1	0.00000	0
637	V	0.00000	1	0.00000	0
638	S	0.00000	1	0.00000	0
639	W	0.00000	1	0.00000	0
640	R	0.00000	1	0.00000	0
641	P	0.00000	1	0.00000	0
642	P	0.00000	1	0.00000	0
643	P	0.00000	1	0.00000	0
644	P	0.00000	1	0.00000	0
645	E	0.00000	1	0.00000	0
646	T	0.00000	1	0.00000	0
647	H	0.00000	1	0.00000	0
648	N	0.00000	1	0.00000	0
649	G	0.00000	1	0.00000	0
650	A	0.00000	1	0.00000	0
651	L	0.00000	1	0.00000	0
652	V	0.00000	1	0.00000	0
653	G	0.00000	1	0.00000	0
654	Y	0.00000	1	0.00000	0
655	S	0.00000	1	0.00000	0
656	V	0.00000	1	0.00000	0
657	R	0.00000	1	0.00000	0
658	Y	0.00000	1	0.00000	0
659	R	0.00000	1	0.00000	0
660	P	0.00000	1	0.00000	0
661	L	0.00000	1	0.00000	0
662	G	0.00000	1	0.00000	0
663	S	0.00000	1	0.00000	0
664	E	0.00000	1	0.00000	0
665	D	0.00000	1	0.00000	0
666	P	0.00000	1	0.00000	0
667	E	0.00000	1	0.00000	0
668	P	0.00000	1	0.00000	0
669	K	0.00000	1	0.00000	0
670	E	0.00000	1	0.00000	0
671	V	0.00000	1	0.00000	0
672	N	0.00000	1	0.00000	0
673	G	0.00000	1	0.00000	0
674	I	0.00000	1	0.00000	0
675	P	0.00000	1	0.00000	0
676	P	0.00000	1	0.00000	0
677	T	0.00000	1	0.00000	0
678	T	0.00000	1	0.00000	0
679	T	0.00000	1	0.00000	0
680	Q	0.00000	1	0.00000	0
681	I	0.00000	1	0.00000	0
682	L	0.00000	1	0.00000	0
683	L	0.00000	1	0.00000	0
684	E	0.00000	1	0.00000	0
685	A	0.00000	1	0.00000	0
686	L	0.00000	1	0.00000	0
687	E	0.00000	1	0.00000	0
688	K	0.00000	1	0.00000	0
689	W	0.00000	1	0.00000	0
690	T	0.00000	1	0.00000	0
691	Q	0.00000	1	0.00000	0
692	Y	0.00000	1	0.00000	0
693	R	0.00000	1	0.00000	0
694	I	0.00000	1	0.00000	0
695	T	0.00000	1	0.00000	0
696	T	0.00000	1	0.00000	0
697	V	0.00000	1	0.00000	0
698	A	0.00000	1	0.00000	0
699	H	0.00000	1	0.00000	0
700	T	0.00000	1	0.00000	0
701	E	0.00000	1	0.00000	0
702	V	0.00000	1	0.00000	0
703	G	0.00000	1	0.00000	0
704	P	0.00000	1	0.00000	0
705	G	0.00000	1	0.00000	0
706	P	0.00000	1	0.00000	0
707	E	0.00000	1	0.00000	0
708	S	0.00000	1	0.00000	0
709	S	0.00000	1	0.00000	0
710	P	0.00000	1	0.00000	0
711	V	0.00000	1	0.00000	0
712	V	0.00000	1	0.00000	0
713	V	0.00000	1	0.00000	0
714	R	0.00000	1	0.00000	0
715	T	0.00000	1	0.00000	0
716	D	0.00000	1	0.00000	0
717	E	0.00000	1	0.00000	0
718	D	0.00000	1	0.00000	0
719	V	0.00000	1	0.00000	0
720	P	0.00000	1	0.00000	0
721	S	0.00000	1	0.00000	0
722	A	0.00000	1	0.00000	0
723	P	0.00000	1	0.00000	0
724	P	0.00000	1	0.00000	0
725	R	0.00000	1	0.00000	0
726	K	0.00000	1	0.00000	0
727	V	0.00000	1	0.00000	0
728	E	0.00000	1	0.00000	0
729	A	0.00000	1	0.00000	0
730	E	0.00000	1	0.00000	0
731	A	0.00000	1	0.00000	0
732	L	0.00000	1	0.00000	0
733	N	0.00000	1	0.00000	0
734	A	0.00000	1	0.00000	0
735	T	0.00000	1	0.00000	0
736	A	0.00000	1	0.00000	0
737	I	0.00000	1	0.00000	0
738	R	0.00000	1	0.00000	0
739	V	0.00000	1	0.00000	0
740	L	0.00000	1	0.00000	0
741	W	0.00000	1	0.00000	0
742	R	0.00000	1	0.00000	0
743	S	0.00000	1	0.00000	0
744	P	0.00000	1	0.00000	0
745	A	0.00000	1	0.00000	0
746	P	0.00000	1	0.00000	0
747	G	0.00000	1	0.00000	0
748	R	0.00000	1	0.00000	0
749	Q	0.00000	1	0.00000	0
750	H	0.00000	1	0.00000	0
751	G	0.00000	1	0.00000	0
752	Q	0.00000	1	0.00000	0
753	I	0.00000	1	0.00000	0
754	R	0.00000	1	0.00000	0
755	G	0.00000	1	0.00000	0
756	Y	0.00000	1	0.00000	0
757	Q	0.00000	1	0.00000	0
758	V	0.00000	1	0.00000	0
759	H	0.00000	1	0.00000	0
760	Y	0.00000	1	0.00000	0
761	V	0.00000	1	0.00000	0
762	R	0.00000	1	0.00000	0
763	M	0.00000	1	0.00000	0
764	E	0.00000	1	0.00000	0
765	G	0.00000	1	0.00000	0
766	A	0.00000	1	0.00000	0
767	E	0.00000	1	0.00000	0
768	A	0.00000	1	0.00000	0
769	R	0.00000	1	0.00000	0
770	G	0.00000	1	0.00000	0
771	P	0.00000	1	0.00000	0
772	P	0.00000	1	0.00000	0
773	R	0.00000	1	0.00000	0
774	I	0.00000	1	0.00000	0
775	K	0.00000	1	0.00000	0
776	D	0.00000	1	0.00000	0
777	V	0.00000	1	0.00000	0
778	M	0.00000	1	0.00000	0
779	L	0.00000	1	0.00000	0
780	A	0.00000	1	0.00000	0
781	D	0.00000	1	0.00000	0
782	A	0.00000	1	0.00000	0
783	Q	0.00000	1	0.00000	0
784	W	0.00000	1	0.00000	0
785	E	0.00000	1	0.00000	0
786	T	0.00000	1	0.00000	0
787	D	0.00000	1	0.00000	0
788	D	0.00000	1	0.00000	0
789	T	0.00000	1	0.00000	0
790	A	0.00000	1	0.00000	0
791	E	0.00000	1	0.00000	0
792	Y	0.00000	1	0.00000	0
793	E	0.00000	1	0.00000	0
794	M	0.00000	1	0.00000	0
795	V	0.00000	1	0.00000	0
796	I	0.00000	1	0.00000	0
797	T	0.00000	1	0.00000	0
798	N	0.00000	1	0.00000	0
799	L	0.00000	1	0.00000	0
800	Q	0.00000	1	0.00000	0
801	P	0.00000	1	0.00000	0
802	E	0.00000	1	0.00000	0
803	T	0.00000	1	0.00000	0
804	A	0.00000	1	0.00000	0
805	Y	0.00000	1	0.00000	0
806	S	0.00000	1	0.00000	0
807	I	0.00000	1	0.00000	0
808	T	0.00000	1	0.00000	0
809	V	0.00000	1	0.00000	0
810	A	0.00000	1	0.00000	0
811	A	0.00000	1	0.00000	0
812	Y	0.00000	1	0.00000	0
813	T	0.00000	1	0.00000	0
814	M	0.00000	1	0.00000	0
815	K	0.00000	1	0.00000	0
816	G	0.00000	1	0.00000	0
817	D	0.00000	1	0.00000	0
818	G	0.00000	1	0.00000	0
819	A	0.00000	1	0.00000	0
820	R	0.00000	1	0.00000	0
821	S	0.00000	1	0.00000	0
822	K	0.00000	1	0.00000	0
823	P	0.00000	1	0.00000	0
824	K	0.00000	1	0.00000	0
825	V	0.00000	1	0.00000	0
826	V	0.00000	1	0.00000	0
827	V	0.00000	1	0.00000	0
828	T	0.00000	1	0.00000	0
829	K	0.00000	1	0.00000	0
830	G	0.00000	1	0.00000	0
831	A	0.00000	1	0.00000	0
832	V	0.00000	1	0.00000	0
833	L	0.00000	1	0.00000	0
834	G	0.00000	1	0.00000	0
835	R	0.00000	1	0.00000	0
836	P	0.00000	1	0.00000	0
837	T	0.00000	1	0.00000	0
838	L	0.00000	1	0.00000	0
839	S	0.00000	1	0.00000	0
840	V	0.00000	1	0.00000	0
841	Q	0.00000	1	0.00000	0
842	Q	0.00000	1	0.00000	0
843	T	0.00000	1	0.00000	0
844	P	0.00000	1	0.00000	0
845	E	0.00000	1	0.00000	0
846	G	0.00000	1	0.00000	0
847	S	0.00000	1	0.00000	0
848	L	0.00000	1	0.00000	0
849	L	0.00000	1	0.00000	0
850	A	0.00000	1	0.00000	0
851	R	0.00000	1	0.00000	0
852	W	0.00000	1	0.00000	0
853	E	0.00000	1	0.00000	0
854	P	0.00000	1	0.00000	0
855	P	0.00000	1	0.00000	0
856	A	0.00000	1	0.00000	0
857	G	0.00000	1	0.00000	0
858	T	0.00000	1	0.00000	0
859	A	0.00000	1	0.00000	0
860	E	0.00000	1	0.00000	0
861	D	0.00000	1	0.00000	0
862	Q	0.00000	1	0.00000	0
863	V	0.00000	1	0.00000	0
864	L	0.00000	1	0.00000	0
865	G	0.00000	1	0.00000	0
866	Y	0.00000	1	0.00000	0
867	R	0.00000	1	0.00000	0
868	L	0.00000	1	0.00000	0
869	Q	0.00000	1	0.00000	0
870	F	0.00000	1	0.00000	0
871	G	0.00000	1	0.00000	0
872	R	0.00000	1	0.00000	0
873	E	0.00000	1	0.00000	0
874	D	0.00000	1	0.00000	0
875	S	0.00000	1	0.00000	0
876	T	0.00000	1	0.00000	0
877	P	0.00000	1	0.00000	0
878	L	0.00000	1	0.00000	0
879	A	0.00000	1	0.00000	0
880	T	0.00000	1	0.00000	0
881	L	0.00000	1	0.00000	0
882	E	0.00000	1	0.00000	0
883	F	0.00000	1	0.00000	0
884	P	0.00000	1	0.00000	0
885	P	0.00000	1	0.00000	0
886	S	0.00000	1	0.00000	0
887	E	0.00000	1	0.00000	0
888	D	0.00000	1	0.00000	0
889	R	0.00000	1	0.00000	0
890	Y	0.00000	1	0.00000	0
891	T	0.00000	1	0.00000	0
892	A	0.00000	1	0.00000	0
893	S	0.00000	1	0.00000	0
894	G	0.00000	1	0.00000	0
895	V	0.00000	1	0.00000	0
896	H	0.00000	1	0.00000	0
897	K	0.00000	1	0.00000	0
898	G	0.00000	1	0.00000	0
899	A	0.00000	1	0.00000	0
900	T	0.00000	1	0.00000	0
901	Y	0.00000	1	0.00000	0
902	V	0.00000	1	0.00000	0
903	F	0.00000	1	0.00000	0
904	R	0.00000	1	0.00000	0
905	L	0.00000	1	0.00000	0
906	A	0.00000	1	0.00000	0
907	A	0.00000	1	0.00000	0
908	R	0.00000	1	0.00000	0
909	S	0.00000	1	0.00000	0
910	R	0.00000	1	0.00000	0
911	G	0.00000	1	0.00000	0
912	G	0.00000	1	0.00000	0
913	L	0.00000	1	0.00000	0
914	G	0.00000	1	0.00000	0
915	E	0.00000	1	0.00000	0
916	E	0.00000	1	0.00000	0
917	A	0.00000	1	0.00000	0
918	A	0.00000	1	0.00000	0
919	E	0.00000	1	0.00000	0
920	V	0.00000	1	0.00000	0
921	L	0.00000	1	0.00000	0
922	S	0.00000	1	0.00000	0
923	I	0.00000	1	0.00000	0
924	P	0.00000	1	0.00000	0
925	E	0.00000	1	0.00000	0
926	D	0.00000	1	0.00000	0
927	T	0.00000	1	0.00000	0
928	P	0.00000	1	0.00000	0
929	R	0.00000	1	0.00000	0
930	G	0.00000	1	0.00000	0
931	H	0.00000	1	0.00000	0
932	P	0.00000	1	0.00000	0
933	Q	0.00000	1	0.00000	0
934	I	0.00000	1	0.00000	0
935	L	0.00000	1	0.00000	0
936	E	0.00000	1	0.00000	0
937	A	0.00000	1	0.00000	0
938	A	0.00000	1	0.00000	0
939	G	0.00000	1	0.00000	0
940	N	0.00000	1	0.00000	0
941	A	0.00000	1	0.00000	0
942	S	0.00000	1	0.00000	0
943	A	0.00000	1	0.00000	0
944	G	0.00000	1	0.00000	0
945	T	0.00000	1	0.00000	0
946	V	0.00000	1	0.00000	0
947	L	0.00000	1	0.00000	0
948	L	0.00000	1	0.00000	0
949	R	0.00000	1	0.00000	0
950	W	0.00000	1	0.00000	0
951	L	0.00000	1	0.00000	0
952	P	0.00000	1	0.00000	0
953	P	0.00000	1	0.00000	0
954	V	0.00000	1	0.00000	0
955	P	0.00000	1	0.00000	0
956	A	0.00000	1	0.00000	0
957	E	0.00000	1	0.00000	0
958	R	0.00000	1	0.00000	0
959	N	0.00000	1	0.00000	0
960	G	0.00000	1	0.00000	0
961	A	0.00000	1	0.00000	0
962	I	0.00000	1	0.00000	0
963	V	0.00000	1	0.00000	0
964	K	0.00000	1	0.00000	0
965	Y	0.00000	1	0.00000	0
966	T	0.00000	1	0.00000	0
967	V	0.00000	1	0.00000	0
968	A	0.00000	1	0.00000	0
969	V	0.00000	1	0.00000	0
970	R	0.00000	1	0.00000	0
971	E	0.00000	1	0.00000	0
972	A	0.00000	1	0.00000	0
973	G	0.00000	1	0.00000	0
974	A	0.00000	1	0.00000	0
975	L	0.00000	1	0.00000	0
976	G	0.00000	1	0.00000	0
977	P	0.00000	1	0.00000	0
978	A	0.00000	1	0.00000	0
979	R	0.00000	1	0.00000	0
980	E	0.00000	1	0.00000	0
981	T	0.00000	1	0.00000	0
982	E	0.00000	1	0.00000	0
983	L	0.00000	1	0.00000	0
984	P	0.00000	1	0.00000	0
985	A	0.00000	1	0.00000	0
986	A	0.00000	1	0.00000	0
987	A	0.00000	1	0.00000	0
988	E	0.00000	1	0.00000	0
989	P	0.00000	1	0.00000	0
990	G	0.00000	1	0.00000	0
991	A	0.00000	1	0.00000	0
992	E	0.00000	1	0.00000	0
993	N	0.00000	1	0.00000	0
994	A	0.00000	1	0.00000	0
995	L	0.00000	1	0.00000	0
996	T	0.00000	1	0.00000	0
997	L	0.00000	1	0.00000	0
998	Q	0.00000	1	0.00000	0
999	G	0.00000	1	0.00000	0
1000	L	0.00000	1	0.00000	0
1001	K	0.00000	1	0.00000	0
1002	P	0.00000	1	0.00000	0
1003	D	0.00000	1	0.00000	0
1004	T	0.00000	1	0.00000	0
1005	A	0.00000	1	0.00000	0
1006	Y	0.00000	1	0.00000	0
1007	D	0.00000	1	0.00000	0
1008	L	0.00000	1	0.00000	0
1009	Q	0.00000	1	0.00000	0
1010	V	0.00000	1	0.00000	0
1011	R	0.00000	1	0.00000	0
1012	A	0.00000	1	0.00000	0
1013	H	0.00000	1	0.00000	0
1014	T	0.00000	1	0.00000	0
1015	R	0.00000	1	0.00000	0
1016	R	0.00000	1	0.00000	0
1017	G	0.00000	1	0.00000	0
1018	P	0.00000	1	0.00000	0
1019	G	0.00000	1	0.00000	0
1020	P	0.00000	1	0.00000	0
1021	F	0.00000	1	0.00000	0
1022	S	0.00000	1	0.00000	0
1023	P	0.00000	1	0.00000	0
1024	P	0.00000	1	0.00000	0
1025	V	0.00000	1	0.00000	0
1026	R	0.00000	1	0.00000	0
1027	Y	0.00000	1	0.00000	0
1028	R	0.00000	1	0.00000	0
1029	T	0.00000	1	0.00000	0
1030	F	0.00000	1	0.00000	0
1031	L	0.00000	1	0.00000	0
1032	R	0.00000	1	0.00000	0
1033	D	0.00000	1	0.00000	0
1034	Q	0.00000	1	0.00000	0
1035	V	0.00000	1	0.00000	0
1036	S	0.00000	1	0.00000	0
1037	P	0.00000	1	0.00000	0
1038	K	0.00000	1	0.00000	0
1039	N	0.00000	1	0.00000	0
1040	F	0.00000	1	0.00000	0
1041	K	0.00000	1	0.00000	0
1042	V	0.00000	1	0.00000	0
1043	K	0.00000	1	0.00000	0
1044	M	0.00000	1	0.00000	0
1045	I	0.00000	1	0.00000	0
1046	M	0.00000	1	0.00000	0
1047	K	0.00000	1	0.00000	0
1048	T	0.00000	1	0.00000	0
1049	S	0.00000	1	0.00000	0
1050	V	0.00000	1	0.00000	0
1051	L	0.00000	1	0.00000	0
1052	L	0.00000	1	0.00000	0
1053	S	0.00000	1	0.00000	0
1054	W	0.00000	1	0.00000	0
1055	E	0.00000	1	0.00000	0
1056	F	0.00000	1	0.00000	0
1057	P	0.00000	1	0.00000	0
1058	D	0.00000	1	0.00000	0
1059	N	0.00000	1	0.00000	0
1060	Y	0.00000	1	0.00000	0
1061	N	0.00000	1	0.00000	0
1062	S	0.00000	1	0.00000	0
1063	P	0.00000	1	0.00000	0
1064	T	0.00000	1	0.00000	0
1065	P	0.00000	1	0.00000	0
1066	Y	0.00000	1	0.00000	0
1067	K	0.00000	1	0.00000	0
1068	I	0.00000	1	0.00000	0
1069	Q	0.00000	1	0.00000	0
1070	Y	0.00000	1	0.00000	0
1071	N	0.00000	1	0.00000	0
1072	G	0.00000	1	0.00000	0
1073	L	0.00000	1	0.00000	0
1074	T	0.00000	1	0.00000	0
1075	L	0.00000	1	0.00000	0
1076	D	0.00000	1	0.00000	0
1077	V	0.00000	1	0.00000	0
1078	D	0.00000	1	0.00000	0
1079	G	0.00000	1	0.00000	0
1080	R	0.00000	1	0.00000	0
1081	T	0.00000	1	0.00000	0
1082	T	0.00000	1	0.00000	0
1083	K	0.00000	1	0.00000	0
1084	K	0.00000	1	0.00000	0
1085	L	0.00000	1	0.00000	0
1086	I	0.00000	1	0.00000	0
1087	T	0.00000	1	0.00000	0
1088	H	0.00000	1	0.00000	0
1089	L	0.00000	1	0.00000	0
1090	K	0.00000	1	0.00000	0
1091	P	0.00000	1	0.00000	0
1092	H	0.00000	1	0.00000	0
1093	T	0.00000	1	0.00000	0
1094	F	0.00000	1	0.00000	0
1095	Y	0.00000	1	0.00000	0
1096	N	0.00000	1	0.00000	0
1097	F	0.00000	1	0.00000	0
1098	V	0.00000	1	0.00000	0
1099	L	0.00000	1	0.00000	0
1100	T	0.00000	1	0.00000	0
1101	N	0.00000	1	0.00000	0
1102	R	0.00000	1	0.00000	0
1103	G	0.00000	1	0.00000	0
1104	S	0.00000	1	0.00000	0
1105	S	0.00000	1	0.00000	0
1106	L	0.00000	1	0.00000	0
1107	G	0.00000	1	0.00000	0
1108	G	0.00000	1	0.00000	0
1109	L	0.00000	1	0.00000	0
1110	Q	0.00000	1	0.00000	0
1111	Q	0.00000	1	0.00000	0
1112	T	0.00000	1	0.00000	0
1113	V	0.00000	1	0.00000	0
1114	T	0.00000	1	0.00000	0
1115	A	0.00000	1	0.00000	0
1116	W	0.00000	1	0.00000	0
1117	T	0.00000	1	0.00000	0
1118	A	0.00000	1	0.00000	0
1119	F	0.00000	1	0.00000	0
1120	N	0.00000	1	0.00000	0
1121	L	0.00000	1	0.00000	0
1122	L	0.00000	1	0.00000	0
1123	N	0.00000	1	0.00000	0
1124	G	0.00000	1	0.00000	0
1125	K	0.00000	1	0.00000	0
1126	P	0.00000	1	0.00000	0
1127	S	0.00000	1	0.00000	0
1128	V	0.00000	1	0.00000	0
1129	A	0.00000	1	0.00000	0
1130	P	0.00000	1	0.00000	0
1131	K	0.00000	1	0.00000	0
1132	P	0.00000	1	0.00000	0
1133	D	0.00000	1	0.00000	0
1134	A	0.00000	1	0.00000	0
1135	D	0.00000	1	0.00000	0
1136	G	0.00000	1	0.00000	0
1137	F	0.00000	1	0.00000	0
1138	I	0.00000	1	0.00000	0
1139	M	0.00000	1	0.00000	0
1140	V	0.00000	1	0.00000	0
1141	Y	0.00000	1	0.00000	0
1142	L	0.00000	1	0.00000	0
1143	P	0.00000	1	0.00000	0
1144	D	0.00000	1	0.00000	0
1145	G	0.00000	1	0.00000	0
1146	Q	0.00000	1	0.00000	0
1147	S	0.00000	1	0.00000	0
1148	P	0.00000	1	0.00000	0
1149	V	0.00000	1	0.00000	0
1150	P	0.00000	1	0.00000	0
1151	V	0.00000	1	0.00000	0
1152	Q	0.00000	1	0.00000	0
1153	S	0.00000	1	0.00000	0
1154	Y	0.00000	1	0.00000	0
1155	F	0.00000	1	0.00000	0
1156	I	0.00000	1	0.00000	0
1157	V	0.00000	1	0.00000	0
1158	M	0.00000	1	0.00000	0
1159	V	0.00000	1	0.00000	0
1160	P	0.00000	1	0.00000	0
1161	L	0.00000	1	0.00000	0
1162	R	0.00000	1	0.00000	0
1163	K	0.00000	1	0.00000	0
1164	S	0.00000	1	0.00000	0
1165	R	0.00000	1	0.00000	0
1166	G	0.00000	1	0.00000	0
1167	G	0.00000	1	0.00000	0
1168	Q	0.00000	1	0.00000	0
1169	F	0.00000	1	0.00000	0
1170	L	0.00000	1	0.00000	0
1171	T	0.00000	1	0.00000	0
1172	P	0.00000	1	0.00000	0
1173	L	0.00000	1	0.00000	0
1174	G	0.00000	1	0.00000	0
1175	S	0.00000	1	0.00000	0
1176	P	0.00000	1	0.00000	0
1177	E	0.00000	1	0.00000	0
1178	D	0.00000	1	0.00000	0
1179	M	0.00000	1	0.00000	0
1180	D	0.00000	1	0.00000	0
1181	L	0.00000	1	0.00000	0
1182	E	0.00000	1	0.00000	0
1183	E	0.00000	1	0.00000	0
1184	L	0.00000	1	0.00000	0
1185	I	0.00000	1	0.00000	0
1186	Q	0.00000	1	0.00000	0
1187	D	0.00000	1	0.00000	0
1188	I	0.00000	1	0.00000	0
1189	S	0.00000	1	0.00000	0
1190	R	0.00000	1	0.00000	0
1191	L	0.00000	1	0.00000	0
1192	Q	0.00000	1	0.00000	0
1193	R	0.00000	1	0.00000	0
1194	R	0.00000	1	0.00000	0
1195	S	0.00000	1	0.00000	0
1196	L	0.00000	1	0.00000	0
1197	R	0.00000	1	0.00000	0
1198	H	0.00000	1	0.00000	0
1199	S	0.00000	1	0.00000	0
1200	R	0.00000	1	0.00000	0
1201	Q	0.00000	1	0.00000	0
1202	L	0.00000	1	0.00000	0
1203	E	0.00000	1	0.00000	0
1204	V	0.00000	1	0.00000	0
1205	P	0.00000	1	0.00000	0
1206	R	0.00000	1	0.00000	0
1207	P	0.00000	1	0.00000	0
1208	Y	0.00000	1	0.00000	0
1209	I	0.00000	1	0.00000	0
1210	A	0.00000	1	0.00000	0
1211	A	0.00000	1	0.00000	0
1212	R	0.00000	1	0.00000	0
1213	F	0.00000	1	0.00000	0
1214	S	0.00000	1	0.00000	0
1215	V	0.00000	1	0.00000	0
1216	L	0.00000	1	0.00000	0
1217	P	0.00000	1	0.00000	0
1218	P	0.00000	1	0.00000	0
1219	T	0.00000	1	0.00000	0
1220	F	0.00000	1	0.00000	0
1221	H	0.00000	1	0.00000	0
1222	P	0.00000	1	0.00000	0
1223	G	0.00000	1	0.00000	0
1224	D	0.00000	1	0.00000	0
1225	Q	0.00000	1	0.00000	0
1226	K	0.00000	1	0.00000	0
1227	Q	0.00000	1	0.00000	0
1228	Y	0.00000	1	0.00000	0
1229	G	0.00000	1	0.00000	0
1230	G	0.00000	1	0.00000	0
1231	F	0.00000	1	0.00000	0
1232	D	0.00000	1	0.00000	0
1233	N	0.00000	1	0.00000	0
1234	R	0.00000	1	0.00000	0
1235	G	0.00000	1	0.00000	0
1236	L	0.00000	1	0.00000	0
1237	E	0.00000	1	0.00000	0
1238	P	0.00000	1	0.00000	0
1239	G	0.00000	1	0.00000	0
1240	H	0.00000	1	0.00000	0
1241	R	0.00000	1	0.00000	0
1242	Y	0.00000	1	0.00000	0
1243	V	0.00000	1	0.00000	0
1244	L	0.00000	1	0.00000	0
1245	F	0.00000	1	0.00000	0
1246	V	0.00000	1	0.00000	0
1247	L	0.00000	1	0.00000	0
1248	A	0.00000	1	0.00000	0
1249	V	0.00000	1	0.00000	0
1250	L	0.00000	1	0.00000	0
1251	Q	0.00000	1	0.00000	0
1252	K	0.00000	1	0.00000	0
1253	S	0.00000	1	0.00000	0
1254	E	0.00000	1	0.00000	0
1255	P	0.00000	1	0.00000	0
1256	T	0.00000	1	0.00000	0
1257	F	0.00000	1	0.00000	0
1258	A	0.00000	1	0.00000	0
1259	A	0.00000	1	0.00000	0
1260	S	0.00000	1	0.00000	0
1261	P	0.00000	1	0.00000	0
1262	F	0.00000	1	0.00000	0
1263	S	0.00000	1	0.00000	0
1264	D	0.00000	1	0.00000	0
1265	P	0.00000	1	0.00000	0
1266	F	0.00000	1	0.00000	0
1267	Q	0.00000	1	0.00000	0
1268	L	0.00000	1	0.00000	0
1269	D	0.00000	1	0.00000	0
1270	N	0.00000	1	0.00000	0
1271	P	0.00000	1	0.00000	0
1272	D	0.00000	1	0.00000	0
1273	P	0.00000	1	0.00000	0
1274	Q	0.00000	1	0.00000	0
1275	P	0.00000	1	0.00000	0
1276	I	0.00000	1	0.00000	0
1277	V	0.00000	1	0.00000	0
1278	D	0.00000	1	0.00000	0
1279	G	0.00000	1	0.00000	0
1280	E	0.00000	1	0.00000	0
1281	E	0.00000	0.99738	0.00262	0
1282	G	0.00000	0.87977	0.12023	0
1283	L	0.00000	0.30939	0.69061	0
1284	I	0.00000	0.15384	0.84616	0
1285	W	0.00000	0.07596	0.92404	0
1286	V	0.00000	0.06391	0.93609	0
1287	I	0.00000	0.06259	0.93741	0
1288	G	0.00000	0.06254	0.93746	0
1289	P	0.00000	0.06253	0.93747	0
1290	V	0.00000	0.06252	0.93748	0
1291	L	0.00000	0.06252	0.93748	0
1292	A	0.00000	0.06252	0.93748	0
1293	V	0.00000	0.06252	0.93748	0
1294	V	0.00000	0.06252	0.93748	0
1295	F	0.00000	0.06252	0.93748	0
1296	I	0.00000	0.06252	0.93748	0
1297	I	0.00000	0.06252	0.93748	0
1298	C	0.00000	0.06252	0.93748	0
1299	I	0.00000	0.06252	0.93748	0
1300	V	0.00000	0.06252	0.93748	0
1301	I	0.00000	0.06252	0.93748	0
1302	A	0.00000	0.06252	0.93748	0
1303	I	0.00000	0.06252	0.93747	0
1304	L	0.00043	0.06252	0.93705	0
1305	L	0.00846	0.06252	0.92901	0
1306	Y	0.12933	0.06252	0.80815	0
1307	K	0.85961	0.06252	0.07787	0
1308	N	0.92974	0.06252	0.00774	0
1309	K	0.93716	0.06252	0.00032	0
1310	P	0.93746	0.06252	0.00001	0
1311	D	0.93748	0.06252	0.00000	0
1312	S	0.93748	0.06252	0.00000	0
1313	K	0.93748	0.06252	0.00000	0
1314	R	0.93748	0.06252	0.00000	0
1315	K	0.93748	0.06252	0.00000	0
1316	D	0.93748	0.06252	0.00000	0
1317	S	0.93748	0.06252	0.00000	0
1318	E	0.93748	0.06252	0.00000	0
1319	P	0.93748	0.06252	0.00000	0
1320	R	0.92312	0.06252	0.01436	0
1321	T	0.58824	0.06252	0.34924	0
1322	K	0.15516	0.06252	0.78231	0
1323	C	0.00015	0.06252	0.93733	0
1324	L	0.00000	0.06252	0.93747	0
1325	L	0.00000	0.06252	0.93747	0
1326	N	0.00000	0.06252	0.93747	0
1327	N	0.00000	0.06252	0.93747	0
1328	A	0.00000	0.06252	0.93747	0
1329	D	0.00000	0.06252	0.93747	0
1330	L	0.00000	0.06252	0.93747	0
1331	A	0.00000	0.06252	0.93747	0
1332	P	0.00000	0.06252	0.93747	0
1333	H	0.00000	0.06252	0.93747	0
1334	H	0.00000	0.06252	0.93747	0
1335	P	0.00000	0.06252	0.93747	0
1336	K	0.00000	0.06252	0.93747	0
1337	D	0.00000	0.06264	0.93735	0
1338	P	0.00000	0.06264	0.93735	0
1339	V	0.00000	0.06449	0.93551	0
1340	E	0.00000	0.96281	0.03719	0
1341	M	0.00000	0.96508	0.03492	0
1342	R	0.00000	0.97102	0.02897	0
1343	R	0.00000	0.99991	0.00009	0
1344	I	0.00000	0.99992	0.00008	0
1345	N	0.00000	0.99997	0.00003	0
1346	F	0.00000	0.99997	0.00002	0
1347	Q	0.00000	0.99999	0.00001	0
1348	T	0.00000	0.99999	0.00000	0
1349	P	0.00000	1	0.00000	0
1350	D	0.00000	1	0.00000	0
1351	S	0.00000	1	0.00000	0
1352	G	0.00000	1	0.00000	0
1353	L	0.00000	1	0.00000	0
1354	R	0.00000	1	0.00000	0
1355	S	0.00000	1	0.00000	0
1356	P	0.00000	1	0.00000	0
1357	L	0.00000	1	0.00000	0
1358	R	0.00000	1	0.00000	0
1359	E	0.00000	1	0.00000	0
1360	P	0.00000	0.9973	0.00270	0
1361	G	0.00000	0.9973	0.00270	0
1362	F	0.00000	0.9973	0.00270	0
1363	H	0.00000	0.9973	0.00270	0
1364	F	0.00000	0.9973	0.00270	0
1365	E	0.00000	0.9973	0.00270	0
1366	S	0.00000	0.9973	0.00270	0
1367	M	0.00000	0.9973	0.00270	0
1368	L	0.00000	0.9973	0.00270	0
1369	S	0.00000	0.9973	0.00270	0
1370	H	0.00000	0.9973	0.00270	0
1371	P	0.00000	0.9973	0.00270	0
1372	P	0.00000	0.9973	0.00270	0
1373	I	0.00000	0.9973	0.00270	0
1374	P	0.00000	0.9973	0.00270	0
1375	I	0.00000	0.99729	0.00270	0
1376	A	0.00000	0.99729	0.00270	0
1377	D	0.00000	0.99729	0.00270	0
1378	M	0.00000	0.99729	0.00270	0
1379	A	0.00000	0.99729	0.00270	0
1380	E	0.00005	0.99729	0.00266	0
1381	H	0.00106	0.99729	0.00165	0
1382	T	0.00261	0.99729	0.00009	0
1383	E	0.00261	0.99729	0.00009	0
1384	R	0.00269	0.99729	0.00001	0
1385	L	0.00270	0.99729	0.00001	0
1386	K	0.00270	0.99729	0.00000	0
1387	A	0.00270	0.99729	0.00000	0
1388	N	0.00270	0.99729	0.00000	0
1389	D	0.00270	0.99729	0.00001	0
1390	S	0.00270	0.99729	0.00001	0
1391	L	0.00270	0.99727	0.00002	0
1392	K	0.00270	0.99727	0.00002	0
1393	L	0.00262	0.99725	0.00013	0
1394	S	0.00258	0.99725	0.00017	0
1395	Q	0.00254	0.99725	0.00021	0
1396	E	0.00226	0.99725	0.00048	0
1397	Y	0.00004	0.99725	0.00271	0
1398	E	0.00003	0.99725	0.00271	0
1399	S	0.00003	0.99694	0.00303	0
1400	I	0.00003	0.99687	0.00310	0
1401	D	0.00003	0.99687	0.00310	0
1402	P	0.00003	0.99685	0.00312	0
1403	G	0.00003	0.99679	0.00317	0
1404	Q	0.00003	0.99679	0.00318	0
1405	Q	0.00003	0.99679	0.00318	0
1406	F	0.00000	0.99679	0.00321	0
1407	T	0.00000	0.99679	0.00321	0
1408	W	0.00000	0.99679	0.00321	0
1409	E	0.00001	0.99679	0.00320	0
1410	H	0.00001	0.99679	0.00320	0
1411	S	0.00002	0.99679	0.00319	0
1412	N	0.00003	0.99679	0.00318	0
1413	L	0.00004	0.9968	0.00316	0
1414	E	0.00004	0.99695	0.00301	0
1415	V	0.00005	0.99703	0.00292	0
1416	N	0.00005	0.99781	0.00214	0
1417	K	0.00005	0.99939	0.00055	0
1418	P	0.00043	0.99945	0.00013	0
1419	K	0.00043	0.99946	0.00011	0
1420	N	0.00042	0.99946	0.00011	0
1421	R	0.00042	0.99946	0.00011	0
1422	Y	0.00040	0.99946	0.00013	0
1423	A	0.00040	0.99946	0.00014	0
1424	N	0.00049	0.99946	0.00006	0
1425	V	0.00048	0.9364	0.06311	0
1426	I	0.00048	0.81826	0.18125	0
1427	A	0.00048	0.81539	0.18413	0
1428	Y	0.00048	0.38129	0.61823	0
1429	D	0.00048	0.3193	0.68022	0
1430	H	0.00048	0.30716	0.69236	0
1431	S	0.00045	0.30459	0.69497	0
1432	R	0.00028	0.21689	0.78283	0
1433	V	0.00009	0.11639	0.88352	0
1434	I	0.00008	0.06541	0.93450	0
1435	L	0.00008	0.06539	0.93452	0
1436	Q	0.00008	0.06539	0.93452	0
1437	P	0.00008	0.06539	0.93453	0
1438	I	0.00008	0.06538	0.93454	0
1439	E	0.00008	0.06538	0.93454	0
1440	G	0.00007	0.06536	0.93457	0
1441	I	0.00005	0.06488	0.93507	0
1442	M	0.00004	0.06488	0.93507	0
1443	G	0.00003	0.06488	0.93508	0
1444	S	0.00005	0.06489	0.93507	0
1445	D	0.00008	0.06489	0.93503	0
1446	Y	0.01998	0.06489	0.91513	0
1447	I	0.05831	0.06489	0.87681	0
1448	N	0.65279	0.06489	0.28232	0
1449	A	0.68680	0.06489	0.24831	0
1450	N	0.68963	0.06489	0.24548	0
1451	Y	0.68963	0.0649	0.24547	0
1452	V	0.68964	0.06493	0.24543	0
1453	D	0.68968	0.06529	0.24504	0
1454	G	0.69338	0.06529	0.24134	0
1455	Y	0.70299	0.06529	0.23172	0
1456	R	0.84079	0.06529	0.09392	0
1457	C	0.89202	0.06527	0.04271	0
1458	Q	0.93391	0.06506	0.00104	0
1459	N	0.91090	0.06436	0.02474	0
1460	A	0.43203	0.06279	0.50518	0
1461	Y	0.24994	0.06261	0.68744	0
1462	I	0.24583	0.06261	0.69156	0
1463	A	0.24576	0.06263	0.69161	0
1464	T	0.24576	0.06265	0.69159	0
1465	Q	0.24576	0.06267	0.69158	0
1466	G	0.24575	0.06268	0.69157	0
1467	P	0.24575	0.06268	0.69158	0
1468	L	0.24560	0.06268	0.69172	0
1469	P	0.24558	0.06268	0.69174	0
1470	E	0.24505	0.06268	0.69227	0
1471	T	0.24129	0.06268	0.69603	0
1472	F	0.23302	0.06268	0.70430	0
1473	G	0.17908	0.06242	0.75850	0
1474	D	0.13532	0.06222	0.80247	0
1475	F	0.00092	0.06086	0.93821	0
1476	W	0.00001	0.06084	0.93915	0
1477	R	0.00000	0.06084	0.93916	0
1478	M	0.00000	0.06084	0.93915	0
1479	V	0.00000	0.06244	0.93756	0
1480	W	0.00002	0.20384	0.79615	0
1481	E	0.00229	0.72293	0.27477	0
1482	Q	0.00269	0.74955	0.24776	0
1483	R	0.00269	0.7497	0.24761	0
1484	S	0.00269	0.74971	0.24760	0
1485	A	0.00269	0.74971	0.24760	0
1486	T	0.00269	0.74971	0.24760	0
1487	I	0.00269	0.74971	0.24760	0
1488	V	0.00269	0.74974	0.24757	0
1489	M	0.00269	0.74974	0.24757	0
1490	M	0.00269	0.74985	0.24746	0
1491	T	0.00269	0.7526	0.24471	0
1492	R	0.00269	0.76523	0.23208	0
1493	L	0.00269	0.77072	0.22659	0
1494	E	0.00269	0.97137	0.02594	0
1495	E	0.00270	0.99455	0.00275	0
1496	K	0.00324	0.99545	0.00131	0
1497	S	0.00453	0.99546	0.00001	0
1498	R	0.00453	0.99546	0.00001	0
1499	I	0.00453	0.99546	0.00001	0
1500	K	0.00453	0.99546	0.00000	0
1501	C	0.00454	0.99546	0.00000	0
1502	D	0.00454	0.99546	0.00000	0
1503	Q	0.00454	0.99546	0.00000	0
1504	Y	0.00454	0.99544	0.00002	0
1505	W	0.00454	0.99544	0.00002	0
1506	P	0.00454	0.99508	0.00039	0
1507	N	0.00454	0.99506	0.00040	0
1508	R	0.00454	0.99468	0.00078	0
1509	G	0.00451	0.95359	0.04190	0
1510	T	0.00448	0.95196	0.04356	0
1511	E	0.00442	0.95025	0.04533	0
1512	T	0.00154	0.56778	0.43068	0
1513	Y	0.00084	0.21841	0.78075	0
1514	G	0.00033	0.08861	0.91106	0
1515	F	0.00009	0.07266	0.92725	0
1516	I	0.00007	0.07222	0.92771	0
1517	Q	0.00000	0.06036	0.93963	0
1518	V	0.00000	0.06034	0.93966	0
1519	T	0.00000	0.06034	0.93966	0
1520	L	0.00000	0.06033	0.93966	0
1521	L	0.00000	0.06033	0.93966	0
1522	D	0.00000	0.06033	0.93966	0
1523	T	0.00000	0.06033	0.93966	0
1524	I	0.00000	0.06033	0.93966	0
1525	E	0.00000	0.06033	0.93966	0
1526	L	0.00000	0.06033	0.93966	0
1527	A	0.00000	0.06033	0.93966	0
1528	T	0.00001	0.06033	0.93966	0
1529	F	0.00001	0.06034	0.93965	0
1530	C	0.00013	0.06039	0.93948	0
1531	V	0.00261	0.06042	0.93696	0
1532	R	0.03331	0.06115	0.90554	0
1533	T	0.03755	0.06123	0.90122	0
1534	F	0.04745	0.0613	0.89125	0
1535	S	0.32788	0.06154	0.61058	0
1536	L	0.44385	0.06224	0.49390	0
1537	H	0.93125	0.06484	0.00391	0
1538	K	0.93440	0.06487	0.00073	0
1539	N	0.93490	0.06487	0.00023	0
1540	G	0.93501	0.06487	0.00012	0
1541	S	0.93513	0.06487	0.00001	0
1542	S	0.93513	0.06487	0.00000	0
1543	E	0.93513	0.06487	0.00000	0
1544	K	0.93513	0.06487	0.00000	0
1545	R	0.93513	0.06487	0.00000	0
1546	E	0.93513	0.06487	0.00000	0
1547	V	0.92943	0.06485	0.00571	0
1548	R	0.90246	0.06485	0.03270	0
1549	Q	0.81035	0.0648	0.12485	0
1550	F	0.20755	0.06456	0.72790	0
1551	Q	0.16656	0.06347	0.76997	0
1552	F	0.00022	0.06162	0.93816	0
1553	T	0.00018	0.06162	0.93821	0
1554	A	0.00006	0.06161	0.93832	0
1555	W	0.00006	0.06161	0.93833	0
1556	P	0.00006	0.06161	0.93833	0
1557	D	0.00006	0.06161	0.93833	0
1558	H	0.00006	0.06161	0.93833	0
1559	G	0.00006	0.06161	0.93833	0
1560	V	0.00006	0.06161	0.93833	0
1561	P	0.00006	0.06161	0.93833	0
1562	E	0.00006	0.06161	0.93833	0
1563	Y	0.00006	0.06161	0.93833	0
1564	P	0.00006	0.06161	0.93833	0
1565	T	0.00006	0.06161	0.93833	0
1566	P	0.00006	0.06161	0.93833	0
1567	F	0.00006	0.06161	0.93833	0
1568	L	0.00006	0.06162	0.93832	0
1569	A	0.00006	0.06166	0.93827	0
1570	F	0.00006	0.06381	0.93613	0
1571	L	0.00014	0.0994	0.90046	0
1572	R	0.00206	0.90471	0.09323	0
1573	R	0.00252	0.97619	0.02129	0
1574	V	0.00262	0.93408	0.06329	0
1575	K	0.00328	0.94522	0.05151	0
1576	T	0.00330	0.94512	0.05158	0
1577	C	0.00330	0.9449	0.05180	0
1578	N	0.00330	0.94351	0.05319	0
1579	P	0.00330	0.94282	0.05388	0
1580	P	0.00330	0.94191	0.05479	0
1581	D	0.00330	0.93393	0.06277	0
1582	A	0.00329	0.65277	0.34393	0
1583	G	0.00313	0.49405	0.50282	0
1584	P	0.00311	0.19682	0.80007	0
1585	I	0.00146	0.05206	0.94648	0
1586	V	0.00144	0.04974	0.94883	0
1587	V	0.00141	0.04961	0.94897	0
1588	H	0.00142	0.04961	0.94897	0
1589	C	0.00137	0.04961	0.94902	0
1590	S	0.00137	0.04961	0.94902	0
1591	A	0.00130	0.04961	0.94909	0
1592	G	0.00138	0.04962	0.94900	0
1593	V	0.00161	0.04962	0.94877	0
1594	G	0.00863	0.04962	0.94175	0
1595	R	0.05229	0.04962	0.89808	0
1596	T	0.05229	0.04962	0.89808	0
1597	G	0.05229	0.04962	0.89808	0
1598	C	0.05229	0.04962	0.89808	0
1599	F	0.05229	0.04962	0.89808	0
1600	I	0.05229	0.04962	0.89808	0
1601	V	0.05562	0.04962	0.89476	0
1602	I	0.08481	0.04962	0.86557	0
1603	D	0.51567	0.04963	0.43470	0
1604	A	0.71514	0.04963	0.23523	0
1605	M	0.78277	0.04964	0.16758	0
1606	L	0.86130	0.04981	0.08889	0
1607	E	0.94809	0.05131	0.00060	0
1608	R	0.94818	0.05139	0.00042	0
1609	I	0.94819	0.05142	0.00039	0
1610	K	0.94821	0.05172	0.00007	0
1611	P	0.94821	0.05175	0.00004	0
1612	E	0.94821	0.05178	0.00001	0
1613	K	0.94820	0.05179	0.00002	0
1614	T	0.94717	0.05179	0.00105	0
1615	V	0.94587	0.05179	0.00234	0
1616	D	0.93953	0.05179	0.00868	0
1617	V	0.93615	0.05179	0.01207	0
1618	Y	0.93601	0.05179	0.01220	0
1619	G	0.93596	0.05179	0.01225	0
1620	H	0.93564	0.05179	0.01257	0
1621	V	0.93562	0.05179	0.01259	0
1622	T	0.93562	0.05178	0.01260	0
1623	L	0.93562	0.05178	0.01260	0
1624	M	0.93562	0.05178	0.01260	0
1625	R	0.93562	0.05178	0.01260	0
1626	S	0.93562	0.05178	0.01260	0
1627	Q	0.93562	0.05178	0.01260	0
1628	R	0.93562	0.05178	0.01260	0
1629	N	0.93561	0.05177	0.01262	0
1630	Y	0.93561	0.05168	0.01270	0
1631	M	0.93561	0.05032	0.01407	0
1632	V	0.93561	0.05026	0.01413	0
1633	Q	0.93561	0.05043	0.01396	0
1634	T	0.93561	0.05125	0.01314	0
1635	E	0.93561	0.05901	0.00537	0
1636	D	0.93561	0.06148	0.00290	0
1637	Q	0.93560	0.06173	0.00267	0
1638	Y	0.93559	0.05186	0.01255	0
1639	S	0.93559	0.05095	0.01345	0
1640	F	0.93559	0.0471	0.01731	0
1641	I	0.93559	0.0462	0.01820	0
1642	H	0.93560	0.04659	0.01782	0
1643	E	0.93560	0.0465	0.01790	0
1644	A	0.93560	0.04549	0.01891	0
1645	L	0.93560	0.04483	0.01957	0
1646	L	0.93560	0.04477	0.01963	0
1647	E	0.93560	0.04477	0.01964	0
1648	A	0.93560	0.04476	0.01964	0
1649	V	0.93560	0.04476	0.01964	0
1650	G	0.93560	0.04476	0.01964	0
1651	C	0.93560	0.04477	0.01964	0
1652	G	0.93560	0.04477	0.01964	0
1653	N	0.93619	0.04477	0.01904	0
1654	T	0.93699	0.04477	0.01825	0
1655	E	0.93720	0.04477	0.01804	0
1656	V	0.93720	0.04476	0.01804	0
1657	P	0.93720	0.04477	0.01804	0
1658	A	0.93720	0.04475	0.01805	0
1659	R	0.93720	0.04475	0.01804	0
1660	S	0.93721	0.04467	0.01813	0
1661	L	0.93721	0.04391	0.01888	0
1662	Y	0.93725	0.04177	0.02098	0
1663	A	0.93876	0.03994	0.02130	0
1664	Y	0.94072	0.03869	0.02058	0
1665	I	0.94104	0.03819	0.02076	0
1666	Q	0.95450	0.03747	0.00803	0
1667	K	0.95521	0.0344	0.01039	0
1668	L	0.95521	0.03432	0.01047	0
1669	A	0.95521	0.03423	0.01055	0
1670	Q	0.95521	0.03422	0.01056	0
1671	V	0.95521	0.03422	0.01056	0
1672	E	0.95521	0.03422	0.01057	0
1673	P	0.95521	0.03405	0.01073	0
1674	G	0.95516	0.03327	0.01157	0
1675	E	0.95508	0.03284	0.01208	0
1676	H	0.95278	0.0259	0.02132	0
1677	V	0.95216	0.02515	0.02269	0
1678	T	0.95150	0.02503	0.02347	0
1679	G	0.94960	0.02501	0.02539	0
1680	M	0.94479	0.02498	0.03024	0
1681	E	0.94101	0.02463	0.03436	0
1682	L	0.93988	0.01499	0.04513	0
1683	E	0.93987	0.01463	0.04550	0
1684	F	0.94003	0.01395	0.04602	0
1685	K	0.94194	0.01394	0.04412	0
1686	R	0.94273	0.01394	0.04333	0
1687	L	0.94298	0.01383	0.04320	0
1688	A	0.94881	0.01383	0.03736	0
1689	N	0.94975	0.01382	0.03643	0
1690	S	0.95015	0.01378	0.03607	0
1691	K	0.95018	0.01375	0.03607	0
1692	A	0.95017	0.00986	0.03997	0
1693	H	0.95017	0.00655	0.04329	0
1694	T	0.94992	0.00165	0.04843	0
1695	S	0.95040	0.00104	0.04857	0
1696	R	0.95449	0.0007	0.04481	0
1697	F	0.95277	0.00045	0.04679	0
1698	I	0.95449	0.00047	0.04503	0
1699	S	0.95503	0.00194	0.04303	0
1700	A	0.95543	0.00264	0.04194	0
1701	N	0.96605	0.0095	0.02445	0
1702	L	0.96624	0.01041	0.02335	0
1703	P	0.96732	0.01288	0.01981	0
1704	C	0.96698	0.01567	0.01735	0
1705	N	0.96720	0.01571	0.01709	0
1706	K	0.96720	0.01568	0.01713	0
1707	F	0.96695	0.01557	0.01747	0
1708	K	0.96694	0.0156	0.01745	0
1709	N	0.96668	0.0156	0.01771	0
1710	R	0.96379	0.01561	0.02060	0
1711	L	0.93959	0.01561	0.04480	0
1712	V	0.93980	0.01561	0.04459	0
1713	N	0.94384	0.01562	0.04054	0
1714	I	0.94389	0.01563	0.04048	0
1715	M	0.95182	0.01575	0.03243	0
1716	P	0.95257	0.01593	0.03150	0
1717	Y	0.95263	0.01673	0.03064	0
1718	E	0.95288	0.01835	0.02877	0
1719	S	0.95296	0.01848	0.02856	0
1720	T	0.95116	0.01851	0.03033	0
1721	R	0.95093	0.01852	0.03055	0
1722	V	0.95089	0.01852	0.03059	0
1723	C	0.95083	0.01854	0.03063	0
1724	L	0.95083	0.01838	0.03079	0
1725	Q	0.95094	0.01865	0.03041	0
1726	P	0.95099	0.01868	0.03034	0
1727	I	0.93886	0.01868	0.04246	0
1728	R	0.93874	0.01878	0.04247	0
1729	G	0.93809	0.01945	0.04246	0
1730	V	0.93799	0.02585	0.03616	0
1731	E	0.93794	0.04503	0.01703	0
1732	G	0.93782	0.04617	0.01600	0
1733	S	0.93753	0.04655	0.01592	0
1734	D	0.93750	0.04655	0.01594	0
1735	Y	0.93750	0.04655	0.01594	0
1736	I	0.93750	0.04655	0.01594	0
1737	N	0.93750	0.04656	0.01594	0
1738	A	0.93750	0.04656	0.01594	0
1739	S	0.93750	0.04656	0.01594	0
1740	F	0.93750	0.04659	0.01591	0
1741	I	0.93750	0.04678	0.01572	0
1742	D	0.93750	0.04854	0.01396	0
1743	G	0.93750	0.04857	0.01393	0
1744	Y	0.93751	0.04863	0.01387	0
1745	R	0.93758	0.04961	0.01281	0
1746	Q	0.93760	0.05102	0.01138	0
1747	Q	0.93779	0.05237	0.00984	0
1748	K	0.93779	0.05915	0.00305	0
1749	A	0.93779	0.05981	0.00240	0
1750	Y	0.93779	0.06081	0.00140	0
1751	I	0.93779	0.06116	0.00105	0
1752	A	0.93779	0.06153	0.00067	0
1753	T	0.93779	0.06167	0.00053	0
1754	Q	0.93779	0.0616	0.00060	0
1755	G	0.93779	0.0616	0.00061	0
1756	P	0.93779	0.06157	0.00063	0
1757	L	0.93779	0.05578	0.00643	0
1758	A	0.93779	0.05371	0.00849	0
1759	E	0.93779	0.05371	0.00850	0
1760	T	0.93779	0.0537	0.00851	0
1761	T	0.93779	0.05324	0.00897	0
1762	E	0.93779	0.05165	0.01056	0
1763	D	0.93775	0.0377	0.02456	0
1764	F	0.93759	0.00385	0.05856	0
1765	W	0.93758	4e-05	0.06239	0
1766	R	0.93758	2e-05	0.06240	0
1767	M	0.93757	1e-05	0.06241	0
1768	L	0.93757	1e-05	0.06241	0
1769	W	0.93757	1e-05	0.06241	0
1770	E	0.93800	2e-05	0.06199	0
1771	N	0.93809	2e-05	0.06189	0
1772	N	0.93810	2e-05	0.06189	0
1773	S	0.93810	2e-05	0.06189	0
1774	T	0.93810	2e-05	0.06189	0
1775	I	0.93810	2e-05	0.06189	0
1776	V	0.93810	2e-05	0.06189	0
1777	V	0.93810	2e-05	0.06189	0
1778	M	0.93811	2e-05	0.06187	0
1779	L	0.93832	2e-05	0.06166	0
1780	T	0.94366	2e-05	0.05633	0
1781	K	0.94777	2e-05	0.05221	0
1782	L	0.94788	2e-05	0.05210	0
1783	R	0.94841	0.00016	0.05143	0
1784	E	0.94896	0.0002	0.05084	0
1785	M	0.95770	0.00021	0.04209	0
1786	G	0.99819	0.00023	0.00158	0
1787	R	0.99947	0.00024	0.00029	0
1788	E	0.99976	0.00024	0.00000	0
1789	K	0.99976	0.00024	0.00000	0
1790	C	0.99976	0.00024	0.00000	0
1791	H	0.99976	0.00024	0.00000	0
1792	Q	0.99976	0.00024	0.00000	0
1793	Y	0.99976	0.00024	0.00000	0
1794	W	0.99976	0.00024	0.00000	0
1795	P	0.99976	0.00024	0.00000	0
1796	A	0.99976	0.00024	0.00000	0
1797	E	0.99976	0.00024	0.00000	0
1798	R	0.99051	0.00024	0.00925	0
1799	S	0.98691	0.00024	0.01286	0
1800	A	0.97716	0.00023	0.02261	0
1801	R	0.97182	0.00023	0.02796	0
1802	Y	0.94355	0.00023	0.05622	0
1803	Q	0.94123	8e-05	0.05869	0
1804	Y	0.93970	8e-05	0.06022	0
1805	F	0.93970	8e-05	0.06023	0
1806	V	0.93970	8e-05	0.06023	0
1807	V	0.93970	8e-05	0.06023	0
1808	D	0.93970	8e-05	0.06023	0
1809	P	0.93970	8e-05	0.06023	0
1810	M	0.93970	8e-05	0.06023	0
1811	A	0.93970	8e-05	0.06023	0
1812	E	0.93970	8e-05	0.06023	0
1813	Y	0.93970	8e-05	0.06023	0
1814	N	0.93970	8e-05	0.06023	0
1815	M	0.93970	8e-05	0.06023	0
1816	P	0.93970	8e-05	0.06022	0
1817	Q	0.93970	0.00016	0.06015	0
1818	Y	0.93970	0.00028	0.06003	0
1819	I	0.93970	0.00054	0.05976	0
1820	L	0.93970	0.00404	0.05626	0
1821	R	0.93970	0.03954	0.02076	0
1822	E	0.93971	0.05744	0.00286	0
1823	F	0.93971	0.05811	0.00218	0
1824	K	0.93974	0.06008	0.00018	0
1825	V	0.93975	0.06011	0.00014	0
1826	T	0.93985	0.06014	0.00000	0
1827	D	0.93986	0.06014	0.00000	0
1828	A	0.93986	0.06014	0.00000	0
1829	R	0.93986	0.06014	0.00000	0
1830	D	0.93986	0.06014	0.00000	0
1831	G	0.93986	0.06014	0.00000	0
1832	Q	0.93986	0.06014	0.00000	0
1833	S	0.93985	0.06014	0.00001	0
1834	R	0.93985	0.06014	0.00001	0
1835	T	0.93981	0.06014	0.00005	0
1836	V	0.93981	0.06014	0.00005	0
1837	R	0.93981	0.06013	0.00006	0
1838	Q	0.93980	0.01497	0.04523	0
1839	F	0.93980	0.0148	0.04541	0
1840	Q	0.93980	0.01464	0.04557	0
1841	F	0.93980	0.01318	0.04702	0
1842	T	0.93980	0.01318	0.04703	0
1843	D	0.93980	0.01317	0.04703	0
1844	W	0.93980	0.01313	0.04707	0
1845	P	0.93980	0.01308	0.04712	0
1846	E	0.93980	0.01286	0.04735	0
1847	Q	0.93980	0.01284	0.04736	0
1848	G	0.93979	0.01284	0.04737	0
1849	V	0.93979	0.01284	0.04737	0
1850	P	0.93979	0.01284	0.04737	0
1851	K	0.93979	0.01284	0.04737	0
1852	S	0.93979	0.01284	0.04737	0
1853	G	0.93979	0.01284	0.04737	0
1854	E	0.93979	0.01284	0.04737	0
1855	G	0.93979	0.01284	0.04737	0
1856	F	0.93979	0.01284	0.04737	0
1857	I	0.93979	0.01285	0.04736	0
1858	D	0.93980	0.01288	0.04732	0
1859	F	0.93981	0.01288	0.04730	0
1860	I	0.94047	0.01288	0.04665	0
1861	G	0.96292	0.01289	0.02419	0
1862	Q	0.98466	0.01289	0.00245	0
1863	V	0.98505	0.01289	0.00207	0
1864	H	0.98628	0.01288	0.00084	0
1865	K	0.98678	0.01286	0.00036	0
1866	T	0.98682	0.01282	0.00037	0
1867	K	0.98699	0.01282	0.00019	0
1868	E	0.98709	0.01279	0.00012	0
1869	Q	0.98710	0.01269	0.00021	0
1870	F	0.98710	0.01264	0.00026	0
1871	G	0.98710	0.01264	0.00026	0
1872	Q	0.98710	0.0126	0.00030	0
1873	D	0.98710	0.01258	0.00032	0
1874	G	0.98478	0.01183	0.00339	0
1875	P	0.98462	0.00697	0.00841	0
1876	I	0.97685	0.00033	0.02282	0
1877	S	0.97676	0.00019	0.02305	0
1878	V	0.97573	0	0.02427	0
1879	H	0.97572	0	0.02428	0
1880	C	0.97362	0	0.02638	0
1881	S	0.97022	0	0.02978	0
1882	A	0.94880	0	0.05120	0
1883	G	0.93991	0	0.06009	0
1884	V	0.93967	0	0.06033	0
1885	G	0.93968	0	0.06032	0
1886	R	0.93975	0	0.06025	0
1887	T	0.93975	0	0.06025	0
1888	G	0.93975	0	0.06025	0
1889	V	0.93974	0	0.06026	0
1890	F	0.93974	0	0.06026	0
1891	I	0.93974	0	0.06026	0
1892	T	0.93984	0	0.06016	0
1893	L	0.93988	0	0.06012	0
1894	S	0.94006	0	0.05994	0
1895	I	0.94066	1e-05	0.05932	0
1896	V	0.94282	0.00012	0.05706	0
1897	L	0.94555	0.00104	0.05341	0
1898	E	0.95257	0.01042	0.03702	0
1899	R	0.95257	0.01095	0.03648	0
1900	M	0.95257	0.01107	0.03636	0
1901	R	0.95257	0.01786	0.02957	0
1902	Y	0.95257	0.02184	0.02559	0
1903	E	0.95257	0.04564	0.00180	0
1904	G	0.95257	0.04728	0.00015	0
1905	V	0.95257	0.04732	0.00011	0
1906	V	0.95257	0.04742	0.00001	0
1907	D	0.95257	0.04743	0.00000	0
1908	I	0.95256	0.04743	0.00001	0
1909	F	0.95256	0.04743	0.00001	0
1910	Q	0.95256	0.04743	0.00001	0
1911	T	0.95256	0.04743	0.00001	0
1912	V	0.95256	0.04734	0.00009	0
1913	K	0.95256	0.04733	0.00011	0
1914	M	0.95256	0.04727	0.00017	0
1915	L	0.95256	0.04714	0.00030	0
1916	R	0.95256	0.04714	0.00030	0
1917	T	0.95256	0.04713	0.00030	0
1918	Q	0.95256	0.04713	0.00031	0
1919	R	0.95256	0.04708	0.00036	0
1920	P	0.95256	0.04669	0.00075	0
1921	A	0.95256	0.04109	0.00635	0
1922	M	0.95256	0.0112	0.03623	0
1923	V	0.95256	0.00994	0.03750	0
1924	Q	0.95256	0.00892	0.03852	0
1925	T	0.95256	0.00766	0.03978	0
1926	E	0.95256	0.00661	0.04083	0
1927	D	0.95256	0.00466	0.04278	0
1928	E	0.95256	0.00149	0.04594	0
1929	Y	0.95256	4e-05	0.04740	0
1930	Q	0.95256	0	0.04744	0
1931	F	0.95256	0	0.04744	0
1932	C	0.95256	0	0.04744	0
1933	Y	0.95256	0	0.04744	0
1934	Q	0.95276	0	0.04724	0
1935	A	0.95277	0	0.04723	0
1936	A	0.95282	0	0.04718	0
1937	L	0.95284	0	0.04716	0
1938	E	0.95286	0	0.04714	0
1939	Y	0.95286	0	0.04714	0
1940	L	0.95286	0	0.04714	0
1941	G	0.95286	0	0.04714	0
1942	S	0.95286	0	0.04714	0
1943	F	0.95286	0	0.04714	0
1944	D	0.99047	0	0.00953	0
1945	H	0.99105	0	0.00895	0
1946	Y	0.99134	0	0.00866	0
1947	A	0.99272	0	0.00728	0
1948	T	1.00000	0	0.00000	0
