# UNNAMED
#pos	aa	i	o	M	S
1	M	0.00000	0.99995	0.00000	5e-05
2	C	0.00000	0.99995	0.00000	5e-05
3	L	0.00000	0.99995	0.00000	5e-05
4	H	0.00000	0.99995	0.00000	5e-05
5	R	0.00000	0.99995	0.00000	5e-05
6	R	0.00000	0.99995	0.00000	5e-05
7	V	0.00000	0.99995	0.00000	5e-05
8	P	0.00000	0.99995	0.00000	5e-05
9	S	0.00000	0.99995	0.00000	5e-05
10	E	0.00000	0.99995	0.00000	5e-05
11	E	0.00000	0.99995	0.00000	5e-05
12	T	0.00000	0.99995	0.00000	5e-05
13	Y	0.00000	0.99995	0.00000	5e-05
14	S	0.00000	0.99995	0.00000	5e-05
15	L	0.00000	1	0.00000	0
16	D	0.00000	1	0.00000	0
17	R	0.00000	1	0.00000	0
18	F	0.00000	1	0.00000	0
19	A	0.00000	1	0.00000	0
20	Q	0.00000	1	0.00000	0
21	N	0.00000	1	0.00000	0
22	P	0.00000	1	0.00000	0
23	P	0.00000	1	0.00000	0
24	L	0.00000	1	0.00000	0
25	F	0.00000	1	0.00000	0
26	P	0.00000	1	0.00000	0
27	P	0.00000	1	0.00000	0
28	P	0.00000	1	0.00000	0
29	S	0.00000	1	0.00000	0
30	L	0.00000	1	0.00000	0
31	P	0.00000	1	0.00000	0
32	A	0.00000	1	0.00000	0
33	S	0.00000	1	0.00000	0
34	E	0.00000	1	0.00000	0
35	S	0.00000	1	0.00000	0
36	R	0.00000	1	0.00000	0
37	M	0.00000	1	0.00000	0
38	A	0.00000	1	0.00000	0
39	H	0.00000	1	0.00000	0
40	A	0.00000	1	0.00000	0
41	P	0.00000	1	0.00000	0
42	L	0.00000	1	0.00000	0
43	L	0.00000	1	0.00000	0
44	Q	0.00000	1	0.00000	0
45	R	0.00000	1	0.00000	0
46	C	0.00000	1	0.00000	0
47	G	0.00000	1	0.00000	0
48	A	0.00000	1	0.00000	0
49	A	0.00000	1	0.00000	0
50	R	0.00000	1	0.00000	0
51	T	0.00000	1	0.00000	0
52	G	0.00000	1	0.00000	0
53	F	0.00000	1	0.00000	0
54	C	0.00000	1	0.00000	0
55	K	0.00000	1	0.00000	0
56	K	0.00000	1	0.00000	0
57	Q	0.00000	1	0.00000	0
58	Q	0.00000	1	0.00000	0
59	E	0.00000	1	0.00000	0
60	L	0.00000	1	0.00000	0
61	W	0.00000	1	0.00000	0
62	Q	0.00000	1	0.00000	0
63	R	0.00000	1	0.00000	0
64	R	0.00000	1	0.00000	0
65	K	0.00000	1	0.00000	0
66	E	0.00000	1	0.00000	0
67	A	0.00000	1	0.00000	0
68	A	0.00000	1	0.00000	0
69	E	0.00000	1	0.00000	0
70	A	0.00000	1	0.00000	0
71	L	0.00000	1	0.00000	0
72	G	0.00000	1	0.00000	0
73	T	0.00000	1	0.00000	0
74	R	0.00000	1	0.00000	0
75	K	0.00000	1	0.00000	0
76	V	0.00000	1	0.00000	0
77	S	0.00000	1	0.00000	0
78	V	0.00000	1	0.00000	0
79	L	0.00000	1	0.00000	0
80	L	0.00000	1	0.00000	0
81	A	0.00000	1	0.00000	0
82	T	0.00000	1	0.00000	0
83	S	0.00000	1	0.00000	0
84	H	0.00000	1	0.00000	0
85	S	0.00000	1	0.00000	0
86	G	0.00000	1	0.00000	0
87	A	0.00000	1	0.00000	0
88	R	0.00000	1	0.00000	0
89	P	0.00000	1	0.00000	0
90	A	0.00000	1	0.00000	0
91	V	0.00000	1	0.00000	0
92	S	0.00000	1	0.00000	0
93	T	0.00000	1	0.00000	0
94	M	0.00000	1	0.00000	0
95	D	0.00000	1	0.00000	0
96	S	0.00000	1	0.00000	0
97	S	0.00000	1	0.00000	0
98	A	0.00000	1	0.00000	0
99	A	0.00000	1	0.00000	0
100	P	0.00000	1	0.00000	0
101	T	0.00000	1	0.00000	0
102	N	0.00000	1	0.00000	0
103	A	0.00000	1	0.00000	0
104	S	0.00000	1	0.00000	0
105	N	0.00000	1	0.00000	0
106	C	0.00000	1	0.00000	0
107	T	0.00000	1	0.00000	0
108	D	0.00000	1	0.00000	0
109	A	0.00000	1	0.00000	0
110	L	0.00000	1	0.00000	0
111	A	0.00000	1	0.00000	0
112	Y	0.00000	1	0.00000	0
113	S	0.00000	1	0.00000	0
114	S	0.00000	1	0.00000	0
115	C	0.00000	1	0.00000	0
116	S	0.00000	1	0.00000	0
117	P	0.00000	1	0.00000	0
118	A	0.00000	1	0.00000	0
119	P	0.00000	1	0.00000	0
120	S	0.00000	1	0.00000	0
121	P	0.00000	1	0.00000	0
122	G	0.00000	1	0.00000	0
123	S	0.00000	1	0.00000	0
124	W	0.00000	1	0.00000	0
125	V	0.00000	1	0.00000	0
126	N	0.00000	1	0.00000	0
127	L	0.00000	1	0.00000	0
128	S	0.00000	1	0.00000	0
129	H	0.00000	1	0.00000	0
130	L	0.00000	1	0.00000	0
131	D	0.00000	1	0.00000	0
132	G	0.00000	1	0.00000	0
133	N	0.00000	1	0.00000	0
134	L	0.00000	1	0.00000	0
135	S	0.00000	1	0.00000	0
136	D	0.00000	1	0.00000	0
137	P	0.00000	1	0.00000	0
138	C	0.00000	1	0.00000	0
139	G	0.00000	1	0.00000	0
140	P	0.00000	1	0.00000	0
141	N	0.00000	1	0.00000	0
142	R	0.00000	1	0.00000	0
143	T	0.00000	1	0.00000	0
144	D	0.00000	1	0.00000	0
145	L	0.00000	1	0.00000	0
146	G	0.00000	1	0.00000	0
147	G	0.00000	1	0.00000	0
148	R	0.00000	1	0.00000	0
149	D	0.00000	1	0.00000	0
150	S	0.00000	1	0.00000	0
151	L	0.00000	1	0.00000	0
152	C	0.00000	1	0.00000	0
153	P	0.00000	1	0.00000	0
154	P	0.00000	1	0.00000	0
155	T	0.00000	1	0.00000	0
156	G	0.00000	1	0.00000	0
157	S	0.00000	0.99998	0.00002	0
158	P	0.00000	0.99979	0.00021	0
159	S	0.00000	0.99878	0.00122	0
160	M	0.00000	0.98485	0.01515	0
161	I	0.00000	0.83481	0.16519	0
162	T	0.00000	0.7563	0.24370	0
163	A	0.00000	0.69553	0.30447	0
164	I	0.00000	0.63312	0.36688	0
165	T	0.00000	0.62492	0.37508	0
166	I	0.00000	0.23714	0.76286	0
167	M	0.00000	0.2138	0.78620	0
168	A	0.00000	0.08056	0.91944	0
169	L	0.00000	0.00272	0.99728	0
170	Y	0.00000	0.00024	0.99976	0
171	S	0.00000	6e-05	0.99994	0
172	I	0.00000	0	1.00000	0
173	V	0.00000	0	1.00000	0
174	C	0.00000	0	1.00000	0
175	V	0.00000	0	1.00000	0
176	V	0.00000	0	1.00000	0
177	G	0.00000	0	1.00000	0
178	L	0.00000	0	1.00000	0
179	F	0.00000	0	1.00000	0
180	G	0.00000	0	1.00000	0
181	N	0.00000	0	1.00000	0
182	F	0.00000	0	1.00000	0
183	L	0.00000	0	1.00000	0
184	V	0.00001	0	0.99999	0
185	M	0.00006	0	0.99994	0
186	Y	0.00044	0	0.99956	0
187	V	0.00927	0	0.99073	0
188	I	0.03512	0	0.96488	0
189	V	0.31108	0	0.68892	0
190	R	0.98763	0	0.01237	0
191	Y	0.99963	0	0.00037	0
192	T	0.99998	0	0.00002	0
193	K	1.00000	0	0.00000	0
194	M	1.00000	0	0.00000	0
195	K	1.00000	0	0.00000	0
196	T	0.99999	0	0.00001	0
197	A	0.99932	0	0.00068	0
198	T	0.98583	0	0.01417	0
199	N	0.78467	0	0.21533	0
200	I	0.05485	0	0.94515	0
201	Y	0.00112	0	0.99888	0
202	I	0.00002	0	0.99998	0
203	F	0.00000	0	1.00000	0
204	N	0.00000	0	1.00000	0
205	L	0.00000	0	1.00000	0
206	A	0.00000	0	1.00000	0
207	L	0.00000	0	1.00000	0
208	A	0.00000	0	1.00000	0
209	D	0.00000	0	1.00000	0
210	A	0.00000	0	1.00000	0
211	L	0.00000	0	1.00000	0
212	A	0.00000	0	1.00000	0
213	T	0.00000	0	1.00000	0
214	S	0.00000	0	1.00000	0
215	T	0.00000	0	1.00000	0
216	L	0.00000	0	1.00000	0
217	P	0.00000	4e-05	0.99996	0
218	F	0.00000	0.00154	0.99846	0
219	Q	0.00000	0.04399	0.95601	0
220	S	0.00000	0.28883	0.71117	0
221	V	0.00000	0.40831	0.59169	0
222	N	0.00000	0.99989	0.00011	0
223	Y	0.00000	0.99994	0.00006	0
224	L	0.00000	0.99995	0.00005	0
225	M	0.00000	0.99995	0.00005	0
226	G	0.00000	0.99999	0.00001	0
227	T	0.00000	0.99999	0.00001	0
228	W	0.00000	1	0.00000	0
229	P	0.00000	1	0.00000	0
230	F	0.00000	1	0.00000	0
231	G	0.00000	1	0.00000	0
232	T	0.00000	1	0.00000	0
233	I	0.00000	1	0.00000	0
234	L	0.00000	1	0.00000	0
235	C	0.00000	1	0.00000	0
236	K	0.00000	0.99999	0.00001	0
237	I	0.00000	0.99816	0.00184	0
238	V	0.00000	0.7905	0.20950	0
239	I	0.00000	0.44266	0.55734	0
240	S	0.00000	0.03464	0.96536	0
241	I	0.00000	0.0075	0.99250	0
242	D	0.00000	0.00543	0.99457	0
243	Y	0.00000	0.00028	0.99972	0
244	Y	0.00000	1e-05	0.99999	0
245	N	0.00000	1e-05	0.99999	0
246	M	0.00000	0	1.00000	0
247	F	0.00000	0	1.00000	0
248	T	0.00000	0	1.00000	0
249	S	0.00000	0	1.00000	0
250	I	0.00000	0	1.00000	0
251	F	0.00000	0	1.00000	0
252	T	0.00000	0	1.00000	0
253	L	0.00000	0	1.00000	0
254	C	0.00000	0	1.00000	0
255	T	0.00000	0	1.00000	0
256	M	0.00000	0	1.00000	0
257	S	0.00000	0	1.00000	0
258	V	0.00000	0	1.00000	0
259	D	0.00000	0	1.00000	0
260	R	0.00133	0	0.99867	0
261	Y	0.05230	0	0.94770	0
262	I	0.71037	0	0.28963	0
263	A	0.87409	0	0.12591	0
264	V	0.99997	0	0.00003	0
265	C	1.00000	0	0.00000	0
266	H	1.00000	0	0.00000	0
267	P	1.00000	0	0.00000	0
268	V	1.00000	0	0.00000	0
269	K	1.00000	0	0.00000	0
270	A	1.00000	0	0.00000	0
271	L	1.00000	0	0.00000	0
272	D	1.00000	0	0.00000	0
273	F	1.00000	0	0.00000	0
274	R	1.00000	0	0.00000	0
275	T	1.00000	0	0.00000	0
276	P	1.00000	0	0.00000	0
277	R	0.99999	0	0.00001	0
278	N	0.99721	0	0.00279	0
279	A	0.89348	0	0.10652	0
280	K	0.84592	0	0.15408	0
281	I	0.03344	0	0.96656	0
282	I	0.00042	0	0.99958	0
283	N	0.00015	0	0.99985	0
284	V	0.00000	0	1.00000	0
285	C	0.00000	0	1.00000	0
286	N	0.00000	0	1.00000	0
287	W	0.00000	0	1.00000	0
288	I	0.00000	0	1.00000	0
289	L	0.00000	0	1.00000	0
290	S	0.00000	0	1.00000	0
291	S	0.00000	0	1.00000	0
292	A	0.00000	0	1.00000	0
293	I	0.00000	0	1.00000	0
294	G	0.00000	0	1.00000	0
295	L	0.00000	0	1.00000	0
296	P	0.00000	0	1.00000	0
297	V	0.00000	0	1.00000	0
298	M	0.00000	0	1.00000	0
299	F	0.00000	0.0002	0.99980	0
300	M	0.00000	0.00573	0.99427	0
301	A	0.00000	0.06934	0.93066	0
302	T	0.00000	0.62129	0.37871	0
303	T	0.00000	0.94578	0.05422	0
304	K	0.00000	0.99979	0.00021	0
305	Y	0.00000	0.99997	0.00003	0
306	R	0.00000	1	0.00000	0
307	Q	0.00000	1	0.00000	0
308	G	0.00000	1	0.00000	0
309	S	0.00000	1	0.00000	0
310	I	0.00000	1	0.00000	0
311	D	0.00000	1	0.00000	0
312	C	0.00000	1	0.00000	0
313	T	0.00000	1	0.00000	0
314	L	0.00000	1	0.00000	0
315	T	0.00000	1	0.00000	0
316	F	0.00000	1	0.00000	0
317	S	0.00000	1	0.00000	0
318	H	0.00000	1	0.00000	0
319	P	0.00000	0.99992	0.00008	0
320	T	0.00000	0.99983	0.00017	0
321	W	0.00000	0.99981	0.00019	0
322	Y	0.00000	0.99978	0.00022	0
323	W	0.00000	0.8655	0.13450	0
324	E	0.00000	0.8652	0.13480	0
325	N	0.00000	0.75419	0.24581	0
326	L	0.00000	0.64306	0.35694	0
327	L	0.00000	0.63248	0.36752	0
328	K	0.00000	0.63019	0.36981	0
329	I	0.00000	0.44537	0.55463	0
330	C	0.00000	0.34489	0.65511	0
331	V	0.00000	0.08168	0.91832	0
332	F	0.00000	0.04352	0.95648	0
333	I	0.00000	0.01244	0.98756	0
334	F	0.00000	3e-05	0.99997	0
335	A	0.00000	0	1.00000	0
336	F	0.00000	0	1.00000	0
337	I	0.00000	0	1.00000	0
338	M	0.00000	0	1.00000	0
339	P	0.00000	0	1.00000	0
340	V	0.00000	0	1.00000	0
341	L	0.00000	0	1.00000	0
342	I	0.00000	0	1.00000	0
343	I	0.00000	0	1.00000	0
344	T	0.00001	0	0.99999	0
345	V	0.00009	0	0.99991	0
346	C	0.00104	0	0.99896	0
347	Y	0.00755	0	0.99245	0
348	G	0.04672	0	0.95328	0
349	L	0.06204	0	0.93796	0
350	M	0.14219	0	0.85781	0
351	I	0.19086	0	0.80914	0
352	L	0.41415	0	0.58585	0
353	R	0.65068	0	0.34932	0
354	L	0.69907	0	0.30093	0
355	K	0.97099	0	0.02901	0
356	S	0.98716	0	0.01284	0
357	V	0.98991	0	0.01009	0
358	R	0.99999	0	0.00001	0
359	M	1.00000	0	0.00000	0
360	L	1.00000	0	0.00000	0
361	S	1.00000	0	0.00000	0
362	G	1.00000	0	0.00000	0
363	S	1.00000	0	0.00000	0
364	K	1.00000	0	0.00000	0
365	E	1.00000	0	0.00000	0
366	K	1.00000	0	0.00000	0
367	D	1.00000	0	0.00000	0
368	R	1.00000	0	0.00000	0
369	N	1.00000	0	0.00000	0
370	L	0.99394	0	0.00606	0
371	R	0.97648	0	0.02352	0
372	R	0.81672	0	0.18328	0
373	I	0.80355	0	0.19645	0
374	T	0.62731	0	0.37269	0
375	R	0.45025	0	0.54975	0
376	M	0.06179	0	0.93821	0
377	V	0.02366	0	0.97634	0
378	L	0.00044	0	0.99956	0
379	V	0.00020	0	0.99980	0
380	V	0.00017	0	0.99983	0
381	V	0.00003	0	0.99997	0
382	A	0.00000	0	1.00000	0
383	V	0.00000	0	1.00000	0
384	F	0.00000	0	1.00000	0
385	I	0.00000	0	1.00000	0
386	V	0.00000	0	1.00000	0
387	C	0.00000	0	1.00000	0
388	W	0.00000	0	1.00000	0
389	T	0.00000	0	1.00000	0
390	P	0.00000	0	1.00000	0
391	I	0.00000	0	1.00000	0
392	H	0.00000	5e-05	0.99995	0
393	I	0.00000	0.00048	0.99952	0
394	Y	0.00000	0.00401	0.99599	0
395	V	0.00000	0.0118	0.98820	0
396	I	0.00000	0.08778	0.91222	0
397	I	0.00000	0.63902	0.36098	0
398	K	0.00000	0.89095	0.10905	0
399	A	0.00000	0.89573	0.10427	0
400	L	0.00000	0.89951	0.10049	0
401	V	0.00000	0.9174	0.08260	0
402	T	0.00000	0.9567	0.04330	0
403	I	0.00000	0.97281	0.02719	0
404	P	0.00000	0.9974	0.00260	0
405	E	0.00000	0.99994	0.00006	0
406	T	0.00000	0.99979	0.00021	0
407	T	0.00000	0.99813	0.00187	0
408	F	0.00000	0.99739	0.00261	0
409	Q	0.00000	0.93694	0.06306	0
410	T	0.00000	0.70474	0.29526	0
411	V	0.00000	0.24339	0.75661	0
412	S	0.00000	0.21069	0.78931	0
413	W	0.00000	0.04323	0.95677	0
414	H	0.00000	0.02332	0.97668	0
415	F	0.00000	9e-05	0.99991	0
416	C	0.00000	1e-05	0.99999	0
417	I	0.00000	0	1.00000	0
418	A	0.00000	0	1.00000	0
419	L	0.00000	0	1.00000	0
420	G	0.00000	0	1.00000	0
421	Y	0.00000	0	1.00000	0
422	T	0.00000	0	1.00000	0
423	N	0.00000	0	1.00000	0
424	S	0.00000	0	1.00000	0
425	C	0.00000	0	1.00000	0
426	L	0.00000	0	1.00000	0
427	N	0.00000	0	1.00000	0
428	P	0.00001	0	0.99999	0
429	V	0.00008	0	0.99992	0
430	L	0.00099	0	0.99901	0
431	Y	0.00988	0	0.99012	0
432	A	0.10409	0	0.89591	0
433	F	0.35251	0	0.64749	0
434	L	0.80799	0	0.19201	0
435	D	0.99736	0	0.00264	0
436	E	1.00000	0	0.00000	0
437	N	1.00000	0	0.00000	0
438	F	1.00000	0	0.00000	0
439	K	1.00000	0	0.00000	0
440	R	1.00000	0	0.00000	0
441	C	1.00000	0	0.00000	0
442	F	1.00000	0	0.00000	0
443	R	1.00000	0	0.00000	0
444	E	1.00000	0	0.00000	0
445	F	1.00000	0	0.00000	0
446	C	1.00000	0	0.00000	0
447	I	1.00000	0	0.00000	0
448	P	1.00000	0	0.00000	0
449	T	1.00000	0	0.00000	0
450	S	1.00000	0	0.00000	0
451	S	1.00000	0	0.00000	0
452	N	1.00000	0	0.00000	0
453	I	1.00000	0	0.00000	0
454	E	1.00000	0	0.00000	0
455	Q	1.00000	0	0.00000	0
456	Q	1.00000	0	0.00000	0
457	N	1.00000	0	0.00000	0
458	S	1.00000	0	0.00000	0
459	T	1.00000	0	0.00000	0
460	R	1.00000	0	0.00000	0
461	I	1.00000	0	0.00000	0
462	R	1.00000	0	0.00000	0
463	Q	1.00000	0	0.00000	0
464	N	1.00000	0	0.00000	0
465	T	1.00000	0	0.00000	0
466	R	1.00000	0	0.00000	0
467	D	1.00000	0	0.00000	0
468	H	1.00000	0	0.00000	0
469	P	1.00000	0	0.00000	0
470	S	1.00000	0	0.00000	0
471	T	1.00000	0	0.00000	0
472	A	1.00000	0	0.00000	0
473	N	1.00000	0	0.00000	0
474	T	1.00000	0	0.00000	0
475	V	1.00000	0	0.00000	0
476	D	1.00000	0	0.00000	0
477	R	1.00000	0	0.00000	0
478	T	1.00000	0	0.00000	0
479	N	1.00000	0	0.00000	0
480	H	1.00000	0	0.00000	0
481	Q	1.00000	0	0.00000	0
482	L	1.00000	0	0.00000	0
483	E	1.00000	0	0.00000	0
484	N	1.00000	0	0.00000	0
485	L	1.00000	0	0.00000	0
486	E	1.00000	0	0.00000	0
487	A	1.00000	0	0.00000	0
488	E	1.00000	0	0.00000	0
489	T	1.00000	0	0.00000	0
490	A	1.00000	0	0.00000	0
491	P	1.00000	0	0.00000	0
492	L	1.00000	0	0.00000	0
493	P	1.00000	0	0.00000	0
