# UNNAMED
#pos	aa	i	o	M	S
1	M	0.00000	1	0.00000	0
2	E	0.00000	1	0.00000	0
3	T	0.00000	1	0.00000	0
4	T	0.00000	1	0.00000	0
5	M	0.00000	1	0.00000	0
6	G	0.00000	1	0.00000	0
7	F	0.00000	1	0.00000	0
8	M	0.00000	1	0.00000	0
9	D	0.00000	1	0.00000	0
10	D	0.00000	1	0.00000	0
11	N	0.00000	1	0.00000	0
12	A	0.00000	1	0.00000	0
13	T	0.00000	1	0.00000	0
14	N	0.00000	1	0.00000	0
15	T	0.00000	1	0.00000	0
16	S	0.00000	1	0.00000	0
17	T	0.00000	1	0.00000	0
18	S	0.00000	1	0.00000	0
19	F	0.00000	1	0.00000	0
20	L	0.00000	1	0.00000	0
21	S	0.00000	1	0.00000	0
22	V	0.00000	1	0.00000	0
23	L	0.00000	1	0.00000	0
24	N	0.00000	1	0.00000	0
25	P	0.00000	1	0.00000	0
26	H	0.00000	1	0.00000	0
27	G	0.00000	1	0.00000	0
28	A	0.00000	1	0.00000	0
29	H	0.00000	1	0.00000	0
30	A	0.00000	1	0.00000	0
31	T	0.00000	1	0.00000	0
32	S	0.00000	1	0.00000	0
33	F	0.00000	1	0.00000	0
34	P	0.00000	1	0.00000	0
35	F	0.00000	1	0.00000	0
36	N	0.00000	1	0.00000	0
37	F	0.00000	1	0.00000	0
38	S	0.00000	1	0.00000	0
39	Y	0.00000	1	0.00000	0
40	S	0.00000	1	0.00000	0
41	D	0.00000	1	0.00000	0
42	Y	0.00000	1	0.00000	0
43	D	0.00000	1	0.00000	0
44	M	0.00000	1	0.00000	0
45	P	0.00000	1	0.00000	0
46	L	0.00000	1	0.00000	0
47	D	0.00000	1	0.00000	0
48	E	0.00000	1	0.00000	0
49	D	0.00000	1	0.00000	0
50	E	0.00000	1	0.00000	0
51	D	0.00000	1	0.00000	0
52	V	0.00000	1	0.00000	0
53	T	0.00000	1	0.00000	0
54	N	0.00000	1	0.00000	0
55	S	0.00000	0.99999	0.00001	0
56	R	0.00000	0.99996	0.00004	0
57	T	0.00000	0.99782	0.00218	0
58	F	0.00000	0.9727	0.02730	0
59	F	0.00000	0.94734	0.05266	0
60	A	0.00000	0.93421	0.06579	0
61	A	0.00000	0.89706	0.10294	0
62	K	0.00000	0.87702	0.12298	0
63	I	0.00000	0.15842	0.84158	0
64	V	0.00000	0.05073	0.94927	0
65	I	0.00000	0.02238	0.97762	0
66	G	0.00000	0.01796	0.98204	0
67	M	0.00000	0.0151	0.98490	0
68	A	0.00000	0.0029	0.99710	0
69	L	0.00000	0.00032	0.99968	0
70	V	0.00000	3e-05	0.99997	0
71	G	0.00000	0	1.00000	0
72	I	0.00000	0	1.00000	0
73	M	0.00000	0	1.00000	0
74	L	0.00000	0	1.00000	0
75	V	0.00000	0	1.00000	0
76	C	0.00000	0	1.00000	0
77	G	0.00000	0	1.00000	0
78	I	0.00000	0	1.00000	0
79	G	0.00000	0	1.00000	0
80	N	0.00000	0	1.00000	0
81	F	0.00000	0	1.00000	0
82	I	0.00000	0	1.00000	0
83	F	0.00004	0	0.99996	0
84	I	0.00038	0	0.99962	0
85	A	0.01919	0	0.98081	0
86	A	0.17922	0	0.82078	0
87	L	0.33386	0	0.66614	0
88	V	0.60518	0	0.39482	0
89	R	0.98495	0	0.01505	0
90	Y	0.99090	0	0.00910	0
91	K	0.99988	0	0.00012	0
92	K	0.99999	0	0.00001	0
93	L	0.99961	0	0.00039	0
94	R	0.99888	0	0.00112	0
95	N	0.85635	0	0.14365	0
96	L	0.74747	0	0.25253	0
97	T	0.69177	0	0.30823	0
98	N	0.59959	0	0.40041	0
99	L	0.12354	0	0.87646	0
100	L	0.00190	0	0.99810	0
101	I	0.00014	0	0.99986	0
102	A	0.00001	0	0.99999	0
103	N	0.00000	0	1.00000	0
104	L	0.00000	0	1.00000	0
105	A	0.00000	0	1.00000	0
106	I	0.00000	0	1.00000	0
107	S	0.00000	0	1.00000	0
108	D	0.00000	0	1.00000	0
109	F	0.00000	0	1.00000	0
110	L	0.00000	0	1.00000	0
111	V	0.00000	0	1.00000	0
112	A	0.00000	0	1.00000	0
113	I	0.00000	5e-05	0.99995	0
114	V	0.00000	0.01746	0.98254	0
115	C	0.00000	0.19967	0.80033	0
116	C	0.00000	0.20198	0.79802	0
117	P	0.00000	0.20199	0.79801	0
118	F	0.00000	0.20205	0.79795	0
119	E	0.00000	0.20228	0.79772	0
120	M	0.00000	0.2023	0.79770	0
121	D	0.00000	0.23809	0.76191	0
122	Y	0.00000	0.99955	0.00045	0
123	Y	0.00000	0.99976	0.00024	0
124	V	0.00000	0.9998	0.00020	0
125	V	0.00000	0.99987	0.00013	0
126	R	0.00000	0.99995	0.00005	0
127	Q	0.00000	0.99999	0.00001	0
128	L	0.00000	0.99999	0.00001	0
129	S	0.00000	1	0.00000	0
130	W	0.00000	1	0.00000	0
131	E	0.00000	1	0.00000	0
132	H	0.00000	1	0.00000	0
133	G	0.00000	1	0.00000	0
134	H	0.00000	1	0.00000	0
135	V	0.00000	1	0.00000	0
136	L	0.00000	1	0.00000	0
137	C	0.00000	1	0.00000	0
138	T	0.00000	0.99999	0.00001	0
139	S	0.00000	0.99998	0.00002	0
140	V	0.00000	0.95744	0.04256	0
141	N	0.00000	0.95308	0.04692	0
142	Y	0.00000	0.09262	0.90738	0
143	L	0.00000	0.01774	0.98226	0
144	R	0.00000	0.01141	0.98859	0
145	T	0.00000	0.00531	0.99469	0
146	V	0.00000	2e-05	0.99998	0
147	S	0.00000	0	1.00000	0
148	L	0.00000	0	1.00000	0
149	Y	0.00000	0	1.00000	0
150	V	0.00000	0	1.00000	0
151	S	0.00000	0	1.00000	0
152	T	0.00000	0	1.00000	0
153	N	0.00000	0	1.00000	0
154	A	0.00000	0	1.00000	0
155	L	0.00000	0	1.00000	0
156	L	0.00000	0	1.00000	0
157	A	0.00000	0	1.00000	0
158	I	0.00000	0	1.00000	0
159	A	0.00000	0	1.00000	0
160	I	0.00000	0	1.00000	0
161	D	0.00001	0	0.99999	0
162	R	0.00684	0	0.99316	0
163	Y	0.31870	0	0.68130	0
164	L	0.78134	0	0.21866	0
165	A	0.95966	0	0.04034	0
166	I	0.99996	0	0.00004	0
167	V	1.00000	0	0.00000	0
168	H	1.00000	0	0.00000	0
169	P	1.00000	0	0.00000	0
170	L	1.00000	0	0.00000	0
171	R	1.00000	0	0.00000	0
172	P	1.00000	0	0.00000	0
173	R	1.00000	0	0.00000	0
174	M	1.00000	0	0.00000	0
175	K	0.99995	0	0.00005	0
176	C	0.99423	0	0.00577	0
177	Q	0.99419	0	0.00581	0
178	T	0.98914	0	0.01086	0
179	A	0.97078	0	0.02922	0
180	T	0.95418	0	0.04582	0
181	G	0.92786	0	0.07214	0
182	L	0.03729	0	0.96271	0
183	I	0.00027	0	0.99973	0
184	A	0.00010	0	0.99990	0
185	L	0.00001	0	0.99999	0
186	V	0.00000	0	1.00000	0
187	W	0.00000	0	1.00000	0
188	T	0.00000	0	1.00000	0
189	V	0.00000	0	1.00000	0
190	S	0.00000	0	1.00000	0
191	I	0.00000	0	1.00000	0
192	L	0.00000	0	1.00000	0
193	I	0.00000	0	1.00000	0
194	A	0.00000	0	1.00000	0
195	I	0.00000	3e-05	0.99997	0
196	P	0.00000	0.00161	0.99839	0
197	S	0.00000	0.00322	0.99678	0
198	A	0.00000	0.00415	0.99585	0
199	Y	0.00000	0.00708	0.99292	0
200	F	0.00000	0.01023	0.98977	0
201	T	0.00000	0.04989	0.95011	0
202	T	0.00000	0.35043	0.64957	0
203	E	0.00000	0.98133	0.01867	0
204	T	0.00000	0.99566	0.00434	0
205	V	0.00000	0.99697	0.00303	0
206	L	0.00000	0.99802	0.00198	0
207	V	0.00000	0.9992	0.00080	0
208	I	0.00000	0.99976	0.00024	0
209	V	0.00000	0.99994	0.00006	0
210	K	0.00000	1	0.00000	0
211	S	0.00000	1	0.00000	0
212	Q	0.00000	1	0.00000	0
213	E	0.00000	1	0.00000	0
214	K	0.00000	1	0.00000	0
215	I	0.00000	1	0.00000	0
216	F	0.00000	1	0.00000	0
217	C	0.00000	1	0.00000	0
218	G	0.00000	1	0.00000	0
219	Q	0.00000	1	0.00000	0
220	I	0.00000	1	0.00000	0
221	W	0.00000	1	0.00000	0
222	P	0.00000	1	0.00000	0
223	V	0.00000	1	0.00000	0
224	D	0.00000	1	0.00000	0
225	Q	0.00000	0.99702	0.00298	0
226	Q	0.00000	0.99584	0.00416	0
227	L	0.00000	0.98914	0.01086	0
228	Y	0.00000	0.98816	0.01184	0
229	Y	0.00000	0.98759	0.01241	0
230	K	0.00000	0.98655	0.01345	0
231	S	0.00000	0.93575	0.06425	0
232	Y	0.00000	0.85914	0.14086	0
233	F	0.00000	0.02184	0.97816	0
234	L	0.00000	0.02086	0.97914	0
235	F	0.00000	0	1.00000	0
236	I	0.00000	0	1.00000	0
237	F	0.00000	0	1.00000	0
238	G	0.00000	0	1.00000	0
239	I	0.00000	0	1.00000	0
240	E	0.00000	0	1.00000	0
241	F	0.00000	0	1.00000	0
242	V	0.00000	0	1.00000	0
243	G	0.00000	0	1.00000	0
244	P	0.00000	0	1.00000	0
245	V	0.00000	0	1.00000	0
246	V	0.00000	0	1.00000	0
247	T	0.00000	0	1.00000	0
248	M	0.00001	0	0.99999	0
249	T	0.00003	0	0.99997	0
250	L	0.00014	0	0.99986	0
251	C	0.00053	0	0.99947	0
252	Y	0.00159	0	0.99841	0
253	A	0.01735	0	0.98265	0
254	R	0.09485	0	0.90515	0
255	I	0.13645	0	0.86355	0
256	S	0.76102	0	0.23898	0
257	R	0.99677	0	0.00323	0
258	E	0.99980	0	0.00020	0
259	L	0.99986	0	0.00014	0
260	W	0.99987	0	0.00013	0
261	F	0.99988	0	0.00012	0
262	K	1.00000	0	0.00000	0
263	A	1.00000	0	0.00000	0
264	V	1.00000	0	0.00000	0
265	P	1.00000	0	0.00000	0
266	G	1.00000	0	0.00000	0
267	F	1.00000	0	0.00000	0
268	Q	1.00000	0	0.00000	0
269	T	1.00000	0	0.00000	0
270	E	1.00000	0	0.00000	0
271	Q	1.00000	0	0.00000	0
272	I	1.00000	0	0.00000	0
273	R	1.00000	0	0.00000	0
274	K	1.00000	0	0.00000	0
275	R	1.00000	0	0.00000	0
276	L	0.99996	0	0.00004	0
277	R	0.99975	0	0.00025	0
278	C	0.99820	0	0.00180	0
279	R	0.99817	0	0.00183	0
280	R	0.98628	0	0.01372	0
281	K	0.98528	0	0.01472	0
282	T	0.68729	0	0.31271	0
283	V	0.00314	0	0.99686	0
284	L	0.00114	0	0.99886	0
285	V	0.00104	0	0.99896	0
286	L	0.00005	0	0.99995	0
287	M	0.00002	0	0.99998	0
288	C	0.00000	0	1.00000	0
289	I	0.00000	0	1.00000	0
290	L	0.00000	0	1.00000	0
291	T	0.00000	0	1.00000	0
292	A	0.00000	0	1.00000	0
293	Y	0.00000	0	1.00000	0
294	V	0.00000	0	1.00000	0
295	L	0.00000	0	1.00000	0
296	C	0.00000	0	1.00000	0
297	W	0.00000	0	1.00000	0
298	A	0.00000	1e-05	0.99999	0
299	P	0.00000	1e-05	0.99999	0
300	F	0.00000	2e-05	0.99998	0
301	Y	0.00000	0.00011	0.99989	0
302	G	0.00000	0.00342	0.99658	0
303	F	0.00000	0.00773	0.99227	0
304	T	0.00000	0.04906	0.95094	0
305	I	0.00000	0.14835	0.85165	0
306	V	0.00000	0.59992	0.40008	0
307	R	0.00000	0.96311	0.03689	0
308	D	0.00000	0.99911	0.00089	0
309	F	0.00000	0.99917	0.00083	0
310	F	0.00000	0.99935	0.00065	0
311	P	0.00000	0.99988	0.00012	0
312	T	0.00000	0.99998	0.00002	0
313	V	0.00000	0.99998	0.00002	0
314	F	0.00000	0.99999	0.00001	0
315	V	0.00000	0.99999	0.00001	0
316	K	0.00000	1	0.00000	0
317	E	0.00000	0.99994	0.00006	0
318	K	0.00000	0.99943	0.00057	0
319	H	0.00000	0.99414	0.00586	0
320	Y	0.00000	0.96115	0.03885	0
321	L	0.00000	0.83195	0.16805	0
322	T	0.00000	0.78547	0.21453	0
323	A	0.00000	0.62377	0.37623	0
324	F	0.00000	0.03425	0.96575	0
325	Y	0.00000	0.01104	0.98896	0
326	I	0.00000	0.00025	0.99975	0
327	V	0.00000	0	1.00000	0
328	E	0.00000	0	1.00000	0
329	C	0.00000	0	1.00000	0
330	I	0.00000	0	1.00000	0
331	A	0.00000	0	1.00000	0
332	M	0.00000	0	1.00000	0
333	S	0.00000	0	1.00000	0
334	N	0.00000	0	1.00000	0
335	S	0.00000	0	1.00000	0
336	M	0.00000	0	1.00000	0
337	I	0.00000	0	1.00000	0
338	N	0.00000	0	1.00000	0
339	T	0.00000	0	1.00000	0
340	L	0.00005	0	0.99995	0
341	C	0.00226	0	0.99774	0
342	F	0.00573	0	0.99427	0
343	V	0.01674	0	0.98326	0
344	T	0.17083	0	0.82917	0
345	V	0.58616	0	0.41384	0
346	K	1.00000	0	0.00000	0
347	N	1.00000	0	0.00000	0
348	D	1.00000	0	0.00000	0
349	T	1.00000	0	0.00000	0
350	V	1.00000	0	0.00000	0
351	K	1.00000	0	0.00000	0
352	Y	1.00000	0	0.00000	0
353	F	1.00000	0	0.00000	0
354	K	1.00000	0	0.00000	0
355	K	1.00000	0	0.00000	0
356	I	1.00000	0	0.00000	0
357	M	1.00000	0	0.00000	0
358	L	1.00000	0	0.00000	0
359	L	1.00000	0	0.00000	0
360	H	1.00000	0	0.00000	0
361	W	1.00000	0	0.00000	0
362	K	1.00000	0	0.00000	0
363	A	1.00000	0	0.00000	0
364	S	1.00000	0	0.00000	0
365	Y	1.00000	0	0.00000	0
366	N	1.00000	0	0.00000	0
367	G	1.00000	0	0.00000	0
368	G	1.00000	0	0.00000	0
369	K	1.00000	0	0.00000	0
370	S	1.00000	0	0.00000	0
371	S	1.00000	0	0.00000	0
372	A	1.00000	0	0.00000	0
373	D	1.00000	0	0.00000	0
374	L	1.00000	0	0.00000	0
375	D	1.00000	0	0.00000	0
376	L	1.00000	0	0.00000	0
377	K	1.00000	0	0.00000	0
378	T	1.00000	0	0.00000	0
379	I	1.00000	0	0.00000	0
380	G	1.00000	0	0.00000	0
381	M	1.00000	0	0.00000	0
382	P	1.00000	0	0.00000	0
383	A	1.00000	0	0.00000	0
384	T	1.00000	0	0.00000	0
385	E	1.00000	0	0.00000	0
386	E	1.00000	0	0.00000	0
387	V	1.00000	0	0.00000	0
388	D	1.00000	0	0.00000	0
389	C	1.00000	0	0.00000	0
390	I	1.00000	0	0.00000	0
391	R	1.00000	0	0.00000	0
392	L	1.00000	0	0.00000	0
393	K	1.00000	0	0.00000	0
