# UNNAMED
#pos	aa	i	o	M	S
1	M	0.00000	0.00045	0.00000	0.99955
2	G	0.00000	0.00045	0.00000	0.99955
3	W	0.00000	0.00045	0.00000	0.99955
4	L	0.00000	0.00045	0.00000	0.99955
5	C	0.00000	0.00045	0.00000	0.99955
6	S	0.00000	0.00045	0.00000	0.99955
7	G	0.00000	0.00045	0.00000	0.99955
8	L	0.00000	0.00045	0.00000	0.99955
9	L	0.00000	0.00045	0.00000	0.99955
10	F	0.00000	0.00045	0.00000	0.99955
11	P	0.00000	0.00045	0.00000	0.99956
12	V	0.00000	0.00045	0.00000	0.99955
13	S	0.00000	0.00045	0.00000	0.99955
14	C	0.00000	0.00045	0.00000	0.99955
15	L	0.00000	0.00342	0.00000	0.99658
16	V	0.00000	0.00391	0.00000	0.99609
17	L	0.00000	0.00391	0.00000	0.99608
18	L	0.00000	0.00391	0.00000	0.99608
19	Q	0.00000	0.00829	0.00000	0.99171
20	V	0.00000	0.00969	0.00000	0.99031
21	A	0.00000	0.00969	0.00000	0.99031
22	S	0.00000	0.00969	0.00000	0.99031
23	S	0.00000	0.49261	0.00000	0.50739
24	G	0.00000	0.91101	0.00000	0.08899
25	N	0.00000	0.99995	0.00000	5e-05
26	M	0.00000	0.99995	0.00000	5e-05
27	K	0.00000	0.99995	0.00000	5e-05
28	V	0.00000	0.99994	0.00000	5e-05
29	L	0.00000	0.99995	0.00000	5e-05
30	Q	0.00000	0.99995	0.00000	5e-05
31	E	0.00000	1	0.00000	0
32	P	0.00000	1	0.00000	0
33	T	0.00000	1	0.00000	0
34	C	0.00000	1	0.00000	0
35	V	0.00000	1	0.00000	0
36	S	0.00000	1	0.00000	0
37	D	0.00000	1	0.00000	0
38	Y	0.00000	1	0.00000	0
39	M	0.00000	1	0.00000	0
40	S	0.00000	1	0.00000	0
41	I	0.00000	1	0.00000	0
42	S	0.00000	1	0.00000	0
43	T	0.00000	1	0.00000	0
44	C	0.00000	1	0.00000	0
45	E	0.00000	1	0.00000	0
46	W	0.00000	1	0.00000	0
47	K	0.00000	1	0.00000	0
48	M	0.00000	0.99996	0.00004	0
49	N	0.00000	0.99995	0.00005	0
50	G	0.00000	0.9999	0.00010	0
51	P	0.00000	0.99983	0.00017	0
52	T	0.00000	0.99935	0.00065	0
53	N	0.00000	0.99924	0.00076	0
54	C	0.00000	0.99751	0.00249	0
55	S	0.00000	0.95646	0.04354	0
56	T	0.00000	0.91187	0.08813	0
57	E	0.00000	0.9055	0.09450	0
58	L	0.00000	0.05376	0.94624	0
59	R	0.00000	0.01913	0.98087	0
60	L	0.00000	0.01226	0.98774	0
61	L	0.00000	0.01077	0.98923	0
62	Y	0.00000	0.00828	0.99172	0
63	Q	0.00000	0.00753	0.99247	0
64	L	0.00000	0.00371	0.99629	0
65	V	0.00000	0.00246	0.99754	0
66	F	0.00000	0.00233	0.99767	0
67	L	0.00000	0.0023	0.99770	0
68	L	0.00000	0.00195	0.99805	0
69	S	0.00000	0.0017	0.99829	0
70	E	0.00001	0.00165	0.99834	0
71	A	0.00001	0.00078	0.99921	0
72	H	0.00001	0.00033	0.99966	0
73	T	0.00002	0.00032	0.99966	0
74	C	0.00003	0.00032	0.99965	0
75	I	0.00061	0.00032	0.99907	0
76	P	0.62636	0.00032	0.37332	0
77	E	0.98103	0.00032	0.01866	0
78	N	0.98434	0.00032	0.01534	0
79	N	0.98639	0.00032	0.01330	0
80	G	0.98666	0.00032	0.01302	0
81	G	0.98671	0.00032	0.01297	0
82	A	0.98672	0.00032	0.01296	0
83	G	0.98286	0.00032	0.01682	0
84	C	0.89946	0.00032	0.10022	0
85	V	0.73225	0.00032	0.26743	0
86	C	0.11040	0.00032	0.88928	0
87	H	0.01059	0.00032	0.98909	0
88	L	0.00326	0.00032	0.99642	0
89	L	0.00671	0.00032	0.99297	0
90	M	0.01134	0.00032	0.98834	0
91	D	0.01290	0.00032	0.98678	0
92	D	0.01290	0.00032	0.98678	0
93	V	0.01286	0.00032	0.98682	0
94	V	0.01272	0.00032	0.98696	0
95	S	0.01195	0.00032	0.98774	0
96	A	0.01006	0.00032	0.98962	0
97	D	0.00298	0.00032	0.99671	0
98	N	0.00029	0.00032	0.99939	0
99	Y	0.00006	0.00032	0.99963	0
100	T	0.00001	0.00032	0.99968	0
101	L	0.00000	0.00032	0.99968	0
102	D	0.00000	0.00033	0.99967	0
103	L	0.00000	0.00038	0.99962	0
104	W	0.00000	0.00224	0.99776	0
105	A	0.00000	0.01258	0.98742	0
106	G	0.00000	0.05552	0.94448	0
107	Q	0.00000	0.14444	0.85556	0
108	Q	0.00000	0.4533	0.54670	0
109	L	0.00000	0.65622	0.34378	0
110	L	0.00000	0.69991	0.30009	0
111	W	0.00000	0.87617	0.12383	0
112	K	0.00000	0.98306	0.01694	0
113	G	0.00000	0.98672	0.01328	0
114	S	0.00000	0.98713	0.01286	0
115	F	0.00000	0.98743	0.01256	0
116	K	0.00000	0.99821	0.00179	0
117	P	0.00000	0.99951	0.00049	0
118	S	0.00000	0.99987	0.00013	0
119	E	0.00000	0.99995	0.00005	0
120	H	0.00000	0.99971	0.00029	0
121	V	0.00000	0.99965	0.00035	0
122	K	0.00000	0.99964	0.00036	0
123	P	0.00000	0.9995	0.00050	0
124	R	0.00000	0.99948	0.00051	0
125	A	0.00000	0.99941	0.00059	0
126	P	0.00000	0.9994	0.00060	0
127	G	0.00000	0.99938	0.00062	0
128	N	0.00000	0.99891	0.00109	0
129	L	0.00000	0.95592	0.04408	0
130	T	0.00000	0.95514	0.04486	0
131	V	0.00000	0.94696	0.05304	0
132	H	0.00000	0.94632	0.05368	0
133	T	0.00000	0.86174	0.13826	0
134	N	0.00000	0.82441	0.17559	0
135	V	0.00000	0.04822	0.95178	0
136	S	0.00000	0.02642	0.97358	0
137	D	0.00000	0.01137	0.98863	0
138	T	0.00000	0.00285	0.99715	0
139	L	0.00000	0.00148	0.99852	0
140	L	0.00004	0.00146	0.99850	0
141	L	0.00023	0.00146	0.99831	0
142	T	0.00036	0.00146	0.99818	0
143	W	0.00038	0.00146	0.99816	0
144	S	0.00055	0.00146	0.99799	0
145	N	0.00060	0.00146	0.99794	0
146	P	0.00061	0.00146	0.99793	0
147	Y	0.00061	0.00146	0.99793	0
148	P	0.00065	0.00146	0.99789	0
149	P	0.00065	0.00146	0.99789	0
150	D	0.00065	0.00145	0.99790	0
151	N	0.00064	0.00145	0.99791	0
152	Y	0.00048	0.00093	0.99859	0
153	L	0.00035	0.0006	0.99905	0
154	Y	0.00034	0.00057	0.99909	0
155	N	0.89808	0.00054	0.10139	0
156	H	0.90136	7e-05	0.09857	0
157	L	0.94317	1e-05	0.05682	0
158	T	0.95628	1e-05	0.04371	0
159	Y	0.99503	1e-05	0.00496	0
160	A	0.99690	1e-05	0.00308	0
161	V	0.99789	1e-05	0.00210	0
162	N	0.99789	1e-05	0.00210	0
163	I	0.99789	1e-05	0.00210	0
164	W	0.99789	1e-05	0.00210	0
165	S	0.99789	1e-05	0.00210	0
166	E	0.99789	1e-05	0.00210	0
167	N	0.99789	1e-05	0.00210	0
168	D	0.99789	1e-05	0.00210	0
169	P	0.99602	1e-05	0.00397	0
170	A	0.96747	0	0.03253	0
171	D	0.92213	2e-05	0.07786	0
172	F	0.16360	2e-05	0.83638	0
173	R	0.14578	0.00012	0.85410	0
174	I	0.06793	0.00032	0.93175	0
175	Y	0.03246	0.00032	0.96722	0
176	N	0.02628	0.00034	0.97338	0
177	V	0.00184	0.00038	0.99778	0
178	T	0.00155	0.00061	0.99784	0
179	Y	0.00152	0.00062	0.99786	0
180	L	0.00151	0.00063	0.99786	0
181	E	0.00149	0.00065	0.99786	0
182	P	0.00147	0.00065	0.99788	0
183	S	0.00144	0.00065	0.99791	0
184	L	0.00144	0.00065	0.99791	0
185	R	0.00144	0.00065	0.99791	0
186	I	0.00143	0.00065	0.99792	0
187	A	0.00143	0.00065	0.99792	0
188	A	0.00142	0.00067	0.99791	0
189	S	0.00142	0.00451	0.99407	0
190	T	0.00142	0.03469	0.96389	0
191	L	0.00142	0.04921	0.94937	0
192	K	0.00142	0.8223	0.17628	0
193	S	0.00139	0.84345	0.15516	0
194	G	0.00047	0.85967	0.13986	0
195	I	0.00035	0.87415	0.12549	0
196	S	0.00028	0.94131	0.05842	0
197	Y	0.00022	0.9696	0.03018	0
198	R	0.00014	0.99316	0.00670	0
199	A	0.00001	0.99451	0.00548	0
200	R	0.00001	0.99804	0.00195	0
201	V	0.00000	0.9981	0.00190	0
202	R	0.00000	0.99821	0.00179	0
203	A	0.00000	0.99822	0.00178	0
204	W	0.00000	0.99822	0.00178	0
205	A	0.00000	0.99822	0.00178	0
206	Q	0.00000	0.99823	0.00177	0
207	C	0.00000	0.99824	0.00176	0
208	Y	0.00000	0.99824	0.00176	0
209	N	0.00000	0.99824	0.00175	0
210	T	0.00000	0.99824	0.00175	0
211	T	0.00000	0.99824	0.00175	0
212	W	0.00000	0.99825	0.00175	0
213	S	0.00000	0.99864	0.00136	0
214	E	0.00000	0.9992	0.00080	0
215	W	0.00000	0.99924	0.00075	0
216	S	0.00001	0.99934	0.00064	0
217	P	0.00030	0.99944	0.00027	0
218	S	0.00030	0.99951	0.00019	0
219	T	0.00030	0.99962	0.00008	0
220	K	0.00030	0.99967	0.00003	0
221	W	0.00030	0.99967	0.00003	0
222	H	0.00030	0.99967	0.00003	0
223	N	0.00033	0.99967	0.00000	0
224	S	0.00033	0.99967	0.00000	0
225	Y	0.00033	0.99967	0.00000	0
226	R	0.00033	0.99967	0.00000	0
227	E	0.00033	0.9996	0.00007	0
228	P	0.00033	0.99946	0.00021	0
229	F	0.00033	0.99876	0.00091	0
230	E	0.00033	0.99857	0.00109	0
231	Q	0.00033	0.72393	0.27574	0
232	H	0.00032	0.64119	0.35849	0
233	L	0.00013	0.0095	0.99037	0
234	L	0.00008	0.00191	0.99800	0
235	L	0.00002	2e-05	0.99996	0
236	G	0.00001	0	0.99999	0
237	V	0.00000	0	1.00000	0
238	S	0.00000	0	1.00000	0
239	V	0.00000	0	1.00000	0
240	S	0.00000	0	1.00000	0
241	C	0.00000	0	1.00000	0
242	I	0.00000	0	1.00000	0
243	V	0.00000	0	1.00000	0
244	I	0.00000	0	1.00000	0
245	L	0.00000	0	1.00000	0
246	A	0.00000	0	1.00000	0
247	V	0.00000	0	1.00000	0
248	C	0.00000	0	1.00000	0
249	L	0.00000	0	1.00000	0
250	L	0.00000	0	1.00000	0
251	C	0.00000	0	1.00000	0
252	Y	0.00009	0	0.99991	0
253	V	0.00425	0	0.99575	0
254	S	0.09068	5e-05	0.90927	0
255	I	0.13818	8e-05	0.86174	0
256	T	0.67278	0.00015	0.32707	0
257	K	0.98622	0.00033	0.01344	0
258	I	0.98911	0.00033	0.01055	0
259	K	0.99901	0.00033	0.00066	0
260	K	0.99966	0.00032	0.00002	0
261	E	0.99967	0.00032	0.00001	0
262	W	0.99967	0.00032	0.00002	0
263	W	0.99967	0.00032	0.00002	0
264	D	0.99967	0.00032	0.00001	0
265	Q	0.99967	0.00032	0.00001	0
266	I	0.99967	0.00032	0.00002	0
267	P	0.99967	0.00032	0.00002	0
268	N	0.99961	0.00032	0.00007	0
269	P	0.99956	0.00032	0.00012	0
270	A	0.98590	0.00032	0.01378	0
271	R	0.98564	0.00032	0.01404	0
272	S	0.98562	0.00032	0.01407	0
273	R	0.98560	0.00032	0.01408	0
274	L	0.98559	0.00032	0.01409	0
275	V	0.98531	0.00032	0.01437	0
276	A	0.98531	0.00032	0.01437	0
277	I	0.98531	0.00032	0.01437	0
278	I	0.98531	0.00032	0.01437	0
279	I	0.98531	0.00032	0.01437	0
280	Q	0.98532	0.00032	0.01436	0
281	D	0.98533	0.00032	0.01436	0
282	A	0.98533	0.00032	0.01436	0
283	Q	0.98533	0.00032	0.01436	0
284	G	0.98533	0.00032	0.01436	0
285	S	0.98533	0.00032	0.01436	0
286	Q	0.98533	0.00032	0.01436	0
287	W	0.98533	0.00032	0.01435	0
288	E	0.98533	0.00561	0.00907	0
289	K	0.98422	0.01124	0.00455	0
290	R	0.98421	0.01319	0.00260	0
291	S	0.98421	0.0139	0.00189	0
292	R	0.98421	0.01432	0.00147	0
293	G	0.98421	0.01426	0.00154	0
294	Q	0.98421	0.01127	0.00452	0
295	E	0.98421	0.01047	0.00532	0
296	P	0.91346	0.01038	0.07616	0
297	A	0.90343	0.01037	0.08620	0
298	K	0.87708	0.01028	0.11264	0
299	C	0.87474	0.01026	0.11500	0
300	P	0.87395	0.01026	0.11578	0
301	H	0.87395	0.01026	0.11579	0
302	W	0.87193	0.01026	0.11781	0
303	K	0.87188	0.01026	0.11786	0
304	N	0.87188	0.01026	0.11786	0
305	C	0.87188	0.01026	0.11786	0
306	L	0.87188	0.01026	0.11786	0
307	T	0.87188	0.01026	0.11786	0
308	K	0.87188	0.01026	0.11786	0
309	L	0.87188	0.01026	0.11786	0
310	L	0.87188	0.01027	0.11786	0
311	P	0.87188	0.01072	0.11740	0
312	C	0.87188	0.01094	0.11719	0
313	F	0.87188	0.01097	0.11716	0
314	L	0.87222	0.01107	0.11671	0
315	E	0.87608	0.01349	0.11043	0
316	H	0.87608	0.0143	0.10962	0
317	N	0.87612	0.01714	0.10674	0
318	M	0.87614	0.02614	0.09772	0
319	K	0.87625	0.11983	0.00392	0
320	R	0.87628	0.12215	0.00157	0
321	D	0.87629	0.12371	0.00001	0
322	E	0.87629	0.1237	0.00001	0
323	D	0.87629	0.12369	0.00003	0
324	P	0.87629	0.12348	0.00024	0
325	H	0.87628	0.09994	0.02377	0
326	K	0.87628	0.03883	0.08489	0
327	A	0.87628	0.01799	0.10573	0
328	A	0.87628	0.01794	0.10578	0
329	K	0.87628	0.01785	0.10587	0
330	E	0.87628	0.01648	0.10724	0
331	M	0.87362	0.01566	0.11073	0
332	P	0.87335	0.01564	0.11101	0
333	F	0.86602	0.01563	0.11835	0
334	Q	0.80742	0.0156	0.17698	0
335	G	0.71451	0.01559	0.26990	0
336	S	0.60948	0.01559	0.37493	0
337	G	0.09199	0.01474	0.89326	0
338	K	0.03786	0.01191	0.95023	0
339	S	0.03519	0.0105	0.95431	0
340	A	0.03485	0.00361	0.96154	0
341	W	0.03485	6e-05	0.96510	0
342	C	0.03485	3e-05	0.96512	0
343	P	0.03485	3e-05	0.96513	0
344	V	0.03535	3e-05	0.96462	0
345	E	0.14032	3e-05	0.85965	0
346	I	0.13064	3e-05	0.86934	0
347	S	0.11846	3e-05	0.88151	0
348	K	0.10971	3e-05	0.89025	0
349	T	0.10968	3e-05	0.89029	0
350	V	0.10968	3e-05	0.89029	0
351	L	0.10968	5e-05	0.89028	0
352	W	0.10968	0.0005	0.88982	0
353	P	0.10968	0.00497	0.88535	0
354	E	0.11229	0.01218	0.87553	0
355	S	0.11229	0.01329	0.87442	0
356	I	0.11229	0.01531	0.87240	0
357	S	0.11229	0.03304	0.85467	0
358	V	0.11229	0.05288	0.83484	0
359	V	0.11229	0.25576	0.63195	0
360	R	0.12780	0.77527	0.09694	0
361	C	0.12780	0.81953	0.05268	0
362	V	0.12780	0.82479	0.04742	0
363	E	0.12784	0.83973	0.03243	0
364	L	0.12784	0.84011	0.03205	0
365	F	0.12785	0.84145	0.03070	0
366	E	0.12785	0.84196	0.03019	0
367	A	0.12785	0.84269	0.02946	0
368	P	0.12785	0.85031	0.02184	0
369	V	0.12785	0.85429	0.01786	0
370	E	0.12785	0.87145	0.00070	0
371	C	0.12785	0.87209	0.00005	0
372	E	0.12785	0.87214	0.00000	0
373	E	0.12785	0.87214	0.00000	0
374	E	0.12785	0.87215	0.00000	0
375	E	0.12785	0.87215	0.00000	0
376	E	0.12785	0.87215	0.00000	0
377	V	0.12785	0.87215	0.00000	0
378	E	0.12785	0.87215	0.00000	0
379	E	0.12785	0.87215	0.00000	0
380	E	0.12785	0.87215	0.00000	0
381	K	0.12785	0.87215	0.00000	0
382	G	0.12785	0.87215	0.00000	0
383	S	0.12785	0.87215	0.00000	0
384	F	0.12785	0.87215	0.00000	0
385	C	0.12785	0.87215	0.00000	0
386	A	0.12785	0.87215	0.00000	0
387	S	0.12785	0.87215	0.00000	0
388	P	0.12785	0.87215	0.00000	0
389	E	0.12785	0.87215	0.00000	0
390	S	0.12785	0.87215	0.00000	0
391	S	0.12785	0.87215	0.00000	0
392	R	0.12785	0.87214	0.00000	0
393	D	0.12785	0.87214	0.00000	0
394	D	0.12785	0.87214	0.00001	0
395	F	0.12785	0.86312	0.00902	0
396	Q	0.12785	0.85172	0.02043	0
397	E	0.12785	0.85047	0.02167	0
398	G	0.12785	0.85	0.02214	0
399	R	0.12785	0.84979	0.02235	0
400	E	0.12785	0.84973	0.02241	0
401	G	0.12785	0.82464	0.04750	0
402	I	0.12780	0.26433	0.60787	0
403	V	0.12780	0.1186	0.75360	0
404	A	0.12780	0.01086	0.86135	0
405	R	0.12780	0.00964	0.86256	0
406	L	0.12780	0.00928	0.86292	0
407	T	0.12780	0.00928	0.86292	0
408	E	0.12780	0.00927	0.86293	0
409	S	0.12780	0.00927	0.86293	0
410	L	0.12780	0.00923	0.86298	0
411	F	0.12780	0.00919	0.86302	0
412	L	0.12780	0.00918	0.86302	0
413	D	0.12780	0.00918	0.86302	0
414	L	0.12784	0.00826	0.86390	0
415	L	0.12944	0.00814	0.86242	0
416	G	0.13242	0.00814	0.85943	0
417	E	0.15013	0.00814	0.84172	0
418	E	0.15013	0.00814	0.84173	0
419	N	0.15013	0.00814	0.84173	0
420	G	0.15013	0.00813	0.84173	0
421	G	0.15013	0.00806	0.84180	0
422	F	0.15013	0.00748	0.84238	0
423	C	0.15014	0.00676	0.84309	0
424	Q	0.93365	0.00651	0.05984	0
425	Q	0.98963	0.00198	0.00839	0
426	D	0.99060	0.00113	0.00827	0
427	M	0.99064	4e-05	0.00932	0
428	G	0.99065	2e-05	0.00933	0
429	E	0.99067	1e-05	0.00932	0
430	S	0.99067	1e-05	0.00932	0
431	C	0.99067	0	0.00933	0
432	L	0.99067	0	0.00933	0
433	L	0.99067	0	0.00933	0
434	P	0.99067	0	0.00933	0
435	P	0.99099	0	0.00901	0
436	S	0.99153	0	0.00847	0
437	G	0.99173	0	0.00827	0
438	S	0.99179	0	0.00821	0
439	T	0.99179	0	0.00821	0
440	S	0.99180	0	0.00820	0
441	A	0.99181	0	0.00819	0
442	H	0.99185	0	0.00815	0
443	M	0.99187	0	0.00813	0
444	P	0.99193	0	0.00807	0
445	W	0.99282	0	0.00718	0
446	D	0.99666	0	0.00334	0
447	E	0.99998	0	0.00002	0
448	F	0.99998	0	0.00002	0
449	P	0.99998	0	0.00002	0
450	S	0.99998	0	0.00002	0
451	A	0.99998	0	0.00002	0
452	G	0.99998	0	0.00002	0
453	P	1.00000	0	0.00000	0
454	K	1.00000	0	0.00000	0
455	E	1.00000	0	0.00000	0
456	A	1.00000	0	0.00000	0
457	P	1.00000	0	0.00000	0
458	P	1.00000	0	0.00000	0
459	W	1.00000	0	0.00000	0
460	G	1.00000	0	0.00000	0
461	K	1.00000	0	0.00000	0
462	E	1.00000	0	0.00000	0
463	Q	1.00000	0	0.00000	0
464	P	1.00000	0	0.00000	0
465	L	1.00000	0	0.00000	0
466	H	1.00000	0	0.00000	0
467	L	1.00000	0	0.00000	0
468	E	1.00000	0	0.00000	0
469	P	1.00000	0	0.00000	0
470	S	1.00000	0	0.00000	0
471	P	1.00000	0	0.00000	0
472	P	1.00000	0	0.00000	0
473	A	1.00000	0	0.00000	0
474	S	1.00000	0	0.00000	0
475	P	1.00000	0	0.00000	0
476	T	1.00000	0	0.00000	0
477	Q	1.00000	0	0.00000	0
478	S	1.00000	0	0.00000	0
479	P	1.00000	0	0.00000	0
480	D	1.00000	0	0.00000	0
481	N	1.00000	0	0.00000	0
482	L	1.00000	0	0.00000	0
483	T	1.00000	0	0.00000	0
484	C	1.00000	0	0.00000	0
485	T	1.00000	0	0.00000	0
486	E	1.00000	0	0.00000	0
487	T	1.00000	0	0.00000	0
488	P	1.00000	0	0.00000	0
489	L	1.00000	0	0.00000	0
490	V	1.00000	0	0.00000	0
491	I	1.00000	0	0.00000	0
492	A	1.00000	0	0.00000	0
493	G	1.00000	0	0.00000	0
494	N	1.00000	0	0.00000	0
495	P	1.00000	0	0.00000	0
496	A	1.00000	0	0.00000	0
497	Y	1.00000	0	0.00000	0
498	R	1.00000	0	0.00000	0
499	S	1.00000	0	0.00000	0
500	F	1.00000	0	0.00000	0
501	S	1.00000	0	0.00000	0
502	N	1.00000	0	0.00000	0
503	S	1.00000	0	0.00000	0
504	L	1.00000	0	0.00000	0
505	S	1.00000	0	0.00000	0
506	Q	1.00000	0	0.00000	0
507	S	1.00000	0	0.00000	0
508	P	1.00000	0	0.00000	0
509	C	1.00000	0	0.00000	0
510	P	1.00000	0	0.00000	0
511	R	1.00000	0	0.00000	0
512	E	1.00000	0	0.00000	0
513	L	1.00000	0	0.00000	0
514	G	1.00000	0	0.00000	0
515	P	1.00000	0	0.00000	0
516	D	1.00000	0	0.00000	0
517	P	1.00000	0	0.00000	0
518	L	1.00000	0	0.00000	0
519	L	1.00000	0	0.00000	0
520	A	1.00000	0	0.00000	0
521	R	1.00000	0	0.00000	0
522	H	1.00000	0	0.00000	0
523	L	1.00000	0	0.00000	0
524	E	1.00000	0	0.00000	0
525	E	1.00000	0	0.00000	0
526	V	1.00000	0	0.00000	0
527	E	1.00000	0	0.00000	0
528	P	1.00000	0	0.00000	0
529	E	1.00000	0	0.00000	0
530	M	1.00000	0	0.00000	0
531	P	1.00000	0	0.00000	0
532	C	1.00000	0	0.00000	0
533	V	1.00000	0	0.00000	0
534	P	1.00000	0	0.00000	0
535	Q	1.00000	0	0.00000	0
536	L	1.00000	0	0.00000	0
537	S	1.00000	0	0.00000	0
538	E	1.00000	0	0.00000	0
539	P	1.00000	0	0.00000	0
540	T	1.00000	0	0.00000	0
541	T	1.00000	0	0.00000	0
542	V	1.00000	0	0.00000	0
543	P	1.00000	0	0.00000	0
544	Q	1.00000	0	0.00000	0
545	P	1.00000	0	0.00000	0
546	E	1.00000	0	0.00000	0
547	P	1.00000	0	0.00000	0
548	E	1.00000	0	0.00000	0
549	T	1.00000	0	0.00000	0
550	W	1.00000	0	0.00000	0
551	E	1.00000	0	0.00000	0
552	Q	1.00000	0	0.00000	0
553	I	1.00000	0	0.00000	0
554	L	1.00000	0	0.00000	0
555	R	1.00000	0	0.00000	0
556	R	1.00000	0	0.00000	0
557	N	1.00000	0	0.00000	0
558	V	1.00000	0	0.00000	0
559	L	1.00000	0	0.00000	0
560	Q	1.00000	0	0.00000	0
561	H	1.00000	0	0.00000	0
562	G	1.00000	0	0.00000	0
563	A	1.00000	0	0.00000	0
564	A	1.00000	0	0.00000	0
565	A	1.00000	0	0.00000	0
566	A	1.00000	0	0.00000	0
567	P	1.00000	0	0.00000	0
568	V	1.00000	0	0.00000	0
569	S	1.00000	0	0.00000	0
570	A	1.00000	0	0.00000	0
571	P	1.00000	0	0.00000	0
572	T	1.00000	0	0.00000	0
573	S	1.00000	0	0.00000	0
574	G	1.00000	0	0.00000	0
575	Y	1.00000	0	0.00000	0
576	Q	1.00000	0	0.00000	0
577	E	1.00000	0	0.00000	0
578	F	1.00000	0	0.00000	0
579	V	1.00000	0	0.00000	0
580	H	1.00000	0	0.00000	0
581	A	1.00000	0	0.00000	0
582	V	1.00000	0	0.00000	0
583	E	1.00000	0	0.00000	0
584	Q	1.00000	0	0.00000	0
585	G	1.00000	0	0.00000	0
586	G	1.00000	0	0.00000	0
587	T	1.00000	0	0.00000	0
588	Q	1.00000	0	0.00000	0
589	A	1.00000	0	0.00000	0
590	S	1.00000	0	0.00000	0
591	A	1.00000	0	0.00000	0
592	V	1.00000	0	0.00000	0
593	V	1.00000	0	0.00000	0
594	G	1.00000	0	0.00000	0
595	L	1.00000	0	0.00000	0
596	G	1.00000	0	0.00000	0
597	P	1.00000	0	0.00000	0
598	P	1.00000	0	0.00000	0
599	G	1.00000	0	0.00000	0
600	E	1.00000	0	0.00000	0
601	A	1.00000	0	0.00000	0
602	G	1.00000	0	0.00000	0
603	Y	1.00000	0	0.00000	0
604	K	1.00000	0	0.00000	0
605	A	1.00000	0	0.00000	0
606	F	1.00000	0	0.00000	0
607	S	1.00000	0	0.00000	0
608	S	1.00000	0	0.00000	0
609	L	1.00000	0	0.00000	0
610	L	1.00000	0	0.00000	0
611	A	1.00000	0	0.00000	0
612	S	1.00000	0	0.00000	0
613	S	1.00000	0	0.00000	0
614	A	1.00000	0	0.00000	0
615	V	1.00000	0	0.00000	0
616	S	1.00000	0	0.00000	0
617	P	1.00000	0	0.00000	0
618	E	1.00000	0	0.00000	0
619	K	1.00000	0	0.00000	0
620	C	1.00000	0	0.00000	0
621	G	1.00000	0	0.00000	0
622	F	1.00000	0	0.00000	0
623	G	1.00000	0	0.00000	0
624	A	1.00000	0	0.00000	0
625	S	1.00000	0	0.00000	0
626	S	1.00000	0	0.00000	0
627	G	1.00000	0	0.00000	0
628	E	1.00000	0	0.00000	0
629	E	1.00000	0	0.00000	0
630	G	1.00000	0	0.00000	0
631	Y	1.00000	0	0.00000	0
632	K	1.00000	0	0.00000	0
633	P	1.00000	0	0.00000	0
634	F	1.00000	0	0.00000	0
635	Q	1.00000	0	0.00000	0
636	D	1.00000	0	0.00000	0
637	L	1.00000	0	0.00000	0
638	I	1.00000	0	0.00000	0
639	P	1.00000	0	0.00000	0
640	G	1.00000	0	0.00000	0
641	C	1.00000	0	0.00000	0
642	P	1.00000	0	0.00000	0
643	G	1.00000	0	0.00000	0
644	D	1.00000	0	0.00000	0
645	P	1.00000	0	0.00000	0
646	A	1.00000	0	0.00000	0
647	P	1.00000	0	0.00000	0
648	V	1.00000	0	0.00000	0
649	P	1.00000	0	0.00000	0
650	V	1.00000	0	0.00000	0
651	P	1.00000	0	0.00000	0
652	L	1.00000	0	0.00000	0
653	F	1.00000	0	0.00000	0
654	T	1.00000	0	0.00000	0
655	F	1.00000	0	0.00000	0
656	G	1.00000	0	0.00000	0
657	L	1.00000	0	0.00000	0
658	D	1.00000	0	0.00000	0
659	R	1.00000	0	0.00000	0
660	E	1.00000	0	0.00000	0
661	P	1.00000	0	0.00000	0
662	P	1.00000	0	0.00000	0
663	R	1.00000	0	0.00000	0
664	S	1.00000	0	0.00000	0
665	P	1.00000	0	0.00000	0
666	Q	1.00000	0	0.00000	0
667	S	1.00000	0	0.00000	0
668	S	1.00000	0	0.00000	0
669	H	1.00000	0	0.00000	0
670	L	1.00000	0	0.00000	0
671	P	1.00000	0	0.00000	0
672	S	1.00000	0	0.00000	0
673	S	1.00000	0	0.00000	0
674	S	1.00000	0	0.00000	0
675	P	1.00000	0	0.00000	0
676	E	1.00000	0	0.00000	0
677	H	1.00000	0	0.00000	0
678	L	1.00000	0	0.00000	0
679	G	1.00000	0	0.00000	0
680	L	1.00000	0	0.00000	0
681	E	1.00000	0	0.00000	0
682	P	1.00000	0	0.00000	0
683	G	1.00000	0	0.00000	0
684	E	1.00000	0	0.00000	0
685	K	1.00000	0	0.00000	0
686	V	1.00000	0	0.00000	0
687	E	1.00000	0	0.00000	0
688	D	1.00000	0	0.00000	0
689	M	1.00000	0	0.00000	0
690	P	1.00000	0	0.00000	0
691	K	1.00000	0	0.00000	0
692	P	1.00000	0	0.00000	0
693	P	1.00000	0	0.00000	0
694	L	1.00000	0	0.00000	0
695	P	1.00000	0	0.00000	0
696	Q	1.00000	0	0.00000	0
697	E	1.00000	0	0.00000	0
698	Q	1.00000	0	0.00000	0
699	A	1.00000	0	0.00000	0
700	T	1.00000	0	0.00000	0
701	D	1.00000	0	0.00000	0
702	P	1.00000	0	0.00000	0
703	L	1.00000	0	0.00000	0
704	V	1.00000	0	0.00000	0
705	D	1.00000	0	0.00000	0
706	S	1.00000	0	0.00000	0
707	L	1.00000	0	0.00000	0
708	G	1.00000	0	0.00000	0
709	S	1.00000	0	0.00000	0
710	G	1.00000	0	0.00000	0
711	I	1.00000	0	0.00000	0
712	V	1.00000	0	0.00000	0
713	Y	1.00000	0	0.00000	0
714	S	1.00000	0	0.00000	0
715	A	1.00000	0	0.00000	0
716	L	1.00000	0	0.00000	0
717	T	1.00000	0	0.00000	0
718	C	1.00000	0	0.00000	0
719	H	1.00000	0	0.00000	0
720	L	1.00000	0	0.00000	0
721	C	1.00000	0	0.00000	0
722	G	1.00000	0	0.00000	0
723	H	1.00000	0	0.00000	0
724	L	1.00000	0	0.00000	0
725	K	1.00000	0	0.00000	0
726	Q	1.00000	0	0.00000	0
727	C	1.00000	0	0.00000	0
728	H	1.00000	0	0.00000	0
729	G	1.00000	0	0.00000	0
730	Q	1.00000	0	0.00000	0
731	E	1.00000	0	0.00000	0
732	D	1.00000	0	0.00000	0
733	G	1.00000	0	0.00000	0
734	G	1.00000	0	0.00000	0
735	Q	1.00000	0	0.00000	0
736	T	1.00000	0	0.00000	0
737	P	1.00000	0	0.00000	0
738	V	1.00000	0	0.00000	0
739	M	1.00000	0	0.00000	0
740	A	1.00000	0	0.00000	0
741	S	1.00000	0	0.00000	0
742	P	1.00000	0	0.00000	0
743	C	1.00000	0	0.00000	0
744	C	1.00000	0	0.00000	0
745	G	1.00000	0	0.00000	0
746	C	1.00000	0	0.00000	0
747	C	1.00000	0	0.00000	0
748	C	1.00000	0	0.00000	0
749	G	1.00000	0	0.00000	0
750	D	1.00000	0	0.00000	0
751	R	1.00000	0	0.00000	0
752	S	1.00000	0	0.00000	0
753	S	1.00000	0	0.00000	0
754	P	1.00000	0	0.00000	0
755	P	1.00000	0	0.00000	0
756	T	1.00000	0	0.00000	0
757	T	1.00000	0	0.00000	0
758	P	1.00000	0	0.00000	0
759	L	1.00000	0	0.00000	0
760	R	1.00000	0	0.00000	0
761	A	1.00000	0	0.00000	0
762	P	1.00000	0	0.00000	0
763	D	1.00000	0	0.00000	0
764	P	1.00000	0	0.00000	0
765	S	1.00000	0	0.00000	0
766	P	1.00000	0	0.00000	0
767	G	1.00000	0	0.00000	0
768	G	1.00000	0	0.00000	0
769	V	1.00000	0	0.00000	0
770	P	1.00000	0	0.00000	0
771	L	1.00000	0	0.00000	0
772	E	1.00000	0	0.00000	0
773	A	1.00000	0	0.00000	0
774	S	1.00000	0	0.00000	0
775	L	1.00000	0	0.00000	0
776	C	1.00000	0	0.00000	0
777	P	1.00000	0	0.00000	0
778	A	1.00000	0	0.00000	0
779	S	1.00000	0	0.00000	0
780	L	1.00000	0	0.00000	0
781	A	1.00000	0	0.00000	0
782	P	1.00000	0	0.00000	0
783	S	1.00000	0	0.00000	0
784	G	1.00000	0	0.00000	0
785	I	1.00000	0	0.00000	0
786	S	1.00000	0	0.00000	0
787	E	1.00000	0	0.00000	0
788	K	1.00000	0	0.00000	0
789	S	1.00000	0	0.00000	0
790	K	1.00000	0	0.00000	0
791	S	1.00000	0	0.00000	0
792	S	1.00000	0	0.00000	0
793	S	1.00000	0	0.00000	0
794	S	1.00000	0	0.00000	0
795	F	1.00000	0	0.00000	0
796	H	1.00000	0	0.00000	0
797	P	1.00000	0	0.00000	0
798	A	1.00000	0	0.00000	0
799	P	1.00000	0	0.00000	0
800	G	1.00000	0	0.00000	0
801	N	1.00000	0	0.00000	0
802	A	1.00000	0	0.00000	0
803	Q	1.00000	0	0.00000	0
804	S	1.00000	0	0.00000	0
805	S	1.00000	0	0.00000	0
806	S	1.00000	0	0.00000	0
807	Q	1.00000	0	0.00000	0
808	T	1.00000	0	0.00000	0
809	P	1.00000	0	0.00000	0
810	K	1.00000	0	0.00000	0
811	I	1.00000	0	0.00000	0
812	V	1.00000	0	0.00000	0
813	N	1.00000	0	0.00000	0
814	F	1.00000	0	0.00000	0
815	V	1.00000	0	0.00000	0
816	S	1.00000	0	0.00000	0
817	V	1.00000	0	0.00000	0
818	G	1.00000	0	0.00000	0
819	P	1.00000	0	0.00000	0
820	T	1.00000	0	0.00000	0
821	Y	1.00000	0	0.00000	0
822	M	1.00000	0	0.00000	0
823	R	1.00000	0	0.00000	0
824	V	1.00000	0	0.00000	0
825	S	1.00000	0	0.00000	0
