# UNNAMED
#pos	aa	i	o	M	S
1	M	0.00000	0.99968	0.00000	0.00032
2	A	0.00000	0.99968	0.00000	0.00032
3	P	0.00000	0.99968	0.00000	0.00032
4	A	0.00000	0.99583	0.00385	0.00032
5	M	0.00000	0.98101	0.01868	0.00032
6	E	0.00000	0.9359	0.06378	0.00031
7	S	0.00000	0.23924	0.76044	0.00031
8	P	0.00000	0.10778	0.89190	0.00032
9	T	0.00000	0.0068	0.99289	0.00032
10	L	0.00000	0.00014	0.99954	0.00031
11	L	0.00000	1e-05	0.99967	0.00032
12	C	0.00000	1e-05	0.99967	0.00032
13	V	0.00000	0	0.99968	0.00032
14	A	0.00000	0	0.99968	0.00032
15	L	0.00000	0	0.99968	0.00032
16	L	0.00000	0	0.99968	0.00032
17	F	0.00000	0	0.99968	0.00032
18	F	0.00000	0	0.99968	0.00031
19	A	0.00000	0	0.99968	0.00032
20	P	0.00000	0	0.99968	0.00032
21	D	0.00000	0	0.99968	0.00032
22	G	0.00000	0	0.99968	0.00032
23	V	0.00000	0	0.99968	0.00032
24	L	0.00000	0	0.99968	0.00032
25	A	0.00030	0	0.99938	0.00032
26	V	0.01579	0.00032	0.98389	0
27	P	0.61209	0.00032	0.38760	0
28	Q	0.96911	0.00032	0.03058	0
29	K	0.99784	0.00032	0.00185	0
30	P	0.99955	0.00032	0.00014	0
31	K	0.99965	0.00032	0.00003	0
32	V	0.99966	0.00032	0.00003	0
33	S	0.99967	0.00032	0.00001	0
34	L	0.99968	0.00032	0.00000	0
35	N	0.99968	0.00032	0.00000	0
36	P	0.99968	0.00031	0.00001	0
37	P	0.99968	0.0003	0.00002	0
38	W	0.51514	0.00025	0.48460	0
39	N	0.14128	0.00023	0.85850	0
40	R	0.13366	0.00015	0.86619	0
41	I	0.00752	0	0.99248	0
42	F	0.00029	0	0.99971	0
43	K	0.00022	0	0.99978	0
44	G	0.00012	0	0.99988	0
45	E	0.00002	0	0.99998	0
46	N	0.00000	0	1.00000	0
47	V	0.00000	0	1.00000	0
48	T	0.00000	0	1.00000	0
49	L	0.00000	0	1.00000	0
50	T	0.00000	0	1.00000	0
51	C	0.00000	0	1.00000	0
52	N	0.00000	0	1.00000	0
53	G	0.00000	0	1.00000	0
54	N	0.00000	0	1.00000	0
55	N	0.00000	0.0001	0.99990	0
56	F	0.00000	0.00042	0.99958	0
57	F	0.00000	0.76089	0.23911	0
58	E	0.00008	0.8012	0.19872	0
59	V	0.00009	0.80551	0.19440	0
60	S	0.00029	0.88804	0.11167	0
61	S	0.00032	0.97302	0.02666	0
62	T	0.00032	0.9901	0.00958	0
63	K	0.00031	0.99492	0.00477	0
64	W	0.00013	0.99592	0.00394	0
65	F	0.00001	0.99639	0.00360	0
66	H	0.00000	0.99931	0.00069	0
67	N	0.00000	0.23956	0.76044	0
68	G	0.00000	0.23735	0.76265	0
69	S	0.00000	0.23735	0.76265	0
70	L	0.00000	0.23735	0.76265	0
71	S	0.00000	0.23735	0.76265	0
72	E	0.00000	0.23735	0.76265	0
73	E	0.00000	0.23735	0.76265	0
74	T	0.00000	0.08987	0.91013	0
75	N	0.00000	0.08694	0.91306	0
76	S	0.00000	0.0226	0.97740	0
77	S	0.00000	0.00063	0.99937	0
78	L	0.00000	0.00052	0.99948	0
79	N	0.00000	0.00052	0.99948	0
80	I	0.00000	0.00052	0.99948	0
81	V	0.00000	0.00052	0.99948	0
82	N	0.00000	0.00053	0.99947	0
83	A	0.00000	0.00059	0.99941	0
84	K	0.00000	0.00082	0.99918	0
85	F	0.00000	0.00083	0.99917	0
86	E	0.00001	0.00083	0.99916	0
87	D	0.00170	0.00083	0.99747	0
88	S	0.16003	0.00083	0.83914	0
89	G	0.74097	0.00083	0.25820	0
90	E	0.74841	0.00083	0.25076	0
91	Y	0.76185	0.00083	0.23732	0
92	K	0.77129	0.00083	0.22788	0
93	C	0.77142	0.00077	0.22780	0
94	Q	0.77473	3e-05	0.22524	0
95	H	0.96935	0	0.03065	0
96	Q	0.98222	0	0.01778	0
97	Q	0.99878	0	0.00122	0
98	V	0.99910	0	0.00090	0
99	N	0.99917	0	0.00083	0
100	E	0.99917	0	0.00083	0
101	S	0.99912	0	0.00088	0
102	E	0.99835	0	0.00165	0
103	P	0.97838	0	0.02162	0
104	V	0.28544	0	0.71456	0
105	Y	0.26655	0	0.73345	0
106	L	0.26551	0	0.73449	0
107	E	0.26507	0	0.73493	0
108	V	0.21574	0	0.78426	0
109	F	0.18177	0	0.81823	0
110	S	0.16141	0	0.83859	0
111	D	0.12781	0	0.87219	0
112	W	0.02775	0	0.97225	0
113	L	0.00123	0	0.99877	0
114	L	0.00042	0	0.99958	0
115	L	0.00080	0	0.99920	0
116	Q	0.00085	0	0.99915	0
117	A	0.00083	0	0.99917	0
118	S	0.00083	0	0.99917	0
119	A	0.00083	0	0.99917	0
120	E	0.00083	0	0.99916	0
121	V	0.00083	1e-05	0.99916	0
122	V	0.00083	9e-05	0.99908	0
123	M	0.00083	0.00725	0.99191	0
124	E	0.00083	0.68047	0.31870	0
125	G	0.00083	0.72131	0.27786	0
126	Q	0.00083	0.73156	0.26761	0
127	P	0.00075	0.73299	0.26626	0
128	L	0.00005	0.7336	0.26635	0
129	F	0.00000	0.73681	0.26319	0
130	L	0.00000	0.74955	0.25045	0
131	R	0.00000	0.93573	0.06427	0
132	C	0.00000	0.96088	0.03912	0
133	H	0.00000	0.98277	0.01723	0
134	G	0.00000	0.99486	0.00514	0
135	W	0.00000	0.99766	0.00234	0
136	R	0.00000	0.99917	0.00083	0
137	N	0.00000	0.99916	0.00084	0
138	W	0.00000	0.99916	0.00084	0
139	D	0.00000	0.99916	0.00084	0
140	V	0.00000	0.99915	0.00085	0
141	Y	0.00000	0.99915	0.00085	0
142	K	0.00000	0.99886	0.00114	0
143	V	0.00000	0.99242	0.00758	0
144	I	0.00000	0.99242	0.00758	0
145	Y	0.00000	0.99242	0.00758	0
146	Y	0.00000	0.99248	0.00752	0
147	K	0.00000	0.99322	0.00678	0
148	D	0.00000	0.99325	0.00675	0
149	G	0.00000	0.99325	0.00675	0
150	E	0.00000	0.99325	0.00675	0
151	A	0.00000	0.99298	0.00702	0
152	L	0.00000	0.96564	0.03436	0
153	K	0.00000	0.96497	0.03503	0
154	Y	0.00000	0.61563	0.38437	0
155	W	0.00000	0.27436	0.72564	0
156	Y	0.00000	0.27034	0.72966	0
157	E	0.00001	0.25331	0.74669	0
158	N	0.00001	0.24966	0.75033	0
159	H	0.00001	0.21747	0.78252	0
160	N	0.00001	0.02551	0.97448	0
161	I	0.00001	0.00105	0.99894	0
162	S	0.00002	0.00019	0.99979	0
163	I	0.00006	0.0001	0.99984	0
164	T	0.00594	0	0.99406	0
165	N	0.00643	0	0.99357	0
166	A	0.00659	0	0.99341	0
167	T	0.00669	0	0.99331	0
168	V	0.00673	0	0.99327	0
169	E	0.00675	0	0.99325	0
170	D	0.00675	0	0.99325	0
171	S	0.00675	0	0.99325	0
172	G	0.00675	0	0.99325	0
173	T	0.00674	0	0.99326	0
174	Y	0.00672	0	0.99328	0
175	Y	0.00557	0	0.99443	0
176	C	0.01240	0	0.98760	0
177	T	0.21749	0	0.78251	0
178	G	0.46917	0	0.53083	0
179	K	0.73862	0	0.26138	0
180	V	0.74081	0	0.25919	0
181	W	0.74603	0	0.25397	0
182	Q	0.97586	0	0.02414	0
183	L	0.98541	0	0.01459	0
184	D	0.99326	0	0.00674	0
185	Y	0.99326	0	0.00674	0
186	E	0.99326	0	0.00674	0
187	S	0.99326	0	0.00674	0
188	E	0.99326	0	0.00674	0
189	P	0.99320	0	0.00680	0
190	L	0.99306	0	0.00694	0
191	N	0.99001	0	0.00999	0
192	I	0.05477	0	0.94523	0
193	T	0.02041	0	0.97959	0
194	V	0.00025	0	0.99975	0
195	I	0.00000	0.0001	0.99990	0
196	K	0.00000	0.00271	0.99729	0
197	A	0.00000	0.00289	0.99711	0
198	P	0.00000	0.00482	0.99518	0
199	R	0.00000	0.00652	0.99348	0
200	E	0.00000	0.00672	0.99328	0
201	K	0.00000	0.00667	0.99333	0
202	Y	0.00000	0.00564	0.99436	0
203	W	0.00000	0.00236	0.99764	0
204	L	0.00000	0.0004	0.99960	0
205	Q	0.00000	0.00034	0.99966	0
206	F	0.00000	0.00014	0.99986	0
207	F	0.00000	0.00011	0.99989	0
208	I	0.00000	0.0001	0.99990	0
209	P	0.00000	0.00015	0.99985	0
210	L	0.00000	0.00137	0.99863	0
211	L	0.00000	0.04388	0.95612	0
212	V	0.00000	0.59738	0.40262	0
213	V	0.00000	0.89396	0.10604	0
214	I	0.00000	0.44592	0.55408	0
215	L	0.00000	0.09318	0.90682	0
216	F	0.00000	0.00076	0.99924	0
217	A	0.00000	0	1.00000	0
218	V	0.00000	0	1.00000	0
219	D	0.00000	0	1.00000	0
220	T	0.00000	0	1.00000	0
221	G	0.00000	0	1.00000	0
222	L	0.00000	0	1.00000	0
223	F	0.00002	0	0.99998	0
224	I	0.00019	0	0.99981	0
225	S	0.00158	0	0.99842	0
226	T	0.00329	0	0.99671	0
227	Q	0.00661	0	0.99339	0
228	Q	0.00663	0	0.99337	0
229	Q	0.00663	0	0.99337	0
230	V	0.00663	0	0.99337	0
231	T	0.00663	0	0.99337	0
232	F	0.00664	0	0.99336	0
233	L	0.00813	0	0.99187	0
234	L	0.04231	0	0.95769	0
235	K	1.00000	0	0.00000	0
236	I	1.00000	0	0.00000	0
237	K	1.00000	0	0.00000	0
238	R	1.00000	0	0.00000	0
239	T	1.00000	0	0.00000	0
240	R	1.00000	0	0.00000	0
241	K	1.00000	0	0.00000	0
242	G	1.00000	0	0.00000	0
243	F	1.00000	0	0.00000	0
244	R	1.00000	0	0.00000	0
245	L	1.00000	0	0.00000	0
246	L	1.00000	0	0.00000	0
247	N	1.00000	0	0.00000	0
248	P	1.00000	0	0.00000	0
249	H	1.00000	0	0.00000	0
250	P	1.00000	0	0.00000	0
251	K	1.00000	0	0.00000	0
252	P	1.00000	0	0.00000	0
253	N	1.00000	0	0.00000	0
254	P	1.00000	0	0.00000	0
255	K	1.00000	0	0.00000	0
256	N	1.00000	0	0.00000	0
257	N	1.00000	0	0.00000	0
