# UNNAMED
#pos	aa	i	o	M	S
1	M	0.00000	0.99997	0.00000	3e-05
2	R	0.00000	0.99997	0.00000	3e-05
3	L	0.00000	0.99997	0.00000	3e-05
4	M	0.00000	0.99997	0.00000	3e-05
5	K	0.00000	0.99997	0.00000	3e-05
6	E	0.00000	0.99997	0.00000	3e-05
7	V	0.00000	0.99997	0.00000	3e-05
8	R	0.00000	0.99997	0.00000	3e-05
9	G	0.00000	0.99997	0.00000	3e-05
10	R	0.00000	0.99997	0.00000	3e-05
11	N	0.00000	0.99997	0.00000	3e-05
12	Q	0.00000	0.99997	0.00000	3e-05
13	T	0.00000	0.99997	0.00000	3e-05
14	E	0.00000	0.99997	0.00000	3e-05
15	V	0.00000	0.99997	0.00000	3e-05
16	T	0.00000	0.99997	0.00000	3e-05
17	E	0.00000	0.99997	0.00000	3e-05
18	F	0.00000	0.99997	0.00000	3e-05
19	L	0.00000	0.99997	0.00000	3e-05
20	L	0.00000	0.99997	0.00000	3e-05
21	L	0.00000	0.99997	0.00000	3e-05
22	G	0.00000	0.99997	0.00000	3e-05
23	L	0.00000	0.99997	0.00000	3e-05
24	S	0.00000	0.99997	0.00000	3e-05
25	D	0.00000	0.99999	0.00000	1e-05
26	N	0.00000	0.99999	0.00000	1e-05
27	P	0.00000	0.99999	0.00000	1e-05
28	D	0.00000	0.99999	0.00000	1e-05
29	L	0.00000	0.98231	0.01768	1e-05
30	Q	0.00000	0.95148	0.04852	1e-05
31	G	0.00000	0.75657	0.24342	1e-05
32	V	0.00000	0.42517	0.57484	0
33	L	0.00000	0.19199	0.80801	0
34	F	0.00000	0.10346	0.89654	0
35	A	0.00000	0.09237	0.90763	0
36	L	0.00000	0.08298	0.91702	0
37	F	0.00000	0.00246	0.99754	0
38	L	0.00000	0.0002	0.99980	0
39	L	0.00000	0	1.00000	0
40	I	0.00000	0	1.00000	0
41	Y	0.00000	0	1.00000	0
42	M	0.00000	0	1.00000	0
43	A	0.00000	0	1.00000	0
44	N	0.00000	0	1.00000	0
45	M	0.00000	0	1.00000	0
46	V	0.00000	0	1.00000	0
47	G	0.00000	0	1.00000	0
48	N	0.00000	0	1.00000	0
49	L	0.00000	0	1.00000	0
50	G	0.00000	0	1.00000	0
51	M	0.00000	0	1.00000	0
52	I	0.00000	0	1.00000	0
53	V	0.00024	0	0.99976	0
54	L	0.00679	0	0.99321	0
55	I	0.03532	0	0.96468	0
56	K	0.94108	0	0.05892	0
57	I	0.95375	0	0.04625	0
58	D	0.99946	0	0.00054	0
59	L	0.99970	0	0.00030	0
60	C	0.99994	0	0.00006	0
61	L	1.00000	0	0.00000	0
62	H	1.00000	0	0.00000	0
63	T	1.00000	0	0.00000	0
64	P	1.00000	0	0.00000	0
65	M	0.17909	0	0.82091	0
66	Y	0.02379	0	0.97621	0
67	F	0.00361	0	0.99639	0
68	F	0.00007	0	0.99993	0
69	L	0.00001	0	0.99999	0
70	S	0.00000	0	1.00000	0
71	S	0.00000	0	1.00000	0
72	L	0.00000	0	1.00000	0
73	S	0.00000	0	1.00000	0
74	F	0.00000	0	1.00000	0
75	V	0.00000	0	1.00000	0
76	D	0.00000	0	1.00000	0
77	A	0.00000	0	1.00000	0
78	S	0.00000	0	1.00000	0
79	Y	0.00000	0	1.00000	0
80	S	0.00000	0	1.00000	0
81	S	0.00000	0	1.00000	0
82	S	0.00000	0	1.00000	0
83	V	0.00000	0	1.00000	0
84	T	0.00000	0.00015	0.99985	0
85	P	0.00000	0.00035	0.99965	0
86	K	0.00000	0.00375	0.99625	0
87	M	0.00000	0.00982	0.99018	0
88	L	0.00000	0.14362	0.85638	0
89	V	0.00000	0.3807	0.61930	0
90	N	0.00000	0.99996	0.00004	0
91	L	0.00000	0.99999	0.00001	0
92	M	0.00000	0.99999	0.00001	0
93	A	0.00000	1	0.00000	0
94	E	0.00000	1	0.00000	0
95	N	0.00000	1	0.00000	0
96	K	0.00000	1	0.00000	0
97	A	0.00000	1	0.00000	0
98	I	0.00000	1	0.00000	0
99	S	0.00000	1	0.00000	0
100	F	0.00000	1	0.00000	0
101	H	0.00000	1	0.00000	0
102	G	0.00000	0.99997	0.00003	0
103	C	0.00000	0.99976	0.00024	0
104	A	0.00000	0.97604	0.02396	0
105	A	0.00000	0.9035	0.09650	0
106	Q	0.00000	0.73139	0.26861	0
107	F	0.00000	0.04635	0.95365	0
108	Y	0.00000	0.01982	0.98018	0
109	F	0.00000	0.0008	0.99920	0
110	F	0.00000	2e-05	0.99998	0
111	G	0.00000	0	1.00000	0
112	S	0.00000	0	1.00000	0
113	F	0.00000	0	1.00000	0
114	L	0.00000	0	1.00000	0
115	G	0.00000	0	1.00000	0
116	T	0.00000	0	1.00000	0
117	E	0.00000	0	1.00000	0
118	C	0.00000	0	1.00000	0
119	F	0.00000	0	1.00000	0
120	L	0.00000	0	1.00000	0
121	L	0.00000	0	1.00000	0
122	A	0.00000	0	1.00000	0
123	M	0.00000	0	1.00000	0
124	M	0.00000	0	1.00000	0
125	A	0.00000	0	1.00000	0
126	Y	0.00000	0	1.00000	0
127	D	0.00005	0	0.99995	0
128	R	0.02106	0	0.97894	0
129	Y	0.08860	0	0.91140	0
130	A	0.96046	0	0.03954	0
131	A	0.99901	0	0.00099	0
132	I	1.00000	0	0.00000	0
133	W	1.00000	0	0.00000	0
134	N	1.00000	0	0.00000	0
135	P	1.00000	0	0.00000	0
136	L	1.00000	0	0.00000	0
137	L	1.00000	0	0.00000	0
138	Y	1.00000	0	0.00000	0
139	P	1.00000	0	0.00000	0
140	V	1.00000	0	0.00000	0
141	L	0.99998	0	0.00002	0
142	V	0.99975	0	0.00025	0
143	S	0.99921	0	0.00079	0
144	G	0.99416	0	0.00584	0
145	R	0.97546	0	0.02454	0
146	I	0.16225	0	0.83775	0
147	C	0.00259	0	0.99741	0
148	F	0.00014	0	0.99986	0
149	L	0.00000	0	1.00000	0
150	L	0.00000	0	1.00000	0
151	I	0.00000	0	1.00000	0
152	A	0.00000	0	1.00000	0
153	T	0.00000	0	1.00000	0
154	S	0.00000	0	1.00000	0
155	F	0.00000	0	1.00000	0
156	L	0.00000	0	1.00000	0
157	A	0.00000	0	1.00000	0
158	G	0.00000	0	1.00000	0
159	C	0.00000	0	1.00000	0
160	G	0.00000	0	1.00000	0
161	N	0.00000	0	1.00000	0
162	A	0.00000	0	1.00000	0
163	A	0.00000	1e-05	0.99999	0
164	I	0.00000	7e-05	0.99993	0
165	H	0.00000	0.03017	0.96983	0
166	T	0.00000	0.26803	0.73197	0
167	G	0.00000	0.62247	0.37753	0
168	M	0.00000	0.71169	0.28831	0
169	T	0.00000	0.9379	0.06210	0
170	F	0.00000	0.99423	0.00577	0
171	R	0.00000	0.99985	0.00015	0
172	L	0.00000	0.99991	0.00009	0
173	S	0.00000	1	0.00000	0
174	F	0.00000	1	0.00000	0
175	C	0.00000	1	0.00000	0
176	G	0.00000	1	0.00000	0
177	S	0.00000	1	0.00000	0
178	N	0.00000	1	0.00000	0
179	R	0.00000	1	0.00000	0
180	I	0.00000	1	0.00000	0
181	N	0.00000	1	0.00000	0
182	H	0.00000	1	0.00000	0
183	F	0.00000	1	0.00000	0
184	Y	0.00000	1	0.00000	0
185	C	0.00000	1	0.00000	0
186	D	0.00000	1	0.00000	0
187	T	0.00000	1	0.00000	0
188	P	0.00000	1	0.00000	0
189	P	0.00000	1	0.00000	0
190	L	0.00000	1	0.00000	0
191	L	0.00000	1	0.00000	0
192	K	0.00000	1	0.00000	0
193	L	0.00000	1	0.00000	0
194	S	0.00000	1	0.00000	0
195	C	0.00000	1	0.00000	0
196	S	0.00000	1	0.00000	0
197	D	0.00000	1	0.00000	0
198	T	0.00000	0.99999	0.00001	0
199	H	0.00000	0.99983	0.00017	0
200	F	0.00000	0.99951	0.00049	0
201	N	0.00000	0.99706	0.00294	0
202	G	0.00000	0.97652	0.02348	0
203	I	0.00000	0.89918	0.10082	0
204	V	0.00000	0.25326	0.74674	0
205	I	0.00000	0.00592	0.99408	0
206	M	0.00000	0.00206	0.99794	0
207	A	0.00000	0.00145	0.99855	0
208	F	0.00000	0.0006	0.99940	0
209	S	0.00000	0.00058	0.99942	0
210	S	0.00000	6e-05	0.99994	0
211	F	0.00000	0	1.00000	0
212	I	0.00000	0	1.00000	0
213	V	0.00000	0	1.00000	0
214	I	0.00000	0	1.00000	0
215	S	0.00000	0	1.00000	0
216	C	0.00000	0	1.00000	0
217	V	0.00000	0	1.00000	0
218	M	0.00000	0	1.00000	0
219	I	0.00000	0	1.00000	0
220	V	0.00000	0	1.00000	0
221	L	0.00000	0	1.00000	0
222	I	0.00000	0	1.00000	0
223	S	0.00002	0	0.99998	0
224	Y	0.00003	0	0.99997	0
225	L	0.00012	0	0.99988	0
226	C	0.00079	0	0.99921	0
227	I	0.00540	0	0.99460	0
228	F	0.02946	0	0.97054	0
229	I	0.47393	0	0.52607	0
230	A	0.72922	0	0.27078	0
231	V	0.81638	0	0.18362	0
232	L	0.92915	0	0.07085	0
233	K	0.99952	0	0.00048	0
234	M	0.99996	0	0.00004	0
235	P	1.00000	0	0.00000	0
236	S	1.00000	0	0.00000	0
237	L	1.00000	0	0.00000	0
238	E	1.00000	0	0.00000	0
239	G	1.00000	0	0.00000	0
240	R	0.99988	0	0.00012	0
241	H	0.99957	0	0.00043	0
242	K	0.83457	0	0.16543	0
243	A	0.73807	0	0.26193	0
244	F	0.10551	0	0.89449	0
245	S	0.02087	0	0.97913	0
246	T	0.02056	0	0.97944	0
247	C	0.00442	0	0.99558	0
248	A	0.00231	0	0.99769	0
249	S	0.00128	0	0.99872	0
250	Y	0.00006	0	0.99994	0
251	L	0.00001	0	0.99999	0
252	M	0.00000	0	1.00000	0
253	A	0.00000	0	1.00000	0
254	V	0.00000	0	1.00000	0
255	T	0.00000	0	1.00000	0
256	I	0.00000	0	1.00000	0
257	F	0.00000	0	1.00000	0
258	F	0.00000	0	1.00000	0
259	G	0.00000	0	1.00000	0
260	T	0.00000	0	1.00000	0
261	I	0.00000	0	1.00000	0
262	L	0.00000	0	1.00000	0
263	F	0.00000	0.00011	0.99989	0
264	M	0.00000	0.00163	0.99837	0
265	Y	0.00000	0.05024	0.94976	0
266	L	0.00000	0.15986	0.84014	0
267	R	0.00000	0.93604	0.06396	0
268	P	0.00000	0.98083	0.01917	0
269	T	0.00000	0.99375	0.00625	0
270	S	0.00000	0.99845	0.00155	0
271	S	0.00000	0.9993	0.00070	0
272	Y	0.00000	0.99983	0.00017	0
273	S	0.00000	0.99985	0.00015	0
274	M	0.00000	0.99768	0.00232	0
275	E	0.00000	0.99642	0.00358	0
276	Q	0.00000	0.97962	0.02038	0
277	D	0.00000	0.97128	0.02872	0
278	K	0.00000	0.67461	0.32539	0
279	V	0.00000	0.02794	0.97206	0
280	V	0.00000	0.00015	0.99985	0
281	S	0.00000	0	1.00000	0
282	V	0.00000	0	1.00000	0
283	F	0.00000	0	1.00000	0
284	Y	0.00000	0	1.00000	0
285	T	0.00000	0	1.00000	0
286	V	0.00000	0	1.00000	0
287	I	0.00000	0	1.00000	0
288	I	0.00000	0	1.00000	0
289	P	0.00000	0	1.00000	0
290	V	0.00000	0	1.00000	0
291	L	0.00000	0	1.00000	0
292	N	0.00000	0	1.00000	0
293	P	0.00000	0	1.00000	0
294	L	0.00000	0	1.00000	0
295	I	0.00001	0	0.99999	0
296	Y	0.00005	0	0.99995	0
297	S	0.00030	0	0.99970	0
298	L	0.01532	0	0.98468	0
299	K	1.00000	0	0.00000	0
300	N	1.00000	0	0.00000	0
301	K	1.00000	0	0.00000	0
302	D	1.00000	0	0.00000	0
303	V	1.00000	0	0.00000	0
304	K	1.00000	0	0.00000	0
305	K	1.00000	0	0.00000	0
306	A	1.00000	0	0.00000	0
307	L	1.00000	0	0.00000	0
308	K	1.00000	0	0.00000	0
309	K	1.00000	0	0.00000	0
310	I	1.00000	0	0.00000	0
311	L	1.00000	0	0.00000	0
312	W	1.00000	0	0.00000	0
313	K	1.00000	0	0.00000	0
314	H	1.00000	0	0.00000	0
315	I	1.00000	0	0.00000	0
316	L	1.00000	0	0.00000	0
