# UNNAMED
#pos	aa	i	o	M	S
1	M	0.00000	0.98578	0.00000	0.01422
2	E	0.00000	0.98578	0.00000	0.01422
3	T	0.00000	0.98578	0.00000	0.01422
4	Q	0.00000	0.98578	0.00000	0.01422
5	N	0.00000	0.98578	0.00000	0.01422
6	L	0.00000	0.98578	0.00000	0.01422
7	T	0.00000	0.98578	0.00000	0.01422
8	V	0.00000	0.98578	0.00000	0.01422
9	V	0.00000	0.98578	0.00000	0.01422
10	T	0.00000	0.98578	0.00000	0.01422
11	E	0.00000	0.98578	0.00000	0.01422
12	F	0.00000	0.98578	0.00000	0.01422
13	I	0.00000	0.98578	0.00000	0.01422
14	L	0.00000	0.98578	0.00000	0.01422
15	L	0.00000	0.98578	0.00000	0.01422
16	G	0.00000	0.98578	0.00000	0.01421
17	L	0.00000	0.98581	0.00000	0.01418
18	T	0.00000	0.98583	0.00000	0.01418
19	Q	0.00000	0.98604	0.00000	0.01396
20	S	0.00000	0.98625	0.00000	0.01375
21	Q	0.00000	0.99998	0.00000	2e-05
22	D	0.00000	0.99997	0.00000	2e-05
23	A	0.00000	0.97192	0.02805	2e-05
24	Q	0.00000	0.91105	0.08895	1e-05
25	L	0.00000	0.44068	0.55931	1e-05
26	L	0.00000	0.21641	0.78360	0
27	V	0.00000	0.06369	0.93631	0
28	F	0.00000	0.034	0.96600	0
29	V	0.00000	0.02372	0.97628	0
30	L	0.00000	0.02087	0.97913	0
31	V	0.00000	0.00045	0.99955	0
32	L	0.00000	2e-05	0.99998	0
33	I	0.00000	0	1.00000	0
34	F	0.00000	0	1.00000	0
35	Y	0.00000	0	1.00000	0
36	L	0.00000	0	1.00000	0
37	I	0.00000	0	1.00000	0
38	I	0.00000	0	1.00000	0
39	L	0.00000	0	1.00000	0
40	P	0.00000	0	1.00000	0
41	G	0.00000	0	1.00000	0
42	N	0.00000	0	1.00000	0
43	F	0.00000	0	1.00000	0
44	L	0.00000	0	1.00000	0
45	I	0.00000	0	1.00000	0
46	I	0.00007	0	0.99993	0
47	F	0.00667	0	0.99333	0
48	T	0.38276	0	0.61724	0
49	I	0.44933	0	0.55067	0
50	K	0.99118	0	0.00882	0
51	S	0.99936	0	0.00064	0
52	D	1.00000	0	0.00000	0
53	P	1.00000	0	0.00000	0
54	G	1.00000	0	0.00000	0
55	L	1.00000	0	0.00000	0
56	T	1.00000	0	0.00000	0
57	A	1.00000	0	0.00000	0
58	P	1.00000	0	0.00000	0
59	L	0.23074	0	0.76926	0
60	Y	0.16097	0	0.83903	0
61	F	0.01930	0	0.98070	0
62	F	0.00017	0	0.99983	0
63	L	0.00002	0	0.99998	0
64	G	0.00001	0	0.99999	0
65	N	0.00000	0	1.00000	0
66	L	0.00000	0	1.00000	0
67	A	0.00000	0	1.00000	0
68	L	0.00000	0	1.00000	0
69	L	0.00000	0	1.00000	0
70	D	0.00000	0	1.00000	0
71	A	0.00000	0	1.00000	0
72	S	0.00000	0	1.00000	0
73	Y	0.00000	0	1.00000	0
74	S	0.00000	0	1.00000	0
75	F	0.00000	0	1.00000	0
76	I	0.00000	0	1.00000	0
77	V	0.00000	1e-05	0.99999	0
78	V	0.00000	0.00145	0.99855	0
79	P	0.00000	0.01393	0.98607	0
80	R	0.00000	0.22419	0.77581	0
81	M	0.00000	0.26402	0.73598	0
82	L	0.00000	0.39123	0.60877	0
83	V	0.00000	0.63365	0.36635	0
84	D	0.00000	0.99992	0.00008	0
85	F	0.00000	0.99994	0.00006	0
86	L	0.00000	0.99997	0.00003	0
87	S	0.00000	1	0.00000	0
88	E	0.00000	1	0.00000	0
89	K	0.00000	1	0.00000	0
90	K	0.00000	1	0.00000	0
91	V	0.00000	1	0.00000	0
92	I	0.00000	1	0.00000	0
93	S	0.00000	1	0.00000	0
94	Y	0.00000	1	0.00000	0
95	R	0.00000	1	0.00000	0
96	S	0.00000	0.99999	0.00001	0
97	C	0.00000	0.9999	0.00010	0
98	I	0.00000	0.99607	0.00393	0
99	T	0.00000	0.99205	0.00795	0
100	Q	0.00000	0.97828	0.02172	0
101	L	0.00000	0.34737	0.65263	0
102	F	0.00000	0.02881	0.97119	0
103	F	0.00000	0.00168	0.99832	0
104	L	0.00000	5e-05	0.99995	0
105	H	0.00000	0	1.00000	0
106	F	0.00000	0	1.00000	0
107	L	0.00000	0	1.00000	0
108	G	0.00000	0	1.00000	0
109	A	0.00000	0	1.00000	0
110	G	0.00000	0	1.00000	0
111	E	0.00000	0	1.00000	0
112	M	0.00000	0	1.00000	0
113	F	0.00000	0	1.00000	0
114	L	0.00000	0	1.00000	0
115	L	0.00000	0	1.00000	0
116	V	0.00000	0	1.00000	0
117	V	0.00000	0	1.00000	0
118	M	0.00000	0	1.00000	0
119	A	0.00000	0	1.00000	0
120	F	0.00000	0	1.00000	0
121	D	0.00001	0	0.99999	0
122	R	0.00580	0	0.99420	0
123	Y	0.05859	0	0.94141	0
124	I	0.88543	0	0.11457	0
125	A	0.98556	0	0.01444	0
126	I	1.00000	0	0.00000	0
127	C	1.00000	0	0.00000	0
128	R	1.00000	0	0.00000	0
129	P	1.00000	0	0.00000	0
130	L	1.00000	0	0.00000	0
131	H	1.00000	0	0.00000	0
132	Y	1.00000	0	0.00000	0
133	S	1.00000	0	0.00000	0
134	T	1.00000	0	0.00000	0
135	I	1.00000	0	0.00000	0
136	M	1.00000	0	0.00000	0
137	N	1.00000	0	0.00000	0
138	P	0.99976	0	0.00024	0
139	R	0.99088	0	0.00912	0
140	A	0.61298	0	0.38702	0
141	C	0.01737	0	0.98263	0
142	Y	0.00903	0	0.99097	0
143	A	0.00380	0	0.99620	0
144	L	0.00060	0	0.99940	0
145	S	0.00044	0	0.99956	0
146	L	0.00023	0	0.99977	0
147	V	0.00000	0	1.00000	0
148	L	0.00000	0	1.00000	0
149	W	0.00000	0	1.00000	0
150	L	0.00000	0	1.00000	0
151	G	0.00000	0	1.00000	0
152	G	0.00000	0	1.00000	0
153	F	0.00000	0	1.00000	0
154	I	0.00000	0	1.00000	0
155	H	0.00000	0	1.00000	0
156	S	0.00000	0	1.00000	0
157	I	0.00000	0	1.00000	0
158	V	0.00000	0.00016	0.99984	0
159	Q	0.00000	0.01133	0.98867	0
160	V	0.00000	0.03213	0.96787	0
161	A	0.00000	0.0453	0.95470	0
162	L	0.00000	0.10772	0.89228	0
163	I	0.00000	0.33327	0.66673	0
164	L	0.00000	0.73589	0.26411	0
165	H	0.00000	0.96951	0.03049	0
166	L	0.00000	0.98921	0.01079	0
167	P	0.00000	0.999	0.00100	0
168	F	0.00000	0.99947	0.00053	0
169	C	0.00000	0.99999	0.00001	0
170	G	0.00000	1	0.00000	0
171	P	0.00000	1	0.00000	0
172	N	0.00000	1	0.00000	0
173	Q	0.00000	1	0.00000	0
174	L	0.00000	1	0.00000	0
175	D	0.00000	1	0.00000	0
176	N	0.00000	1	0.00000	0
177	F	0.00000	1	0.00000	0
178	F	0.00000	1	0.00000	0
179	C	0.00000	1	0.00000	0
180	D	0.00000	1	0.00000	0
181	V	0.00000	1	0.00000	0
182	P	0.00000	1	0.00000	0
183	Q	0.00000	1	0.00000	0
184	V	0.00000	1	0.00000	0
185	I	0.00000	1	0.00000	0
186	K	0.00000	1	0.00000	0
187	L	0.00000	1	0.00000	0
188	A	0.00000	1	0.00000	0
189	C	0.00000	1	0.00000	0
190	T	0.00000	0.99999	0.00001	0
191	N	0.00000	0.99566	0.00434	0
192	T	0.00000	0.99555	0.00445	0
193	F	0.00000	0.99514	0.00486	0
194	V	0.00000	0.98986	0.01014	0
195	V	0.00000	0.98726	0.01274	0
196	E	0.00000	0.97661	0.02339	0
197	L	0.00000	0.21738	0.78262	0
198	L	0.00000	0.04229	0.95771	0
199	M	0.00000	0.00041	0.99959	0
200	V	0.00000	0.00036	0.99964	0
201	S	0.00000	0.00035	0.99965	0
202	N	0.00000	6e-05	0.99994	0
203	S	0.00000	5e-05	0.99995	0
204	G	0.00000	4e-05	0.99996	0
205	L	0.00000	0	1.00000	0
206	L	0.00000	0	1.00000	0
207	S	0.00000	0	1.00000	0
208	L	0.00000	0	1.00000	0
209	L	0.00000	0	1.00000	0
210	C	0.00000	0	1.00000	0
211	F	0.00000	0	1.00000	0
212	L	0.00000	0	1.00000	0
213	G	0.00003	0	0.99997	0
214	L	0.00008	0	0.99992	0
215	L	0.00044	0	0.99956	0
216	A	0.00214	0	0.99786	0
217	S	0.00342	0	0.99658	0
218	Y	0.00358	0	0.99642	0
219	A	0.00569	0	0.99431	0
220	V	0.00889	0	0.99111	0
221	I	0.02757	0	0.97243	0
222	L	0.11481	0	0.88519	0
223	C	0.74293	0	0.25707	0
224	R	0.98833	0	0.01167	0
225	I	0.99319	0	0.00681	0
226	R	0.99991	0	0.00009	0
227	E	1.00000	0	0.00000	0
228	H	1.00000	0	0.00000	0
229	S	1.00000	0	0.00000	0
230	S	1.00000	0	0.00000	0
231	E	1.00000	0	0.00000	0
232	G	1.00000	0	0.00000	0
233	K	0.99623	0	0.00377	0
234	S	0.99064	0	0.00936	0
235	K	0.93931	0	0.06069	0
236	A	0.88836	0	0.11164	0
237	I	0.84604	0	0.15396	0
238	S	0.76653	0	0.23347	0
239	T	0.76633	0	0.23367	0
240	C	0.76597	0	0.23403	0
241	T	0.76552	0	0.23448	0
242	T	0.76445	0	0.23555	0
243	H	0.76207	0	0.23793	0
244	I	0.71217	0	0.28783	0
245	I	0.01155	0	0.98845	0
246	I	0.00653	0	0.99347	0
247	I	0.00001	0	0.99999	0
248	F	0.00000	0	1.00000	0
249	L	0.00000	0	1.00000	0
250	M	0.00000	0	1.00000	0
251	F	0.00000	0	1.00000	0
252	G	0.00000	0	1.00000	0
253	P	0.00000	0	1.00000	0
254	A	0.00000	0	1.00000	0
255	I	0.00000	3e-05	0.99997	0
256	F	0.00000	0.00019	0.99981	0
257	I	0.00000	0.00198	0.99802	0
258	Y	0.00000	0.02915	0.97085	0
259	T	0.00000	0.1431	0.85690	0
260	C	0.00000	0.20436	0.79564	0
261	P	0.00000	0.21333	0.78667	0
262	F	0.00000	0.21568	0.78432	0
263	Q	0.00000	0.22526	0.77474	0
264	A	0.00000	0.22559	0.77441	0
265	F	0.00000	0.22626	0.77374	0
266	P	0.00000	0.43672	0.56328	0
267	A	0.00000	0.62664	0.37336	0
268	D	0.00000	0.96227	0.03773	0
269	K	0.00000	0.80243	0.19757	0
270	V	0.00000	0.02364	0.97636	0
271	V	0.00000	0.00016	0.99984	0
272	S	0.00000	0	1.00000	0
273	L	0.00000	0	1.00000	0
274	F	0.00000	0	1.00000	0
275	H	0.00000	0	1.00000	0
276	T	0.00000	0	1.00000	0
277	V	0.00000	0	1.00000	0
278	I	0.00000	0	1.00000	0
279	F	0.00000	0	1.00000	0
280	P	0.00000	0	1.00000	0
281	L	0.00000	0	1.00000	0
282	M	0.00000	0	1.00000	0
283	N	0.00000	0	1.00000	0
284	P	0.00000	0	1.00000	0
285	V	0.00001	0	0.99999	0
286	I	0.00011	0	0.99989	0
287	Y	0.00135	0	0.99865	0
288	T	0.00854	0	0.99146	0
289	L	0.05202	0	0.94798	0
290	R	1.00000	0	0.00000	0
291	N	1.00000	0	0.00000	0
292	Q	1.00000	0	0.00000	0
293	E	1.00000	0	0.00000	0
294	V	1.00000	0	0.00000	0
295	K	1.00000	0	0.00000	0
296	A	1.00000	0	0.00000	0
297	S	1.00000	0	0.00000	0
298	M	1.00000	0	0.00000	0
299	R	1.00000	0	0.00000	0
300	K	1.00000	0	0.00000	0
301	L	1.00000	0	0.00000	0
302	L	1.00000	0	0.00000	0
303	S	1.00000	0	0.00000	0
304	Q	1.00000	0	0.00000	0
305	H	1.00000	0	0.00000	0
306	M	1.00000	0	0.00000	0
307	F	1.00000	0	0.00000	0
308	C	1.00000	0	0.00000	0
