# UNNAMED
#pos	aa	i	o	M	S
1	M	0.00000	0.9991	0.00000	0.0009
2	E	0.00000	0.9991	0.00000	0.00089
3	H	0.00000	0.9991	0.00000	0.0009
4	T	0.00000	0.9991	0.00000	0.0009
5	H	0.00000	0.9991	0.00000	0.0009
6	A	0.00000	0.9991	0.00000	0.0009
7	H	0.00000	0.9991	0.00000	0.0009
8	L	0.00000	0.9991	0.00000	0.0009
9	A	0.00000	0.9991	0.00000	0.0009
10	A	0.00000	0.9991	0.00000	0.00089
11	N	0.00000	0.9991	0.00000	0.00089
12	S	0.00000	0.9991	0.00000	0.00089
13	S	0.00000	0.9991	0.00000	0.00089
14	L	0.00000	0.99911	0.00000	0.00089
15	S	0.00000	0.99911	0.00000	0.00088
16	W	0.00000	0.99912	0.00000	0.00087
17	W	0.00000	0.99913	0.00000	0.00087
18	S	0.00000	0.99913	0.00000	0.00087
19	P	0.00000	0.99913	0.00000	0.00088
20	G	0.00000	0.99913	0.00000	0.00087
21	S	0.00000	0.99913	0.00000	0.00087
22	A	0.00000	0.99913	0.00000	0.00087
23	C	0.00000	0.99982	0.00000	0.00018
24	G	0.00000	0.99988	0.00003	9e-05
25	L	0.00000	0.99965	0.00034	0
26	G	0.00000	0.99929	0.00070	0
27	F	0.00000	0.99812	0.00188	0
28	V	0.00000	0.97839	0.02161	0
29	P	0.00000	0.59028	0.40972	0
30	V	0.00000	0.1014	0.89860	0
31	V	0.00000	0.0128	0.98720	0
32	Y	0.00000	0.00092	0.99908	0
33	Y	0.00000	2e-05	0.99998	0
34	S	0.00000	1e-05	0.99999	0
35	L	0.00000	0	1.00000	0
36	L	0.00000	0	1.00000	0
37	L	0.00000	0	1.00000	0
38	C	0.00000	0	1.00000	0
39	L	0.00000	0	1.00000	0
40	G	0.00000	0	1.00000	0
41	L	0.00000	0	1.00000	0
42	P	0.00000	0	1.00000	0
43	A	0.00000	0	1.00000	0
44	N	0.00000	0	1.00000	0
45	I	0.00000	0	1.00000	0
46	L	0.00000	0	1.00000	0
47	T	0.00000	0	1.00000	0
48	V	0.00000	0	1.00000	0
49	I	0.00002	0	0.99998	0
50	I	0.00545	0	0.99455	0
51	L	0.10236	0	0.89764	0
52	S	0.71069	0	0.28931	0
53	Q	0.97811	0	0.02189	0
54	L	0.98466	0	0.01534	0
55	V	0.99221	0	0.00779	0
56	A	0.99778	0	0.00222	0
57	R	0.99994	0	0.00006	0
58	R	1.00000	0	0.00000	0
59	Q	1.00000	0	0.00000	0
60	K	0.99997	0	0.00003	0
61	S	0.99132	0	0.00868	0
62	S	0.88979	0	0.11021	0
63	Y	0.06129	0	0.93871	0
64	N	0.02586	0	0.97414	0
65	Y	0.00089	0	0.99911	0
66	L	0.00001	0	0.99999	0
67	L	0.00000	0	1.00000	0
68	A	0.00000	0	1.00000	0
69	L	0.00000	0	1.00000	0
70	A	0.00000	0	1.00000	0
71	A	0.00000	0	1.00000	0
72	A	0.00000	0	1.00000	0
73	D	0.00000	0	1.00000	0
74	I	0.00000	0	1.00000	0
75	L	0.00000	0	1.00000	0
76	V	0.00000	0	1.00000	0
77	L	0.00000	0	1.00000	0
78	F	0.00000	0	1.00000	0
79	F	0.00000	0	1.00000	0
80	I	0.00000	1e-05	0.99999	0
81	V	0.00000	0.00046	0.99954	0
82	F	0.00000	0.00677	0.99323	0
83	V	0.00000	0.12333	0.87667	0
84	D	0.00000	0.57285	0.42715	0
85	F	0.00000	0.59932	0.40068	0
86	L	0.00000	0.66351	0.33649	0
87	L	0.00000	0.78278	0.21722	0
88	E	0.00000	0.96738	0.03262	0
89	D	0.00000	0.97376	0.02624	0
90	F	0.00000	0.97517	0.02483	0
91	I	0.00000	0.97716	0.02284	0
92	L	0.00000	0.98248	0.01752	0
93	N	0.00000	0.99286	0.00714	0
94	M	0.00000	0.99333	0.00667	0
95	Q	0.00000	0.99855	0.00145	0
96	M	0.00000	0.99911	0.00089	0
97	P	0.00000	0.9996	0.00040	0
98	Q	0.00000	0.99998	0.00002	0
99	V	0.00000	0.99998	0.00002	0
100	P	0.00000	0.99995	0.00005	0
101	D	0.00000	0.99995	0.00005	0
102	K	0.00000	0.99995	0.00005	0
103	I	0.00000	0.99995	0.00005	0
104	I	0.00000	0.99995	0.00005	0
105	E	0.00000	0.99995	0.00005	0
106	V	0.00000	0.99994	0.00006	0
107	L	0.00000	0.99994	0.00006	0
108	E	0.00000	0.99994	0.00006	0
109	F	0.00000	0.01116	0.98884	0
110	S	0.00000	0.00057	0.99943	0
111	S	0.00000	4e-05	0.99996	0
112	I	0.00000	0	1.00000	0
113	H	0.00000	0	1.00000	0
114	T	0.00000	0	1.00000	0
115	S	0.00000	0	1.00000	0
116	I	0.00000	0	1.00000	0
117	W	0.00000	0	1.00000	0
118	I	0.00000	0	1.00000	0
119	T	0.00000	0	1.00000	0
120	V	0.00000	0	1.00000	0
121	P	0.00000	0	1.00000	0
122	L	0.00000	0	1.00000	0
123	T	0.00000	0	1.00000	0
124	I	0.00000	0	1.00000	0
125	D	0.00000	0	1.00000	0
126	R	0.00000	0	1.00000	0
127	Y	0.00030	0	0.99970	0
128	I	0.07319	0	0.92681	0
129	A	0.44548	0	0.55452	0
130	V	0.99949	0	0.00051	0
131	C	1.00000	0	0.00000	0
132	H	1.00000	0	0.00000	0
133	P	1.00000	0	0.00000	0
134	L	1.00000	0	0.00000	0
135	K	1.00000	0	0.00000	0
136	Y	1.00000	0	0.00000	0
137	H	1.00000	0	0.00000	0
138	T	1.00000	0	0.00000	0
139	V	1.00000	0	0.00000	0
140	S	1.00000	0	0.00000	0
141	Y	1.00000	0	0.00000	0
142	P	1.00000	0	0.00000	0
143	A	0.99986	0	0.00014	0
144	R	0.99972	0	0.00028	0
145	T	0.98944	0	0.01056	0
146	R	0.96044	0	0.03956	0
147	K	0.86399	0	0.13601	0
148	V	0.04025	0	0.95975	0
149	I	0.00009	0	0.99991	0
150	V	0.00000	0	1.00000	0
151	S	0.00000	0	1.00000	0
152	V	0.00000	0	1.00000	0
153	Y	0.00000	0	1.00000	0
154	I	0.00000	0	1.00000	0
155	T	0.00000	0	1.00000	0
156	C	0.00000	0	1.00000	0
157	F	0.00000	0	1.00000	0
158	L	0.00000	0	1.00000	0
159	T	0.00000	0	1.00000	0
160	S	0.00000	0	1.00000	0
161	I	0.00000	0	1.00000	0
162	P	0.00000	1e-05	0.99999	0
163	Y	0.00000	3e-05	0.99997	0
164	Y	0.00000	0.00023	0.99977	0
165	W	0.00000	0.00226	0.99774	0
166	W	0.00000	0.0192	0.98080	0
167	P	0.00000	0.22618	0.77382	0
168	N	0.00000	0.94631	0.05369	0
169	I	0.00000	0.98206	0.01794	0
170	W	0.00000	0.9974	0.00260	0
171	T	0.00000	0.99983	0.00017	0
172	E	0.00000	1	0.00000	0
173	D	0.00000	1	0.00000	0
174	Y	0.00000	1	0.00000	0
175	I	0.00000	1	0.00000	0
176	S	0.00000	1	0.00000	0
177	T	0.00000	1	0.00000	0
178	S	0.00000	1	0.00000	0
179	V	0.00000	1	0.00000	0
180	H	0.00000	0.99995	0.00005	0
181	H	0.00000	0.99973	0.00027	0
182	V	0.00000	0.3452	0.65480	0
183	L	0.00000	0.03453	0.96547	0
184	I	0.00000	0.03077	0.96923	0
185	W	0.00000	0.02471	0.97529	0
186	I	0.00000	0.02014	0.97986	0
187	H	0.00000	0.01778	0.98222	0
188	C	0.00000	0.01715	0.98285	0
189	F	0.00000	0.00475	0.99525	0
190	T	0.00000	4e-05	0.99996	0
191	V	0.00000	0	1.00000	0
192	Y	0.00000	0	1.00000	0
193	L	0.00000	0	1.00000	0
194	V	0.00000	0	1.00000	0
195	P	0.00000	0	1.00000	0
196	C	0.00000	0	1.00000	0
197	S	0.00000	0	1.00000	0
198	I	0.00000	0	1.00000	0
199	F	0.00000	0	1.00000	0
200	F	0.00000	0	1.00000	0
201	I	0.00000	0	1.00000	0
202	L	0.00001	0	0.99999	0
203	N	0.00177	0	0.99823	0
204	S	0.00338	0	0.99662	0
205	I	0.00453	0	0.99547	0
206	I	0.01610	0	0.98390	0
207	V	0.06870	0	0.93130	0
208	Y	0.22195	0	0.77805	0
209	K	0.91713	0	0.08287	0
210	L	0.94914	0	0.05086	0
211	R	0.99680	0	0.00320	0
212	R	0.99974	0	0.00026	0
213	K	1.00000	0	0.00000	0
214	S	1.00000	0	0.00000	0
215	N	1.00000	0	0.00000	0
216	F	1.00000	0	0.00000	0
217	R	1.00000	0	0.00000	0
218	L	1.00000	0	0.00000	0
219	R	1.00000	0	0.00000	0
220	G	1.00000	0	0.00000	0
221	Y	0.99988	0	0.00012	0
222	S	0.99908	0	0.00092	0
223	T	0.99536	0	0.00464	0
224	G	0.99394	0	0.00606	0
225	K	0.99158	0	0.00842	0
226	T	0.96429	0	0.03571	0
227	T	0.64338	0	0.35662	0
228	A	0.62141	0	0.37859	0
229	I	0.19774	0	0.80226	0
230	L	0.00081	0	0.99919	0
231	F	0.00048	0	0.99952	0
232	T	0.00038	0	0.99962	0
233	I	0.00009	0	0.99991	0
234	T	0.00001	0	0.99999	0
235	S	0.00001	0	0.99999	0
236	I	0.00000	0	1.00000	0
237	F	0.00000	0	1.00000	0
238	A	0.00000	0	1.00000	0
239	T	0.00000	0	1.00000	0
240	L	0.00000	0	1.00000	0
241	W	0.00000	0	1.00000	0
242	A	0.00000	1e-05	0.99999	0
243	P	0.00000	0.00013	0.99987	0
244	R	0.00000	0.00021	0.99979	0
245	I	0.00000	0.00022	0.99978	0
246	I	0.00000	0.00029	0.99971	0
247	M	0.00000	0.00103	0.99897	0
248	I	0.00000	0.01076	0.98924	0
249	L	0.00000	0.1945	0.80550	0
250	Y	0.00000	0.25791	0.74209	0
251	H	0.00000	0.39434	0.60566	0
252	L	0.00000	0.46599	0.53401	0
253	Y	0.00000	0.67838	0.32162	0
254	G	0.00000	0.92177	0.07823	0
255	A	0.00000	0.975	0.02500	0
256	P	0.00000	0.99913	0.00087	0
257	I	0.00000	0.99932	0.00068	0
258	Q	0.00000	0.99972	0.00028	0
259	N	0.00000	0.9974	0.00260	0
260	R	0.00000	0.98723	0.01277	0
261	W	0.00000	0.88208	0.11792	0
262	L	0.00000	0.54538	0.45462	0
263	V	0.00000	0.52243	0.47757	0
264	H	0.00000	0.51602	0.48398	0
265	I	0.00000	0.48083	0.51917	0
266	M	0.00000	0.46931	0.53069	0
267	S	0.00000	0.46803	0.53197	0
268	D	0.00000	0.44676	0.55324	0
269	I	0.00000	0.02872	0.97128	0
270	A	0.00000	0.00291	0.99709	0
271	N	0.00000	0.00017	0.99983	0
272	M	0.00000	0	1.00000	0
273	L	0.00000	0	1.00000	0
274	A	0.00000	0	1.00000	0
275	L	0.00000	0	1.00000	0
276	L	0.00000	0	1.00000	0
277	N	0.00002	0	0.99998	0
278	T	0.00004	0	0.99996	0
279	A	0.00013	0	0.99987	0
280	I	0.00032	0	0.99968	0
281	N	0.00152	0	0.99848	0
282	F	0.00201	0	0.99799	0
283	F	0.00757	0	0.99243	0
284	L	0.02814	0	0.97186	0
285	Y	0.06555	0	0.93445	0
286	C	0.11239	0	0.88761	0
287	F	0.30218	0	0.69782	0
288	I	0.39589	0	0.60411	0
289	S	0.63510	0	0.36490	0
290	K	1.00000	0	0.00000	0
291	R	1.00000	0	0.00000	0
292	F	1.00000	0	0.00000	0
293	R	1.00000	0	0.00000	0
294	T	1.00000	0	0.00000	0
295	M	1.00000	0	0.00000	0
296	A	1.00000	0	0.00000	0
297	A	1.00000	0	0.00000	0
298	A	1.00000	0	0.00000	0
299	T	1.00000	0	0.00000	0
300	L	1.00000	0	0.00000	0
301	K	1.00000	0	0.00000	0
302	A	1.00000	0	0.00000	0
303	F	1.00000	0	0.00000	0
304	F	1.00000	0	0.00000	0
305	K	1.00000	0	0.00000	0
306	C	1.00000	0	0.00000	0
307	Q	1.00000	0	0.00000	0
308	K	1.00000	0	0.00000	0
309	Q	1.00000	0	0.00000	0
310	P	1.00000	0	0.00000	0
311	V	1.00000	0	0.00000	0
312	Q	1.00000	0	0.00000	0
313	F	1.00000	0	0.00000	0
314	Y	1.00000	0	0.00000	0
315	T	1.00000	0	0.00000	0
316	N	1.00000	0	0.00000	0
317	H	1.00000	0	0.00000	0
318	N	1.00000	0	0.00000	0
319	F	1.00000	0	0.00000	0
320	S	1.00000	0	0.00000	0
321	I	1.00000	0	0.00000	0
322	T	1.00000	0	0.00000	0
323	S	1.00000	0	0.00000	0
324	S	1.00000	0	0.00000	0
325	P	1.00000	0	0.00000	0
326	W	1.00000	0	0.00000	0
327	I	1.00000	0	0.00000	0
328	S	1.00000	0	0.00000	0
329	P	1.00000	0	0.00000	0
330	A	1.00000	0	0.00000	0
331	N	1.00000	0	0.00000	0
332	S	1.00000	0	0.00000	0
333	H	1.00000	0	0.00000	0
334	C	1.00000	0	0.00000	0
335	I	1.00000	0	0.00000	0
336	K	1.00000	0	0.00000	0
337	M	1.00000	0	0.00000	0
338	L	1.00000	0	0.00000	0
339	V	1.00000	0	0.00000	0
340	Y	1.00000	0	0.00000	0
341	Q	1.00000	0	0.00000	0
342	Y	1.00000	0	0.00000	0
343	D	1.00000	0	0.00000	0
344	K	1.00000	0	0.00000	0
345	N	1.00000	0	0.00000	0
346	G	1.00000	0	0.00000	0
347	K	1.00000	0	0.00000	0
348	P	1.00000	0	0.00000	0
349	I	1.00000	0	0.00000	0
350	K	1.00000	0	0.00000	0
351	V	1.00000	0	0.00000	0
352	S	1.00000	0	0.00000	0
353	P	1.00000	0	0.00000	0
