# UNNAMED
#pos	aa	i	o	M	S
1	M	0.00000	0.90498	0.00000	0.09502
2	S	0.00000	0.90498	0.00000	0.09501
3	V	0.00000	0.90498	0.00000	0.09501
4	G	0.00000	0.90498	0.00000	0.09501
5	A	0.00000	0.90498	0.00000	0.09501
6	M	0.00000	0.90498	0.00000	0.09501
7	K	0.00000	0.90498	0.00000	0.09501
8	K	0.00000	0.90498	0.00000	0.09502
9	G	0.00000	0.90498	0.00000	0.09502
10	V	0.00000	0.90498	0.00000	0.09502
11	G	0.00000	0.90498	0.00000	0.09502
12	R	0.00000	0.90498	0.00000	0.09501
13	A	0.00000	0.90498	0.00000	0.09501
14	V	0.00000	0.90501	0.00000	0.09499
15	G	0.00000	0.90501	0.00000	0.09499
16	L	0.00000	0.90501	0.00000	0.09498
17	G	0.00000	0.90501	0.00000	0.09498
18	G	0.00000	0.90501	0.00000	0.09498
19	G	0.00000	0.90502	0.00000	0.09499
20	S	0.00000	0.90527	0.00000	0.09474
21	G	0.00000	0.90532	0.00000	0.09468
22	C	0.00000	0.94435	0.00000	0.05565
23	Q	0.00000	0.97771	0.00000	0.02229
24	A	0.00000	0.97983	0.00000	0.02016
25	T	0.00000	0.99484	0.00000	0.00516
26	E	0.00000	0.99484	0.00000	0.00516
27	E	0.00000	0.99668	0.00000	0.00332
28	D	0.00000	0.99985	0.00000	0.00015
29	P	0.00000	0.99985	0.00000	0.00015
30	L	0.00000	0.99985	0.00000	0.00015
31	P	0.00000	0.99985	0.00000	0.00015
32	N	0.00000	0.99985	0.00000	0.00015
33	C	0.00000	0.99985	0.00000	0.00015
34	G	0.00000	0.99985	0.00000	0.00015
35	A	0.00000	0.99995	0.00000	5e-05
36	C	0.00000	1	0.00000	0
37	A	0.00000	1	0.00000	0
38	P	0.00000	1	0.00000	0
39	G	0.00000	1	0.00000	0
40	Q	0.00000	1	0.00000	0
41	G	0.00000	1	0.00000	0
42	G	0.00000	1	0.00000	0
43	R	0.00000	1	0.00000	0
44	R	0.00000	1	0.00000	0
45	W	0.00000	1	0.00000	0
46	R	0.00000	1	0.00000	0
47	L	0.00000	1	0.00000	0
48	P	0.00000	1	0.00000	0
49	Q	0.00000	1	0.00000	0
50	P	0.00000	1	0.00000	0
51	A	0.00000	1	0.00000	0
52	W	0.00000	1	0.00000	0
53	V	0.00000	1	0.00000	0
54	E	0.00000	1	0.00000	0
55	G	0.00000	1	0.00000	0
56	S	0.00000	1	0.00000	0
57	S	0.00000	1	0.00000	0
58	A	0.00000	1	0.00000	0
59	R	0.00000	1	0.00000	0
60	L	0.00000	1	0.00000	0
61	W	0.00000	1	0.00000	0
62	E	0.00000	1	0.00000	0
63	Q	0.00000	1	0.00000	0
64	A	0.00000	1	0.00000	0
65	T	0.00000	1	0.00000	0
66	G	0.00000	1	0.00000	0
67	T	0.00000	1	0.00000	0
68	G	0.00000	1	0.00000	0
69	W	0.00000	1	0.00000	0
70	M	0.00000	1	0.00000	0
71	D	0.00000	1	0.00000	0
72	L	0.00000	1	0.00000	0
73	E	0.00000	1	0.00000	0
74	A	0.00000	1	0.00000	0
75	S	0.00000	1	0.00000	0
76	L	0.00000	1	0.00000	0
77	L	0.00000	1	0.00000	0
78	P	0.00000	1	0.00000	0
79	T	0.00000	1	0.00000	0
80	G	0.00000	1	0.00000	0
81	P	0.00000	1	0.00000	0
82	N	0.00000	1	0.00000	0
83	A	0.00000	1	0.00000	0
84	S	0.00000	1	0.00000	0
85	N	0.00000	1	0.00000	0
86	T	0.00000	1	0.00000	0
87	S	0.00000	1	0.00000	0
88	D	0.00000	1	0.00000	0
89	G	0.00000	1	0.00000	0
90	P	0.00000	1	0.00000	0
91	D	0.00000	1	0.00000	0
92	N	0.00000	1	0.00000	0
93	L	0.00000	1	0.00000	0
94	T	0.00000	1	0.00000	0
95	S	0.00000	1	0.00000	0
96	A	0.00000	1	0.00000	0
97	G	0.00000	1	0.00000	0
98	S	0.00000	1	0.00000	0
99	P	0.00000	1	0.00000	0
100	P	0.00000	1	0.00000	0
101	R	0.00000	1	0.00000	0
102	T	0.00000	0.99998	0.00002	0
103	G	0.00000	0.99859	0.00141	0
104	S	0.00000	0.98672	0.01328	0
105	I	0.00000	0.98073	0.01927	0
106	S	0.00000	0.97716	0.02284	0
107	Y	0.00000	0.92943	0.07057	0
108	I	0.00000	0.91547	0.08453	0
109	N	0.00000	0.90198	0.09802	0
110	I	0.00000	0.69537	0.30463	0
111	I	0.00000	0.64826	0.35174	0
112	M	0.00000	0.63357	0.36643	0
113	P	0.00000	0.61148	0.38852	0
114	S	0.00000	0.50444	0.49556	0
115	V	0.00000	0.0102	0.98980	0
116	F	0.00000	0.00046	0.99954	0
117	G	0.00000	5e-05	0.99995	0
118	T	0.00000	0	1.00000	0
119	I	0.00000	0	1.00000	0
120	C	0.00000	0	1.00000	0
121	L	0.00000	0	1.00000	0
122	L	0.00000	0	1.00000	0
123	G	0.00000	0	1.00000	0
124	I	0.00000	0	1.00000	0
125	I	0.00000	0	1.00000	0
126	G	0.00000	0	1.00000	0
127	N	0.00000	0	1.00000	0
128	S	0.00000	0	1.00000	0
129	T	0.00000	0	1.00000	0
130	V	0.00000	0	1.00000	0
131	I	0.00000	0	1.00000	0
132	F	0.00000	0	1.00000	0
133	A	0.00041	0	0.99959	0
134	V	0.00684	0	0.99316	0
135	V	0.12401	0	0.87599	0
136	K	0.96280	0	0.03720	0
137	K	0.99864	0	0.00136	0
138	S	0.99974	0	0.00026	0
139	K	0.99999	0	0.00001	0
140	L	0.99999	0	0.00001	0
141	H	1.00000	0	0.00000	0
142	W	1.00000	0	0.00000	0
143	C	1.00000	0	0.00000	0
144	N	1.00000	0	0.00000	0
145	N	1.00000	0	0.00000	0
146	V	1.00000	0	0.00000	0
147	P	1.00000	0	0.00000	0
148	D	0.94465	0	0.05535	0
149	I	0.02644	0	0.97356	0
150	F	0.00009	0	0.99991	0
151	I	0.00000	0	1.00000	0
152	I	0.00000	0	1.00000	0
153	N	0.00000	0	1.00000	0
154	L	0.00000	0	1.00000	0
155	S	0.00000	0	1.00000	0
156	V	0.00000	0	1.00000	0
157	V	0.00000	0	1.00000	0
158	D	0.00000	0	1.00000	0
159	L	0.00000	0	1.00000	0
160	L	0.00000	0	1.00000	0
161	F	0.00000	0	1.00000	0
162	L	0.00000	0	1.00000	0
163	L	0.00000	0	1.00000	0
164	G	0.00000	0	1.00000	0
165	M	0.00000	0	1.00000	0
166	P	0.00000	0	1.00000	0
167	F	0.00000	0.00019	0.99981	0
168	M	0.00000	0.00987	0.99013	0
169	I	0.00000	0.24738	0.75262	0
170	H	0.00000	0.99125	0.00875	0
171	Q	0.00000	0.99998	0.00002	0
172	L	0.00000	0.99998	0.00002	0
173	M	0.00000	0.99999	0.00001	0
174	G	0.00000	1	0.00000	0
175	N	0.00000	1	0.00000	0
176	G	0.00000	1	0.00000	0
177	V	0.00000	1	0.00000	0
178	W	0.00000	1	0.00000	0
179	H	0.00000	1	0.00000	0
180	F	0.00000	1	0.00000	0
181	G	0.00000	1	0.00000	0
182	E	0.00000	1	0.00000	0
183	T	0.00000	0.99997	0.00003	0
184	M	0.00000	0.9994	0.00060	0
185	C	0.00000	0.99924	0.00076	0
186	T	0.00000	0.99712	0.00288	0
187	L	0.00000	0.99052	0.00948	0
188	I	0.00000	0.17033	0.82967	0
189	T	0.00000	0.0143	0.98570	0
190	A	0.00000	0.00417	0.99583	0
191	M	0.00000	0.00302	0.99698	0
192	D	0.00000	0.00214	0.99786	0
193	A	0.00000	0.00025	0.99975	0
194	N	0.00000	0.00015	0.99985	0
195	S	0.00000	0	1.00000	0
196	Q	0.00000	0	1.00000	0
197	F	0.00000	0	1.00000	0
198	T	0.00000	0	1.00000	0
199	S	0.00000	0	1.00000	0
200	T	0.00000	0	1.00000	0
201	Y	0.00000	0	1.00000	0
202	I	0.00000	0	1.00000	0
203	L	0.00000	0	1.00000	0
204	T	0.00000	0	1.00000	0
205	A	0.00000	0	1.00000	0
206	M	0.00000	0	1.00000	0
207	A	0.00000	0	1.00000	0
208	I	0.00001	0	0.99999	0
209	D	0.00006	0	0.99994	0
210	R	0.00990	0	0.99010	0
211	Y	0.13609	0	0.86391	0
212	L	0.84335	0	0.15665	0
213	A	0.95865	0	0.04135	0
214	T	0.99998	0	0.00002	0
215	V	1.00000	0	0.00000	0
216	H	1.00000	0	0.00000	0
217	P	1.00000	0	0.00000	0
218	I	1.00000	0	0.00000	0
219	S	1.00000	0	0.00000	0
220	S	1.00000	0	0.00000	0
221	T	1.00000	0	0.00000	0
222	K	1.00000	0	0.00000	0
223	F	1.00000	0	0.00000	0
224	R	1.00000	0	0.00000	0
225	K	0.99999	0	0.00001	0
226	P	0.99941	0	0.00059	0
227	S	0.95860	0	0.04140	0
228	V	0.67412	0	0.32588	0
229	A	0.26133	0	0.73867	0
230	T	0.15037	0	0.84963	0
231	L	0.02047	0	0.97953	0
232	V	0.00209	0	0.99791	0
233	I	0.00013	0	0.99987	0
234	C	0.00000	0	1.00000	0
235	L	0.00000	0	1.00000	0
236	L	0.00000	0	1.00000	0
237	W	0.00000	0	1.00000	0
238	A	0.00000	0	1.00000	0
239	L	0.00000	0	1.00000	0
240	S	0.00000	0	1.00000	0
241	F	0.00000	0	1.00000	0
242	I	0.00000	0	1.00000	0
243	S	0.00000	0	1.00000	0
244	I	0.00000	0	1.00000	0
245	T	0.00000	1e-05	0.99999	0
246	P	0.00000	0.00023	0.99977	0
247	V	0.00000	0.00097	0.99903	0
248	W	0.00000	0.01059	0.98941	0
249	L	0.00000	0.04479	0.95521	0
250	Y	0.00000	0.24965	0.75035	0
251	A	0.00000	0.43088	0.56912	0
252	R	0.00000	0.94068	0.05932	0
253	L	0.00000	0.95481	0.04519	0
254	I	0.00000	0.97791	0.02209	0
255	P	0.00000	0.99939	0.00061	0
256	F	0.00000	0.99979	0.00021	0
257	P	0.00000	1	0.00000	0
258	G	0.00000	1	0.00000	0
259	G	0.00000	1	0.00000	0
260	A	0.00000	1	0.00000	0
261	V	0.00000	1	0.00000	0
262	G	0.00000	1	0.00000	0
263	C	0.00000	1	0.00000	0
264	G	0.00000	1	0.00000	0
265	I	0.00000	1	0.00000	0
266	R	0.00000	1	0.00000	0
267	L	0.00000	1	0.00000	0
268	P	0.00000	1	0.00000	0
269	N	0.00000	1	0.00000	0
270	P	0.00000	1	0.00000	0
271	D	0.00000	1	0.00000	0
272	T	0.00000	0.99997	0.00003	0
273	D	0.00000	0.99965	0.00035	0
274	L	0.00000	0.96975	0.03025	0
275	Y	0.00000	0.78486	0.21514	0
276	W	0.00000	0.20489	0.79511	0
277	F	0.00000	0.05254	0.94746	0
278	T	0.00000	0.0223	0.97770	0
279	L	0.00000	0.00679	0.99321	0
280	Y	0.00000	0.00064	0.99936	0
281	Q	0.00000	0.00026	0.99974	0
282	F	0.00000	0	1.00000	0
283	F	0.00000	0	1.00000	0
284	L	0.00000	0	1.00000	0
285	A	0.00000	0	1.00000	0
286	F	0.00000	0	1.00000	0
287	A	0.00000	0	1.00000	0
288	L	0.00000	0	1.00000	0
289	P	0.00000	0	1.00000	0
290	F	0.00000	0	1.00000	0
291	V	0.00000	0	1.00000	0
292	V	0.00000	0	1.00000	0
293	I	0.00000	0	1.00000	0
294	T	0.00000	0	1.00000	0
295	A	0.00003	0	0.99997	0
296	A	0.00034	0	0.99966	0
297	Y	0.00182	0	0.99818	0
298	V	0.03226	0	0.96774	0
299	R	0.27276	0	0.72724	0
300	I	0.30963	0	0.69037	0
301	L	0.49090	0	0.50910	0
302	Q	0.99862	0	0.00138	0
303	R	0.99995	0	0.00005	0
304	M	1.00000	0	0.00000	0
305	T	1.00000	0	0.00000	0
306	S	1.00000	0	0.00000	0
307	S	1.00000	0	0.00000	0
308	V	1.00000	0	0.00000	0
309	A	1.00000	0	0.00000	0
310	P	1.00000	0	0.00000	0
311	A	1.00000	0	0.00000	0
312	S	1.00000	0	0.00000	0
313	Q	1.00000	0	0.00000	0
314	R	1.00000	0	0.00000	0
315	S	1.00000	0	0.00000	0
316	I	1.00000	0	0.00000	0
317	R	1.00000	0	0.00000	0
318	L	0.99998	0	0.00002	0
319	R	0.99997	0	0.00003	0
320	T	0.99706	0	0.00294	0
321	K	0.96424	0	0.03576	0
322	R	0.91537	0	0.08463	0
323	V	0.88898	0	0.11102	0
324	T	0.80634	0	0.19366	0
325	R	0.79599	0	0.20401	0
326	T	0.09182	0	0.90818	0
327	A	0.08930	0	0.91070	0
328	I	0.00072	0	0.99928	0
329	A	0.00015	0	0.99985	0
330	I	0.00007	0	0.99993	0
331	C	0.00001	0	0.99999	0
332	L	0.00000	0	1.00000	0
333	V	0.00000	0	1.00000	0
334	F	0.00000	0	1.00000	0
335	F	0.00000	0	1.00000	0
336	V	0.00000	0	1.00000	0
337	C	0.00000	0	1.00000	0
338	W	0.00000	0	1.00000	0
339	A	0.00000	0	1.00000	0
340	P	0.00000	0	1.00000	0
341	Y	0.00000	2e-05	0.99998	0
342	Y	0.00000	9e-05	0.99991	0
343	V	0.00000	0.00233	0.99767	0
344	L	0.00000	0.01539	0.98461	0
345	Q	0.00000	0.09671	0.90329	0
346	L	0.00000	0.1804	0.81960	0
347	T	0.00000	0.51331	0.48669	0
348	Q	0.00000	0.63178	0.36822	0
349	L	0.00000	0.66716	0.33284	0
350	S	0.00000	0.84306	0.15694	0
351	I	0.00000	0.87896	0.12104	0
352	S	0.00000	0.97046	0.02954	0
353	R	0.00000	0.99953	0.00047	0
354	P	0.00000	0.9996	0.00040	0
355	T	0.00000	0.98276	0.01724	0
356	L	0.00000	0.88591	0.11409	0
357	T	0.00000	0.7887	0.21130	0
358	F	0.00000	0.36008	0.63992	0
359	V	0.00000	0.15377	0.84623	0
360	Y	0.00000	0.09359	0.90641	0
361	L	0.00000	0.0192	0.98080	0
362	Y	0.00000	0.00443	0.99557	0
363	N	0.00000	0.00273	0.99727	0
364	A	0.00000	5e-05	0.99995	0
365	A	0.00000	0	1.00000	0
366	I	0.00000	0	1.00000	0
367	S	0.00000	0	1.00000	0
368	L	0.00000	0	1.00000	0
369	G	0.00000	0	1.00000	0
370	Y	0.00000	0	1.00000	0
371	A	0.00000	0	1.00000	0
372	N	0.00000	0	1.00000	0
373	S	0.00000	0	1.00000	0
374	C	0.00000	0	1.00000	0
375	L	0.00005	0	0.99995	0
376	N	0.00019	0	0.99981	0
377	P	0.00066	0	0.99934	0
378	F	0.00238	0	0.99762	0
379	V	0.03495	0	0.96505	0
380	Y	0.06128	0	0.93872	0
381	I	0.09131	0	0.90869	0
382	V	0.54252	0	0.45748	0
383	L	0.87606	0	0.12394	0
384	C	0.97672	0	0.02328	0
385	E	1.00000	0	0.00000	0
386	T	1.00000	0	0.00000	0
387	F	1.00000	0	0.00000	0
388	R	1.00000	0	0.00000	0
389	K	1.00000	0	0.00000	0
390	R	1.00000	0	0.00000	0
391	L	1.00000	0	0.00000	0
392	V	1.00000	0	0.00000	0
393	L	1.00000	0	0.00000	0
394	S	1.00000	0	0.00000	0
395	V	1.00000	0	0.00000	0
396	K	1.00000	0	0.00000	0
397	P	1.00000	0	0.00000	0
398	A	1.00000	0	0.00000	0
399	A	1.00000	0	0.00000	0
400	Q	1.00000	0	0.00000	0
401	G	1.00000	0	0.00000	0
402	Q	1.00000	0	0.00000	0
403	L	1.00000	0	0.00000	0
404	R	1.00000	0	0.00000	0
405	A	1.00000	0	0.00000	0
406	V	1.00000	0	0.00000	0
407	S	1.00000	0	0.00000	0
408	N	1.00000	0	0.00000	0
409	A	1.00000	0	0.00000	0
410	Q	1.00000	0	0.00000	0
411	T	1.00000	0	0.00000	0
412	A	1.00000	0	0.00000	0
413	D	1.00000	0	0.00000	0
414	E	1.00000	0	0.00000	0
415	E	1.00000	0	0.00000	0
416	R	1.00000	0	0.00000	0
417	T	1.00000	0	0.00000	0
418	E	1.00000	0	0.00000	0
419	S	1.00000	0	0.00000	0
420	K	1.00000	0	0.00000	0
421	G	1.00000	0	0.00000	0
422	T	1.00000	0	0.00000	0
