# UNNAMED
#pos	aa	i	o	M	S
1	M	0.00000	1	0.00000	0
2	W	0.00000	1	0.00000	0
3	F	0.00000	1	0.00000	0
4	L	0.00000	0.97269	0.02731	0
5	T	0.00000	0.9556	0.04440	0
6	T	0.00000	0.28976	0.71024	0
7	L	0.00000	0.08726	0.91274	0
8	L	0.00000	0.00545	0.99455	0
9	L	0.00000	0	1.00000	0
10	W	0.00000	0	1.00000	0
11	V	0.00000	0	1.00000	0
12	P	0.00000	0	1.00000	0
13	V	0.00000	0	1.00000	0
14	D	0.00000	0	1.00000	0
15	G	0.00000	0	1.00000	0
16	Q	0.00000	0	1.00000	0
17	V	0.00000	0	1.00000	0
18	D	0.00000	0	1.00000	0
19	T	0.00000	0	1.00000	0
20	T	0.00000	0	1.00000	0
21	K	0.00000	0	1.00000	0
22	A	0.00000	0	1.00000	0
23	V	0.00005	0	0.99995	0
24	I	0.00238	0	0.99762	0
25	T	0.29160	0	0.70840	0
26	L	0.80195	0	0.19805	0
27	Q	0.97348	0	0.02652	0
28	P	0.99772	0	0.00228	0
29	P	0.99943	0	0.00057	0
30	W	0.99290	0	0.00710	0
31	V	0.93030	0	0.06970	0
32	S	0.86410	0	0.13590	0
33	V	0.57900	0	0.42100	0
34	F	0.53006	0	0.46994	0
35	Q	0.52889	0	0.47111	0
36	E	0.52862	0	0.47138	0
37	E	0.52708	0	0.47292	0
38	T	0.33993	0	0.66007	0
39	V	0.02995	0	0.97005	0
40	T	0.00455	0	0.99545	0
41	L	0.00000	0	1.00000	0
42	H	0.00000	0	1.00000	0
43	C	0.00000	0	1.00000	0
44	E	0.00000	0	1.00000	0
45	V	0.00000	0	1.00000	0
46	L	0.00000	0	1.00000	0
47	H	0.00000	0	1.00000	0
48	L	0.00000	0	1.00000	0
49	P	0.00000	0.00069	0.99931	0
50	G	0.00000	0.01523	0.98477	0
51	S	0.00000	0.06528	0.93472	0
52	S	0.00000	0.13392	0.86608	0
53	S	0.00000	0.35808	0.64192	0
54	T	0.00000	0.47056	0.52944	0
55	Q	0.00000	0.47062	0.52938	0
56	W	0.00000	0.47064	0.52936	0
57	F	0.00000	0.47202	0.52798	0
58	L	0.00000	0.52206	0.47794	0
59	N	0.00000	0.99731	0.00269	0
60	G	0.00000	0.9999	0.00010	0
61	T	0.00000	0.9996	0.00040	0
62	A	0.00000	0.9992	0.00080	0
63	T	0.00000	0.99906	0.00094	0
64	Q	0.00000	0.99889	0.00111	0
65	T	0.00000	0.99885	0.00115	0
66	S	0.00000	0.9987	0.00130	0
67	T	0.00000	0.80774	0.19226	0
68	P	0.00000	0.61769	0.38231	0
69	S	0.00000	0.03627	0.96373	0
70	Y	0.00000	0.00021	0.99979	0
71	R	0.00000	0	1.00000	0
72	I	0.00000	0	1.00000	0
73	T	0.00000	0	1.00000	0
74	S	0.00000	0	1.00000	0
75	A	0.00000	0	1.00000	0
76	S	0.00000	0	1.00000	0
77	V	0.00000	0	1.00000	0
78	N	0.00000	0	1.00000	0
79	D	0.00000	0	1.00000	0
80	S	0.00000	0	1.00000	0
81	G	0.00001	0	0.99999	0
82	E	0.00002	0	0.99998	0
83	Y	0.00028	0	0.99972	0
84	R	0.00110	0	0.99890	0
85	C	0.00113	0	0.99887	0
86	Q	0.00363	0	0.99637	0
87	R	0.19996	0	0.80004	0
88	G	0.75319	0	0.24681	0
89	L	0.99997	0	0.00003	0
90	S	0.99999	0	0.00001	0
91	G	1.00000	0	0.00000	0
92	R	1.00000	0	0.00000	0
93	S	1.00000	0	0.00000	0
94	D	1.00000	0	0.00000	0
95	P	1.00000	0	0.00000	0
96	I	0.99999	0	0.00001	0
97	Q	0.99999	0	0.00001	0
98	L	0.99934	0	0.00066	0
99	E	0.99932	0	0.00068	0
100	I	0.99504	0	0.00496	0
101	H	0.99124	0	0.00876	0
102	R	0.94447	0	0.05553	0
103	G	0.26461	0	0.73539	0
104	W	0.09362	0	0.90638	0
105	L	0.00879	0	0.99121	0
106	L	0.00088	0	0.99912	0
107	L	0.00061	0	0.99939	0
108	Q	0.00035	0	0.99965	0
109	V	0.00000	0	1.00000	0
110	S	0.00000	0	1.00000	0
111	S	0.00000	0	1.00000	0
112	R	0.00000	0	1.00000	0
113	V	0.00000	0	1.00000	0
114	F	0.00000	0	1.00000	0
115	M	0.00000	0	1.00000	0
116	E	0.00000	8e-05	0.99992	0
117	G	0.00000	0.00059	0.99941	0
118	E	0.00000	0.00066	0.99934	0
119	P	0.00000	0.0007	0.99930	0
120	L	0.00000	0.00078	0.99922	0
121	A	0.00000	0.00151	0.99849	0
122	L	0.00000	0.01091	0.98909	0
123	R	0.00000	0.77941	0.22059	0
124	C	0.00000	0.87919	0.12081	0
125	H	0.00000	0.9344	0.06560	0
126	A	0.00000	0.95922	0.04078	0
127	W	0.00000	0.98768	0.01232	0
128	K	0.00000	1	0.00000	0
129	D	0.00000	1	0.00000	0
130	K	0.00000	1	0.00000	0
131	L	0.00000	1	0.00000	0
132	V	0.00000	1	0.00000	0
133	Y	0.00000	1	0.00000	0
134	N	0.00000	0.99992	0.00008	0
135	V	0.00000	0.99539	0.00461	0
136	L	0.00000	0.99372	0.00628	0
137	Y	0.00000	0.98754	0.01246	0
138	Y	0.00000	0.98753	0.01247	0
139	R	0.00000	0.98752	0.01248	0
140	N	0.00000	0.95834	0.04166	0
141	G	0.00000	0.95829	0.04171	0
142	K	0.00000	0.95823	0.04177	0
143	A	0.00000	0.3056	0.69440	0
144	F	0.00000	0.26482	0.73518	0
145	K	0.00000	0.24169	0.75831	0
146	F	0.00000	0.00683	0.99317	0
147	F	0.00000	1e-05	0.99999	0
148	H	0.00000	0	1.00000	0
149	W	0.00000	0	1.00000	0
150	N	0.00000	0	1.00000	0
151	S	0.00000	0	1.00000	0
152	N	0.00000	0	1.00000	0
153	L	0.00000	0	1.00000	0
154	T	0.00000	0	1.00000	0
155	I	0.00000	0	1.00000	0
156	L	0.00005	0	0.99995	0
157	K	0.00439	0	0.99561	0
158	T	0.00562	0	0.99438	0
159	N	0.00699	0	0.99301	0
160	I	0.00786	0	0.99214	0
161	S	0.02410	0	0.97590	0
162	H	0.03980	0	0.96020	0
163	N	0.04418	0	0.95582	0
164	G	0.05982	0	0.94018	0
165	T	0.12372	0	0.87628	0
166	Y	0.15945	0	0.84055	0
167	H	0.91091	0	0.08909	0
168	C	0.92931	0	0.07069	0
169	S	0.99845	0	0.00155	0
170	G	0.99997	0	0.00003	0
171	M	0.99936	0	0.00064	0
172	G	0.99934	0	0.00066	0
173	K	0.99925	0	0.00075	0
174	H	0.99923	0	0.00077	0
175	R	0.97507	0	0.02493	0
176	Y	0.97396	0	0.02604	0
177	T	0.79390	0	0.20610	0
178	S	0.04835	0	0.95165	0
179	A	0.00019	0	0.99981	0
180	G	0.00002	0	0.99998	0
181	I	0.00002	0	0.99998	0
182	S	0.00002	0	0.99998	0
183	Q	0.00002	0	0.99998	0
184	Y	0.00002	0	0.99998	0
185	T	0.00000	0	1.00000	0
186	V	0.00000	0	1.00000	0
187	K	0.00000	0	1.00000	0
188	G	0.00000	0	1.00000	0
189	L	0.00000	0	1.00000	0
190	Q	0.00000	1e-05	0.99999	0
191	L	0.00000	3e-05	0.99997	0
192	P	0.00000	0.00036	0.99964	0
193	T	0.00000	0.00053	0.99947	0
194	P	0.00000	0.00195	0.99805	0
195	V	0.00000	0.00431	0.99569	0
196	W	0.00000	0.0203	0.97970	0
197	F	0.00000	0.1699	0.83010	0
198	H	0.00000	0.93376	0.06624	0
199	V	0.00000	0.84256	0.15744	0
200	L	0.00000	0.12674	0.87326	0
201	F	0.00000	0.00062	0.99938	0
202	Y	0.00000	0	1.00000	0
203	L	0.00000	0	1.00000	0
204	A	0.00000	0	1.00000	0
205	V	0.00000	0	1.00000	0
206	G	0.00000	0	1.00000	0
207	I	0.00000	0	1.00000	0
208	M	0.00000	0	1.00000	0
209	F	0.00000	0	1.00000	0
210	L	0.00000	0	1.00000	0
211	V	0.00000	0	1.00000	0
212	N	0.00000	1e-05	0.99999	0
213	T	0.00000	1e-05	0.99999	0
214	V	0.00000	1e-05	0.99999	0
215	L	0.00001	1e-05	0.99998	0
216	W	0.00003	1e-05	0.99996	0
217	V	0.00012	1e-05	0.99986	0
218	T	0.00464	1e-05	0.99535	0
219	I	0.16106	1e-05	0.83892	0
220	R	0.99998	2e-05	0.00000	0
221	K	0.99998	2e-05	0.00000	0
222	E	0.99998	2e-05	0.00000	0
223	L	0.99998	2e-05	0.00000	0
224	K	0.99998	2e-05	0.00000	0
225	R	0.99998	2e-05	0.00000	0
226	K	0.99998	2e-05	0.00000	0
227	K	0.99998	1e-05	0.00000	0
228	K	0.99998	1e-05	0.00001	0
229	W	0.99998	0	0.00002	0
230	N	0.99998	0	0.00002	0
231	L	0.99998	0	0.00002	0
232	E	0.99998	0	0.00002	0
233	I	0.99998	0	0.00002	0
234	S	0.99998	0	0.00002	0
235	L	0.99998	0	0.00002	0
236	D	0.99998	0	0.00002	0
237	S	0.99998	0	0.00002	0
238	G	0.99998	0	0.00002	0
239	H	0.99998	0	0.00002	0
240	E	0.99998	0	0.00002	0
241	K	0.99998	0	0.00002	0
242	K	0.99998	0	0.00002	0
243	V	0.99998	0	0.00002	0
244	I	0.99998	0	0.00002	0
245	S	0.99998	0	0.00002	0
246	S	0.99998	0	0.00002	0
247	L	0.99998	0	0.00002	0
248	Q	1.00000	0	0.00000	0
249	E	1.00000	0	0.00000	0
250	D	1.00000	0	0.00000	0
251	R	1.00000	0	0.00000	0
252	H	1.00000	0	0.00000	0
253	L	1.00000	0	0.00000	0
254	E	1.00000	0	0.00000	0
255	E	1.00000	0	0.00000	0
256	E	1.00000	0	0.00000	0
257	L	1.00000	0	0.00000	0
258	K	1.00000	0	0.00000	0
259	C	1.00000	0	0.00000	0
260	Q	1.00000	0	0.00000	0
261	E	1.00000	0	0.00000	0
262	Q	1.00000	0	0.00000	0
263	K	1.00000	0	0.00000	0
264	E	1.00000	0	0.00000	0
265	E	1.00000	0	0.00000	0
266	Q	1.00000	0	0.00000	0
267	L	1.00000	0	0.00000	0
268	Q	1.00000	0	0.00000	0
269	E	1.00000	0	0.00000	0
270	G	1.00000	0	0.00000	0
271	V	1.00000	0	0.00000	0
272	H	1.00000	0	0.00000	0
273	R	1.00000	0	0.00000	0
274	K	1.00000	0	0.00000	0
275	E	1.00000	0	0.00000	0
276	P	1.00000	0	0.00000	0
277	Q	1.00000	0	0.00000	0
278	G	1.00000	0	0.00000	0
279	A	1.00000	0	0.00000	0
280	T	1.00000	0	0.00000	0
