# UNNAMED
#pos	aa	i	o	M	S
1	M	0.00000	0.8219	0.00000	0.1781
2	A	0.00000	0.8219	0.00000	0.1781
3	M	0.00000	0.8219	0.00000	0.1781
4	D	0.00000	0.8219	0.00000	0.1781
5	N	0.00000	0.8219	0.00000	0.17811
6	V	0.00000	0.8219	0.00000	0.17811
7	T	0.00000	0.8219	0.00000	0.1781
8	A	0.00000	0.8219	0.00000	0.1781
9	V	0.00000	0.8219	0.00000	0.1781
10	F	0.00000	0.8219	0.00000	0.1781
11	Q	0.00000	0.8219	0.00000	0.1781
12	F	0.00000	0.8219	0.00000	0.17811
13	L	0.00000	0.8219	0.00000	0.1781
14	L	0.00000	0.8219	0.00000	0.1781
15	I	0.00000	0.8219	0.00000	0.1781
16	G	0.00000	0.8219	0.00000	0.1781
17	I	0.00000	0.82391	0.00000	0.17609
18	S	0.00000	0.82395	0.00000	0.17605
19	N	0.00000	0.99701	0.00000	0.00299
20	Y	0.00000	0.99903	0.00000	0.00097
21	P	0.00000	0.99903	0.00000	0.00097
22	Q	0.00000	0.99995	0.00000	5e-05
23	W	0.00000	1	0.00000	0
24	R	0.00000	1	0.00000	0
25	D	0.00000	1	0.00000	0
26	T	0.00000	0.80381	0.19619	0
27	F	0.00000	0.57094	0.42906	0
28	F	0.00000	0.52654	0.47346	0
29	T	0.00000	0.50486	0.49514	0
30	L	0.00000	0.47802	0.52198	0
31	V	0.00000	0.04385	0.95615	0
32	L	0.00000	0.00239	0.99761	0
33	I	0.00000	4e-05	0.99996	0
34	I	0.00000	0	1.00000	0
35	Y	0.00000	0	1.00000	0
36	L	0.00000	0	1.00000	0
37	S	0.00000	0	1.00000	0
38	T	0.00000	0	1.00000	0
39	L	0.00000	0	1.00000	0
40	L	0.00000	0	1.00000	0
41	G	0.00000	0	1.00000	0
42	N	0.00000	0	1.00000	0
43	G	0.00000	0	1.00000	0
44	F	0.00000	0	1.00000	0
45	M	0.00000	0	1.00000	0
46	I	0.00000	0	1.00000	0
47	F	0.00003	0	0.99997	0
48	L	0.00243	0	0.99757	0
49	I	0.04949	0	0.95051	0
50	H	0.37245	0	0.62755	0
51	F	0.50262	0	0.49738	0
52	D	0.99727	0	0.00273	0
53	P	0.99996	0	0.00004	0
54	N	1.00000	0	0.00000	0
55	L	1.00000	0	0.00000	0
56	H	1.00000	0	0.00000	0
57	T	1.00000	0	0.00000	0
58	P	1.00000	0	0.00000	0
59	I	0.21495	0	0.78505	0
60	Y	0.17759	0	0.82241	0
61	F	0.03439	0	0.96561	0
62	F	0.00095	0	0.99905	0
63	L	0.00018	0	0.99982	0
64	S	0.00010	0	0.99990	0
65	N	0.00000	0	1.00000	0
66	L	0.00000	0	1.00000	0
67	S	0.00000	0	1.00000	0
68	F	0.00000	0	1.00000	0
69	L	0.00000	0	1.00000	0
70	D	0.00000	0	1.00000	0
71	L	0.00000	0	1.00000	0
72	C	0.00000	0	1.00000	0
73	Y	0.00000	0	1.00000	0
74	G	0.00000	0	1.00000	0
75	T	0.00000	0	1.00000	0
76	A	0.00000	0	1.00000	0
77	S	0.00000	0	1.00000	0
78	M	0.00000	0.00078	0.99922	0
79	P	0.00000	0.0121	0.98790	0
80	Q	0.00000	0.03021	0.96979	0
81	A	0.00000	0.04495	0.95505	0
82	L	0.00000	0.08056	0.91944	0
83	V	0.00000	0.48478	0.51522	0
84	H	0.00000	1	0.00000	0
85	C	0.00000	1	0.00000	0
86	F	0.00000	1	0.00000	0
87	S	0.00000	1	0.00000	0
88	T	0.00000	1	0.00000	0
89	H	0.00000	1	0.00000	0
90	P	0.00000	1	0.00000	0
91	Y	0.00000	1	0.00000	0
92	L	0.00000	1	0.00000	0
93	S	0.00000	1	0.00000	0
94	Y	0.00000	0.99999	0.00001	0
95	P	0.00000	0.99996	0.00004	0
96	R	0.00000	0.98303	0.01697	0
97	C	0.00000	0.96324	0.03676	0
98	L	0.00000	0.85434	0.14566	0
99	A	0.00000	0.66905	0.33095	0
100	Q	0.00000	0.61547	0.38453	0
101	T	0.00000	0.45486	0.54514	0
102	S	0.00000	0.27055	0.72945	0
103	V	0.00000	0.01241	0.98759	0
104	S	0.00000	0.0016	0.99840	0
105	L	0.00000	2e-05	0.99998	0
106	A	0.00000	0	1.00000	0
107	L	0.00000	0	1.00000	0
108	A	0.00000	0	1.00000	0
109	T	0.00000	0	1.00000	0
110	A	0.00000	0	1.00000	0
111	E	0.00000	0	1.00000	0
112	C	0.00000	0	1.00000	0
113	L	0.00000	0	1.00000	0
114	L	0.00000	0	1.00000	0
115	L	0.00000	0	1.00000	0
116	A	0.00000	0	1.00000	0
117	A	0.00000	0	1.00000	0
118	M	0.00000	0	1.00000	0
119	A	0.00000	0	1.00000	0
120	Y	0.00002	0	0.99998	0
121	D	0.00022	0	0.99978	0
122	R	0.05027	0	0.94973	0
123	V	0.21794	0	0.78206	0
124	V	0.93498	0	0.06502	0
125	A	0.99726	0	0.00274	0
126	I	1.00000	0	0.00000	0
127	S	1.00000	0	0.00000	0
128	N	1.00000	0	0.00000	0
129	P	1.00000	0	0.00000	0
130	L	1.00000	0	0.00000	0
131	R	1.00000	0	0.00000	0
132	Y	1.00000	0	0.00000	0
133	S	1.00000	0	0.00000	0
134	V	1.00000	0	0.00000	0
135	V	1.00000	0	0.00000	0
136	M	0.99999	0	0.00001	0
137	N	0.99997	0	0.00003	0
138	G	0.99913	0	0.00087	0
139	P	0.99300	0	0.00700	0
140	V	0.32964	0	0.67036	0
141	C	0.00196	0	0.99804	0
142	V	0.00010	0	0.99990	0
143	C	0.00000	0	1.00000	0
144	L	0.00000	0	1.00000	0
145	V	0.00000	0	1.00000	0
146	A	0.00000	0	1.00000	0
147	T	0.00000	0	1.00000	0
148	S	0.00000	0	1.00000	0
149	W	0.00000	0	1.00000	0
150	G	0.00000	0	1.00000	0
151	T	0.00000	0	1.00000	0
152	S	0.00000	0	1.00000	0
153	L	0.00000	0	1.00000	0
154	V	0.00000	0	1.00000	0
155	L	0.00000	0	1.00000	0
156	T	0.00000	0	1.00000	0
157	A	0.00000	0	1.00000	0
158	M	0.00000	0	1.00000	0
159	L	0.00000	0.00019	0.99981	0
160	I	0.00000	0.01008	0.98992	0
161	L	0.00000	0.11144	0.88856	0
162	S	0.00000	0.71825	0.28175	0
163	L	0.00000	0.8498	0.15020	0
164	R	0.00000	0.99589	0.00411	0
165	L	0.00000	0.99789	0.00211	0
166	H	0.00000	0.99983	0.00017	0
167	F	0.00000	0.99993	0.00007	0
168	C	0.00000	1	0.00000	0
169	G	0.00000	1	0.00000	0
170	A	0.00000	1	0.00000	0
171	N	0.00000	1	0.00000	0
172	V	0.00000	1	0.00000	0
173	I	0.00000	1	0.00000	0
174	N	0.00000	1	0.00000	0
175	H	0.00000	1	0.00000	0
176	F	0.00000	1	0.00000	0
177	A	0.00000	1	0.00000	0
178	C	0.00000	1	0.00000	0
179	E	0.00000	1	0.00000	0
180	I	0.00000	1	0.00000	0
181	L	0.00000	1	0.00000	0
182	S	0.00000	1	0.00000	0
183	L	0.00000	1	0.00000	0
184	I	0.00000	1	0.00000	0
185	K	0.00000	1	0.00000	0
186	L	0.00000	1	0.00000	0
187	T	0.00000	1	0.00000	0
188	C	0.00000	1	0.00000	0
189	S	0.00000	1	0.00000	0
190	D	0.00000	0.99993	0.00007	0
191	T	0.00000	0.9997	0.00030	0
192	S	0.00000	0.99129	0.00871	0
193	L	0.00000	0.98803	0.01197	0
194	N	0.00000	0.98752	0.01248	0
195	E	0.00000	0.98096	0.01904	0
196	F	0.00000	0.37962	0.62038	0
197	M	0.00000	0.00179	0.99821	0
198	I	0.00000	0.00034	0.99966	0
199	L	0.00000	8e-05	0.99992	0
200	I	0.00000	0	1.00000	0
201	T	0.00000	0	1.00000	0
202	S	0.00000	0	1.00000	0
203	I	0.00000	0	1.00000	0
204	F	0.00000	0	1.00000	0
205	T	0.00000	0	1.00000	0
206	L	0.00000	0	1.00000	0
207	L	0.00000	0	1.00000	0
208	L	0.00000	0	1.00000	0
209	P	0.00000	0	1.00000	0
210	F	0.00000	0	1.00000	0
211	G	0.00000	0	1.00000	0
212	F	0.00000	0	1.00000	0
213	V	0.00000	0	1.00000	0
214	L	0.00000	0	1.00000	0
215	L	0.00023	0	0.99977	0
216	S	0.00186	0	0.99814	0
217	Y	0.00305	0	0.99695	0
218	I	0.03456	0	0.96544	0
219	R	0.44907	0	0.55093	0
220	I	0.48680	0	0.51320	0
221	A	0.67532	0	0.32468	0
222	M	0.96770	0	0.03230	0
223	A	0.99427	0	0.00573	0
224	I	0.99988	0	0.00012	0
225	I	0.99996	0	0.00004	0
226	R	1.00000	0	0.00000	0
227	I	1.00000	0	0.00000	0
228	R	1.00000	0	0.00000	0
229	S	1.00000	0	0.00000	0
230	L	0.99998	0	0.00002	0
231	Q	0.99986	0	0.00014	0
232	G	0.99914	0	0.00086	0
233	R	0.96412	0	0.03588	0
234	L	0.61261	0	0.38739	0
235	K	0.46788	0	0.53212	0
236	A	0.11200	0	0.88800	0
237	F	0.04013	0	0.95987	0
238	T	0.00034	0	0.99966	0
239	T	0.00033	0	0.99967	0
240	C	0.00005	0	0.99995	0
241	G	0.00002	0	0.99998	0
242	S	0.00001	0	0.99999	0
243	H	0.00001	0	0.99999	0
244	L	0.00000	0	1.00000	0
245	T	0.00000	0	1.00000	0
246	V	0.00000	0	1.00000	0
247	V	0.00000	0	1.00000	0
248	T	0.00000	0	1.00000	0
249	I	0.00000	0	1.00000	0
250	F	0.00000	0	1.00000	0
251	Y	0.00000	0	1.00000	0
252	G	0.00000	2e-05	0.99998	0
253	S	0.00000	9e-05	0.99991	0
254	A	0.00000	0.00034	0.99966	0
255	I	0.00000	0.00313	0.99687	0
256	S	0.00000	0.02535	0.97465	0
257	M	0.00000	0.03085	0.96915	0
258	Y	0.00000	0.12869	0.87131	0
259	M	0.00000	0.30818	0.69182	0
260	K	0.00000	0.98742	0.01258	0
261	T	0.00000	0.99525	0.00475	0
262	Q	0.00000	0.99968	0.00032	0
263	S	0.00000	0.99997	0.00003	0
264	K	0.00000	1	0.00000	0
265	S	0.00000	1	0.00000	0
266	Y	0.00000	1	0.00000	0
267	P	0.00000	0.99997	0.00003	0
268	D	0.00000	0.99954	0.00046	0
269	Q	0.00000	0.98221	0.01779	0
270	D	0.00000	0.97378	0.02622	0
271	K	0.00000	0.67675	0.32325	0
272	F	0.00000	0.03184	0.96816	0
273	I	0.00000	2e-05	0.99998	0
274	S	0.00000	0	1.00000	0
275	V	0.00000	0	1.00000	0
276	F	0.00000	0	1.00000	0
277	Y	0.00000	0	1.00000	0
278	G	0.00000	0	1.00000	0
279	A	0.00000	0	1.00000	0
280	L	0.00000	0	1.00000	0
281	T	0.00000	0	1.00000	0
282	P	0.00000	0	1.00000	0
283	M	0.00000	0	1.00000	0
284	L	0.00000	0	1.00000	0
285	N	0.00000	0	1.00000	0
286	P	0.00000	0	1.00000	0
287	L	0.00000	0	1.00000	0
288	I	0.00001	0	0.99999	0
289	Y	0.00010	0	0.99990	0
290	S	0.00101	0	0.99899	0
291	L	0.01564	0	0.98436	0
292	R	1.00000	0	0.00000	0
293	K	1.00000	0	0.00000	0
294	K	1.00000	0	0.00000	0
295	D	1.00000	0	0.00000	0
296	V	1.00000	0	0.00000	0
297	K	1.00000	0	0.00000	0
298	R	1.00000	0	0.00000	0
299	A	1.00000	0	0.00000	0
300	I	1.00000	0	0.00000	0
301	R	1.00000	0	0.00000	0
302	K	1.00000	0	0.00000	0
303	V	1.00000	0	0.00000	0
304	M	1.00000	0	0.00000	0
305	L	1.00000	0	0.00000	0
306	K	1.00000	0	0.00000	0
307	R	1.00000	0	0.00000	0
308	T	1.00000	0	0.00000	0
