# UNNAMED
#pos	aa	i	o	M	S
1	M	0.00000	0.99758	0.00000	0.00242
2	A	0.00000	0.99758	0.00000	0.00242
3	Q	0.00000	0.99758	0.00000	0.00242
4	R	0.00000	0.99758	0.00000	0.00242
5	Q	0.00000	0.99758	0.00000	0.00242
6	P	0.00000	0.99758	0.00000	0.00243
7	H	0.00000	0.99758	0.00000	0.00243
8	S	0.00000	0.99758	0.00000	0.00243
9	P	0.00000	0.99758	0.00000	0.00242
10	N	0.00000	0.99758	0.00000	0.00242
11	Q	0.00000	0.99758	0.00000	0.00242
12	T	0.00000	0.99758	0.00000	0.00242
13	L	0.00000	0.99758	0.00000	0.00242
14	I	0.00000	0.99758	0.00000	0.00242
15	S	0.00000	0.99758	0.00000	0.00242
16	I	0.00000	0.99758	0.00000	0.00242
17	T	0.00000	0.99758	0.00000	0.00242
18	N	0.00000	0.99758	0.00000	0.00242
19	D	0.00000	0.99758	0.00000	0.00242
20	T	0.00000	0.99758	0.00000	0.00242
21	E	0.00000	0.99763	0.00000	0.00237
22	S	0.00000	0.99763	0.00000	0.00237
23	S	0.00000	0.9995	0.00000	0.0005
24	S	0.00000	0.9995	0.00000	0.0005
25	S	0.00000	0.99984	0.00000	0.00016
26	V	0.00000	1	0.00000	0
27	V	0.00000	1	0.00000	0
28	S	0.00000	1	0.00000	0
29	N	0.00000	1	0.00000	0
30	D	0.00000	1	0.00000	0
31	N	0.00000	1	0.00000	0
32	T	0.00000	1	0.00000	0
33	N	0.00000	1	0.00000	0
34	K	0.00000	1	0.00000	0
35	G	0.00000	1	0.00000	0
36	W	0.00000	1	0.00000	0
37	S	0.00000	1	0.00000	0
38	G	0.00000	1	0.00000	0
39	D	0.00000	1	0.00000	0
40	N	0.00000	1	0.00000	0
41	S	0.00000	1	0.00000	0
42	P	0.00000	1	0.00000	0
43	G	0.00000	1	0.00000	0
44	I	0.00000	1	0.00000	0
45	E	0.00000	1	0.00000	0
46	A	0.00000	0.99999	0.00001	0
47	L	0.00000	0.99953	0.00047	0
48	C	0.00000	0.99865	0.00135	0
49	A	0.00000	0.98176	0.01824	0
50	I	0.00000	0.14723	0.85277	0
51	Y	0.00000	0.04052	0.95948	0
52	I	0.00000	0.01058	0.98942	0
53	T	0.00000	0.00464	0.99536	0
54	Y	0.00000	0.00013	0.99987	0
55	A	0.00000	1e-05	0.99999	0
56	V	0.00000	0	1.00000	0
57	I	0.00000	0	1.00000	0
58	I	0.00000	0	1.00000	0
59	S	0.00000	0	1.00000	0
60	V	0.00000	0	1.00000	0
61	G	0.00000	0	1.00000	0
62	I	0.00000	0	1.00000	0
63	L	0.00000	0	1.00000	0
64	G	0.00000	0	1.00000	0
65	N	0.00000	0	1.00000	0
66	A	0.00000	0	1.00000	0
67	I	0.00000	0	1.00000	0
68	L	0.00000	0	1.00000	0
69	I	0.00001	0	0.99999	0
70	K	0.00444	0	0.99556	0
71	V	0.00723	0	0.99277	0
72	F	0.03115	0	0.96885	0
73	F	0.16909	0	0.83091	0
74	K	0.98997	0	0.01003	0
75	T	0.99998	0	0.00002	0
76	K	1.00000	0	0.00000	0
77	S	1.00000	0	0.00000	0
78	M	1.00000	0	0.00000	0
79	Q	1.00000	0	0.00000	0
80	T	1.00000	0	0.00000	0
81	V	1.00000	0	0.00000	0
82	P	1.00000	0	0.00000	0
83	N	0.20963	0	0.79037	0
84	I	0.01992	0	0.98008	0
85	F	0.00019	0	0.99981	0
86	I	0.00001	0	0.99999	0
87	T	0.00000	0	1.00000	0
88	S	0.00000	0	1.00000	0
89	L	0.00000	0	1.00000	0
90	A	0.00000	0	1.00000	0
91	F	0.00000	0	1.00000	0
92	G	0.00000	0	1.00000	0
93	D	0.00000	0	1.00000	0
94	L	0.00000	0	1.00000	0
95	L	0.00000	0	1.00000	0
96	L	0.00000	0	1.00000	0
97	L	0.00000	0	1.00000	0
98	L	0.00000	0	1.00000	0
99	T	0.00000	0	1.00000	0
100	C	0.00000	0	1.00000	0
101	V	0.00000	1e-05	0.99999	0
102	P	0.00000	0.00018	0.99982	0
103	V	0.00000	0.00192	0.99808	0
104	D	0.00000	0.01651	0.98349	0
105	A	0.00000	0.01817	0.98183	0
106	T	0.00000	0.79582	0.20418	0
107	H	0.00000	0.99999	0.00001	0
108	Y	0.00000	0.99999	0.00001	0
109	L	0.00000	0.99999	0.00001	0
110	A	0.00000	1	0.00000	0
111	E	0.00000	1	0.00000	0
112	G	0.00000	1	0.00000	0
113	W	0.00000	1	0.00000	0
114	L	0.00000	1	0.00000	0
115	F	0.00000	1	0.00000	0
116	G	0.00000	1	0.00000	0
117	R	0.00000	1	0.00000	0
118	I	0.00000	1	0.00000	0
119	G	0.00000	1	0.00000	0
120	C	0.00000	1	0.00000	0
121	K	0.00000	0.99999	0.00001	0
122	V	0.00000	0.99826	0.00174	0
123	L	0.00000	0.33801	0.66199	0
124	S	0.00000	0.16136	0.83864	0
125	F	0.00000	0.00416	0.99584	0
126	I	0.00000	0.00082	0.99918	0
127	R	0.00000	0.00015	0.99985	0
128	L	0.00000	2e-05	0.99998	0
129	T	0.00000	0	1.00000	0
130	S	0.00000	0	1.00000	0
131	V	0.00000	0	1.00000	0
132	G	0.00000	0	1.00000	0
133	V	0.00000	0	1.00000	0
134	S	0.00000	0	1.00000	0
135	V	0.00000	0	1.00000	0
136	F	0.00000	0	1.00000	0
137	T	0.00000	0	1.00000	0
138	L	0.00000	0	1.00000	0
139	T	0.00000	0	1.00000	0
140	I	0.00000	0	1.00000	0
141	L	0.00000	0	1.00000	0
142	S	0.00000	0	1.00000	0
143	A	0.00005	0	0.99995	0
144	D	0.00035	0	0.99965	0
145	R	0.10602	0	0.89398	0
146	Y	0.47512	0	0.52488	0
147	K	0.96292	0	0.03708	0
148	A	0.98887	0	0.01113	0
149	V	1.00000	0	0.00000	0
150	V	1.00000	0	0.00000	0
151	K	1.00000	0	0.00000	0
152	P	1.00000	0	0.00000	0
153	L	1.00000	0	0.00000	0
154	E	1.00000	0	0.00000	0
155	R	1.00000	0	0.00000	0
156	Q	1.00000	0	0.00000	0
157	P	1.00000	0	0.00000	0
158	S	0.99998	0	0.00002	0
159	N	0.99214	0	0.00786	0
160	A	0.84519	0	0.15481	0
161	I	0.81599	0	0.18401	0
162	L	0.81471	0	0.18529	0
163	K	0.80949	0	0.19051	0
164	T	0.45902	0	0.54098	0
165	C	0.00630	0	0.99370	0
166	V	0.00456	0	0.99544	0
167	K	0.00438	0	0.99562	0
168	A	0.00087	0	0.99913	0
169	G	0.00026	0	0.99974	0
170	C	0.00001	0	0.99999	0
171	V	0.00000	0	1.00000	0
172	W	0.00000	0	1.00000	0
173	I	0.00000	0	1.00000	0
174	V	0.00000	0	1.00000	0
175	S	0.00000	0	1.00000	0
176	M	0.00000	0	1.00000	0
177	I	0.00000	0	1.00000	0
178	F	0.00000	0	1.00000	0
179	A	0.00000	0.00029	0.99971	0
180	L	0.00000	0.00796	0.99204	0
181	P	0.00000	0.14785	0.85215	0
182	E	0.00000	0.18247	0.81753	0
183	A	0.00000	0.18363	0.81637	0
184	I	0.00000	0.19197	0.80803	0
185	F	0.00000	0.25194	0.74806	0
186	S	0.00000	0.6581	0.34190	0
187	N	0.00000	0.97621	0.02379	0
188	V	0.00000	0.98856	0.01144	0
189	Y	0.00000	0.99542	0.00458	0
190	T	0.00000	0.99832	0.00168	0
191	F	0.00000	0.99885	0.00115	0
192	R	0.00000	0.99999	0.00001	0
193	D	0.00000	1	0.00000	0
194	P	0.00000	1	0.00000	0
195	N	0.00000	1	0.00000	0
196	K	0.00000	1	0.00000	0
197	N	0.00000	1	0.00000	0
198	M	0.00000	1	0.00000	0
199	T	0.00000	1	0.00000	0
200	F	0.00000	1	0.00000	0
201	E	0.00000	1	0.00000	0
202	S	0.00000	1	0.00000	0
203	C	0.00000	1	0.00000	0
204	T	0.00000	1	0.00000	0
205	S	0.00000	1	0.00000	0
206	Y	0.00000	1	0.00000	0
207	P	0.00000	1	0.00000	0
208	V	0.00000	1	0.00000	0
209	S	0.00000	1	0.00000	0
210	K	0.00000	1	0.00000	0
211	K	0.00000	1	0.00000	0
212	L	0.00000	0.95782	0.04218	0
213	L	0.00000	0.93494	0.06506	0
214	Q	0.00000	0.93474	0.06526	0
215	E	0.00000	0.93268	0.06732	0
216	I	0.00000	0.03885	0.96115	0
217	H	0.00000	0.03339	0.96661	0
218	S	0.00000	0.02842	0.97158	0
219	L	0.00000	0.00274	0.99726	0
220	L	0.00000	0.00227	0.99773	0
221	C	0.00000	0.00167	0.99833	0
222	F	0.00000	0.00048	0.99952	0
223	L	0.00000	0.00036	0.99964	0
224	V	0.00000	0	1.00000	0
225	F	0.00000	0	1.00000	0
226	Y	0.00000	0	1.00000	0
227	I	0.00000	0	1.00000	0
228	I	0.00000	0	1.00000	0
229	P	0.00000	0	1.00000	0
230	L	0.00000	0	1.00000	0
231	S	0.00000	0	1.00000	0
232	I	0.00000	0	1.00000	0
233	I	0.00000	0	1.00000	0
234	S	0.00000	0	1.00000	0
235	V	0.00004	0	0.99996	0
236	Y	0.00036	0	0.99964	0
237	Y	0.00704	0	0.99296	0
238	S	0.04711	0	0.95289	0
239	L	0.05668	0	0.94332	0
240	I	0.20608	0	0.79392	0
241	A	0.89731	0	0.10269	0
242	R	0.99448	0	0.00552	0
243	T	0.99518	0	0.00482	0
244	L	0.99555	0	0.00445	0
245	Y	0.99645	0	0.00355	0
246	K	0.99988	0	0.00012	0
247	S	1.00000	0	0.00000	0
248	T	1.00000	0	0.00000	0
249	L	1.00000	0	0.00000	0
250	N	1.00000	0	0.00000	0
251	I	1.00000	0	0.00000	0
252	P	1.00000	0	0.00000	0
253	T	1.00000	0	0.00000	0
254	E	1.00000	0	0.00000	0
255	E	1.00000	0	0.00000	0
256	Q	1.00000	0	0.00000	0
257	S	1.00000	0	0.00000	0
258	H	1.00000	0	0.00000	0
259	A	1.00000	0	0.00000	0
260	R	1.00000	0	0.00000	0
261	K	1.00000	0	0.00000	0
262	Q	1.00000	0	0.00000	0
263	I	1.00000	0	0.00000	0
264	E	1.00000	0	0.00000	0
265	S	1.00000	0	0.00000	0
266	R	0.99769	0	0.00231	0
267	K	0.90703	0	0.09297	0
268	R	0.61889	0	0.38111	0
269	I	0.59792	0	0.40208	0
270	A	0.34975	0	0.65025	0
271	R	0.34795	0	0.65205	0
272	T	0.07888	0	0.92112	0
273	V	0.00080	0	0.99920	0
274	L	0.00032	0	0.99968	0
275	V	0.00012	0	0.99988	0
276	L	0.00000	0	1.00000	0
277	V	0.00000	0	1.00000	0
278	A	0.00000	0	1.00000	0
279	L	0.00000	0	1.00000	0
280	F	0.00000	0	1.00000	0
281	A	0.00000	0	1.00000	0
282	L	0.00000	0	1.00000	0
283	C	0.00000	0	1.00000	0
284	W	0.00000	0	1.00000	0
285	L	0.00000	0	1.00000	0
286	P	0.00000	3e-05	0.99997	0
287	N	0.00000	9e-05	0.99991	0
288	H	0.00000	0.00014	0.99986	0
289	L	0.00000	0.00063	0.99937	0
290	L	0.00000	0.00542	0.99458	0
291	Y	0.00000	0.03891	0.96109	0
292	L	0.00000	0.15461	0.84539	0
293	Y	0.00000	0.80775	0.19225	0
294	H	0.00000	0.89607	0.10393	0
295	S	0.00000	0.93652	0.06348	0
296	F	0.00000	0.95813	0.04187	0
297	T	0.00000	0.9866	0.01340	0
298	S	0.00000	0.99882	0.00118	0
299	Q	0.00000	0.99998	0.00002	0
300	T	0.00000	0.99999	0.00001	0
301	Y	0.00000	1	0.00000	0
302	V	0.00000	1	0.00000	0
303	D	0.00000	1	0.00000	0
304	P	0.00000	0.99999	0.00001	0
305	S	0.00000	0.9996	0.00040	0
306	A	0.00000	0.9899	0.01010	0
307	M	0.00000	0.9688	0.03120	0
308	H	0.00000	0.95935	0.04065	0
309	F	0.00000	0.88112	0.11888	0
310	I	0.00000	0.82284	0.17716	0
311	F	0.00000	0.81848	0.18152	0
312	T	0.00000	0.66583	0.33417	0
313	I	0.00000	0.18499	0.81501	0
314	F	0.00000	0.02014	0.97986	0
315	S	0.00000	0.00848	0.99152	0
316	R	0.00000	5e-05	0.99994	0
317	V	0.00000	0	1.00000	0
318	L	0.00000	0	1.00000	0
319	A	0.00000	0	1.00000	0
320	F	0.00000	0	1.00000	0
321	S	0.00000	0	1.00000	0
322	N	0.00000	0	1.00000	0
323	S	0.00000	0	1.00000	0
324	C	0.00000	0	1.00000	0
325	V	0.00000	0	1.00000	0
326	N	0.00000	0	1.00000	0
327	P	0.00001	0	0.99999	0
328	F	0.00014	0	0.99986	0
329	A	0.00134	0	0.99866	0
330	L	0.00173	0	0.99827	0
331	Y	0.00215	0	0.99785	0
332	W	0.00693	0	0.99307	0
333	L	0.05769	0	0.94231	0
334	S	0.22144	0	0.77856	0
335	K	1.00000	0	0.00000	0
336	S	1.00000	0	0.00000	0
337	F	1.00000	0	0.00000	0
338	Q	1.00000	0	0.00000	0
339	K	1.00000	0	0.00000	0
340	H	1.00000	0	0.00000	0
341	F	1.00000	0	0.00000	0
342	K	1.00000	0	0.00000	0
343	A	1.00000	0	0.00000	0
344	Q	1.00000	0	0.00000	0
345	L	1.00000	0	0.00000	0
346	F	1.00000	0	0.00000	0
347	C	1.00000	0	0.00000	0
348	C	1.00000	0	0.00000	0
349	K	1.00000	0	0.00000	0
350	A	1.00000	0	0.00000	0
351	E	1.00000	0	0.00000	0
352	R	1.00000	0	0.00000	0
353	P	1.00000	0	0.00000	0
354	E	1.00000	0	0.00000	0
355	P	1.00000	0	0.00000	0
356	P	1.00000	0	0.00000	0
357	V	1.00000	0	0.00000	0
358	A	1.00000	0	0.00000	0
359	D	1.00000	0	0.00000	0
360	T	1.00000	0	0.00000	0
361	S	1.00000	0	0.00000	0
362	L	1.00000	0	0.00000	0
363	T	1.00000	0	0.00000	0
364	T	1.00000	0	0.00000	0
365	L	1.00000	0	0.00000	0
366	A	1.00000	0	0.00000	0
367	V	1.00000	0	0.00000	0
368	M	1.00000	0	0.00000	0
369	G	1.00000	0	0.00000	0
370	T	1.00000	0	0.00000	0
371	V	1.00000	0	0.00000	0
372	P	1.00000	0	0.00000	0
373	G	1.00000	0	0.00000	0
374	T	1.00000	0	0.00000	0
375	G	1.00000	0	0.00000	0
376	S	1.00000	0	0.00000	0
377	I	1.00000	0	0.00000	0
378	Q	1.00000	0	0.00000	0
379	M	1.00000	0	0.00000	0
380	S	1.00000	0	0.00000	0
381	E	1.00000	0	0.00000	0
382	I	1.00000	0	0.00000	0
383	S	1.00000	0	0.00000	0
384	V	1.00000	0	0.00000	0
385	T	1.00000	0	0.00000	0
386	S	1.00000	0	0.00000	0
387	F	1.00000	0	0.00000	0
388	T	1.00000	0	0.00000	0
389	G	1.00000	0	0.00000	0
390	C	1.00000	0	0.00000	0
391	S	1.00000	0	0.00000	0
392	V	1.00000	0	0.00000	0
393	K	1.00000	0	0.00000	0
394	Q	1.00000	0	0.00000	0
395	A	1.00000	0	0.00000	0
396	E	1.00000	0	0.00000	0
397	D	1.00000	0	0.00000	0
398	R	1.00000	0	0.00000	0
399	F	1.00000	0	0.00000	0
