# UNNAMED
#pos	aa	i	o	M	S
1	M	0.00000	0.99789	0.00000	0.00211
2	A	0.00000	0.99789	0.00000	0.00211
3	S	0.00000	0.99789	0.00000	0.00211
4	S	0.00000	0.99789	0.00000	0.0021
5	W	0.00000	0.99789	0.00000	0.00211
6	P	0.00000	0.99789	0.00000	0.00211
7	P	0.00000	0.99789	0.00000	0.00211
8	L	0.00000	0.99789	0.00000	0.00211
9	E	0.00000	0.99789	0.00000	0.00211
10	L	0.00000	0.99789	0.00000	0.0021
11	Q	0.00000	0.99789	0.00000	0.0021
12	S	0.00000	0.99789	0.00000	0.00211
13	S	0.00000	0.99789	0.00000	0.00211
14	N	0.00000	0.9979	0.00000	0.0021
15	Q	0.00000	0.9979	0.00000	0.0021
16	S	0.00000	0.9979	0.00000	0.00211
17	Q	0.00000	0.99908	0.00000	0.00093
18	L	0.00000	0.99908	0.00000	0.00092
19	F	0.00000	0.99913	0.00000	0.00087
20	P	0.00000	0.99913	0.00000	0.00087
21	Q	0.00000	0.99913	0.00000	0.00088
22	N	0.00000	0.99913	0.00000	0.00087
23	A	0.00000	0.99913	0.00000	0.00087
24	T	0.00000	0.99913	0.00000	0.00087
25	A	0.00000	0.99921	0.00000	0.00079
26	C	0.00000	0.99995	0.00000	5e-05
27	D	0.00000	1	0.00000	0
28	N	0.00000	1	0.00000	0
29	A	0.00000	1	0.00000	0
30	P	0.00000	1	0.00000	0
31	E	0.00000	1	0.00000	0
32	A	0.00000	1	0.00000	0
33	W	0.00000	1	0.00000	0
34	D	0.00000	1	0.00000	0
35	L	0.00000	0.99991	0.00009	0
36	L	0.00000	0.99985	0.00015	0
37	H	0.00000	0.99956	0.00044	0
38	R	0.00000	0.99836	0.00164	0
39	V	0.00000	0.88461	0.11539	0
40	L	0.00000	0.76936	0.23064	0
41	P	0.00000	0.59324	0.40676	0
42	T	0.00000	0.35474	0.64526	0
43	F	0.00000	0.0082	0.99180	0
44	I	0.00000	0.00085	0.99915	0
45	I	0.00000	5e-05	0.99995	0
46	S	0.00000	1e-05	0.99999	0
47	I	0.00000	0	1.00000	0
48	C	0.00000	0	1.00000	0
49	F	0.00000	0	1.00000	0
50	F	0.00000	0	1.00000	0
51	G	0.00000	0	1.00000	0
52	L	0.00000	0	1.00000	0
53	L	0.00000	0	1.00000	0
54	G	0.00000	0	1.00000	0
55	N	0.00000	0	1.00000	0
56	L	0.00000	0	1.00000	0
57	F	0.00000	0	1.00000	0
58	V	0.00000	0	1.00000	0
59	L	0.00000	0	1.00000	0
60	L	0.00002	0	0.99998	0
61	V	0.00088	0	0.99912	0
62	F	0.00779	0	0.99221	0
63	L	0.06572	0	0.93428	0
64	L	0.28823	0	0.71177	0
65	P	0.98240	0	0.01760	0
66	R	0.99973	0	0.00027	0
67	R	1.00000	0	0.00000	0
68	Q	0.99999	0	0.00001	0
69	L	0.99980	0	0.00020	0
70	N	0.99924	0	0.00076	0
71	V	0.99159	0	0.00841	0
72	A	0.96615	0	0.03385	0
73	E	0.94599	0	0.05401	0
74	I	0.05767	0	0.94233	0
75	Y	0.00082	0	0.99918	0
76	L	0.00000	0	1.00000	0
77	A	0.00000	0	1.00000	0
78	N	0.00000	0	1.00000	0
79	L	0.00000	0	1.00000	0
80	A	0.00000	0	1.00000	0
81	A	0.00000	0	1.00000	0
82	S	0.00000	0	1.00000	0
83	D	0.00000	0	1.00000	0
84	L	0.00000	0	1.00000	0
85	V	0.00000	0	1.00000	0
86	F	0.00000	0	1.00000	0
87	V	0.00000	0	1.00000	0
88	L	0.00000	0	1.00000	0
89	G	0.00000	0	1.00000	0
90	L	0.00000	4e-05	0.99996	0
91	P	0.00000	0.00036	0.99964	0
92	F	0.00000	0.00258	0.99742	0
93	W	0.00000	0.04332	0.95668	0
94	A	0.00000	0.46976	0.53024	0
95	E	0.00000	0.93527	0.06473	0
96	N	0.00000	0.99998	0.00002	0
97	I	0.00000	0.99999	0.00001	0
98	W	0.00000	1	0.00000	0
99	N	0.00000	1	0.00000	0
100	Q	0.00000	1	0.00000	0
101	F	0.00000	1	0.00000	0
102	N	0.00000	1	0.00000	0
103	W	0.00000	1	0.00000	0
104	P	0.00000	1	0.00000	0
105	F	0.00000	1	0.00000	0
106	G	0.00000	1	0.00000	0
107	A	0.00000	0.99804	0.00196	0
108	L	0.00000	0.98161	0.01839	0
109	L	0.00000	0.94547	0.05453	0
110	C	0.00000	0.94455	0.05545	0
111	R	0.00000	0.92527	0.07473	0
112	V	0.00000	0.83254	0.16746	0
113	I	0.00000	0.75829	0.24171	0
114	N	0.00000	0.74182	0.25818	0
115	G	0.00000	0.01792	0.98208	0
116	V	0.00000	0.00212	0.99788	0
117	I	0.00000	0.00096	0.99904	0
118	K	0.00000	0.00085	0.99915	0
119	A	0.00000	1e-05	0.99999	0
120	N	0.00000	1e-05	0.99999	0
121	L	0.00000	0	1.00000	0
122	F	0.00000	0	1.00000	0
123	I	0.00000	0	1.00000	0
124	S	0.00000	0	1.00000	0
125	I	0.00000	0	1.00000	0
126	F	0.00000	0	1.00000	0
127	L	0.00000	0	1.00000	0
128	V	0.00000	0	1.00000	0
129	V	0.00000	0	1.00000	0
130	A	0.00001	0	0.99999	0
131	I	0.00002	0	0.99998	0
132	S	0.00004	0	0.99996	0
133	Q	0.00009	0	0.99991	0
134	D	0.00054	0	0.99946	0
135	R	0.01976	0	0.98024	0
136	Y	0.38180	0	0.61820	0
137	R	0.79045	0	0.20955	0
138	V	0.99595	0	0.00405	0
139	L	0.99998	0	0.00002	0
140	V	1.00000	0	0.00000	0
141	H	1.00000	0	0.00000	0
142	P	1.00000	0	0.00000	0
143	M	1.00000	0	0.00000	0
144	A	1.00000	0	0.00000	0
145	S	1.00000	0	0.00000	0
146	R	1.00000	0	0.00000	0
147	R	1.00000	0	0.00000	0
148	Q	1.00000	0	0.00000	0
149	Q	1.00000	0	0.00000	0
150	R	1.00000	0	0.00000	0
151	R	0.99998	0	0.00002	0
152	R	0.99920	0	0.00080	0
153	Q	0.98717	0	0.01283	0
154	A	0.62551	0	0.37449	0
155	R	0.46939	0	0.53061	0
156	V	0.01115	0	0.98885	0
157	T	0.00293	0	0.99707	0
158	C	0.00000	0	1.00000	0
159	V	0.00000	0	1.00000	0
160	L	0.00000	0	1.00000	0
161	I	0.00000	0	1.00000	0
162	W	0.00000	0	1.00000	0
163	V	0.00000	0	1.00000	0
164	V	0.00000	0	1.00000	0
165	G	0.00000	0	1.00000	0
166	G	0.00000	0	1.00000	0
167	L	0.00000	0	1.00000	0
168	L	0.00000	0	1.00000	0
169	S	0.00000	0	1.00000	0
170	I	0.00000	0	1.00000	0
171	P	0.00000	0	1.00000	0
172	T	0.00000	3e-05	0.99997	0
173	F	0.00000	0.00016	0.99984	0
174	L	0.00000	0.00459	0.99541	0
175	L	0.00000	0.08207	0.91793	0
176	R	0.00000	0.78106	0.21894	0
177	S	0.00000	0.8901	0.10990	0
178	I	0.00000	0.9337	0.06630	0
179	Q	0.00000	0.99587	0.00413	0
180	A	0.00000	0.99865	0.00135	0
181	V	0.00000	0.99998	0.00002	0
182	P	0.00000	1	0.00000	0
183	D	0.00000	1	0.00000	0
184	L	0.00000	1	0.00000	0
185	N	0.00000	1	0.00000	0
186	I	0.00000	1	0.00000	0
187	T	0.00000	1	0.00000	0
188	A	0.00000	1	0.00000	0
189	C	0.00000	1	0.00000	0
190	I	0.00000	1	0.00000	0
191	L	0.00000	1	0.00000	0
192	L	0.00000	1	0.00000	0
193	L	0.00000	1	0.00000	0
194	P	0.00000	1	0.00000	0
195	H	0.00000	1	0.00000	0
196	E	0.00000	1	0.00000	0
197	A	0.00000	0.97077	0.02923	0
198	W	0.00000	0.97046	0.02954	0
199	H	0.00000	0.96895	0.03105	0
200	F	0.00000	0.06044	0.93956	0
201	A	0.00000	0.05985	0.94015	0
202	R	0.00000	0.03924	0.96076	0
203	I	0.00000	0.02411	0.97589	0
204	V	0.00000	0.0222	0.97780	0
205	E	0.00000	0.00378	0.99622	0
206	L	0.00000	0.00022	0.99978	0
207	N	0.00000	0.00016	0.99984	0
208	I	0.00000	0.00011	0.99989	0
209	L	0.00000	0	1.00000	0
210	G	0.00000	0	1.00000	0
211	F	0.00000	0	1.00000	0
212	L	0.00000	0	1.00000	0
213	L	0.00000	0	1.00000	0
214	P	0.00000	0	1.00000	0
215	L	0.00000	0	1.00000	0
216	A	0.00000	0	1.00000	0
217	A	0.00000	0	1.00000	0
218	I	0.00000	0	1.00000	0
219	V	0.00000	0	1.00000	0
220	F	0.00015	0	0.99985	0
221	F	0.00283	0	0.99717	0
222	N	0.05230	0	0.94770	0
223	Y	0.06751	0	0.93249	0
224	H	0.19492	0	0.80508	0
225	I	0.23875	0	0.76125	0
226	L	0.41037	0	0.58963	0
227	A	0.79372	0	0.20628	0
228	S	0.99591	0	0.00409	0
229	L	0.99943	0	0.00057	0
230	R	0.99994	0	0.00006	0
231	T	0.99998	0	0.00002	0
232	R	1.00000	0	0.00000	0
233	E	1.00000	0	0.00000	0
234	E	1.00000	0	0.00000	0
235	V	1.00000	0	0.00000	0
236	S	1.00000	0	0.00000	0
237	R	1.00000	0	0.00000	0
238	T	1.00000	0	0.00000	0
239	R	1.00000	0	0.00000	0
240	C	1.00000	0	0.00000	0
241	G	1.00000	0	0.00000	0
242	G	1.00000	0	0.00000	0
243	R	1.00000	0	0.00000	0
244	K	1.00000	0	0.00000	0
245	D	1.00000	0	0.00000	0
246	S	0.99984	0	0.00016	0
247	K	0.99661	0	0.00339	0
248	T	0.99269	0	0.00731	0
249	T	0.51689	0	0.48311	0
250	A	0.50701	0	0.49299	0
251	L	0.08723	0	0.91277	0
252	I	0.00903	0	0.99097	0
253	L	0.00078	0	0.99922	0
254	T	0.00052	0	0.99948	0
255	L	0.00049	0	0.99951	0
256	V	0.00009	0	0.99991	0
257	V	0.00000	0	1.00000	0
258	A	0.00000	0	1.00000	0
259	F	0.00000	0	1.00000	0
260	L	0.00000	0	1.00000	0
261	V	0.00000	0	1.00000	0
262	C	0.00000	0	1.00000	0
263	W	0.00000	0	1.00000	0
264	A	0.00000	0	1.00000	0
265	P	0.00000	0	1.00000	0
266	Y	0.00000	0	1.00000	0
267	H	0.00000	0	1.00000	0
268	F	0.00000	1e-05	0.99999	0
269	F	0.00000	0.00053	0.99947	0
270	A	0.00000	0.00822	0.99178	0
271	F	0.00000	0.12032	0.87968	0
272	L	0.00000	0.42971	0.57029	0
273	E	0.00000	0.60044	0.39956	0
274	F	0.00000	0.60667	0.39333	0
275	L	0.00000	0.63504	0.36496	0
276	F	0.00000	0.70847	0.29153	0
277	Q	0.00000	0.94542	0.05458	0
278	V	0.00000	0.96947	0.03053	0
279	Q	0.00000	0.99377	0.00623	0
280	A	0.00000	0.99565	0.00435	0
281	V	0.00000	0.99778	0.00222	0
282	R	0.00000	0.99997	0.00003	0
283	G	0.00000	1	0.00000	0
284	C	0.00000	1	0.00000	0
285	F	0.00000	0.99999	0.00001	0
286	W	0.00000	0.99997	0.00003	0
287	E	0.00000	0.99996	0.00004	0
288	D	0.00000	0.99972	0.00028	0
289	F	0.00000	0.99775	0.00225	0
290	I	0.00000	0.99469	0.00531	0
291	D	0.00000	0.99204	0.00796	0
292	L	0.00000	0.79203	0.20797	0
293	G	0.00000	0.74399	0.25601	0
294	L	0.00000	0.23426	0.76574	0
295	Q	0.00000	0.14551	0.85449	0
296	L	0.00000	0.00531	0.99469	0
297	A	0.00000	0.0003	0.99970	0
298	N	0.00000	1e-05	0.99999	0
299	F	0.00000	0	1.00000	0
300	F	0.00000	0	1.00000	0
301	A	0.00000	0	1.00000	0
302	F	0.00000	0	1.00000	0
303	T	0.00000	0	1.00000	0
304	N	0.00000	0	1.00000	0
305	S	0.00000	0	1.00000	0
306	S	0.00000	0	1.00000	0
307	L	0.00000	0	1.00000	0
308	N	0.00000	0	1.00000	0
309	P	0.00000	0	1.00000	0
310	V	0.00000	0	1.00000	0
311	I	0.00000	0	1.00000	0
312	Y	0.00006	0	0.99994	0
313	V	0.00040	0	0.99960	0
314	F	0.01049	0	0.98951	0
315	V	0.11042	0	0.88958	0
316	G	0.73296	0	0.26704	0
317	R	1.00000	0	0.00000	0
318	L	1.00000	0	0.00000	0
319	F	1.00000	0	0.00000	0
320	R	1.00000	0	0.00000	0
321	T	1.00000	0	0.00000	0
322	K	1.00000	0	0.00000	0
323	V	1.00000	0	0.00000	0
324	W	1.00000	0	0.00000	0
325	E	1.00000	0	0.00000	0
326	L	1.00000	0	0.00000	0
327	Y	1.00000	0	0.00000	0
328	K	1.00000	0	0.00000	0
329	Q	1.00000	0	0.00000	0
330	C	1.00000	0	0.00000	0
331	T	1.00000	0	0.00000	0
332	P	1.00000	0	0.00000	0
333	K	1.00000	0	0.00000	0
334	S	1.00000	0	0.00000	0
335	L	1.00000	0	0.00000	0
336	A	1.00000	0	0.00000	0
337	P	1.00000	0	0.00000	0
338	I	1.00000	0	0.00000	0
339	S	1.00000	0	0.00000	0
340	S	1.00000	0	0.00000	0
341	S	1.00000	0	0.00000	0
342	H	1.00000	0	0.00000	0
343	R	1.00000	0	0.00000	0
344	K	1.00000	0	0.00000	0
345	E	1.00000	0	0.00000	0
346	I	1.00000	0	0.00000	0
347	F	1.00000	0	0.00000	0
348	Q	1.00000	0	0.00000	0
349	L	1.00000	0	0.00000	0
350	F	1.00000	0	0.00000	0
351	W	1.00000	0	0.00000	0
352	R	1.00000	0	0.00000	0
353	N	1.00000	0	0.00000	0
