# UNNAMED
#pos	aa	i	o	M	S
1	M	0.00000	0.00055	0.00000	0.99945
2	R	0.00000	0.00055	0.00000	0.99945
3	R	0.00000	0.00055	0.00000	0.99945
4	C	0.00000	0.00055	0.00000	0.99945
5	R	0.00000	0.00055	0.00000	0.99945
6	W	0.00000	0.00055	0.00000	0.99945
7	A	0.00000	0.00055	0.00000	0.99946
8	A	0.00000	0.00055	0.00000	0.99945
9	L	0.00000	0.00055	0.00000	0.99945
10	A	0.00000	0.00055	0.00000	0.99945
11	L	0.00000	0.00055	0.00000	0.99945
12	G	0.00000	0.00055	0.00000	0.99945
13	L	0.00000	0.00055	0.00000	0.99946
14	L	0.00000	0.00055	0.00000	0.99945
15	R	0.00000	0.00055	0.00000	0.99946
16	L	0.00000	0.00055	0.00000	0.99945
17	C	0.00000	0.00059	0.00000	0.99941
18	L	0.00000	0.00059	0.00000	0.99941
19	A	0.00000	0.00462	0.00000	0.99537
20	Q	0.00000	0.73762	0.00000	0.26239
21	A	0.00000	0.74248	0.00000	0.25752
22	N	0.00000	0.99917	0.00000	0.00083
23	F	0.00000	0.99917	0.00000	0.00083
24	A	0.00000	0.99918	0.00000	0.00083
25	P	0.00000	0.99998	0.00000	2e-05
26	H	0.00000	0.99998	0.00000	2e-05
27	F	0.00000	1	0.00000	0
28	F	0.00000	1	0.00000	0
29	D	0.00000	1	0.00000	0
30	N	0.00000	1	0.00000	0
31	G	0.00000	1	0.00000	0
32	V	0.00000	1	0.00000	0
33	G	0.00000	1	0.00000	0
34	S	0.00000	1	0.00000	0
35	T	0.00000	1	0.00000	0
36	N	0.00000	1	0.00000	0
37	G	0.00000	1	0.00000	0
38	N	0.00000	1	0.00000	0
39	M	0.00000	1	0.00000	0
40	A	0.00000	1	0.00000	0
41	L	0.00000	1	0.00000	0
42	F	0.00000	1	0.00000	0
43	S	0.00000	1	0.00000	0
44	L	0.00000	1	0.00000	0
45	P	0.00000	1	0.00000	0
46	E	0.00000	1	0.00000	0
47	D	0.00000	1	0.00000	0
48	T	0.00000	1	0.00000	0
49	P	0.00000	1	0.00000	0
50	V	0.00000	1	0.00000	0
51	G	0.00000	1	0.00000	0
52	S	0.00000	1	0.00000	0
53	H	0.00000	1	0.00000	0
54	V	0.00000	1	0.00000	0
55	Y	0.00000	1	0.00000	0
56	T	0.00000	1	0.00000	0
57	L	0.00000	1	0.00000	0
58	N	0.00000	1	0.00000	0
59	G	0.00000	1	0.00000	0
60	T	0.00000	1	0.00000	0
61	D	0.00000	1	0.00000	0
62	P	0.00000	1	0.00000	0
63	E	0.00000	1	0.00000	0
64	G	0.00000	1	0.00000	0
65	D	0.00000	1	0.00000	0
66	P	0.00000	1	0.00000	0
67	I	0.00000	1	0.00000	0
68	S	0.00000	1	0.00000	0
69	Y	0.00000	1	0.00000	0
70	H	0.00000	1	0.00000	0
71	I	0.00000	1	0.00000	0
72	S	0.00000	1	0.00000	0
73	F	0.00000	1	0.00000	0
74	D	0.00000	1	0.00000	0
75	P	0.00000	1	0.00000	0
76	S	0.00000	1	0.00000	0
77	T	0.00000	1	0.00000	0
78	R	0.00000	1	0.00000	0
79	S	0.00000	1	0.00000	0
80	V	0.00000	1	0.00000	0
81	F	0.00000	1	0.00000	0
82	S	0.00000	1	0.00000	0
83	V	0.00000	1	0.00000	0
84	D	0.00000	1	0.00000	0
85	P	0.00000	1	0.00000	0
86	T	0.00000	1	0.00000	0
87	F	0.00000	1	0.00000	0
88	G	0.00000	1	0.00000	0
89	N	0.00000	1	0.00000	0
90	I	0.00000	1	0.00000	0
91	T	0.00000	1	0.00000	0
92	L	0.00000	1	0.00000	0
93	V	0.00000	1	0.00000	0
94	E	0.00000	1	0.00000	0
95	E	0.00000	1	0.00000	0
96	L	0.00000	1	0.00000	0
97	D	0.00000	1	0.00000	0
98	R	0.00000	1	0.00000	0
99	E	0.00000	1	0.00000	0
100	R	0.00000	1	0.00000	0
101	E	0.00000	1	0.00000	0
102	D	0.00000	1	0.00000	0
103	E	0.00000	1	0.00000	0
104	I	0.00000	1	0.00000	0
105	E	0.00000	1	0.00000	0
106	A	0.00000	1	0.00000	0
107	I	0.00000	1	0.00000	0
108	I	0.00000	1	0.00000	0
109	S	0.00000	1	0.00000	0
110	I	0.00000	1	0.00000	0
111	S	0.00000	1	0.00000	0
112	D	0.00000	1	0.00000	0
113	G	0.00000	1	0.00000	0
114	L	0.00000	1	0.00000	0
115	N	0.00000	1	0.00000	0
116	L	0.00000	1	0.00000	0
117	V	0.00000	1	0.00000	0
118	A	0.00000	1	0.00000	0
119	E	0.00000	1	0.00000	0
120	K	0.00000	1	0.00000	0
121	V	0.00000	1	0.00000	0
122	V	0.00000	1	0.00000	0
123	I	0.00000	1	0.00000	0
124	L	0.00000	1	0.00000	0
125	V	0.00000	1	0.00000	0
126	T	0.00000	1	0.00000	0
127	D	0.00000	1	0.00000	0
128	A	0.00000	1	0.00000	0
129	N	0.00000	1	0.00000	0
130	D	0.00000	1	0.00000	0
131	E	0.00000	1	0.00000	0
132	A	0.00000	1	0.00000	0
133	P	0.00000	1	0.00000	0
134	R	0.00000	1	0.00000	0
135	F	0.00000	1	0.00000	0
136	I	0.00000	1	0.00000	0
137	Q	0.00000	1	0.00000	0
138	E	0.00000	1	0.00000	0
139	P	0.00000	1	0.00000	0
140	Y	0.00000	1	0.00000	0
141	V	0.00000	1	0.00000	0
142	A	0.00000	1	0.00000	0
143	L	0.00000	1	0.00000	0
144	V	0.00000	1	0.00000	0
145	P	0.00000	1	0.00000	0
146	E	0.00000	1	0.00000	0
147	D	0.00000	1	0.00000	0
148	I	0.00000	1	0.00000	0
149	P	0.00000	1	0.00000	0
150	A	0.00000	1	0.00000	0
151	G	0.00000	1	0.00000	0
152	S	0.00000	1	0.00000	0
153	I	0.00000	1	0.00000	0
154	I	0.00000	1	0.00000	0
155	F	0.00000	1	0.00000	0
156	K	0.00000	1	0.00000	0
157	V	0.00000	1	0.00000	0
158	H	0.00000	1	0.00000	0
159	A	0.00000	1	0.00000	0
160	V	0.00000	1	0.00000	0
161	D	0.00000	1	0.00000	0
162	R	0.00000	1	0.00000	0
163	D	0.00000	1	0.00000	0
164	T	0.00000	1	0.00000	0
165	G	0.00000	1	0.00000	0
166	S	0.00000	1	0.00000	0
167	G	0.00000	1	0.00000	0
168	G	0.00000	1	0.00000	0
169	S	0.00000	1	0.00000	0
170	V	0.00000	1	0.00000	0
171	T	0.00000	1	0.00000	0
172	Y	0.00000	1	0.00000	0
173	F	0.00000	1	0.00000	0
174	L	0.00000	1	0.00000	0
175	Q	0.00000	1	0.00000	0
176	N	0.00000	1	0.00000	0
177	L	0.00000	1	0.00000	0
178	H	0.00000	1	0.00000	0
179	S	0.00000	1	0.00000	0
180	P	0.00000	1	0.00000	0
181	F	0.00000	1	0.00000	0
182	A	0.00000	1	0.00000	0
183	V	0.00000	1	0.00000	0
184	D	0.00000	1	0.00000	0
185	R	0.00000	1	0.00000	0
186	H	0.00000	1	0.00000	0
187	S	0.00000	1	0.00000	0
188	G	0.00000	1	0.00000	0
189	V	0.00000	1	0.00000	0
190	L	0.00000	1	0.00000	0
191	R	0.00000	1	0.00000	0
192	L	0.00000	1	0.00000	0
193	Q	0.00000	1	0.00000	0
194	A	0.00000	1	0.00000	0
195	G	0.00000	1	0.00000	0
196	A	0.00000	1	0.00000	0
197	T	0.00000	1	0.00000	0
198	L	0.00000	1	0.00000	0
199	D	0.00000	1	0.00000	0
200	Y	0.00000	1	0.00000	0
201	E	0.00000	1	0.00000	0
202	R	0.00000	1	0.00000	0
203	S	0.00000	1	0.00000	0
204	R	0.00000	1	0.00000	0
205	T	0.00000	1	0.00000	0
206	H	0.00000	1	0.00000	0
207	Y	0.00000	1	0.00000	0
208	I	0.00000	1	0.00000	0
209	T	0.00000	1	0.00000	0
210	V	0.00000	1	0.00000	0
211	V	0.00000	1	0.00000	0
212	A	0.00000	1	0.00000	0
213	K	0.00000	1	0.00000	0
214	D	0.00000	1	0.00000	0
215	G	0.00000	1	0.00000	0
216	G	0.00000	1	0.00000	0
217	G	0.00000	1	0.00000	0
218	R	0.00000	1	0.00000	0
219	L	0.00000	1	0.00000	0
220	H	0.00000	1	0.00000	0
221	G	0.00000	1	0.00000	0
222	A	0.00000	1	0.00000	0
223	D	0.00000	1	0.00000	0
224	V	0.00000	1	0.00000	0
225	V	0.00000	1	0.00000	0
226	F	0.00000	1	0.00000	0
227	S	0.00000	1	0.00000	0
228	A	0.00000	1	0.00000	0
229	T	0.00000	1	0.00000	0
230	T	0.00000	1	0.00000	0
231	T	0.00000	1	0.00000	0
232	V	0.00000	1	0.00000	0
233	T	0.00000	1	0.00000	0
234	V	0.00000	1	0.00000	0
235	N	0.00000	1	0.00000	0
236	V	0.00000	1	0.00000	0
237	E	0.00000	1	0.00000	0
238	D	0.00000	1	0.00000	0
239	V	0.00000	1	0.00000	0
240	Q	0.00000	1	0.00000	0
241	D	0.00000	1	0.00000	0
242	M	0.00000	1	0.00000	0
243	A	0.00000	1	0.00000	0
244	P	0.00000	1	0.00000	0
245	V	0.00000	1	0.00000	0
246	F	0.00000	1	0.00000	0
247	V	0.00000	1	0.00000	0
248	G	0.00000	1	0.00000	0
249	T	0.00000	1	0.00000	0
250	P	0.00000	1	0.00000	0
251	Y	0.00000	1	0.00000	0
252	Y	0.00000	1	0.00000	0
253	G	0.00000	1	0.00000	0
254	Y	0.00000	1	0.00000	0
255	V	0.00000	1	0.00000	0
256	Y	0.00000	1	0.00000	0
257	E	0.00000	1	0.00000	0
258	D	0.00000	1	0.00000	0
259	T	0.00000	1	0.00000	0
260	L	0.00000	1	0.00000	0
261	P	0.00000	1	0.00000	0
262	G	0.00000	1	0.00000	0
263	S	0.00000	1	0.00000	0
264	E	0.00000	1	0.00000	0
265	V	0.00000	1	0.00000	0
266	L	0.00000	1	0.00000	0
267	K	0.00000	1	0.00000	0
268	V	0.00000	1	0.00000	0
269	V	0.00000	1	0.00000	0
270	A	0.00000	1	0.00000	0
271	M	0.00000	1	0.00000	0
272	D	0.00000	1	0.00000	0
273	G	0.00000	1	0.00000	0
274	D	0.00000	1	0.00000	0
275	R	0.00000	1	0.00000	0
276	G	0.00000	1	0.00000	0
277	K	0.00000	1	0.00000	0
278	P	0.00000	1	0.00000	0
279	N	0.00000	1	0.00000	0
280	R	0.00000	1	0.00000	0
281	I	0.00000	1	0.00000	0
282	L	0.00000	1	0.00000	0
283	Y	0.00000	1	0.00000	0
284	S	0.00000	1	0.00000	0
285	L	0.00000	1	0.00000	0
286	V	0.00000	1	0.00000	0
287	N	0.00000	1	0.00000	0
288	G	0.00000	1	0.00000	0
289	N	0.00000	1	0.00000	0
290	D	0.00000	1	0.00000	0
291	G	0.00000	1	0.00000	0
292	A	0.00000	1	0.00000	0
293	F	0.00000	1	0.00000	0
294	E	0.00000	1	0.00000	0
295	I	0.00000	1	0.00000	0
296	N	0.00000	1	0.00000	0
297	E	0.00000	1	0.00000	0
298	T	0.00000	1	0.00000	0
299	S	0.00000	1	0.00000	0
300	G	0.00000	1	0.00000	0
301	A	0.00000	1	0.00000	0
302	I	0.00000	1	0.00000	0
303	S	0.00000	1	0.00000	0
304	I	0.00000	1	0.00000	0
305	T	0.00000	1	0.00000	0
306	Q	0.00000	1	0.00000	0
307	S	0.00000	1	0.00000	0
308	P	0.00000	1	0.00000	0
309	A	0.00000	1	0.00000	0
310	Q	0.00000	1	0.00000	0
311	L	0.00000	1	0.00000	0
312	Q	0.00000	1	0.00000	0
313	R	0.00000	1	0.00000	0
314	E	0.00000	1	0.00000	0
315	V	0.00000	1	0.00000	0
316	Y	0.00000	1	0.00000	0
317	E	0.00000	1	0.00000	0
318	L	0.00000	1	0.00000	0
319	H	0.00000	1	0.00000	0
320	V	0.00000	1	0.00000	0
321	Q	0.00000	1	0.00000	0
322	V	0.00000	1	0.00000	0
323	T	0.00000	1	0.00000	0
324	E	0.00000	1	0.00000	0
325	M	0.00000	1	0.00000	0
326	S	0.00000	1	0.00000	0
327	P	0.00000	1	0.00000	0
328	A	0.00000	1	0.00000	0
329	G	0.00000	1	0.00000	0
330	S	0.00000	1	0.00000	0
331	P	0.00000	1	0.00000	0
332	A	0.00000	1	0.00000	0
333	A	0.00000	1	0.00000	0
334	Q	0.00000	1	0.00000	0
335	A	0.00000	1	0.00000	0
336	T	0.00000	1	0.00000	0
337	V	0.00000	1	0.00000	0
338	P	0.00000	1	0.00000	0
339	V	0.00000	1	0.00000	0
340	T	0.00000	1	0.00000	0
341	I	0.00000	1	0.00000	0
342	R	0.00000	1	0.00000	0
343	I	0.00000	1	0.00000	0
344	V	0.00000	1	0.00000	0
345	D	0.00000	1	0.00000	0
346	L	0.00000	1	0.00000	0
347	N	0.00000	1	0.00000	0
348	N	0.00000	1	0.00000	0
349	H	0.00000	1	0.00000	0
350	P	0.00000	1	0.00000	0
351	P	0.00000	1	0.00000	0
352	T	0.00000	1	0.00000	0
353	F	0.00000	1	0.00000	0
354	Y	0.00000	1	0.00000	0
355	G	0.00000	1	0.00000	0
356	E	0.00000	1	0.00000	0
357	S	0.00000	1	0.00000	0
358	G	0.00000	1	0.00000	0
359	P	0.00000	1	0.00000	0
360	Q	0.00000	1	0.00000	0
361	N	0.00000	1	0.00000	0
362	R	0.00000	1	0.00000	0
363	F	0.00000	1	0.00000	0
364	E	0.00000	1	0.00000	0
365	L	0.00000	1	0.00000	0
366	S	0.00000	1	0.00000	0
367	M	0.00000	1	0.00000	0
368	N	0.00000	1	0.00000	0
369	E	0.00000	1	0.00000	0
370	H	0.00000	1	0.00000	0
371	P	0.00000	1	0.00000	0
372	P	0.00000	1	0.00000	0
373	Q	0.00000	1	0.00000	0
374	G	0.00000	1	0.00000	0
375	E	0.00000	1	0.00000	0
376	I	0.00000	1	0.00000	0
377	L	0.00000	1	0.00000	0
378	R	0.00000	1	0.00000	0
379	G	0.00000	1	0.00000	0
380	L	0.00000	1	0.00000	0
381	K	0.00000	1	0.00000	0
382	I	0.00000	1	0.00000	0
383	T	0.00000	1	0.00000	0
384	V	0.00000	1	0.00000	0
385	N	0.00000	1	0.00000	0
386	D	0.00000	1	0.00000	0
387	S	0.00000	1	0.00000	0
388	D	0.00000	1	0.00000	0
389	Q	0.00000	1	0.00000	0
390	G	0.00000	0.99999	0.00001	0
391	A	0.00000	0.99998	0.00002	0
392	N	0.00000	0.99998	0.00002	0
393	A	0.00000	0.99998	0.00002	0
394	K	0.00000	0.99998	0.00002	0
395	F	0.00000	0.99998	0.00002	0
396	N	0.00000	0.99998	0.00002	0
397	L	0.00000	0.99998	0.00002	0
398	Q	0.00000	0.99998	0.00002	0
399	L	0.00000	0.99995	0.00005	0
400	V	0.00000	0.99994	0.00006	0
401	G	0.00000	0.99993	0.00007	0
402	P	0.00000	0.9999	0.00010	0
403	R	0.00000	0.99964	0.00036	0
404	G	0.00000	0.9932	0.00680	0
405	I	0.00000	0.98332	0.01668	0
406	F	0.00000	0.97725	0.02275	0
407	R	0.00000	0.97311	0.02689	0
408	V	0.00000	0.70212	0.29788	0
409	V	0.00000	0.60559	0.39441	0
410	P	0.00002	0.58869	0.41129	0
411	Q	0.00002	0.58642	0.41356	0
412	T	0.00002	0.58518	0.41481	0
413	V	0.00002	0.58491	0.41507	0
414	L	0.00002	0.58482	0.41516	0
415	N	0.00002	0.58476	0.41522	0
416	E	0.00002	0.58237	0.41761	0
417	A	0.00002	0.47089	0.52909	0
418	Q	0.00002	0.35194	0.64804	0
419	V	0.00002	0.01486	0.98513	0
420	T	0.00002	0.00279	0.99719	0
421	I	0.00000	0.00253	0.99747	0
422	I	0.00000	0.00252	0.99748	0
423	V	0.00007	0.00252	0.99741	0
424	E	0.00539	0.00252	0.99209	0
425	N	0.00636	0.00252	0.99113	0
426	S	0.00693	0.00252	0.99055	0
427	A	0.00714	0.00252	0.99034	0
428	A	0.00775	0.00252	0.98973	0
429	I	0.00958	0.00252	0.98791	0
430	D	0.16956	0.00252	0.82793	0
431	F	0.18167	0.00252	0.81582	0
432	E	0.40620	0.00252	0.59129	0
433	K	0.41391	0.00252	0.58357	0
434	S	0.41407	0.00252	0.58342	0
435	K	0.41394	0.00251	0.58355	0
436	V	0.40757	0.00149	0.59093	0
437	L	0.39613	0.00116	0.60271	0
438	T	0.56255	0.00099	0.43646	0
439	F	0.52730	0.00085	0.47185	0
440	K	0.89068	0.00081	0.10851	0
441	L	0.62834	0.00041	0.37125	0
442	L	0.59652	0.0002	0.40328	0
443	A	0.57815	0.0002	0.42165	0
444	V	0.57644	0.0002	0.42336	0
445	E	0.58562	0.00021	0.41417	0
446	V	0.58562	0.00021	0.41417	0
447	N	0.58564	0.00021	0.41415	0
448	T	0.58564	0.00021	0.41415	0
449	P	0.58564	0.00021	0.41415	0
450	E	0.51927	0.00021	0.48052	0
451	K	0.36736	0.00022	0.63242	0
452	F	0.01476	0.00022	0.98502	0
453	S	0.01047	0.00039	0.98914	0
454	S	0.00745	0.00435	0.98820	0
455	T	0.00626	0.00436	0.98938	0
456	A	0.00451	0.00441	0.99109	0
457	D	0.00374	0.00441	0.99185	0
458	V	0.00155	0.00425	0.99420	0
459	V	0.00013	0.00425	0.99563	0
460	I	0.00005	0.00466	0.99529	0
461	Q	0.00094	0.00829	0.99077	0
462	L	0.00098	0.01287	0.98615	0
463	L	0.00134	0.12425	0.87441	0
464	D	0.00230	0.39686	0.60084	0
465	T	0.00231	0.40888	0.58881	0
466	N	0.00231	0.41178	0.58591	0
467	D	0.00231	0.41182	0.58587	0
468	N	0.00231	0.41183	0.58586	0
469	V	0.00231	0.41183	0.58586	0
470	P	0.00231	0.41253	0.58516	0
471	K	0.00230	0.4191	0.57859	0
472	F	0.00189	0.43028	0.56783	0
473	D	0.00167	0.89128	0.10705	0
474	S	0.00065	0.97791	0.02144	0
475	L	0.00001	0.99337	0.00661	0
476	Y	0.00001	0.99316	0.00683	0
477	Y	0.00000	0.99281	0.00719	0
478	V	0.00000	0.99266	0.00733	0
479	A	0.00004	0.99279	0.00717	0
480	R	0.00019	0.99391	0.00591	0
481	I	0.00019	0.99428	0.00553	0
482	P	0.00019	0.99535	0.00446	0
483	E	0.00019	0.99663	0.00318	0
484	N	0.00019	0.99668	0.00313	0
485	A	0.00019	0.99669	0.00312	0
486	P	0.00019	0.99669	0.00312	0
487	G	0.00010	0.9967	0.00320	0
488	G	0.00002	0.9967	0.00329	0
489	S	0.00000	0.9967	0.00330	0
490	S	0.00000	0.99673	0.00327	0
491	V	0.00000	0.99689	0.00311	0
492	V	0.00000	0.9969	0.00310	0
493	A	0.00000	0.9969	0.00310	0
494	V	0.00000	0.99691	0.00309	0
495	T	0.00002	0.9971	0.00288	0
496	A	0.00004	0.99759	0.00236	0
497	V	0.00011	0.99806	0.00183	0
498	D	0.00016	0.99888	0.00096	0
499	P	0.00080	0.99895	0.00025	0
500	D	0.00080	0.999	0.00019	0
501	T	0.00080	0.99901	0.00019	0
502	G	0.00080	0.99901	0.00019	0
503	P	0.00080	0.99901	0.00019	0
504	W	0.00080	0.99901	0.00018	0
505	G	0.00080	0.99901	0.00018	0
506	E	0.00080	0.99909	0.00010	0
507	V	0.00080	0.99913	0.00007	0
508	K	0.00080	0.9992	0.00000	0
509	Y	0.00080	0.99918	0.00002	0
510	S	0.00080	0.99918	0.00003	0
511	T	0.00079	0.99918	0.00003	0
512	Y	0.00077	0.99917	0.00005	0
513	G	0.00075	0.99895	0.00030	0
514	T	0.00072	0.99837	0.00091	0
515	G	0.00065	0.99345	0.00590	0
516	A	0.00056	0.98405	0.01539	0
517	D	0.00055	0.96603	0.03342	0
518	L	0.00000	0.16772	0.83228	0
519	F	0.00000	0.00338	0.99662	0
520	L	0.00000	0.00011	0.99989	0
521	I	0.00000	0	1.00000	0
522	H	0.00000	0	1.00000	0
523	P	0.00000	0	1.00000	0
524	S	0.00000	0	1.00000	0
525	T	0.00000	0	1.00000	0
526	G	0.00000	0	1.00000	0
527	L	0.00000	0	1.00000	0
528	I	0.00000	0	1.00000	0
529	Y	0.00000	0	1.00000	0
530	T	0.00000	0	0.99999	0
531	Q	0.00000	1e-05	0.99999	0
532	P	0.00004	1e-05	0.99995	0
533	W	0.00004	2e-05	0.99994	0
534	A	0.00004	4e-05	0.99992	0
535	S	0.00004	8e-05	0.99988	0
536	L	0.00004	0.00012	0.99984	0
537	D	0.00004	0.00058	0.99938	0
538	A	0.00103	0.0006	0.99837	0
539	E	0.00599	0.00078	0.99323	0
540	A	0.38363	0.00079	0.61558	0
541	T	0.86532	0.0008	0.13388	0
542	A	0.99909	0.0008	0.00011	0
543	R	0.99913	0.0008	0.00007	0
544	Y	0.99920	0.0008	0.00000	0
545	N	0.99920	0.0008	0.00000	0
546	F	0.99917	0.0008	0.00003	0
547	Y	0.99916	0.0008	0.00004	0
548	V	0.99916	0.0008	0.00004	0
549	K	0.99916	0.0008	0.00004	0
550	A	0.99916	0.0008	0.00004	0
551	E	0.99916	0.0008	0.00004	0
552	D	0.99915	0.0008	0.00005	0
553	M	0.99892	0.0008	0.00028	0
554	E	0.99852	0.0008	0.00068	0
555	G	0.99090	0.0008	0.00830	0
556	K	0.97057	0.0008	0.02863	0
557	Y	0.09668	0.0008	0.90252	0
558	S	0.01213	0.0008	0.98707	0
559	V	0.00182	0.0008	0.99738	0
560	A	0.00021	0.0008	0.99899	0
561	E	0.00008	0.0008	0.99912	0
562	V	0.00000	0.0008	0.99920	0
563	F	0.00000	0.0008	0.99920	0
564	I	0.00000	0.0008	0.99920	0
565	T	0.00000	0.0008	0.99920	0
566	L	0.00000	0.0008	0.99920	0
567	L	0.00000	0.00081	0.99919	0
568	D	0.00000	0.00084	0.99916	0
569	V	0.00000	0.00084	0.99916	0
570	N	0.00000	0.00084	0.99916	0
571	D	0.00000	0.00087	0.99913	0
572	H	0.00000	0.00087	0.99912	0
573	P	0.00000	0.00092	0.99908	0
574	P	0.00000	0.00133	0.99867	0
575	Q	0.00000	0.00279	0.99721	0
576	F	0.00000	0.0078	0.99220	0
577	G	0.00000	0.90784	0.09216	0
578	K	0.00000	0.98499	0.01501	0
579	S	0.00000	0.98883	0.01117	0
580	V	0.00000	0.994	0.00600	0
581	Q	0.00000	0.99946	0.00054	0
582	K	0.00000	0.99999	0.00001	0
583	K	0.00000	1	0.00000	0
584	T	0.00000	1	0.00000	0
585	M	0.00000	1	0.00000	0
586	V	0.00000	1	0.00000	0
587	L	0.00000	1	0.00000	0
588	G	0.00000	1	0.00000	0
589	T	0.00000	1	0.00000	0
590	P	0.00000	1	0.00000	0
591	V	0.00000	1	0.00000	0
592	K	0.00000	1	0.00000	0
593	I	0.00000	1	0.00000	0
594	E	0.00000	1	0.00000	0
595	A	0.00000	1	0.00000	0
596	I	0.00000	1	0.00000	0
597	D	0.00000	1	0.00000	0
598	E	0.00000	1	0.00000	0
599	D	0.00000	1	0.00000	0
600	A	0.00000	1	0.00000	0
601	E	0.00000	1	0.00000	0
602	E	0.00000	1	0.00000	0
603	P	0.00000	0.99959	0.00041	0
604	N	0.00000	0.99959	0.00041	0
605	N	0.00000	0.99954	0.00046	0
606	L	0.00000	0.99953	0.00047	0
607	V	0.00000	0.99951	0.00049	0
608	D	0.00000	0.99925	0.00075	0
609	Y	0.00000	0.9865	0.01350	0
610	S	0.00000	0.09548	0.90452	0
611	I	0.00000	0.03729	0.96271	0
612	T	0.00000	0.03714	0.96286	0
613	H	0.00000	0.03557	0.96443	0
614	A	0.00000	0.03539	0.96461	0
615	E	0.00000	0.03539	0.96461	0
616	P	0.00000	0.01481	0.98519	0
617	A	0.00000	0.01481	0.98519	0
618	N	0.00000	0.0148	0.98520	0
619	V	0.00000	0.01479	0.98521	0
620	F	0.00000	0.01478	0.98522	0
621	D	0.00000	0.01478	0.98522	0
622	I	0.00000	0.01444	0.98556	0
623	N	0.00001	0.01414	0.98585	0
624	S	0.00007	0.01414	0.98579	0
625	H	0.00016	0.01414	0.98570	0
626	T	0.00030	0.01414	0.98556	0
627	G	0.00037	0.01369	0.98594	0
628	E	0.00041	0.01362	0.98597	0
629	I	0.00041	0.01229	0.98730	0
630	W	0.00098	0.01228	0.98673	0
631	L	0.01104	0.01004	0.97892	0
632	K	0.64388	0.01002	0.34610	0
633	N	0.86136	0.01002	0.12863	0
634	S	0.91586	4e-05	0.08410	0
635	I	0.92604	4e-05	0.07392	0
636	R	0.96563	4e-05	0.03433	0
637	S	0.97077	1e-05	0.02922	0
638	L	0.97141	0	0.02859	0
639	D	0.98322	0	0.01678	0
640	A	0.98429	0	0.01571	0
641	L	0.98515	0	0.01485	0
642	H	0.98519	0	0.01481	0
643	N	0.98523	0	0.01477	0
644	I	0.98525	0	0.01475	0
645	T	0.98559	0	0.01441	0
646	P	0.98584	0	0.01416	0
647	G	0.98586	0	0.01414	0
648	R	0.98587	0	0.01413	0
649	D	0.98587	0	0.01413	0
650	C	0.98587	0	0.01413	0
651	L	0.98587	0	0.01413	0
652	W	0.98594	0	0.01406	0
653	S	0.98996	0	0.01004	0
654	L	0.99002	0	0.00998	0
655	E	0.99307	0	0.00693	0
656	V	0.99368	0	0.00632	0
657	Q	0.99966	0	0.00034	0
658	A	0.99978	0	0.00022	0
659	K	0.99999	0	0.00001	0
660	D	1.00000	0	0.00000	0
661	R	1.00000	0	0.00000	0
662	G	1.00000	0	0.00000	0
663	S	1.00000	0	0.00000	0
664	P	1.00000	0	0.00000	0
665	S	0.99999	0	0.00001	0
666	F	0.99999	0	0.00001	0
667	S	0.99999	0	0.00001	0
668	T	0.99822	0	0.00178	0
669	T	0.99632	0	0.00368	0
670	A	0.00000	0	1.00000	0
671	L	0.00000	0	1.00000	0
672	L	0.00000	0	1.00000	0
673	K	0.00000	0	1.00000	0
674	I	0.00000	0	1.00000	0
675	D	0.00000	0	1.00000	0
676	I	0.00000	0	1.00000	0
677	T	0.00000	0	1.00000	0
678	D	0.00000	0	1.00000	0
679	A	0.00000	0	1.00000	0
680	E	0.00000	0	1.00000	0
681	T	0.00000	0	1.00000	0
682	L	0.00000	0	1.00000	0
683	S	0.00000	0	1.00000	0
684	R	0.00000	0	1.00000	0
685	S	0.00000	0	1.00000	0
686	P	0.00000	0	1.00000	0
687	M	0.00000	0	1.00000	0
688	A	0.00000	0	1.00000	0
689	A	0.00000	0.00031	0.99969	0
690	F	0.00000	0.00064	0.99936	0
691	L	0.00000	0.01051	0.98949	0
692	I	0.00000	0.22644	0.77356	0
693	Q	0.00000	0.9021	0.09790	0
694	T	0.00000	0.97795	0.02205	0
695	K	0.00000	0.99985	0.00015	0
696	D	0.00000	0.99914	0.00086	0
697	N	0.00000	0.97153	0.02847	0
698	P	0.00000	0.76782	0.23218	0
699	M	0.00000	0.61277	0.38723	0
700	K	0.00000	0.58406	0.41594	0
701	A	0.00000	0.32549	0.67451	0
702	V	0.00000	0.16677	0.83323	0
703	G	0.00000	0.16007	0.83993	0
704	V	0.00000	0.0613	0.93870	0
705	L	0.00000	0.00337	0.99663	0
706	A	0.00000	0.00036	0.99964	0
707	G	0.00000	0.00011	0.99989	0
708	T	0.00000	0	1.00000	0
709	M	0.00000	0	1.00000	0
710	A	0.00000	0	1.00000	0
711	T	0.00000	0	1.00000	0
712	V	0.00000	0	1.00000	0
713	V	0.00000	0	1.00000	0
714	A	0.00000	0	1.00000	0
715	I	0.00000	0	1.00000	0
716	T	0.00003	0	0.99997	0
717	V	0.00029	0	0.99971	0
718	L	0.00556	0	0.99444	0
719	I	0.01952	0	0.98048	0
720	S	0.35327	0	0.64673	0
721	T	0.38799	0	0.61201	0
722	A	0.46100	0	0.53900	0
723	T	0.51074	0	0.48926	0
724	F	0.56316	0	0.43684	0
725	W	0.63703	0	0.36297	0
726	R	1.00000	0	0.00000	0
727	N	1.00000	0	0.00000	0
728	K	1.00000	0	0.00000	0
729	K	1.00000	0	0.00000	0
730	S	1.00000	0	0.00000	0
731	N	1.00000	0	0.00000	0
732	K	1.00000	0	0.00000	0
733	V	1.00000	0	0.00000	0
734	L	1.00000	0	0.00000	0
735	P	1.00000	0	0.00000	0
736	M	1.00000	0	0.00000	0
737	R	1.00000	0	0.00000	0
738	R	1.00000	0	0.00000	0
739	V	1.00000	0	0.00000	0
740	L	1.00000	0	0.00000	0
741	R	1.00000	0	0.00000	0
742	K	1.00000	0	0.00000	0
743	R	1.00000	0	0.00000	0
744	P	1.00000	0	0.00000	0
745	S	1.00000	0	0.00000	0
746	P	1.00000	0	0.00000	0
747	A	1.00000	0	0.00000	0
748	P	1.00000	0	0.00000	0
749	R	1.00000	0	0.00000	0
750	T	1.00000	0	0.00000	0
751	I	1.00000	0	0.00000	0
752	R	1.00000	0	0.00000	0
753	I	1.00000	0	0.00000	0
754	E	1.00000	0	0.00000	0
755	W	1.00000	0	0.00000	0
756	L	1.00000	0	0.00000	0
757	K	1.00000	0	0.00000	0
758	S	1.00000	0	0.00000	0
759	K	1.00000	0	0.00000	0
760	S	1.00000	0	0.00000	0
761	T	1.00000	0	0.00000	0
762	K	1.00000	0	0.00000	0
763	A	1.00000	0	0.00000	0
764	A	1.00000	0	0.00000	0
765	T	1.00000	0	0.00000	0
766	K	1.00000	0	0.00000	0
767	F	1.00000	0	0.00000	0
768	M	1.00000	0	0.00000	0
769	L	1.00000	0	0.00000	0
770	K	1.00000	0	0.00000	0
771	E	1.00000	0	0.00000	0
772	K	1.00000	0	0.00000	0
773	P	1.00000	0	0.00000	0
774	P	1.00000	0	0.00000	0
775	N	1.00000	0	0.00000	0
776	E	1.00000	0	0.00000	0
777	N	1.00000	0	0.00000	0
778	C	1.00000	0	0.00000	0
779	N	1.00000	0	0.00000	0
780	N	1.00000	0	0.00000	0
781	N	1.00000	0	0.00000	0
782	S	1.00000	0	0.00000	0
783	P	1.00000	0	0.00000	0
784	E	1.00000	0	0.00000	0
785	S	1.00000	0	0.00000	0
786	S	1.00000	0	0.00000	0
787	L	1.00000	0	0.00000	0
788	L	1.00000	0	0.00000	0
789	P	1.00000	0	0.00000	0
790	R	1.00000	0	0.00000	0
791	A	1.00000	0	0.00000	0
792	P	1.00000	0	0.00000	0
793	A	1.00000	0	0.00000	0
794	L	1.00000	0	0.00000	0
795	P	1.00000	0	0.00000	0
796	P	1.00000	0	0.00000	0
797	P	1.00000	0	0.00000	0
798	P	1.00000	0	0.00000	0
799	S	1.00000	0	0.00000	0
800	V	1.00000	0	0.00000	0
801	A	1.00000	0	0.00000	0
802	P	1.00000	0	0.00000	0
803	S	1.00000	0	0.00000	0
804	T	1.00000	0	0.00000	0
805	G	1.00000	0	0.00000	0
806	A	1.00000	0	0.00000	0
807	A	1.00000	0	0.00000	0
808	Q	1.00000	0	0.00000	0
809	W	1.00000	0	0.00000	0
810	T	1.00000	0	0.00000	0
811	V	1.00000	0	0.00000	0
812	P	1.00000	0	0.00000	0
813	T	1.00000	0	0.00000	0
814	V	1.00000	0	0.00000	0
815	S	1.00000	0	0.00000	0
816	G	1.00000	0	0.00000	0
817	S	1.00000	0	0.00000	0
818	L	1.00000	0	0.00000	0
819	T	1.00000	0	0.00000	0
820	P	1.00000	0	0.00000	0
821	Q	1.00000	0	0.00000	0
822	P	1.00000	0	0.00000	0
823	T	1.00000	0	0.00000	0
824	Q	1.00000	0	0.00000	0
825	P	1.00000	0	0.00000	0
826	P	1.00000	0	0.00000	0
827	P	1.00000	0	0.00000	0
828	K	1.00000	0	0.00000	0
829	P	1.00000	0	0.00000	0
830	K	1.00000	0	0.00000	0
831	T	1.00000	0	0.00000	0
832	M	1.00000	0	0.00000	0
833	G	1.00000	0	0.00000	0
834	S	1.00000	0	0.00000	0
835	P	1.00000	0	0.00000	0
836	V	1.00000	0	0.00000	0
837	Q	1.00000	0	0.00000	0
838	S	1.00000	0	0.00000	0
839	T	1.00000	0	0.00000	0
840	L	1.00000	0	0.00000	0
841	I	1.00000	0	0.00000	0
842	S	1.00000	0	0.00000	0
843	E	1.00000	0	0.00000	0
844	L	1.00000	0	0.00000	0
845	K	1.00000	0	0.00000	0
846	Q	1.00000	0	0.00000	0
847	K	1.00000	0	0.00000	0
848	F	1.00000	0	0.00000	0
849	E	1.00000	0	0.00000	0
850	K	1.00000	0	0.00000	0
851	K	1.00000	0	0.00000	0
852	S	1.00000	0	0.00000	0
853	V	1.00000	0	0.00000	0
854	H	1.00000	0	0.00000	0
855	N	1.00000	0	0.00000	0
856	K	1.00000	0	0.00000	0
857	A	1.00000	0	0.00000	0
858	Y	1.00000	0	0.00000	0
859	F	1.00000	0	0.00000	0
