# UNNAMED
#pos	aa	i	o	M	S
1	M	0.00000	1	0.00000	0
2	K	0.00000	1	0.00000	0
3	S	0.00000	1	0.00000	0
4	D	0.00000	1	0.00000	0
5	N	0.00000	1	0.00000	0
6	H	0.00000	1	0.00000	0
7	S	0.00000	1	0.00000	0
8	F	0.00000	1	0.00000	0
9	L	0.00000	1	0.00000	0
10	G	0.00000	1	0.00000	0
11	D	0.00000	1	0.00000	0
12	S	0.00000	1	0.00000	0
13	P	0.00000	1	0.00000	0
14	K	0.00000	1	0.00000	0
15	A	0.00000	1	0.00000	0
16	F	0.00000	1	0.00000	0
17	I	0.00000	1	0.00000	0
18	L	0.00000	1	0.00000	0
19	L	0.00000	1	0.00000	0
20	G	0.00000	1	0.00000	0
21	V	0.00000	1	0.00000	0
22	S	0.00000	1	0.00000	0
23	D	0.00000	1	0.00000	0
24	R	0.00000	0.99998	0.00002	0
25	P	0.00000	0.99916	0.00084	0
26	W	0.00000	0.98078	0.01922	0
27	L	0.00000	0.97667	0.02333	0
28	E	0.00000	0.97034	0.02966	0
29	L	0.00000	0.70557	0.29443	0
30	P	0.00000	0.50648	0.49352	0
31	L	0.00000	0.12125	0.87875	0
32	F	0.00000	0.01189	0.98811	0
33	V	0.00000	0.00228	0.99772	0
34	V	0.00000	0.00182	0.99818	0
35	L	0.00000	0.0002	0.99980	0
36	L	0.00000	1e-05	0.99999	0
37	L	0.00000	0	1.00000	0
38	S	0.00000	0	1.00000	0
39	Y	0.00000	0	1.00000	0
40	V	0.00000	0	1.00000	0
41	L	0.00000	0	1.00000	0
42	A	0.00000	0	1.00000	0
43	M	0.00000	0	1.00000	0
44	L	0.00000	0	1.00000	0
45	G	0.00000	0	1.00000	0
46	N	0.00000	0	1.00000	0
47	V	0.00000	0	1.00000	0
48	A	0.00000	0	1.00000	0
49	I	0.00000	0	1.00000	0
50	I	0.00005	0	0.99995	0
51	L	0.00644	0	0.99356	0
52	A	0.26003	0	0.73997	0
53	S	0.82526	0	0.17474	0
54	R	0.99016	0	0.00984	0
55	V	0.99435	0	0.00565	0
56	D	0.99996	0	0.00004	0
57	P	1.00000	0	0.00000	0
58	Q	1.00000	0	0.00000	0
59	L	1.00000	0	0.00000	0
60	H	1.00000	0	0.00000	0
61	S	1.00000	0	0.00000	0
62	P	1.00000	0	0.00000	0
63	M	0.59262	0	0.40738	0
64	Y	0.53775	0	0.46225	0
65	I	0.03772	0	0.96228	0
66	F	0.00052	0	0.99948	0
67	L	0.00005	0	0.99995	0
68	S	0.00002	0	0.99998	0
69	H	0.00000	0	1.00000	0
70	L	0.00000	0	1.00000	0
71	S	0.00000	0	1.00000	0
72	F	0.00000	0	1.00000	0
73	L	0.00000	0	1.00000	0
74	D	0.00000	0	1.00000	0
75	L	0.00000	0	1.00000	0
76	C	0.00000	0	1.00000	0
77	Y	0.00000	0	1.00000	0
78	T	0.00000	0	1.00000	0
79	T	0.00000	0	1.00000	0
80	T	0.00000	0	1.00000	0
81	T	0.00000	0	1.00000	0
82	V	0.00000	0.00021	0.99979	0
83	P	0.00000	0.0021	0.99790	0
84	Q	0.00000	0.01243	0.98757	0
85	M	0.00000	0.02241	0.97759	0
86	L	0.00000	0.10415	0.89585	0
87	V	0.00000	0.43784	0.56216	0
88	N	0.00000	0.99994	0.00006	0
89	M	0.00000	0.99997	0.00003	0
90	G	0.00000	0.99999	0.00001	0
91	S	0.00000	1	0.00000	0
92	S	0.00000	1	0.00000	0
93	Q	0.00000	1	0.00000	0
94	K	0.00000	1	0.00000	0
95	T	0.00000	1	0.00000	0
96	I	0.00000	1	0.00000	0
97	S	0.00000	1	0.00000	0
98	Y	0.00000	1	0.00000	0
99	G	0.00000	1	0.00000	0
100	G	0.00000	1	0.00000	0
101	C	0.00000	0.9999	0.00010	0
102	T	0.00000	0.99856	0.00144	0
103	V	0.00000	0.97915	0.02085	0
104	Q	0.00000	0.9624	0.03760	0
105	Y	0.00000	0.18702	0.81298	0
106	A	0.00000	0.05277	0.94723	0
107	V	0.00000	0.00473	0.99527	0
108	F	0.00000	1e-05	0.99999	0
109	H	0.00000	0	1.00000	0
110	W	0.00000	0	1.00000	0
111	L	0.00000	0	1.00000	0
112	G	0.00000	0	1.00000	0
113	C	0.00000	0	1.00000	0
114	T	0.00000	0	1.00000	0
115	E	0.00000	0	1.00000	0
116	C	0.00000	0	1.00000	0
117	I	0.00000	0	1.00000	0
118	V	0.00000	0	1.00000	0
119	L	0.00000	0	1.00000	0
120	A	0.00000	0	1.00000	0
121	A	0.00000	0	1.00000	0
122	M	0.00000	0	1.00000	0
123	A	0.00000	0	1.00000	0
124	L	0.00000	0	1.00000	0
125	D	0.00001	0	0.99999	0
126	R	0.00518	0	0.99482	0
127	Y	0.09741	0	0.90259	0
128	V	0.88321	0	0.11679	0
129	A	0.96305	0	0.03695	0
130	I	0.99998	0	0.00002	0
131	C	1.00000	0	0.00000	0
132	K	1.00000	0	0.00000	0
133	P	1.00000	0	0.00000	0
134	L	1.00000	0	0.00000	0
135	H	1.00000	0	0.00000	0
136	Y	1.00000	0	0.00000	0
137	A	1.00000	0	0.00000	0
138	V	0.99999	0	0.00001	0
139	L	0.99998	0	0.00002	0
140	M	0.99992	0	0.00008	0
141	H	0.99947	0	0.00053	0
142	R	0.99780	0	0.00220	0
143	A	0.92762	0	0.07238	0
144	L	0.63417	0	0.36583	0
145	C	0.33076	0	0.66924	0
146	Q	0.32821	0	0.67179	0
147	Q	0.28072	0	0.71928	0
148	L	0.04117	0	0.95883	0
149	V	0.01298	0	0.98702	0
150	A	0.00935	0	0.99065	0
151	L	0.00013	0	0.99987	0
152	A	0.00000	0	1.00000	0
153	W	0.00000	0	1.00000	0
154	L	0.00000	0	1.00000	0
155	S	0.00000	0	1.00000	0
156	G	0.00000	0	1.00000	0
157	F	0.00000	0	1.00000	0
158	G	0.00000	0	1.00000	0
159	N	0.00000	1e-05	0.99999	0
160	S	0.00000	1e-05	0.99999	0
161	F	0.00000	2e-05	0.99998	0
162	V	0.00000	0.00035	0.99965	0
163	Q	0.00000	0.00594	0.99406	0
164	V	0.00000	0.01346	0.98654	0
165	V	0.00000	0.0469	0.95310	0
166	L	0.00000	0.18071	0.81929	0
167	T	0.00000	0.55087	0.44913	0
168	V	0.00000	0.69771	0.30229	0
169	Q	0.00000	0.86291	0.13709	0
170	L	0.00000	0.89091	0.10909	0
171	P	0.00000	0.97257	0.02743	0
172	F	0.00000	0.98233	0.01767	0
173	C	0.00000	0.99928	0.00072	0
174	G	0.00000	0.99998	0.00002	0
175	R	0.00000	1	0.00000	0
176	Q	0.00000	1	0.00000	0
177	V	0.00000	1	0.00000	0
178	L	0.00000	1	0.00000	0
179	N	0.00000	1	0.00000	0
180	N	0.00000	1	0.00000	0
181	F	0.00000	1	0.00000	0
182	F	0.00000	1	0.00000	0
183	C	0.00000	1	0.00000	0
184	E	0.00000	1	0.00000	0
185	V	0.00000	1	0.00000	0
186	P	0.00000	1	0.00000	0
187	A	0.00000	1	0.00000	0
188	V	0.00000	1	0.00000	0
189	I	0.00000	1	0.00000	0
190	K	0.00000	1	0.00000	0
191	L	0.00000	1	0.00000	0
192	S	0.00000	1	0.00000	0
193	C	0.00000	1	0.00000	0
194	A	0.00000	1	0.00000	0
195	D	0.00000	0.99996	0.00004	0
196	T	0.00000	0.99993	0.00007	0
197	A	0.00000	0.99991	0.00009	0
198	V	0.00000	0.9999	0.00010	0
199	N	0.00000	0.99987	0.00013	0
200	D	0.00000	0.99918	0.00082	0
201	T	0.00000	0.9407	0.05930	0
202	I	0.00000	0.1481	0.85190	0
203	L	0.00000	0.01114	0.98886	0
204	A	0.00000	0.00221	0.99779	0
205	V	0.00000	0.0008	0.99920	0
206	L	0.00000	5e-05	0.99995	0
207	V	0.00000	4e-05	0.99996	0
208	A	0.00000	2e-05	0.99998	0
209	F	0.00000	0	1.00000	0
210	F	0.00000	0	1.00000	0
211	V	0.00000	0	1.00000	0
212	L	0.00000	0	1.00000	0
213	V	0.00000	0	1.00000	0
214	P	0.00000	0	1.00000	0
215	L	0.00000	0	1.00000	0
216	A	0.00000	0	1.00000	0
217	L	0.00000	0	1.00000	0
218	I	0.00000	0	1.00000	0
219	L	0.00000	0	1.00000	0
220	L	0.00002	0	0.99998	0
221	S	0.00006	0	0.99994	0
222	Y	0.00008	0	0.99992	0
223	G	0.00090	0	0.99910	0
224	F	0.00288	0	0.99712	0
225	I	0.04516	0	0.95484	0
226	A	0.34746	0	0.65254	0
227	R	0.98606	0	0.01394	0
228	A	0.99010	0	0.00990	0
229	V	0.99325	0	0.00675	0
230	L	0.99727	0	0.00273	0
231	R	0.99998	0	0.00002	0
232	I	1.00000	0	0.00000	0
233	Q	1.00000	0	0.00000	0
234	S	1.00000	0	0.00000	0
235	S	1.00000	0	0.00000	0
236	K	1.00000	0	0.00000	0
237	G	1.00000	0	0.00000	0
238	R	0.99961	0	0.00039	0
239	H	0.99915	0	0.00085	0
240	K	0.79154	0	0.20846	0
241	A	0.30572	0	0.69428	0
242	F	0.11817	0	0.88183	0
243	G	0.00494	0	0.99506	0
244	T	0.00489	0	0.99511	0
245	C	0.00225	0	0.99775	0
246	S	0.00222	0	0.99778	0
247	S	0.00173	0	0.99827	0
248	H	0.00065	0	0.99935	0
249	L	0.00039	0	0.99961	0
250	M	0.00029	0	0.99971	0
251	I	0.00000	0	1.00000	0
252	V	0.00000	0	1.00000	0
253	S	0.00000	0	1.00000	0
254	L	0.00000	0	1.00000	0
255	F	0.00000	0	1.00000	0
256	Y	0.00000	0	1.00000	0
257	L	0.00000	0	1.00000	0
258	P	0.00000	0	1.00000	0
259	A	0.00000	1e-05	0.99999	0
260	I	0.00000	0.00019	0.99981	0
261	Y	0.00000	0.00369	0.99631	0
262	M	0.00000	0.00752	0.99248	0
263	Y	0.00000	0.05427	0.94573	0
264	L	0.00000	0.23232	0.76768	0
265	Q	0.00000	0.87192	0.12808	0
266	P	0.00000	0.98792	0.01208	0
267	P	0.00000	0.99688	0.00312	0
268	S	0.00000	0.99849	0.00151	0
269	S	0.00000	0.99883	0.00117	0
270	Y	0.00000	0.99913	0.00087	0
271	S	0.00000	0.9994	0.00060	0
272	Q	0.00000	0.9987	0.00130	0
273	E	0.00000	0.99118	0.00882	0
274	Q	0.00000	0.94819	0.05181	0
275	G	0.00000	0.9277	0.07230	0
276	K	0.00000	0.64359	0.35641	0
277	F	0.00000	0.03026	0.96974	0
278	I	0.00000	2e-05	0.99998	0
279	S	0.00000	0	1.00000	0
280	L	0.00000	0	1.00000	0
281	F	0.00000	0	1.00000	0
282	Y	0.00000	0	1.00000	0
283	S	0.00000	0	1.00000	0
284	I	0.00000	0	1.00000	0
285	I	0.00000	0	1.00000	0
286	T	0.00000	0	1.00000	0
287	P	0.00000	0	1.00000	0
288	T	0.00000	0	1.00000	0
289	L	0.00000	0	1.00000	0
290	N	0.00000	0	1.00000	0
291	P	0.00000	0	1.00000	0
292	F	0.00000	0	1.00000	0
293	T	0.00007	0	0.99993	0
294	Y	0.00055	0	0.99945	0
295	T	0.00382	0	0.99618	0
296	L	0.02905	0	0.97095	0
297	R	1.00000	0	0.00000	0
298	N	1.00000	0	0.00000	0
299	K	1.00000	0	0.00000	0
300	D	1.00000	0	0.00000	0
301	M	1.00000	0	0.00000	0
302	K	1.00000	0	0.00000	0
303	G	1.00000	0	0.00000	0
304	A	1.00000	0	0.00000	0
305	L	1.00000	0	0.00000	0
306	R	1.00000	0	0.00000	0
307	R	1.00000	0	0.00000	0
308	L	1.00000	0	0.00000	0
309	L	1.00000	0	0.00000	0
310	A	1.00000	0	0.00000	0
311	R	1.00000	0	0.00000	0
312	I	1.00000	0	0.00000	0
313	W	1.00000	0	0.00000	0
314	R	1.00000	0	0.00000	0
315	L	1.00000	0	0.00000	0
316	C	1.00000	0	0.00000	0
317	G	1.00000	0	0.00000	0
