# UNNAMED
#pos	aa	i	o	M	S
1	M	0.00000	3e-05	0.00000	0.99997
2	E	0.00000	3e-05	0.00000	0.99998
3	R	0.00000	3e-05	0.00000	0.99998
4	R	0.00000	3e-05	0.00000	0.99997
5	W	0.00000	3e-05	0.00000	0.99997
6	P	0.00000	3e-05	0.00000	0.99997
7	L	0.00000	3e-05	0.00000	0.99997
8	G	0.00000	3e-05	0.00000	0.99998
9	L	0.00000	3e-05	0.00000	0.99998
10	G	0.00000	3e-05	0.00000	0.99998
11	L	0.00000	3e-05	0.00000	0.99997
12	V	0.00000	3e-05	0.00000	0.99998
13	L	0.00000	3e-05	0.00000	0.99997
14	L	0.00000	3e-05	0.00000	0.99997
15	L	0.00000	3e-05	0.00000	0.99997
16	C	0.00000	3e-05	0.00000	0.99998
17	A	0.00000	4e-05	0.00000	0.99997
18	P	0.00000	4e-05	0.00000	0.99996
19	L	0.00000	4e-05	0.00000	0.99996
20	P	0.00000	4e-05	0.00000	0.99996
21	P	0.00000	4e-05	0.00000	0.99996
22	G	0.00000	4e-05	0.00000	0.99996
23	A	0.00000	7e-05	0.00000	0.99993
24	R	0.00000	0.00013	0.00000	0.99987
25	A	0.00000	0.00016	0.00000	0.99984
26	K	0.00000	0.9946	0.00000	0.0054
27	E	0.00000	0.9946	0.00000	0.0054
28	V	0.00000	1	0.00000	0
29	T	0.00000	1	0.00000	0
30	L	0.00000	1	0.00000	0
31	M	0.00000	1	0.00000	0
32	D	0.00000	1	0.00000	0
33	T	0.00000	1	0.00000	0
34	S	0.00000	1	0.00000	0
35	K	0.00000	1	0.00000	0
36	A	0.00000	1	0.00000	0
37	Q	0.00000	1	0.00000	0
38	G	0.00000	1	0.00000	0
39	E	0.00000	1	0.00000	0
40	L	0.00000	1	0.00000	0
41	G	0.00000	1	0.00000	0
42	W	0.00000	1	0.00000	0
43	L	0.00000	1	0.00000	0
44	L	0.00000	1	0.00000	0
45	D	0.00000	1	0.00000	0
46	P	0.00000	1	0.00000	0
47	P	0.00000	1	0.00000	0
48	K	0.00000	1	0.00000	0
49	D	0.00000	1	0.00000	0
50	G	0.00000	1	0.00000	0
51	W	0.00000	1	0.00000	0
52	S	0.00000	1	0.00000	0
53	E	0.00000	1	0.00000	0
54	Q	0.00000	1	0.00000	0
55	Q	0.00000	1	0.00000	0
56	Q	0.00000	1	0.00000	0
57	I	0.00000	1	0.00000	0
58	L	0.00000	1	0.00000	0
59	N	0.00000	1	0.00000	0
60	G	0.00000	1	0.00000	0
61	T	0.00000	1	0.00000	0
62	P	0.00000	1	0.00000	0
63	L	0.00000	1	0.00000	0
64	Y	0.00000	1	0.00000	0
65	M	0.00000	1	0.00000	0
66	Y	0.00000	1	0.00000	0
67	Q	0.00000	1	0.00000	0
68	D	0.00000	1	0.00000	0
69	C	0.00000	1	0.00000	0
70	P	0.00000	1	0.00000	0
71	M	0.00000	1	0.00000	0
72	Q	0.00000	1	0.00000	0
73	G	0.00000	1	0.00000	0
74	R	0.00000	1	0.00000	0
75	R	0.00000	1	0.00000	0
76	D	0.00000	1	0.00000	0
77	T	0.00000	1	0.00000	0
78	D	0.00000	1	0.00000	0
79	H	0.00000	1	0.00000	0
80	W	0.00000	1	0.00000	0
81	L	0.00000	1	0.00000	0
82	R	0.00000	1	0.00000	0
83	S	0.00000	1	0.00000	0
84	N	0.00000	1	0.00000	0
85	W	0.00000	1	0.00000	0
86	I	0.00000	1	0.00000	0
87	Y	0.00000	1	0.00000	0
88	R	0.00000	1	0.00000	0
89	G	0.00000	1	0.00000	0
90	E	0.00000	1	0.00000	0
91	E	0.00000	1	0.00000	0
92	A	0.00000	1	0.00000	0
93	S	0.00000	1	0.00000	0
94	R	0.00000	1	0.00000	0
95	V	0.00000	1	0.00000	0
96	H	0.00000	1	0.00000	0
97	V	0.00000	1	0.00000	0
98	E	0.00000	1	0.00000	0
99	L	0.00000	1	0.00000	0
100	Q	0.00000	1	0.00000	0
101	F	0.00000	1	0.00000	0
102	T	0.00000	1	0.00000	0
103	V	0.00000	1	0.00000	0
104	R	0.00000	1	0.00000	0
105	D	0.00000	1	0.00000	0
106	C	0.00000	1	0.00000	0
107	K	0.00000	1	0.00000	0
108	S	0.00000	1	0.00000	0
109	F	0.00000	1	0.00000	0
110	P	0.00000	1	0.00000	0
111	G	0.00000	1	0.00000	0
112	G	0.00000	1	0.00000	0
113	A	0.00000	1	0.00000	0
114	G	0.00000	1	0.00000	0
115	P	0.00000	1	0.00000	0
116	L	0.00000	1	0.00000	0
117	G	0.00000	1	0.00000	0
118	C	0.00000	1	0.00000	0
119	K	0.00000	1	0.00000	0
120	E	0.00000	1	0.00000	0
121	T	0.00000	1	0.00000	0
122	F	0.00000	1	0.00000	0
123	N	0.00000	1	0.00000	0
124	L	0.00000	1	0.00000	0
125	L	0.00000	1	0.00000	0
126	Y	0.00000	1	0.00000	0
127	M	0.00000	1	0.00000	0
128	E	0.00000	1	0.00000	0
129	S	0.00000	1	0.00000	0
130	D	0.00000	1	0.00000	0
131	Q	0.00000	1	0.00000	0
132	D	0.00000	1	0.00000	0
133	V	0.00000	1	0.00000	0
134	G	0.00000	1	0.00000	0
135	I	0.00000	1	0.00000	0
136	Q	0.00000	1	0.00000	0
137	L	0.00000	1	0.00000	0
138	R	0.00000	1	0.00000	0
139	R	0.00000	1	0.00000	0
140	P	0.00000	1	0.00000	0
141	L	0.00000	1	0.00000	0
142	F	0.00000	1	0.00000	0
143	Q	0.00000	1	0.00000	0
144	K	0.00000	1	0.00000	0
145	V	0.00000	1	0.00000	0
146	T	0.00000	1	0.00000	0
147	T	0.00000	1	0.00000	0
148	V	0.00000	1	0.00000	0
149	A	0.00000	1	0.00000	0
150	A	0.00000	1	0.00000	0
151	D	0.00000	1	0.00000	0
152	Q	0.00000	1	0.00000	0
153	S	0.00000	1	0.00000	0
154	F	0.00000	1	0.00000	0
155	T	0.00000	1	0.00000	0
156	I	0.00000	1	0.00000	0
157	R	0.00000	1	0.00000	0
158	D	0.00000	1	0.00000	0
159	L	0.00000	1	0.00000	0
160	V	0.00000	1	0.00000	0
161	S	0.00000	1	0.00000	0
162	G	0.00000	1	0.00000	0
163	S	0.00000	1	0.00000	0
164	V	0.00000	1	0.00000	0
165	K	0.00000	1	0.00000	0
166	L	0.00000	1	0.00000	0
167	N	0.00000	1	0.00000	0
168	V	0.00000	1	0.00000	0
169	E	0.00000	1	0.00000	0
170	R	0.00000	1	0.00000	0
171	C	0.00000	1	0.00000	0
172	S	0.00000	1	0.00000	0
173	L	0.00000	1	0.00000	0
174	G	0.00000	1	0.00000	0
175	R	0.00000	1	0.00000	0
176	L	0.00000	1	0.00000	0
177	T	0.00000	1	0.00000	0
178	R	0.00000	1	0.00000	0
179	R	0.00000	1	0.00000	0
180	G	0.00000	1	0.00000	0
181	L	0.00000	1	0.00000	0
182	Y	0.00000	1	0.00000	0
183	L	0.00000	1	0.00000	0
184	A	0.00000	1	0.00000	0
185	F	0.00000	1	0.00000	0
186	H	0.00000	1	0.00000	0
187	N	0.00000	1	0.00000	0
188	P	0.00000	1	0.00000	0
189	G	0.00000	1	0.00000	0
190	A	0.00000	1	0.00000	0
191	C	0.00000	1	0.00000	0
192	V	0.00000	1	0.00000	0
193	A	0.00000	1	0.00000	0
194	L	0.00000	1	0.00000	0
195	V	0.00000	1	0.00000	0
196	S	0.00000	1	0.00000	0
197	V	0.00000	1	0.00000	0
198	R	0.00000	1	0.00000	0
199	V	0.00000	1	0.00000	0
200	F	0.00000	1	0.00000	0
201	Y	0.00000	1	0.00000	0
202	Q	0.00000	1	0.00000	0
203	R	0.00000	1	0.00000	0
204	C	0.00000	1	0.00000	0
205	P	0.00000	1	0.00000	0
206	E	0.00000	1	0.00000	0
207	T	0.00000	1	0.00000	0
208	L	0.00000	1	0.00000	0
209	N	0.00000	1	0.00000	0
210	G	0.00000	1	0.00000	0
211	L	0.00000	1	0.00000	0
212	A	0.00000	1	0.00000	0
213	Q	0.00000	1	0.00000	0
214	F	0.00000	1	0.00000	0
215	P	0.00000	1	0.00000	0
216	D	0.00000	1	0.00000	0
217	T	0.00000	1	0.00000	0
218	L	0.00000	1	0.00000	0
219	P	0.00000	1	0.00000	0
220	G	0.00000	1	0.00000	0
221	P	0.00000	1	0.00000	0
222	A	0.00000	1	0.00000	0
223	G	0.00000	1	0.00000	0
224	L	0.00000	1	0.00000	0
225	V	0.00000	1	0.00000	0
226	E	0.00000	1	0.00000	0
227	V	0.00000	1	0.00000	0
228	A	0.00000	1	0.00000	0
229	G	0.00000	1	0.00000	0
230	T	0.00000	1	0.00000	0
231	C	0.00000	1	0.00000	0
232	L	0.00000	1	0.00000	0
233	P	0.00000	1	0.00000	0
234	H	0.00000	1	0.00000	0
235	A	0.00000	1	0.00000	0
236	R	0.00000	1	0.00000	0
237	A	0.00000	1	0.00000	0
238	S	0.00000	1	0.00000	0
239	P	0.00000	1	0.00000	0
240	R	0.00000	1	0.00000	0
241	P	0.00000	1	0.00000	0
242	S	0.00000	1	0.00000	0
243	G	0.00000	1	0.00000	0
244	A	0.00000	1	0.00000	0
245	P	0.00000	1	0.00000	0
246	R	0.00000	1	0.00000	0
247	M	0.00000	1	0.00000	0
248	H	0.00000	1	0.00000	0
249	C	0.00000	1	0.00000	0
250	S	0.00000	1	0.00000	0
251	P	0.00000	1	0.00000	0
252	D	0.00000	1	0.00000	0
253	G	0.00000	1	0.00000	0
254	E	0.00000	1	0.00000	0
255	W	0.00000	1	0.00000	0
256	L	0.00000	1	0.00000	0
257	V	0.00000	1	0.00000	0
258	P	0.00000	1	0.00000	0
259	V	0.00000	1	0.00000	0
260	G	0.00000	1	0.00000	0
261	R	0.00000	1	0.00000	0
262	C	0.00000	1	0.00000	0
263	H	0.00000	1	0.00000	0
264	C	0.00000	1	0.00000	0
265	E	0.00000	1	0.00000	0
266	P	0.00000	1	0.00000	0
267	G	0.00000	1	0.00000	0
268	Y	0.00000	1	0.00000	0
269	E	0.00000	1	0.00000	0
270	E	0.00000	1	0.00000	0
271	G	0.00000	1	0.00000	0
272	G	0.00000	1	0.00000	0
273	S	0.00000	1	0.00000	0
274	G	0.00000	1	0.00000	0
275	E	0.00000	1	0.00000	0
276	A	0.00000	1	0.00000	0
277	C	0.00000	1	0.00000	0
278	V	0.00000	1	0.00000	0
279	A	0.00000	1	0.00000	0
280	C	0.00000	1	0.00000	0
281	P	0.00000	1	0.00000	0
282	S	0.00000	1	0.00000	0
283	G	0.00000	1	0.00000	0
284	S	0.00000	1	0.00000	0
285	Y	0.00000	1	0.00000	0
286	R	0.00000	1	0.00000	0
287	M	0.00000	1	0.00000	0
288	D	0.00000	1	0.00000	0
289	M	0.00000	1	0.00000	0
290	D	0.00000	1	0.00000	0
291	T	0.00000	1	0.00000	0
292	P	0.00000	1	0.00000	0
293	H	0.00000	1	0.00000	0
294	C	0.00000	1	0.00000	0
295	L	0.00000	1	0.00000	0
296	T	0.00000	1	0.00000	0
297	C	0.00000	1	0.00000	0
298	P	0.00000	1	0.00000	0
299	Q	0.00000	1	0.00000	0
300	Q	0.00000	1	0.00000	0
301	S	0.00000	1	0.00000	0
302	T	0.00000	1	0.00000	0
303	A	0.00000	1	0.00000	0
304	E	0.00000	1	0.00000	0
305	S	0.00000	1	0.00000	0
306	E	0.00000	1	0.00000	0
307	G	0.00000	1	0.00000	0
308	A	0.00000	1	0.00000	0
309	T	0.00000	1	0.00000	0
310	I	0.00000	1	0.00000	0
311	C	0.00000	1	0.00000	0
312	T	0.00000	1	0.00000	0
313	C	0.00000	1	0.00000	0
314	E	0.00000	1	0.00000	0
315	S	0.00000	1	0.00000	0
316	G	0.00000	1	0.00000	0
317	H	0.00000	1	0.00000	0
318	Y	0.00000	1	0.00000	0
319	R	0.00000	1	0.00000	0
320	A	0.00000	1	0.00000	0
321	P	0.00000	1	0.00000	0
322	G	0.00000	1	0.00000	0
323	E	0.00000	1	0.00000	0
324	G	0.00000	1	0.00000	0
325	P	0.00000	1	0.00000	0
326	Q	0.00000	1	0.00000	0
327	V	0.00000	1	0.00000	0
328	A	0.00000	1	0.00000	0
329	C	0.00000	1	0.00000	0
330	T	0.00000	1	0.00000	0
331	G	0.00000	1	0.00000	0
332	P	0.00000	1	0.00000	0
333	P	0.00000	1	0.00000	0
334	S	0.00000	1	0.00000	0
335	A	0.00000	1	0.00000	0
336	P	0.00000	1	0.00000	0
337	R	0.00000	1	0.00000	0
338	N	0.00000	1	0.00000	0
339	L	0.00000	1	0.00000	0
340	S	0.00000	1	0.00000	0
341	F	0.00000	1	0.00000	0
342	S	0.00000	1	0.00000	0
343	A	0.00000	1	0.00000	0
344	S	0.00000	1	0.00000	0
345	G	0.00000	1	0.00000	0
346	T	0.00000	1	0.00000	0
347	Q	0.00000	1	0.00000	0
348	L	0.00000	1	0.00000	0
349	S	0.00000	1	0.00000	0
350	L	0.00000	1	0.00000	0
351	R	0.00000	1	0.00000	0
352	W	0.00000	1	0.00000	0
353	E	0.00000	1	0.00000	0
354	P	0.00000	1	0.00000	0
355	P	0.00000	1	0.00000	0
356	A	0.00000	1	0.00000	0
357	D	0.00000	1	0.00000	0
358	T	0.00000	1	0.00000	0
359	G	0.00000	1	0.00000	0
360	G	0.00000	1	0.00000	0
361	R	0.00000	1	0.00000	0
362	Q	0.00000	1	0.00000	0
363	D	0.00000	1	0.00000	0
364	V	0.00000	1	0.00000	0
365	R	0.00000	1	0.00000	0
366	Y	0.00000	1	0.00000	0
367	S	0.00000	1	0.00000	0
368	V	0.00000	1	0.00000	0
369	R	0.00000	1	0.00000	0
370	C	0.00000	1	0.00000	0
371	S	0.00000	1	0.00000	0
372	Q	0.00000	1	0.00000	0
373	C	0.00000	1	0.00000	0
374	Q	0.00000	1	0.00000	0
375	G	0.00000	1	0.00000	0
376	T	0.00000	1	0.00000	0
377	A	0.00000	1	0.00000	0
378	Q	0.00000	1	0.00000	0
379	D	0.00000	1	0.00000	0
380	G	0.00000	1	0.00000	0
381	G	0.00000	1	0.00000	0
382	P	0.00000	1	0.00000	0
383	C	0.00000	1	0.00000	0
384	Q	0.00000	1	0.00000	0
385	P	0.00000	1	0.00000	0
386	C	0.00000	1	0.00000	0
387	G	0.00000	1	0.00000	0
388	V	0.00000	0.99999	0.00001	0
389	G	0.00000	0.99999	0.00001	0
390	V	0.00000	0.99998	0.00002	0
391	H	0.00000	0.99998	0.00002	0
392	F	0.00000	0.99998	0.00002	0
393	S	0.00000	0.99998	0.00002	0
394	P	0.00000	0.99998	0.00002	0
395	G	0.00000	0.99998	0.00002	0
396	A	0.00000	0.99998	0.00002	0
397	R	0.00000	0.99998	0.00002	0
398	G	0.00000	0.99995	0.00005	0
399	L	0.00000	0.99992	0.00008	0
400	T	0.00000	0.99991	0.00009	0
401	T	0.00000	0.99979	0.00021	0
402	P	0.00000	0.99967	0.00033	0
403	A	0.00000	0.99963	0.00037	0
404	V	0.00000	0.99961	0.00039	0
405	H	0.00000	0.9996	0.00040	0
406	V	0.00000	0.9996	0.00040	0
407	N	0.00000	0.99959	0.00041	0
408	G	0.00000	0.99562	0.00437	0
409	L	0.00000	0.99151	0.00849	0
410	E	0.00002	0.99142	0.00857	0
411	P	0.00002	0.94458	0.05540	0
412	Y	0.00002	0.84359	0.15639	0
413	A	0.00002	0.82162	0.17836	0
414	N	0.00002	0.82109	0.17889	0
415	Y	0.00002	0.81629	0.18369	0
416	T	0.00002	0.81622	0.18377	0
417	F	0.00002	0.81621	0.18377	0
418	N	0.00002	0.81621	0.18377	0
419	V	0.00002	0.81621	0.18377	0
420	E	0.00012	0.81621	0.18367	0
421	A	0.00011	0.81621	0.18368	0
422	Q	0.00011	0.81621	0.18367	0
423	N	0.00011	0.81621	0.18368	0
424	G	0.00011	0.81621	0.18368	0
425	V	0.00011	0.81621	0.18368	0
426	S	0.00013	0.81621	0.18366	0
427	G	0.00014	0.81621	0.18365	0
428	L	0.00018	0.81621	0.18362	0
429	G	0.00240	0.8162	0.18139	0
430	S	0.02798	0.81619	0.15583	0
431	S	0.04893	0.81616	0.13491	0
432	G	0.07818	0.81597	0.10585	0
433	H	0.13148	0.81578	0.05274	0
434	A	0.15068	0.81542	0.03390	0
435	S	0.18120	0.81529	0.00351	0
436	T	0.18355	0.81454	0.00191	0
437	S	0.18344	0.81438	0.00218	0
438	V	0.17911	0.81422	0.00667	0
439	S	0.17746	0.81422	0.00832	0
440	I	0.00515	0.81412	0.18073	0
441	S	0.00369	0.81412	0.18219	0
442	M	0.00019	0.81412	0.18569	0
443	G	0.00008	0.81413	0.18579	0
444	H	0.00000	0.81413	0.18586	0
445	A	0.00000	0.81413	0.18586	0
446	E	0.00000	0.81414	0.18586	0
447	S	0.00000	0.81414	0.18586	0
448	L	0.00000	0.81414	0.18586	0
449	S	0.00001	0.81414	0.18586	0
450	G	0.00001	0.81414	0.18586	0
451	L	0.00001	0.81414	0.18586	0
452	S	0.00001	0.81414	0.18585	0
453	L	0.00002	0.81414	0.18584	0
454	R	0.00004	0.81416	0.18580	0
455	L	0.00005	0.81417	0.18578	0
456	V	0.00007	0.8142	0.18573	0
457	K	0.00056	0.81491	0.18454	0
458	K	0.00161	0.83475	0.16364	0
459	E	0.00208	0.90754	0.09038	0
460	P	0.00209	0.92316	0.07475	0
461	R	0.00209	0.98768	0.01024	0
462	Q	0.00205	0.99766	0.00030	0
463	L	0.00201	0.99787	0.00012	0
464	E	0.00201	0.9979	0.00009	0
465	L	0.00200	0.99791	0.00009	0
466	T	0.00200	0.99791	0.00009	0
467	W	0.00200	0.99791	0.00009	0
468	A	0.00200	0.99791	0.00009	0
469	G	0.00200	0.99373	0.00427	0
470	S	0.00200	0.98961	0.00839	0
471	R	0.00200	0.96709	0.03090	0
472	P	0.00200	0.94884	0.04915	0
473	R	0.00200	0.87488	0.12312	0
474	S	0.00200	0.87465	0.12334	0
475	P	0.00200	0.87464	0.12336	0
476	G	0.00114	0.87464	0.12422	0
477	A	0.00007	0.87464	0.12529	0
478	N	0.00000	0.87464	0.12536	0
479	L	0.00000	0.87464	0.12536	0
480	T	0.00000	0.8747	0.12530	0
481	Y	0.00000	0.8747	0.12530	0
482	E	0.00000	0.8747	0.12530	0
483	L	0.00000	0.8747	0.12530	0
484	H	0.00000	0.87472	0.12528	0
485	V	0.00000	0.87472	0.12528	0
486	L	0.00000	0.87472	0.12528	0
487	N	0.00000	0.87473	0.12527	0
488	Q	0.00000	0.87473	0.12527	0
489	D	0.00000	0.87473	0.12527	0
490	E	0.00000	0.87473	0.12527	0
491	E	0.00002	0.87473	0.12526	0
492	R	0.00467	0.87473	0.12060	0
493	Y	0.11946	0.87473	0.00581	0
494	Q	0.12326	0.87473	0.00201	0
495	M	0.12327	0.87473	0.00200	0
496	V	0.12327	0.87477	0.00196	0
497	L	0.12327	0.87511	0.00162	0
498	E	0.12327	0.87661	0.00012	0
499	P	0.12327	0.8767	0.00003	0
500	R	0.12327	0.87673	0.00001	0
501	V	0.12327	0.87673	0.00000	0
502	L	0.12327	0.87673	0.00000	0
503	L	0.12327	0.87673	0.00000	0
504	T	0.12327	0.87673	0.00000	0
505	E	0.12327	0.87673	0.00000	0
506	L	0.12327	0.87673	0.00000	0
507	Q	0.12327	0.87673	0.00000	0
508	P	0.12325	0.87673	0.00001	0
509	D	0.12283	0.87673	0.00044	0
510	T	0.12022	0.87673	0.00304	0
511	T	0.03651	0.87672	0.08677	0
512	Y	0.02533	0.87661	0.09806	0
513	I	0.00037	0.81848	0.18115	0
514	V	0.00001	0.81432	0.18567	0
515	R	0.00000	0.81412	0.18587	0
516	V	0.00000	0.81412	0.18588	0
517	R	0.00000	0.81412	0.18588	0
518	M	0.00000	0.81412	0.18588	0
519	L	0.00000	0.81412	0.18588	0
520	T	0.00000	0.81412	0.18588	0
521	P	0.00000	0.81412	0.18588	0
522	L	0.00000	0.81412	0.18588	0
523	G	0.00000	0.81412	0.18588	0
524	P	0.00000	0.81412	0.18588	0
525	G	0.00000	0.81412	0.18588	0
526	P	0.00000	0.81412	0.18588	0
527	F	0.00000	0.81412	0.18588	0
528	S	0.00000	0.81414	0.18586	0
529	P	0.00000	0.81562	0.18438	0
530	D	0.00000	0.89447	0.10553	0
531	H	0.00000	0.89899	0.10101	0
532	E	0.00000	0.91716	0.08284	0
533	F	0.00000	0.91908	0.08092	0
534	R	0.00000	0.93616	0.06384	0
535	T	0.06260	0.93707	0.00034	0
536	S	0.06261	0.93738	0.00000	0
537	P	0.06261	0.93738	0.00000	0
538	P	0.06261	0.93737	0.00002	0
539	V	0.06261	0.93732	0.00006	0
540	S	0.06261	0.93727	0.00011	0
541	R	0.06261	0.93714	0.00025	0
542	G	0.06261	0.93096	0.00642	0
543	L	0.06261	0.9284	0.00898	0
544	T	0.06261	0.92376	0.01363	0
545	G	0.06261	0.91764	0.01975	0
546	G	0.06256	0.9012	0.03623	0
547	E	0.06199	0.88295	0.05506	0
548	I	0.01249	0.24763	0.73988	0
549	V	0.00049	0.11459	0.88492	0
550	A	0.00011	0.11141	0.88848	0
551	V	0.00000	0.11113	0.88887	0
552	I	0.00000	0.11112	0.88888	0
553	F	0.00000	0.11112	0.88888	0
554	G	0.00000	0.11112	0.88888	0
555	L	0.00000	0.11112	0.88888	0
556	L	0.00000	0.11112	0.88888	0
557	L	0.00000	0.11112	0.88888	0
558	G	0.00000	0.11112	0.88888	0
559	A	0.00000	0.11112	0.88888	0
560	A	0.00000	0.11112	0.88888	0
561	L	0.00000	0.11112	0.88888	0
562	L	0.00000	0.11112	0.88888	0
563	L	0.00000	0.11112	0.88888	0
564	G	0.00001	0.11112	0.88888	0
565	I	0.00001	0.11112	0.88887	0
566	L	0.00021	0.11112	0.88867	0
567	V	0.00285	0.11122	0.88593	0
568	F	0.03631	0.11427	0.84941	0
569	R	0.59209	0.16212	0.24580	0
570	S	0.76164	0.17012	0.06824	0
571	R	0.81754	0.17363	0.00883	0
572	R	0.82500	0.17373	0.00127	0
573	A	0.82560	0.17373	0.00067	0
574	Q	0.82627	0.17373	0.00000	0
575	R	0.82624	0.17373	0.00003	0
576	Q	0.82499	0.17373	0.00128	0
577	R	0.80380	0.17373	0.02247	0
578	Q	0.49160	0.17373	0.33467	0
579	Q	0.32468	0.17373	0.50159	0
580	R	0.29594	0.17373	0.53033	0
581	Q	0.19727	0.17373	0.62900	0
582	R	0.17734	0.17373	0.64892	0
583	D	0.13608	0.17373	0.69019	0
584	R	0.12800	0.17373	0.69826	0
585	A	0.12329	0.17373	0.70298	0
586	T	0.12328	0.17373	0.70299	0
587	D	0.12327	0.17373	0.70299	0
588	V	0.12327	0.17373	0.70299	0
589	D	0.12327	0.17373	0.70299	0
590	R	0.12327	0.17373	0.70299	0
591	E	0.12327	0.17373	0.70299	0
592	D	0.12327	0.17373	0.70300	0
593	K	0.12225	0.17373	0.70401	0
594	L	0.12217	0.17373	0.70410	0
595	W	0.12217	0.17375	0.70408	0
596	L	0.12216	0.17471	0.70312	0
597	K	0.12216	0.21293	0.66491	0
598	P	0.12216	0.53548	0.34236	0
599	Y	0.12216	0.61657	0.26126	0
600	V	0.12216	0.73469	0.14315	0
601	D	0.12216	0.82295	0.05489	0
602	L	0.12216	0.8557	0.02213	0
603	Q	0.12216	0.8765	0.00134	0
604	A	0.12216	0.87653	0.00130	0
605	Y	0.12216	0.87664	0.00119	0
606	E	0.12216	0.87669	0.00114	0
607	D	0.12216	0.87672	0.00111	0
608	P	0.12216	0.87673	0.00111	0
609	A	0.12182	0.87672	0.00146	0
610	Q	0.12182	0.87672	0.00146	0
611	G	0.12182	0.87672	0.00146	0
612	A	0.12182	0.87672	0.00146	0
613	L	0.12182	0.87672	0.00146	0
614	D	0.12182	0.87775	0.00043	0
615	F	0.12182	0.87744	0.00074	0
616	T	0.12182	0.87746	0.00073	0
617	R	0.12182	0.87748	0.00070	0
618	E	0.12182	0.87749	0.00070	0
619	L	0.12182	0.87558	0.00260	0
620	D	0.12182	0.87534	0.00284	0
621	P	0.12165	0.87486	0.00350	0
622	A	0.00000	0.81612	0.18388	0
623	W	0.00000	0.23392	0.76608	0
624	L	0.00000	0.13394	0.86605	0
625	M	0.00000	0.12436	0.87563	0
626	V	0.00000	0.12402	0.87598	0
627	D	0.00000	0.12395	0.87605	0
628	T	0.00000	0.12395	0.87605	0
629	V	0.00000	0.12395	0.87604	0
630	I	0.00000	0.12398	0.87601	0
631	G	0.00001	0.12416	0.87583	0
632	E	0.00001	0.12427	0.87572	0
633	G	0.00001	0.12429	0.87570	0
634	E	0.00001	0.12429	0.87570	0
635	F	0.00002	0.12429	0.87569	0
636	G	0.00003	0.12429	0.87568	0
637	E	0.00005	0.12429	0.87565	0
638	V	0.00007	0.12429	0.87563	0
639	Y	0.00054	0.12429	0.87516	0
640	R	0.00114	0.12443	0.87443	0
641	G	0.00267	0.12491	0.87242	0
642	T	0.01611	0.12914	0.85475	0
643	L	0.05523	0.13702	0.80775	0
644	R	0.63891	0.24246	0.11863	0
645	L	0.75220	0.2451	0.00270	0
646	P	0.75350	0.24563	0.00087	0
647	S	0.75353	0.24597	0.00050	0
648	Q	0.75354	0.24609	0.00036	0
649	D	0.75354	0.24611	0.00035	0
650	C	0.75354	0.24611	0.00035	0
651	K	0.75354	0.24609	0.00037	0
652	T	0.75363	0.24586	0.00051	0
653	V	0.75362	0.24574	0.00064	0
654	A	0.75361	0.24571	0.00067	0
655	I	0.75326	0.24571	0.00103	0
656	K	0.75210	0.24567	0.00223	0
657	T	0.74052	0.24554	0.01394	0
658	L	0.73686	0.24553	0.01761	0
659	K	0.73680	0.24553	0.01766	0
660	D	0.73607	0.24553	0.01840	0
661	T	0.72381	0.24553	0.03066	0
662	S	0.72085	0.24551	0.03365	0
663	P	0.71809	0.24532	0.03659	0
664	G	0.63921	0.19887	0.16191	0
665	G	0.60593	0.19301	0.20106	0
666	Q	0.58010	0.17814	0.24176	0
667	W	0.51238	0.14255	0.34507	0
668	W	0.07540	0.06823	0.85636	0
669	N	0.05222	0.0179	0.92988	0
670	F	0.05134	0.00845	0.94021	0
671	L	0.05134	0.00839	0.94027	0
672	R	0.05136	0.00859	0.94005	0
673	E	0.05137	0.00864	0.93999	0
674	A	0.05145	0.00861	0.93993	0
675	T	0.05157	0.00863	0.93980	0
676	I	0.05161	0.00897	0.93942	0
677	M	0.05181	0.01827	0.92992	0
678	G	0.05181	0.02337	0.92482	0
679	Q	0.05181	0.02478	0.92341	0
680	F	0.05181	0.02499	0.92320	0
681	S	0.05181	0.0298	0.91840	0
682	H	0.05181	0.0378	0.91039	0
683	P	0.05184	0.04158	0.90658	0
684	H	0.05186	0.05298	0.89516	0
685	I	0.05201	0.05787	0.89012	0
686	L	0.05488	0.07839	0.86672	0
687	H	0.12630	0.2525	0.62121	0
688	L	0.13932	0.27099	0.58970	0
689	E	0.28771	0.70894	0.00336	0
690	G	0.28721	0.7101	0.00269	0
691	V	0.25853	0.70296	0.03851	0
692	V	0.23800	0.70307	0.05893	0
693	T	0.23818	0.70309	0.05873	0
694	K	0.23803	0.70318	0.05880	0
695	R	0.23801	0.70315	0.05884	0
696	K	0.23800	0.7026	0.05940	0
697	P	0.23807	0.69796	0.06397	0
698	I	0.13991	0.69698	0.16311	0
699	M	0.13730	0.69698	0.16573	0
700	I	0.13587	0.69698	0.16715	0
701	I	0.13558	0.69698	0.16744	0
702	T	0.13557	0.69698	0.16745	0
703	E	0.13533	0.69698	0.16769	0
704	F	0.13501	0.69698	0.16801	0
705	M	0.13501	0.69698	0.16801	0
706	E	0.13501	0.69698	0.16801	0
707	N	0.13501	0.69698	0.16801	0
708	G	0.13501	0.69698	0.16801	0
709	A	0.13501	0.69698	0.16801	0
710	L	0.13501	0.69723	0.16776	0
711	D	0.13503	0.70558	0.15940	0
712	A	0.13503	0.70564	0.15932	0
713	F	0.13506	0.70608	0.15886	0
714	L	0.13661	0.71429	0.14910	0
715	R	0.14599	0.7463	0.10771	0
716	E	0.14819	0.75271	0.09910	0
717	R	0.14879	0.7813	0.06991	0
718	E	0.14880	0.82199	0.02922	0
719	D	0.14878	0.82485	0.02637	0
720	Q	0.14848	0.77626	0.07526	0
721	L	0.14844	0.75066	0.10090	0
722	V	0.14844	0.71189	0.13968	0
723	P	0.14844	0.70267	0.14889	0
724	G	0.14485	0.56042	0.29472	0
725	Q	0.14267	0.55196	0.30537	0
726	L	0.12340	0.15812	0.71848	0
727	V	0.12323	0.10168	0.77510	0
728	A	0.12323	0.10329	0.77348	0
729	M	0.12323	0.10328	0.77349	0
730	L	0.12323	0.10328	0.77349	0
731	Q	0.12323	0.10328	0.77349	0
732	G	0.12323	0.10328	0.77349	0
733	I	0.12323	0.10328	0.77349	0
734	A	0.12323	0.10329	0.77349	0
735	S	0.12323	0.10329	0.77348	0
736	G	0.12323	0.10329	0.77348	0
737	M	0.12323	0.10329	0.77348	0
738	N	0.12323	0.10333	0.77344	0
739	Y	0.12323	0.10334	0.77342	0
740	L	0.12327	0.10336	0.77337	0
741	S	0.12941	0.10367	0.76692	0
742	N	0.14918	0.10632	0.74450	0
743	H	0.16065	0.10904	0.73030	0
744	N	0.17537	0.10978	0.71486	0
745	Y	0.17606	0.10993	0.71401	0
746	V	0.18308	0.11049	0.70643	0
747	H	0.37877	0.12069	0.50054	0
748	R	0.86556	0.12881	0.00563	0
749	D	0.87023	0.12527	0.00450	0
750	L	0.87050	0.124	0.00550	0
751	A	0.87081	0.12252	0.00667	0
752	A	0.87026	0.1208	0.00894	0
753	R	0.87025	0.1157	0.01404	0
754	N	0.86389	0.11551	0.02060	0
755	I	0.86312	0.01953	0.11734	0
756	L	0.86305	0.01918	0.11777	0
757	V	0.86304	0.01916	0.11780	0
758	N	0.86304	0.01916	0.11780	0
759	Q	0.86304	0.01916	0.11781	0
760	N	0.86303	0.01916	0.11782	0
761	L	0.86301	0.01916	0.11783	0
762	C	0.86301	0.01916	0.11783	0
763	C	0.86301	0.01916	0.11783	0
764	K	0.86301	0.01916	0.11783	0
765	V	0.86301	0.01916	0.11783	0
766	S	0.86301	0.01916	0.11783	0
767	D	0.86301	0.01916	0.11783	0
768	F	0.86302	0.01916	0.11783	0
769	G	0.86311	0.01916	0.11773	0
770	L	0.86314	0.01915	0.11770	0
771	T	0.86320	0.01915	0.11764	0
772	R	0.86336	0.01916	0.11748	0
773	L	0.86336	0.01921	0.11743	0
774	L	0.86338	0.01973	0.11690	0
775	D	0.86372	0.02686	0.10942	0
776	D	0.86410	0.02708	0.10883	0
777	F	0.97169	0.0271	0.00121	0
778	D	0.97172	0.02717	0.00111	0
779	G	0.97257	0.02718	0.00025	0
780	T	0.97277	0.02718	0.00005	0
781	Y	0.97277	0.02719	0.00004	0
782	E	0.97277	0.02722	0.00001	0
783	T	0.97277	0.02722	0.00001	0
784	Q	0.97276	0.02722	0.00001	0
785	G	0.97276	0.02723	0.00002	0
786	G	0.97276	0.02723	0.00002	0
787	K	0.97275	0.02723	0.00002	0
788	I	0.97265	0.02682	0.00052	0
789	P	0.97265	0.02661	0.00074	0
790	I	0.97265	0.0246	0.00275	0
791	R	0.97265	0.02449	0.00286	0
792	W	0.97265	0.02121	0.00614	0
793	T	0.97265	0.0205	0.00685	0
794	A	0.97265	0.01989	0.00746	0
795	P	0.97265	0.01979	0.00756	0
796	E	0.97201	0.01962	0.00836	0
797	A	0.88056	0.00369	0.11576	0
798	I	0.86255	0.00051	0.13694	0
799	A	0.86112	0.00013	0.13875	0
800	H	0.86048	5e-05	0.13947	0
801	R	0.81937	3e-05	0.18060	0
802	I	0.26242	1e-05	0.73758	0
803	F	0.17439	0	0.82561	0
804	T	0.17439	0	0.82561	0
805	T	0.17439	1e-05	0.82560	0
806	A	0.17439	1e-05	0.82560	0
807	S	0.17440	3e-05	0.82557	0
808	D	0.17453	0.00011	0.82535	0
809	V	0.17454	0.00011	0.82535	0
810	W	0.17456	0.00012	0.82533	0
811	S	0.17468	0.00012	0.82521	0
812	F	0.17472	0.00012	0.82516	0
813	G	0.17588	0.00012	0.82400	0
814	I	0.17896	0.00012	0.82093	0
815	V	0.18173	0.00012	0.81815	0
816	M	0.18211	0.00033	0.81756	0
817	W	0.18931	0.02066	0.79003	0
818	E	0.19966	0.08091	0.71943	0
819	V	0.20067	0.08549	0.71384	0
820	L	0.20074	0.09333	0.70593	0
821	S	0.20085	0.11432	0.68483	0
822	F	0.20091	0.13443	0.66466	0
823	G	0.20157	0.5638	0.23463	0
824	D	0.20161	0.79725	0.00115	0
825	K	0.20161	0.79835	0.00003	0
826	P	0.20162	0.79837	0.00001	0
827	Y	0.20162	0.79838	0.00001	0
828	G	0.20162	0.79838	0.00000	0
829	E	0.20162	0.79838	0.00000	0
830	M	0.20162	0.79834	0.00004	0
831	S	0.20162	0.79832	0.00007	0
832	N	0.20162	0.79743	0.00095	0
833	Q	0.20162	0.66721	0.13118	0
834	E	0.20162	0.59859	0.19980	0
835	V	0.20160	0.39232	0.40608	0
836	M	0.20160	0.17726	0.62114	0
837	K	0.20160	0.17396	0.62444	0
838	S	0.20156	0.17374	0.62469	0
839	I	0.20134	0.1737	0.62496	0
840	E	0.20057	0.17357	0.62587	0
841	D	0.19970	0.17177	0.62853	0
842	G	0.19969	0.14559	0.65472	0
843	Y	0.19969	0.11175	0.68856	0
844	R	0.19969	0.10688	0.69343	0
845	L	0.19969	0.00134	0.79897	0
846	P	0.19969	0.00034	0.79997	0
847	P	0.19969	4e-05	0.80027	0
848	P	0.19969	3e-05	0.80028	0
849	V	0.19969	2e-05	0.80028	0
850	D	0.19970	2e-05	0.80028	0
851	C	0.19970	2e-05	0.80028	0
852	P	0.19974	2e-05	0.80024	0
853	A	0.20146	2e-05	0.79852	0
854	P	0.20783	2e-05	0.79215	0
855	L	0.22168	2e-05	0.77829	0
856	Y	0.55410	3e-05	0.44588	0
857	E	0.82435	4e-05	0.17561	0
858	L	0.82435	4e-05	0.17561	0
859	M	0.82435	6e-05	0.17559	0
860	K	0.82440	0.00184	0.17376	0
861	N	0.82440	0.00194	0.17366	0
862	C	0.82440	0.00195	0.17365	0
863	W	0.82442	0.00195	0.17363	0
864	A	0.82666	0.00195	0.17139	0
865	Y	0.83976	0.00195	0.15830	0
866	D	0.97230	0.00195	0.02575	0
867	R	0.99095	0.00195	0.00710	0
868	A	0.99384	0.00195	0.00422	0
869	R	0.99783	0.00195	0.00023	0
870	R	0.99805	0.00195	0.00000	0
871	P	0.99805	0.00194	0.00001	0
872	H	0.99805	0.00193	0.00002	0
873	F	0.99805	0.00193	0.00002	0
874	Q	0.99805	0.00193	0.00002	0
875	K	0.99805	0.00193	0.00002	0
876	L	0.99805	0.00032	0.00163	0
877	Q	0.99805	0.00031	0.00163	0
878	A	0.99805	0.00031	0.00164	0
879	H	0.99805	0.00031	0.00164	0
880	L	0.99805	0.00031	0.00164	0
881	E	0.99805	0.00031	0.00164	0
882	Q	0.99805	0.00027	0.00167	0
883	L	0.99805	0.0002	0.00175	0
884	L	0.99805	0.00019	0.00176	0
885	A	0.99805	0.00019	0.00176	0
886	N	0.99805	0.00019	0.00176	0
887	P	0.99805	0.00019	0.00176	0
888	H	0.99805	0.00019	0.00176	0
889	S	0.99804	0.00019	0.00177	0
890	L	0.99804	0.00019	0.00177	0
891	R	0.99806	0.00019	0.00176	0
892	T	0.99806	0.0001	0.00185	0
893	I	0.99806	0.0001	0.00185	0
894	A	0.99806	0.0001	0.00185	0
895	N	0.99807	0.0001	0.00183	0
896	F	0.99837	0.0001	0.00153	0
897	D	0.99935	0.0001	0.00056	0
898	P	0.99744	2e-05	0.00254	0
899	R	0.99178	2e-05	0.00820	0
900	M	0.89102	0	0.10898	0
901	T	0.89051	0	0.10949	0
902	L	0.89051	0	0.10949	0
903	R	0.89051	0	0.10949	0
904	L	0.89058	0	0.10942	0
905	P	0.89060	0	0.10940	0
906	S	0.89054	0	0.10946	0
907	L	0.89054	0	0.10946	0
908	S	0.89055	0	0.10944	0
909	G	0.89055	1e-05	0.10944	0
910	S	0.89055	1e-05	0.10944	0
911	D	0.89055	1e-05	0.10944	0
912	G	0.89053	1e-05	0.10945	0
913	I	0.89051	1e-05	0.10947	0
914	P	0.89053	1e-05	0.10946	0
915	Y	0.89053	1e-05	0.10946	0
916	R	0.89060	1e-05	0.10939	0
917	T	0.89060	1e-05	0.10938	0
918	V	0.89060	0.00011	0.10929	0
919	S	0.89062	0.00807	0.10132	0
920	E	0.89070	0.10102	0.00829	0
921	W	0.89070	0.10496	0.00434	0
922	L	0.89070	0.1054	0.00390	0
923	E	0.89070	0.10876	0.00055	0
924	S	0.89052	0.1089	0.00058	0
925	I	0.88922	0.10895	0.00182	0
926	R	0.88922	0.10914	0.00164	0
927	M	0.88922	0.10915	0.00163	0
928	K	0.88900	0.10922	0.00178	0
929	R	0.88900	0.10922	0.00178	0
930	Y	0.88887	0.10922	0.00191	0
931	I	0.88887	0.10921	0.00192	0
932	L	0.88887	0.10921	0.00193	0
933	H	0.88887	0.10923	0.00191	0
934	F	0.88887	0.10924	0.00189	0
935	H	0.88887	0.10925	0.00189	0
936	S	0.88887	0.10924	0.00189	0
937	A	0.88887	0.1092	0.00194	0
938	G	0.88887	0.10904	0.00209	0
939	L	0.88887	0.09183	0.01931	0
940	D	0.88887	0.091	0.02013	0
941	T	0.88887	0.06501	0.04613	0
942	M	0.88887	0.03391	0.07723	0
943	E	0.88890	0.02237	0.08873	0
944	C	0.88890	0.00665	0.10445	0
945	V	0.88890	8e-05	0.11102	0
946	L	0.88890	0.0001	0.11100	0
947	E	0.88891	0.0009	0.11019	0
948	L	0.88891	0.00092	0.11018	0
949	T	0.88891	0.00095	0.11015	0
950	A	0.88891	0.00108	0.11001	0
951	E	0.88891	0.00138	0.10972	0
952	D	0.88891	0.00094	0.11015	0
953	L	0.88891	0.00024	0.11086	0
954	T	0.88891	0.00012	0.11097	0
955	Q	0.88891	5e-05	0.11104	0
956	M	0.88891	0	0.11109	0
957	G	0.88891	0	0.11109	0
958	I	0.88891	0	0.11109	0
959	T	0.88895	0	0.11105	0
960	L	0.88925	0	0.11075	0
961	P	0.91250	0	0.08750	0
962	G	0.92359	0	0.07641	0
963	H	0.95900	0	0.04100	0
964	Q	0.99366	0	0.00634	0
965	K	0.99843	0	0.00157	0
966	R	0.99843	0	0.00157	0
967	I	0.99843	0	0.00157	0
968	L	0.99843	0	0.00157	0
969	C	0.99843	0	0.00157	0
970	S	0.99843	0	0.00157	0
971	I	0.99843	0	0.00157	0
972	Q	0.99911	0	0.00089	0
973	G	0.99917	0	0.00083	0
974	F	0.99931	0	0.00069	0
975	K	1.00000	0	0.00000	0
976	D	1.00000	0	0.00000	0
