# UNNAMED
#pos	aa	i	o	M	S
1	M	0.00000	0.99988	0.00000	0.00012
2	W	0.00000	0.99988	0.00000	0.00011
3	P	0.00000	0.99988	0.00000	0.00011
4	N	0.00000	0.99988	0.00000	0.00012
5	G	0.00000	0.99988	0.00000	0.00011
6	S	0.00000	0.99988	0.00000	0.00011
7	S	0.00000	0.99988	0.00000	0.00011
8	L	0.00000	0.99988	0.00000	0.00012
9	G	0.00000	0.99988	0.00000	0.00012
10	P	0.00000	0.99988	0.00000	0.00012
11	C	0.00000	0.99988	0.00000	0.00012
12	F	0.00000	0.99988	0.00000	0.00012
13	R	0.00000	0.99988	0.00000	0.00012
14	P	0.00000	0.99988	0.00000	0.00012
15	T	0.00000	0.99988	0.00000	0.00012
16	N	0.00000	0.99988	0.00000	0.00012
17	I	0.00000	0.99988	0.00000	0.00012
18	T	0.00000	0.99988	0.00000	0.00012
19	L	0.00000	0.99995	0.00000	5e-05
20	E	0.00000	0.99997	0.00000	3e-05
21	E	0.00000	1	0.00000	0
22	R	0.00000	1	0.00000	0
23	R	0.00000	0.99999	0.00001	0
24	L	0.00000	0.99807	0.00193	0
25	I	0.00000	0.85256	0.14744	0
26	A	0.00000	0.7926	0.20740	0
27	S	0.00000	0.73111	0.26889	0
28	P	0.00000	0.4988	0.50120	0
29	W	0.00000	0.13901	0.86099	0
30	F	0.00000	0.00723	0.99277	0
31	A	0.00000	0.00356	0.99644	0
32	A	0.00000	0.0013	0.99870	0
33	S	0.00000	0.00035	0.99965	0
34	F	0.00000	1e-05	0.99999	0
35	C	0.00000	0	1.00000	0
36	V	0.00000	0	1.00000	0
37	V	0.00000	0	1.00000	0
38	G	0.00000	0	1.00000	0
39	L	0.00000	0	1.00000	0
40	A	0.00000	0	1.00000	0
41	S	0.00000	0	1.00000	0
42	N	0.00000	0	1.00000	0
43	L	0.00000	0	1.00000	0
44	L	0.00000	0	1.00000	0
45	A	0.00000	0	1.00000	0
46	L	0.00000	0	1.00000	0
47	S	0.00016	0	0.99984	0
48	V	0.00082	0	0.99918	0
49	L	0.00801	0	0.99199	0
50	A	0.06991	0	0.93009	0
51	G	0.28076	0	0.71924	0
52	A	0.40770	0	0.59230	0
53	R	0.98469	0	0.01531	0
54	Q	0.99963	0	0.00037	0
55	G	0.99991	0	0.00009	0
56	G	0.99997	0	0.00003	0
57	S	1.00000	0	0.00000	0
58	H	1.00000	0	0.00000	0
59	T	0.99999	0	0.00001	0
60	R	0.99992	0	0.00008	0
61	S	0.99466	0	0.00534	0
62	S	0.92307	0	0.07693	0
63	F	0.10785	0	0.89215	0
64	L	0.02737	0	0.97263	0
65	T	0.02289	0	0.97711	0
66	F	0.00054	0	0.99946	0
67	L	0.00002	0	0.99998	0
68	C	0.00000	0	1.00000	0
69	G	0.00000	0	1.00000	0
70	L	0.00000	0	1.00000	0
71	V	0.00000	0	1.00000	0
72	L	0.00000	0	1.00000	0
73	T	0.00000	0	1.00000	0
74	D	0.00000	0	1.00000	0
75	F	0.00000	0	1.00000	0
76	L	0.00000	0	1.00000	0
77	G	0.00000	0	1.00000	0
78	L	0.00000	0	1.00000	0
79	L	0.00000	0	1.00000	0
80	V	0.00000	8e-05	0.99992	0
81	T	0.00000	0.00191	0.99809	0
82	G	0.00000	0.01001	0.98999	0
83	T	0.00000	0.0199	0.98010	0
84	I	0.00000	0.03245	0.96755	0
85	V	0.00000	0.12478	0.87522	0
86	V	0.00000	0.31805	0.68195	0
87	S	0.00000	0.94239	0.05761	0
88	Q	0.00000	0.9837	0.01630	0
89	H	0.00000	0.99971	0.00029	0
90	A	0.00000	0.99979	0.00021	0
91	A	0.00000	0.99983	0.00017	0
92	L	0.00000	0.99985	0.00015	0
93	F	0.00000	0.99996	0.00004	0
94	E	0.00000	0.99999	0.00001	0
95	W	0.00000	0.99999	0.00001	0
96	H	0.00000	1	0.00000	0
97	A	0.00000	1	0.00000	0
98	V	0.00000	1	0.00000	0
99	D	0.00000	1	0.00000	0
100	P	0.00000	1	0.00000	0
101	G	0.00000	1	0.00000	0
102	C	0.00000	0.99998	0.00002	0
103	R	0.00000	0.99894	0.00106	0
104	L	0.00000	0.99693	0.00307	0
105	C	0.00000	0.99511	0.00489	0
106	R	0.00000	0.89278	0.10722	0
107	F	0.00000	0.36071	0.63929	0
108	M	0.00000	0.26452	0.73548	0
109	G	0.00000	0.20274	0.79726	0
110	V	0.00000	0.05136	0.94864	0
111	V	0.00000	0.00534	0.99466	0
112	M	0.00000	0.00028	0.99972	0
113	I	0.00000	0	1.00000	0
114	F	0.00000	0	1.00000	0
115	F	0.00000	0	1.00000	0
116	G	0.00000	0	1.00000	0
117	L	0.00000	0	1.00000	0
118	S	0.00000	0	1.00000	0
119	P	0.00000	0	1.00000	0
120	L	0.00000	0	1.00000	0
121	L	0.00000	0	1.00000	0
122	L	0.00000	0	1.00000	0
123	G	0.00000	0	1.00000	0
124	A	0.00000	0	1.00000	0
125	A	0.00000	0	1.00000	0
126	M	0.00000	0	1.00000	0
127	A	0.00001	0	0.99999	0
128	S	0.00003	0	0.99997	0
129	E	0.00014	0	0.99986	0
130	R	0.02105	0	0.97895	0
131	Y	0.09313	0	0.90687	0
132	L	0.82892	0	0.17108	0
133	G	0.96351	0	0.03649	0
134	I	0.99864	0	0.00136	0
135	T	1.00000	0	0.00000	0
136	R	1.00000	0	0.00000	0
137	P	1.00000	0	0.00000	0
138	F	1.00000	0	0.00000	0
139	S	1.00000	0	0.00000	0
140	R	1.00000	0	0.00000	0
141	P	1.00000	0	0.00000	0
142	A	1.00000	0	0.00000	0
143	V	1.00000	0	0.00000	0
144	A	1.00000	0	0.00000	0
145	S	1.00000	0	0.00000	0
146	Q	1.00000	0	0.00000	0
147	R	0.99975	0	0.00025	0
148	R	0.99075	0	0.00925	0
149	A	0.30713	0	0.69287	0
150	W	0.14125	0	0.85875	0
151	A	0.02538	0	0.97462	0
152	T	0.00392	0	0.99608	0
153	V	0.00006	0	0.99994	0
154	G	0.00002	0	0.99998	0
155	L	0.00000	0	1.00000	0
156	V	0.00000	0	1.00000	0
157	W	0.00000	0	1.00000	0
158	A	0.00000	0	1.00000	0
159	A	0.00000	0	1.00000	0
160	A	0.00000	0	1.00000	0
161	L	0.00000	0	1.00000	0
162	A	0.00000	0	1.00000	0
163	L	0.00000	0	1.00000	0
164	G	0.00000	0	1.00000	0
165	L	0.00000	0	1.00000	0
166	L	0.00000	0	1.00000	0
167	P	0.00000	5e-05	0.99995	0
168	L	0.00000	0.0004	0.99960	0
169	L	0.00000	0.01633	0.98367	0
170	G	0.00000	0.45149	0.54851	0
171	V	0.00000	0.60689	0.39311	0
172	G	0.00000	0.8905	0.10950	0
173	R	0.00000	0.99571	0.00429	0
174	Y	0.00000	0.99823	0.00177	0
175	T	0.00000	0.99931	0.00069	0
176	V	0.00000	0.99971	0.00029	0
177	Q	0.00000	0.99998	0.00002	0
178	Y	0.00000	1	0.00000	0
179	P	0.00000	1	0.00000	0
180	G	0.00000	1	0.00000	0
181	S	0.00000	1	0.00000	0
182	W	0.00000	1	0.00000	0
183	C	0.00000	1	0.00000	0
184	F	0.00000	1	0.00000	0
185	L	0.00000	0.99999	0.00001	0
186	T	0.00000	0.99999	0.00001	0
187	L	0.00000	0.99998	0.00002	0
188	G	0.00000	0.99989	0.00011	0
189	A	0.00000	0.99989	0.00011	0
190	E	0.00000	0.99989	0.00011	0
191	S	0.00000	0.99988	0.00012	0
192	G	0.00000	0.99939	0.00061	0
193	D	0.00000	0.99937	0.00063	0
194	V	0.00000	0.98955	0.01045	0
195	A	0.00000	0.97649	0.02351	0
196	F	0.00000	0.79727	0.20273	0
197	G	0.00000	0.75624	0.24376	0
198	L	0.00000	0.73316	0.26684	0
199	L	0.00000	0.16781	0.83219	0
200	F	0.00000	0.04843	0.95157	0
201	S	0.00000	0.04799	0.95201	0
202	M	0.00000	0.00284	0.99716	0
203	L	0.00000	0.00176	0.99824	0
204	G	0.00000	0.00066	0.99934	0
205	G	0.00000	0.00064	0.99936	0
206	L	0.00000	0	1.00000	0
207	S	0.00000	0	1.00000	0
208	V	0.00000	0	1.00000	0
209	G	0.00000	0	1.00000	0
210	L	0.00000	0	1.00000	0
211	S	0.00000	0	1.00000	0
212	F	0.00000	0	1.00000	0
213	L	0.00001	0	0.99999	0
214	L	0.00004	0	0.99996	0
215	N	0.00046	0	0.99954	0
216	T	0.00069	0	0.99931	0
217	V	0.00144	0	0.99856	0
218	S	0.01186	0	0.98814	0
219	V	0.01615	0	0.98385	0
220	A	0.04215	0	0.95785	0
221	T	0.07570	0	0.92430	0
222	L	0.09158	0	0.90842	0
223	C	0.13096	0	0.86904	0
224	H	0.40419	0	0.59581	0
225	V	0.45575	0	0.54425	0
226	Y	0.54680	0	0.45320	0
227	H	0.94376	0	0.05624	0
228	G	0.99134	0	0.00866	0
229	Q	1.00000	0	0.00000	0
230	E	1.00000	0	0.00000	0
231	A	1.00000	0	0.00000	0
232	A	1.00000	0	0.00000	0
233	Q	1.00000	0	0.00000	0
234	Q	1.00000	0	0.00000	0
235	R	1.00000	0	0.00000	0
236	P	1.00000	0	0.00000	0
237	R	1.00000	0	0.00000	0
238	D	1.00000	0	0.00000	0
239	S	1.00000	0	0.00000	0
240	E	1.00000	0	0.00000	0
241	V	1.00000	0	0.00000	0
242	E	1.00000	0	0.00000	0
243	M	0.99670	0	0.00330	0
244	M	0.65665	0	0.34335	0
245	A	0.65588	0	0.34412	0
246	Q	0.63342	0	0.36658	0
247	L	0.14356	0	0.85644	0
248	L	0.06028	0	0.93972	0
249	G	0.05410	0	0.94590	0
250	I	0.00049	0	0.99951	0
251	M	0.00003	0	0.99997	0
252	V	0.00000	0	1.00000	0
253	V	0.00000	0	1.00000	0
254	A	0.00000	0	1.00000	0
255	S	0.00000	0	1.00000	0
256	V	0.00000	0	1.00000	0
257	C	0.00000	0	1.00000	0
258	W	0.00000	0	1.00000	0
259	L	0.00000	0	1.00000	0
260	P	0.00000	0	1.00000	0
261	L	0.00000	0	1.00000	0
262	L	0.00000	0	1.00000	0
263	V	0.00000	0	1.00000	0
264	F	0.00000	9e-05	0.99991	0
265	I	0.00000	0.00202	0.99798	0
266	A	0.00000	0.03893	0.96107	0
267	Q	0.00000	0.19559	0.80441	0
268	T	0.00000	0.23308	0.76692	0
269	V	0.00000	0.26835	0.73165	0
270	L	0.00000	0.37434	0.62566	0
271	R	0.00000	0.97647	0.02353	0
272	N	0.00000	0.99823	0.00177	0
273	P	0.00000	0.99941	0.00059	0
274	P	0.00000	0.99974	0.00026	0
275	A	0.00000	0.99983	0.00017	0
276	M	0.00000	0.99997	0.00003	0
277	S	0.00000	0.99999	0.00001	0
278	P	0.00000	0.99999	0.00001	0
279	A	0.00000	1	0.00000	0
280	G	0.00000	1	0.00000	0
281	Q	0.00000	1	0.00000	0
282	L	0.00000	1	0.00000	0
283	S	0.00000	1	0.00000	0
284	R	0.00000	0.99999	0.00001	0
285	T	0.00000	0.99993	0.00007	0
286	T	0.00000	0.9997	0.00030	0
287	E	0.00000	0.99874	0.00126	0
288	K	0.00000	0.99412	0.00588	0
289	E	0.00000	0.9569	0.04310	0
290	L	0.00000	0.82823	0.17177	0
291	L	0.00000	0.05946	0.94054	0
292	I	0.00000	0.00079	0.99921	0
293	Y	0.00000	2e-05	0.99998	0
294	L	0.00000	0	1.00000	0
295	R	0.00000	0	1.00000	0
296	V	0.00000	0	1.00000	0
297	A	0.00000	0	1.00000	0
298	T	0.00000	0	1.00000	0
299	W	0.00000	0	1.00000	0
300	N	0.00000	0	1.00000	0
301	Q	0.00000	0	1.00000	0
302	I	0.00000	0	1.00000	0
303	L	0.00000	0	1.00000	0
304	D	0.00002	0	0.99998	0
305	P	0.00002	0	0.99998	0
306	W	0.00002	0	0.99998	0
307	V	0.00003	0	0.99997	0
308	Y	0.00012	0	0.99988	0
309	I	0.00143	0	0.99857	0
310	L	0.05376	0	0.94624	0
311	F	0.80149	0	0.19851	0
312	R	1.00000	0	0.00000	0
313	R	1.00000	0	0.00000	0
314	A	1.00000	0	0.00000	0
315	V	1.00000	0	0.00000	0
316	L	1.00000	0	0.00000	0
317	R	1.00000	0	0.00000	0
318	R	1.00000	0	0.00000	0
319	L	1.00000	0	0.00000	0
320	Q	1.00000	0	0.00000	0
321	P	1.00000	0	0.00000	0
322	R	1.00000	0	0.00000	0
323	L	1.00000	0	0.00000	0
324	S	1.00000	0	0.00000	0
325	T	1.00000	0	0.00000	0
326	R	1.00000	0	0.00000	0
327	P	1.00000	0	0.00000	0
328	R	1.00000	0	0.00000	0
329	R	1.00000	0	0.00000	0
330	S	1.00000	0	0.00000	0
331	L	1.00000	0	0.00000	0
332	T	1.00000	0	0.00000	0
333	L	1.00000	0	0.00000	0
334	W	1.00000	0	0.00000	0
335	P	1.00000	0	0.00000	0
336	S	1.00000	0	0.00000	0
337	L	1.00000	0	0.00000	0
338	E	1.00000	0	0.00000	0
339	Y	1.00000	0	0.00000	0
340	S	1.00000	0	0.00000	0
341	G	1.00000	0	0.00000	0
342	T	1.00000	0	0.00000	0
343	I	1.00000	0	0.00000	0
344	S	1.00000	0	0.00000	0
345	A	1.00000	0	0.00000	0
346	H	1.00000	0	0.00000	0
347	C	1.00000	0	0.00000	0
348	N	1.00000	0	0.00000	0
349	L	1.00000	0	0.00000	0
350	R	1.00000	0	0.00000	0
351	L	1.00000	0	0.00000	0
352	P	1.00000	0	0.00000	0
353	G	1.00000	0	0.00000	0
354	S	1.00000	0	0.00000	0
355	S	1.00000	0	0.00000	0
356	D	1.00000	0	0.00000	0
357	S	1.00000	0	0.00000	0
358	R	1.00000	0	0.00000	0
359	A	1.00000	0	0.00000	0
360	S	1.00000	0	0.00000	0
361	A	1.00000	0	0.00000	0
362	S	1.00000	0	0.00000	0
363	R	1.00000	0	0.00000	0
364	A	1.00000	0	0.00000	0
365	A	1.00000	0	0.00000	0
366	G	1.00000	0	0.00000	0
367	I	1.00000	0	0.00000	0
368	T	1.00000	0	0.00000	0
369	G	1.00000	0	0.00000	0
370	V	1.00000	0	0.00000	0
371	S	1.00000	0	0.00000	0
372	H	1.00000	0	0.00000	0
373	C	1.00000	0	0.00000	0
374	A	1.00000	0	0.00000	0
375	R	1.00000	0	0.00000	0
376	P	1.00000	0	0.00000	0
377	C	1.00000	0	0.00000	0
378	M	1.00000	0	0.00000	0
379	L	1.00000	0	0.00000	0
380	F	1.00000	0	0.00000	0
381	D	1.00000	0	0.00000	0
382	P	1.00000	0	0.00000	0
383	E	1.00000	0	0.00000	0
384	F	1.00000	0	0.00000	0
385	D	1.00000	0	0.00000	0
386	L	1.00000	0	0.00000	0
387	L	1.00000	0	0.00000	0
388	A	1.00000	0	0.00000	0
389	G	1.00000	0	0.00000	0
390	V	1.00000	0	0.00000	0
391	Q	1.00000	0	0.00000	0
392	L	1.00000	0	0.00000	0
393	L	1.00000	0	0.00000	0
394	P	1.00000	0	0.00000	0
395	F	1.00000	0	0.00000	0
396	E	1.00000	0	0.00000	0
397	P	1.00000	0	0.00000	0
398	P	1.00000	0	0.00000	0
399	T	1.00000	0	0.00000	0
400	G	1.00000	0	0.00000	0
401	K	1.00000	0	0.00000	0
402	A	1.00000	0	0.00000	0
403	L	1.00000	0	0.00000	0
404	S	1.00000	0	0.00000	0
405	R	1.00000	0	0.00000	0
406	K	1.00000	0	0.00000	0
407	D	1.00000	0	0.00000	0
