# UNNAMED
#pos	aa	i	o	M	S
1	M	0.00000	1	0.00000	0
2	L	0.00000	1	0.00000	0
3	R	0.00000	1	0.00000	0
4	L	0.00000	0.96124	0.03875	0
5	F	0.00000	0.86802	0.13197	0
6	Y	0.00000	0.71827	0.28172	0
7	F	0.00000	0.51921	0.48078	0
8	S	0.00000	0.44083	0.55917	0
9	A	0.00000	0.27634	0.72366	0
10	I	0.00000	0.07894	0.92106	0
11	I	0.00000	0.01186	0.98813	0
12	A	0.00000	0.00488	0.99512	0
13	S	0.00000	0.00443	0.99557	0
14	V	0.00000	0.0016	0.99839	0
15	I	0.00000	0.00052	0.99948	0
16	L	0.00000	0.00047	0.99953	0
17	N	0.00000	0.00044	0.99956	0
18	F	0.00000	1e-05	0.99999	0
19	V	0.00000	0	1.00000	0
20	G	0.00000	0	1.00000	0
21	I	0.00000	0	1.00000	0
22	I	0.00000	0	1.00000	0
23	M	0.00000	0	1.00000	0
24	N	0.00000	0	1.00000	0
25	L	0.00000	0	1.00000	0
26	F	0.00000	0	1.00000	0
27	I	0.00005	0	0.99995	0
28	T	0.00081	0	0.99919	0
29	V	0.00121	0	0.99879	0
30	V	0.03142	0	0.96858	0
31	N	0.45892	0	0.54108	0
32	C	0.55156	0	0.44844	0
33	K	0.84833	0	0.15167	0
34	T	0.88180	0	0.11820	0
35	W	0.88986	0	0.11014	0
36	V	0.89956	0	0.10044	0
37	K	0.99837	0	0.00163	0
38	S	0.99974	0	0.00026	0
39	H	0.99876	0	0.00124	0
40	R	0.99856	0	0.00144	0
41	I	0.98933	0	0.01067	0
42	S	0.98921	0	0.01079	0
43	S	0.98778	0	0.01222	0
44	S	0.98123	0	0.01877	0
45	D	0.96056	0	0.03944	0
46	R	0.94786	0	0.05214	0
47	I	0.01655	0	0.98345	0
48	L	0.00283	0	0.99717	0
49	F	0.00005	0	0.99995	0
50	S	0.00001	0	0.99999	0
51	L	0.00000	0	1.00000	0
52	G	0.00000	0	1.00000	0
53	I	0.00000	0	1.00000	0
54	T	0.00000	0	1.00000	0
55	R	0.00000	0	1.00000	0
56	F	0.00000	0	1.00000	0
57	L	0.00000	0	1.00000	0
58	M	0.00000	0	1.00000	0
59	L	0.00000	0	1.00000	0
60	G	0.00000	3e-05	0.99997	0
61	L	0.00000	8e-05	0.99992	0
62	F	0.00000	0.00026	0.99974	0
63	L	0.00000	0.00155	0.99845	0
64	V	0.00000	0.00511	0.99489	0
65	N	0.00000	0.04342	0.95658	0
66	T	0.00000	0.05127	0.94873	0
67	I	0.00000	0.06755	0.93245	0
68	Y	0.00000	0.14569	0.85431	0
69	F	0.00000	0.19518	0.80482	0
70	V	0.00000	0.31886	0.68114	0
71	S	0.00000	0.89402	0.10598	0
72	S	0.00000	0.99301	0.00699	0
73	N	0.00000	0.99974	0.00026	0
74	T	0.00000	0.99997	0.00003	0
75	E	0.00000	1	0.00000	0
76	R	0.00000	1	0.00000	0
77	S	0.00000	0.99999	0.00001	0
78	V	0.00000	0.99989	0.00011	0
79	Y	0.00000	0.99961	0.00039	0
80	L	0.00000	0.9977	0.00230	0
81	S	0.00000	0.98869	0.01131	0
82	A	0.00000	0.88632	0.11368	0
83	F	0.00000	0.87058	0.12942	0
84	F	0.00000	0.85848	0.14152	0
85	V	0.00000	0.85617	0.14383	0
86	L	0.00000	0.85464	0.14536	0
87	C	0.00000	0.85423	0.14577	0
88	F	0.00000	0.04263	0.95737	0
89	M	0.00000	0.00481	0.99519	0
90	F	0.00000	0.00216	0.99784	0
91	L	0.00000	0.00204	0.99796	0
92	D	0.00000	0.00195	0.99805	0
93	S	0.00000	0.00189	0.99811	0
94	S	0.00000	0.0017	0.99830	0
95	S	0.00000	0.00072	0.99928	0
96	V	0.00000	9e-05	0.99991	0
97	W	0.00000	3e-05	0.99997	0
98	F	0.00000	0	1.00000	0
99	V	0.00000	0	1.00000	0
100	T	0.00000	0	1.00000	0
101	L	0.00000	0	1.00000	0
102	L	0.00000	0	1.00000	0
103	N	0.00000	0	1.00000	0
104	I	0.00003	0	0.99997	0
105	L	0.00013	0	0.99987	0
106	Y	0.00635	0	0.99365	0
107	C	0.04536	0	0.95464	0
108	V	0.12541	0	0.87459	0
109	K	0.37069	0	0.62931	0
110	I	0.47604	0	0.52396	0
111	T	0.65142	0	0.34858	0
112	N	0.68789	0	0.31211	0
113	F	0.83457	0	0.16543	0
114	Q	0.98108	0	0.01892	0
115	H	0.99353	0	0.00647	0
116	S	0.99714	0	0.00286	0
117	V	0.99921	0	0.00079	0
118	F	0.99964	0	0.00036	0
119	L	0.99999	0	0.00001	0
120	L	1.00000	0	0.00000	0
121	L	1.00000	0	0.00000	0
122	K	1.00000	0	0.00000	0
123	R	1.00000	0	0.00000	0
124	N	0.99999	0	0.00001	0
125	I	0.99992	0	0.00008	0
126	S	0.99992	0	0.00008	0
127	P	0.99887	0	0.00113	0
128	K	0.97772	0	0.02228	0
129	I	0.73573	0	0.26427	0
130	P	0.72170	0	0.27830	0
131	R	0.55222	0	0.44778	0
132	L	0.02844	0	0.97156	0
133	L	0.00114	0	0.99886	0
134	L	0.00019	0	0.99981	0
135	A	0.00002	0	0.99998	0
136	C	0.00000	0	1.00000	0
137	V	0.00000	0	1.00000	0
138	L	0.00000	0	1.00000	0
139	I	0.00000	0	1.00000	0
140	S	0.00000	0	1.00000	0
141	A	0.00000	0	1.00000	0
142	F	0.00000	0	1.00000	0
143	T	0.00000	0	1.00000	0
144	T	0.00000	0	1.00000	0
145	C	0.00000	2e-05	0.99998	0
146	L	0.00000	3e-05	0.99997	0
147	Y	0.00000	9e-05	0.99991	0
148	I	0.00000	0.00039	0.99961	0
149	T	0.00000	0.00552	0.99448	0
150	L	0.00000	0.01175	0.98825	0
151	S	0.00000	0.36844	0.63156	0
152	Q	0.00000	0.81933	0.18067	0
153	A	0.00000	0.8616	0.13840	0
154	S	0.00000	0.9686	0.03140	0
155	P	0.00000	0.99455	0.00545	0
156	F	0.00000	0.99685	0.00315	0
157	P	0.00000	0.99993	0.00007	0
158	E	0.00000	1	0.00000	0
159	L	0.00000	1	0.00000	0
160	V	0.00000	1	0.00000	0
161	T	0.00000	1	0.00000	0
162	T	0.00000	1	0.00000	0
163	R	0.00000	1	0.00000	0
164	N	0.00000	1	0.00000	0
165	N	0.00000	1	0.00000	0
166	T	0.00000	0.99974	0.00026	0
167	S	0.00000	0.97415	0.02585	0
168	F	0.00000	0.96517	0.03483	0
169	N	0.00000	0.96513	0.03487	0
170	I	0.00000	0.96488	0.03512	0
171	S	0.00000	0.96259	0.03741	0
172	E	0.00000	0.96251	0.03749	0
173	G	0.00000	0.93277	0.06723	0
174	I	0.00000	0.72509	0.27491	0
175	L	0.00000	0.13281	0.86719	0
176	S	0.00000	0.12796	0.87204	0
177	L	0.00000	0.04206	0.95794	0
178	V	0.00000	0.03953	0.96047	0
179	V	0.00000	0.01056	0.98944	0
180	S	0.00000	0.00468	0.99532	0
181	L	0.00000	1e-05	0.99999	0
182	V	0.00000	1e-05	0.99999	0
183	L	0.00000	0	1.00000	0
184	S	0.00000	0	1.00000	0
185	S	0.00000	0	1.00000	0
186	S	0.00000	0	1.00000	0
187	L	0.00000	0	1.00000	0
188	Q	0.00000	0	1.00000	0
189	F	0.00000	0	1.00000	0
190	I	0.00005	0	0.99995	0
191	I	0.00117	0	0.99883	0
192	N	0.01979	0	0.98021	0
193	V	0.02185	0	0.97815	0
194	T	0.03502	0	0.96498	0
195	S	0.04012	0	0.95988	0
196	A	0.04239	0	0.95761	0
197	S	0.04716	0	0.95284	0
198	L	0.04954	0	0.95046	0
199	L	0.06024	0	0.93976	0
200	I	0.13062	0	0.86938	0
201	H	0.78110	0	0.21890	0
202	S	0.90760	0	0.09240	0
203	L	0.93847	0	0.06153	0
204	R	0.99817	0	0.00183	0
205	R	0.99995	0	0.00005	0
206	H	1.00000	0	0.00000	0
207	I	1.00000	0	0.00000	0
208	Q	1.00000	0	0.00000	0
209	K	1.00000	0	0.00000	0
210	M	1.00000	0	0.00000	0
211	Q	1.00000	0	0.00000	0
212	K	1.00000	0	0.00000	0
213	N	1.00000	0	0.00000	0
214	A	1.00000	0	0.00000	0
215	T	1.00000	0	0.00000	0
216	G	1.00000	0	0.00000	0
217	F	1.00000	0	0.00000	0
218	W	1.00000	0	0.00000	0
219	N	1.00000	0	0.00000	0
220	P	1.00000	0	0.00000	0
221	Q	1.00000	0	0.00000	0
222	T	1.00000	0	0.00000	0
223	E	1.00000	0	0.00000	0
224	A	1.00000	0	0.00000	0
225	H	0.99996	0	0.00004	0
226	V	0.99792	0	0.00208	0
227	G	0.92350	0	0.07650	0
228	A	0.61995	0	0.38005	0
229	M	0.00384	0	0.99616	0
230	K	0.00253	0	0.99747	0
231	L	0.00216	0	0.99784	0
232	M	0.00190	0	0.99810	0
233	V	0.00187	0	0.99813	0
234	Y	0.00004	0	0.99996	0
235	F	0.00002	0	0.99998	0
236	L	0.00000	0	1.00000	0
237	I	0.00000	0	1.00000	0
238	L	0.00000	0	1.00000	0
239	Y	0.00000	0	1.00000	0
240	I	0.00000	0	1.00000	0
241	P	0.00000	0	1.00000	0
242	Y	0.00000	0	1.00000	0
243	S	0.00000	0	1.00000	0
244	V	0.00000	0	1.00000	0
245	A	0.00000	0	1.00000	0
246	T	0.00000	3e-05	0.99997	0
247	L	0.00000	0.00049	0.99951	0
248	V	0.00000	0.00443	0.99557	0
249	Q	0.00000	0.06127	0.93873	0
250	Y	0.00000	0.09002	0.90998	0
251	L	0.00000	0.1296	0.87040	0
252	P	0.00000	0.37229	0.62771	0
253	F	0.00000	0.44593	0.55407	0
254	Y	0.00000	0.78187	0.21813	0
255	A	0.00000	0.90101	0.09899	0
256	G	0.00000	0.95059	0.04941	0
257	M	0.00000	0.95799	0.04201	0
258	D	0.00000	0.9994	0.00060	0
259	M	0.00000	0.99528	0.00472	0
260	G	0.00000	0.99399	0.00601	0
261	T	0.00000	0.9871	0.01290	0
262	K	0.00000	0.96541	0.03459	0
263	S	0.00000	0.82062	0.17938	0
264	I	0.00000	0.13542	0.86458	0
265	C	0.00000	0.06414	0.93586	0
266	L	0.00000	0.00227	0.99773	0
267	I	0.00000	2e-05	0.99998	0
268	F	0.00000	0	1.00000	0
269	A	0.00000	0	1.00000	0
270	T	0.00000	0	1.00000	0
271	L	0.00000	0	1.00000	0
272	Y	0.00000	0	1.00000	0
273	S	0.00000	0	1.00000	0
274	P	0.00000	0	1.00000	0
275	G	0.00000	0	1.00000	0
276	H	0.00000	0	1.00000	0
277	S	0.00000	0	1.00000	0
278	V	0.00000	0	1.00000	0
279	L	0.00000	0	1.00000	0
280	I	0.00000	0	1.00000	0
281	I	0.00002	0	0.99998	0
282	I	0.00032	0	0.99968	0
283	T	0.02345	0	0.97655	0
284	H	0.15401	0	0.84599	0
285	P	0.61157	0	0.38843	0
286	K	1.00000	0	0.00000	0
287	L	1.00000	0	0.00000	0
288	K	1.00000	0	0.00000	0
289	T	1.00000	0	0.00000	0
290	T	1.00000	0	0.00000	0
291	A	1.00000	0	0.00000	0
292	K	1.00000	0	0.00000	0
293	K	1.00000	0	0.00000	0
294	I	1.00000	0	0.00000	0
295	L	1.00000	0	0.00000	0
296	C	1.00000	0	0.00000	0
297	F	1.00000	0	0.00000	0
298	K	1.00000	0	0.00000	0
299	K	1.00000	0	0.00000	0
