# UNNAMED
#pos	aa	i	o	M	S
1	M	0.00000	0.99992	0.00000	8e-05
2	R	0.00000	0.99992	0.00000	8e-05
3	N	0.00000	0.99992	0.00000	8e-05
4	H	0.00000	0.99992	0.00000	9e-05
5	T	0.00000	0.99992	0.00000	8e-05
6	T	0.00000	0.99992	0.00000	8e-05
7	V	0.00000	0.99992	0.00000	8e-05
8	A	0.00000	0.99992	0.00000	8e-05
9	N	0.00000	0.99992	0.00000	8e-05
10	F	0.00000	0.99992	0.00000	8e-05
11	I	0.00000	0.99992	0.00000	8e-05
12	L	0.00000	0.99992	0.00000	8e-05
13	L	0.00000	0.99992	0.00000	8e-05
14	G	0.00000	0.99992	0.00000	8e-05
15	L	0.00000	0.99992	0.00000	8e-05
16	T	0.00000	0.99992	0.00000	8e-05
17	D	0.00000	1	0.00000	0
18	D	0.00000	1	0.00000	0
19	P	0.00000	0.99967	0.00033	0
20	Q	0.00000	0.99568	0.00432	0
21	L	0.00000	0.92363	0.07637	0
22	Q	0.00000	0.80473	0.19526	0
23	V	0.00000	0.22835	0.77165	0
24	I	0.00000	0.05463	0.94537	0
25	I	0.00000	0.0357	0.96430	0
26	F	0.00000	0.03101	0.96899	0
27	L	0.00000	0.02919	0.97081	0
28	L	0.00000	0.02779	0.97221	0
29	L	0.00000	0.00379	0.99621	0
30	F	0.00000	0.00019	0.99981	0
31	F	0.00000	1e-05	0.99999	0
32	T	0.00000	1e-05	0.99999	0
33	Y	0.00000	0	1.00000	0
34	M	0.00000	0	1.00000	0
35	L	0.00000	0	1.00000	0
36	S	0.00000	0	1.00000	0
37	I	0.00000	0	1.00000	0
38	T	0.00000	0	1.00000	0
39	G	0.00000	0	1.00000	0
40	N	0.00000	0	1.00000	0
41	L	0.00000	0	1.00000	0
42	T	0.00001	0	0.99999	0
43	I	0.00002	0	0.99998	0
44	I	0.00081	0	0.99919	0
45	T	0.06750	0	0.93250	0
46	L	0.17569	0	0.82431	0
47	T	0.56883	0	0.43117	0
48	L	0.69718	0	0.30282	0
49	L	0.85065	0	0.14935	0
50	D	0.99586	0	0.00414	0
51	L	0.99733	0	0.00267	0
52	H	0.99892	0	0.00108	0
53	L	0.99949	0	0.00051	0
54	K	1.00000	0	0.00000	0
55	T	1.00000	0	0.00000	0
56	P	1.00000	0	0.00000	0
57	M	0.25133	0	0.74867	0
58	Y	0.18948	0	0.81052	0
59	F	0.02967	0	0.97033	0
60	F	0.00215	0	0.99785	0
61	L	0.00161	0	0.99839	0
62	R	0.00156	0	0.99844	0
63	N	0.00004	0	0.99996	0
64	F	0.00000	0	1.00000	0
65	S	0.00000	0	1.00000	0
66	F	0.00000	0	1.00000	0
67	L	0.00000	0	1.00000	0
68	E	0.00000	0	1.00000	0
69	V	0.00000	0	1.00000	0
70	S	0.00000	0	1.00000	0
71	F	0.00000	0	1.00000	0
72	T	0.00000	0	1.00000	0
73	T	0.00000	0	1.00000	0
74	V	0.00000	0	1.00000	0
75	Y	0.00000	9e-05	0.99991	0
76	I	0.00000	0.00189	0.99811	0
77	P	0.00000	0.02029	0.97971	0
78	K	0.00000	0.11255	0.88745	0
79	F	0.00000	0.16343	0.83657	0
80	L	0.00000	0.31177	0.68823	0
81	V	0.00000	0.61579	0.38421	0
82	S	0.00000	0.99994	0.00006	0
83	M	0.00000	0.99999	0.00001	0
84	A	0.00000	1	0.00000	0
85	T	0.00000	1	0.00000	0
86	G	0.00000	1	0.00000	0
87	D	0.00000	1	0.00000	0
88	K	0.00000	1	0.00000	0
89	T	0.00000	1	0.00000	0
90	I	0.00000	1	0.00000	0
91	S	0.00000	1	0.00000	0
92	Y	0.00000	1	0.00000	0
93	N	0.00000	1	0.00000	0
94	D	0.00000	0.99988	0.00012	0
95	C	0.00000	0.99863	0.00137	0
96	A	0.00000	0.94438	0.05562	0
97	A	0.00000	0.78312	0.21688	0
98	Q	0.00000	0.70923	0.29077	0
99	L	0.00000	0.13594	0.86406	0
100	F	0.00000	0.01077	0.98923	0
101	F	0.00000	0.00065	0.99935	0
102	T	0.00000	0.0001	0.99990	0
103	I	0.00000	0	1.00000	0
104	L	0.00000	0	1.00000	0
105	L	0.00000	0	1.00000	0
106	G	0.00000	0	1.00000	0
107	A	0.00000	0	1.00000	0
108	T	0.00000	0	1.00000	0
109	E	0.00000	0	1.00000	0
110	F	0.00000	0	1.00000	0
111	F	0.00000	0	1.00000	0
112	L	0.00000	0	1.00000	0
113	L	0.00000	0	1.00000	0
114	A	0.00000	0	1.00000	0
115	A	0.00000	0	1.00000	0
116	M	0.00000	0	1.00000	0
117	S	0.00000	0	1.00000	0
118	Y	0.00000	0	1.00000	0
119	E	0.00006	0	0.99994	0
120	R	0.01194	0	0.98806	0
121	Y	0.14576	0	0.85424	0
122	V	0.93692	0	0.06308	0
123	A	0.99805	0	0.00195	0
124	I	0.99997	0	0.00003	0
125	C	1.00000	0	0.00000	0
126	K	1.00000	0	0.00000	0
127	P	1.00000	0	0.00000	0
128	L	1.00000	0	0.00000	0
129	H	1.00000	0	0.00000	0
130	Y	1.00000	0	0.00000	0
131	T	1.00000	0	0.00000	0
132	T	1.00000	0	0.00000	0
133	I	0.99999	0	0.00001	0
134	M	0.99996	0	0.00004	0
135	S	0.99982	0	0.00018	0
136	S	0.99933	0	0.00067	0
137	R	0.99365	0	0.00635	0
138	V	0.54829	0	0.45171	0
139	C	0.03262	0	0.96738	0
140	S	0.02686	0	0.97314	0
141	L	0.00159	0	0.99841	0
142	L	0.00006	0	0.99994	0
143	V	0.00000	0	1.00000	0
144	F	0.00000	0	1.00000	0
145	A	0.00000	0	1.00000	0
146	S	0.00000	0	1.00000	0
147	W	0.00000	0	1.00000	0
148	M	0.00000	0	1.00000	0
149	A	0.00000	0	1.00000	0
150	G	0.00000	0	1.00000	0
151	F	0.00000	0	1.00000	0
152	L	0.00000	0	1.00000	0
153	I	0.00000	0	1.00000	0
154	I	0.00000	0	1.00000	0
155	F	0.00000	1e-05	0.99999	0
156	P	0.00000	0.00025	0.99975	0
157	P	0.00000	0.00073	0.99927	0
158	L	0.00000	0.00191	0.99809	0
159	L	0.00000	0.0194	0.98060	0
160	M	0.00000	0.13258	0.86742	0
161	G	0.00000	0.55209	0.44791	0
162	L	0.00000	0.66778	0.33222	0
163	Q	0.00000	0.98142	0.01858	0
164	L	0.00000	0.99206	0.00794	0
165	D	0.00000	1	0.00000	0
166	F	0.00000	1	0.00000	0
167	C	0.00000	1	0.00000	0
168	A	0.00000	1	0.00000	0
169	A	0.00000	1	0.00000	0
170	N	0.00000	1	0.00000	0
171	T	0.00000	1	0.00000	0
172	V	0.00000	1	0.00000	0
173	D	0.00000	1	0.00000	0
174	H	0.00000	1	0.00000	0
175	F	0.00000	1	0.00000	0
176	F	0.00000	1	0.00000	0
177	C	0.00000	1	0.00000	0
178	D	0.00000	1	0.00000	0
179	V	0.00000	1	0.00000	0
180	S	0.00000	1	0.00000	0
181	P	0.00000	1	0.00000	0
182	I	0.00000	1	0.00000	0
183	L	0.00000	1	0.00000	0
184	Q	0.00000	1	0.00000	0
185	L	0.00000	1	0.00000	0
186	S	0.00000	1	0.00000	0
187	C	0.00000	1	0.00000	0
188	T	0.00000	1	0.00000	0
189	D	0.00000	0.99999	0.00001	0
190	T	0.00000	0.99999	0.00001	0
191	D	0.00000	0.99966	0.00034	0
192	I	0.00000	0.79276	0.20724	0
193	I	0.00000	0.78929	0.21071	0
194	E	0.00000	0.7885	0.21150	0
195	L	0.00000	0.02299	0.97701	0
196	M	0.00000	0.00144	0.99856	0
197	M	0.00000	0.00011	0.99989	0
198	L	0.00000	4e-05	0.99996	0
199	L	0.00000	0	1.00000	0
200	S	0.00000	0	1.00000	0
201	A	0.00000	0	1.00000	0
202	I	0.00000	0	1.00000	0
203	L	0.00000	0	1.00000	0
204	T	0.00000	0	1.00000	0
205	L	0.00000	0	1.00000	0
206	L	0.00000	0	1.00000	0
207	V	0.00000	0	1.00000	0
208	T	0.00000	0	1.00000	0
209	L	0.00000	0	1.00000	0
210	V	0.00000	0	1.00000	0
211	L	0.00000	0	1.00000	0
212	V	0.00000	0	1.00000	0
213	I	0.00008	0	0.99992	0
214	L	0.00540	0	0.99460	0
215	S	0.07084	0	0.92916	0
216	Y	0.09026	0	0.90974	0
217	T	0.30065	0	0.69935	0
218	N	0.40903	0	0.59097	0
219	I	0.42505	0	0.57495	0
220	I	0.49197	0	0.50803	0
221	R	0.99689	0	0.00311	0
222	T	0.99902	0	0.00098	0
223	I	0.99935	0	0.00065	0
224	L	0.99980	0	0.00020	0
225	K	1.00000	0	0.00000	0
226	I	1.00000	0	0.00000	0
227	P	1.00000	0	0.00000	0
228	S	1.00000	0	0.00000	0
229	S	1.00000	0	0.00000	0
230	Q	1.00000	0	0.00000	0
231	Q	0.99997	0	0.00003	0
232	R	0.98227	0	0.01773	0
233	K	0.94478	0	0.05522	0
234	K	0.74886	0	0.25114	0
235	A	0.28919	0	0.71081	0
236	F	0.11283	0	0.88717	0
237	S	0.00982	0	0.99018	0
238	T	0.00433	0	0.99567	0
239	C	0.00128	0	0.99872	0
240	S	0.00100	0	0.99900	0
241	S	0.00085	0	0.99915	0
242	H	0.00046	0	0.99954	0
243	M	0.00032	0	0.99968	0
244	V	0.00000	0	1.00000	0
245	V	0.00000	0	1.00000	0
246	V	0.00000	0	1.00000	0
247	S	0.00000	0	1.00000	0
248	I	0.00000	0	1.00000	0
249	S	0.00000	0	1.00000	0
250	Y	0.00000	0	1.00000	0
251	G	0.00000	0	1.00000	0
252	S	0.00000	1e-05	0.99999	0
253	C	0.00000	4e-05	0.99996	0
254	I	0.00000	5e-05	0.99995	0
255	F	0.00000	0.00026	0.99974	0
256	M	0.00000	0.00092	0.99908	0
257	Y	0.00000	0.01621	0.98379	0
258	V	0.00000	0.05096	0.94904	0
259	K	0.00000	0.98305	0.01695	0
260	P	0.00000	0.99532	0.00468	0
261	S	0.00000	0.99821	0.00179	0
262	A	0.00000	0.99894	0.00106	0
263	K	0.00000	0.99992	0.00008	0
264	E	0.00000	0.99987	0.00013	0
265	R	0.00000	0.9991	0.00090	0
266	V	0.00000	0.74732	0.25268	0
267	S	0.00000	0.73081	0.26919	0
268	L	0.00000	0.5369	0.46310	0
269	N	0.00000	0.50225	0.49775	0
270	K	0.00000	0.40496	0.59504	0
271	G	0.00000	0.06016	0.93984	0
272	I	0.00000	0.00037	0.99963	0
273	A	0.00000	0	1.00000	0
274	L	0.00000	0	1.00000	0
275	L	0.00000	0	1.00000	0
276	S	0.00000	0	1.00000	0
277	T	0.00000	0	1.00000	0
278	S	0.00000	0	1.00000	0
279	V	0.00000	0	1.00000	0
280	A	0.00000	0	1.00000	0
281	P	0.00000	0	1.00000	0
282	M	0.00000	0	1.00000	0
283	L	0.00000	0	1.00000	0
284	N	0.00000	0	1.00000	0
285	P	0.00001	0	0.99999	0
286	F	0.00039	0	0.99961	0
287	I	0.00597	0	0.99403	0
288	Y	0.01212	0	0.98788	0
289	T	0.02161	0	0.97839	0
290	L	0.07791	0	0.92209	0
291	R	1.00000	0	0.00000	0
292	N	1.00000	0	0.00000	0
293	K	1.00000	0	0.00000	0
294	Q	1.00000	0	0.00000	0
295	V	1.00000	0	0.00000	0
296	K	1.00000	0	0.00000	0
297	D	1.00000	0	0.00000	0
298	V	1.00000	0	0.00000	0
299	F	1.00000	0	0.00000	0
300	K	1.00000	0	0.00000	0
301	H	1.00000	0	0.00000	0
302	T	1.00000	0	0.00000	0
303	V	1.00000	0	0.00000	0
304	K	1.00000	0	0.00000	0
305	K	1.00000	0	0.00000	0
306	I	1.00000	0	0.00000	0
307	E	1.00000	0	0.00000	0
308	L	1.00000	0	0.00000	0
309	F	1.00000	0	0.00000	0
310	S	1.00000	0	0.00000	0
311	M	1.00000	0	0.00000	0
312	K	1.00000	0	0.00000	0
