# UNNAMED
#pos	aa	i	o	M	S
1	M	0.00000	0.9965	0.00000	0.0035
2	P	0.00000	0.9965	0.00000	0.0035
3	T	0.00000	0.9965	0.00000	0.0035
4	L	0.00000	0.9965	0.00000	0.0035
5	N	0.00000	0.9965	0.00000	0.0035
6	T	0.00000	0.9965	0.00000	0.0035
7	S	0.00000	0.9965	0.00000	0.0035
8	A	0.00000	0.9965	0.00000	0.0035
9	S	0.00000	0.9965	0.00000	0.0035
10	P	0.00000	0.9965	0.00000	0.00351
11	P	0.00000	0.9965	0.00000	0.0035
12	T	0.00000	0.9965	0.00000	0.0035
13	F	0.00000	0.9965	0.00000	0.0035
14	F	0.00000	0.9965	0.00000	0.0035
15	W	0.00000	0.9965	0.00000	0.0035
16	A	0.00000	0.9965	0.00000	0.0035
17	N	0.00000	0.9965	0.00000	0.0035
18	A	0.00000	0.9965	0.00000	0.0035
19	S	0.00000	0.9965	0.00000	0.0035
20	G	0.00000	0.9965	0.00000	0.0035
21	G	0.00000	0.99776	0.00000	0.00224
22	S	0.00000	0.99869	0.00000	0.00131
23	V	0.00000	0.9988	0.00000	0.0012
24	L	0.00000	0.9988	0.00000	0.0012
25	S	0.00000	0.9988	0.00000	0.0012
26	A	0.00000	0.99964	0.00000	0.00036
27	D	0.00000	1	0.00000	0
28	D	0.00000	1	0.00000	0
29	A	0.00000	1	0.00000	0
30	P	0.00000	1	0.00000	0
31	M	0.00000	1	0.00000	0
32	P	0.00000	1	0.00000	0
33	V	0.00000	1	0.00000	0
34	K	0.00000	1	0.00000	0
35	F	0.00000	0.99941	0.00059	0
36	L	0.00000	0.9992	0.00080	0
37	A	0.00000	0.99906	0.00094	0
38	L	0.00000	0.99884	0.00116	0
39	R	0.00000	0.99866	0.00134	0
40	L	0.00000	0.9921	0.00790	0
41	M	0.00000	0.98773	0.01227	0
42	V	0.00000	0.18702	0.81298	0
43	A	0.00000	0.07056	0.92944	0
44	L	0.00000	0.02137	0.97863	0
45	A	0.00000	0.00273	0.99727	0
46	Y	0.00000	0.00026	0.99974	0
47	G	0.00000	0.00011	0.99989	0
48	L	0.00000	1e-05	0.99999	0
49	V	0.00000	0	1.00000	0
50	G	0.00000	0	1.00000	0
51	A	0.00000	0	1.00000	0
52	I	0.00000	0	1.00000	0
53	G	0.00000	0	1.00000	0
54	L	0.00000	0	1.00000	0
55	L	0.00000	0	1.00000	0
56	G	0.00000	0	1.00000	0
57	N	0.00000	0	1.00000	0
58	L	0.00000	0	1.00000	0
59	A	0.00000	0	1.00000	0
60	V	0.00000	0	1.00000	0
61	L	0.00000	0	1.00000	0
62	W	0.00004	0	0.99996	0
63	V	0.00302	0	0.99698	0
64	L	0.05334	0	0.94666	0
65	S	0.73111	0	0.26889	0
66	N	0.96327	0	0.03673	0
67	C	0.99720	0	0.00280	0
68	A	0.99860	0	0.00140	0
69	R	0.99996	0	0.00004	0
70	R	0.99999	0	0.00001	0
71	A	1.00000	0	0.00000	0
72	P	1.00000	0	0.00000	0
73	G	1.00000	0	0.00000	0
74	P	1.00000	0	0.00000	0
75	P	1.00000	0	0.00000	0
76	S	0.99870	0	0.00130	0
77	D	0.98952	0	0.01048	0
78	T	0.78742	0	0.21258	0
79	F	0.00324	0	0.99676	0
80	V	0.00031	0	0.99969	0
81	F	0.00000	0	1.00000	0
82	N	0.00000	0	1.00000	0
83	L	0.00000	0	1.00000	0
84	A	0.00000	0	1.00000	0
85	L	0.00000	0	1.00000	0
86	A	0.00000	0	1.00000	0
87	D	0.00000	0	1.00000	0
88	L	0.00000	0	1.00000	0
89	G	0.00000	0	1.00000	0
90	L	0.00000	0	1.00000	0
91	A	0.00000	0	1.00000	0
92	L	0.00000	0	1.00000	0
93	T	0.00000	0	1.00000	0
94	L	0.00000	0	1.00000	0
95	P	0.00000	0	1.00000	0
96	F	0.00000	3e-05	0.99997	0
97	W	0.00000	0.0026	0.99740	0
98	A	0.00000	0.04851	0.95149	0
99	A	0.00000	0.27827	0.72173	0
100	E	0.00000	0.99993	0.00007	0
101	S	0.00000	0.99999	0.00001	0
102	A	0.00000	1	0.00000	0
103	L	0.00000	1	0.00000	0
104	D	0.00000	1	0.00000	0
105	F	0.00000	1	0.00000	0
106	H	0.00000	1	0.00000	0
107	W	0.00000	1	0.00000	0
108	P	0.00000	1	0.00000	0
109	F	0.00000	0.99996	0.00004	0
110	G	0.00000	0.99995	0.00005	0
111	G	0.00000	0.99993	0.00007	0
112	A	0.00000	0.99983	0.00017	0
113	L	0.00000	0.99908	0.00092	0
114	C	0.00000	0.99838	0.00162	0
115	K	0.00000	0.99108	0.00892	0
116	M	0.00000	0.40992	0.59008	0
117	V	0.00000	0.28646	0.71354	0
118	L	0.00000	0.1201	0.87990	0
119	T	0.00000	0.05776	0.94224	0
120	A	0.00000	0.05293	0.94707	0
121	T	0.00000	0.0454	0.95460	0
122	V	0.00000	0.00247	0.99753	0
123	L	0.00000	0.00037	0.99963	0
124	N	0.00000	0.00034	0.99966	0
125	V	0.00000	0	1.00000	0
126	Y	0.00000	0	1.00000	0
127	A	0.00000	0	1.00000	0
128	S	0.00000	0	1.00000	0
129	I	0.00000	0	1.00000	0
130	F	0.00000	0	1.00000	0
131	L	0.00000	0	1.00000	0
132	I	0.00000	0	1.00000	0
133	T	0.00000	0	1.00000	0
134	A	0.00005	0	0.99995	0
135	L	0.00007	0	0.99993	0
136	S	0.00027	0	0.99973	0
137	V	0.00043	0	0.99957	0
138	A	0.00077	0	0.99923	0
139	R	0.00265	0	0.99735	0
140	Y	0.02298	0	0.97702	0
141	W	0.05870	0	0.94130	0
142	V	0.58395	0	0.41605	0
143	V	0.93265	0	0.06735	0
144	A	1.00000	0	0.00000	0
145	M	1.00000	0	0.00000	0
146	A	1.00000	0	0.00000	0
147	A	1.00000	0	0.00000	0
148	G	1.00000	0	0.00000	0
149	P	1.00000	0	0.00000	0
150	G	1.00000	0	0.00000	0
151	T	1.00000	0	0.00000	0
152	H	0.99999	0	0.00001	0
153	L	0.99996	0	0.00004	0
154	S	0.99995	0	0.00005	0
155	L	0.99177	0	0.00823	0
156	F	0.98096	0	0.01904	0
157	W	0.97369	0	0.02631	0
158	A	0.96153	0	0.03847	0
159	R	0.93585	0	0.06415	0
160	I	0.15389	0	0.84611	0
161	A	0.05690	0	0.94310	0
162	T	0.00696	0	0.99304	0
163	L	0.00007	0	0.99993	0
164	A	0.00000	0	1.00000	0
165	V	0.00000	0	1.00000	0
166	W	0.00000	0	1.00000	0
167	A	0.00000	0	1.00000	0
168	A	0.00000	0	1.00000	0
169	A	0.00000	0	1.00000	0
170	A	0.00000	0	1.00000	0
171	L	0.00000	0	1.00000	0
172	V	0.00000	0	1.00000	0
173	T	0.00000	1e-05	0.99999	0
174	V	0.00000	0.00013	0.99987	0
175	P	0.00000	0.00268	0.99732	0
176	T	0.00000	0.0045	0.99550	0
177	A	0.00000	0.00596	0.99404	0
178	V	0.00000	0.00969	0.99031	0
179	F	0.00000	0.01799	0.98201	0
180	G	0.00000	0.14857	0.85143	0
181	V	0.00000	0.35339	0.64661	0
182	E	0.00000	0.98665	0.01335	0
183	G	0.00000	0.99703	0.00297	0
184	E	0.00000	0.99983	0.00017	0
185	V	0.00000	0.99988	0.00012	0
186	C	0.00000	1	0.00000	0
187	G	0.00000	1	0.00000	0
188	V	0.00000	1	0.00000	0
189	R	0.00000	1	0.00000	0
190	L	0.00000	1	0.00000	0
191	C	0.00000	1	0.00000	0
192	L	0.00000	1	0.00000	0
193	L	0.00000	1	0.00000	0
194	R	0.00000	1	0.00000	0
195	F	0.00000	1	0.00000	0
196	P	0.00000	1	0.00000	0
197	S	0.00000	1	0.00000	0
198	R	0.00000	1	0.00000	0
199	Y	0.00000	1	0.00000	0
200	W	0.00000	1	0.00000	0
201	L	0.00000	1	0.00000	0
202	G	0.00000	0.99999	0.00001	0
203	A	0.00000	0.984	0.01600	0
204	Y	0.00000	0.9831	0.01690	0
205	Q	0.00000	0.98193	0.01807	0
206	L	0.00000	0.98049	0.01951	0
207	Q	0.00000	0.97809	0.02191	0
208	R	0.00000	0.97078	0.02922	0
209	V	0.00000	0.07693	0.92307	0
210	V	0.00000	0.02789	0.97211	0
211	L	0.00000	0	1.00000	0
212	A	0.00000	0	1.00000	0
213	F	0.00000	0	1.00000	0
214	M	0.00000	0	1.00000	0
215	V	0.00000	0	1.00000	0
216	P	0.00000	0	1.00000	0
217	L	0.00000	0	1.00000	0
218	G	0.00000	0	1.00000	0
219	V	0.00000	0	1.00000	0
220	I	0.00000	0	1.00000	0
221	T	0.00000	0	1.00000	0
222	T	0.00000	0	1.00000	0
223	S	0.00000	0	1.00000	0
224	Y	0.00000	0	1.00000	0
225	L	0.00000	0	1.00000	0
226	L	0.00002	0	0.99998	0
227	L	0.00021	0	0.99979	0
228	L	0.00160	0	0.99840	0
229	A	0.01207	0	0.98793	0
230	F	0.01429	0	0.98571	0
231	L	0.09133	0	0.90867	0
232	Q	0.96873	0	0.03127	0
233	R	0.99818	0	0.00182	0
234	R	0.99993	0	0.00007	0
235	Q	1.00000	0	0.00000	0
236	R	1.00000	0	0.00000	0
237	R	1.00000	0	0.00000	0
238	R	1.00000	0	0.00000	0
239	Q	1.00000	0	0.00000	0
240	D	1.00000	0	0.00000	0
241	S	1.00000	0	0.00000	0
242	R	0.99995	0	0.00005	0
243	V	0.99984	0	0.00016	0
244	V	0.99644	0	0.00356	0
245	A	0.99601	0	0.00399	0
246	R	0.99583	0	0.00417	0
247	S	0.91864	0	0.08136	0
248	V	0.69035	0	0.30965	0
249	R	0.02980	0	0.97020	0
250	I	0.00163	0	0.99837	0
251	L	0.00021	0	0.99979	0
252	V	0.00019	0	0.99981	0
253	A	0.00000	0	1.00000	0
254	S	0.00000	0	1.00000	0
255	F	0.00000	0	1.00000	0
256	F	0.00000	0	1.00000	0
257	L	0.00000	0	1.00000	0
258	C	0.00000	0	1.00000	0
259	W	0.00000	0	1.00000	0
260	F	0.00000	0	1.00000	0
261	P	0.00000	0	1.00000	0
262	N	0.00000	0	1.00000	0
263	H	0.00000	0	1.00000	0
264	V	0.00000	0	1.00000	0
265	V	0.00000	5e-05	0.99995	0
266	T	0.00000	0.00033	0.99967	0
267	L	0.00000	0.00143	0.99857	0
268	W	0.00000	0.02039	0.97961	0
269	G	0.00000	0.02683	0.97317	0
270	V	0.00000	0.03316	0.96684	0
271	L	0.00000	0.06983	0.93017	0
272	V	0.00000	0.30891	0.69109	0
273	K	0.00000	0.94094	0.05906	0
274	F	0.00000	0.94784	0.05216	0
275	D	0.00000	0.99928	0.00072	0
276	L	0.00000	0.99801	0.00199	0
277	V	0.00000	0.99817	0.00183	0
278	P	0.00000	0.99847	0.00153	0
279	W	0.00000	0.9984	0.00160	0
280	N	0.00000	0.99838	0.00162	0
281	S	0.00000	0.99833	0.00167	0
282	T	0.00000	0.99776	0.00224	0
283	F	0.00000	0.99573	0.00427	0
284	Y	0.00000	0.99385	0.00615	0
285	T	0.00000	0.98385	0.01615	0
286	I	0.00000	0.90841	0.09159	0
287	Q	0.00000	0.85287	0.14713	0
288	T	0.00000	0.81051	0.18949	0
289	Y	0.00000	0.60416	0.39584	0
290	V	0.00000	0.15175	0.84825	0
291	F	0.00000	0.02645	0.97355	0
292	P	0.00000	0.02097	0.97903	0
293	V	0.00000	0.00042	0.99958	0
294	T	0.00000	1e-05	0.99999	0
295	T	0.00000	0	1.00000	0
296	C	0.00003	0	0.99997	0
297	L	0.00009	0	0.99991	0
298	A	0.00073	0	0.99927	0
299	H	0.00104	0	0.99896	0
300	S	0.00149	0	0.99851	0
301	N	0.00163	0	0.99837	0
302	S	0.00165	0	0.99835	0
303	C	0.00167	0	0.99833	0
304	L	0.00180	0	0.99820	0
305	N	0.00209	0	0.99791	0
306	P	0.00276	0	0.99724	0
307	V	0.00479	0	0.99521	0
308	L	0.01382	0	0.98618	0
309	Y	0.02108	0	0.97892	0
310	C	0.04857	0	0.95143	0
311	L	0.21911	0	0.78089	0
312	L	0.57020	0	0.42980	0
313	R	1.00000	0	0.00000	0
314	R	1.00000	0	0.00000	0
315	E	1.00000	0	0.00000	0
316	P	1.00000	0	0.00000	0
317	R	1.00000	0	0.00000	0
318	Q	1.00000	0	0.00000	0
319	A	1.00000	0	0.00000	0
320	L	1.00000	0	0.00000	0
321	A	1.00000	0	0.00000	0
322	G	1.00000	0	0.00000	0
323	T	1.00000	0	0.00000	0
324	F	1.00000	0	0.00000	0
325	R	1.00000	0	0.00000	0
326	D	1.00000	0	0.00000	0
327	L	1.00000	0	0.00000	0
328	R	1.00000	0	0.00000	0
329	L	1.00000	0	0.00000	0
330	R	1.00000	0	0.00000	0
331	L	1.00000	0	0.00000	0
332	W	1.00000	0	0.00000	0
333	P	1.00000	0	0.00000	0
334	Q	1.00000	0	0.00000	0
335	G	1.00000	0	0.00000	0
336	G	1.00000	0	0.00000	0
337	G	1.00000	0	0.00000	0
338	W	1.00000	0	0.00000	0
339	V	1.00000	0	0.00000	0
340	Q	1.00000	0	0.00000	0
341	Q	1.00000	0	0.00000	0
342	V	1.00000	0	0.00000	0
343	A	1.00000	0	0.00000	0
344	L	1.00000	0	0.00000	0
345	K	1.00000	0	0.00000	0
346	Q	1.00000	0	0.00000	0
347	V	1.00000	0	0.00000	0
348	G	1.00000	0	0.00000	0
349	R	1.00000	0	0.00000	0
350	R	1.00000	0	0.00000	0
351	W	1.00000	0	0.00000	0
352	V	1.00000	0	0.00000	0
353	A	1.00000	0	0.00000	0
354	S	1.00000	0	0.00000	0
355	N	1.00000	0	0.00000	0
356	P	1.00000	0	0.00000	0
357	R	1.00000	0	0.00000	0
358	E	1.00000	0	0.00000	0
359	S	1.00000	0	0.00000	0
360	R	1.00000	0	0.00000	0
361	P	1.00000	0	0.00000	0
362	S	1.00000	0	0.00000	0
363	T	1.00000	0	0.00000	0
364	L	1.00000	0	0.00000	0
365	L	1.00000	0	0.00000	0
366	T	1.00000	0	0.00000	0
367	N	1.00000	0	0.00000	0
368	L	1.00000	0	0.00000	0
369	D	1.00000	0	0.00000	0
370	R	1.00000	0	0.00000	0
371	G	1.00000	0	0.00000	0
372	T	1.00000	0	0.00000	0
373	P	1.00000	0	0.00000	0
374	G	1.00000	0	0.00000	0
