# UNNAMED
#pos	aa	i	o	M	S
1	M	0.00000	0.00011	0.00000	0.99989
2	I	0.00000	0.00011	0.00000	0.99989
3	I	0.00000	0.00011	0.00000	0.99989
4	V	0.00000	0.00011	0.00000	0.99989
5	A	0.00000	0.00011	0.00000	0.99989
6	H	0.00000	0.00011	0.00000	0.99989
7	V	0.00000	0.00011	0.00000	0.99989
8	L	0.00000	0.00011	0.00000	0.99989
9	L	0.00000	0.00011	0.00000	0.99988
10	I	0.00000	0.00011	0.00000	0.99988
11	L	0.00000	0.00011	0.00000	0.99989
12	L	0.00000	0.00011	0.00000	0.99988
13	G	0.00000	0.00011	0.00000	0.99989
14	A	0.00000	0.00221	0.00000	0.99778
15	T	0.00000	0.00394	0.00000	0.99606
16	E	0.00000	0.00438	0.00000	0.99562
17	I	0.00000	0.03845	0.00000	0.96155
18	L	0.00000	0.03879	0.00000	0.96121
19	Q	0.00000	0.03883	0.00000	0.96117
20	A	0.00000	0.49924	0.00000	0.50076
21	D	0.00000	0.96134	0.00000	0.03866
22	L	0.00000	0.96134	0.00000	0.03866
23	L	0.00000	0.99999	0.00000	1e-05
24	P	0.00000	0.99999	0.00000	1e-05
25	D	0.00000	0.99999	0.00000	1e-05
26	E	0.00000	0.99999	0.00000	1e-05
27	K	0.00000	0.99999	0.00000	1e-05
28	I	0.00000	0.99999	0.00000	1e-05
29	S	0.00000	0.99999	0.00000	1e-05
30	L	0.00000	0.99999	0.00000	1e-05
31	L	0.00000	1	0.00000	0
32	P	0.00000	1	0.00000	0
33	P	0.00000	1	0.00000	0
34	V	0.00000	1	0.00000	0
35	N	0.00000	1	0.00000	0
36	F	0.00000	1	0.00000	0
37	T	0.00000	1	0.00000	0
38	I	0.00000	1	0.00000	0
39	K	0.00000	1	0.00000	0
40	V	0.00000	1	0.00000	0
41	T	0.00000	1	0.00000	0
42	G	0.00000	1	0.00000	0
43	L	0.00000	1	0.00000	0
44	A	0.00000	1	0.00000	0
45	Q	0.00000	1	0.00000	0
46	V	0.00000	1	0.00000	0
47	L	0.00000	1	0.00000	0
48	L	0.00000	1	0.00000	0
49	Q	0.00000	1	0.00000	0
50	W	0.00000	1	0.00000	0
51	K	0.00000	1	0.00000	0
52	P	0.00000	1	0.00000	0
53	N	0.00000	1	0.00000	0
54	P	0.00000	1	0.00000	0
55	D	0.00000	1	0.00000	0
56	Q	0.00000	1	0.00000	0
57	E	0.00000	1	0.00000	0
58	Q	0.00000	1	0.00000	0
59	R	0.00000	1	0.00000	0
60	N	0.00000	1	0.00000	0
61	V	0.00000	1	0.00000	0
62	N	0.00000	1	0.00000	0
63	L	0.00000	1	0.00000	0
64	E	0.00000	1	0.00000	0
65	Y	0.00000	1	0.00000	0
66	Q	0.00000	1	0.00000	0
67	V	0.00000	1	0.00000	0
68	K	0.00000	1	0.00000	0
69	I	0.00000	1	0.00000	0
70	N	0.00000	1	0.00000	0
71	A	0.00000	1	0.00000	0
72	P	0.00000	1	0.00000	0
73	K	0.00000	1	0.00000	0
74	E	0.00000	1	0.00000	0
75	D	0.00000	1	0.00000	0
76	D	0.00000	1	0.00000	0
77	Y	0.00000	0.99999	0.00001	0
78	E	0.00000	0.99999	0.00001	0
79	T	0.00000	0.99999	0.00001	0
80	R	0.00000	0.99999	0.00001	0
81	I	0.00000	0.99999	0.00001	0
82	T	0.00000	0.99999	0.00001	0
83	E	0.00000	0.99999	0.00001	0
84	S	0.00000	0.99999	0.00001	0
85	K	0.00000	0.99999	0.00001	0
86	C	0.00000	0.99999	0.00001	0
87	V	0.00000	0.99999	0.00001	0
88	T	0.00000	0.99998	0.00002	0
89	I	0.00000	0.99998	0.00002	0
90	L	0.00000	0.99998	0.00002	0
91	H	0.00000	0.99998	0.00002	0
92	K	0.00000	0.99998	0.00002	0
93	G	0.00000	0.99998	0.00002	0
94	F	0.00000	0.99997	0.00003	0
95	S	0.00000	0.99996	0.00004	0
96	A	0.00001	0.99993	0.00006	0
97	S	0.00001	0.9999	0.00009	0
98	V	0.00001	0.99987	0.00011	0
99	R	0.00001	0.99987	0.00012	0
100	T	0.00001	0.99986	0.00013	0
101	I	0.00001	0.99986	0.00013	0
102	L	0.00001	0.99986	0.00013	0
103	Q	0.00001	0.99986	0.00013	0
104	N	0.00001	0.99986	0.00013	0
105	D	0.00000	0.99986	0.00013	0
106	H	0.00000	0.99947	0.00053	0
107	S	0.00000	0.99914	0.00086	0
108	L	0.00000	0.99851	0.00149	0
109	L	0.00000	0.96536	0.03464	0
110	A	0.00000	0.94693	0.05307	0
111	S	0.00000	0.94075	0.05925	0
112	S	0.00000	0.92559	0.07441	0
113	W	0.00000	0.91601	0.08399	0
114	A	0.00000	0.91515	0.08485	0
115	S	0.00001	0.90542	0.09457	0
116	A	0.00001	0.89188	0.10811	0
117	E	0.00008	0.87254	0.12738	0
118	L	0.00010	0.08248	0.91742	0
119	H	0.00011	0.0214	0.97849	0
120	A	0.00011	0.01218	0.98771	0
121	P	0.00012	0.00656	0.99332	0
122	P	0.00013	0.00547	0.99441	0
123	G	0.00013	0.00387	0.99601	0
124	S	0.00013	0.0033	0.99657	0
125	P	0.00013	0.0018	0.99807	0
126	G	0.00013	0.0001	0.99978	0
127	T	0.00012	3e-05	0.99985	0
128	S	0.00008	2e-05	0.99990	0
129	I	0.00001	1e-05	0.99997	0
130	V	0.00064	1e-05	0.99934	0
131	N	0.00874	1e-05	0.99125	0
132	L	0.01284	1e-05	0.98715	0
133	T	0.04011	1e-05	0.95987	0
134	C	0.05736	1e-05	0.94263	0
135	T	0.08211	1e-05	0.91788	0
136	T	0.10258	1e-05	0.89741	0
137	N	0.39261	1e-05	0.60737	0
138	T	0.58326	1e-05	0.41672	0
139	T	0.85941	1e-05	0.14058	0
140	E	0.97418	1e-05	0.02581	0
141	D	0.98336	1e-05	0.01663	0
142	N	0.93568	1e-05	0.06431	0
143	Y	0.93375	1e-05	0.06623	0
144	S	0.93622	1e-05	0.06377	0
145	R	0.93662	1e-05	0.06337	0
146	L	0.82261	1e-05	0.17738	0
147	R	0.82065	2e-05	0.17933	0
148	S	0.78039	3e-05	0.21958	0
149	Y	0.64084	3e-05	0.35913	0
150	Q	0.30577	4e-05	0.69418	0
151	V	0.09643	5e-05	0.90351	0
152	S	0.07995	8e-05	0.91997	0
153	L	0.00274	8e-05	0.99718	0
154	H	0.00006	0.00014	0.99980	0
155	C	0.00000	0.00014	0.99986	0
156	T	0.00000	0.00014	0.99986	0
157	W	0.00000	0.00014	0.99986	0
158	L	0.00000	0.00014	0.99986	0
159	V	0.00000	0.00014	0.99986	0
160	G	0.00000	0.00015	0.99985	0
161	T	0.00000	0.01841	0.98159	0
162	D	0.00000	0.05718	0.94282	0
163	A	0.00000	0.05762	0.94238	0
164	P	0.00000	0.06412	0.93588	0
165	E	0.00000	0.15287	0.84713	0
166	D	0.00000	0.16544	0.83456	0
167	T	0.00000	0.16976	0.83024	0
168	Q	0.00000	0.24742	0.75258	0
169	Y	0.00000	0.64292	0.35708	0
170	F	0.00000	0.64345	0.35655	0
171	L	0.00000	0.64957	0.35043	0
172	Y	0.00000	0.84857	0.15143	0
173	Y	0.00000	0.98691	0.01309	0
174	R	0.00000	0.99797	0.00203	0
175	Y	0.00000	0.99948	0.00052	0
176	G	0.00000	0.99975	0.00025	0
177	S	0.00000	0.99993	0.00007	0
178	W	0.00000	0.99994	0.00006	0
179	T	0.00000	0.99994	0.00006	0
180	E	0.00000	0.99994	0.00006	0
181	E	0.00000	0.99994	0.00006	0
182	C	0.00000	0.99994	0.00006	0
183	Q	0.00000	0.99994	0.00006	0
184	E	0.00000	0.99994	0.00006	0
185	Y	0.00000	0.99994	0.00006	0
186	S	0.00000	0.99994	0.00006	0
187	K	0.00000	0.99993	0.00007	0
188	D	0.00000	0.35026	0.64974	0
189	T	0.00000	0.27613	0.72387	0
190	L	0.00000	0.02214	0.97786	0
191	G	0.00000	0.0012	0.99880	0
192	R	0.00005	0.0005	0.99945	0
193	N	0.00006	0.00047	0.99948	0
194	I	0.00006	0	0.99994	0
195	A	0.00006	0	0.99994	0
196	C	0.00006	0	0.99994	0
197	W	0.00006	0	0.99994	0
198	F	0.00006	0	0.99994	0
199	P	0.00006	0	0.99994	0
200	R	0.00006	0	0.99994	0
201	T	0.00006	0	0.99994	0
202	F	0.00006	0	0.99994	0
203	I	0.00006	0	0.99994	0
204	L	0.00006	0	0.99994	0
205	S	0.00006	0	0.99994	0
206	K	0.00005	0	0.99994	0
207	G	0.00005	0	0.99995	0
208	R	0.00006	0	0.99994	0
209	D	0.00013	0	0.99987	0
210	W	0.01318	0	0.98682	0
211	L	0.68779	0	0.31221	0
212	A	0.84840	0	0.15160	0
213	V	0.99992	0	0.00008	0
214	L	0.99994	0	0.00006	0
215	V	0.99994	0	0.00006	0
216	N	0.99994	0	0.00006	0
217	G	0.99994	0	0.00006	0
218	S	0.99994	0	0.00006	0
219	S	0.99994	0	0.00006	0
220	K	0.99994	0	0.00006	0
221	H	0.99994	0	0.00006	0
222	S	0.99994	0	0.00006	0
223	A	0.99994	0	0.00006	0
224	I	0.99992	0	0.00008	0
225	R	0.99992	0	0.00008	0
226	P	0.99974	0	0.00026	0
227	F	0.99492	0	0.00508	0
228	D	0.99435	1e-05	0.00564	0
229	Q	0.99022	1e-05	0.00977	0
230	L	0.00759	1e-05	0.99240	0
231	F	0.00024	1e-05	0.99975	0
232	A	0.00005	1e-05	0.99993	0
233	L	0.00000	2e-05	0.99998	0
234	H	0.00000	5e-05	0.99995	0
235	A	0.00000	5e-05	0.99995	0
236	I	0.00000	6e-05	0.99994	0
237	D	0.00000	6e-05	0.99994	0
238	Q	0.00000	6e-05	0.99994	0
239	I	0.00000	6e-05	0.99994	0
240	N	0.00000	6e-05	0.99994	0
241	P	0.00000	6e-05	0.99994	0
242	P	0.00000	6e-05	0.99994	0
243	L	0.00000	6e-05	0.99994	0
244	N	0.00000	6e-05	0.99994	0
245	V	0.00000	7e-05	0.99993	0
246	T	0.00000	0.0001	0.99990	0
247	A	0.00000	0.00043	0.99957	0
248	E	0.00000	0.01077	0.98923	0
249	I	0.00000	0.03432	0.96568	0
250	E	0.00000	0.88439	0.11561	0
251	G	0.00000	0.96777	0.03223	0
252	T	0.00000	0.99475	0.00525	0
253	R	0.00000	0.99986	0.00014	0
254	L	0.00000	0.99987	0.00013	0
255	S	0.00000	0.99994	0.00006	0
256	I	0.00000	0.99994	0.00006	0
257	Q	0.00000	0.99995	0.00005	0
258	W	0.00000	0.99995	0.00005	0
259	E	0.00000	0.99995	0.00005	0
260	K	0.00000	0.99995	0.00005	0
261	P	0.00000	0.99994	0.00006	0
262	V	0.00000	0.99994	0.00006	0
263	S	0.00000	0.99984	0.00016	0
264	A	0.00000	0.99981	0.00019	0
265	F	0.00000	0.99981	0.00019	0
266	P	0.00000	0.99981	0.00019	0
267	I	0.00000	0.99981	0.00019	0
268	H	0.00000	0.99981	0.00019	0
269	C	0.00000	0.99981	0.00019	0
270	F	0.00000	0.99981	0.00019	0
271	D	0.00000	0.99981	0.00019	0
272	Y	0.00000	0.99979	0.00021	0
273	E	0.00000	0.99975	0.00025	0
274	V	0.00000	0.99948	0.00051	0
275	K	0.00001	0.96953	0.03046	0
276	I	0.00001	0.19912	0.80087	0
277	H	0.00005	0.13494	0.86501	0
278	N	0.00005	0.13025	0.86970	0
279	T	0.00005	0.12991	0.87004	0
280	R	0.00005	0.12912	0.87082	0
281	N	0.00005	0.12873	0.87122	0
282	G	0.00005	0.03828	0.96167	0
283	Y	0.00005	0.00033	0.99962	0
284	L	0.00006	0.00033	0.99962	0
285	Q	0.00018	0.00032	0.99949	0
286	I	0.00018	0.00032	0.99949	0
287	E	0.00019	0.00032	0.99949	0
288	K	0.00019	0.00032	0.99949	0
289	L	0.00019	0.00029	0.99953	0
290	M	0.00019	0.00028	0.99953	0
291	T	0.00019	0.00028	0.99954	0
292	N	0.00019	0.00028	0.99954	0
293	A	0.00019	0.00028	0.99953	0
294	F	0.00019	0.00028	0.99954	0
295	I	0.00019	0.00028	0.99953	0
296	S	0.00072	0.00028	0.99900	0
297	I	0.00328	0.00028	0.99644	0
298	I	0.08783	0.00028	0.91190	0
299	D	0.85440	0.00028	0.14533	0
300	D	0.86943	0.00028	0.13029	0
301	L	0.86964	0.00028	0.13009	0
302	S	0.91067	0.00028	0.08905	0
303	K	0.97482	0.00028	0.02491	0
304	Y	0.97619	0.00027	0.02353	0
305	D	0.99292	0.00027	0.00681	0
306	V	0.99370	0.00027	0.00603	0
307	Q	0.99900	0.00026	0.00074	0
308	V	0.84658	0.00015	0.15327	0
309	R	0.78429	0.00013	0.21558	0
310	A	0.68151	4e-05	0.31846	0
311	A	0.58328	3e-05	0.41669	0
312	V	0.05466	1e-05	0.94533	0
313	S	0.02555	0	0.97445	0
314	S	0.02555	0	0.97445	0
315	M	0.02552	0	0.97448	0
316	C	0.02552	0	0.97448	0
317	R	0.02552	0	0.97448	0
318	E	0.02552	0	0.97448	0
319	A	0.02552	0	0.97448	0
320	G	0.02552	0	0.97448	0
321	L	0.02552	0	0.97448	0
322	W	0.02552	0	0.97448	0
323	S	0.02552	0	0.97448	0
324	E	0.02552	0	0.97448	0
325	W	0.02552	0	0.97448	0
326	S	0.02552	2e-05	0.97446	0
327	Q	0.02552	0.00061	0.97387	0
328	P	0.02552	0.00187	0.97260	0
329	I	0.02552	0.00465	0.96983	0
330	Y	0.02552	0.02361	0.95086	0
331	V	0.02553	0.07532	0.89914	0
332	G	0.02563	0.62395	0.35042	0
333	N	0.02572	0.84963	0.12466	0
334	D	0.02580	0.97374	0.00047	0
335	E	0.02580	0.97419	0.00001	0
336	H	0.02579	0.97418	0.00002	0
337	K	0.02579	0.97383	0.00037	0
338	P	0.02579	0.8427	0.13150	0
339	L	0.02579	0.51827	0.45594	0
340	R	0.02579	0.45763	0.51658	0
341	E	0.02579	0.34845	0.62576	0
342	W	0.01785	0.03477	0.94738	0
343	F	0.00065	0.00355	0.99581	0
344	V	0.00014	0.00022	0.99964	0
345	I	0.00001	0.0001	0.99989	0
346	V	0.00001	3e-05	0.99996	0
347	I	0.00000	0	1.00000	0
348	M	0.00000	0	1.00000	0
349	A	0.00000	0	1.00000	0
350	T	0.00000	0	1.00000	0
351	I	0.00000	0	1.00000	0
352	C	0.00000	0	1.00000	0
353	F	0.00000	0	1.00000	0
354	I	0.00000	0	1.00000	0
355	L	0.00000	0	1.00000	0
356	L	0.00001	0	0.99999	0
357	I	0.00138	0	0.99862	0
358	L	0.16057	0	0.83943	0
359	S	0.33060	0	0.66940	0
360	L	0.36585	0	0.63415	0
361	I	0.52190	0.00016	0.47794	0
362	C	0.72457	0.01133	0.26409	0
363	K	0.97361	0.02209	0.00430	0
364	I	0.97361	0.02249	0.00390	0
365	C	0.97361	0.02538	0.00101	0
366	H	0.97361	0.02424	0.00216	0
367	L	0.97361	0.00782	0.01857	0
368	W	0.97361	0.00068	0.02571	0
369	I	0.97405	0.00029	0.02566	0
370	K	0.97420	0.0004	0.02540	0
371	L	0.97420	0.0003	0.02550	0
372	F	0.97420	0.0003	0.02550	0
373	P	0.97420	0.0003	0.02550	0
374	P	0.97420	0.0003	0.02549	0
375	I	0.97420	0.0003	0.02549	0
376	P	0.97420	0.0003	0.02549	0
377	A	0.97420	0.0003	0.02549	0
378	P	0.97420	0.0003	0.02549	0
379	K	0.97420	0.0003	0.02549	0
380	S	0.97420	0.0003	0.02549	0
381	N	0.97420	0.0003	0.02549	0
382	I	0.97420	0.0003	0.02549	0
383	K	0.97420	0.0003	0.02549	0
384	D	0.97420	0.0003	0.02550	0
385	L	0.97420	0.00011	0.02569	0
386	F	0.97420	7e-05	0.02573	0
387	V	0.97420	6e-05	0.02574	0
388	T	0.97420	5e-05	0.02575	0
389	T	0.97606	0	0.02394	0
390	N	0.98605	0	0.01395	0
391	Y	0.99227	0	0.00773	0
392	E	0.99970	0	0.00030	0
393	K	0.99970	0	0.00030	0
394	A	0.99970	0	0.00030	0
395	G	0.99970	0	0.00030	0
396	S	0.99970	0	0.00030	0
397	S	0.99970	0	0.00030	0
398	E	0.99970	0	0.00030	0
399	T	0.99970	0	0.00030	0
400	E	0.99970	0	0.00030	0
401	I	0.99970	0	0.00030	0
402	E	0.99970	0	0.00030	0
403	V	0.99970	0	0.00030	0
404	I	0.99970	0	0.00030	0
405	C	0.99970	0	0.00030	0
406	Y	0.99970	0	0.00030	0
407	I	0.99970	0	0.00030	0
408	E	1.00000	0	0.00000	0
409	K	1.00000	0	0.00000	0
410	P	1.00000	0	0.00000	0
411	G	1.00000	0	0.00000	0
412	V	1.00000	0	0.00000	0
413	E	1.00000	0	0.00000	0
414	T	1.00000	0	0.00000	0
415	L	1.00000	0	0.00000	0
416	E	1.00000	0	0.00000	0
417	D	1.00000	0	0.00000	0
418	S	1.00000	0	0.00000	0
419	V	1.00000	0	0.00000	0
420	F	1.00000	0	0.00000	0
