# UNNAMED
#pos	aa	i	o	M	S
1	M	0.00000	0.99999	0.00000	1e-05
2	I	0.00000	0.99999	0.00000	1e-05
3	Y	0.00000	0.99999	0.00000	1e-05
4	T	0.00000	0.99999	0.00000	1e-05
5	R	0.00000	0.99999	0.00000	1e-05
6	F	0.00000	0.99999	0.00000	1e-05
7	L	0.00000	0.99999	0.00000	1e-05
8	K	0.00000	0.99999	0.00000	1e-05
9	G	0.00000	0.99999	0.00000	1e-05
10	S	0.00000	0.99999	0.00000	1e-05
11	L	0.00000	0.99999	0.00000	1e-05
12	K	0.00000	0.99999	0.00000	0
13	M	0.00000	0.99999	0.00000	1e-05
14	A	0.00000	0.99999	0.00000	1e-05
15	N	0.00000	0.99999	0.00000	1e-05
16	Y	0.00000	0.99999	0.00000	1e-05
17	T	0.00000	0.99999	0.00000	1e-05
18	L	0.00000	1	0.00000	0
19	A	0.00000	1	0.00000	0
20	P	0.00000	1	0.00000	0
21	E	0.00000	1	0.00000	0
22	D	0.00000	1	0.00000	0
23	E	0.00000	1	0.00000	0
24	Y	0.00000	1	0.00000	0
25	D	0.00000	1	0.00000	0
26	V	0.00000	1	0.00000	0
27	L	0.00000	1	0.00000	0
28	I	0.00000	1	0.00000	0
29	E	0.00000	1	0.00000	0
30	G	0.00000	1	0.00000	0
31	E	0.00000	1	0.00000	0
32	L	0.00000	1	0.00000	0
33	E	0.00000	1	0.00000	0
34	S	0.00000	1	0.00000	0
35	D	0.00000	1	0.00000	0
36	E	0.00000	1	0.00000	0
37	A	0.00000	1	0.00000	0
38	E	0.00000	1	0.00000	0
39	Q	0.00000	1	0.00000	0
40	C	0.00000	1	0.00000	0
41	D	0.00000	1	0.00000	0
42	K	0.00000	1	0.00000	0
43	Y	0.00000	1	0.00000	0
44	D	0.00000	1	0.00000	0
45	A	0.00000	0.9998	0.00020	0
46	Q	0.00000	0.99951	0.00049	0
47	A	0.00000	0.99297	0.00703	0
48	L	0.00000	0.98605	0.01395	0
49	S	0.00000	0.97761	0.02239	0
50	A	0.00000	0.78697	0.21303	0
51	Q	0.00000	0.68815	0.31185	0
52	L	0.00000	0.22135	0.77865	0
53	V	0.00000	0.17777	0.82223	0
54	P	0.00000	0.17122	0.82878	0
55	S	0.00000	0.15649	0.84351	0
56	L	0.00000	0.1198	0.88020	0
57	C	0.00000	0.10231	0.89769	0
58	S	0.00000	0.05924	0.94076	0
59	A	0.00000	0.00345	0.99655	0
60	V	0.00000	0.00012	0.99988	0
61	F	0.00000	0	1.00000	0
62	V	0.00000	0	1.00000	0
63	I	0.00000	0	1.00000	0
64	G	0.00000	0	1.00000	0
65	V	0.00000	0	1.00000	0
66	L	0.00000	0	1.00000	0
67	D	0.00000	0	1.00000	0
68	N	0.00000	0	1.00000	0
69	L	0.00000	0	1.00000	0
70	L	0.00000	0	1.00000	0
71	V	0.00000	0	1.00000	0
72	V	0.00001	0	0.99999	0
73	L	0.00015	0	0.99985	0
74	I	0.00491	0	0.99509	0
75	L	0.07225	0	0.92775	0
76	V	0.32527	0	0.67473	0
77	K	0.91746	0	0.08254	0
78	Y	0.93467	0	0.06533	0
79	K	0.99828	0	0.00172	0
80	G	0.99950	0	0.00050	0
81	L	0.99978	0	0.00022	0
82	K	1.00000	0	0.00000	0
83	R	1.00000	0	0.00000	0
84	V	0.99448	0	0.00552	0
85	E	0.98062	0	0.01938	0
86	N	0.75118	0	0.24882	0
87	I	0.03934	0	0.96066	0
88	Y	0.00047	0	0.99953	0
89	L	0.00000	0	1.00000	0
90	L	0.00000	0	1.00000	0
91	N	0.00000	0	1.00000	0
92	L	0.00000	0	1.00000	0
93	A	0.00000	0	1.00000	0
94	V	0.00000	0	1.00000	0
95	S	0.00000	0	1.00000	0
96	N	0.00000	0	1.00000	0
97	L	0.00000	0	1.00000	0
98	C	0.00000	0	1.00000	0
99	F	0.00000	0	1.00000	0
100	L	0.00000	0	1.00000	0
101	L	0.00000	0	1.00000	0
102	T	0.00000	0	1.00000	0
103	L	0.00000	0	1.00000	0
104	P	0.00000	0.00025	0.99975	0
105	F	0.00000	0.00247	0.99753	0
106	W	0.00000	0.05334	0.94666	0
107	A	0.00000	0.37327	0.62673	0
108	H	0.00000	0.99096	0.00904	0
109	A	0.00000	0.99999	0.00001	0
110	G	0.00000	1	0.00000	0
111	G	0.00000	1	0.00000	0
112	D	0.00000	1	0.00000	0
113	P	0.00000	1	0.00000	0
114	M	0.00000	1	0.00000	0
115	C	0.00000	1	0.00000	0
116	K	0.00000	0.99997	0.00003	0
117	I	0.00000	0.9797	0.02030	0
118	L	0.00000	0.82139	0.17861	0
119	I	0.00000	0.60396	0.39604	0
120	G	0.00000	0.38902	0.61098	0
121	L	0.00000	0.08982	0.91018	0
122	Y	0.00000	0.04625	0.95375	0
123	F	0.00000	0.00034	0.99966	0
124	V	0.00000	0	1.00000	0
125	G	0.00000	0	1.00000	0
126	L	0.00000	0	1.00000	0
127	Y	0.00000	0	1.00000	0
128	S	0.00000	0	1.00000	0
129	E	0.00000	0	1.00000	0
130	T	0.00000	0	1.00000	0
131	F	0.00000	0	1.00000	0
132	F	0.00000	0	1.00000	0
133	N	0.00000	0	1.00000	0
134	C	0.00000	0	1.00000	0
135	L	0.00000	0	1.00000	0
136	L	0.00000	0	1.00000	0
137	T	0.00002	0	0.99998	0
138	V	0.00014	0	0.99986	0
139	Q	0.00228	0	0.99772	0
140	R	0.03505	0	0.96495	0
141	Y	0.18603	0	0.81397	0
142	L	0.44767	0	0.55233	0
143	V	0.93174	0	0.06826	0
144	F	0.99210	0	0.00790	0
145	L	1.00000	0	0.00000	0
146	H	1.00000	0	0.00000	0
147	K	1.00000	0	0.00000	0
148	G	1.00000	0	0.00000	0
149	N	1.00000	0	0.00000	0
150	F	1.00000	0	0.00000	0
151	F	1.00000	0	0.00000	0
152	S	1.00000	0	0.00000	0
153	A	1.00000	0	0.00000	0
154	R	1.00000	0	0.00000	0
155	R	0.99997	0	0.00003	0
156	R	0.99746	0	0.00254	0
157	V	0.74587	0	0.25413	0
158	P	0.70751	0	0.29249	0
159	C	0.00303	0	0.99697	0
160	G	0.00134	0	0.99866	0
161	I	0.00003	0	0.99997	0
162	I	0.00000	0	1.00000	0
163	T	0.00000	0	1.00000	0
164	S	0.00000	0	1.00000	0
165	V	0.00000	0	1.00000	0
166	L	0.00000	0	1.00000	0
167	A	0.00000	0	1.00000	0
168	W	0.00000	0	1.00000	0
169	V	0.00000	0	1.00000	0
170	T	0.00000	0	1.00000	0
171	A	0.00000	0	1.00000	0
172	I	0.00000	0	1.00000	0
173	L	0.00000	0	1.00000	0
174	A	0.00000	0	1.00000	0
175	T	0.00000	6e-05	0.99994	0
176	L	0.00000	0.00338	0.99662	0
177	P	0.00000	0.12499	0.87501	0
178	E	0.00000	0.27799	0.72201	0
179	F	0.00000	0.29086	0.70914	0
180	V	0.00000	0.3708	0.62920	0
181	V	0.00000	0.57425	0.42575	0
182	Y	0.00000	0.82102	0.17898	0
183	K	0.00000	0.99968	0.00032	0
184	P	0.00000	0.99999	0.00001	0
185	Q	0.00000	1	0.00000	0
186	M	0.00000	1	0.00000	0
187	E	0.00000	1	0.00000	0
188	D	0.00000	1	0.00000	0
189	Q	0.00000	1	0.00000	0
190	K	0.00000	1	0.00000	0
191	Y	0.00000	1	0.00000	0
192	K	0.00000	1	0.00000	0
193	C	0.00000	1	0.00000	0
194	A	0.00000	1	0.00000	0
195	F	0.00000	1	0.00000	0
196	S	0.00000	1	0.00000	0
197	R	0.00000	1	0.00000	0
198	T	0.00000	1	0.00000	0
199	P	0.00000	1	0.00000	0
200	F	0.00000	1	0.00000	0
201	L	0.00000	1	0.00000	0
202	P	0.00000	1	0.00000	0
203	A	0.00000	1	0.00000	0
204	D	0.00000	1	0.00000	0
205	E	0.00000	1	0.00000	0
206	T	0.00000	0.99999	0.00001	0
207	F	0.00000	0.99997	0.00003	0
208	W	0.00000	0.99993	0.00007	0
209	K	0.00000	0.99992	0.00008	0
210	H	0.00000	0.03135	0.96865	0
211	F	0.00000	0.00685	0.99315	0
212	L	0.00000	6e-05	0.99994	0
213	T	0.00000	5e-05	0.99995	0
214	L	0.00000	0	1.00000	0
215	K	0.00000	0	1.00000	0
216	M	0.00000	0	1.00000	0
217	N	0.00000	0	1.00000	0
218	I	0.00000	0	1.00000	0
219	S	0.00000	0	1.00000	0
220	V	0.00000	0	1.00000	0
221	L	0.00000	0	1.00000	0
222	V	0.00000	0	1.00000	0
223	L	0.00000	0	1.00000	0
224	P	0.00000	0	1.00000	0
225	L	0.00000	0	1.00000	0
226	F	0.00000	0	1.00000	0
227	I	0.00000	0	1.00000	0
228	F	0.00000	0	1.00000	0
229	T	0.00000	0	1.00000	0
230	F	0.00000	0	1.00000	0
231	L	0.00025	0	0.99975	0
232	Y	0.00822	0	0.99178	0
233	V	0.13008	0	0.86992	0
234	Q	0.95382	0	0.04618	0
235	M	0.98111	0	0.01889	0
236	R	0.99959	0	0.00041	0
237	K	1.00000	0	0.00000	0
238	T	1.00000	0	0.00000	0
239	L	1.00000	0	0.00000	0
240	R	1.00000	0	0.00000	0
241	F	1.00000	0	0.00000	0
242	R	1.00000	0	0.00000	0
243	E	1.00000	0	0.00000	0
244	Q	1.00000	0	0.00000	0
245	R	0.99988	0	0.00012	0
246	Y	0.99954	0	0.00046	0
247	S	0.83051	0	0.16949	0
248	L	0.76605	0	0.23395	0
249	F	0.68117	0	0.31883	0
250	K	0.67621	0	0.32379	0
251	L	0.17220	0	0.82780	0
252	V	0.03130	0	0.96870	0
253	F	0.00030	0	0.99970	0
254	A	0.00001	0	0.99999	0
255	I	0.00000	0	1.00000	0
256	M	0.00000	0	1.00000	0
257	V	0.00000	0	1.00000	0
258	V	0.00000	0	1.00000	0
259	F	0.00000	0	1.00000	0
260	L	0.00000	0	1.00000	0
261	L	0.00000	0	1.00000	0
262	M	0.00000	0	1.00000	0
263	W	0.00000	0	1.00000	0
264	A	0.00000	0	1.00000	0
265	P	0.00000	0	1.00000	0
266	Y	0.00000	2e-05	0.99998	0
267	N	0.00000	0.0002	0.99980	0
268	I	0.00000	0.00027	0.99973	0
269	A	0.00000	0.00097	0.99903	0
270	F	0.00000	0.00308	0.99692	0
271	F	0.00000	0.03342	0.96658	0
272	L	0.00000	0.08878	0.91122	0
273	S	0.00000	0.37994	0.62006	0
274	T	0.00000	0.57947	0.42053	0
275	F	0.00000	0.66196	0.33804	0
276	K	0.00000	0.99683	0.00317	0
277	E	0.00000	0.99984	0.00016	0
278	H	0.00000	0.9999	0.00010	0
279	F	0.00000	0.99992	0.00008	0
280	S	0.00000	0.99997	0.00003	0
281	L	0.00000	0.99998	0.00002	0
282	S	0.00000	1	0.00000	0
283	D	0.00000	1	0.00000	0
284	C	0.00000	1	0.00000	0
285	K	0.00000	1	0.00000	0
286	S	0.00000	1	0.00000	0
287	S	0.00000	1	0.00000	0
288	Y	0.00000	1	0.00000	0
289	N	0.00000	1	0.00000	0
290	L	0.00000	0.99997	0.00003	0
291	D	0.00000	0.99997	0.00003	0
292	K	0.00000	0.9997	0.00030	0
293	S	0.00000	0.99707	0.00293	0
294	V	0.00000	0.36836	0.63164	0
295	H	0.00000	0.19046	0.80954	0
296	I	0.00000	0.01383	0.98617	0
297	T	0.00000	0.00789	0.99211	0
298	K	0.00000	0.00599	0.99401	0
299	L	0.00000	0.00028	0.99972	0
300	I	0.00000	0	1.00000	0
301	A	0.00000	0	1.00000	0
302	T	0.00000	0	1.00000	0
303	T	0.00000	0	1.00000	0
304	H	0.00000	0	1.00000	0
305	C	0.00000	0	1.00000	0
306	C	0.00000	0	1.00000	0
307	I	0.00000	0	1.00000	0
308	N	0.00000	0	1.00000	0
309	P	0.00000	0	1.00000	0
310	L	0.00000	0	1.00000	0
311	L	0.00000	0	1.00000	0
312	Y	0.00001	0	0.99999	0
313	A	0.00058	0	0.99942	0
314	F	0.00459	0	0.99541	0
315	L	0.18814	0	0.81186	0
316	D	0.96335	0	0.03665	0
317	G	0.98084	0	0.01916	0
318	T	0.98639	0	0.01361	0
319	F	0.99442	0	0.00558	0
320	S	0.99791	0	0.00209	0
321	K	1.00000	0	0.00000	0
322	Y	1.00000	0	0.00000	0
323	L	1.00000	0	0.00000	0
324	C	1.00000	0	0.00000	0
325	R	1.00000	0	0.00000	0
326	C	1.00000	0	0.00000	0
327	F	1.00000	0	0.00000	0
328	H	1.00000	0	0.00000	0
329	L	1.00000	0	0.00000	0
330	R	1.00000	0	0.00000	0
331	S	1.00000	0	0.00000	0
332	N	1.00000	0	0.00000	0
333	T	1.00000	0	0.00000	0
334	P	1.00000	0	0.00000	0
335	L	1.00000	0	0.00000	0
336	Q	1.00000	0	0.00000	0
337	P	1.00000	0	0.00000	0
338	R	1.00000	0	0.00000	0
339	G	1.00000	0	0.00000	0
340	Q	1.00000	0	0.00000	0
341	S	1.00000	0	0.00000	0
342	A	1.00000	0	0.00000	0
343	Q	1.00000	0	0.00000	0
344	G	1.00000	0	0.00000	0
345	T	1.00000	0	0.00000	0
346	S	1.00000	0	0.00000	0
347	R	1.00000	0	0.00000	0
348	E	1.00000	0	0.00000	0
349	E	1.00000	0	0.00000	0
350	P	1.00000	0	0.00000	0
351	D	1.00000	0	0.00000	0
352	H	1.00000	0	0.00000	0
353	S	1.00000	0	0.00000	0
354	T	1.00000	0	0.00000	0
355	E	1.00000	0	0.00000	0
356	V	1.00000	0	0.00000	0
