# UNNAMED
#pos	aa	i	o	M	S
1	M	0.00000	1	0.00000	0
2	H	0.00000	1	0.00000	0
3	R	0.00000	1	0.00000	0
4	R	0.00000	1	0.00000	0
5	R	0.00000	1	0.00000	0
6	S	0.00000	1	0.00000	0
7	R	0.00000	1	0.00000	0
8	S	0.00000	1	0.00000	0
9	C	0.00000	1	0.00000	0
10	R	0.00000	1	0.00000	0
11	E	0.00000	1	0.00000	0
12	D	0.00000	1	0.00000	0
13	Q	0.00000	0.70998	0.29002	0
14	K	0.00000	0.70996	0.29004	0
15	P	0.00000	0.70996	0.29004	0
16	V	0.00000	0.70996	0.29004	0
17	M	0.00000	0.70996	0.29004	0
18	D	0.00000	0.70996	0.29004	0
19	D	0.00000	0.70996	0.29004	0
20	Q	0.00000	0.70085	0.29915	0
21	R	0.00000	0.69643	0.30357	0
22	D	0.00000	0.6956	0.30440	0
23	L	0.00000	0.04551	0.95449	0
24	I	0.00000	0.04543	0.95457	0
25	S	0.00000	0.04543	0.95457	0
26	N	0.00000	0.04543	0.95457	0
27	N	0.00000	0.04543	0.95457	0
28	E	0.00000	0.04543	0.95457	0
29	Q	0.00000	0.04543	0.95457	0
30	L	0.00000	0.04543	0.95457	0
31	P	0.00001	0.04543	0.95457	0
32	M	0.00004	0.04543	0.95453	0
33	L	0.00107	0.04543	0.95351	0
34	G	0.07835	0.04543	0.87622	0
35	R	0.27588	0.04543	0.67869	0
36	R	0.28884	0.04543	0.66573	0
37	P	0.29004	0.04543	0.66453	0
38	G	0.29021	0.04543	0.66437	0
39	A	0.29096	0.04543	0.66362	0
40	P	0.85846	0.04543	0.09611	0
41	E	0.95233	0.04543	0.00224	0
42	S	0.95020	0.04543	0.00437	0
43	K	0.94263	0.04543	0.01194	0
44	C	0.92058	0.04543	0.03399	0
45	S	0.91235	0.04543	0.04222	0
46	R	0.84646	0.04534	0.10820	0
47	G	0.21072	0.03655	0.75274	0
48	A	0.04364	0.02656	0.92981	0
49	L	0.00004	0.00875	0.99121	0
50	Y	0.00000	0.00411	0.99589	0
51	T	0.00000	0.00175	0.99825	0
52	G	0.00000	0.0009	0.99910	0
53	F	0.00000	0.0001	0.99990	0
54	S	0.00000	2e-05	0.99998	0
55	I	0.00000	0	1.00000	0
56	L	0.00000	0	1.00000	0
57	V	0.00000	0	1.00000	0
58	T	0.00000	0	1.00000	0
59	L	0.00000	0	1.00000	0
60	L	0.00000	1e-05	0.99999	0
61	L	0.00000	0.00016	0.99984	0
62	A	0.00000	0.00279	0.99721	0
63	G	0.00000	0.01096	0.98904	0
64	Q	0.00000	0.04163	0.95837	0
65	A	0.00000	0.25754	0.74246	0
66	T	0.00000	0.82471	0.17529	0
67	T	0.00001	0.94714	0.05285	0
68	A	0.00001	0.95408	0.04592	0
69	Y	0.00004	0.95457	0.04539	0
70	F	0.00031	0.95457	0.04512	0
71	L	0.00233	0.95457	0.04309	0
72	Y	0.01193	0.95457	0.03350	0
73	Q	0.04462	0.95447	0.00090	0
74	Q	0.04543	0.95423	0.00034	0
75	Q	0.04543	0.76202	0.19255	0
76	G	0.04543	0.19937	0.75521	0
77	R	0.04540	0.01283	0.94177	0
78	L	0.04106	0.00161	0.95733	0
79	D	0.03988	4e-05	0.96008	0
80	K	0.03660	0	0.96340	0
81	L	0.02019	0	0.97981	0
82	T	0.01770	0	0.98230	0
83	V	0.00255	0	0.99745	0
84	T	0.00106	0	0.99894	0
85	S	0.00003	0	0.99997	0
86	Q	0.00000	0	1.00000	0
87	N	0.00000	0	1.00000	0
88	L	0.00000	0	1.00000	0
89	Q	0.00000	0	1.00000	0
90	L	0.00000	0	1.00000	0
91	E	0.00000	0	1.00000	0
92	N	0.00001	0	0.99999	0
93	L	0.00599	0	0.99401	0
94	R	0.16696	0	0.83304	0
95	M	0.53597	0	0.46403	0
96	K	0.91321	5e-05	0.08674	0
97	L	0.92186	0.00014	0.07801	0
98	P	0.95457	0.00088	0.04454	0
99	K	0.95457	0.0062	0.03922	0
100	P	0.95457	0.01176	0.03367	0
101	P	0.95457	0.03396	0.01146	0
102	K	0.95457	0.04048	0.00495	0
103	P	0.95457	0.04542	0.00000	0
104	V	0.95457	0.04543	0.00000	0
105	S	0.95456	0.04543	0.00001	0
106	K	0.95448	0.04542	0.00010	0
107	M	0.94513	0.04533	0.00954	0
108	R	0.94355	0.04528	0.01117	0
109	M	0.86054	0.04505	0.09441	0
110	A	0.67893	0.04488	0.27619	0
111	T	0.53546	0.04463	0.41991	0
112	P	0.45216	0.03916	0.50868	0
113	L	0.00311	0.00219	0.99471	0
114	L	0.00001	0.00014	0.99985	0
115	M	0.00000	9e-05	0.99990	0
116	Q	0.00000	9e-05	0.99990	0
117	A	0.00000	9e-05	0.99991	0
118	L	0.00000	9e-05	0.99991	0
119	P	0.00000	9e-05	0.99991	0
120	M	0.00000	9e-05	0.99991	0
121	G	0.00000	8e-05	0.99992	0
122	A	0.00000	6e-05	0.99994	0
123	L	0.00000	5e-05	0.99995	0
124	P	0.00000	6e-05	0.99994	0
125	Q	0.00000	6e-05	0.99994	0
126	G	0.00000	0.00024	0.99976	0
127	P	0.00013	0.00178	0.99809	0
128	M	0.00013	0.00326	0.99662	0
129	Q	0.00013	0.05863	0.94125	0
130	N	0.00020	0.16138	0.83842	0
131	A	0.00020	0.17796	0.82184	0
132	T	0.00020	0.34802	0.65178	0
133	K	0.02868	0.93813	0.03319	0
134	Y	0.04531	0.94817	0.00652	0
135	G	0.04533	0.95368	0.00099	0
136	N	0.04533	0.95451	0.00016	0
137	M	0.04533	0.95453	0.00013	0
138	T	0.04533	0.95457	0.00010	0
139	E	0.04533	0.95457	0.00010	0
140	D	0.04527	0.95457	0.00015	0
141	H	0.04519	0.95457	0.00024	0
142	V	0.04514	0.95457	0.00029	0
143	M	0.04514	0.95457	0.00029	0
144	H	0.03962	0.95457	0.00581	0
145	L	0.00562	0.95452	0.03986	0
146	L	0.00200	0.95452	0.04347	0
147	Q	0.00197	0.95452	0.04351	0
148	N	0.00153	0.95452	0.04395	0
149	A	0.00089	0.95452	0.04459	0
150	D	0.00085	0.95452	0.04463	0
151	P	0.00015	0.95452	0.04533	0
152	L	0.00009	0.95452	0.04539	0
153	K	0.00009	0.95452	0.04539	0
154	V	0.00009	0.95452	0.04539	0
155	Y	0.00009	0.95452	0.04539	0
156	P	0.00009	0.95452	0.04539	0
157	P	0.00009	0.95452	0.04539	0
158	L	0.00009	0.95452	0.04539	0
159	K	0.00009	0.95463	0.04528	0
160	G	0.00009	0.95466	0.04524	0
161	S	0.00009	0.95466	0.04524	0
162	F	0.00009	0.95467	0.04524	0
163	P	0.00010	0.95769	0.04221	0
164	E	0.00009	0.99033	0.00957	0
165	N	0.00009	0.97305	0.02686	0
166	L	0.00005	0.96613	0.03382	0
167	R	0.00005	0.96809	0.03186	0
168	H	0.00004	0.95925	0.04071	0
169	L	0.00004	0.30188	0.69808	0
170	K	0.00007	0.30223	0.69770	0
171	N	0.00006	0.30168	0.69825	0
172	T	0.00005	0.04533	0.95461	0
173	M	0.00005	0.04532	0.95463	0
174	E	0.00005	0.04522	0.95473	0
175	T	0.00005	0.04521	0.95474	0
176	I	0.00005	0.04518	0.95477	0
177	D	0.00005	0.04089	0.95906	0
178	W	0.00005	0.00716	0.99279	0
179	K	0.00005	0.00662	0.99333	0
180	V	0.00005	0.00145	0.99849	0
181	F	0.00005	0.00088	0.99907	0
182	E	0.00005	0.00088	0.99907	0
183	S	0.00005	0.00088	0.99907	0
184	W	0.00005	0.00088	0.99907	0
185	M	0.00005	0.00088	0.99907	0
186	H	0.00006	0.0009	0.99904	0
187	H	0.00008	0.00088	0.99904	0
188	W	0.00011	0.00087	0.99902	0
189	L	0.00187	0.00086	0.99726	0
190	L	0.01667	0.00078	0.98255	0
191	F	0.32730	0.00077	0.67194	0
192	E	0.88584	0.00078	0.11339	0
193	M	0.89320	0.00078	0.10603	0
194	S	0.93374	0.00077	0.06549	0
195	R	0.95291	0.00077	0.04632	0
196	H	0.95423	0.00077	0.04500	0
197	S	0.95473	0.00077	0.04450	0
198	L	0.95547	0.00077	0.04376	0
199	E	0.98904	0.00077	0.01020	0
200	Q	0.99903	0.00077	0.00020	0
201	K	0.99903	0.00077	0.00021	0
202	P	0.99903	0.00075	0.00022	0
203	T	0.99903	0.00066	0.00032	0
204	D	0.99903	0.00066	0.00032	0
205	A	0.99903	0.00065	0.00032	0
206	P	0.99903	0.00065	0.00032	0
207	P	0.99883	1e-05	0.00117	0
208	K	0.86050	0	0.13950	0
209	V	0.00016	0	0.99984	0
210	L	0.00004	0	0.99996	0
211	T	0.00004	0	0.99996	0
212	K	0.00010	0	0.99990	0
213	C	0.00018	0	0.99982	0
214	Q	0.00023	0	0.99977	0
215	E	0.00023	0	0.99977	0
216	E	0.00023	0	0.99977	0
217	V	0.00023	0	0.99977	0
218	S	0.00023	0	0.99977	0
219	H	0.00024	0	0.99976	0
220	I	0.00024	0	0.99976	0
221	P	0.00024	0	0.99976	0
222	A	0.00024	0	0.99976	0
223	V	0.00024	0	0.99976	0
224	H	0.00033	0	0.99967	0
225	P	0.00034	0	0.99966	0
226	G	0.00034	3e-05	0.99963	0
227	S	0.00036	0.00205	0.99759	0
228	F	0.00038	0.02016	0.97946	0
229	R	0.00100	0.96435	0.03465	0
230	P	0.00100	0.97911	0.01989	0
231	K	0.00101	0.99353	0.00546	0
232	C	0.00101	0.98964	0.00935	0
233	D	0.00101	0.9801	0.01889	0
234	E	0.00101	0.77763	0.22137	0
235	N	0.00101	0.24012	0.75887	0
236	G	0.00101	0.19507	0.80392	0
237	N	0.00095	0.05555	0.94351	0
238	Y	0.00073	0.00395	0.99532	0
239	L	0.00037	0.00011	0.99952	0
240	P	0.00035	1e-05	0.99964	0
241	L	0.00011	1e-05	0.99988	0
242	Q	0.00011	1e-05	0.99988	0
243	C	0.00001	1e-05	0.99999	0
244	Y	0.00000	1e-05	0.99999	0
245	G	0.00000	1e-05	0.99999	0
246	S	0.00000	1e-05	0.99999	0
247	I	0.00000	1e-05	0.99999	0
248	G	0.00000	1e-05	0.99999	0
249	Y	0.00000	1e-05	0.99999	0
250	C	0.00002	1e-05	0.99997	0
251	W	0.00012	1e-05	0.99987	0
252	C	0.00363	1e-05	0.99636	0
253	V	0.01087	1e-05	0.98912	0
254	F	0.10541	1e-05	0.89458	0
255	P	0.35241	1e-05	0.64758	0
256	N	0.87609	1e-05	0.12390	0
257	G	0.90984	1e-05	0.09015	0
258	T	0.96576	7e-05	0.03417	0
259	E	0.99898	0.00028	0.00074	0
260	V	0.99898	0.0003	0.00072	0
261	P	0.99898	0.00059	0.00043	0
262	N	0.99898	0.00077	0.00025	0
263	T	0.99898	0.00087	0.00014	0
264	R	0.99898	0.001	0.00002	0
265	S	0.99898	0.00101	0.00001	0
266	R	0.99898	0.00101	0.00001	0
267	G	0.99898	0.00101	0.00001	0
268	H	0.99898	0.00101	0.00001	0
269	H	0.99898	0.001	0.00001	0
270	N	0.99898	0.001	0.00001	0
271	C	0.99898	0.001	0.00001	0
272	S	0.99898	0.001	0.00001	0
273	E	0.99898	0.00099	0.00003	0
274	S	0.99898	0.00066	0.00035	0
275	L	0.99898	1e-05	0.00101	0
276	E	0.99898	0	0.00102	0
277	L	0.99898	0	0.00102	0
278	E	0.99898	0	0.00102	0
279	D	0.99898	0	0.00102	0
280	P	0.99898	0	0.00102	0
281	S	0.99898	0	0.00102	0
282	S	0.99898	0	0.00102	0
283	G	0.99898	0	0.00102	0
284	L	0.99898	0	0.00102	0
285	G	0.99898	0	0.00102	0
286	V	0.99898	0	0.00102	0
287	T	0.99899	0	0.00101	0
288	K	0.99900	0	0.00100	0
289	Q	0.99900	0	0.00100	0
290	D	0.99900	0	0.00100	0
291	L	0.99900	0	0.00100	0
292	G	0.99900	0	0.00100	0
293	P	0.99900	0	0.00100	0
294	V	0.99900	0	0.00100	0
295	P	0.99911	0	0.00089	0
296	M	1.00000	0	0.00000	0
