# UNNAMED
#pos	aa	i	o	M	S
1	M	0.00000	0.00299	0.00000	0.99701
2	A	0.00000	0.00299	0.00000	0.99701
3	L	0.00000	0.00299	0.00000	0.99702
4	F	0.00000	0.00299	0.00000	0.99701
5	A	0.00000	0.00299	0.00000	0.99701
6	V	0.00000	0.00299	0.00000	0.99701
7	F	0.00000	0.00299	0.00000	0.99701
8	Q	0.00000	0.00299	0.00000	0.99702
9	T	0.00000	0.00299	0.00000	0.99702
10	T	0.00000	0.00299	0.00000	0.99702
11	F	0.00000	0.00299	0.00000	0.99702
12	F	0.00000	0.00299	0.00000	0.99701
13	L	0.00000	0.00299	0.00000	0.99701
14	T	0.00000	0.00299	0.00000	0.99701
15	L	0.00000	0.00299	0.00000	0.99701
16	L	0.00000	0.00302	0.00000	0.99699
17	S	0.00000	0.00633	0.00000	0.99367
18	L	0.00000	0.04399	0.00000	0.95601
19	R	0.00000	0.07396	0.00000	0.92604
20	T	0.00000	0.07398	0.00000	0.92602
21	Y	0.00000	0.89345	0.00000	0.10655
22	Q	0.00000	0.89345	0.00000	0.10655
23	S	0.00000	0.93161	0.00000	0.0684
24	E	0.00000	0.9317	0.00000	0.0683
25	V	0.00000	0.93171	0.00000	0.06828
26	L	0.00000	0.93172	0.00000	0.06828
27	A	0.00000	0.93172	0.00000	0.06828
28	E	0.00000	0.99872	0.00000	0.00128
29	R	0.00000	1	0.00000	0
30	L	0.00000	1	0.00000	0
31	P	0.00000	1	0.00000	0
32	L	0.00000	1	0.00000	0
33	T	0.00000	1	0.00000	0
34	P	0.00000	1	0.00000	0
35	V	0.00000	1	0.00000	0
36	S	0.00000	1	0.00000	0
37	L	0.00000	1	0.00000	0
38	K	0.00000	1	0.00000	0
39	V	0.00000	1	0.00000	0
40	S	0.00000	1	0.00000	0
41	T	0.00000	1	0.00000	0
42	N	0.00000	1	0.00000	0
43	S	0.00000	1	0.00000	0
44	T	0.00000	1	0.00000	0
45	R	0.00000	1	0.00000	0
46	Q	0.00000	1	0.00000	0
47	S	0.00000	1	0.00000	0
48	L	0.00000	1	0.00000	0
49	H	0.00000	1	0.00000	0
50	L	0.00000	1	0.00000	0
51	Q	0.00000	1	0.00000	0
52	W	0.00000	1	0.00000	0
53	T	0.00000	1	0.00000	0
54	V	0.00000	1	0.00000	0
55	H	0.00000	1	0.00000	0
56	N	0.00000	1	0.00000	0
57	L	0.00000	1	0.00000	0
58	P	0.00000	1	0.00000	0
59	Y	0.00000	1	0.00000	0
60	H	0.00000	1	0.00000	0
61	Q	0.00000	1	0.00000	0
62	E	0.00000	1	0.00000	0
63	L	0.00000	1	0.00000	0
64	K	0.00000	1	0.00000	0
65	M	0.00000	1	0.00000	0
66	V	0.00000	1	0.00000	0
67	F	0.00000	1	0.00000	0
68	Q	0.00000	1	0.00000	0
69	I	0.00000	1	0.00000	0
70	Q	0.00000	1	0.00000	0
71	I	0.00000	1	0.00000	0
72	S	0.00000	1	0.00000	0
73	R	0.00000	1	0.00000	0
74	I	0.00000	1	0.00000	0
75	E	0.00000	1	0.00000	0
76	T	0.00000	1	0.00000	0
77	S	0.00000	1	0.00000	0
78	N	0.00000	1	0.00000	0
79	V	0.00000	1	0.00000	0
80	I	0.00000	1	0.00000	0
81	W	0.00000	1	0.00000	0
82	V	0.00000	1	0.00000	0
83	G	0.00000	1	0.00000	0
84	N	0.00000	1	0.00000	0
85	Y	0.00000	1	0.00000	0
86	S	0.00000	1	0.00000	0
87	T	0.00000	1	0.00000	0
88	T	0.00000	1	0.00000	0
89	V	0.00000	1	0.00000	0
90	K	0.00000	1	0.00000	0
91	W	0.00000	1	0.00000	0
92	N	0.00000	1	0.00000	0
93	Q	0.00000	1	0.00000	0
94	V	0.00000	1	0.00000	0
95	L	0.00000	1	0.00000	0
96	H	0.00000	1	0.00000	0
97	W	0.00000	1	0.00000	0
98	S	0.00000	1	0.00000	0
99	W	0.00000	1	0.00000	0
100	E	0.00000	1	0.00000	0
101	S	0.00000	1	0.00000	0
102	E	0.00000	1	0.00000	0
103	L	0.00000	1	0.00000	0
104	P	0.00000	1	0.00000	0
105	L	0.00000	1	0.00000	0
106	E	0.00000	1	0.00000	0
107	C	0.00000	1	0.00000	0
108	A	0.00000	1	0.00000	0
109	T	0.00000	1	0.00000	0
110	H	0.00000	1	0.00000	0
111	F	0.00000	1	0.00000	0
112	V	0.00000	1	0.00000	0
113	R	0.00000	1	0.00000	0
114	I	0.00000	1	0.00000	0
115	K	0.00000	1	0.00000	0
116	S	0.00000	1	0.00000	0
117	L	0.00000	1	0.00000	0
118	V	0.00000	1	0.00000	0
119	D	0.00000	1	0.00000	0
120	D	0.00000	1	0.00000	0
121	A	0.00000	1	0.00000	0
122	K	0.00000	1	0.00000	0
123	F	0.00000	1	0.00000	0
124	P	0.00000	1	0.00000	0
125	E	0.00000	1	0.00000	0
126	P	0.00000	1	0.00000	0
127	N	0.00000	1	0.00000	0
128	F	0.00000	1	0.00000	0
129	W	0.00000	1	0.00000	0
130	S	0.00000	1	0.00000	0
131	N	0.00000	1	0.00000	0
132	W	0.00000	1	0.00000	0
133	S	0.00000	1	0.00000	0
134	S	0.00000	1	0.00000	0
135	W	0.00000	1	0.00000	0
136	E	0.00000	1	0.00000	0
137	E	0.00000	1	0.00000	0
138	V	0.00000	1	0.00000	0
139	S	0.00000	1	0.00000	0
140	V	0.00000	1	0.00000	0
141	Q	0.00000	1	0.00000	0
142	D	0.00000	1	0.00000	0
143	S	0.00000	1	0.00000	0
144	T	0.00000	1	0.00000	0
145	G	0.00000	1	0.00000	0
146	Q	0.00000	1	0.00000	0
147	D	0.00000	1	0.00000	0
148	I	0.00000	1	0.00000	0
149	L	0.00000	1	0.00000	0
150	F	0.00000	1	0.00000	0
151	V	0.00000	1	0.00000	0
152	F	0.00000	1	0.00000	0
153	P	0.00000	1	0.00000	0
154	K	0.00000	1	0.00000	0
155	D	0.00000	1	0.00000	0
156	K	0.00000	1	0.00000	0
157	L	0.00000	1	0.00000	0
158	V	0.00000	1	0.00000	0
159	E	0.00000	1	0.00000	0
160	E	0.00000	1	0.00000	0
161	G	0.00000	1	0.00000	0
162	T	0.00000	1	0.00000	0
163	N	0.00000	1	0.00000	0
164	V	0.00000	1	0.00000	0
165	T	0.00000	1	0.00000	0
166	I	0.00000	1	0.00000	0
167	C	0.00000	1	0.00000	0
168	Y	0.00000	1	0.00000	0
169	V	0.00000	1	0.00000	0
170	S	0.00000	1	0.00000	0
171	R	0.00000	1	0.00000	0
172	N	0.00000	1	0.00000	0
173	I	0.00000	1	0.00000	0
174	Q	0.00000	1	0.00000	0
175	N	0.00000	1	0.00000	0
176	N	0.00000	1	0.00000	0
177	V	0.00000	1	0.00000	0
178	S	0.00000	1	0.00000	0
179	C	0.00000	1	0.00000	0
180	Y	0.00000	1	0.00000	0
181	L	0.00000	1	0.00000	0
182	E	0.00000	1	0.00000	0
183	G	0.00000	1	0.00000	0
184	K	0.00000	1	0.00000	0
185	Q	0.00000	1	0.00000	0
186	I	0.00000	1	0.00000	0
187	H	0.00000	1	0.00000	0
188	G	0.00000	1	0.00000	0
189	E	0.00000	1	0.00000	0
190	Q	0.00000	1	0.00000	0
191	L	0.00000	1	0.00000	0
192	D	0.00000	1	0.00000	0
193	P	0.00000	1	0.00000	0
194	H	0.00000	1	0.00000	0
195	V	0.00000	1	0.00000	0
196	T	0.00000	1	0.00000	0
197	A	0.00000	1	0.00000	0
198	F	0.00000	1	0.00000	0
199	N	0.00000	1	0.00000	0
200	L	0.00000	1	0.00000	0
201	N	0.00000	1	0.00000	0
202	S	0.00000	1	0.00000	0
203	V	0.00000	1	0.00000	0
204	P	0.00000	1	0.00000	0
205	F	0.00000	1	0.00000	0
206	I	0.00000	1	0.00000	0
207	R	0.00000	1	0.00000	0
208	N	0.00000	1	0.00000	0
209	K	0.00000	1	0.00000	0
210	G	0.00000	1	0.00000	0
211	T	0.00000	1	0.00000	0
212	N	0.00000	1	0.00000	0
213	I	0.00000	1	0.00000	0
214	Y	0.00000	1	0.00000	0
215	C	0.00000	1	0.00000	0
216	E	0.00000	1	0.00000	0
217	A	0.00000	1	0.00000	0
218	S	0.00000	1	0.00000	0
219	Q	0.00000	1	0.00000	0
220	G	0.00000	1	0.00000	0
221	N	0.00000	1	0.00000	0
222	V	0.00000	1	0.00000	0
223	S	0.00000	1	0.00000	0
224	E	0.00000	1	0.00000	0
225	G	0.00000	1	0.00000	0
226	M	0.00000	1	0.00000	0
227	K	0.00000	1	0.00000	0
228	G	0.00000	1	0.00000	0
229	I	0.00000	1	0.00000	0
230	V	0.00000	1	0.00000	0
231	L	0.00000	1	0.00000	0
232	F	0.00000	1	0.00000	0
233	V	0.00000	1	0.00000	0
234	S	0.00000	1	0.00000	0
235	K	0.00000	1	0.00000	0
236	V	0.00000	1	0.00000	0
237	L	0.00000	1	0.00000	0
238	E	0.00000	1	0.00000	0
239	E	0.00000	1	0.00000	0
240	P	0.00000	1	0.00000	0
241	K	0.00000	1	0.00000	0
242	D	0.00000	1	0.00000	0
243	F	0.00000	1	0.00000	0
244	S	0.00000	1	0.00000	0
245	C	0.00000	1	0.00000	0
246	E	0.00000	1	0.00000	0
247	T	0.00000	1	0.00000	0
248	E	0.00000	1	0.00000	0
249	D	0.00000	1	0.00000	0
250	F	0.00000	1	0.00000	0
251	K	0.00000	1	0.00000	0
252	T	0.00000	1	0.00000	0
253	L	0.00000	1	0.00000	0
254	H	0.00000	1	0.00000	0
255	C	0.00000	1	0.00000	0
256	T	0.00000	1	0.00000	0
257	W	0.00000	1	0.00000	0
258	D	0.00000	1	0.00000	0
259	P	0.00000	1	0.00000	0
260	G	0.00000	1	0.00000	0
261	T	0.00000	1	0.00000	0
262	D	0.00000	1	0.00000	0
263	T	0.00000	1	0.00000	0
264	A	0.00000	1	0.00000	0
265	L	0.00000	1	0.00000	0
266	G	0.00000	1	0.00000	0
267	W	0.00000	1	0.00000	0
268	S	0.00000	1	0.00000	0
269	K	0.00000	1	0.00000	0
270	Q	0.00000	1	0.00000	0
271	P	0.00000	1	0.00000	0
272	S	0.00000	1	0.00000	0
273	Q	0.00000	1	0.00000	0
274	S	0.00000	1	0.00000	0
275	Y	0.00000	1	0.00000	0
276	T	0.00000	1	0.00000	0
277	L	0.00000	1	0.00000	0
278	F	0.00000	1	0.00000	0
279	E	0.00000	1	0.00000	0
280	S	0.00000	1	0.00000	0
281	F	0.00000	1	0.00000	0
282	S	0.00000	1	0.00000	0
283	G	0.00000	1	0.00000	0
284	E	0.00000	1	0.00000	0
285	K	0.00000	1	0.00000	0
286	K	0.00000	1	0.00000	0
287	L	0.00000	1	0.00000	0
288	C	0.00000	1	0.00000	0
289	T	0.00000	1	0.00000	0
290	H	0.00000	1	0.00000	0
291	K	0.00000	1	0.00000	0
292	N	0.00000	1	0.00000	0
293	W	0.00000	1	0.00000	0
294	C	0.00000	1	0.00000	0
295	N	0.00000	1	0.00000	0
296	W	0.00000	1	0.00000	0
297	Q	0.00000	1	0.00000	0
298	I	0.00000	1	0.00000	0
299	T	0.00000	1	0.00000	0
300	Q	0.00000	1	0.00000	0
301	D	0.00000	1	0.00000	0
302	S	0.00000	1	0.00000	0
303	Q	0.00000	1	0.00000	0
304	E	0.00000	1	0.00000	0
305	T	0.00000	1	0.00000	0
306	Y	0.00000	1	0.00000	0
307	N	0.00000	1	0.00000	0
308	F	0.00000	1	0.00000	0
309	T	0.00000	1	0.00000	0
310	L	0.00000	1	0.00000	0
311	I	0.00000	1	0.00000	0
312	A	0.00000	1	0.00000	0
313	E	0.00000	1	0.00000	0
314	N	0.00000	1	0.00000	0
315	Y	0.00000	1	0.00000	0
316	L	0.00000	1	0.00000	0
317	R	0.00000	1	0.00000	0
318	K	0.00000	1	0.00000	0
319	R	0.00000	1	0.00000	0
320	S	0.00000	1	0.00000	0
321	V	0.00000	1	0.00000	0
322	N	0.00000	1	0.00000	0
323	I	0.00000	1	0.00000	0
324	L	0.00000	1	0.00000	0
325	F	0.00000	1	0.00000	0
326	N	0.00000	1	0.00000	0
327	L	0.00000	1	0.00000	0
328	T	0.00000	1	0.00000	0
329	H	0.00000	1	0.00000	0
330	R	0.00000	1	0.00000	0
331	V	0.00000	1	0.00000	0
332	Y	0.00000	1	0.00000	0
333	L	0.00000	1	0.00000	0
334	M	0.00000	1	0.00000	0
335	N	0.00000	1	0.00000	0
336	P	0.00000	1	0.00000	0
337	F	0.00000	1	0.00000	0
338	S	0.00000	1	0.00000	0
339	V	0.00000	1	0.00000	0
340	N	0.00000	1	0.00000	0
341	F	0.00000	1	0.00000	0
342	E	0.00000	1	0.00000	0
343	N	0.00000	1	0.00000	0
344	V	0.00000	1	0.00000	0
345	N	0.00000	1	0.00000	0
346	A	0.00000	1	0.00000	0
347	T	0.00000	1	0.00000	0
348	N	0.00000	1	0.00000	0
349	A	0.00000	1	0.00000	0
350	I	0.00000	1	0.00000	0
351	M	0.00000	1	0.00000	0
352	T	0.00000	1	0.00000	0
353	W	0.00000	1	0.00000	0
354	K	0.00000	1	0.00000	0
355	V	0.00000	1	0.00000	0
356	H	0.00000	1	0.00000	0
357	S	0.00000	1	0.00000	0
358	I	0.00000	1	0.00000	0
359	R	0.00000	1	0.00000	0
360	N	0.00000	1	0.00000	0
361	N	0.00000	1	0.00000	0
362	F	0.00000	1	0.00000	0
363	T	0.00000	1	0.00000	0
364	Y	0.00000	1	0.00000	0
365	L	0.00000	1	0.00000	0
366	C	0.00000	1	0.00000	0
367	Q	0.00000	1	0.00000	0
368	I	0.00000	1	0.00000	0
369	E	0.00000	1	0.00000	0
370	L	0.00000	1	0.00000	0
371	H	0.00000	1	0.00000	0
372	G	0.00000	1	0.00000	0
373	E	0.00000	1	0.00000	0
374	G	0.00000	1	0.00000	0
375	K	0.00000	1	0.00000	0
376	M	0.00000	1	0.00000	0
377	M	0.00000	1	0.00000	0
378	Q	0.00000	1	0.00000	0
379	Y	0.00000	1	0.00000	0
380	N	0.00000	1	0.00000	0
381	V	0.00000	1	0.00000	0
382	S	0.00000	1	0.00000	0
383	I	0.00000	1	0.00000	0
384	K	0.00000	1	0.00000	0
385	V	0.00000	1	0.00000	0
386	N	0.00000	1	0.00000	0
387	G	0.00000	1	0.00000	0
388	E	0.00000	1	0.00000	0
389	Y	0.00000	1	0.00000	0
390	F	0.00000	1	0.00000	0
391	L	0.00000	1	0.00000	0
392	S	0.00000	1	0.00000	0
393	E	0.00000	1	0.00000	0
394	L	0.00000	1	0.00000	0
395	E	0.00000	1	0.00000	0
396	P	0.00000	1	0.00000	0
397	A	0.00000	1	0.00000	0
398	T	0.00000	1	0.00000	0
399	E	0.00000	1	0.00000	0
400	Y	0.00000	1	0.00000	0
401	M	0.00000	1	0.00000	0
402	A	0.00000	1	0.00000	0
403	R	0.00000	1	0.00000	0
404	V	0.00000	1	0.00000	0
405	R	0.00000	1	0.00000	0
406	C	0.00000	1	0.00000	0
407	A	0.00000	1	0.00000	0
408	D	0.00000	1	0.00000	0
409	A	0.00000	1	0.00000	0
410	S	0.00000	1	0.00000	0
411	H	0.00000	1	0.00000	0
412	F	0.00000	1	0.00000	0
413	W	0.00000	1	0.00000	0
414	K	0.00000	1	0.00000	0
415	W	0.00000	1	0.00000	0
416	S	0.00000	1	0.00000	0
417	E	0.00000	1	0.00000	0
418	W	0.00000	1	0.00000	0
419	S	0.00000	1	0.00000	0
420	G	0.00000	1	0.00000	0
421	Q	0.00000	1	0.00000	0
422	N	0.00000	1	0.00000	0
423	F	0.00000	1	0.00000	0
424	T	0.00000	1	0.00000	0
425	T	0.00000	1	0.00000	0
426	L	0.00000	1	0.00000	0
427	E	0.00000	1	0.00000	0
428	A	0.00000	1	0.00000	0
429	A	0.00000	1	0.00000	0
430	P	0.00000	1	0.00000	0
431	S	0.00000	1	0.00000	0
432	E	0.00000	1	0.00000	0
433	A	0.00000	1	0.00000	0
434	P	0.00000	1	0.00000	0
435	D	0.00000	1	0.00000	0
436	V	0.00000	0.99963	0.00037	0
437	W	0.00000	0.99962	0.00038	0
438	R	0.00000	0.99962	0.00038	0
439	I	0.00000	0.99962	0.00038	0
440	V	0.00000	0.99962	0.00038	0
441	S	0.00000	0.99962	0.00038	0
442	L	0.00000	0.99962	0.00038	0
443	E	0.00000	0.99962	0.00038	0
444	P	0.00000	0.99962	0.00038	0
445	G	0.00000	0.99962	0.00038	0
446	N	0.00000	0.99962	0.00038	0
447	H	0.00000	0.99962	0.00038	0
448	T	0.00000	0.99962	0.00038	0
449	V	0.00000	0.99962	0.00038	0
450	T	0.00000	0.99962	0.00038	0
451	L	0.00000	0.99962	0.00038	0
452	F	0.00000	0.99962	0.00038	0
453	W	0.00000	0.99962	0.00038	0
454	K	0.00019	0.99962	0.00019	0
455	P	0.00026	0.99962	0.00012	0
456	L	0.00028	0.99962	0.00010	0
457	S	0.00037	0.99962	0.00001	0
458	K	0.00038	0.99962	0.00000	0
459	L	0.00038	0.99962	0.00000	0
460	H	0.00037	0.99962	0.00001	0
461	A	0.00037	0.99962	0.00002	0
462	N	0.00033	0.99962	0.00005	0
463	G	0.00031	0.99962	0.00007	0
464	K	0.00026	0.99959	0.00014	0
465	I	0.00002	0.9995	0.00048	0
466	L	0.00000	0.99949	0.00050	0
467	F	0.00000	0.99949	0.00051	0
468	Y	0.00000	0.99949	0.00051	0
469	N	0.00000	0.99949	0.00051	0
470	V	0.00000	0.99949	0.00051	0
471	V	0.00000	0.99949	0.00051	0
472	V	0.00000	0.99949	0.00051	0
473	E	0.00000	0.99949	0.00051	0
474	N	0.00000	0.99949	0.00051	0
475	L	0.00000	0.99949	0.00051	0
476	D	0.00000	0.99949	0.00051	0
477	K	0.00000	0.99949	0.00051	0
478	P	0.00000	0.99949	0.00051	0
479	S	0.00000	0.99949	0.00051	0
480	S	0.00000	0.99949	0.00050	0
481	S	0.00000	0.99951	0.00049	0
482	E	0.00000	0.99966	0.00034	0
483	L	0.00000	0.99969	0.00031	0
484	H	0.00000	0.99969	0.00031	0
485	S	0.00000	0.99969	0.00031	0
486	I	0.00000	0.99969	0.00031	0
487	P	0.00005	0.99969	0.00025	0
488	A	0.00008	0.9997	0.00022	0
489	P	0.00013	0.99971	0.00016	0
490	A	0.00013	0.99976	0.00011	0
491	N	0.00013	0.99986	0.00000	0
492	S	0.00013	0.99987	0.00000	0
493	T	0.00013	0.99987	0.00000	0
494	K	0.00013	0.99987	0.00000	0
495	L	0.00013	0.99977	0.00010	0
496	I	0.00013	0.99977	0.00010	0
497	L	0.00013	0.99977	0.00010	0
498	D	0.00013	0.99977	0.00010	0
499	R	0.00013	0.99815	0.00172	0
500	C	0.00003	0.86503	0.13494	0
501	S	0.00001	0.74022	0.25977	0
502	Y	0.00000	0.3707	0.62930	0
503	Q	0.00000	0.24062	0.75938	0
504	I	0.00000	0.00089	0.99911	0
505	C	0.00000	0.00013	0.99987	0
506	V	0.00000	5e-05	0.99995	0
507	I	0.00000	5e-05	0.99995	0
508	A	0.00000	5e-05	0.99995	0
509	N	0.00000	5e-05	0.99995	0
510	N	0.00000	5e-05	0.99995	0
511	S	0.00000	5e-05	0.99995	0
512	V	0.00000	5e-05	0.99995	0
513	G	0.00000	5e-05	0.99995	0
514	A	0.00000	5e-05	0.99995	0
515	S	0.00000	5e-05	0.99995	0
516	P	0.00008	5e-05	0.99987	0
517	A	0.00008	5e-05	0.99987	0
518	S	0.00008	5e-05	0.99987	0
519	V	0.00008	5e-05	0.99987	0
520	I	0.00010	5e-05	0.99985	0
521	V	0.00160	0.00017	0.99823	0
522	I	0.02409	0.00017	0.97574	0
523	S	0.42694	0.00017	0.57288	0
524	A	0.71088	0.00018	0.28894	0
525	D	0.99839	0.00018	0.00142	0
526	P	0.99980	0.00018	0.00002	0
527	E	0.99981	0.00018	0.00001	0
528	N	0.99951	0.00018	0.00031	0
529	K	0.99860	0.00018	0.00121	0
530	E	0.93415	0.00018	0.06567	0
531	V	0.77830	0.00018	0.22152	0
532	E	0.39108	0.00018	0.60873	0
533	E	0.16368	0.00018	0.83614	0
534	E	0.02717	0.00018	0.97265	0
535	R	0.00996	0.00018	0.98986	0
536	I	0.00029	0.00018	0.99953	0
537	A	0.00028	0.00018	0.99955	0
538	G	0.00025	0.00018	0.99957	0
539	T	0.00016	0.00018	0.99966	0
540	E	0.00006	0.00018	0.99976	0
541	G	0.00001	0.00018	0.99982	0
542	G	0.00000	0.00018	0.99982	0
543	F	0.00000	0.00018	0.99982	0
544	S	0.00000	0.00018	0.99982	0
545	L	0.00000	0.00018	0.99982	0
546	S	0.00000	0.00018	0.99982	0
547	W	0.00000	0.00018	0.99982	0
548	K	0.00000	0.00026	0.99974	0
549	P	0.00000	0.00045	0.99955	0
550	Q	0.00000	0.00996	0.99004	0
551	P	0.00000	0.03729	0.96271	0
552	G	0.00000	0.8111	0.18890	0
553	D	0.00000	0.99485	0.00515	0
554	V	0.00000	0.99931	0.00069	0
555	I	0.00000	0.99941	0.00059	0
556	G	0.00000	0.99961	0.00039	0
557	Y	0.00000	0.99961	0.00039	0
558	V	0.00001	0.99962	0.00037	0
559	V	0.00001	0.99968	0.00031	0
560	D	0.00001	0.99997	0.00003	0
561	W	0.00001	0.99997	0.00002	0
562	C	0.00001	0.99999	0.00000	0
563	D	0.00001	0.99999	0.00000	0
564	H	0.00001	0.99999	0.00000	0
565	T	0.00001	0.99999	0.00000	0
566	Q	0.00001	0.99998	0.00001	0
567	D	0.00001	0.98468	0.01531	0
568	V	0.00001	0.78546	0.21453	0
569	L	0.00001	0.20577	0.79422	0
570	G	0.00001	0.15142	0.84857	0
571	D	0.00001	0.09988	0.90011	0
572	F	0.00001	0.09698	0.90301	0
573	Q	0.00001	0.09664	0.90335	0
574	W	0.00000	0.09656	0.90343	0
575	K	0.00000	0.09655	0.90344	0
576	N	0.00000	0.09654	0.90346	0
577	V	0.00000	0.09566	0.90434	0
578	G	0.00000	0.09557	0.90443	0
579	P	0.00000	0.09555	0.90445	0
580	N	0.00000	0.09547	0.90453	0
581	T	0.00000	0.09083	0.90917	0
582	T	0.00000	0.08916	0.91084	0
583	S	0.00000	0.08915	0.91085	0
584	T	0.00000	0.08915	0.91085	0
585	V	0.00000	0.08914	0.91086	0
586	I	0.00001	0.08914	0.91085	0
587	S	0.00015	0.08914	0.91072	0
588	T	0.00167	0.08913	0.90919	0
589	D	0.00257	0.08913	0.90829	0
590	A	0.04826	0.08913	0.86261	0
591	F	0.10967	0.08913	0.80120	0
592	R	0.24813	0.08909	0.66277	0
593	P	0.90343	0.08908	0.00749	0
594	G	0.90343	0.08441	0.01216	0
595	V	0.90343	0.08367	0.01290	0
596	R	0.90343	0.04118	0.05539	0
597	Y	0.90343	0.02612	0.07045	0
598	D	0.90343	0.01697	0.07961	0
599	F	0.90342	0.00337	0.09321	0
600	R	0.90383	0.00215	0.09402	0
601	I	0.91043	0.00191	0.08765	0
602	Y	0.91046	0.0019	0.08765	0
603	G	0.91043	0.00189	0.08768	0
604	L	0.88604	0.00051	0.11346	0
605	S	0.86033	0.00044	0.13923	0
606	T	0.84050	0.00044	0.15906	0
607	K	0.81128	0.00044	0.18828	0
608	R	0.73026	0.00044	0.26930	0
609	I	0.64785	0.00044	0.35171	0
610	A	0.60844	0.00044	0.39112	0
611	C	0.04704	0.00044	0.95251	0
612	L	0.00965	0.00044	0.98991	0
613	L	0.01229	0.00044	0.98727	0
614	E	0.01230	0.00044	0.98726	0
615	K	0.01689	0.00044	0.98267	0
616	K	0.03442	0.00044	0.96514	0
617	T	0.06630	0.00044	0.93326	0
618	G	0.06887	0.00044	0.93069	0
619	Y	0.07254	0.00045	0.92701	0
620	S	0.08426	0.00051	0.91523	0
621	Q	0.08435	0.00073	0.91493	0
622	E	0.08370	0.00081	0.91548	0
623	L	0.08161	0.00091	0.91748	0
624	A	0.08859	0.01077	0.90063	0
625	P	0.08870	0.03752	0.87378	0
626	S	0.08864	0.07593	0.83544	0
627	D	0.08859	0.19622	0.71519	0
628	N	0.08841	0.20138	0.71021	0
629	P	0.08775	0.20717	0.70507	0
630	H	0.06256	0.21086	0.72659	0
631	V	0.03372	0.21545	0.75084	0
632	L	0.03173	0.23785	0.73042	0
633	V	0.03157	0.53265	0.43579	0
634	D	0.03156	0.90251	0.06593	0
635	T	0.02842	0.90318	0.06840	0
636	L	0.02394	0.90318	0.07288	0
637	T	0.02260	0.90331	0.07408	0
638	S	0.02134	0.90359	0.07508	0
639	H	0.01887	0.9039	0.07723	0
640	S	0.01705	0.90453	0.07842	0
641	F	0.01445	0.81997	0.16557	0
642	T	0.00927	0.79378	0.19695	0
643	L	0.00298	0.79435	0.20268	0
644	S	0.00039	0.79813	0.20148	0
645	W	0.00001	0.79826	0.20173	0
646	K	0.00000	0.79852	0.20148	0
647	D	0.00000	0.79865	0.20135	0
648	Y	0.00000	0.79866	0.20133	0
649	S	0.00000	0.79979	0.20021	0
650	T	0.00000	0.81154	0.18846	0
651	E	0.00000	0.84884	0.15115	0
652	S	0.00001	0.85104	0.14895	0
653	Q	0.00001	0.85531	0.14469	0
654	P	0.00001	0.85549	0.14450	0
655	G	0.00001	0.85575	0.14425	0
656	F	0.00001	0.85602	0.14398	0
657	I	0.00001	0.85747	0.14252	0
658	Q	0.00001	0.86506	0.13494	0
659	G	0.00001	0.86575	0.13425	0
660	Y	0.00001	0.86649	0.13351	0
661	H	0.00001	0.86899	0.13100	0
662	V	0.00001	0.86991	0.13008	0
663	Y	0.00012	0.87292	0.12696	0
664	L	0.00600	0.87453	0.11947	0
665	K	0.11178	0.88703	0.00118	0
666	S	0.11293	0.88706	0.00001	0
667	K	0.11293	0.88706	0.00000	0
668	A	0.11293	0.88706	0.00000	0
669	R	0.11294	0.88706	0.00000	0
670	Q	0.11294	0.88706	0.00000	0
671	C	0.11293	0.88706	0.00000	0
672	H	0.11293	0.88706	0.00000	0
673	P	0.11293	0.88706	0.00000	0
674	R	0.11293	0.88706	0.00000	0
675	F	0.11293	0.88706	0.00000	0
676	E	0.11293	0.88706	0.00000	0
677	K	0.11293	0.88706	0.00000	0
678	A	0.11293	0.88706	0.00000	0
679	V	0.11293	0.88706	0.00000	0
680	L	0.11293	0.88706	0.00000	0
681	S	0.11293	0.88706	0.00000	0
682	D	0.11293	0.88706	0.00000	0
683	G	0.11293	0.88706	0.00000	0
684	S	0.11293	0.88706	0.00000	0
685	E	0.11293	0.88706	0.00000	0
686	C	0.11293	0.88706	0.00000	0
687	C	0.11293	0.88706	0.00000	0
688	K	0.11293	0.88706	0.00000	0
689	Y	0.11293	0.88706	0.00000	0
690	K	0.11293	0.88706	0.00000	0
691	I	0.11293	0.88706	0.00000	0
692	D	0.11293	0.88706	0.00000	0
693	N	0.11293	0.88706	0.00000	0
694	P	0.11293	0.88706	0.00000	0
695	E	0.11293	0.88706	0.00001	0
696	E	0.11293	0.88701	0.00006	0
697	K	0.00012	0.526	0.47389	0
698	A	0.00012	0.37423	0.62565	0
699	L	0.00012	0.3736	0.62628	0
700	I	0.00012	0.29193	0.70795	0
701	V	0.00012	0.29171	0.70818	0
702	D	0.00012	0.29164	0.70824	0
703	N	0.00012	0.29132	0.70857	0
704	L	0.00012	0.29127	0.70861	0
705	K	0.00012	0.29122	0.70866	0
706	P	0.00012	0.01071	0.98917	0
707	E	0.00012	0.00977	0.99011	0
708	S	0.00012	0.00354	0.99634	0
709	F	0.00012	0.00142	0.99846	0
710	Y	0.00012	0.00097	0.99891	0
711	E	0.00012	8e-05	0.99980	0
712	F	0.00011	1e-05	0.99988	0
713	F	0.00010	1e-05	0.99989	0
714	I	0.00010	1e-05	0.99989	0
715	T	0.00011	2e-05	0.99987	0
716	P	0.00011	0.00023	0.99966	0
717	F	0.00016	0.00083	0.99901	0
718	T	0.01254	0.01324	0.97422	0
719	S	0.04693	0.02928	0.92379	0
720	A	0.06439	0.04334	0.89227	0
721	G	0.11548	0.08636	0.79816	0
722	E	0.56929	0.1121	0.31861	0
723	G	0.58278	0.11265	0.30457	0
724	P	0.59425	0.11277	0.29298	0
725	S	0.59556	0.1128	0.29165	0
726	A	0.59599	0.1128	0.29121	0
727	T	0.60634	0.11281	0.28086	0
728	F	0.61810	0.11279	0.26911	0
729	T	0.83731	0.11278	0.04991	0
730	K	0.87749	0.11278	0.00974	0
731	V	0.88013	0.11275	0.00712	0
732	T	0.88505	0.11268	0.00227	0
733	T	0.88677	0.11258	0.00065	0
734	P	0.88714	0.11256	0.00030	0
735	D	0.88716	0.11254	0.00030	0
736	E	0.88716	0.1109	0.00193	0
737	H	0.88715	0.1054	0.00745	0
738	S	0.06361	0.0958	0.84059	0
739	S	0.05652	0.07347	0.87001	0
740	M	0.03900	0.00469	0.95631	0
741	L	0.03203	0.00032	0.96765	0
742	I	0.01794	0	0.98206	0
743	H	0.01786	0	0.98213	0
744	I	0.00023	0	0.99977	0
745	L	0.00010	0	0.99990	0
746	L	0.00000	0	1.00000	0
747	P	0.00000	0	1.00000	0
748	M	0.00000	0	1.00000	0
749	V	0.00000	0	1.00000	0
750	F	0.00000	0	1.00000	0
751	C	0.00000	0	1.00000	0
752	V	0.00001	0	0.99999	0
753	L	0.00007	0	0.99993	0
754	L	0.00010	0	0.99990	0
755	I	0.00011	0	0.99989	0
756	M	0.00029	0	0.99971	0
757	V	0.00354	0.00027	0.99619	0
758	M	0.00747	0.01041	0.98211	0
759	C	0.01692	0.27057	0.71251	0
760	Y	0.06163	0.33718	0.60119	0
761	L	0.09576	0.46696	0.43728	0
762	K	0.11284	0.85851	0.02865	0
763	S	0.11284	0.86357	0.02359	0
764	Q	0.11284	0.82076	0.06640	0
765	W	0.11284	0.57608	0.31108	0
766	I	0.11284	0.56043	0.32673	0
767	K	0.11284	0.57122	0.31594	0
768	E	0.11284	0.57109	0.31607	0
769	T	0.11284	0.57109	0.31607	0
770	C	0.11284	0.57109	0.31607	0
771	Y	0.11284	0.57109	0.31607	0
772	P	0.11284	0.57109	0.31607	0
773	D	0.11284	0.57109	0.31607	0
774	I	0.11284	0.57109	0.31607	0
775	P	0.11284	0.57107	0.31609	0
776	D	0.11284	0.57106	0.31610	0
777	P	0.11284	0.57103	0.31613	0
778	Y	0.11284	0.57092	0.31624	0
779	K	0.11284	0.57084	0.31633	0
780	S	0.11284	0.57081	0.31635	0
781	S	0.11284	0.57074	0.31642	0
782	I	0.11284	0.57037	0.31680	0
783	L	0.11284	0.5661	0.32106	0
784	S	0.11284	0.56518	0.32199	0
785	L	0.12039	0.34719	0.53242	0
786	I	0.16266	0.05021	0.78713	0
787	K	0.42891	0.00891	0.56218	0
788	F	0.42891	0.00028	0.57081	0
789	K	0.42891	9e-05	0.57100	0
790	E	0.42891	6e-05	0.57103	0
791	N	0.42891	5e-05	0.57104	0
792	P	0.42891	5e-05	0.57105	0
793	H	0.42891	3e-05	0.57106	0
794	L	0.42891	3e-05	0.57106	0
795	I	0.42891	3e-05	0.57106	0
796	I	0.42891	3e-05	0.57106	0
797	M	0.42891	3e-05	0.57106	0
798	N	0.42904	3e-05	0.57092	0
799	V	0.42908	3e-05	0.57088	0
800	S	0.42917	3e-05	0.57080	0
801	D	0.42922	3e-05	0.57075	0
802	C	0.42923	3e-05	0.57074	0
803	I	0.42932	3e-05	0.57065	0
804	P	0.43453	3e-05	0.56544	0
805	D	0.45022	3e-05	0.54975	0
806	A	0.47951	3e-05	0.52046	0
807	I	0.66054	3e-05	0.33942	0
808	E	0.99992	4e-05	0.00004	0
809	V	0.99992	4e-05	0.00004	0
810	V	0.99992	4e-05	0.00004	0
811	S	0.99993	4e-05	0.00003	0
812	K	0.99996	4e-05	0.00000	0
813	P	0.99996	4e-05	0.00000	0
814	E	0.99996	4e-05	0.00000	0
815	G	0.99996	4e-05	0.00000	0
816	T	0.99996	4e-05	0.00000	0
817	K	0.99996	4e-05	0.00000	0
818	I	0.99996	4e-05	0.00000	0
819	Q	0.99996	4e-05	0.00000	0
820	F	0.99995	4e-05	0.00002	0
821	L	0.99991	4e-05	0.00005	0
822	G	0.99991	4e-05	0.00005	0
823	T	0.99991	4e-05	0.00005	0
824	R	0.99991	4e-05	0.00005	0
825	K	0.99991	4e-05	0.00005	0
826	S	0.99991	4e-05	0.00005	0
827	L	0.99991	4e-05	0.00005	0
828	T	0.99991	4e-05	0.00005	0
829	E	0.99991	4e-05	0.00005	0
830	T	0.99991	4e-05	0.00005	0
831	E	0.99991	4e-05	0.00005	0
832	L	0.99991	4e-05	0.00005	0
833	T	0.99991	4e-05	0.00005	0
834	K	0.99991	4e-05	0.00005	0
835	P	0.99991	3e-05	0.00005	0
836	N	0.99991	2e-05	0.00007	0
837	Y	0.99991	0	0.00008	0
838	L	0.99991	0	0.00008	0
839	Y	0.99991	0	0.00008	0
840	L	0.99991	0	0.00008	0
841	L	0.99991	1e-05	0.00008	0
842	P	0.99991	5e-05	0.00004	0
843	T	0.99991	5e-05	0.00003	0
844	E	0.99991	6e-05	0.00003	0
845	K	0.99991	6e-05	0.00003	0
846	N	0.99991	6e-05	0.00003	0
847	H	0.99991	6e-05	0.00003	0
848	S	0.99991	6e-05	0.00003	0
849	G	0.99991	6e-05	0.00003	0
850	P	0.99991	6e-05	0.00003	0
851	G	0.99991	6e-05	0.00003	0
852	P	0.99991	6e-05	0.00003	0
853	C	0.99991	5e-05	0.00003	0
854	I	0.99991	5e-05	0.00004	0
855	C	0.99991	5e-05	0.00004	0
856	F	0.99991	5e-05	0.00004	0
857	E	0.99994	5e-05	0.00001	0
858	N	0.99994	5e-05	0.00001	0
859	L	0.99994	5e-05	0.00001	0
860	T	0.99994	5e-05	0.00001	0
861	Y	0.99994	5e-05	0.00001	0
862	N	0.99994	4e-05	0.00002	0
863	Q	0.99994	4e-05	0.00002	0
864	A	0.99994	4e-05	0.00002	0
865	A	0.99994	4e-05	0.00002	0
866	S	0.99994	4e-05	0.00002	0
867	D	0.99994	4e-05	0.00002	0
868	S	0.99994	4e-05	0.00002	0
869	G	0.99994	4e-05	0.00002	0
870	S	0.99994	4e-05	0.00002	0
871	C	0.99994	4e-05	0.00002	0
872	G	0.99994	4e-05	0.00002	0
873	H	0.99994	3e-05	0.00002	0
874	V	0.99995	0	0.00005	0
875	P	0.99995	0	0.00005	0
876	V	0.99995	0	0.00005	0
877	S	0.99995	0	0.00005	0
878	P	0.99995	0	0.00005	0
879	K	0.99995	0	0.00005	0
880	A	0.99995	0	0.00005	0
881	P	0.99995	0	0.00005	0
882	S	0.99995	0	0.00005	0
883	M	0.99995	0	0.00005	0
884	L	0.99995	0	0.00005	0
885	G	0.99995	0	0.00005	0
886	L	0.99995	0	0.00005	0
887	M	0.99996	0	0.00004	0
888	T	0.99996	0	0.00004	0
889	S	0.99996	0	0.00004	0
890	P	0.99996	0	0.00004	0
891	E	0.99996	0	0.00004	0
892	N	0.99996	0	0.00004	0
893	V	0.99996	0	0.00004	0
894	L	0.99996	0	0.00004	0
895	K	0.99996	0	0.00004	0
896	A	0.99997	0	0.00003	0
897	L	0.99997	0	0.00003	0
898	E	1.00000	0	0.00000	0
899	K	1.00000	0	0.00000	0
900	N	1.00000	0	0.00000	0
901	Y	0.99999	0	0.00001	0
902	M	0.99999	0	0.00001	0
903	N	0.99999	0	0.00001	0
904	S	0.99999	0	0.00001	0
905	L	0.99999	0	0.00001	0
906	G	0.99999	0	0.00001	0
907	E	0.99999	0	0.00001	0
908	I	0.99999	0	0.00001	0
909	P	0.99999	0	0.00001	0
910	A	0.99999	0	0.00001	0
911	G	0.99999	0	0.00001	0
912	E	0.99999	0	0.00001	0
913	T	0.99999	0	0.00001	0
914	S	0.99999	0	0.00001	0
915	L	0.99998	0	0.00002	0
916	N	0.99998	0	0.00002	0
917	Y	0.99998	0	0.00002	0
918	V	0.99995	0	0.00005	0
919	S	0.99995	0	0.00005	0
920	Q	0.99995	0	0.00005	0
921	L	0.99995	0	0.00005	0
922	A	0.99995	0	0.00005	0
923	S	0.99995	0	0.00005	0
924	P	0.99995	0	0.00004	0
925	M	0.99995	0	0.00004	0
926	F	0.99995	1e-05	0.00004	0
927	G	0.99995	1e-05	0.00004	0
928	D	0.99995	1e-05	0.00004	0
929	K	0.99995	1e-05	0.00004	0
930	D	0.99995	1e-05	0.00004	0
931	S	0.99995	1e-05	0.00004	0
932	L	0.99995	1e-05	0.00004	0
933	P	0.99995	1e-05	0.00004	0
934	T	0.99995	1e-05	0.00004	0
935	N	0.99995	1e-05	0.00003	0
936	P	0.99995	1e-05	0.00003	0
937	V	0.99995	2e-05	0.00003	0
938	E	0.99995	3e-05	0.00002	0
939	A	0.99995	3e-05	0.00002	0
940	P	0.99995	4e-05	0.00001	0
941	H	0.99995	4e-05	0.00000	0
942	C	0.99995	5e-05	0.00000	0
943	S	0.99995	5e-05	0.00000	0
944	E	0.99995	5e-05	0.00000	0
945	Y	0.99995	5e-05	0.00000	0
946	K	0.99995	5e-05	0.00000	0
947	M	0.99995	4e-05	0.00000	0
948	Q	0.99995	4e-05	0.00000	0
949	M	0.99995	4e-05	0.00000	0
950	A	0.99995	3e-05	0.00002	0
951	V	0.99995	2e-05	0.00003	0
952	S	0.99995	1e-05	0.00003	0
953	L	0.99995	0	0.00005	0
954	R	0.99995	0	0.00005	0
955	L	0.99995	0	0.00005	0
956	A	0.99995	0	0.00005	0
957	L	0.99995	0	0.00005	0
958	P	0.99995	0	0.00005	0
959	P	0.99995	0	0.00005	0
960	P	0.99995	0	0.00005	0
961	T	0.99995	0	0.00005	0
962	E	0.99995	0	0.00005	0
963	N	0.99995	0	0.00005	0
964	S	0.99995	0	0.00005	0
965	S	0.99995	0	0.00005	0
966	L	0.99995	0	0.00005	0
967	S	0.99995	0	0.00005	0
968	S	0.99995	0	0.00005	0
969	I	0.99995	0	0.00005	0
970	T	0.99995	0	0.00005	0
971	L	0.99996	0	0.00004	0
972	L	0.99996	0	0.00004	0
973	D	0.99999	0	0.00001	0
974	P	0.99999	0	0.00001	0
975	G	1.00000	0	0.00000	0
976	E	1.00000	0	0.00000	0
977	H	1.00000	0	0.00000	0
978	Y	1.00000	0	0.00000	0
979	C	1.00000	0	0.00000	0
