# UNNAMED
#pos	aa	i	o	M	S
1	M	0.00000	0.0013	0.00000	0.9987
2	W	0.00000	0.0013	0.00000	0.9987
3	F	0.00000	0.0013	0.00000	0.9987
4	L	0.00000	0.0013	0.00000	0.9987
5	T	0.00000	0.0013	0.00000	0.9987
6	T	0.00000	0.0013	0.00000	0.9987
7	L	0.00000	0.0013	0.00000	0.9987
8	L	0.00000	0.0013	0.00000	0.9987
9	L	0.00000	0.0013	0.00000	0.9987
10	W	0.00000	0.0013	0.00000	0.9987
11	V	0.00000	0.0013	0.00000	0.9987
12	P	0.00000	0.0013	0.00000	0.99869
13	V	0.00000	0.0013	0.00000	0.9987
14	D	0.00000	0.0013	0.00000	0.9987
15	G	0.00000	0.0013	0.00000	0.9987
16	Q	0.00000	0.83942	0.00000	0.16058
17	V	0.00000	0.83954	0.00000	0.16045
18	D	0.00000	0.8396	0.00000	0.16041
19	T	0.00000	0.83959	0.00000	0.16041
20	T	0.00000	0.9128	0.00000	0.0872
21	K	0.00000	0.91281	0.00000	0.0872
22	A	0.00000	0.91284	0.00000	0.08715
23	V	0.00000	1	0.00000	0
24	I	0.00000	1	0.00000	0
25	T	0.00000	1	0.00000	0
26	L	0.00000	0.99996	0.00004	0
27	Q	0.00000	0.99994	0.00006	0
28	P	0.00000	0.99993	0.00007	0
29	P	0.00000	0.99993	0.00007	0
30	W	0.00000	0.99992	0.00008	0
31	V	0.00000	0.99992	0.00008	0
32	S	0.00000	0.99992	0.00008	0
33	V	0.00000	0.99992	0.00008	0
34	F	0.00000	0.99992	0.00008	0
35	Q	0.00000	0.99992	0.00008	0
36	E	0.00000	0.99992	0.00008	0
37	E	0.00000	0.99992	0.00008	0
38	T	0.00000	0.99769	0.00231	0
39	V	0.00000	0.99754	0.00246	0
40	T	0.00000	0.99753	0.00247	0
41	L	0.00000	0.99753	0.00247	0
42	H	0.00000	0.99753	0.00247	0
43	C	0.00000	0.99753	0.00247	0
44	E	0.00000	0.99753	0.00247	0
45	V	0.00000	0.9975	0.00250	0
46	L	0.00001	0.99749	0.00249	0
47	H	0.00006	0.99749	0.00244	0
48	L	0.00007	0.99749	0.00244	0
49	P	0.00008	0.99749	0.00243	0
50	G	0.00008	0.99749	0.00243	0
51	S	0.00008	0.99749	0.00243	0
52	S	0.00008	0.99738	0.00255	0
53	S	0.00008	0.99681	0.00311	0
54	T	0.00007	0.99584	0.00409	0
55	Q	0.00002	0.99579	0.00419	0
56	W	0.00000	0.99568	0.00432	0
57	F	0.00000	0.99563	0.00437	0
58	L	0.00004	0.99562	0.00434	0
59	N	0.00138	0.9956	0.00302	0
60	G	0.00182	0.99467	0.00350	0
61	T	0.00239	0.99117	0.00644	0
62	A	0.00239	0.98996	0.00765	0
63	T	0.00239	0.98834	0.00926	0
64	Q	0.00240	0.98416	0.01344	0
65	T	0.00240	0.97859	0.01901	0
66	S	0.00242	0.87087	0.12672	0
67	T	0.00242	0.35738	0.64020	0
68	P	0.00243	0.17379	0.82378	0
69	S	0.00161	0.02357	0.97482	0
70	Y	0.00053	0.0047	0.99477	0
71	R	0.00049	0.00394	0.99557	0
72	I	0.00016	0.00013	0.99970	0
73	T	0.00034	5e-05	0.99961	0
74	S	0.00059	5e-05	0.99935	0
75	A	0.00107	6e-05	0.99888	0
76	S	0.00112	6e-05	0.99882	0
77	V	0.00111	7e-05	0.99883	0
78	N	0.00132	8e-05	0.99860	0
79	D	0.00160	8e-05	0.99832	0
80	S	0.00166	8e-05	0.99827	0
81	G	0.00172	8e-05	0.99820	0
82	E	0.00239	8e-05	0.99753	0
83	Y	0.00248	8e-05	0.99744	0
84	R	0.00732	8e-05	0.99260	0
85	C	0.01107	8e-05	0.98885	0
86	Q	0.35098	8e-05	0.64894	0
87	R	0.63795	8e-05	0.36197	0
88	G	0.96549	8e-05	0.03444	0
89	L	0.97679	8e-05	0.02313	0
90	S	0.98304	9e-05	0.01687	0
91	G	0.98646	0.00177	0.01177	0
92	R	0.99637	0.0022	0.00143	0
93	S	0.99641	0.00231	0.00128	0
94	D	0.99645	0.00232	0.00123	0
95	P	0.99645	0.00232	0.00123	0
96	I	0.73454	0.00233	0.26313	0
97	Q	0.37481	0.00235	0.62284	0
98	L	0.23789	0.00236	0.75975	0
99	E	0.23116	0.00248	0.76636	0
100	I	0.09300	0.00259	0.90442	0
101	H	0.08502	0.00259	0.91239	0
102	R	0.08366	0.00259	0.91376	0
103	G	0.03972	0.00259	0.95769	0
104	W	0.00140	0.00256	0.99603	0
105	L	0.00000	0.00241	0.99759	0
106	L	0.00000	0.00241	0.99759	0
107	L	0.00000	0.00253	0.99747	0
108	Q	0.00000	0.00308	0.99692	0
109	V	0.00000	0.00321	0.99679	0
110	S	0.00000	0.00326	0.99674	0
111	S	0.00000	0.00327	0.99673	0
112	R	0.00000	0.00327	0.99673	0
113	V	0.00000	0.00328	0.99672	0
114	F	0.00000	0.00368	0.99632	0
115	T	0.00000	0.01935	0.98065	0
116	E	0.00000	0.18507	0.81493	0
117	G	0.00000	0.33926	0.66074	0
118	E	0.00000	0.5747	0.42530	0
119	P	0.00001	0.5914	0.40859	0
120	L	0.00001	0.61465	0.38534	0
121	A	0.00001	0.70337	0.29662	0
122	L	0.00001	0.82132	0.17868	0
123	R	0.00001	0.96457	0.03543	0
124	C	0.00001	0.99973	0.00027	0
125	H	0.00001	0.99973	0.00026	0
126	A	0.00002	0.99973	0.00025	0
127	W	0.00003	0.99973	0.00024	0
128	K	0.00025	0.99973	0.00002	0
129	D	0.00025	0.99973	0.00002	0
130	K	0.00027	0.99973	0.00001	0
131	L	0.00027	0.99973	0.00000	0
132	V	0.00027	0.99973	0.00000	0
133	Y	0.00027	0.99972	0.00000	0
134	N	0.00027	0.99972	0.00001	0
135	V	0.00027	0.16961	0.83012	0
136	L	0.00027	0.16327	0.83646	0
137	Y	0.00027	0.16173	0.83800	0
138	Y	0.00027	0.16119	0.83854	0
139	R	0.00027	0.16108	0.83865	0
140	N	0.00027	0.161	0.83873	0
141	G	0.00027	0.15857	0.84117	0
142	K	0.00026	0.15673	0.84301	0
143	A	0.00020	0.11406	0.88574	0
144	F	0.00005	0.00178	0.99817	0
145	K	0.00004	0.00042	0.99954	0
146	F	0.00000	0	1.00000	0
147	F	0.00000	0	1.00000	0
148	H	0.00000	0	1.00000	0
149	W	0.00000	0	1.00000	0
150	N	0.00000	0	1.00000	0
151	S	0.00000	0	1.00000	0
152	N	0.00000	0	1.00000	0
153	L	0.00000	0	1.00000	0
154	T	0.00001	0	0.99999	0
155	I	0.00050	0	0.99950	0
156	L	0.02990	0	0.97010	0
157	K	0.35312	1e-05	0.64688	0
158	T	0.54557	1e-05	0.45442	0
159	N	0.78131	1e-05	0.21869	0
160	I	0.82734	1e-05	0.17265	0
161	S	0.83627	1e-05	0.16373	0
162	H	0.85002	3e-05	0.14995	0
163	N	0.85706	0.00011	0.14283	0
164	G	0.90708	0.00018	0.09274	0
165	T	0.97969	0.00021	0.02010	0
166	Y	0.98857	0.00024	0.01119	0
167	H	0.99940	0.00027	0.00032	0
168	C	0.99968	0.00027	0.00004	0
169	S	0.99972	0.00027	0.00001	0
170	G	0.99973	0.00027	0.00000	0
171	M	0.99972	0.00027	0.00000	0
172	G	0.99970	0.00027	0.00003	0
173	K	0.99965	0.00027	0.00008	0
174	H	0.97300	0.00027	0.02673	0
175	R	0.91930	0.00027	0.08043	0
176	Y	0.41573	0.00027	0.58400	0
177	T	0.26973	0.00027	0.73000	0
178	S	0.16319	0.00027	0.83654	0
179	A	0.04231	0.00027	0.95742	0
180	G	0.02226	0.00027	0.97748	0
181	I	0.01530	5e-05	0.98465	0
182	S	0.00988	3e-05	0.99008	0
183	V	0.00057	3e-05	0.99940	0
184	T	0.00007	3e-05	0.99989	0
185	V	0.00000	3e-05	0.99997	0
186	K	0.00000	3e-05	0.99997	0
187	E	0.00000	2e-05	0.99998	0
188	L	0.00000	1e-05	0.99999	0
189	F	0.00000	1e-05	0.99999	0
190	P	0.00000	1e-05	0.99999	0
191	A	0.00000	1e-05	0.99999	0
192	P	0.00000	1e-05	0.99999	0
193	V	0.00000	9e-05	0.99991	0
194	L	0.00000	0.00232	0.99768	0
195	N	0.00000	0.05229	0.94771	0
196	A	0.00000	0.11085	0.88915	0
197	S	0.00000	0.30297	0.69703	0
198	V	0.00000	0.48424	0.51576	0
199	T	0.00000	0.83156	0.16844	0
200	S	0.00000	0.94894	0.05106	0
201	P	0.00000	0.97706	0.02294	0
202	L	0.00001	0.97979	0.02021	0
203	L	0.00003	0.98742	0.01255	0
204	E	0.00022	0.99972	0.00005	0
205	G	0.00023	0.99973	0.00004	0
206	N	0.00024	0.99973	0.00003	0
207	L	0.00024	0.99972	0.00004	0
208	V	0.00024	0.99964	0.00012	0
209	T	0.00024	0.99964	0.00012	0
210	L	0.00024	0.99924	0.00052	0
211	S	0.00025	0.99924	0.00052	0
212	C	0.00025	0.99924	0.00051	0
213	E	0.00027	0.99923	0.00050	0
214	T	0.00020	0.99916	0.00063	0
215	K	0.00014	0.97214	0.02773	0
216	L	0.00003	0.0192	0.98077	0
217	L	0.00003	2e-05	0.99995	0
218	L	0.00003	1e-05	0.99996	0
219	Q	0.00003	1e-05	0.99996	0
220	R	0.00003	1e-05	0.99996	0
221	P	0.00003	0	0.99996	0
222	G	0.00003	0	0.99997	0
223	L	0.00003	0	0.99997	0
224	Q	0.00003	0	0.99997	0
225	L	0.00003	0	0.99997	0
226	Y	0.00003	0	0.99997	0
227	F	0.00003	0	0.99997	0
228	S	0.00003	0	0.99997	0
229	F	0.00003	0	0.99997	0
230	Y	0.00003	0	0.99997	0
231	M	0.00012	0	0.99988	0
232	G	0.00021	0	0.99979	0
233	S	0.00037	1e-05	0.99962	0
234	K	0.00053	9e-05	0.99938	0
235	T	0.00075	0.0001	0.99915	0
236	L	0.00197	0.0001	0.99792	0
237	R	0.14164	0.0002	0.85816	0
238	G	0.28012	0.00022	0.71966	0
239	R	0.99012	0.00024	0.00964	0
240	N	0.99733	0.00024	0.00243	0
241	T	0.99930	0.00024	0.00046	0
242	S	0.99976	0.00024	0.00000	0
243	S	0.99976	0.00024	0.00000	0
244	E	0.99976	0.00024	0.00000	0
245	Y	0.99976	0.00024	0.00000	0
246	Q	0.99976	0.00024	0.00000	0
247	I	0.99972	0.00024	0.00004	0
248	L	0.99972	0.00024	0.00004	0
249	T	0.99972	0.00024	0.00004	0
250	A	0.99972	0.00024	0.00004	0
251	R	0.99972	0.00024	0.00004	0
252	R	0.99972	0.00024	0.00004	0
253	E	0.99972	0.00024	0.00004	0
254	D	0.99972	0.00024	0.00004	0
255	S	0.99972	0.00024	0.00004	0
256	G	0.99972	0.00024	0.00004	0
257	L	0.99972	0.00024	0.00004	0
258	Y	0.99972	0.00024	0.00004	0
259	W	0.99972	0.00024	0.00004	0
260	C	0.99972	0.00024	0.00004	0
261	E	0.99972	0.00024	0.00004	0
262	A	0.99972	0.00024	0.00004	0
263	A	0.99972	0.00024	0.00004	0
264	T	0.99972	0.00024	0.00004	0
265	E	0.99972	0.00024	0.00004	0
266	D	0.99972	0.00027	0.00001	0
267	G	0.97378	0.00027	0.02594	0
268	N	0.63694	0.00027	0.36279	0
269	V	0.00040	0.00027	0.99933	0
270	L	0.00000	0.00027	0.99972	0
271	K	0.00000	0.00028	0.99972	0
272	R	0.00000	0.00028	0.99972	0
273	S	0.00000	0.00028	0.99972	0
274	P	0.00000	0.00028	0.99972	0
275	E	0.00000	0.00028	0.99972	0
276	L	0.00000	0.00028	0.99972	0
277	E	0.00000	0.00028	0.99972	0
278	L	0.00000	0.00028	0.99972	0
279	Q	0.00000	0.00028	0.99972	0
280	V	0.00000	0.00028	0.99972	0
281	L	0.00000	0.00028	0.99972	0
282	G	0.00000	0.00028	0.99972	0
283	L	0.00000	0.00028	0.99972	0
284	Q	0.00000	0.00028	0.99972	0
285	L	0.00000	0.00029	0.99971	0
286	P	0.00000	0.0023	0.99770	0
287	T	0.00000	0.01718	0.98282	0
288	P	0.00000	0.14391	0.85609	0
289	V	0.00000	0.25989	0.74011	0
290	W	0.00000	0.46638	0.53362	0
291	F	0.00000	0.6736	0.32640	0
292	H	0.00000	0.79993	0.20007	0
293	V	0.00000	0.25655	0.74345	0
294	L	0.00000	0.0241	0.97590	0
295	F	0.00000	3e-05	0.99997	0
296	Y	0.00000	0	1.00000	0
297	L	0.00000	0	1.00000	0
298	A	0.00000	0	1.00000	0
299	V	0.00000	0	1.00000	0
300	G	0.00000	0	1.00000	0
301	I	0.00000	0	1.00000	0
302	M	0.00000	0	1.00000	0
303	F	0.00000	0	1.00000	0
304	L	0.00000	0	1.00000	0
305	V	0.00000	0	1.00000	0
306	N	0.00000	0	1.00000	0
307	T	0.00000	0	1.00000	0
308	V	0.00000	0	1.00000	0
309	L	0.00039	0	0.99961	0
310	W	0.00154	0	0.99846	0
311	V	0.00583	0	0.99417	0
312	T	0.04929	0	0.95071	0
313	I	0.35392	0	0.64608	0
314	R	1.00000	0	0.00000	0
315	K	1.00000	0	0.00000	0
316	E	1.00000	0	0.00000	0
317	L	1.00000	0	0.00000	0
318	K	1.00000	0	0.00000	0
319	R	1.00000	0	0.00000	0
320	K	1.00000	0	0.00000	0
321	K	1.00000	0	0.00000	0
322	K	1.00000	0	0.00000	0
323	W	1.00000	0	0.00000	0
324	D	1.00000	0	0.00000	0
325	L	1.00000	0	0.00000	0
326	E	1.00000	0	0.00000	0
327	I	1.00000	0	0.00000	0
328	S	1.00000	0	0.00000	0
329	L	1.00000	0	0.00000	0
330	D	1.00000	0	0.00000	0
331	S	1.00000	0	0.00000	0
332	G	1.00000	0	0.00000	0
333	H	1.00000	0	0.00000	0
334	E	1.00000	0	0.00000	0
335	K	1.00000	0	0.00000	0
336	K	1.00000	0	0.00000	0
337	V	1.00000	0	0.00000	0
338	I	1.00000	0	0.00000	0
339	S	1.00000	0	0.00000	0
340	S	1.00000	0	0.00000	0
341	L	1.00000	0	0.00000	0
342	Q	1.00000	0	0.00000	0
343	E	1.00000	0	0.00000	0
344	D	1.00000	0	0.00000	0
345	R	1.00000	0	0.00000	0
346	H	1.00000	0	0.00000	0
347	L	1.00000	0	0.00000	0
348	E	1.00000	0	0.00000	0
349	E	1.00000	0	0.00000	0
350	E	1.00000	0	0.00000	0
351	L	1.00000	0	0.00000	0
352	K	1.00000	0	0.00000	0
353	C	1.00000	0	0.00000	0
354	Q	1.00000	0	0.00000	0
355	E	1.00000	0	0.00000	0
356	Q	1.00000	0	0.00000	0
357	K	1.00000	0	0.00000	0
358	E	1.00000	0	0.00000	0
359	E	1.00000	0	0.00000	0
360	Q	1.00000	0	0.00000	0
361	L	1.00000	0	0.00000	0
362	Q	1.00000	0	0.00000	0
363	E	1.00000	0	0.00000	0
364	G	1.00000	0	0.00000	0
365	V	1.00000	0	0.00000	0
366	H	1.00000	0	0.00000	0
367	R	1.00000	0	0.00000	0
368	K	1.00000	0	0.00000	0
369	E	1.00000	0	0.00000	0
370	P	1.00000	0	0.00000	0
371	Q	1.00000	0	0.00000	0
372	G	1.00000	0	0.00000	0
373	A	1.00000	0	0.00000	0
374	T	1.00000	0	0.00000	0
