# UNNAMED
#pos	aa	i	o	M	S
1	M	0.00000	1	0.00000	0
2	D	0.00000	1	0.00000	0
3	P	0.00000	1	0.00000	0
4	Q	0.00000	0.99925	0.00075	0
5	C	0.00000	0.99046	0.00954	0
6	T	0.00000	0.93345	0.06655	0
7	M	0.00000	0.92844	0.07156	0
8	G	0.00000	0.88903	0.11096	0
9	L	0.00000	0.84344	0.15656	0
10	S	0.00000	0.80666	0.19334	0
11	N	0.00000	0.71137	0.28863	0
12	I	0.00000	0.02808	0.97192	0
13	L	0.00000	0.00362	0.99638	0
14	F	0.00000	4e-05	0.99996	0
15	V	0.00000	0	1.00000	0
16	M	0.00000	0	1.00000	0
17	A	0.00000	0	1.00000	0
18	F	0.00000	0	1.00000	0
19	L	0.00000	0	1.00000	0
20	L	0.00000	0	1.00000	0
21	S	0.00000	0	1.00000	0
22	G	0.00000	0	1.00000	0
23	A	0.00000	0	1.00000	0
24	A	0.00001	0	0.99998	0
25	P	0.00042	0	0.99957	0
26	L	0.00059	0	0.99941	0
27	K	0.00950	0	0.99050	0
28	I	0.01302	0	0.98698	0
29	Q	0.10626	0	0.89374	0
30	A	0.11608	0	0.88392	0
31	Y	0.21768	0	0.78232	0
32	F	0.86544	0	0.13456	0
33	N	0.99491	0	0.00509	0
34	E	0.99977	0	0.00022	0
35	T	0.99997	0	0.00003	0
36	A	0.99999	0	0.00000	0
37	D	0.99999	0	0.00001	0
38	L	0.99997	0	0.00003	0
39	P	0.99997	0	0.00003	0
40	C	0.08300	0	0.91700	0
41	Q	0.05486	0	0.94514	0
42	F	0.01208	0	0.98792	0
43	A	0.00796	0	0.99204	0
44	N	0.00174	0	0.99826	0
45	S	0.00129	0	0.99871	0
46	Q	0.00028	0	0.99972	0
47	N	0.00008	0	0.99992	0
48	Q	0.00006	0	0.99994	0
49	S	0.00002	0	0.99997	0
50	L	0.00000	0	1.00000	0
51	S	0.00000	0	1.00000	0
52	E	0.00000	0	1.00000	0
53	L	0.00000	0	1.00000	0
54	V	0.00000	0	1.00000	0
55	V	0.00000	0	1.00000	0
56	F	0.00000	0	1.00000	0
57	W	0.00000	0.00019	0.99981	0
58	Q	0.00000	0.08679	0.91321	0
59	D	0.00000	0.75705	0.24295	0
60	Q	0.00000	0.87762	0.12238	0
61	E	0.00000	0.97882	0.02118	0
62	N	0.00000	0.9904	0.00960	0
63	L	0.00000	0.99059	0.00941	0
64	V	0.00000	0.99078	0.00922	0
65	L	0.00000	0.99571	0.00429	0
66	N	0.00000	0.99913	0.00087	0
67	E	0.00000	0.99953	0.00047	0
68	V	0.00000	0.99958	0.00042	0
69	Y	0.00000	0.99977	0.00023	0
70	L	0.00000	0.9998	0.00020	0
71	G	0.00000	0.99988	0.00012	0
72	K	0.00000	0.99997	0.00003	0
73	E	0.00000	0.99998	0.00002	0
74	K	0.00000	0.99277	0.00722	0
75	F	0.00000	0.60938	0.39062	0
76	D	0.00000	0.60756	0.39243	0
77	S	0.00000	0.60387	0.39613	0
78	V	0.00000	0.5735	0.42650	0
79	H	0.00000	0.57176	0.42824	0
80	S	0.00000	0.57146	0.42854	0
81	K	0.00000	0.39538	0.60462	0
82	Y	0.00000	0.15253	0.84747	0
83	M	0.00000	0.15095	0.84905	0
84	G	0.00000	0.15067	0.84933	0
85	R	0.00000	0.11754	0.88246	0
86	T	0.00000	0.11603	0.88397	0
87	S	0.00000	0.00967	0.99033	0
88	F	0.00000	4e-05	0.99996	0
89	D	0.00000	1e-05	0.99999	0
90	S	0.00002	1e-05	0.99997	0
91	D	0.00002	1e-05	0.99997	0
92	S	0.00003	1e-05	0.99996	0
93	W	0.00814	0	0.99186	0
94	T	0.33619	0	0.66381	0
95	L	0.33849	0	0.66151	0
96	R	0.36829	0	0.63171	0
97	L	0.36847	0	0.63153	0
98	H	0.37621	0	0.62378	0
99	N	0.42037	0	0.57963	0
100	L	0.43724	0	0.56275	0
101	Q	0.83543	0	0.16457	0
102	I	0.83676	0	0.16324	0
103	K	0.84149	0	0.15851	0
104	D	0.84192	0	0.15808	0
105	K	0.86117	0	0.13883	0
106	G	0.86223	0	0.13777	0
107	L	0.74239	0	0.25760	0
108	Y	0.77315	0	0.22685	0
109	Q	0.77202	0	0.22798	0
110	C	0.65519	0	0.34480	0
111	I	0.65508	0	0.34491	0
112	I	0.65505	0	0.34495	0
113	H	0.65505	0	0.34494	0
114	H	0.65506	0	0.34494	0
115	K	0.65506	0	0.34494	0
116	K	0.65504	0	0.34496	0
117	P	0.65448	0	0.34552	0
118	T	0.29735	0	0.70265	0
119	G	0.19324	0	0.80676	0
120	M	0.00851	0	0.99149	0
121	I	0.00516	0	0.99484	0
122	R	0.00506	0	0.99494	0
123	I	0.00207	0	0.99793	0
124	H	0.00199	0.00011	0.99790	0
125	Q	0.00186	0.0074	0.99074	0
126	M	0.00102	0.01575	0.98323	0
127	N	0.00068	0.22468	0.77464	0
128	S	0.00042	0.23032	0.76926	0
129	E	0.00019	0.34216	0.65766	0
130	L	0.00001	0.34291	0.65708	0
131	S	0.00000	0.34468	0.65531	0
132	V	0.00000	0.34484	0.65516	0
133	L	0.00000	0.34487	0.65513	0
134	A	0.00000	0.34492	0.65508	0
135	N	0.00000	0.34494	0.65506	0
136	F	0.00000	0.34509	0.65491	0
137	S	0.00000	0.42947	0.57053	0
138	Q	0.00000	0.75427	0.24573	0
139	P	0.00000	0.95074	0.04926	0
140	E	0.00000	0.98952	0.01048	0
141	I	0.00000	0.7352	0.26479	0
142	V	0.00000	0.73357	0.26643	0
143	P	0.00000	0.73424	0.26576	0
144	I	0.00000	0.65279	0.34720	0
145	S	0.00000	0.65446	0.34554	0
146	N	0.00000	0.65501	0.34499	0
147	I	0.00000	0.6551	0.34490	0
148	T	0.00000	0.6556	0.34440	0
149	E	0.00000	0.65529	0.34471	0
150	N	0.00000	0.65125	0.34875	0
151	V	0.00000	0.23616	0.76384	0
152	Y	0.00000	0.04512	0.95488	0
153	I	0.00000	0.01394	0.98606	0
154	N	0.00000	0.01155	0.98845	0
155	L	0.00000	0.01139	0.98861	0
156	T	0.00000	0.01035	0.98965	0
157	C	0.00000	0.00985	0.99015	0
158	S	0.00000	0.00968	0.99032	0
159	S	0.00000	0.00846	0.99154	0
160	I	0.00000	0.00554	0.99446	0
161	H	0.00003	0.0055	0.99446	0
162	G	0.00065	0.00484	0.99451	0
163	Y	0.00390	0.0027	0.99340	0
164	P	0.21110	0.00268	0.78621	0
165	E	0.33042	0.00265	0.66693	0
166	P	0.34335	0.00263	0.65402	0
167	K	0.34349	0.00263	0.65389	0
168	K	0.34351	0.00263	0.65386	0
169	M	0.34351	0.00073	0.65576	0
170	S	0.34352	0.00073	0.65576	0
171	V	0.34355	0.00072	0.65573	0
172	L	0.39100	0.00072	0.60827	0
173	L	0.56686	0.00072	0.43242	0
174	R	0.87114	0.00072	0.12814	0
175	T	0.91900	0.00072	0.08028	0
176	K	0.98578	0.00072	0.01349	0
177	N	0.98887	0.00072	0.01041	0
178	S	0.98966	0.00072	0.00962	0
179	T	0.99030	0.00072	0.00897	0
180	I	0.99033	0.00072	0.00895	0
181	E	0.99318	0.00072	0.00609	0
182	Y	0.99323	0.00072	0.00605	0
183	D	0.99432	0.00072	0.00496	0
184	G	0.99443	0.00072	0.00485	0
185	V	0.99466	0.00072	0.00462	0
186	M	0.99598	0.00072	0.00330	0
187	Q	0.99737	0.00072	0.00191	0
188	K	0.99747	0.00072	0.00181	0
189	S	0.99781	0.00072	0.00147	0
190	Q	0.99924	0.00072	0.00004	0
191	D	0.99927	0.00072	0.00001	0
192	N	0.99927	0.00072	0.00001	0
193	V	0.99927	0	0.00073	0
194	T	0.99927	0	0.00073	0
195	E	0.99927	0	0.00073	0
196	L	0.99927	0	0.00073	0
197	Y	0.99927	0	0.00073	0
198	D	0.99927	0	0.00073	0
199	V	0.08002	0	0.91998	0
200	S	0.05738	0	0.94262	0
201	I	0.00003	0	0.99997	0
202	S	0.00002	0	0.99998	0
203	L	0.00000	0	1.00000	0
204	S	0.00000	0	1.00000	0
205	V	0.00000	0	1.00000	0
206	S	0.00000	0	1.00000	0
207	F	0.00000	0	1.00000	0
208	P	0.00000	0	1.00000	0
209	D	0.00000	0	0.99999	0
210	V	0.00000	0	0.99999	0
211	T	0.00000	0	0.99999	0
212	S	0.00000	0	0.99999	0
213	N	0.00001	0	0.99999	0
214	M	0.00022	0	0.99978	0
215	T	0.00069	0	0.99930	0
216	I	0.00072	0	0.99927	0
217	F	0.00072	1e-05	0.99926	0
218	C	0.00072	0.00467	0.99461	0
219	I	0.00072	0.01087	0.98841	0
220	L	0.00072	0.07678	0.92250	0
221	E	0.00072	0.90765	0.09163	0
222	T	0.00072	0.96088	0.03839	0
223	D	0.00072	0.99835	0.00093	0
224	K	0.00019	0.99925	0.00056	0
225	T	0.00000	0.99927	0.00073	0
226	R	0.00000	0.99927	0.00073	0
227	L	0.00000	0.99927	0.00073	0
228	L	0.00000	0.99927	0.00073	0
229	S	0.00000	0.99927	0.00073	0
230	S	0.00000	0.99927	0.00073	0
231	P	0.00000	0.99927	0.00073	0
232	F	0.00000	0.99927	0.00073	0
233	S	0.00000	0.99927	0.00073	0
234	I	0.00000	0.99927	0.00073	0
235	E	0.00000	0.99927	0.00073	0
236	L	0.00000	0.99927	0.00073	0
237	E	0.00000	0.99927	0.00073	0
238	D	0.00000	0.99927	0.00073	0
239	P	0.00000	0.99927	0.00073	0
240	Q	0.00000	0.99927	0.00073	0
241	P	0.00000	0.99927	0.00073	0
242	P	0.00000	0.99928	0.00072	0
243	P	0.00000	0.99933	0.00067	0
244	D	0.00000	0.99694	0.00306	0
245	H	0.00000	0.89149	0.10851	0
246	I	0.00000	0.52749	0.47251	0
247	P	0.00000	0.46937	0.53063	0
248	W	0.00000	0.05495	0.94505	0
249	I	0.00000	0.00018	0.99982	0
250	T	0.00000	0	1.00000	0
251	A	0.00000	0	1.00000	0
252	V	0.00000	0	1.00000	0
253	L	0.00000	0	1.00000	0
254	P	0.00000	0	1.00000	0
255	T	0.00000	0	1.00000	0
256	V	0.00000	0	1.00000	0
257	I	0.00000	0	1.00000	0
258	I	0.00000	0	1.00000	0
259	C	0.00000	0	1.00000	0
260	V	0.00000	0	1.00000	0
261	M	0.00000	0	1.00000	0
262	V	0.00000	0	1.00000	0
263	F	0.00001	0	0.99999	0
264	C	0.00023	0	0.99977	0
265	L	0.00111	0	0.99889	0
266	I	0.00856	0	0.99144	0
267	L	0.08390	0	0.91610	0
268	W	0.67823	0	0.32177	0
269	K	1.00000	0	0.00000	0
270	W	1.00000	0	0.00000	0
271	K	1.00000	0	0.00000	0
272	K	1.00000	0	0.00000	0
273	K	1.00000	0	0.00000	0
274	K	1.00000	0	0.00000	0
275	R	1.00000	0	0.00000	0
276	P	1.00000	0	0.00000	0
277	R	1.00000	0	0.00000	0
278	N	1.00000	0	0.00000	0
279	S	1.00000	0	0.00000	0
280	Y	1.00000	0	0.00000	0
281	K	1.00000	0	0.00000	0
282	C	1.00000	0	0.00000	0
283	G	1.00000	0	0.00000	0
284	T	1.00000	0	0.00000	0
285	N	1.00000	0	0.00000	0
286	T	1.00000	0	0.00000	0
287	M	1.00000	0	0.00000	0
288	E	1.00000	0	0.00000	0
289	R	1.00000	0	0.00000	0
290	E	1.00000	0	0.00000	0
291	E	1.00000	0	0.00000	0
292	S	1.00000	0	0.00000	0
293	E	1.00000	0	0.00000	0
294	Q	1.00000	0	0.00000	0
295	T	1.00000	0	0.00000	0
296	K	1.00000	0	0.00000	0
297	K	1.00000	0	0.00000	0
298	R	1.00000	0	0.00000	0
299	E	1.00000	0	0.00000	0
300	K	1.00000	0	0.00000	0
301	I	1.00000	0	0.00000	0
302	H	1.00000	0	0.00000	0
303	I	1.00000	0	0.00000	0
304	P	1.00000	0	0.00000	0
305	E	1.00000	0	0.00000	0
306	R	1.00000	0	0.00000	0
307	S	1.00000	0	0.00000	0
308	D	1.00000	0	0.00000	0
309	E	1.00000	0	0.00000	0
310	A	1.00000	0	0.00000	0
311	Q	1.00000	0	0.00000	0
312	R	1.00000	0	0.00000	0
313	V	1.00000	0	0.00000	0
314	F	1.00000	0	0.00000	0
315	K	1.00000	0	0.00000	0
316	S	1.00000	0	0.00000	0
317	S	1.00000	0	0.00000	0
318	K	1.00000	0	0.00000	0
319	T	1.00000	0	0.00000	0
320	S	1.00000	0	0.00000	0
321	S	1.00000	0	0.00000	0
322	C	1.00000	0	0.00000	0
323	D	1.00000	0	0.00000	0
324	K	1.00000	0	0.00000	0
325	S	1.00000	0	0.00000	0
326	D	1.00000	0	0.00000	0
327	T	1.00000	0	0.00000	0
328	C	1.00000	0	0.00000	0
329	F	1.00000	0	0.00000	0
