# UNNAMED
#pos	aa	i	o	M	S
1	M	0.00000	0.99854	0.00000	0.00146
2	T	0.00000	0.99854	0.00000	0.00146
3	I	0.00000	0.99854	0.00000	0.00146
4	L	0.00000	0.99854	0.00000	0.00145
5	L	0.00000	0.99854	0.00000	0.00145
6	N	0.00000	0.99854	0.00000	0.00146
7	S	0.00000	0.99854	0.00000	0.00146
8	S	0.00000	0.99854	0.00000	0.00146
9	L	0.00000	0.99854	0.00000	0.00146
10	Q	0.00000	0.99854	0.00000	0.00146
11	R	0.00000	0.99854	0.00000	0.00146
12	A	0.00000	0.99854	0.00000	0.00146
13	T	0.00000	0.99854	0.00000	0.00145
14	F	0.00000	0.99854	0.00000	0.00145
15	F	0.00000	0.99863	0.00000	0.00137
16	L	0.00000	0.99864	0.00000	0.00137
17	T	0.00000	0.99864	0.00000	0.00136
18	G	0.00000	0.99864	0.00000	0.00137
19	F	0.00000	0.99953	0.00000	0.00047
20	Q	0.00000	0.99953	0.00000	0.00046
21	G	0.00000	0.99981	0.00000	0.00019
22	L	0.00000	0.99981	0.00000	0.00019
23	E	0.00000	0.99981	0.00000	0.00019
24	G	0.00000	0.99711	0.00271	0.00018
25	L	0.00000	0.97722	0.02269	9e-05
26	H	0.00000	0.96869	0.03123	9e-05
27	G	0.00000	0.92888	0.07104	9e-05
28	W	0.00000	0.49842	0.50159	0
29	I	0.00000	0.30622	0.69378	0
30	S	0.00000	0.30251	0.69749	0
31	I	0.00000	0.28378	0.71622	0
32	P	0.00000	0.28015	0.71985	0
33	F	0.00000	0.03364	0.96636	0
34	C	0.00000	0.022	0.97800	0
35	F	0.00000	0.00034	0.99966	0
36	I	0.00000	0	1.00000	0
37	Y	0.00000	0	1.00000	0
38	L	0.00000	0	1.00000	0
39	T	0.00000	0	1.00000	0
40	V	0.00000	0	1.00000	0
41	I	0.00000	0	1.00000	0
42	L	0.00000	0	1.00000	0
43	G	0.00000	0	1.00000	0
44	N	0.00000	0	1.00000	0
45	L	0.00000	0	1.00000	0
46	T	0.00000	0	1.00000	0
47	I	0.00000	0	1.00000	0
48	L	0.00002	0	0.99998	0
49	H	0.00068	0	0.99932	0
50	V	0.00505	0	0.99495	0
51	I	0.02464	0	0.97536	0
52	C	0.39621	0	0.60379	0
53	T	0.88541	0	0.11459	0
54	D	0.99984	0	0.00016	0
55	A	0.99992	0	0.00008	0
56	T	0.99999	0	0.00001	0
57	L	0.99999	0	0.00001	0
58	H	1.00000	0	0.00000	0
59	G	1.00000	0	0.00000	0
60	P	1.00000	0	0.00000	0
61	M	0.55630	0	0.44370	0
62	Y	0.39669	0	0.60331	0
63	Y	0.14687	0	0.85313	0
64	F	0.00163	0	0.99837	0
65	L	0.00008	0	0.99992	0
66	G	0.00002	0	0.99998	0
67	M	0.00000	0	1.00000	0
68	L	0.00000	0	1.00000	0
69	A	0.00000	0	1.00000	0
70	V	0.00000	0	1.00000	0
71	T	0.00000	0	1.00000	0
72	D	0.00000	0	1.00000	0
73	L	0.00000	0	1.00000	0
74	G	0.00000	0	1.00000	0
75	L	0.00000	0	1.00000	0
76	C	0.00000	0	1.00000	0
77	L	0.00000	0	1.00000	0
78	S	0.00000	0	1.00000	0
79	T	0.00000	0	1.00000	0
80	L	0.00000	0	1.00000	0
81	P	0.00000	1e-05	0.99999	0
82	T	0.00000	0.00704	0.99296	0
83	V	0.00000	0.01412	0.98588	0
84	L	0.00000	0.12144	0.87856	0
85	G	0.00000	0.55134	0.44866	0
86	I	0.00000	0.98536	0.01464	0
87	F	0.00000	0.98648	0.01352	0
88	W	0.00000	0.98999	0.01001	0
89	F	0.00000	0.99282	0.00718	0
90	D	0.00000	0.99992	0.00008	0
91	T	0.00000	0.99999	0.00001	0
92	R	0.00000	1	0.00000	0
93	E	0.00000	1	0.00000	0
94	I	0.00000	1	0.00000	0
95	G	0.00000	1	0.00000	0
96	I	0.00000	1	0.00000	0
97	P	0.00000	1	0.00000	0
98	A	0.00000	0.99997	0.00003	0
99	C	0.00000	0.99991	0.00009	0
100	F	0.00000	0.99707	0.00293	0
101	T	0.00000	0.99489	0.00511	0
102	Q	0.00000	0.97588	0.02412	0
103	L	0.00000	0.09502	0.90498	0
104	F	0.00000	0.00732	0.99268	0
105	F	0.00000	9e-05	0.99991	0
106	I	0.00000	0	1.00000	0
107	H	0.00000	0	1.00000	0
108	T	0.00000	0	1.00000	0
109	L	0.00000	0	1.00000	0
110	S	0.00000	0	1.00000	0
111	S	0.00000	0	1.00000	0
112	M	0.00000	0	1.00000	0
113	E	0.00000	0	1.00000	0
114	S	0.00000	0	1.00000	0
115	S	0.00000	0	1.00000	0
116	V	0.00000	0	1.00000	0
117	L	0.00000	0	1.00000	0
118	L	0.00000	0	1.00000	0
119	S	0.00000	0	1.00000	0
120	M	0.00000	0	1.00000	0
121	S	0.00000	0	1.00000	0
122	I	0.00000	0	1.00000	0
123	D	0.00001	0	0.99999	0
124	R	0.00380	0	0.99620	0
125	Y	0.06894	0	0.93106	0
126	V	0.94049	0	0.05951	0
127	A	0.99576	0	0.00424	0
128	V	1.00000	0	0.00000	0
129	C	1.00000	0	0.00000	0
130	N	1.00000	0	0.00000	0
131	P	1.00000	0	0.00000	0
132	L	1.00000	0	0.00000	0
133	H	1.00000	0	0.00000	0
134	D	1.00000	0	0.00000	0
135	S	1.00000	0	0.00000	0
136	T	1.00000	0	0.00000	0
137	V	1.00000	0	0.00000	0
138	L	0.99998	0	0.00002	0
139	T	0.99997	0	0.00003	0
140	P	0.99968	0	0.00032	0
141	A	0.66154	0	0.33846	0
142	C	0.02251	0	0.97749	0
143	I	0.00655	0	0.99345	0
144	V	0.00161	0	0.99839	0
145	K	0.00146	0	0.99854	0
146	M	0.00097	0	0.99903	0
147	G	0.00093	0	0.99907	0
148	L	0.00079	0	0.99921	0
149	S	0.00012	0	0.99988	0
150	S	0.00001	0	0.99999	0
151	V	0.00000	0	1.00000	0
152	L	0.00000	0	1.00000	0
153	R	0.00000	0	1.00000	0
154	S	0.00000	0	1.00000	0
155	A	0.00000	0	1.00000	0
156	L	0.00000	0	1.00000	0
157	L	0.00000	0	1.00000	0
158	I	0.00000	1e-05	0.99999	0
159	L	0.00000	1e-05	0.99999	0
160	P	0.00000	0.00169	0.99831	0
161	L	0.00000	0.00634	0.99366	0
162	P	0.00000	0.07304	0.92696	0
163	F	0.00000	0.10135	0.89865	0
164	L	0.00000	0.21375	0.78625	0
165	L	0.00000	0.42417	0.57583	0
166	K	0.00000	0.9976	0.00240	0
167	R	0.00000	0.99902	0.00098	0
168	F	0.00000	0.99907	0.00093	0
169	Q	0.00000	0.99954	0.00046	0
170	Y	0.00000	0.99973	0.00027	0
171	C	0.00000	0.99998	0.00002	0
172	H	0.00000	1	0.00000	0
173	S	0.00000	1	0.00000	0
174	H	0.00000	1	0.00000	0
175	V	0.00000	1	0.00000	0
176	L	0.00000	1	0.00000	0
177	A	0.00000	1	0.00000	0
178	H	0.00000	1	0.00000	0
179	A	0.00000	1	0.00000	0
180	Y	0.00000	1	0.00000	0
181	C	0.00000	1	0.00000	0
182	L	0.00000	1	0.00000	0
183	H	0.00000	0.99999	0.00001	0
184	L	0.00000	0.99999	0.00001	0
185	E	0.00000	0.99999	0.00001	0
186	I	0.00000	0.99997	0.00003	0
187	M	0.00000	0.99997	0.00003	0
188	K	0.00000	0.99997	0.00003	0
189	L	0.00000	0.99997	0.00003	0
190	A	0.00000	0.99997	0.00003	0
191	C	0.00000	0.99997	0.00003	0
192	S	0.00000	0.99971	0.00029	0
193	S	0.00000	0.99039	0.00961	0
194	I	0.00000	0.98832	0.01168	0
195	I	0.00000	0.97629	0.02371	0
196	V	0.00000	0.91304	0.08696	0
197	N	0.00000	0.91245	0.08755	0
198	H	0.00000	0.89036	0.10964	0
199	I	0.00000	0.51651	0.48349	0
200	Y	0.00000	0.39837	0.60163	0
201	G	0.00000	0.32873	0.67127	0
202	L	0.00000	0.00191	0.99809	0
203	F	0.00000	0.00018	0.99982	0
204	V	0.00000	0.00011	0.99989	0
205	V	0.00000	4e-05	0.99996	0
206	A	0.00000	3e-05	0.99997	0
207	C	0.00000	0	1.00000	0
208	T	0.00001	0	0.99999	0
209	V	0.00001	0	0.99999	0
210	G	0.00002	0	0.99998	0
211	V	0.00002	0	0.99998	0
212	D	0.00003	0	0.99997	0
213	S	0.00003	0	0.99997	0
214	L	0.00003	0	0.99997	0
215	L	0.00003	0	0.99997	0
216	I	0.00005	0	0.99995	0
217	F	0.00019	0	0.99981	0
218	L	0.00141	0	0.99859	0
219	S	0.01532	0	0.98468	0
220	Y	0.01771	0	0.98229	0
221	A	0.02949	0	0.97051	0
222	L	0.03599	0	0.96401	0
223	I	0.05838	0	0.94162	0
224	L	0.15001	0	0.84999	0
225	R	0.98473	0	0.01527	0
226	T	0.99235	0	0.00765	0
227	V	0.99384	0	0.00616	0
228	L	0.99666	0	0.00334	0
229	S	0.99984	0	0.00016	0
230	I	1.00000	0	0.00000	0
231	A	1.00000	0	0.00000	0
232	S	1.00000	0	0.00000	0
233	H	1.00000	0	0.00000	0
234	Q	1.00000	0	0.00000	0
235	E	1.00000	0	0.00000	0
236	R	0.99805	0	0.00195	0
237	L	0.90031	0	0.09969	0
238	R	0.85316	0	0.14684	0
239	A	0.76555	0	0.23445	0
240	L	0.54645	0	0.45355	0
241	N	0.41029	0	0.58971	0
242	T	0.39949	0	0.60051	0
243	C	0.05968	0	0.94032	0
244	V	0.03783	0	0.96217	0
245	S	0.02794	0	0.97206	0
246	H	0.02767	0	0.97233	0
247	I	0.00620	0	0.99380	0
248	C	0.00341	0	0.99659	0
249	A	0.00000	0	1.00000	0
250	V	0.00000	0	1.00000	0
251	L	0.00000	0	1.00000	0
252	L	0.00000	0	1.00000	0
253	F	0.00000	0	1.00000	0
254	Y	0.00000	0	1.00000	0
255	I	0.00000	0	1.00000	0
256	P	0.00000	2e-05	0.99998	0
257	M	0.00000	9e-05	0.99991	0
258	I	0.00000	0.00189	0.99811	0
259	G	0.00000	0.01742	0.98258	0
260	L	0.00000	0.02004	0.97996	0
261	S	0.00000	0.04017	0.95983	0
262	L	0.00000	0.06798	0.93202	0
263	V	0.00000	0.16227	0.83773	0
264	H	0.00000	0.50105	0.49895	0
265	R	0.00000	0.81371	0.18629	0
266	F	0.00000	0.83169	0.16831	0
267	G	0.00000	0.95528	0.04472	0
268	E	0.00000	0.99713	0.00287	0
269	H	0.00000	0.99967	0.00033	0
270	L	0.00000	0.99638	0.00362	0
271	P	0.00000	0.99489	0.00511	0
272	R	0.00000	0.94444	0.05556	0
273	V	0.00000	0.58921	0.41079	0
274	V	0.00000	0.08482	0.91518	0
275	H	0.00000	0.06447	0.93553	0
276	L	0.00000	0.0099	0.99010	0
277	F	0.00000	0.00047	0.99953	0
278	M	0.00000	0	1.00000	0
279	S	0.00000	0	1.00000	0
280	Y	0.00000	0	1.00000	0
281	V	0.00000	0	1.00000	0
282	Y	0.00000	0	1.00000	0
283	L	0.00000	0	1.00000	0
284	L	0.00000	0	1.00000	0
285	V	0.00000	0	1.00000	0
286	P	0.00000	0	1.00000	0
287	P	0.00000	0	1.00000	0
288	L	0.00000	0	1.00000	0
289	M	0.00000	0	1.00000	0
290	N	0.00000	0	1.00000	0
291	P	0.00000	0	1.00000	0
292	I	0.00002	0	0.99998	0
293	I	0.00081	0	0.99919	0
294	Y	0.01083	0	0.98917	0
295	S	0.05521	0	0.94479	0
296	I	0.10922	0	0.89078	0
297	K	1.00000	0	0.00000	0
298	T	1.00000	0	0.00000	0
299	K	1.00000	0	0.00000	0
300	Q	1.00000	0	0.00000	0
301	I	1.00000	0	0.00000	0
302	R	1.00000	0	0.00000	0
303	Q	1.00000	0	0.00000	0
304	R	1.00000	0	0.00000	0
305	I	1.00000	0	0.00000	0
306	I	1.00000	0	0.00000	0
307	K	1.00000	0	0.00000	0
308	K	1.00000	0	0.00000	0
309	F	1.00000	0	0.00000	0
310	Q	1.00000	0	0.00000	0
311	F	1.00000	0	0.00000	0
312	I	1.00000	0	0.00000	0
313	K	1.00000	0	0.00000	0
314	S	1.00000	0	0.00000	0
315	L	1.00000	0	0.00000	0
316	R	1.00000	0	0.00000	0
317	C	1.00000	0	0.00000	0
318	F	1.00000	0	0.00000	0
319	W	1.00000	0	0.00000	0
320	K	1.00000	0	0.00000	0
321	D	1.00000	0	0.00000	0
