# UNNAMED
#pos	aa	i	o	M	S
1	M	0.00000	0.95887	0.00000	0.04113
2	T	0.00000	0.95887	0.00000	0.04113
3	E	0.00000	0.95887	0.00000	0.04113
4	V	0.00000	0.95887	0.00000	0.04113
5	L	0.00000	0.95887	0.00000	0.04113
6	W	0.00000	0.95887	0.00000	0.04113
7	P	0.00000	0.95887	0.00000	0.04113
8	A	0.00000	0.95887	0.00000	0.04113
9	V	0.00000	0.95887	0.00000	0.04113
10	P	0.00000	0.95887	0.00000	0.04112
11	N	0.00000	0.95887	0.00000	0.04113
12	G	0.00000	0.95887	0.00000	0.04113
13	T	0.00000	0.95887	0.00000	0.04113
14	D	0.00000	0.95986	0.00000	0.04014
15	A	0.00000	0.95986	0.00000	0.04014
16	A	0.00000	0.99889	0.00000	0.0011
17	F	0.00000	0.99889	0.00000	0.0011
18	L	0.00000	0.9989	0.00000	0.0011
19	A	0.00000	0.99991	0.00000	8e-05
20	G	0.00000	0.99991	0.00000	8e-05
21	P	0.00000	0.99991	0.00000	8e-05
22	G	0.00000	0.99991	0.00000	8e-05
23	S	0.00000	0.99991	0.00000	8e-05
24	S	0.00000	0.99992	0.00000	8e-05
25	W	0.00000	0.99992	0.00000	8e-05
26	G	0.00000	0.99992	0.00000	8e-05
27	N	0.00000	1	0.00000	0
28	S	0.00000	1	0.00000	0
29	T	0.00000	1	0.00000	0
30	V	0.00000	1	0.00000	0
31	A	0.00000	1	0.00000	0
32	S	0.00000	1	0.00000	0
33	T	0.00000	1	0.00000	0
34	A	0.00000	1	0.00000	0
35	A	0.00000	1	0.00000	0
36	V	0.00000	1	0.00000	0
37	S	0.00000	1	0.00000	0
38	S	0.00000	1	0.00000	0
39	S	0.00000	1	0.00000	0
40	F	0.00000	1	0.00000	0
41	K	0.00000	1	0.00000	0
42	C	0.00000	1	0.00000	0
43	A	0.00000	1	0.00000	0
44	L	0.00000	1	0.00000	0
45	T	0.00000	1	0.00000	0
46	K	0.00000	1	0.00000	0
47	T	0.00000	1	0.00000	0
48	G	0.00000	0.99999	0.00001	0
49	F	0.00000	0.99774	0.00226	0
50	Q	0.00000	0.99698	0.00302	0
51	F	0.00000	0.96953	0.03047	0
52	Y	0.00000	0.95961	0.04039	0
53	Y	0.00000	0.9547	0.04530	0
54	L	0.00000	0.86161	0.13839	0
55	P	0.00000	0.71763	0.28237	0
56	A	0.00000	0.39297	0.60703	0
57	V	0.00000	0.13251	0.86749	0
58	Y	0.00000	0.02847	0.97153	0
59	I	0.00000	0.00189	0.99811	0
60	L	0.00000	4e-05	0.99996	0
61	V	0.00000	0	1.00000	0
62	F	0.00000	0	1.00000	0
63	I	0.00000	0	1.00000	0
64	I	0.00000	0	1.00000	0
65	G	0.00000	0	1.00000	0
66	F	0.00000	0	1.00000	0
67	L	0.00000	0	1.00000	0
68	G	0.00000	0	1.00000	0
69	N	0.00000	0	1.00000	0
70	S	0.00000	0	1.00000	0
71	V	0.00000	0	1.00000	0
72	A	0.00000	0	1.00000	0
73	I	0.00000	0	1.00000	0
74	W	0.00002	0	0.99998	0
75	M	0.00032	0	0.99968	0
76	F	0.00248	0	0.99752	0
77	V	0.02888	0	0.97112	0
78	F	0.19150	0	0.80850	0
79	H	0.98997	0	0.01003	0
80	M	0.99788	0	0.00212	0
81	K	0.99998	0	0.00002	0
82	P	1.00000	0	0.00000	0
83	W	1.00000	0	0.00000	0
84	S	0.99999	0	0.00001	0
85	G	0.99928	0	0.00072	0
86	I	0.96880	0	0.03120	0
87	S	0.95964	0	0.04036	0
88	V	0.52963	0	0.47037	0
89	Y	0.01710	0	0.98290	0
90	M	0.00208	0	0.99792	0
91	F	0.00000	0	1.00000	0
92	N	0.00000	0	1.00000	0
93	L	0.00000	0	1.00000	0
94	A	0.00000	0	1.00000	0
95	L	0.00000	0	1.00000	0
96	A	0.00000	0	1.00000	0
97	D	0.00000	0	1.00000	0
98	F	0.00000	0	1.00000	0
99	L	0.00000	0	1.00000	0
100	Y	0.00000	0	1.00000	0
101	V	0.00000	0	1.00000	0
102	L	0.00000	0	1.00000	0
103	T	0.00000	0	1.00000	0
104	L	0.00000	0	1.00000	0
105	P	0.00000	2e-05	0.99998	0
106	A	0.00000	0.00016	0.99984	0
107	L	0.00000	0.00074	0.99926	0
108	I	0.00000	0.00962	0.99038	0
109	F	0.00000	0.11366	0.88634	0
110	Y	0.00000	0.99862	0.00138	0
111	Y	0.00000	0.99897	0.00103	0
112	F	0.00000	0.99917	0.00083	0
113	N	0.00000	0.99997	0.00003	0
114	K	0.00000	1	0.00000	0
115	T	0.00000	1	0.00000	0
116	D	0.00000	1	0.00000	0
117	W	0.00000	1	0.00000	0
118	I	0.00000	1	0.00000	0
119	F	0.00000	1	0.00000	0
120	G	0.00000	1	0.00000	0
121	D	0.00000	1	0.00000	0
122	A	0.00000	1	0.00000	0
123	M	0.00000	1	0.00000	0
124	C	0.00000	1	0.00000	0
125	K	0.00000	0.99996	0.00004	0
126	L	0.00000	0.99146	0.00854	0
127	Q	0.00000	0.98386	0.01614	0
128	R	0.00000	0.66673	0.33327	0
129	F	0.00000	0.00209	0.99791	0
130	I	0.00000	0.00018	0.99982	0
131	F	0.00000	3e-05	0.99997	0
132	H	0.00000	0	1.00000	0
133	V	0.00000	0	1.00000	0
134	N	0.00000	0	1.00000	0
135	L	0.00000	0	1.00000	0
136	Y	0.00000	0	1.00000	0
137	G	0.00000	0	1.00000	0
138	S	0.00000	0	1.00000	0
139	I	0.00000	0	1.00000	0
140	L	0.00000	0	1.00000	0
141	F	0.00000	0	1.00000	0
142	L	0.00000	0	1.00000	0
143	T	0.00000	0	1.00000	0
144	C	0.00000	0	1.00000	0
145	I	0.00000	0	1.00000	0
146	S	0.00000	0	1.00000	0
147	A	0.00002	0	0.99998	0
148	H	0.00006	0	0.99994	0
149	R	0.00293	0	0.99707	0
150	Y	0.23637	0	0.76363	0
151	S	0.86010	0	0.13990	0
152	G	0.95107	0	0.04893	0
153	V	0.99937	0	0.00063	0
154	V	1.00000	0	0.00000	0
155	Y	1.00000	0	0.00000	0
156	P	1.00000	0	0.00000	0
157	L	1.00000	0	0.00000	0
158	K	1.00000	0	0.00000	0
159	S	1.00000	0	0.00000	0
160	L	1.00000	0	0.00000	0
161	G	1.00000	0	0.00000	0
162	R	1.00000	0	0.00000	0
163	L	1.00000	0	0.00000	0
164	K	1.00000	0	0.00000	0
165	K	0.99999	0	0.00001	0
166	K	0.99797	0	0.00203	0
167	N	0.72668	0	0.27332	0
168	A	0.41333	0	0.58667	0
169	I	0.01268	0	0.98732	0
170	C	0.00002	0	0.99998	0
171	I	0.00000	0	1.00000	0
172	S	0.00000	0	1.00000	0
173	V	0.00000	0	1.00000	0
174	L	0.00000	0	1.00000	0
175	V	0.00000	0	1.00000	0
176	W	0.00000	0	1.00000	0
177	L	0.00000	0	1.00000	0
178	I	0.00000	0	1.00000	0
179	V	0.00000	0	1.00000	0
180	V	0.00000	0	1.00000	0
181	V	0.00000	0	1.00000	0
182	A	0.00000	0	1.00000	0
183	I	0.00000	0	1.00000	0
184	S	0.00000	0	1.00000	0
185	P	0.00000	0	1.00000	0
186	I	0.00000	8e-05	0.99992	0
187	L	0.00000	0.00334	0.99666	0
188	F	0.00000	0.03407	0.96593	0
189	Y	0.00000	0.28853	0.71147	0
190	S	0.00000	0.69403	0.30597	0
191	G	0.00000	0.95801	0.04199	0
192	T	0.00000	0.99459	0.00541	0
193	G	0.00000	0.99971	0.00029	0
194	V	0.00000	0.99997	0.00003	0
195	R	0.00000	1	0.00000	0
196	K	0.00000	1	0.00000	0
197	N	0.00000	1	0.00000	0
198	K	0.00000	1	0.00000	0
199	T	0.00000	1	0.00000	0
200	I	0.00000	1	0.00000	0
201	T	0.00000	1	0.00000	0
202	C	0.00000	1	0.00000	0
203	Y	0.00000	1	0.00000	0
204	D	0.00000	1	0.00000	0
205	T	0.00000	1	0.00000	0
206	T	0.00000	1	0.00000	0
207	S	0.00000	1	0.00000	0
208	D	0.00000	1	0.00000	0
209	E	0.00000	1	0.00000	0
210	Y	0.00000	0.99997	0.00003	0
211	L	0.00000	0.99991	0.00009	0
212	R	0.00000	0.99952	0.00048	0
213	S	0.00000	0.87499	0.12501	0
214	Y	0.00000	0.5511	0.44890	0
215	F	0.00000	0.07071	0.92929	0
216	I	0.00000	0.05655	0.94345	0
217	Y	0.00000	0.05133	0.94867	0
218	S	0.00000	0.04765	0.95235	0
219	M	0.00000	0.04394	0.95606	0
220	C	0.00000	0.04184	0.95816	0
221	T	0.00000	0.03904	0.96096	0
222	T	0.00000	0.00966	0.99034	0
223	V	0.00000	0.00665	0.99335	0
224	A	0.00000	0	1.00000	0
225	M	0.00000	0	1.00000	0
226	F	0.00000	0	1.00000	0
227	C	0.00000	0	1.00000	0
228	V	0.00000	0	1.00000	0
229	P	0.00000	0	1.00000	0
230	L	0.00000	0	1.00000	0
231	V	0.00000	0	1.00000	0
232	L	0.00000	0	1.00000	0
233	I	0.00000	0	1.00000	0
234	L	0.00000	0	1.00000	0
235	G	0.00044	0	0.99956	0
236	C	0.00130	0	0.99870	0
237	Y	0.00746	0	0.99254	0
238	G	0.05872	0	0.94128	0
239	L	0.08008	0	0.91992	0
240	I	0.13461	0	0.86539	0
241	V	0.43183	0	0.56817	0
242	R	0.95303	0	0.04697	0
243	A	0.95477	0	0.04523	0
244	L	0.95585	0	0.04415	0
245	I	0.95835	0	0.04165	0
246	Y	0.96724	0	0.03276	0
247	K	0.99999	0	0.00001	0
248	D	1.00000	0	0.00000	0
249	L	1.00000	0	0.00000	0
250	D	1.00000	0	0.00000	0
251	N	1.00000	0	0.00000	0
252	S	0.99998	0	0.00002	0
253	P	0.99491	0	0.00509	0
254	L	0.98767	0	0.01233	0
255	R	0.82482	0	0.17518	0
256	R	0.82335	0	0.17665	0
257	K	0.34587	0	0.65413	0
258	S	0.30400	0	0.69600	0
259	I	0.19186	0	0.80814	0
260	Y	0.02033	0	0.97967	0
261	L	0.01827	0	0.98173	0
262	V	0.00252	0	0.99748	0
263	I	0.00002	0	0.99998	0
264	I	0.00000	0	1.00000	0
265	V	0.00000	0	1.00000	0
266	L	0.00000	0	1.00000	0
267	T	0.00000	0	1.00000	0
268	V	0.00000	0	1.00000	0
269	F	0.00000	0	1.00000	0
270	A	0.00000	0	1.00000	0
271	V	0.00000	0	1.00000	0
272	S	0.00000	0	1.00000	0
273	Y	0.00000	1e-05	0.99999	0
274	I	0.00000	0.00015	0.99985	0
275	P	0.00000	0.00264	0.99736	0
276	F	0.00000	0.00472	0.99528	0
277	H	0.00000	0.03884	0.96116	0
278	V	0.00000	0.07852	0.92148	0
279	M	0.00000	0.1382	0.86180	0
280	K	0.00000	0.88052	0.11948	0
281	T	0.00000	0.91777	0.08223	0
282	M	0.00000	0.9517	0.04830	0
283	N	0.00000	0.97633	0.02367	0
284	L	0.00000	0.9814	0.01860	0
285	R	0.00000	0.9977	0.00230	0
286	A	0.00000	0.99837	0.00163	0
287	R	0.00000	0.99987	0.00013	0
288	L	0.00000	0.99991	0.00009	0
289	D	0.00000	1	0.00000	0
290	F	0.00000	1	0.00000	0
291	Q	0.00000	1	0.00000	0
292	T	0.00000	1	0.00000	0
293	P	0.00000	1	0.00000	0
294	A	0.00000	1	0.00000	0
295	M	0.00000	1	0.00000	0
296	C	0.00000	1	0.00000	0
297	A	0.00000	1	0.00000	0
298	F	0.00000	1	0.00000	0
299	N	0.00000	1	0.00000	0
300	D	0.00000	0.99999	0.00001	0
301	R	0.00000	0.99969	0.00031	0
302	V	0.00000	0.99646	0.00354	0
303	Y	0.00000	0.99446	0.00554	0
304	A	0.00000	0.98314	0.01686	0
305	T	0.00000	0.97362	0.02638	0
306	Y	0.00000	0.17716	0.82284	0
307	Q	0.00000	0.11264	0.88735	0
308	V	0.00000	0.00533	0.99467	0
309	T	0.00000	0.0009	0.99910	0
310	R	0.00000	0.00075	0.99925	0
311	G	0.00000	0.00053	0.99947	0
312	L	0.00000	0	1.00000	0
313	A	0.00000	0	1.00000	0
314	S	0.00000	0	1.00000	0
315	L	0.00000	0	1.00000	0
316	N	0.00000	0	1.00000	0
317	S	0.00000	0	1.00000	0
318	C	0.00000	0	1.00000	0
319	V	0.00000	0	1.00000	0
320	D	0.00000	0	1.00000	0
321	P	0.00000	0	1.00000	0
322	I	0.00000	0	1.00000	0
323	L	0.00004	0	0.99996	0
324	Y	0.00011	0	0.99989	0
325	F	0.00024	0	0.99976	0
326	L	0.01607	0	0.98393	0
327	A	0.62555	0	0.37445	0
328	G	0.87622	0	0.12378	0
329	D	0.99232	0	0.00768	0
330	T	0.99597	0	0.00403	0
331	F	0.99827	0	0.00173	0
332	R	1.00000	0	0.00000	0
333	R	1.00000	0	0.00000	0
334	R	1.00000	0	0.00000	0
335	L	1.00000	0	0.00000	0
336	S	1.00000	0	0.00000	0
337	R	1.00000	0	0.00000	0
338	A	1.00000	0	0.00000	0
339	T	1.00000	0	0.00000	0
340	R	1.00000	0	0.00000	0
341	K	1.00000	0	0.00000	0
342	A	1.00000	0	0.00000	0
343	S	1.00000	0	0.00000	0
344	R	1.00000	0	0.00000	0
345	R	1.00000	0	0.00000	0
346	S	1.00000	0	0.00000	0
347	E	1.00000	0	0.00000	0
348	A	1.00000	0	0.00000	0
349	N	1.00000	0	0.00000	0
350	L	1.00000	0	0.00000	0
351	Q	1.00000	0	0.00000	0
352	S	1.00000	0	0.00000	0
353	K	1.00000	0	0.00000	0
354	S	1.00000	0	0.00000	0
355	E	1.00000	0	0.00000	0
356	D	1.00000	0	0.00000	0
357	M	1.00000	0	0.00000	0
358	T	1.00000	0	0.00000	0
359	L	1.00000	0	0.00000	0
360	N	1.00000	0	0.00000	0
361	I	1.00000	0	0.00000	0
362	L	1.00000	0	0.00000	0
363	P	1.00000	0	0.00000	0
364	E	1.00000	0	0.00000	0
365	F	1.00000	0	0.00000	0
366	K	1.00000	0	0.00000	0
367	Q	1.00000	0	0.00000	0
368	N	1.00000	0	0.00000	0
369	G	1.00000	0	0.00000	0
370	D	1.00000	0	0.00000	0
371	T	1.00000	0	0.00000	0
372	S	1.00000	0	0.00000	0
373	L	1.00000	0	0.00000	0
