# UNNAMED
#pos	aa	i	o	M	S
1	M	0.00000	0.99996	0.00000	4e-05
2	F	0.00000	0.99996	0.00000	4e-05
3	L	0.00000	0.99996	0.00000	4e-05
4	P	0.00000	0.99996	0.00000	4e-05
5	N	0.00000	0.99996	0.00000	4e-05
6	D	0.00000	0.99996	0.00000	4e-05
7	T	0.00000	0.99996	0.00000	4e-05
8	Q	0.00000	0.99996	0.00000	4e-05
9	F	0.00000	0.99996	0.00000	4e-05
10	H	0.00000	0.99996	0.00000	4e-05
11	P	0.00000	0.99996	0.00000	4e-05
12	S	0.00000	0.99996	0.00000	4e-05
13	S	0.00000	0.99996	0.00000	4e-05
14	F	0.00000	0.99996	0.00000	4e-05
15	L	0.00000	0.99996	0.00000	4e-05
16	L	0.00000	0.99996	0.00000	4e-05
17	L	0.00000	0.99996	0.00000	4e-05
18	G	0.00000	0.99996	0.00000	4e-05
19	I	0.00000	0.99996	0.00000	4e-05
20	P	0.00000	0.99996	0.00000	4e-05
21	G	0.00000	0.99996	0.00000	4e-05
22	L	0.00000	0.99997	0.00001	3e-05
23	E	0.00000	0.99995	0.00002	3e-05
24	T	0.00000	0.93661	0.06337	2e-05
25	L	0.00000	0.74098	0.25902	0
26	H	0.00000	0.65723	0.34277	0
27	I	0.00000	0.3468	0.65320	0
28	W	0.00000	0.10947	0.89053	0
29	I	0.00000	0.01311	0.98689	0
30	G	0.00000	0.01148	0.98852	0
31	F	0.00000	0.00969	0.99031	0
32	P	0.00000	0.00945	0.99055	0
33	F	0.00000	0.0002	0.99980	0
34	C	0.00000	7e-05	0.99993	0
35	A	0.00000	0	1.00000	0
36	V	0.00000	0	1.00000	0
37	Y	0.00000	0	1.00000	0
38	M	0.00000	0	1.00000	0
39	I	0.00000	0	1.00000	0
40	A	0.00000	0	1.00000	0
41	L	0.00000	0	1.00000	0
42	I	0.00000	0	1.00000	0
43	G	0.00000	0	1.00000	0
44	N	0.00000	0	1.00000	0
45	F	0.00000	0	1.00000	0
46	T	0.00000	0	1.00000	0
47	I	0.00001	0	0.99999	0
48	L	0.00007	0	0.99993	0
49	L	0.00168	0	0.99832	0
50	V	0.03661	0	0.96339	0
51	I	0.10696	0	0.89304	0
52	K	0.98942	0	0.01058	0
53	T	0.99908	0	0.00092	0
54	D	0.99999	0	0.00001	0
55	S	1.00000	0	0.00000	0
56	S	1.00000	0	0.00000	0
57	L	1.00000	0	0.00000	0
58	H	1.00000	0	0.00000	0
59	Q	1.00000	0	0.00000	0
60	P	1.00000	0	0.00000	0
61	M	0.12388	0	0.87612	0
62	F	0.04447	0	0.95553	0
63	Y	0.01340	0	0.98660	0
64	F	0.00010	0	0.99990	0
65	L	0.00000	0	1.00000	0
66	A	0.00000	0	1.00000	0
67	M	0.00000	0	1.00000	0
68	L	0.00000	0	1.00000	0
69	A	0.00000	0	1.00000	0
70	T	0.00000	0	1.00000	0
71	T	0.00000	0	1.00000	0
72	D	0.00000	0	1.00000	0
73	V	0.00000	0	1.00000	0
74	G	0.00000	0	1.00000	0
75	L	0.00000	0	1.00000	0
76	S	0.00000	0	1.00000	0
77	T	0.00000	0	1.00000	0
78	A	0.00000	0	1.00000	0
79	T	0.00000	4e-05	0.99996	0
80	I	0.00000	0.00014	0.99986	0
81	P	0.00000	0.00229	0.99771	0
82	K	0.00000	0.03769	0.96231	0
83	M	0.00000	0.05665	0.94335	0
84	L	0.00000	0.22668	0.77332	0
85	G	0.00000	0.79573	0.20427	0
86	I	0.00000	0.99942	0.00058	0
87	F	0.00000	0.99987	0.00013	0
88	W	0.00000	0.99991	0.00009	0
89	I	0.00000	0.99994	0.00006	0
90	N	0.00000	1	0.00000	0
91	L	0.00000	1	0.00000	0
92	R	0.00000	1	0.00000	0
93	G	0.00000	1	0.00000	0
94	I	0.00000	1	0.00000	0
95	I	0.00000	1	0.00000	0
96	F	0.00000	1	0.00000	0
97	E	0.00000	1	0.00000	0
98	A	0.00000	0.99997	0.00003	0
99	C	0.00000	0.99993	0.00007	0
100	L	0.00000	0.99802	0.00198	0
101	T	0.00000	0.9956	0.00440	0
102	Q	0.00000	0.9747	0.02530	0
103	M	0.00000	0.0074	0.99260	0
104	F	0.00000	0.00118	0.99882	0
105	F	0.00000	2e-05	0.99998	0
106	I	0.00000	0	1.00000	0
107	H	0.00000	0	1.00000	0
108	N	0.00000	0	1.00000	0
109	F	0.00000	0	1.00000	0
110	T	0.00000	0	1.00000	0
111	L	0.00000	0	1.00000	0
112	M	0.00000	0	1.00000	0
113	E	0.00000	0	1.00000	0
114	S	0.00000	0	1.00000	0
115	A	0.00000	0	1.00000	0
116	V	0.00000	0	1.00000	0
117	L	0.00000	0	1.00000	0
118	V	0.00000	0	1.00000	0
119	A	0.00000	0	1.00000	0
120	M	0.00000	0	1.00000	0
121	A	0.00000	0	1.00000	0
122	Y	0.00000	0	1.00000	0
123	D	0.00001	0	0.99999	0
124	S	0.00619	0	0.99381	0
125	Y	0.05153	0	0.94847	0
126	V	0.92432	0	0.07568	0
127	A	0.99687	0	0.00313	0
128	I	1.00000	0	0.00000	0
129	C	1.00000	0	0.00000	0
130	N	1.00000	0	0.00000	0
131	P	1.00000	0	0.00000	0
132	L	1.00000	0	0.00000	0
133	Q	1.00000	0	0.00000	0
134	Y	1.00000	0	0.00000	0
135	S	1.00000	0	0.00000	0
136	A	1.00000	0	0.00000	0
137	I	0.99999	0	0.00001	0
138	L	0.99998	0	0.00002	0
139	T	0.99997	0	0.00003	0
140	N	0.99995	0	0.00005	0
141	K	0.99865	0	0.00135	0
142	V	0.66399	0	0.33601	0
143	V	0.43505	0	0.56495	0
144	S	0.25818	0	0.74182	0
145	V	0.03096	0	0.96904	0
146	I	0.00408	0	0.99592	0
147	G	0.00369	0	0.99631	0
148	L	0.00335	0	0.99665	0
149	G	0.00076	0	0.99924	0
150	V	0.00001	0	0.99999	0
151	F	0.00000	0	1.00000	0
152	V	0.00000	0	1.00000	0
153	R	0.00000	0	1.00000	0
154	A	0.00000	0	1.00000	0
155	L	0.00000	0	1.00000	0
156	I	0.00000	0	1.00000	0
157	F	0.00000	0	1.00000	0
158	V	0.00000	1e-05	0.99999	0
159	I	0.00000	2e-05	0.99998	0
160	P	0.00000	3e-05	0.99997	0
161	S	0.00000	0.0001	0.99990	0
162	I	0.00000	0.0005	0.99950	0
163	L	0.00000	0.00421	0.99579	0
164	L	0.00000	0.02703	0.97297	0
165	I	0.00000	0.10099	0.89901	0
166	L	0.00000	0.35454	0.64546	0
167	R	0.00000	0.96881	0.03119	0
168	L	0.00000	0.98101	0.01899	0
169	P	0.00000	0.99534	0.00466	0
170	F	0.00000	0.99661	0.00339	0
171	C	0.00000	0.99983	0.00017	0
172	G	0.00000	1	0.00000	0
173	N	0.00000	1	0.00000	0
174	H	0.00000	1	0.00000	0
175	V	0.00000	1	0.00000	0
176	I	0.00000	1	0.00000	0
177	P	0.00000	1	0.00000	0
178	H	0.00000	1	0.00000	0
179	T	0.00000	1	0.00000	0
180	Y	0.00000	1	0.00000	0
181	C	0.00000	1	0.00000	0
182	E	0.00000	1	0.00000	0
183	H	0.00000	0.99994	0.00006	0
184	M	0.00000	0.99993	0.00007	0
185	G	0.00000	0.99972	0.00028	0
186	L	0.00000	0.99948	0.00052	0
187	A	0.00000	0.99947	0.00053	0
188	H	0.00000	0.99946	0.00054	0
189	L	0.00000	0.99946	0.00054	0
190	S	0.00000	0.99886	0.00114	0
191	C	0.00000	0.99885	0.00115	0
192	A	0.00000	0.9977	0.00230	0
193	S	0.00000	0.99767	0.00233	0
194	I	0.00000	0.9976	0.00240	0
195	K	0.00000	0.99716	0.00284	0
196	I	0.00000	0.4438	0.55620	0
197	N	0.00000	0.44089	0.55911	0
198	I	0.00000	0.02685	0.97315	0
199	I	0.00000	0.01631	0.98369	0
200	Y	0.00000	0.01491	0.98509	0
201	G	0.00000	0.00948	0.99052	0
202	L	0.00000	0.00315	0.99685	0
203	C	0.00000	0.00314	0.99686	0
204	A	0.00000	0.00268	0.99732	0
205	I	0.00000	0.00266	0.99734	0
206	C	0.00000	1e-05	0.99999	0
207	N	0.00002	1e-05	0.99998	0
208	L	0.00002	0	0.99998	0
209	V	0.00004	0	0.99996	0
210	F	0.00011	0	0.99989	0
211	D	0.00052	0	0.99948	0
212	I	0.00052	0	0.99948	0
213	T	0.00058	0	0.99942	0
214	V	0.00060	0	0.99940	0
215	I	0.00070	0	0.99930	0
216	A	0.00122	0	0.99878	0
217	L	0.00172	0	0.99828	0
218	S	0.00767	0	0.99233	0
219	Y	0.01350	0	0.98650	0
220	V	0.06427	0	0.93573	0
221	H	0.23257	0	0.76743	0
222	I	0.27463	0	0.72537	0
223	L	0.38357	0	0.61643	0
224	C	0.85149	0	0.14851	0
225	A	0.96923	0	0.03077	0
226	V	0.99382	0	0.00618	0
227	F	0.99516	0	0.00484	0
228	R	0.99905	0	0.00095	0
229	L	0.99925	0	0.00075	0
230	P	0.99997	0	0.00003	0
231	T	1.00000	0	0.00000	0
232	H	1.00000	0	0.00000	0
233	E	1.00000	0	0.00000	0
234	A	0.99983	0	0.00017	0
235	R	0.93170	0	0.06830	0
236	L	0.78000	0	0.22000	0
237	K	0.70672	0	0.29328	0
238	S	0.49494	0	0.50506	0
239	L	0.20345	0	0.79655	0
240	S	0.05904	0	0.94096	0
241	T	0.05181	0	0.94819	0
242	C	0.04584	0	0.95416	0
243	G	0.04535	0	0.95465	0
244	S	0.04532	0	0.95468	0
245	H	0.04531	0	0.95469	0
246	V	0.00077	0	0.99923	0
247	C	0.00042	0	0.99958	0
248	V	0.00000	0	1.00000	0
249	I	0.00000	0	1.00000	0
250	L	0.00000	0	1.00000	0
251	A	0.00000	0	1.00000	0
252	F	0.00000	0	1.00000	0
253	Y	0.00000	0	1.00000	0
254	T	0.00000	1e-05	0.99999	0
255	P	0.00000	8e-05	0.99992	0
256	A	0.00000	0.00021	0.99979	0
257	L	0.00000	0.00088	0.99912	0
258	F	0.00000	0.00649	0.99351	0
259	S	0.00000	0.01894	0.98106	0
260	F	0.00000	0.02764	0.97236	0
261	M	0.00000	0.13778	0.86222	0
262	T	0.00000	0.62105	0.37895	0
263	H	0.00000	0.87357	0.12643	0
264	R	0.00000	0.94013	0.05987	0
265	F	0.00000	0.94417	0.05583	0
266	G	0.00000	0.97739	0.02261	0
267	R	0.00000	0.99748	0.00252	0
268	N	0.00000	0.99982	0.00018	0
269	V	0.00000	0.99875	0.00125	0
270	P	0.00000	0.99819	0.00181	0
271	R	0.00000	0.98645	0.01355	0
272	Y	0.00000	0.85933	0.14067	0
273	I	0.00000	0.34358	0.65642	0
274	H	0.00000	0.21811	0.78189	0
275	I	0.00000	0.03442	0.96558	0
276	L	0.00000	0.00113	0.99887	0
277	L	0.00000	1e-05	0.99999	0
278	A	0.00000	0	1.00000	0
279	N	0.00000	0	1.00000	0
280	L	0.00000	0	1.00000	0
281	Y	0.00000	0	1.00000	0
282	V	0.00000	0	1.00000	0
283	V	0.00000	0	1.00000	0
284	V	0.00000	0	1.00000	0
285	P	0.00000	0	1.00000	0
286	P	0.00000	0	1.00000	0
287	M	0.00000	0	1.00000	0
288	L	0.00000	0	1.00000	0
289	N	0.00000	0	1.00000	0
290	P	0.00000	0	1.00000	0
291	V	0.00001	0	0.99999	0
292	I	0.00056	0	0.99944	0
293	Y	0.00431	0	0.99569	0
294	G	0.02321	0	0.97679	0
295	V	0.17825	0	0.82175	0
296	R	1.00000	0	0.00000	0
297	T	1.00000	0	0.00000	0
298	K	1.00000	0	0.00000	0
299	Q	1.00000	0	0.00000	0
300	I	1.00000	0	0.00000	0
301	Y	1.00000	0	0.00000	0
302	K	1.00000	0	0.00000	0
303	C	1.00000	0	0.00000	0
304	V	1.00000	0	0.00000	0
305	K	1.00000	0	0.00000	0
306	K	1.00000	0	0.00000	0
307	I	1.00000	0	0.00000	0
308	L	1.00000	0	0.00000	0
309	L	1.00000	0	0.00000	0
310	Q	1.00000	0	0.00000	0
311	E	1.00000	0	0.00000	0
312	Q	1.00000	0	0.00000	0
313	G	1.00000	0	0.00000	0
314	M	1.00000	0	0.00000	0
315	E	1.00000	0	0.00000	0
316	K	1.00000	0	0.00000	0
317	E	1.00000	0	0.00000	0
318	E	1.00000	0	0.00000	0
319	Y	1.00000	0	0.00000	0
320	L	1.00000	0	0.00000	0
321	I	1.00000	0	0.00000	0
322	H	1.00000	0	0.00000	0
323	T	1.00000	0	0.00000	0
324	R	1.00000	0	0.00000	0
325	F	1.00000	0	0.00000	0
