# UNNAMED
#pos	aa	i	o	M	S
1	M	0.00000	1	0.00000	0
2	D	0.00000	1	0.00000	0
3	Y	0.00000	1	0.00000	0
4	Q	0.00000	1	0.00000	0
5	V	0.00000	1	0.00000	0
6	S	0.00000	1	0.00000	0
7	S	0.00000	1	0.00000	0
8	P	0.00000	1	0.00000	0
9	I	0.00000	1	0.00000	0
10	Y	0.00000	1	0.00000	0
11	D	0.00000	1	0.00000	0
12	I	0.00000	1	0.00000	0
13	N	0.00000	1	0.00000	0
14	Y	0.00000	1	0.00000	0
15	Y	0.00000	1	0.00000	0
16	T	0.00000	1	0.00000	0
17	S	0.00000	1	0.00000	0
18	E	0.00000	1	0.00000	0
19	P	0.00000	1	0.00000	0
20	C	0.00000	1	0.00000	0
21	Q	0.00000	1	0.00000	0
22	K	0.00000	1	0.00000	0
23	I	0.00000	1	0.00000	0
24	N	0.00000	1	0.00000	0
25	V	0.00000	1	0.00000	0
26	K	0.00000	1	0.00000	0
27	Q	0.00000	1	0.00000	0
28	I	0.00000	0.99997	0.00003	0
29	A	0.00000	0.99996	0.00004	0
30	A	0.00000	0.99993	0.00007	0
31	R	0.00000	0.99976	0.00024	0
32	L	0.00000	0.99388	0.00612	0
33	L	0.00000	0.77034	0.22966	0
34	P	0.00000	0.70804	0.29196	0
35	P	0.00000	0.58395	0.41605	0
36	L	0.00000	0.26179	0.73821	0
37	Y	0.00000	0.08718	0.91282	0
38	S	0.00000	0.05224	0.94776	0
39	L	0.00000	0.00252	0.99748	0
40	V	0.00000	0.00011	0.99989	0
41	F	0.00000	0	1.00000	0
42	I	0.00000	0	1.00000	0
43	F	0.00000	0	1.00000	0
44	G	0.00000	0	1.00000	0
45	F	0.00000	0	1.00000	0
46	V	0.00000	0	1.00000	0
47	G	0.00000	0	1.00000	0
48	N	0.00000	0	1.00000	0
49	M	0.00000	0	1.00000	0
50	L	0.00000	0	1.00000	0
51	V	0.00000	0	1.00000	0
52	I	0.00000	0	1.00000	0
53	L	0.00000	0	1.00000	0
54	I	0.00040	0	0.99960	0
55	L	0.00702	0	0.99298	0
56	I	0.06036	0	0.93964	0
57	N	0.80069	0	0.19931	0
58	C	0.86329	0	0.13671	0
59	K	0.99795	0	0.00205	0
60	R	0.99994	0	0.00006	0
61	L	0.99998	0	0.00002	0
62	K	1.00000	0	0.00000	0
63	S	0.99999	0	0.00001	0
64	M	0.99912	0	0.00088	0
65	T	0.99769	0	0.00231	0
66	D	0.97279	0	0.02721	0
67	I	0.06025	0	0.93975	0
68	Y	0.00085	0	0.99915	0
69	L	0.00003	0	0.99997	0
70	L	0.00000	0	1.00000	0
71	N	0.00000	0	1.00000	0
72	L	0.00000	0	1.00000	0
73	A	0.00000	0	1.00000	0
74	I	0.00000	0	1.00000	0
75	S	0.00000	0	1.00000	0
76	D	0.00000	0	1.00000	0
77	L	0.00000	0	1.00000	0
78	F	0.00000	0	1.00000	0
79	F	0.00000	0	1.00000	0
80	L	0.00000	0	1.00000	0
81	L	0.00000	0	1.00000	0
82	T	0.00000	0	1.00000	0
83	V	0.00000	0	1.00000	0
84	P	0.00000	1e-05	0.99999	0
85	F	0.00000	0.00037	0.99963	0
86	W	0.00000	0.02025	0.97975	0
87	A	0.00000	0.24129	0.75871	0
88	H	0.00000	0.9897	0.01030	0
89	Y	0.00000	0.99999	0.00001	0
90	A	0.00000	1	0.00000	0
91	A	0.00000	1	0.00000	0
92	A	0.00000	1	0.00000	0
93	Q	0.00000	1	0.00000	0
94	W	0.00000	1	0.00000	0
95	D	0.00000	1	0.00000	0
96	F	0.00000	1	0.00000	0
97	G	0.00000	1	0.00000	0
98	N	0.00000	1	0.00000	0
99	T	0.00000	0.99995	0.00005	0
100	M	0.00000	0.99949	0.00051	0
101	C	0.00000	0.99934	0.00066	0
102	Q	0.00000	0.9956	0.00440	0
103	L	0.00000	0.97381	0.02619	0
104	L	0.00000	0.91662	0.08338	0
105	T	0.00000	0.86703	0.13297	0
106	G	0.00000	0.57281	0.42719	0
107	L	0.00000	0.18547	0.81453	0
108	Y	0.00000	0.05819	0.94181	0
109	F	0.00000	0.00044	0.99956	0
110	I	0.00000	1e-05	0.99999	0
111	G	0.00000	0	1.00000	0
112	F	0.00000	0	1.00000	0
113	F	0.00000	0	1.00000	0
114	S	0.00000	0	1.00000	0
115	G	0.00000	0	1.00000	0
116	I	0.00000	0	1.00000	0
117	F	0.00000	0	1.00000	0
118	F	0.00000	0	1.00000	0
119	I	0.00000	0	1.00000	0
120	I	0.00000	0	1.00000	0
121	L	0.00000	0	1.00000	0
122	L	0.00001	0	0.99999	0
123	T	0.00002	0	0.99998	0
124	I	0.00005	0	0.99995	0
125	D	0.00013	0	0.99987	0
126	R	0.00546	0	0.99454	0
127	Y	0.05208	0	0.94792	0
128	L	0.12754	0	0.87246	0
129	A	0.75982	0	0.24018	0
130	V	0.99996	0	0.00004	0
131	V	1.00000	0	0.00000	0
132	H	1.00000	0	0.00000	0
133	A	1.00000	0	0.00000	0
134	V	1.00000	0	0.00000	0
135	F	1.00000	0	0.00000	0
136	A	1.00000	0	0.00000	0
137	L	1.00000	0	0.00000	0
138	K	1.00000	0	0.00000	0
139	A	0.99999	0	0.00001	0
140	R	0.99995	0	0.00005	0
141	T	0.99168	0	0.00832	0
142	V	0.91101	0	0.08899	0
143	T	0.78500	0	0.21500	0
144	F	0.24682	0	0.75318	0
145	G	0.13299	0	0.86701	0
146	V	0.01368	0	0.98632	0
147	V	0.00114	0	0.99886	0
148	T	0.00050	0	0.99950	0
149	S	0.00029	0	0.99971	0
150	V	0.00000	0	1.00000	0
151	I	0.00000	0	1.00000	0
152	T	0.00000	0	1.00000	0
153	W	0.00000	0	1.00000	0
154	V	0.00000	0	1.00000	0
155	V	0.00000	0	1.00000	0
156	A	0.00000	0	1.00000	0
157	V	0.00000	0	1.00000	0
158	F	0.00000	0	1.00000	0
159	A	0.00000	0	1.00000	0
160	S	0.00000	0.0001	0.99990	0
161	L	0.00000	0.00132	0.99868	0
162	P	0.00000	0.03015	0.96985	0
163	G	0.00000	0.06392	0.93608	0
164	I	0.00000	0.08106	0.91894	0
165	I	0.00000	0.13073	0.86927	0
166	F	0.00000	0.32251	0.67749	0
167	T	0.00000	0.77817	0.22183	0
168	R	0.00000	0.9908	0.00920	0
169	S	0.00000	0.99856	0.00144	0
170	Q	0.00000	0.99987	0.00013	0
171	K	0.00000	1	0.00000	0
172	E	0.00000	1	0.00000	0
173	G	0.00000	1	0.00000	0
174	L	0.00000	1	0.00000	0
175	H	0.00000	1	0.00000	0
176	Y	0.00000	1	0.00000	0
177	T	0.00000	1	0.00000	0
178	C	0.00000	1	0.00000	0
179	S	0.00000	1	0.00000	0
180	S	0.00000	1	0.00000	0
181	H	0.00000	1	0.00000	0
182	F	0.00000	1	0.00000	0
183	P	0.00000	1	0.00000	0
184	Y	0.00000	1	0.00000	0
185	S	0.00000	1	0.00000	0
186	Q	0.00000	0.99998	0.00002	0
187	Y	0.00000	0.99997	0.00003	0
188	Q	0.00000	0.99997	0.00003	0
189	F	0.00000	0.99984	0.00016	0
190	W	0.00000	0.9998	0.00020	0
191	K	0.00000	0.99979	0.00021	0
192	N	0.00000	0.07574	0.92426	0
193	F	0.00000	0.0669	0.93310	0
194	Q	0.00000	0.05953	0.94047	0
195	T	0.00000	0.05098	0.94902	0
196	L	0.00000	0.04605	0.95395	0
197	K	0.00000	0.02381	0.97619	0
198	I	0.00000	0.01483	0.98517	0
199	V	0.00000	0.0027	0.99730	0
200	I	0.00000	0.00237	0.99763	0
201	L	0.00000	0	1.00000	0
202	G	0.00000	0	1.00000	0
203	L	0.00000	0	1.00000	0
204	V	0.00000	0	1.00000	0
205	L	0.00000	0	1.00000	0
206	P	0.00000	0	1.00000	0
207	L	0.00000	0	1.00000	0
208	L	0.00000	0	1.00000	0
209	V	0.00000	0	1.00000	0
210	M	0.00000	0	1.00000	0
211	V	0.00000	0	1.00000	0
212	I	0.00001	0	0.99999	0
213	C	0.00065	0	0.99935	0
214	Y	0.01955	0	0.98045	0
215	S	0.34967	0	0.65033	0
216	G	0.46469	0	0.53531	0
217	I	0.51753	0	0.48247	0
218	L	0.65813	0	0.34187	0
219	K	0.96745	0	0.03255	0
220	T	0.96878	0	0.03122	0
221	L	0.96970	0	0.03030	0
222	L	0.97757	0	0.02243	0
223	R	0.99903	0	0.00097	0
224	C	0.99982	0	0.00018	0
225	R	0.99999	0	0.00001	0
226	N	1.00000	0	0.00000	0
227	E	1.00000	0	0.00000	0
228	K	1.00000	0	0.00000	0
229	K	1.00000	0	0.00000	0
230	R	1.00000	0	0.00000	0
231	H	1.00000	0	0.00000	0
232	R	0.99675	0	0.00325	0
233	A	0.96571	0	0.03429	0
234	V	0.72739	0	0.27261	0
235	R	0.72313	0	0.27687	0
236	L	0.05700	0	0.94300	0
237	I	0.04844	0	0.95156	0
238	F	0.01714	0	0.98286	0
239	T	0.00008	0	0.99992	0
240	I	0.00000	0	1.00000	0
241	M	0.00000	0	1.00000	0
242	I	0.00000	0	1.00000	0
243	V	0.00000	0	1.00000	0
244	Y	0.00000	0	1.00000	0
245	F	0.00000	0	1.00000	0
246	L	0.00000	0	1.00000	0
247	F	0.00000	0	1.00000	0
248	W	0.00000	0	1.00000	0
249	A	0.00000	0	1.00000	0
250	P	0.00000	0	1.00000	0
251	Y	0.00000	0	1.00000	0
252	N	0.00000	1e-05	0.99999	0
253	I	0.00000	1e-05	0.99999	0
254	V	0.00000	0.00014	0.99986	0
255	L	0.00000	0.00102	0.99898	0
256	L	0.00000	0.02345	0.97655	0
257	L	0.00000	0.08696	0.91304	0
258	N	0.00000	0.52852	0.47148	0
259	T	0.00000	0.61636	0.38364	0
260	F	0.00000	0.68114	0.31886	0
261	Q	0.00000	0.95583	0.04417	0
262	E	0.00000	0.99023	0.00977	0
263	F	0.00000	0.99095	0.00905	0
264	F	0.00000	0.99288	0.00712	0
265	G	0.00000	0.99839	0.00161	0
266	L	0.00000	0.99919	0.00081	0
267	N	0.00000	0.99997	0.00003	0
268	N	0.00000	1	0.00000	0
269	C	0.00000	1	0.00000	0
270	S	0.00000	1	0.00000	0
271	S	0.00000	1	0.00000	0
272	S	0.00000	1	0.00000	0
273	N	0.00000	1	0.00000	0
274	R	0.00000	0.99998	0.00002	0
275	L	0.00000	0.9995	0.00050	0
276	D	0.00000	0.99925	0.00075	0
277	Q	0.00000	0.97669	0.02331	0
278	A	0.00000	0.8533	0.14670	0
279	M	0.00000	0.25458	0.74542	0
280	Q	0.00000	0.18939	0.81061	0
281	V	0.00000	0.00252	0.99748	0
282	T	0.00000	0.00093	0.99907	0
283	E	0.00000	0.0002	0.99980	0
284	T	0.00000	0.00015	0.99985	0
285	L	0.00000	0.00013	0.99987	0
286	G	0.00000	0.00013	0.99987	0
287	M	0.00000	0.0001	0.99990	0
288	T	0.00000	0.0001	0.99990	0
289	H	0.00000	8e-05	0.99992	0
290	C	0.00000	7e-05	0.99993	0
291	C	0.00000	5e-05	0.99995	0
292	I	0.00000	1e-05	0.99999	0
293	N	0.00000	0	1.00000	0
294	P	0.00000	0	1.00000	0
295	I	0.00000	0	1.00000	0
296	I	0.00000	0	1.00000	0
297	Y	0.00006	0	0.99994	0
298	A	0.00117	0	0.99883	0
299	F	0.00570	0	0.99430	0
300	V	0.26661	0	0.73339	0
301	G	0.55831	0	0.44169	0
302	E	0.99984	0	0.00016	0
303	K	0.99984	0	0.00016	0
304	F	0.99984	0	0.00016	0
305	R	0.99984	0	0.00016	0
306	N	0.99984	0	0.00016	0
307	Y	0.99984	0	0.00016	0
308	L	0.99984	0	0.00016	0
309	L	0.99984	0	0.00016	0
310	V	0.99984	0	0.00016	0
311	F	0.99985	0	0.00015	0
312	F	0.99990	0	0.00010	0
313	Q	1.00000	0	0.00000	0
314	K	1.00000	0	0.00000	0
315	H	1.00000	0	0.00000	0
316	I	1.00000	0	0.00000	0
317	A	1.00000	0	0.00000	0
318	K	1.00000	0	0.00000	0
319	R	1.00000	0	0.00000	0
320	F	1.00000	0	0.00000	0
321	C	1.00000	0	0.00000	0
322	K	1.00000	0	0.00000	0
323	C	1.00000	0	0.00000	0
324	C	1.00000	0	0.00000	0
325	S	1.00000	0	0.00000	0
326	I	1.00000	0	0.00000	0
327	F	1.00000	0	0.00000	0
328	Q	1.00000	0	0.00000	0
329	Q	1.00000	0	0.00000	0
330	E	1.00000	0	0.00000	0
331	A	1.00000	0	0.00000	0
332	P	1.00000	0	0.00000	0
333	E	1.00000	0	0.00000	0
334	R	1.00000	0	0.00000	0
335	A	1.00000	0	0.00000	0
336	S	1.00000	0	0.00000	0
337	S	1.00000	0	0.00000	0
338	V	1.00000	0	0.00000	0
339	Y	1.00000	0	0.00000	0
340	T	1.00000	0	0.00000	0
341	R	1.00000	0	0.00000	0
342	S	1.00000	0	0.00000	0
343	T	1.00000	0	0.00000	0
344	G	1.00000	0	0.00000	0
345	E	1.00000	0	0.00000	0
346	Q	1.00000	0	0.00000	0
347	E	1.00000	0	0.00000	0
348	I	1.00000	0	0.00000	0
349	S	1.00000	0	0.00000	0
350	V	1.00000	0	0.00000	0
351	G	1.00000	0	0.00000	0
352	L	1.00000	0	0.00000	0
