# UNNAMED
#pos	aa	i	o	M	S
1	M	0.00000	0.99981	0.00000	0.00019
2	D	0.00000	0.99981	0.00000	0.00019
3	Q	0.00000	0.99981	0.00000	0.00019
4	S	0.00000	0.99981	0.00000	0.00019
5	N	0.00000	0.99981	0.00000	0.00019
6	Y	0.00000	0.99981	0.00000	0.00019
7	S	0.00000	0.99981	0.00000	0.00019
8	S	0.00000	0.99981	0.00000	0.00019
9	L	0.00000	0.99981	0.00000	0.00019
10	H	0.00000	0.99981	0.00000	0.00019
11	G	0.00000	0.99981	0.00000	0.00019
12	F	0.00000	0.99981	0.00000	0.00019
13	I	0.00000	0.99981	0.00000	0.00019
14	L	0.00000	0.99981	0.00000	0.00019
15	L	0.00000	0.99981	0.00000	0.00019
16	G	0.00000	0.99981	0.00000	0.00019
17	F	0.00000	0.99983	0.00000	0.00017
18	S	0.00000	0.99983	0.00000	0.00017
19	N	0.00000	1	0.00000	0
20	H	0.00000	1	0.00000	0
21	P	0.00000	1	0.00000	0
22	K	0.00000	0.99999	0.00001	0
23	M	0.00000	0.99954	0.00046	0
24	E	0.00000	0.99858	0.00142	0
25	M	0.00000	0.98207	0.01793	0
26	I	0.00000	0.9058	0.09420	0
27	L	0.00000	0.89254	0.10746	0
28	S	0.00000	0.8865	0.11350	0
29	G	0.00000	0.8535	0.14650	0
30	V	0.00000	0.78026	0.21974	0
31	V	0.00000	0.09011	0.90989	0
32	A	0.00000	0.02499	0.97501	0
33	I	0.00000	0.00048	0.99952	0
34	F	0.00000	0	1.00000	0
35	Y	0.00000	0	1.00000	0
36	L	0.00000	0	1.00000	0
37	I	0.00000	0	1.00000	0
38	T	0.00000	0	1.00000	0
39	L	0.00000	0	1.00000	0
40	V	0.00000	0	1.00000	0
41	G	0.00000	0	1.00000	0
42	N	0.00000	0	1.00000	0
43	T	0.00000	0	1.00000	0
44	A	0.00000	0	1.00000	0
45	I	0.00000	0	1.00000	0
46	I	0.00000	0	1.00000	0
47	L	0.00044	0	0.99956	0
48	A	0.01536	0	0.98464	0
49	S	0.09055	0	0.90945	0
50	L	0.13422	0	0.86578	0
51	L	0.35204	0	0.64796	0
52	D	0.99139	0	0.00861	0
53	S	0.99890	0	0.00110	0
54	Q	0.99989	0	0.00011	0
55	L	0.99993	0	0.00007	0
56	H	0.99999	0	0.00001	0
57	T	1.00000	0	0.00000	0
58	P	1.00000	0	0.00000	0
59	M	0.45610	0	0.54390	0
60	Y	0.37791	0	0.62209	0
61	F	0.07577	0	0.92423	0
62	F	0.00610	0	0.99390	0
63	L	0.00452	0	0.99548	0
64	R	0.00436	0	0.99564	0
65	N	0.00003	0	0.99997	0
66	L	0.00000	0	1.00000	0
67	S	0.00000	0	1.00000	0
68	F	0.00000	0	1.00000	0
69	L	0.00000	0	1.00000	0
70	D	0.00000	0	1.00000	0
71	L	0.00000	0	1.00000	0
72	C	0.00000	0	1.00000	0
73	F	0.00000	0	1.00000	0
74	T	0.00000	0	1.00000	0
75	T	0.00000	0	1.00000	0
76	S	0.00000	0	1.00000	0
77	I	0.00000	0	1.00000	0
78	I	0.00000	0.00016	0.99984	0
79	P	0.00000	0.00187	0.99813	0
80	Q	0.00000	0.01068	0.98932	0
81	M	0.00000	0.01849	0.98151	0
82	L	0.00000	0.21266	0.78734	0
83	V	0.00000	0.54635	0.45365	0
84	N	0.00000	0.99995	0.00005	0
85	L	0.00000	0.99998	0.00002	0
86	W	0.00000	0.99999	0.00001	0
87	G	0.00000	0.99999	0.00001	0
88	P	0.00000	1	0.00000	0
89	D	0.00000	1	0.00000	0
90	K	0.00000	1	0.00000	0
91	T	0.00000	1	0.00000	0
92	I	0.00000	1	0.00000	0
93	S	0.00000	1	0.00000	0
94	Y	0.00000	1	0.00000	0
95	V	0.00000	0.99998	0.00002	0
96	G	0.00000	0.99982	0.00018	0
97	C	0.00000	0.99917	0.00083	0
98	I	0.00000	0.9275	0.07250	0
99	I	0.00000	0.81677	0.18323	0
100	Q	0.00000	0.59104	0.40896	0
101	L	0.00000	0.0539	0.94610	0
102	Y	0.00000	0.01461	0.98539	0
103	V	0.00000	0.00121	0.99879	0
104	Y	0.00000	3e-05	0.99997	0
105	M	0.00000	0	1.00000	0
106	W	0.00000	0	1.00000	0
107	L	0.00000	0	1.00000	0
108	G	0.00000	0	1.00000	0
109	S	0.00000	0	1.00000	0
110	V	0.00000	0	1.00000	0
111	E	0.00000	0	1.00000	0
112	C	0.00000	0	1.00000	0
113	L	0.00000	0	1.00000	0
114	L	0.00000	0	1.00000	0
115	L	0.00000	0	1.00000	0
116	A	0.00000	0	1.00000	0
117	V	0.00000	0	1.00000	0
118	M	0.00000	0	1.00000	0
119	S	0.00000	0	1.00000	0
120	Y	0.00000	0	1.00000	0
121	D	0.00005	0	0.99995	0
122	R	0.01703	0	0.98297	0
123	F	0.09661	0	0.90339	0
124	T	0.90235	0	0.09765	0
125	A	0.99590	0	0.00410	0
126	I	1.00000	0	0.00000	0
127	C	1.00000	0	0.00000	0
128	K	1.00000	0	0.00000	0
129	P	1.00000	0	0.00000	0
130	L	1.00000	0	0.00000	0
131	H	1.00000	0	0.00000	0
132	Y	1.00000	0	0.00000	0
133	F	1.00000	0	0.00000	0
134	V	1.00000	0	0.00000	0
135	V	1.00000	0	0.00000	0
136	M	1.00000	0	0.00000	0
137	N	0.99999	0	0.00001	0
138	P	0.99991	0	0.00009	0
139	H	0.88632	0	0.11368	0
140	L	0.46442	0	0.53558	0
141	C	0.15019	0	0.84981	0
142	L	0.14577	0	0.85423	0
143	K	0.14442	0	0.85558	0
144	M	0.07008	0	0.92992	0
145	I	0.00281	0	0.99719	0
146	I	0.00119	0	0.99881	0
147	M	0.00007	0	0.99993	0
148	I	0.00000	0	1.00000	0
149	W	0.00000	0	1.00000	0
150	S	0.00000	0	1.00000	0
151	I	0.00000	0	1.00000	0
152	S	0.00000	0	1.00000	0
153	L	0.00000	0	1.00000	0
154	A	0.00000	0	1.00000	0
155	N	0.00000	0	1.00000	0
156	S	0.00000	0	1.00000	0
157	V	0.00000	0	1.00000	0
158	V	0.00000	0.00032	0.99968	0
159	L	0.00000	0.01434	0.98566	0
160	C	0.00000	0.27161	0.72839	0
161	T	0.00000	0.33892	0.66108	0
162	L	0.00000	0.40697	0.59303	0
163	T	0.00000	0.66074	0.33926	0
164	L	0.00000	0.73414	0.26586	0
165	N	0.00000	0.83758	0.16242	0
166	L	0.00000	0.88395	0.11605	0
167	P	0.00000	0.98573	0.01427	0
168	T	0.00000	0.99781	0.00219	0
169	C	0.00000	0.99994	0.00006	0
170	G	0.00000	1	0.00000	0
171	N	0.00000	1	0.00000	0
172	N	0.00000	1	0.00000	0
173	I	0.00000	1	0.00000	0
174	L	0.00000	1	0.00000	0
175	D	0.00000	1	0.00000	0
176	H	0.00000	1	0.00000	0
177	F	0.00000	1	0.00000	0
178	L	0.00000	1	0.00000	0
179	C	0.00000	1	0.00000	0
180	E	0.00000	1	0.00000	0
181	L	0.00000	1	0.00000	0
182	P	0.00000	1	0.00000	0
183	A	0.00000	1	0.00000	0
184	L	0.00000	1	0.00000	0
185	V	0.00000	1	0.00000	0
186	K	0.00000	1	0.00000	0
187	I	0.00000	1	0.00000	0
188	A	0.00000	1	0.00000	0
189	C	0.00000	1	0.00000	0
190	V	0.00000	1	0.00000	0
191	D	0.00000	0.99992	0.00008	0
192	T	0.00000	0.99786	0.00214	0
193	T	0.00000	0.98511	0.01489	0
194	T	0.00000	0.98061	0.01939	0
195	V	0.00000	0.9768	0.02320	0
196	E	0.00000	0.96929	0.03071	0
197	M	0.00000	0.87748	0.12252	0
198	S	0.00000	0.02609	0.97391	0
199	V	0.00000	0.00405	0.99595	0
200	F	0.00000	0.00027	0.99973	0
201	A	0.00000	7e-05	0.99993	0
202	L	0.00000	1e-05	0.99999	0
203	G	0.00000	1e-05	0.99999	0
204	I	0.00000	0	1.00000	0
205	I	0.00000	0	1.00000	0
206	I	0.00000	0	1.00000	0
207	V	0.00000	0	1.00000	0
208	L	0.00000	0	1.00000	0
209	T	0.00000	0	1.00000	0
210	P	0.00000	0	1.00000	0
211	L	0.00000	0	1.00000	0
212	I	0.00000	0	1.00000	0
213	L	0.00000	0	1.00000	0
214	I	0.00000	0	1.00000	0
215	L	0.00001	0	0.99999	0
216	I	0.00091	0	0.99909	0
217	S	0.00783	0	0.99217	0
218	Y	0.00894	0	0.99106	0
219	G	0.01543	0	0.98457	0
220	Y	0.02024	0	0.97976	0
221	I	0.07797	0	0.92203	0
222	A	0.38841	0	0.61159	0
223	K	0.99468	0	0.00532	0
224	A	0.99738	0	0.00262	0
225	V	0.99932	0	0.00068	0
226	L	0.99973	0	0.00027	0
227	R	1.00000	0	0.00000	0
228	T	1.00000	0	0.00000	0
229	K	1.00000	0	0.00000	0
230	S	1.00000	0	0.00000	0
231	K	1.00000	0	0.00000	0
232	A	0.99996	0	0.00004	0
233	S	0.99946	0	0.00054	0
234	Q	0.99936	0	0.00064	0
235	R	0.97930	0	0.02070	0
236	K	0.79186	0	0.20814	0
237	A	0.28933	0	0.71067	0
238	M	0.17899	0	0.82101	0
239	N	0.09400	0	0.90600	0
240	T	0.09268	0	0.90732	0
241	C	0.03687	0	0.96313	0
242	G	0.02838	0	0.97162	0
243	S	0.02551	0	0.97449	0
244	H	0.02210	0	0.97790	0
245	L	0.00064	0	0.99936	0
246	T	0.00058	0	0.99942	0
247	V	0.00001	0	0.99999	0
248	V	0.00000	0	1.00000	0
249	S	0.00000	0	1.00000	0
250	M	0.00000	0	1.00000	0
251	F	0.00000	0	1.00000	0
252	Y	0.00000	0	1.00000	0
253	G	0.00000	0	1.00000	0
254	T	0.00000	0	1.00000	0
255	I	0.00000	2e-05	0.99998	0
256	I	0.00000	0.00017	0.99983	0
257	Y	0.00000	0.00247	0.99753	0
258	M	0.00000	0.00476	0.99524	0
259	Y	0.00000	0.06433	0.93567	0
260	L	0.00000	0.17178	0.82822	0
261	Q	0.00000	0.82004	0.17996	0
262	P	0.00000	0.95515	0.04485	0
263	G	0.00000	0.97201	0.02799	0
264	N	0.00000	0.98775	0.01225	0
265	R	0.00000	0.99259	0.00741	0
266	A	0.00000	0.99359	0.00641	0
267	S	0.00000	0.99614	0.00386	0
268	K	0.00000	0.99989	0.00011	0
269	D	0.00000	0.99992	0.00008	0
270	Q	0.00000	0.9953	0.00470	0
271	G	0.00000	0.97432	0.02568	0
272	K	0.00000	0.67799	0.32201	0
273	F	0.00000	0.03213	0.96787	0
274	L	0.00000	0.00014	0.99986	0
275	T	0.00000	0	1.00000	0
276	L	0.00000	0	1.00000	0
277	F	0.00000	0	1.00000	0
278	Y	0.00000	0	1.00000	0
279	T	0.00000	0	1.00000	0
280	V	0.00000	0	1.00000	0
281	I	0.00000	0	1.00000	0
282	T	0.00000	0	1.00000	0
283	P	0.00000	0	1.00000	0
284	S	0.00000	0	1.00000	0
285	L	0.00000	0	1.00000	0
286	N	0.00000	0	1.00000	0
287	P	0.00000	0	1.00000	0
288	L	0.00000	0	1.00000	0
289	I	0.00000	0	1.00000	0
290	Y	0.00002	0	0.99998	0
291	T	0.00038	0	0.99962	0
292	L	0.01644	0	0.98356	0
293	R	1.00000	0	0.00000	0
294	N	1.00000	0	0.00000	0
295	K	1.00000	0	0.00000	0
296	D	1.00000	0	0.00000	0
297	M	1.00000	0	0.00000	0
298	K	1.00000	0	0.00000	0
299	D	1.00000	0	0.00000	0
300	A	1.00000	0	0.00000	0
301	L	1.00000	0	0.00000	0
302	K	1.00000	0	0.00000	0
303	K	1.00000	0	0.00000	0
304	L	1.00000	0	0.00000	0
305	M	1.00000	0	0.00000	0
306	R	1.00000	0	0.00000	0
307	F	1.00000	0	0.00000	0
308	H	1.00000	0	0.00000	0
309	H	1.00000	0	0.00000	0
310	K	1.00000	0	0.00000	0
311	S	1.00000	0	0.00000	0
312	T	1.00000	0	0.00000	0
313	K	1.00000	0	0.00000	0
314	I	1.00000	0	0.00000	0
315	K	1.00000	0	0.00000	0
316	R	1.00000	0	0.00000	0
317	N	1.00000	0	0.00000	0
318	C	1.00000	0	0.00000	0
319	K	1.00000	0	0.00000	0
320	S	1.00000	0	0.00000	0
