# UNNAMED
#pos	aa	i	o	M	S
1	M	0.00000	0.00053	0.00000	0.99947
2	E	0.00000	0.00053	0.00000	0.99948
3	L	0.00000	0.00053	0.00000	0.99948
4	Q	0.00000	0.00053	0.00000	0.99947
5	A	0.00000	0.00053	0.00000	0.99947
6	A	0.00000	0.00053	0.00000	0.99947
7	R	0.00000	0.00053	0.00000	0.99948
8	A	0.00000	0.00053	0.00000	0.99948
9	C	0.00000	0.00053	0.00000	0.99948
10	F	0.00000	0.00053	0.00000	0.99947
11	A	0.00000	0.00053	0.00000	0.99948
12	L	0.00000	0.00053	0.00000	0.99948
13	L	0.00000	0.00053	0.00000	0.99948
14	W	0.00000	0.00053	0.00000	0.99948
15	G	0.00000	0.00053	0.00000	0.99948
16	C	0.00000	0.00054	0.00000	0.99947
17	A	0.00000	0.00053	0.00000	0.99947
18	L	0.00000	0.00053	0.00000	0.99947
19	A	0.00000	0.00054	0.00000	0.99946
20	A	0.00000	0.05878	0.00000	0.94122
21	A	0.00000	0.06562	0.00000	0.93438
22	A	0.00000	0.07756	0.00000	0.92244
23	A	0.00000	0.12681	0.00000	0.87319
24	A	0.00000	0.78887	0.00000	0.21113
25	Q	0.00000	0.95596	0.00000	0.04404
26	G	0.00000	0.96341	0.00000	0.03659
27	K	0.00000	0.99878	0.00000	0.00122
28	E	0.00000	0.99878	0.00000	0.00122
29	V	0.00000	0.99998	0.00000	3e-05
30	V	0.00000	0.99997	0.00000	3e-05
31	L	0.00000	0.99997	0.00000	3e-05
32	L	0.00000	0.99997	0.00000	3e-05
33	D	0.00000	1	0.00000	0
34	F	0.00000	1	0.00000	0
35	A	0.00000	1	0.00000	0
36	A	0.00000	1	0.00000	0
37	A	0.00000	1	0.00000	0
38	G	0.00000	1	0.00000	0
39	G	0.00000	1	0.00000	0
40	E	0.00000	1	0.00000	0
41	L	0.00000	1	0.00000	0
42	G	0.00000	1	0.00000	0
43	W	0.00000	1	0.00000	0
44	L	0.00000	1	0.00000	0
45	T	0.00000	1	0.00000	0
46	H	0.00000	1	0.00000	0
47	P	0.00000	1	0.00000	0
48	Y	0.00000	1	0.00000	0
49	G	0.00000	1	0.00000	0
50	K	0.00000	1	0.00000	0
51	G	0.00000	1	0.00000	0
52	W	0.00000	1	0.00000	0
53	D	0.00000	1	0.00000	0
54	L	0.00000	1	0.00000	0
55	M	0.00000	1	0.00000	0
56	Q	0.00000	1	0.00000	0
57	N	0.00000	1	0.00000	0
58	I	0.00000	1	0.00000	0
59	M	0.00000	1	0.00000	0
60	N	0.00000	1	0.00000	0
61	D	0.00000	1	0.00000	0
62	M	0.00000	1	0.00000	0
63	P	0.00000	1	0.00000	0
64	I	0.00000	1	0.00000	0
65	Y	0.00000	1	0.00000	0
66	M	0.00000	1	0.00000	0
67	Y	0.00000	1	0.00000	0
68	S	0.00000	1	0.00000	0
69	V	0.00000	1	0.00000	0
70	C	0.00000	1	0.00000	0
71	N	0.00000	1	0.00000	0
72	V	0.00000	1	0.00000	0
73	M	0.00000	1	0.00000	0
74	S	0.00000	1	0.00000	0
75	G	0.00000	1	0.00000	0
76	D	0.00000	1	0.00000	0
77	Q	0.00000	1	0.00000	0
78	D	0.00000	1	0.00000	0
79	N	0.00000	1	0.00000	0
80	W	0.00000	1	0.00000	0
81	L	0.00000	1	0.00000	0
82	R	0.00000	1	0.00000	0
83	T	0.00000	1	0.00000	0
84	N	0.00000	1	0.00000	0
85	W	0.00000	1	0.00000	0
86	V	0.00000	1	0.00000	0
87	Y	0.00000	1	0.00000	0
88	R	0.00000	1	0.00000	0
89	G	0.00000	1	0.00000	0
90	E	0.00000	1	0.00000	0
91	A	0.00000	1	0.00000	0
92	E	0.00000	1	0.00000	0
93	R	0.00000	1	0.00000	0
94	I	0.00000	1	0.00000	0
95	F	0.00000	1	0.00000	0
96	I	0.00000	1	0.00000	0
97	E	0.00000	1	0.00000	0
98	L	0.00000	1	0.00000	0
99	K	0.00000	1	0.00000	0
100	F	0.00000	1	0.00000	0
101	T	0.00000	1	0.00000	0
102	V	0.00000	1	0.00000	0
103	R	0.00000	1	0.00000	0
104	D	0.00000	1	0.00000	0
105	C	0.00000	1	0.00000	0
106	N	0.00000	1	0.00000	0
107	S	0.00000	1	0.00000	0
108	F	0.00000	1	0.00000	0
109	P	0.00000	1	0.00000	0
110	G	0.00000	1	0.00000	0
111	G	0.00000	1	0.00000	0
112	A	0.00000	1	0.00000	0
113	S	0.00000	1	0.00000	0
114	S	0.00000	1	0.00000	0
115	C	0.00000	1	0.00000	0
116	K	0.00000	1	0.00000	0
117	E	0.00000	1	0.00000	0
118	T	0.00000	1	0.00000	0
119	F	0.00000	1	0.00000	0
120	N	0.00000	1	0.00000	0
121	L	0.00000	1	0.00000	0
122	Y	0.00000	1	0.00000	0
123	Y	0.00000	1	0.00000	0
124	A	0.00000	1	0.00000	0
125	E	0.00000	1	0.00000	0
126	S	0.00000	1	0.00000	0
127	D	0.00000	1	0.00000	0
128	L	0.00000	1	0.00000	0
129	D	0.00000	1	0.00000	0
130	Y	0.00000	1	0.00000	0
131	G	0.00000	1	0.00000	0
132	T	0.00000	1	0.00000	0
133	N	0.00000	1	0.00000	0
134	F	0.00000	1	0.00000	0
135	Q	0.00000	1	0.00000	0
136	K	0.00000	1	0.00000	0
137	R	0.00000	1	0.00000	0
138	L	0.00000	1	0.00000	0
139	F	0.00000	1	0.00000	0
140	T	0.00000	1	0.00000	0
141	K	0.00000	1	0.00000	0
142	I	0.00000	1	0.00000	0
143	D	0.00000	1	0.00000	0
144	T	0.00000	1	0.00000	0
145	I	0.00000	1	0.00000	0
146	A	0.00000	1	0.00000	0
147	P	0.00000	1	0.00000	0
148	D	0.00000	1	0.00000	0
149	E	0.00000	1	0.00000	0
150	I	0.00000	1	0.00000	0
151	T	0.00000	1	0.00000	0
152	V	0.00000	1	0.00000	0
153	S	0.00000	1	0.00000	0
154	S	0.00000	1	0.00000	0
155	D	0.00000	1	0.00000	0
156	F	0.00000	1	0.00000	0
157	E	0.00000	1	0.00000	0
158	A	0.00000	1	0.00000	0
159	R	0.00000	1	0.00000	0
160	H	0.00000	1	0.00000	0
161	V	0.00000	1	0.00000	0
162	K	0.00000	1	0.00000	0
163	L	0.00000	1	0.00000	0
164	N	0.00000	1	0.00000	0
165	V	0.00000	1	0.00000	0
166	E	0.00000	1	0.00000	0
167	E	0.00000	1	0.00000	0
168	R	0.00000	1	0.00000	0
169	S	0.00000	1	0.00000	0
170	V	0.00000	1	0.00000	0
171	G	0.00000	1	0.00000	0
172	P	0.00000	1	0.00000	0
173	L	0.00000	1	0.00000	0
174	T	0.00000	1	0.00000	0
175	R	0.00000	1	0.00000	0
176	K	0.00000	1	0.00000	0
177	G	0.00000	1	0.00000	0
178	F	0.00000	1	0.00000	0
179	Y	0.00000	1	0.00000	0
180	L	0.00000	1	0.00000	0
181	A	0.00000	1	0.00000	0
182	F	0.00000	1	0.00000	0
183	Q	0.00000	1	0.00000	0
184	D	0.00000	1	0.00000	0
185	I	0.00000	1	0.00000	0
186	G	0.00000	1	0.00000	0
187	A	0.00000	1	0.00000	0
188	C	0.00000	1	0.00000	0
189	V	0.00000	1	0.00000	0
190	A	0.00000	1	0.00000	0
191	L	0.00000	1	0.00000	0
192	L	0.00000	1	0.00000	0
193	S	0.00000	1	0.00000	0
194	V	0.00000	1	0.00000	0
195	R	0.00000	1	0.00000	0
196	V	0.00000	1	0.00000	0
197	Y	0.00000	1	0.00000	0
198	Y	0.00000	1	0.00000	0
199	K	0.00000	1	0.00000	0
200	K	0.00000	1	0.00000	0
201	C	0.00000	1	0.00000	0
202	P	0.00000	1	0.00000	0
203	E	0.00000	1	0.00000	0
204	L	0.00000	1	0.00000	0
205	L	0.00000	1	0.00000	0
206	Q	0.00000	1	0.00000	0
207	G	0.00000	1	0.00000	0
208	L	0.00000	1	0.00000	0
209	A	0.00000	1	0.00000	0
210	H	0.00000	1	0.00000	0
211	F	0.00000	1	0.00000	0
212	P	0.00000	1	0.00000	0
213	E	0.00000	1	0.00000	0
214	T	0.00000	1	0.00000	0
215	I	0.00000	1	0.00000	0
216	A	0.00000	1	0.00000	0
217	G	0.00000	1	0.00000	0
218	S	0.00000	1	0.00000	0
219	D	0.00000	1	0.00000	0
220	A	0.00000	1	0.00000	0
221	P	0.00000	1	0.00000	0
222	S	0.00000	1	0.00000	0
223	L	0.00000	1	0.00000	0
224	A	0.00000	1	0.00000	0
225	T	0.00000	1	0.00000	0
226	V	0.00000	1	0.00000	0
227	A	0.00000	1	0.00000	0
228	G	0.00000	1	0.00000	0
229	T	0.00000	1	0.00000	0
230	C	0.00000	1	0.00000	0
231	V	0.00000	1	0.00000	0
232	D	0.00000	1	0.00000	0
233	H	0.00000	1	0.00000	0
234	A	0.00000	1	0.00000	0
235	V	0.00000	1	0.00000	0
236	V	0.00000	1	0.00000	0
237	P	0.00000	1	0.00000	0
238	P	0.00000	1	0.00000	0
239	G	0.00000	1	0.00000	0
240	G	0.00000	1	0.00000	0
241	E	0.00000	1	0.00000	0
242	E	0.00000	1	0.00000	0
243	P	0.00000	1	0.00000	0
244	R	0.00000	1	0.00000	0
245	M	0.00000	1	0.00000	0
246	H	0.00000	1	0.00000	0
247	C	0.00000	1	0.00000	0
248	A	0.00000	1	0.00000	0
249	V	0.00000	1	0.00000	0
250	D	0.00000	1	0.00000	0
251	G	0.00000	1	0.00000	0
252	E	0.00000	1	0.00000	0
253	W	0.00000	1	0.00000	0
254	L	0.00000	1	0.00000	0
255	V	0.00000	1	0.00000	0
256	P	0.00000	1	0.00000	0
257	I	0.00000	1	0.00000	0
258	G	0.00000	1	0.00000	0
259	Q	0.00000	1	0.00000	0
260	C	0.00000	1	0.00000	0
261	L	0.00000	1	0.00000	0
262	C	0.00000	1	0.00000	0
263	Q	0.00000	1	0.00000	0
264	A	0.00000	1	0.00000	0
265	G	0.00000	1	0.00000	0
266	Y	0.00000	1	0.00000	0
267	E	0.00000	1	0.00000	0
268	K	0.00000	1	0.00000	0
269	V	0.00000	1	0.00000	0
270	E	0.00000	1	0.00000	0
271	D	0.00000	1	0.00000	0
272	A	0.00000	1	0.00000	0
273	C	0.00000	1	0.00000	0
274	Q	0.00000	1	0.00000	0
275	A	0.00000	1	0.00000	0
276	C	0.00000	1	0.00000	0
277	S	0.00000	1	0.00000	0
278	P	0.00000	1	0.00000	0
279	G	0.00000	1	0.00000	0
280	F	0.00000	1	0.00000	0
281	F	0.00000	1	0.00000	0
282	K	0.00000	1	0.00000	0
283	F	0.00000	1	0.00000	0
284	E	0.00000	1	0.00000	0
285	A	0.00000	1	0.00000	0
286	S	0.00000	1	0.00000	0
287	E	0.00000	1	0.00000	0
288	S	0.00000	1	0.00000	0
289	P	0.00000	1	0.00000	0
290	C	0.00000	1	0.00000	0
291	L	0.00000	1	0.00000	0
292	E	0.00000	1	0.00000	0
293	C	0.00000	1	0.00000	0
294	P	0.00000	1	0.00000	0
295	E	0.00000	1	0.00000	0
296	H	0.00000	1	0.00000	0
297	T	0.00000	1	0.00000	0
298	L	0.00000	1	0.00000	0
299	P	0.00000	1	0.00000	0
300	S	0.00000	1	0.00000	0
301	P	0.00000	1	0.00000	0
302	E	0.00000	1	0.00000	0
303	G	0.00000	1	0.00000	0
304	A	0.00000	1	0.00000	0
305	T	0.00000	1	0.00000	0
306	S	0.00000	1	0.00000	0
307	C	0.00000	1	0.00000	0
308	E	0.00000	1	0.00000	0
309	C	0.00000	1	0.00000	0
310	E	0.00000	1	0.00000	0
311	E	0.00000	1	0.00000	0
312	G	0.00000	1	0.00000	0
313	F	0.00000	1	0.00000	0
314	F	0.00000	1	0.00000	0
315	R	0.00000	1	0.00000	0
316	A	0.00000	1	0.00000	0
317	P	0.00000	1	0.00000	0
318	Q	0.00000	1	0.00000	0
319	D	0.00000	1	0.00000	0
320	P	0.00000	1	0.00000	0
321	A	0.00000	1	0.00000	0
322	S	0.00000	1	0.00000	0
323	M	0.00000	1	0.00000	0
324	P	0.00000	1	0.00000	0
325	C	0.00000	1	0.00000	0
326	T	0.00000	1	0.00000	0
327	R	0.00000	1	0.00000	0
328	P	0.00000	1	0.00000	0
329	P	0.00000	1	0.00000	0
330	S	0.00000	1	0.00000	0
331	A	0.00000	1	0.00000	0
332	P	0.00000	1	0.00000	0
333	H	0.00000	1	0.00000	0
334	Y	0.00000	1	0.00000	0
335	L	0.00000	1	0.00000	0
336	T	0.00000	1	0.00000	0
337	A	0.00000	1	0.00000	0
338	V	0.00000	1	0.00000	0
339	G	0.00000	1	0.00000	0
340	M	0.00000	1	0.00000	0
341	G	0.00000	1	0.00000	0
342	A	0.00000	1	0.00000	0
343	K	0.00000	1	0.00000	0
344	V	0.00000	1	0.00000	0
345	E	0.00000	1	0.00000	0
346	L	0.00000	1	0.00000	0
347	R	0.00000	1	0.00000	0
348	W	0.00000	1	0.00000	0
349	T	0.00000	1	0.00000	0
350	P	0.00000	1	0.00000	0
351	P	0.00000	1	0.00000	0
352	Q	0.00000	1	0.00000	0
353	D	0.00000	1	0.00000	0
354	S	0.00000	1	0.00000	0
355	G	0.00000	1	0.00000	0
356	G	0.00000	1	0.00000	0
357	R	0.00000	1	0.00000	0
358	E	0.00000	1	0.00000	0
359	D	0.00000	1	0.00000	0
360	I	0.00000	1	0.00000	0
361	V	0.00000	1	0.00000	0
362	Y	0.00000	1	0.00000	0
363	S	0.00000	1	0.00000	0
364	V	0.00000	1	0.00000	0
365	T	0.00000	1	0.00000	0
366	C	0.00000	1	0.00000	0
367	E	0.00000	1	0.00000	0
368	Q	0.00000	1	0.00000	0
369	C	0.00000	1	0.00000	0
370	W	0.00000	1	0.00000	0
371	P	0.00000	1	0.00000	0
372	E	0.00000	1	0.00000	0
373	S	0.00000	1	0.00000	0
374	G	0.00000	1	0.00000	0
375	E	0.00000	1	0.00000	0
376	C	0.00000	1	0.00000	0
377	G	0.00000	1	0.00000	0
378	P	0.00000	1	0.00000	0
379	C	0.00000	1	0.00000	0
380	E	0.00000	1	0.00000	0
381	A	0.00000	1	0.00000	0
382	S	0.00000	1	0.00000	0
383	V	0.00000	1	0.00000	0
384	R	0.00000	1	0.00000	0
385	Y	0.00000	1	0.00000	0
386	S	0.00000	1	0.00000	0
387	E	0.00000	1	0.00000	0
388	P	0.00000	1	0.00000	0
389	P	0.00000	1	0.00000	0
390	H	0.00000	1	0.00000	0
391	G	0.00000	1	0.00000	0
392	L	0.00000	1	0.00000	0
393	T	0.00000	1	0.00000	0
394	R	0.00000	1	0.00000	0
395	T	0.00000	1	0.00000	0
396	S	0.00000	1	0.00000	0
397	V	0.00000	1	0.00000	0
398	T	0.00000	1	0.00000	0
399	V	0.00000	1	0.00000	0
400	S	0.00000	1	0.00000	0
401	D	0.00000	1	0.00000	0
402	L	0.00000	1	0.00000	0
403	E	0.00000	1	0.00000	0
404	P	0.00000	1	0.00000	0
405	H	0.00000	1	0.00000	0
406	M	0.00000	1	0.00000	0
407	N	0.00000	1	0.00000	0
408	Y	0.00000	1	0.00000	0
409	T	0.00000	1	0.00000	0
410	F	0.00000	1	0.00000	0
411	T	0.00000	1	0.00000	0
412	V	0.00000	1	0.00000	0
413	E	0.00000	1	0.00000	0
414	A	0.00000	1	0.00000	0
415	R	0.00000	1	0.00000	0
416	N	0.00000	1	0.00000	0
417	G	0.00000	1	0.00000	0
418	V	0.00000	1	0.00000	0
419	S	0.00000	1	0.00000	0
420	G	0.00000	1	0.00000	0
421	L	0.00000	1	0.00000	0
422	V	0.00000	1	0.00000	0
423	T	0.00000	1	0.00000	0
424	S	0.00000	1	0.00000	0
425	R	0.00000	1	0.00000	0
426	S	0.00000	1	0.00000	0
427	F	0.00000	1	0.00000	0
428	R	0.00000	1	0.00000	0
429	T	0.00000	1	0.00000	0
430	A	0.00000	1	0.00000	0
431	S	0.00000	1	0.00000	0
432	V	0.00000	1	0.00000	0
433	S	0.00000	1	0.00000	0
434	I	0.00000	1	0.00000	0
435	N	0.00000	1	0.00000	0
436	Q	0.00000	1	0.00000	0
437	T	0.00000	1	0.00000	0
438	E	0.00000	1	0.00000	0
439	P	0.00000	1	0.00000	0
440	P	0.00000	1	0.00000	0
441	K	0.00000	1	0.00000	0
442	V	0.00000	1	0.00000	0
443	R	0.00000	1	0.00000	0
444	L	0.00000	1	0.00000	0
445	E	0.00000	1	0.00000	0
446	G	0.00000	1	0.00000	0
447	R	0.00000	1	0.00000	0
448	S	0.00000	1	0.00000	0
449	T	0.00000	1	0.00000	0
450	T	0.00000	1	0.00000	0
451	S	0.00000	1	0.00000	0
452	L	0.00000	1	0.00000	0
453	S	0.00000	1	0.00000	0
454	V	0.00000	1	0.00000	0
455	S	0.00000	1	0.00000	0
456	W	0.00000	1	0.00000	0
457	S	0.00000	1	0.00000	0
458	I	0.00000	1	0.00000	0
459	P	0.00000	1	0.00000	0
460	P	0.00000	1	0.00000	0
461	P	0.00000	1	0.00000	0
462	Q	0.00000	1	0.00000	0
463	Q	0.00000	1	0.00000	0
464	S	0.00000	1	0.00000	0
465	R	0.00000	1	0.00000	0
466	V	0.00000	1	0.00000	0
467	W	0.00000	1	0.00000	0
468	K	0.00000	1	0.00000	0
469	Y	0.00000	1	0.00000	0
470	E	0.00000	1	0.00000	0
471	V	0.00000	1	0.00000	0
472	T	0.00000	1	0.00000	0
473	Y	0.00000	1	0.00000	0
474	R	0.00000	1	0.00000	0
475	K	0.00000	1	0.00000	0
476	K	0.00000	1	0.00000	0
477	G	0.00000	1	0.00000	0
478	D	0.00000	1	0.00000	0
479	S	0.00000	1	0.00000	0
480	N	0.00000	1	0.00000	0
481	S	0.00000	1	0.00000	0
482	Y	0.00000	1	0.00000	0
483	N	0.00000	1	0.00000	0
484	V	0.00000	1	0.00000	0
485	R	0.00000	1	0.00000	0
486	R	0.00000	1	0.00000	0
487	T	0.00000	1	0.00000	0
488	E	0.00000	1	0.00000	0
489	G	0.00000	1	0.00000	0
490	F	0.00000	1	0.00000	0
491	S	0.00000	1	0.00000	0
492	V	0.00000	1	0.00000	0
493	T	0.00000	1	0.00000	0
494	L	0.00000	1	0.00000	0
495	D	0.00000	1	0.00000	0
496	D	0.00000	1	0.00000	0
497	L	0.00000	1	0.00000	0
498	A	0.00000	1	0.00000	0
499	P	0.00000	1	0.00000	0
500	D	0.00000	1	0.00000	0
501	T	0.00000	0.99352	0.00648	0
502	T	0.00000	0.98231	0.01769	0
503	Y	0.00000	0.97408	0.02592	0
504	L	0.00000	0.97084	0.02916	0
505	V	0.00000	0.97016	0.02984	0
506	Q	0.00000	0.97012	0.02988	0
507	V	0.00000	0.9701	0.02990	0
508	Q	0.00000	0.9701	0.02990	0
509	A	0.00000	0.9701	0.02990	0
510	L	0.00000	0.9701	0.02990	0
511	T	0.00000	0.9701	0.02990	0
512	Q	0.00000	0.9701	0.02990	0
513	E	0.00000	0.9701	0.02990	0
514	G	0.00000	0.9701	0.02990	0
515	Q	0.00000	0.9701	0.02990	0
516	G	0.00000	0.9701	0.02990	0
517	A	0.00000	0.9701	0.02990	0
518	G	0.00000	0.9701	0.02990	0
519	S	0.00000	0.9701	0.02990	0
520	K	0.00002	0.9701	0.02988	0
521	V	0.00004	0.9701	0.02987	0
522	H	0.00124	0.9701	0.02866	0
523	E	0.00430	0.9701	0.02561	0
524	F	0.00522	0.97009	0.02469	0
525	Q	0.02988	0.97009	0.00004	0
526	T	0.02990	0.97006	0.00004	0
527	L	0.02990	0.97004	0.00005	0
528	S	0.02990	0.97004	0.00006	0
529	P	0.02990	0.97001	0.00009	0
530	E	0.02990	0.97	0.00010	0
531	G	0.02987	0.96959	0.00054	0
532	S	0.02980	0.96847	0.00173	0
533	G	0.02907	0.96161	0.00931	0
534	N	0.01106	0.92157	0.06737	0
535	L	0.00213	0.36748	0.63039	0
536	A	0.00135	0.19964	0.79901	0
537	V	0.00007	0.04309	0.95685	0
538	I	0.00000	0.00596	0.99404	0
539	G	0.00000	0.0022	0.99780	0
540	G	0.00000	0.00086	0.99914	0
541	V	0.00000	5e-05	0.99995	0
542	A	0.00000	0	1.00000	0
543	V	0.00000	0	1.00000	0
544	G	0.00000	0	1.00000	0
545	V	0.00000	0	1.00000	0
546	V	0.00000	0	1.00000	0
547	L	0.00000	0	1.00000	0
548	L	0.00000	0	1.00000	0
549	L	0.00000	0	1.00000	0
550	V	0.00000	0	1.00000	0
551	L	0.00000	0	1.00000	0
552	A	0.00000	0	1.00000	0
553	G	0.00000	1e-05	0.99999	0
554	V	0.00000	3e-05	0.99997	0
555	G	0.00001	0.00028	0.99971	0
556	F	0.00001	0.00052	0.99947	0
557	F	0.00022	0.00213	0.99765	0
558	I	0.00592	0.01339	0.98069	0
559	H	0.46309	0.02976	0.50715	0
560	R	0.88369	0.02989	0.08641	0
561	R	0.96789	0.0299	0.00221	0
562	R	0.97006	0.0299	0.00004	0
563	K	0.97009	0.0299	0.00001	0
564	N	0.96997	0.0299	0.00013	0
565	Q	0.96929	0.0299	0.00080	0
566	R	0.96788	0.0299	0.00221	0
567	A	0.96772	0.0299	0.00238	0
568	R	0.96756	0.0299	0.00254	0
569	Q	0.96651	0.0299	0.00359	0
570	S	0.96621	0.0299	0.00389	0
571	P	0.96606	0.0299	0.00404	0
572	E	0.14241	0.0299	0.82768	0
573	D	0.09132	0.0299	0.87878	0
574	V	0.00112	0.0299	0.96898	0
575	Y	0.00003	0.0299	0.97007	0
576	F	0.00000	0.0299	0.97010	0
577	S	0.00000	0.0299	0.97010	0
578	K	0.00000	0.0299	0.97010	0
579	S	0.00000	0.0299	0.97010	0
580	E	0.00000	0.0299	0.97010	0
581	Q	0.00000	0.0299	0.97010	0
582	L	0.00000	0.0299	0.97010	0
583	K	0.00000	0.02993	0.97007	0
584	P	0.00000	0.02993	0.97007	0
585	L	0.00000	0.03009	0.96991	0
586	K	0.00000	0.03194	0.96806	0
587	T	0.00000	0.03228	0.96772	0
588	Y	0.00000	0.03371	0.96629	0
589	V	0.00000	0.39095	0.60905	0
590	D	0.00000	0.57492	0.42508	0
591	P	0.00000	0.80883	0.19117	0
592	H	0.00000	0.9491	0.05090	0
593	T	0.00000	0.9655	0.03450	0
594	Y	0.00000	0.98459	0.01541	0
595	E	0.00000	0.9942	0.00580	0
596	D	0.00000	1	0.00000	0
597	P	0.00000	1	0.00000	0
598	N	0.00000	1	0.00000	0
599	Q	0.00000	1	0.00000	0
600	A	0.00000	1	0.00000	0
601	V	0.00000	1	0.00000	0
602	L	0.00000	1	0.00000	0
603	K	0.00000	1	0.00000	0
604	F	0.00000	1	0.00000	0
605	T	0.00000	1	0.00000	0
606	T	0.00000	1	0.00000	0
607	E	0.00000	1	0.00000	0
608	I	0.00000	1	0.00000	0
609	H	0.00000	1	0.00000	0
610	P	0.00000	1	0.00000	0
611	S	0.00000	0.99998	0.00002	0
612	C	0.00000	0.99972	0.00028	0
613	V	0.00000	0.99844	0.00156	0
614	T	0.00000	0.99751	0.00249	0
615	R	0.00000	0.99202	0.00798	0
616	Q	0.00000	0.98518	0.01482	0
617	K	0.00000	0.96939	0.03061	0
618	V	0.00000	0.00107	0.99893	0
619	I	0.00000	0.00107	0.99893	0
620	G	0.00000	0.00107	0.99893	0
621	A	0.00000	0.00107	0.99893	0
622	G	0.00000	0.00107	0.99893	0
623	E	0.00000	0.00107	0.99893	0
624	F	0.00000	0.00107	0.99893	0
625	G	0.00000	0.00107	0.99893	0
626	E	0.00000	0.00107	0.99893	0
627	V	0.00000	0.00106	0.99893	0
628	Y	0.00000	0.00106	0.99893	0
629	K	0.00000	0.00106	0.99893	0
630	G	0.00000	0.00106	0.99894	0
631	M	0.00000	0.00106	0.99893	0
632	L	0.00002	0.00106	0.99892	0
633	K	0.00040	0.00106	0.99853	0
634	T	0.00061	0.00106	0.99832	0
635	S	0.00068	0.00106	0.99825	0
636	S	0.00080	0.00106	0.99814	0
637	G	0.00769	0.00106	0.99124	0
638	K	0.01140	0.00106	0.98754	0
639	K	0.01271	0.00106	0.98622	0
640	E	0.01859	0.00106	0.98034	0
641	V	0.73325	0.00104	0.26571	0
642	P	0.99893	0.00104	0.00003	0
643	V	0.99893	0.00104	0.00003	0
644	A	0.99893	0.00104	0.00003	0
645	I	0.99893	0.00104	0.00003	0
646	K	0.99893	0.00104	0.00003	0
647	T	0.99893	0.00104	0.00003	0
648	L	0.99893	0.00104	0.00003	0
649	K	0.99893	0.00104	0.00003	0
650	A	0.99893	0.00104	0.00003	0
651	G	0.99892	0.00104	0.00004	0
652	Y	0.99892	0.00104	0.00004	0
653	T	0.99892	0.00104	0.00004	0
654	E	0.99889	0.00104	0.00007	0
655	K	0.99835	0.00104	0.00061	0
656	Q	0.97245	0.0009	0.02665	0
657	R	0.51299	0.00045	0.48656	0
658	V	0.01593	0	0.98407	0
659	D	0.01406	0	0.98594	0
660	F	0.00022	0	0.99978	0
661	L	0.00003	0	0.99997	0
662	G	0.00003	0	0.99997	0
663	E	0.00003	0	0.99997	0
664	A	0.00003	0	0.99997	0
665	G	0.00003	0	0.99997	0
666	I	0.00003	0	0.99997	0
667	M	0.00003	0	0.99997	0
668	G	0.00003	0	0.99997	0
669	Q	0.00003	0	0.99997	0
670	F	0.00002	0	0.99997	0
671	S	0.00002	1e-05	0.99997	0
672	H	0.00002	1e-05	0.99996	0
673	H	0.00002	2e-05	0.99996	0
674	N	0.00002	4e-05	0.99994	0
675	I	0.00000	0.00011	0.99989	0
676	I	0.00000	0.00944	0.99056	0
677	R	0.00000	0.92739	0.07261	0
678	L	0.00000	0.95696	0.04303	0
679	E	0.00000	0.98869	0.01130	0
680	G	0.00035	0.99122	0.00843	0
681	V	0.00086	0.99308	0.00606	0
682	I	0.00104	0.99849	0.00047	0
683	S	0.00104	0.99888	0.00008	0
684	K	0.00104	0.99893	0.00003	0
685	Y	0.00104	0.99894	0.00003	0
686	K	0.00104	0.99894	0.00003	0
687	P	0.00104	0.99894	0.00003	0
688	M	0.00104	0.99894	0.00003	0
689	M	0.00104	0.99894	0.00003	0
690	I	0.00104	0.99894	0.00003	0
691	I	0.00104	0.99894	0.00003	0
692	T	0.00104	0.99894	0.00003	0
693	E	0.00104	0.99894	0.00002	0
694	Y	0.00104	0.99894	0.00002	0
695	M	0.00104	0.99894	0.00002	0
696	E	0.00104	0.99896	0.00000	0
697	N	0.00104	0.99896	0.00000	0
698	G	0.00104	0.99896	0.00000	0
699	A	0.00104	0.99896	0.00000	0
700	L	0.00104	0.99896	0.00000	0
701	D	0.00104	0.99896	0.00000	0
702	K	0.00103	0.99895	0.00002	0
703	F	0.00006	0.99839	0.00155	0
704	L	0.00000	0.99839	0.00161	0
705	R	0.00000	0.99839	0.00161	0
706	E	0.00000	0.99839	0.00161	0
707	K	0.00000	0.99838	0.00162	0
708	D	0.00000	0.99832	0.00168	0
709	G	0.00000	0.99622	0.00378	0
710	E	0.00000	0.95317	0.04683	0
711	F	0.00000	0.90475	0.09525	0
712	S	0.00000	0.87384	0.12616	0
713	V	0.00000	0.54937	0.45063	0
714	L	0.00000	0.53104	0.46896	0
715	Q	0.00000	0.53091	0.46909	0
716	L	0.00000	0.00891	0.99109	0
717	V	0.00000	0.00051	0.99949	0
718	G	0.00000	0.0005	0.99950	0
719	M	0.00000	0.00049	0.99951	0
720	L	0.00000	0.00049	0.99951	0
721	R	0.00000	0.00049	0.99951	0
722	G	0.00000	0.0005	0.99950	0
723	I	0.00000	0.0005	0.99950	0
724	A	0.00001	0.00082	0.99917	0
725	A	0.00014	0.00118	0.99868	0
726	G	0.00054	0.00151	0.99795	0
727	M	0.00055	0.00151	0.99794	0
728	K	0.00057	0.00151	0.99792	0
729	Y	0.00057	0.00151	0.99792	0
730	L	0.00058	0.00151	0.99790	0
731	A	0.00228	0.00151	0.99621	0
732	N	0.03967	0.00151	0.95882	0
733	M	0.07460	0.0015	0.92390	0
734	N	0.09126	0.00148	0.90726	0
735	Y	0.09306	0.00148	0.90546	0
736	V	0.12486	0.00148	0.87366	0
737	H	0.41041	0.00148	0.58811	0
738	R	0.89516	0.00148	0.10336	0
739	D	0.98720	0.00145	0.01136	0
740	L	0.99161	0.00092	0.00747	0
741	A	0.99577	0.00085	0.00337	0
742	A	0.99840	0.00072	0.00088	0
743	R	0.99847	0.00057	0.00096	0
744	N	0.99847	0.00022	0.00131	0
745	I	0.99847	0	0.00153	0
746	L	0.99847	0	0.00153	0
747	V	0.99848	0	0.00152	0
748	N	0.99849	0	0.00151	0
749	S	0.99849	0	0.00151	0
750	N	0.99849	0	0.00151	0
751	L	0.99849	0	0.00151	0
752	V	0.99849	0	0.00151	0
753	C	0.99849	0	0.00151	0
754	K	0.99849	0	0.00151	0
755	V	0.99849	0	0.00151	0
756	S	0.99851	0	0.00149	0
757	D	0.99852	0	0.00148	0
758	F	0.99852	0	0.00148	0
759	G	0.99852	0	0.00148	0
760	L	0.99852	0	0.00148	0
761	S	0.99853	0	0.00147	0
762	R	0.99858	0	0.00142	0
763	V	0.99858	0	0.00142	0
764	L	0.99864	0	0.00136	0
765	E	0.99978	0	0.00022	0
766	D	0.99995	0	0.00005	0
767	D	1.00000	0	0.00000	0
768	P	1.00000	0	0.00000	0
769	E	1.00000	0	0.00000	0
770	A	1.00000	0	0.00000	0
771	T	1.00000	0	0.00000	0
772	Y	1.00000	0	0.00000	0
773	T	1.00000	0	0.00000	0
774	T	1.00000	0	0.00000	0
775	S	1.00000	0	0.00000	0
776	G	1.00000	0	0.00000	0
777	G	1.00000	0	0.00000	0
778	K	1.00000	0	0.00000	0
779	I	1.00000	0	0.00000	0
780	P	1.00000	0	0.00000	0
781	I	1.00000	0	0.00000	0
782	R	1.00000	0	0.00000	0
783	W	1.00000	0	0.00000	0
784	T	1.00000	0	0.00000	0
785	A	1.00000	0	0.00000	0
786	P	1.00000	0	0.00000	0
787	E	1.00000	0	0.00000	0
788	A	0.95693	0	0.04307	0
789	I	0.93675	0	0.06325	0
790	S	0.91445	0	0.08555	0
791	Y	0.77092	0	0.22908	0
792	R	0.74949	0	0.25051	0
793	K	0.49574	0	0.50425	0
794	F	0.00000	0	1.00000	0
795	T	0.00000	0	1.00000	0
796	S	0.00000	0	1.00000	0
797	A	0.00000	0	1.00000	0
798	S	0.00000	0	1.00000	0
799	D	0.00000	0	1.00000	0
800	V	0.00000	0	1.00000	0
801	W	0.00000	0	1.00000	0
802	S	0.00000	0	1.00000	0
803	F	0.00000	0	1.00000	0
804	G	0.00000	0	1.00000	0
805	I	0.00000	0	1.00000	0
806	V	0.00000	0	1.00000	0
807	M	0.00000	1e-05	0.99999	0
808	W	0.00000	0.00071	0.99929	0
809	E	0.00000	0.00453	0.99547	0
810	V	0.00000	0.0053	0.99470	0
811	M	0.00000	0.01057	0.98943	0
812	T	0.00000	0.0972	0.90280	0
813	Y	0.00000	0.18975	0.81025	0
814	G	0.00000	0.64948	0.35052	0
815	E	0.00000	0.97225	0.02775	0
816	R	0.00000	0.99798	0.00202	0
817	P	0.00000	0.99921	0.00079	0
818	Y	0.00000	0.99965	0.00035	0
819	W	0.00000	0.99978	0.00022	0
820	E	0.00000	1	0.00000	0
821	L	0.00000	1	0.00000	0
822	S	0.00000	0.99999	0.00001	0
823	N	0.00000	0.99993	0.00007	0
824	H	0.00000	0.9879	0.01210	0
825	E	0.00000	0.94467	0.05532	0
826	V	0.00000	0.66664	0.33336	0
827	M	0.00000	0.56156	0.43844	0
828	K	0.00000	0.55195	0.44805	0
829	A	0.00000	0.54448	0.45552	0
830	I	0.00000	0.54062	0.45938	0
831	N	0.00000	0.49073	0.50927	0
832	D	0.00000	0.42072	0.57928	0
833	G	0.00000	0.3545	0.64550	0
834	F	0.00000	0.00633	0.99367	0
835	R	0.00000	0.00329	0.99671	0
836	L	0.00000	2e-05	0.99998	0
837	P	0.00000	0	1.00000	0
838	T	0.00000	0	1.00000	0
839	P	0.00000	0	1.00000	0
840	M	0.00000	0	1.00000	0
841	D	0.00000	0	1.00000	0
842	C	0.00000	0	1.00000	0
843	P	0.00001	0	0.99999	0
844	S	0.00016	0	0.99984	0
845	A	0.00097	0	0.99903	0
846	I	0.00210	0	0.99790	0
847	Y	0.05546	0	0.94454	0
848	Q	0.09194	0	0.90806	0
849	L	0.10244	0	0.89756	0
850	M	0.20067	0	0.79933	0
851	M	0.44054	0	0.55946	0
852	Q	0.55816	0	0.44184	0
853	C	0.56534	0	0.43466	0
854	W	0.79481	0	0.20519	0
855	Q	0.99051	0	0.00949	0
856	Q	0.99971	0	0.00029	0
857	E	1.00000	0	0.00000	0
858	R	1.00000	0	0.00000	0
859	A	1.00000	0	0.00000	0
860	R	1.00000	0	0.00000	0
861	R	1.00000	0	0.00000	0
862	P	1.00000	0	0.00000	0
863	K	1.00000	0	0.00000	0
864	F	1.00000	0	0.00000	0
865	A	1.00000	0	0.00000	0
866	D	1.00000	0	0.00000	0
867	I	1.00000	0	0.00000	0
868	V	1.00000	0	0.00000	0
869	S	1.00000	0	0.00000	0
870	I	1.00000	0	0.00000	0
871	L	1.00000	0	0.00000	0
872	D	1.00000	0	0.00000	0
873	K	1.00000	0	0.00000	0
874	L	1.00000	0	0.00000	0
875	I	1.00000	0	0.00000	0
876	R	1.00000	0	0.00000	0
877	A	1.00000	0	0.00000	0
878	P	1.00000	0	0.00000	0
879	D	1.00000	0	0.00000	0
880	S	1.00000	0	0.00000	0
881	L	1.00000	0	0.00000	0
882	K	1.00000	0	0.00000	0
883	T	1.00000	0	0.00000	0
884	L	1.00000	0	0.00000	0
885	A	1.00000	0	0.00000	0
886	D	1.00000	0	0.00000	0
887	F	1.00000	0	0.00000	0
888	D	1.00000	0	0.00000	0
889	P	1.00000	0	0.00000	0
890	R	1.00000	0	0.00000	0
891	V	1.00000	0	0.00000	0
892	S	1.00000	0	0.00000	0
893	I	1.00000	0	0.00000	0
894	R	1.00000	0	0.00000	0
895	L	1.00000	0	0.00000	0
896	P	1.00000	0	0.00000	0
897	S	1.00000	0	0.00000	0
898	T	1.00000	0	0.00000	0
899	S	1.00000	0	0.00000	0
900	G	1.00000	0	0.00000	0
901	S	1.00000	0	0.00000	0
902	E	1.00000	0	0.00000	0
903	G	1.00000	0	0.00000	0
904	V	1.00000	0	0.00000	0
905	P	1.00000	0	0.00000	0
906	F	1.00000	0	0.00000	0
907	R	1.00000	0	0.00000	0
908	T	1.00000	0	0.00000	0
909	V	1.00000	0	0.00000	0
910	S	1.00000	0	0.00000	0
911	E	1.00000	0	0.00000	0
912	W	1.00000	0	0.00000	0
913	L	1.00000	0	0.00000	0
914	E	1.00000	0	0.00000	0
915	S	1.00000	0	0.00000	0
916	I	1.00000	0	0.00000	0
917	K	1.00000	0	0.00000	0
918	M	1.00000	0	0.00000	0
919	Q	1.00000	0	0.00000	0
920	Q	1.00000	0	0.00000	0
921	Y	1.00000	0	0.00000	0
922	T	1.00000	0	0.00000	0
923	E	1.00000	0	0.00000	0
924	H	1.00000	0	0.00000	0
925	F	1.00000	0	0.00000	0
926	M	1.00000	0	0.00000	0
927	A	1.00000	0	0.00000	0
928	A	1.00000	0	0.00000	0
929	G	1.00000	0	0.00000	0
930	Y	1.00000	0	0.00000	0
931	T	1.00000	0	0.00000	0
932	A	1.00000	0	0.00000	0
933	I	1.00000	0	0.00000	0
934	E	1.00000	0	0.00000	0
935	K	1.00000	0	0.00000	0
936	V	1.00000	0	0.00000	0
937	V	1.00000	0	0.00000	0
938	Q	1.00000	0	0.00000	0
939	M	1.00000	0	0.00000	0
940	T	1.00000	0	0.00000	0
941	N	1.00000	0	0.00000	0
942	D	1.00000	0	0.00000	0
943	D	1.00000	0	0.00000	0
944	I	1.00000	0	0.00000	0
945	K	1.00000	0	0.00000	0
946	R	1.00000	0	0.00000	0
947	I	1.00000	0	0.00000	0
948	G	1.00000	0	0.00000	0
949	V	1.00000	0	0.00000	0
950	R	1.00000	0	0.00000	0
951	L	1.00000	0	0.00000	0
952	P	1.00000	0	0.00000	0
953	G	1.00000	0	0.00000	0
954	H	1.00000	0	0.00000	0
955	Q	1.00000	0	0.00000	0
956	K	1.00000	0	0.00000	0
957	R	1.00000	0	0.00000	0
958	I	1.00000	0	0.00000	0
959	A	1.00000	0	0.00000	0
960	Y	1.00000	0	0.00000	0
961	S	1.00000	0	0.00000	0
962	L	1.00000	0	0.00000	0
963	L	1.00000	0	0.00000	0
964	G	1.00000	0	0.00000	0
965	L	1.00000	0	0.00000	0
966	K	1.00000	0	0.00000	0
967	D	1.00000	0	0.00000	0
968	Q	1.00000	0	0.00000	0
969	V	1.00000	0	0.00000	0
970	N	1.00000	0	0.00000	0
971	T	1.00000	0	0.00000	0
972	V	1.00000	0	0.00000	0
973	G	1.00000	0	0.00000	0
974	I	1.00000	0	0.00000	0
975	P	1.00000	0	0.00000	0
976	I	1.00000	0	0.00000	0
