# UNNAMED
#pos	aa	i	o	M	S
1	M	0.00000	0.32017	0.00000	0.67983
2	R	0.00000	0.32017	0.00000	0.67983
3	M	0.00000	0.32017	0.00000	0.67984
4	S	0.00000	0.31463	0.00553	0.67984
5	V	0.00000	0.27366	0.04650	0.67984
6	G	0.00000	0.25573	0.06444	0.67983
7	L	0.00000	0.22657	0.09360	0.67983
8	S	0.00000	0.16018	0.15999	0.67984
9	L	0.00000	0.04335	0.27681	0.67984
10	L	0.00000	0.02229	0.29787	0.67983
11	L	0.00000	0.01865	0.30151	0.67983
12	P	0.00000	0.01384	0.30632	0.67983
13	L	0.00000	0.00458	0.31559	0.67983
14	S	0.00000	0.00211	0.31805	0.67983
15	G	0.00000	0.00079	0.31938	0.67984
16	R	0.00000	0.00343	0.31963	0.67694
17	T	0.00000	0.00308	0.31998	0.67694
18	F	0.00000	0.01678	0.31998	0.66324
19	L	0.00000	0.01677	0.31998	0.66325
20	L	0.00000	0.03468	0.31998	0.64533
21	L	0.00000	0.03469	0.31998	0.64533
22	L	0.00000	0.03551	0.31998	0.64451
23	S	0.00000	0.03638	0.31998	0.64363
24	V	0.00000	0.04095	0.31998	0.63906
25	V	0.00004	0.04095	0.31995	0.63906
26	M	0.00143	0.04095	0.31855	0.63906
27	A	0.01090	0.04095	0.30908	0.63906
28	Q	0.10199	0.67934	0.21800	0.00067
29	S	0.15701	0.67934	0.16298	0.00067
30	H	0.18882	0.68001	0.13116	0
31	W	0.23282	0.68002	0.08716	0
32	P	0.30426	0.68002	0.01572	0
33	S	0.31089	0.68002	0.00909	0
34	E	0.31756	0.68002	0.00243	0
35	P	0.31996	0.68002	0.00002	0
36	S	0.31998	0.68002	0.00000	0
37	E	0.31998	0.68002	0.00000	0
38	A	0.31998	0.68002	0.00001	0
39	V	0.31997	0.68002	0.00001	0
40	R	0.31992	0.68002	0.00006	0
41	D	0.30590	0.68002	0.01409	0
42	W	0.16863	0.68002	0.15135	0
43	E	0.08546	0.68002	0.23453	0
44	N	0.03097	0.68002	0.28902	0
45	Q	0.02688	0.68002	0.29310	0
46	L	0.01251	0.68002	0.30747	0
47	E	0.00195	0.68002	0.31803	0
48	A	0.00017	0.68002	0.31982	0
49	S	0.00003	0.68001	0.31995	0
50	M	0.00000	0.68001	0.31999	0
51	H	0.00000	0.68001	0.31999	0
52	S	0.00000	0.68001	0.31999	0
53	V	0.00000	0.68001	0.31999	0
54	L	0.00000	0.68001	0.31999	0
55	S	0.00000	0.68001	0.31999	0
56	D	0.00000	0.68001	0.31999	0
57	L	0.00000	0.67987	0.32013	0
58	H	0.00000	0.67979	0.32021	0
59	E	0.00000	0.67971	0.32029	0
60	A	0.00000	0.67887	0.32113	0
61	V	0.00000	0.67864	0.32136	0
62	P	0.00000	0.679	0.32100	0
63	T	0.00000	0.68104	0.31896	0
64	V	0.00000	0.68916	0.31084	0
65	V	0.00000	0.72269	0.27731	0
66	G	0.00000	0.89751	0.10249	0
67	I	0.00000	0.99738	0.00262	0
68	P	0.00000	0.99772	0.00228	0
69	D	0.00000	0.99851	0.00149	0
70	G	0.00000	0.99855	0.00145	0
71	T	0.00000	0.99856	0.00143	0
72	A	0.00000	0.99857	0.00143	0
73	V	0.00000	0.99857	0.00143	0
74	V	0.00000	0.99857	0.00143	0
75	G	0.00001	0.99838	0.00161	0
76	R	0.00010	0.99699	0.00291	0
77	S	0.00014	0.99672	0.00314	0
78	F	0.00016	0.99647	0.00337	0
79	R	0.00071	0.99645	0.00283	0
80	V	0.00075	0.99627	0.00298	0
81	T	0.00126	0.99626	0.00248	0
82	I	0.00126	0.99624	0.00249	0
83	P	0.00142	0.99623	0.00234	0
84	T	0.00139	0.99617	0.00244	0
85	D	0.00120	0.99615	0.00265	0
86	L	0.00064	0.9961	0.00326	0
87	I	0.00058	0.99607	0.00335	0
88	A	0.00058	0.99285	0.00657	0
89	S	0.00057	0.98613	0.01330	0
90	S	0.00049	0.94032	0.05920	0
91	G	0.00003	0.85707	0.14289	0
92	D	0.00000	0.7142	0.28580	0
93	I	0.00000	0.67938	0.32062	0
94	I	0.00000	0.67856	0.32144	0
95	K	0.00005	0.67853	0.32141	0
96	V	0.00026	0.67833	0.32142	0
97	S	0.00207	0.67833	0.31960	0
98	A	0.00210	0.67833	0.31957	0
99	A	0.00218	0.67833	0.31949	0
100	G	0.00230	0.67833	0.31937	0
101	K	0.00230	0.67833	0.31937	0
102	E	0.00230	0.67833	0.31937	0
103	A	0.00230	0.67833	0.31937	0
104	L	0.00231	0.67833	0.31936	0
105	P	0.00240	0.67851	0.31909	0
106	S	0.00222	0.67895	0.31883	0
107	W	0.00216	0.67896	0.31889	0
108	L	0.00215	0.67899	0.31886	0
109	H	0.00215	0.67961	0.31823	0
110	W	0.00215	0.67974	0.31810	0
111	D	0.00278	0.67975	0.31747	0
112	S	0.07569	0.67975	0.24456	0
113	Q	0.27639	0.67975	0.04387	0
114	S	0.31254	0.67975	0.00771	0
115	H	0.31349	0.67975	0.00676	0
116	T	0.31797	0.67975	0.00228	0
117	L	0.31795	0.67975	0.00230	0
118	E	0.31795	0.67975	0.00230	0
119	G	0.31795	0.67975	0.00231	0
120	L	0.31795	0.67975	0.00231	0
121	P	0.31795	0.67975	0.00231	0
122	L	0.31795	0.67975	0.00231	0
123	D	0.31795	0.67975	0.00230	0
124	T	0.31795	0.6798	0.00225	0
125	D	0.31794	0.67993	0.00213	0
126	K	0.31557	0.67999	0.00444	0
127	G	0.18784	0.6799	0.13226	0
128	V	0.07355	0.67984	0.24661	0
129	H	0.05503	0.67977	0.26520	0
130	Y	0.04836	0.67976	0.27188	0
131	I	0.04157	0.67976	0.27868	0
132	S	0.04136	0.67976	0.27888	0
133	V	0.00613	0.67912	0.31476	0
134	S	0.00154	0.68029	0.31818	0
135	A	0.00030	0.68022	0.31948	0
136	T	0.00019	0.68043	0.31938	0
137	R	0.00011	0.68065	0.31924	0
138	L	0.00001	0.68066	0.31933	0
139	G	0.00001	0.6807	0.31929	0
140	A	0.00000	0.68071	0.31929	0
141	N	0.00000	0.68071	0.31929	0
142	G	0.00000	0.68067	0.31933	0
143	S	0.00000	0.68045	0.31955	0
144	H	0.00000	0.68038	0.31962	0
145	I	0.00000	0.68045	0.31955	0
146	P	0.00000	0.6944	0.30560	0
147	Q	0.00000	0.74557	0.25443	0
148	T	0.00000	0.82054	0.17946	0
149	S	0.00000	0.93391	0.06609	0
150	S	0.00000	0.93858	0.06142	0
151	V	0.00000	0.94052	0.05947	0
152	F	0.00012	0.94738	0.05250	0
153	S	0.00027	0.95908	0.04065	0
154	I	0.00043	0.9662	0.03337	0
155	E	0.00052	0.9964	0.00308	0
156	V	0.00094	0.9971	0.00196	0
157	Y	0.00111	0.99792	0.00098	0
158	P	0.00133	0.99824	0.00042	0
159	E	0.00133	0.99833	0.00034	0
160	D	0.00133	0.99833	0.00033	0
161	H	0.00133	0.99833	0.00033	0
162	S	0.00133	0.99833	0.00033	0
163	E	0.00133	0.99833	0.00034	0
164	L	0.00164	0.99833	0.00002	0
165	Q	0.00167	0.99833	0.00000	0
166	S	0.00167	0.99833	0.00001	0
167	V	0.00167	0.99824	0.00009	0
168	R	0.00167	0.99677	0.00156	0
169	T	0.00167	0.99594	0.00239	0
170	A	0.00167	0.99512	0.00321	0
171	S	0.00167	0.99089	0.00745	0
172	P	0.00167	0.99079	0.00754	0
173	D	0.00164	0.99063	0.00773	0
174	P	0.00134	0.88272	0.11594	0
175	G	0.00048	0.82767	0.17185	0
176	E	0.00035	0.82286	0.17679	0
177	V	0.00001	0.71131	0.28868	0
178	V	0.00000	0.71048	0.28952	0
179	S	0.00000	0.71036	0.28964	0
180	S	0.00000	0.67985	0.32015	0
181	A	0.00000	0.67813	0.32187	0
182	C	0.00000	0.67811	0.32189	0
183	A	0.00000	0.67811	0.32189	0
184	A	0.00000	0.67811	0.32189	0
185	D	0.00000	0.67811	0.32189	0
186	E	0.00000	0.67811	0.32189	0
187	P	0.00000	0.67811	0.32189	0
188	V	0.00000	0.67811	0.32189	0
189	T	0.00000	0.67811	0.32189	0
190	V	0.00000	0.67811	0.32189	0
191	L	0.00000	0.67811	0.32189	0
192	T	0.00001	0.67811	0.32188	0
193	V	0.00008	0.67811	0.32181	0
194	I	0.00032	0.67812	0.32156	0
195	L	0.00532	0.67825	0.31644	0
196	D	0.11885	0.67971	0.20144	0
197	A	0.12892	0.67972	0.19136	0
198	D	0.20090	0.67977	0.11933	0
199	L	0.20624	0.67977	0.11399	0
200	T	0.25920	0.67977	0.06103	0
201	K	0.29800	0.67977	0.02222	0
202	M	0.30217	0.67977	0.01805	0
203	T	0.31419	0.67977	0.00604	0
204	P	0.31981	0.67978	0.00041	0
205	K	0.32020	0.67978	0.00003	0
206	Q	0.32022	0.67978	0.00000	0
207	R	0.32022	0.67978	0.00000	0
208	I	0.32002	0.67978	0.00021	0
209	D	0.32002	0.67978	0.00021	0
210	L	0.32001	0.67973	0.00026	0
211	L	0.32001	0.67973	0.00027	0
212	H	0.32001	0.67973	0.00026	0
213	R	0.32000	0.67973	0.00027	0
214	M	0.32000	0.67921	0.00079	0
215	R	0.32000	0.67921	0.00079	0
216	S	0.32000	0.67904	0.00096	0
217	F	0.31999	0.67904	0.00097	0
218	S	0.31999	0.67904	0.00097	0
219	E	0.31999	0.67904	0.00097	0
220	V	0.31998	0.67901	0.00100	0
221	E	0.31998	0.67814	0.00188	0
222	L	0.31965	0.67813	0.00222	0
223	H	0.31693	0.67813	0.00494	0
224	N	0.25880	0.67811	0.06309	0
225	M	0.17572	0.67811	0.14617	0
226	K	0.16798	0.67811	0.15391	0
227	L	0.16792	0.67811	0.15397	0
228	V	0.16792	0.67811	0.15397	0
229	P	0.16792	0.67815	0.15394	0
230	V	0.16791	0.67826	0.15383	0
231	V	0.16791	0.67832	0.15377	0
232	N	0.16789	0.67832	0.15379	0
233	N	0.16789	0.67833	0.15378	0
234	R	0.16790	0.67833	0.15378	0
235	L	0.16790	0.67833	0.15378	0
236	F	0.16793	0.67833	0.15374	0
237	D	0.16851	0.67834	0.15314	0
238	M	0.11914	0.67834	0.20252	0
239	S	0.03153	0.67834	0.29013	0
240	A	0.02745	0.67829	0.29425	0
241	F	0.02733	0.67818	0.29449	0
242	M	0.02736	0.67814	0.29450	0
243	A	0.02748	0.67894	0.29359	0
244	G	0.02776	0.69636	0.27588	0
245	P	0.02824	0.74894	0.22282	0
246	G	0.02539	0.79117	0.18345	0
247	N	0.02196	0.81924	0.15880	0
248	A	0.00179	0.82279	0.17542	0
249	K	0.00179	0.82998	0.16823	0
250	K	0.00179	0.83017	0.16804	0
251	V	0.00179	0.83017	0.16804	0
252	V	0.00179	0.83019	0.16802	0
253	E	0.00179	0.83026	0.16795	0
254	N	0.00156	0.83026	0.16818	0
255	G	0.00147	0.83026	0.16827	0
256	A	0.00067	0.82937	0.16996	0
257	L	0.00062	0.81514	0.18424	0
258	L	0.00000	0.81395	0.18604	0
259	S	0.00000	0.82648	0.17352	0
260	W	0.00000	0.84503	0.15497	0
261	K	0.00001	0.94543	0.05457	0
262	L	0.00002	0.94667	0.05330	0
263	G	0.00011	0.95263	0.04726	0
264	C	0.00015	0.95421	0.04565	0
265	S	0.00018	0.9544	0.04541	0
266	L	0.00020	0.95457	0.04523	0
267	N	0.00021	0.95724	0.04255	0
268	Q	0.00021	0.95879	0.04100	0
269	N	0.00021	0.96056	0.03923	0
270	S	0.00021	0.9648	0.03498	0
271	V	0.00021	0.96879	0.03100	0
272	P	0.00021	0.97884	0.02094	0
273	D	0.00021	0.98122	0.01857	0
274	I	0.00021	0.9806	0.01918	0
275	H	0.00022	0.9805	0.01929	0
276	G	0.00036	0.98069	0.01895	0
277	V	0.00079	0.98016	0.01905	0
278	E	0.01716	0.96456	0.01827	0
279	A	0.01714	0.69886	0.28399	0
280	P	0.01713	0.69146	0.29141	0
281	A	0.01699	0.68158	0.30143	0
282	R	0.01697	0.67823	0.30479	0
283	E	0.01696	0.67811	0.30493	0
284	G	0.01695	0.67811	0.30494	0
285	A	0.01695	0.67811	0.30494	0
286	M	0.01695	0.67811	0.30494	0
287	S	0.01695	0.67811	0.30494	0
288	A	0.01695	0.67811	0.30494	0
289	Q	0.01695	0.67811	0.30494	0
290	L	0.01695	0.67811	0.30494	0
291	G	0.01695	0.67811	0.30494	0
292	Y	0.01695	0.67811	0.30494	0
293	P	0.01695	0.67811	0.30494	0
294	V	0.01695	0.67811	0.30494	0
295	V	0.01700	0.67811	0.30489	0
296	G	0.01711	0.67811	0.30478	0
297	W	0.01759	0.67811	0.30430	0
298	H	0.01994	0.67811	0.30195	0
299	I	0.04585	0.67811	0.27604	0
300	A	0.25177	0.67812	0.07011	0
301	N	0.30306	0.67823	0.01870	0
302	K	0.32168	0.67831	0.00001	0
303	K	0.32168	0.67832	0.00000	0
304	P	0.32168	0.67832	0.00000	0
305	P	0.32168	0.67832	0.00000	0
306	L	0.32168	0.67832	0.00000	0
307	P	0.32168	0.67832	0.00000	0
308	K	0.32168	0.67832	0.00000	0
309	R	0.32168	0.67832	0.00000	0
310	V	0.32165	0.67832	0.00003	0
311	R	0.32165	0.67832	0.00003	0
312	R	0.32165	0.67832	0.00003	0
313	Q	0.32165	0.67832	0.00003	0
314	I	0.32165	0.67832	0.00003	0
315	H	0.32165	0.67829	0.00006	0
316	A	0.32165	0.67828	0.00006	0
317	T	0.32165	0.67828	0.00007	0
318	P	0.32165	0.67828	0.00007	0
319	T	0.32165	0.67827	0.00008	0
320	P	0.32165	0.6782	0.00015	0
321	V	0.32165	0.67818	0.00017	0
322	T	0.32165	0.67817	0.00017	0
323	A	0.32165	0.67817	0.00017	0
324	I	0.32165	0.67817	0.00017	0
325	G	0.32165	0.67817	0.00017	0
326	P	0.32165	0.67817	0.00017	0
327	P	0.32165	0.67817	0.00017	0
328	T	0.32165	0.67814	0.00021	0
329	T	0.32165	0.67814	0.00021	0
330	A	0.32165	0.67814	0.00021	0
331	I	0.32165	0.67814	0.00021	0
332	Q	0.32165	0.67815	0.00019	0
333	E	0.32165	0.67816	0.00019	0
334	P	0.32165	0.67816	0.00019	0
335	P	0.32165	0.67814	0.00021	0
336	S	0.32165	0.67814	0.00021	0
337	R	0.32165	0.67811	0.00023	0
338	I	0.32165	0.67811	0.00024	0
339	V	0.32165	0.67811	0.00024	0
340	P	0.32167	0.67811	0.00022	0
341	T	0.32170	0.67811	0.00019	0
342	P	0.32179	0.67811	0.00010	0
343	T	0.32179	0.67811	0.00010	0
344	S	0.32179	0.67811	0.00010	0
345	P	0.32179	0.67811	0.00010	0
346	A	0.32180	0.67811	0.00010	0
347	I	0.32180	0.67811	0.00010	0
348	A	0.32180	0.67811	0.00010	0
349	P	0.32180	0.67811	0.00009	0
350	P	0.32181	0.67811	0.00008	0
351	T	0.32183	0.67811	0.00007	0
352	E	0.32183	0.67811	0.00006	0
353	T	0.32183	0.67811	0.00006	0
354	M	0.32183	0.67811	0.00006	0
355	A	0.32184	0.67811	0.00006	0
356	P	0.32185	0.67811	0.00004	0
357	P	0.32186	0.67811	0.00004	0
358	V	0.32186	0.67811	0.00003	0
359	R	0.32189	0.67811	0.00000	0
360	D	0.32189	0.67811	0.00000	0
361	P	0.32189	0.67811	0.00000	0
362	V	0.32189	0.67811	0.00000	0
363	P	0.32189	0.67811	0.00000	0
364	G	0.32189	0.67811	0.00000	0
365	K	0.32189	0.67811	0.00000	0
366	P	0.32189	0.67811	0.00000	0
367	T	0.32189	0.67811	0.00000	0
368	V	0.32184	0.67811	0.00005	0
369	T	0.32172	0.67811	0.00017	0
370	I	0.32172	0.67811	0.00018	0
371	R	0.32172	0.67811	0.00018	0
372	T	0.32172	0.67811	0.00018	0
373	R	0.32168	0.67811	0.00021	0
374	G	0.32168	0.67811	0.00021	0
375	A	0.32168	0.67811	0.00021	0
376	I	0.32168	0.67811	0.00021	0
377	I	0.32168	0.67811	0.00021	0
378	Q	0.32168	0.67811	0.00021	0
379	T	0.32168	0.67811	0.00021	0
380	P	0.32168	0.67811	0.00021	0
381	T	0.32168	0.67811	0.00021	0
382	L	0.32168	0.67811	0.00021	0
383	G	0.32168	0.67811	0.00021	0
384	P	0.32168	0.67811	0.00021	0
385	I	0.32168	0.67811	0.00021	0
386	Q	0.32168	0.67811	0.00021	0
387	P	0.32168	0.67811	0.00021	0
388	T	0.32168	0.67811	0.00021	0
389	R	0.32168	0.67815	0.00017	0
390	V	0.32168	0.67816	0.00016	0
391	S	0.32168	0.67825	0.00007	0
392	E	0.32168	0.67828	0.00004	0
393	A	0.32168	0.67828	0.00004	0
394	G	0.32168	0.67831	0.00001	0
395	T	0.32168	0.67832	0.00001	0
396	T	0.32168	0.67832	0.00000	0
397	V	0.32168	0.67832	0.00000	0
398	P	0.32168	0.67831	0.00001	0
399	G	0.32168	0.67831	0.00001	0
400	Q	0.32168	0.67829	0.00003	0
401	I	0.32168	0.67818	0.00014	0
402	R	0.32168	0.67816	0.00016	0
403	P	0.32168	0.67812	0.00020	0
404	T	0.32168	0.67811	0.00021	0
405	M	0.32168	0.67811	0.00021	0
406	T	0.32168	0.67811	0.00021	0
407	I	0.32168	0.67811	0.00021	0
408	P	0.32168	0.67811	0.00021	0
409	G	0.32168	0.67811	0.00021	0
410	Y	0.32168	0.67811	0.00021	0
411	V	0.32168	0.67811	0.00021	0
412	E	0.32168	0.67811	0.00021	0
413	P	0.32168	0.67811	0.00021	0
414	T	0.32168	0.67811	0.00021	0
415	A	0.32168	0.67811	0.00021	0
416	V	0.32168	0.67811	0.00021	0
417	A	0.32168	0.67811	0.00021	0
418	T	0.32168	0.67811	0.00021	0
419	P	0.32168	0.67811	0.00021	0
420	P	0.32169	0.67811	0.00020	0
421	T	0.32174	0.67811	0.00015	0
422	T	0.32178	0.67811	0.00011	0
423	T	0.32182	0.67811	0.00007	0
424	T	0.32185	0.67811	0.00004	0
425	K	0.32189	0.67811	0.00000	0
426	K	0.32189	0.67811	0.00000	0
427	P	0.32189	0.67811	0.00000	0
428	R	0.32189	0.67811	0.00000	0
429	V	0.32189	0.67808	0.00003	0
430	S	0.32189	0.67807	0.00004	0
431	T	0.32189	0.67806	0.00005	0
432	P	0.32189	0.67806	0.00005	0
433	K	0.32189	0.67806	0.00005	0
434	P	0.32189	0.67806	0.00005	0
435	A	0.32189	0.67806	0.00005	0
436	T	0.32189	0.67806	0.00005	0
437	P	0.32189	0.67806	0.00005	0
438	S	0.32189	0.67806	0.00005	0
439	T	0.32189	0.67806	0.00005	0
440	D	0.32189	0.67806	0.00005	0
441	S	0.32189	0.67806	0.00005	0
442	T	0.32189	0.67806	0.00005	0
443	T	0.32189	0.67806	0.00005	0
444	T	0.32189	0.67806	0.00005	0
445	T	0.32189	0.67806	0.00005	0
446	T	0.32189	0.67806	0.00005	0
447	R	0.32190	0.67806	0.00005	0
448	R	0.32191	0.67806	0.00003	0
449	P	0.32192	0.67806	0.00002	0
450	T	0.32193	0.67806	0.00001	0
451	K	0.32194	0.67806	0.00000	0
452	K	0.32194	0.67806	0.00000	0
453	P	0.32194	0.67806	0.00000	0
454	R	0.32194	0.67806	0.00000	0
455	T	0.32194	0.67806	0.00000	0
456	P	0.32194	0.67806	0.00000	0
457	R	0.32194	0.67805	0.00000	0
458	P	0.32194	0.67791	0.00014	0
459	V	0.32194	0.67699	0.00107	0
460	P	0.32194	0.6764	0.00166	0
461	R	0.32194	0.66432	0.01374	0
462	V	0.32189	0.30875	0.36936	0
463	T	0.32189	0.27932	0.39879	0
464	T	0.32189	0.25922	0.41889	0
465	K	0.32189	0.25242	0.42569	0
466	V	0.32189	0.07847	0.59964	0
467	S	0.32189	0.0693	0.60881	0
468	I	0.32189	0.06654	0.61157	0
469	T	0.32189	0.06635	0.61176	0
470	R	0.32189	0.06632	0.61179	0
471	L	0.32189	0.06621	0.61190	0
472	E	0.32189	0.06612	0.61199	0
473	T	0.32189	0.06408	0.61403	0
474	A	0.32189	0.06387	0.61424	0
475	S	0.32189	0.06385	0.61426	0
476	P	0.32189	0.06385	0.61426	0
477	P	0.32189	0.06385	0.61426	0
478	T	0.32189	0.06385	0.61426	0
479	R	0.32189	0.06385	0.61426	0
480	I	0.32190	0.06385	0.61425	0
481	R	0.33009	0.0639	0.60601	0
482	T	0.35121	0.0639	0.58489	0
483	T	0.45955	0.0639	0.47655	0
484	T	0.80195	0.0639	0.13415	0
485	S	0.84150	0.0639	0.09460	0
486	G	0.88014	0.0639	0.05596	0
487	V	0.88343	0.0639	0.05267	0
488	P	0.92796	0.0639	0.00814	0
489	R	0.93273	0.0639	0.00337	0
490	G	0.93311	0.0639	0.00300	0
491	G	0.93361	0.0639	0.00249	0
492	E	0.93593	0.0639	0.00017	0
493	P	0.93609	0.0639	0.00001	0
494	N	0.93610	0.0639	0.00000	0
495	Q	0.93610	0.0639	0.00000	0
496	R	0.93610	0.0639	0.00000	0
497	P	0.93610	0.0639	0.00000	0
498	E	0.85397	0.0639	0.08213	0
499	L	0.32885	0.0639	0.60725	0
500	K	0.32434	0.0639	0.61176	0
501	N	0.32200	0.0639	0.61411	0
502	H	0.32189	0.0639	0.61421	0
503	I	0.32189	0.06386	0.61425	0
504	D	0.32189	0.06385	0.61425	0
505	R	0.32189	0.06385	0.61426	0
506	V	0.32189	0.06385	0.61426	0
507	D	0.32189	0.06385	0.61426	0
508	A	0.32189	0.05171	0.62639	0
509	W	0.32189	0.00229	0.67581	0
510	V	0.32189	0.00153	0.67657	0
511	G	0.32189	0.00153	0.67658	0
512	T	0.32189	0.00153	0.67658	0
513	Y	0.32189	0.00153	0.67658	0
514	F	0.32189	0.00153	0.67658	0
515	E	0.32189	0.00154	0.67656	0
516	V	0.32189	0.00167	0.67644	0
517	K	0.32189	0.00522	0.67288	0
518	I	0.32189	0.01693	0.66118	0
519	P	0.32189	0.14439	0.53372	0
520	S	0.32189	0.48427	0.19384	0
521	D	0.32189	0.60909	0.06902	0
522	T	0.32189	0.61538	0.06273	0
523	F	0.32189	0.6155	0.06260	0
524	Y	0.32189	0.61574	0.06237	0
525	D	0.32195	0.61574	0.06231	0
526	H	0.32270	0.61574	0.06156	0
527	E	0.35468	0.61574	0.02958	0
528	D	0.38255	0.61574	0.00171	0
529	T	0.38416	0.61574	0.00010	0
530	T	0.38420	0.61574	0.00006	0
531	T	0.38426	0.61574	0.00000	0
532	D	0.38426	0.61574	0.00000	0
533	K	0.38423	0.61574	0.00004	0
534	L	0.38205	0.61573	0.00221	0
535	K	0.37984	0.61573	0.00442	0
536	L	0.33529	0.61571	0.04900	0
537	T	0.33499	0.61275	0.05225	0
538	L	0.33483	0.61275	0.05242	0
539	K	0.33482	0.61275	0.05243	0
540	L	0.33415	0.61275	0.05310	0
541	R	0.33403	0.61275	0.05322	0
542	E	0.33044	0.61275	0.05681	0
543	Q	0.32712	0.61178	0.06110	0
544	Q	0.32556	0.61177	0.06267	0
545	L	0.32190	0.61165	0.06645	0
546	V	0.32189	0.61164	0.06646	0
547	G	0.32189	0.61163	0.06648	0
548	E	0.32189	0.61163	0.06648	0
549	K	0.32189	0.61163	0.06648	0
550	S	0.32189	0.61163	0.06648	0
551	W	0.32189	0.61163	0.06648	0
552	V	0.32189	0.61167	0.06644	0
553	Q	0.32189	0.61242	0.06569	0
554	F	0.32189	0.62147	0.05663	0
555	N	0.32189	0.63746	0.04064	0
556	S	0.32195	0.66017	0.01788	0
557	N	0.32303	0.66093	0.01604	0
558	S	0.32475	0.661	0.01425	0
559	Q	0.32481	0.661	0.01420	0
560	L	0.32487	0.661	0.01413	0
561	M	0.32489	0.66102	0.01409	0
562	Y	0.32493	0.6621	0.01297	0
563	G	0.32543	0.66357	0.01100	0
564	L	0.32584	0.67067	0.00349	0
565	P	0.32599	0.67384	0.00017	0
566	D	0.32600	0.6739	0.00009	0
567	S	0.32600	0.67358	0.00042	0
568	S	0.32600	0.67205	0.00194	0
569	H	0.32600	0.58333	0.09066	0
570	V	0.32600	0.58333	0.09066	0
571	G	0.32600	0.58333	0.09066	0
572	K	0.32600	0.58333	0.09066	0
573	H	0.32598	0.58333	0.09069	0
574	E	0.32569	0.58327	0.09104	0
575	Y	0.32298	0.00282	0.67421	0
576	F	0.32217	0.00091	0.67692	0
577	M	0.32207	7e-05	0.67787	0
578	H	0.32191	5e-05	0.67804	0
579	A	0.32189	5e-05	0.67806	0
580	T	0.32189	5e-05	0.67806	0
581	D	0.32189	5e-05	0.67806	0
582	K	0.32189	5e-05	0.67806	0
583	G	0.32190	5e-05	0.67805	0
584	G	0.32191	5e-05	0.67804	0
585	L	0.32191	5e-05	0.67804	0
586	S	0.32195	5e-05	0.67800	0
587	A	0.32195	5e-05	0.67800	0
588	V	0.32195	5e-05	0.67800	0
589	D	0.32195	5e-05	0.67800	0
590	A	0.32220	5e-05	0.67775	0
591	F	0.32302	5e-05	0.67693	0
592	E	0.32694	7e-05	0.67299	0
593	I	0.40396	8e-05	0.59596	0
594	H	0.99103	0.00021	0.00875	0
595	V	0.99209	0.00064	0.00728	0
596	H	0.99391	0.0029	0.00319	0
597	R	0.99551	0.00406	0.00043	0
598	R	0.99577	0.00414	0.00009	0
599	P	0.99584	0.00416	0.00000	0
600	Q	0.99584	0.00416	0.00000	0
601	G	0.99584	0.00416	0.00000	0
602	D	0.99584	0.00416	0.00000	0
603	R	0.99582	0.00416	0.00002	0
604	A	0.99581	0.00413	0.00006	0
605	P	0.99575	0.00411	0.00013	0
606	A	0.99524	0.00401	0.00075	0
607	R	0.99293	0.004	0.00307	0
608	F	0.76806	0.00399	0.22795	0
609	K	0.74345	0.00399	0.25255	0
610	A	0.45085	0.00399	0.54515	0
611	K	0.34281	0.00399	0.65320	0
612	F	0.32340	0.00399	0.67261	0
613	V	0.32333	0.00399	0.67268	0
614	G	0.32329	0.00399	0.67272	0
615	D	0.32326	0.00399	0.67275	0
616	P	0.32290	0.00399	0.67311	0
617	A	0.32211	0.00398	0.67391	0
618	L	0.32190	0.00398	0.67412	0
619	V	0.32189	0.00398	0.67412	0
620	L	0.32189	0.00398	0.67412	0
621	N	0.32189	0.00398	0.67412	0
622	D	0.32189	0.004	0.67411	0
623	I	0.32189	0.004	0.67411	0
624	H	0.32190	0.00402	0.67409	0
625	K	0.32191	0.00456	0.67353	0
626	K	0.32199	0.00483	0.67317	0
627	I	0.32206	0.00468	0.67327	0
628	A	0.32206	0.02414	0.65380	0
629	L	0.32206	0.17436	0.50358	0
630	V	0.32206	0.27564	0.40230	0
631	K	0.32206	0.66945	0.00849	0
632	K	0.32206	0.67545	0.00249	0
633	L	0.32206	0.67505	0.00289	0
634	A	0.32206	0.67365	0.00429	0
635	F	0.32206	0.67371	0.00423	0
636	A	0.32206	0.67396	0.00398	0
637	F	0.32206	0.67423	0.00371	0
638	G	0.32206	0.67522	0.00271	0
639	D	0.32207	0.67541	0.00252	0
640	R	0.32207	0.67541	0.00252	0
641	N	0.32200	0.67541	0.00259	0
642	C	0.32192	0.67541	0.00267	0
643	S	0.32192	0.67498	0.00310	0
644	T	0.32192	0.66793	0.01015	0
645	I	0.32191	0.66766	0.01043	0
646	T	0.32191	0.66752	0.01057	0
647	L	0.32191	0.60845	0.06963	0
648	Q	0.32195	0.60434	0.07371	0
649	N	0.32197	0.60124	0.07679	0
650	I	0.32199	0.60098	0.07703	0
651	T	0.32213	0.60077	0.07710	0
652	R	0.32223	0.60015	0.07762	0
653	G	0.32223	0.04736	0.63041	0
654	S	0.32224	0.0343	0.64347	0
655	I	0.32224	0.02055	0.65722	0
656	V	0.32231	0.00852	0.66917	0
657	V	0.32392	0.00702	0.66906	0
658	E	0.32408	0.007	0.66892	0
659	W	0.32409	0.00695	0.66896	0
660	T	0.32438	0.00526	0.67037	0
661	N	0.32442	0.00531	0.67027	0
662	N	0.32442	0.00046	0.67512	0
663	T	0.32442	0.00013	0.67545	0
664	L	0.32443	0.00014	0.67544	0
665	P	0.32481	0.00015	0.67504	0
666	L	0.32515	0.00015	0.67470	0
667	E	0.33289	0.00016	0.66694	0
668	P	0.33497	0.00016	0.66487	0
669	C	0.33663	0.00016	0.66321	0
670	P	0.35903	0.00016	0.64080	0
671	K	0.39647	0.00016	0.60336	0
672	E	0.39848	0.00016	0.60136	0
673	Q	0.39855	0.00016	0.60128	0
674	I	0.39873	0.00016	0.60110	0
675	A	0.40706	0.00016	0.59277	0
676	G	0.75912	0.00017	0.24072	0
677	L	0.79411	0.00017	0.20572	0
678	S	0.93807	0.00017	0.06176	0
679	R	0.99041	0.00017	0.00943	0
680	R	0.99217	0.00017	0.00766	0
681	I	0.99224	0.00017	0.00759	0
682	A	0.99323	0.00017	0.00660	0
683	E	0.99778	0.00017	0.00206	0
684	D	0.99983	0.00017	0.00000	0
685	D	0.99983	0.00017	0.00000	0
686	G	0.99983	0.00017	0.00000	0
687	K	0.99983	0.00017	0.00000	0
688	P	0.99983	0.00017	0.00000	0
689	R	0.99983	0.00017	0.00000	0
690	P	0.99982	0.00016	0.00002	0
691	A	0.99911	0.00016	0.00072	0
692	F	0.99878	8e-05	0.00114	0
693	S	0.99876	8e-05	0.00116	0
694	N	0.99876	2e-05	0.00121	0
695	A	0.99876	2e-05	0.00122	0
696	L	0.99876	1e-05	0.00124	0
697	E	0.99875	1e-05	0.00124	0
698	P	0.99867	1e-05	0.00132	0
699	D	0.99853	1e-05	0.00146	0
700	F	0.94998	1e-05	0.05002	0
701	K	0.74879	1e-05	0.25121	0
702	A	0.51241	0	0.48759	0
703	T	0.44455	0	0.55544	0
704	S	0.35462	0	0.64538	0
705	I	0.32576	0	0.67424	0
706	T	0.32453	0	0.67547	0
707	V	0.32425	0	0.67575	0
708	T	0.32424	0	0.67576	0
709	G	0.32417	0	0.67583	0
710	S	0.32194	5e-05	0.67802	0
711	G	0.32193	0.00034	0.67773	0
712	S	0.32189	0.0007	0.67741	0
713	C	0.32189	0.00103	0.67707	0
714	R	0.32190	0.00107	0.67703	0
715	H	0.32190	0.00107	0.67703	0
716	L	0.32191	0.00107	0.67702	0
717	Q	0.32199	0.00107	0.67693	0
718	F	0.32200	0.00108	0.67693	0
719	I	0.32205	0.00787	0.67008	0
720	P	0.32205	0.0266	0.65135	0
721	V	0.32205	0.03098	0.64697	0
722	V	0.32205	0.08824	0.58971	0
723	P	0.32205	0.31853	0.35941	0
724	P	0.32206	0.48818	0.18976	0
725	R	0.32206	0.62069	0.05725	0
726	R	0.32206	0.64908	0.02886	0
727	V	0.32206	0.65184	0.02610	0
728	P	0.32206	0.66233	0.01561	0
729	S	0.32206	0.66961	0.00833	0
730	E	0.32206	0.67789	0.00005	0
731	A	0.32206	0.67791	0.00003	0
732	P	0.32206	0.67792	0.00002	0
733	P	0.32206	0.67792	0.00002	0
734	T	0.32206	0.67793	0.00001	0
735	E	0.32206	0.67794	0.00000	0
736	V	0.32206	0.67794	0.00000	0
737	P	0.32206	0.67794	0.00000	0
738	D	0.32206	0.67794	0.00000	0
739	R	0.32206	0.67794	0.00000	0
740	D	0.32206	0.67794	0.00000	0
741	P	0.32206	0.67794	0.00000	0
742	E	0.32206	0.67794	0.00000	0
743	K	0.32206	0.67794	0.00000	0
744	S	0.32206	0.67794	0.00000	0
745	S	0.32206	0.67794	0.00000	0
746	E	0.32206	0.67788	0.00007	0
747	D	0.32206	0.67741	0.00053	0
748	D	0.32206	0.66919	0.00875	0
749	V	0.32197	0.43525	0.24277	0
750	Y	0.32197	0.29078	0.38725	0
751	L	0.32195	0.04099	0.63706	0
752	H	0.32195	0.03458	0.64347	0
753	T	0.32191	0.02448	0.65361	0
754	V	0.32189	0.00594	0.67217	0
755	I	0.32189	0.00126	0.67685	0
756	P	0.32189	0.00043	0.67768	0
757	A	0.32189	0	0.67810	0
758	V	0.32189	0	0.67811	0
759	V	0.32189	0	0.67811	0
760	V	0.32189	0	0.67811	0
761	A	0.32189	0	0.67811	0
762	A	0.32189	0	0.67811	0
763	I	0.32189	0	0.67811	0
764	L	0.32189	0	0.67811	0
765	L	0.32189	0	0.67811	0
766	I	0.32189	0	0.67811	0
767	A	0.32191	0	0.67809	0
768	G	0.32309	0	0.67691	0
769	I	0.33380	0	0.66620	0
770	I	0.36850	0	0.63150	0
771	A	0.56843	0	0.43157	0
772	M	0.61201	0	0.38798	0
773	I	0.71032	1e-05	0.28966	0
774	C	0.90405	0.00012	0.09583	0
775	Y	0.96880	0.00013	0.03107	0
776	R	0.99980	0.00016	0.00003	0
777	K	0.99983	0.00016	0.00000	0
778	K	0.99984	0.00016	0.00000	0
779	R	0.99984	0.00016	0.00000	0
780	K	0.99984	0.00016	0.00000	0
781	G	0.99984	0.00016	0.00000	0
782	K	0.99984	0.00013	0.00003	0
783	L	0.99984	0.00012	0.00004	0
784	T	0.99984	0.00012	0.00004	0
785	L	0.99984	0.00012	0.00004	0
786	E	0.99984	0.00012	0.00004	0
787	D	0.99984	0.00012	0.00004	0
788	Q	0.99984	0.00012	0.00004	0
789	A	0.99983	0.00012	0.00005	0
790	T	0.99914	0.00012	0.00074	0
791	F	0.99887	0.00012	0.00101	0
792	I	0.99881	0.00012	0.00107	0
793	K	0.99881	0.00012	0.00107	0
794	K	0.99881	0.00012	0.00107	0
795	G	0.99881	0.00012	0.00107	0
796	V	0.99879	9e-05	0.00112	0
797	P	0.99853	8e-05	0.00139	0
798	I	0.99853	5e-05	0.00142	0
799	I	0.99853	1e-05	0.00146	0
800	F	0.99853	0	0.00147	0
801	A	0.99855	0	0.00145	0
802	D	0.99856	0	0.00144	0
803	E	0.99858	0	0.00142	0
804	L	0.99858	0	0.00142	0
805	D	0.99858	0	0.00142	0
806	D	0.99858	0	0.00142	0
807	S	0.99858	0	0.00142	0
808	K	0.99858	0	0.00142	0
809	P	0.99858	0	0.00142	0
810	P	0.99858	0	0.00142	0
811	P	0.99858	0	0.00142	0
812	S	0.99858	1e-05	0.00141	0
813	S	0.99858	2e-05	0.00140	0
814	S	0.99858	3e-05	0.00140	0
815	M	0.99851	3e-05	0.00145	0
816	P	0.99851	8e-05	0.00141	0
817	L	0.99851	0.0001	0.00139	0
818	I	0.99852	0.00017	0.00131	0
819	L	0.99853	0.0004	0.00107	0
820	Q	0.99863	0.00124	0.00012	0
821	E	0.99863	0.0013	0.00007	0
822	E	0.99863	0.00128	0.00008	0
823	K	0.99863	0.00128	0.00009	0
824	A	0.99863	0.00128	0.00009	0
825	P	0.99863	0.00128	0.00009	0
826	L	0.99863	0.00128	0.00009	0
827	P	0.99863	0.00128	0.00009	0
828	P	0.99863	0.00128	0.00009	0
829	P	0.99863	0.00128	0.00009	0
830	E	0.99863	0.00128	0.00009	0
831	Y	0.99863	0.00128	0.00009	0
832	P	0.99863	0.00128	0.00009	0
833	N	0.99863	0.00128	0.00009	0
834	Q	0.99863	0.00128	0.00009	0
835	S	0.99863	0.00128	0.00008	0
836	V	0.99863	0.0013	0.00007	0
837	P	0.99863	0.00132	0.00005	0
838	E	0.99864	0.00134	0.00003	0
839	T	0.99864	0.00134	0.00003	0
840	T	0.99864	0.00134	0.00003	0
841	P	0.99864	0.00134	0.00003	0
842	L	0.99864	0.00134	0.00003	0
843	N	0.99864	0.00134	0.00003	0
844	Q	0.99866	0.00134	0.00000	0
845	D	0.99866	0.00134	0.00000	0
846	T	0.99866	0.00134	0.00000	0
847	M	0.99866	0.00134	0.00000	0
848	G	0.99866	0.00134	0.00000	0
849	E	0.99866	0.00134	0.00000	0
850	Y	0.99866	0.00129	0.00004	0
851	T	0.99866	0.00125	0.00008	0
852	P	0.99866	0.00085	0.00048	0
853	L	0.99866	1e-05	0.00133	0
854	R	0.99866	0	0.00134	0
855	D	0.99866	0	0.00134	0
856	E	0.99866	0	0.00134	0
857	D	0.99866	0	0.00134	0
858	P	0.99866	0	0.00134	0
859	N	0.99866	0	0.00134	0
860	A	0.99866	0	0.00134	0
861	P	0.99866	0	0.00134	0
862	P	0.99866	0	0.00134	0
863	Y	0.99866	0	0.00134	0
864	Q	0.99866	0	0.00134	0
865	P	0.99866	0	0.00134	0
866	P	0.99866	0	0.00134	0
867	P	0.99866	0	0.00134	0
868	P	0.99866	0	0.00134	0
869	F	0.99866	0	0.00134	0
870	T	0.99866	0	0.00134	0
871	A	0.99866	0	0.00134	0
872	P	0.99868	0	0.00132	0
873	M	0.99893	0	0.00107	0
874	E	1.00000	0	0.00000	0
875	G	1.00000	0	0.00000	0
876	K	1.00000	0	0.00000	0
877	G	1.00000	0	0.00000	0
878	S	1.00000	0	0.00000	0
879	R	1.00000	0	0.00000	0
880	P	1.00000	0	0.00000	0
881	K	1.00000	0	0.00000	0
882	N	1.00000	0	0.00000	0
883	M	1.00000	0	0.00000	0
884	T	1.00000	0	0.00000	0
885	P	1.00000	0	0.00000	0
886	Y	1.00000	0	0.00000	0
887	R	1.00000	0	0.00000	0
888	S	1.00000	0	0.00000	0
889	P	1.00000	0	0.00000	0
890	P	1.00000	0	0.00000	0
891	P	1.00000	0	0.00000	0
892	Y	1.00000	0	0.00000	0
893	V	1.00000	0	0.00000	0
894	P	1.00000	0	0.00000	0
895	P	1.00000	0	0.00000	0
