# UNNAMED
#pos	aa	i	o	M	S
1	M	0.00000	1	0.00000	0
2	D	0.00000	1	0.00000	0
3	A	0.00000	1	0.00000	0
4	T	0.00000	1	0.00000	0
5	A	0.00000	1	0.00000	0
6	C	0.00000	1	0.00000	0
7	N	0.00000	1	0.00000	0
8	E	0.00000	1	0.00000	0
9	S	0.00000	1	0.00000	0
10	V	0.00000	1	0.00000	0
11	D	0.00000	1	0.00000	0
12	G	0.00000	1	0.00000	0
13	S	0.00000	1	0.00000	0
14	P	0.00000	1	0.00000	0
15	V	0.00000	1	0.00000	0
16	F	0.00000	1	0.00000	0
17	Y	0.00000	1	0.00000	0
18	L	0.00000	1	0.00000	0
19	L	0.00000	1	0.00000	0
20	G	0.00000	1	0.00000	0
21	I	0.00000	1	0.00000	0
22	P	0.00000	1	0.00000	0
23	S	0.00000	1	0.00000	0
24	L	0.00000	0.99998	0.00002	0
25	P	0.00000	0.99994	0.00006	0
26	E	0.00000	0.99977	0.00023	0
27	T	0.00000	0.96057	0.03943	0
28	F	0.00000	0.89268	0.10732	0
29	F	0.00000	0.83913	0.16087	0
30	L	0.00000	0.80013	0.19987	0
31	P	0.00000	0.72869	0.27131	0
32	V	0.00000	0.2101	0.78990	0
33	F	0.00000	0.06957	0.93043	0
34	F	0.00000	0.04576	0.95424	0
35	I	0.00000	0.03729	0.96271	0
36	F	0.00000	0.00266	0.99734	0
37	L	0.00000	0.00024	0.99976	0
38	L	0.00000	2e-05	0.99998	0
39	F	0.00000	0	1.00000	0
40	Y	0.00000	0	1.00000	0
41	L	0.00000	0	1.00000	0
42	L	0.00000	0	1.00000	0
43	I	0.00000	0	1.00000	0
44	L	0.00000	0	1.00000	0
45	M	0.00000	0	1.00000	0
46	G	0.00000	0	1.00000	0
47	N	0.00000	0	1.00000	0
48	A	0.00000	0	1.00000	0
49	L	0.00000	0	1.00000	0
50	I	0.00000	0	1.00000	0
51	L	0.00002	0	0.99998	0
52	V	0.00064	0	0.99936	0
53	A	0.01903	0	0.98097	0
54	V	0.07333	0	0.92667	0
55	V	0.27799	0	0.72201	0
56	A	0.63697	0	0.36303	0
57	E	0.99356	0	0.00644	0
58	P	0.99988	0	0.00012	0
59	S	0.99999	0	0.00001	0
60	L	1.00000	0	0.00000	0
61	H	1.00000	0	0.00000	0
62	K	1.00000	0	0.00000	0
63	P	1.00000	0	0.00000	0
64	M	0.90386	0	0.09614	0
65	Y	0.70279	0	0.29721	0
66	F	0.10661	0	0.89339	0
67	F	0.00174	0	0.99826	0
68	L	0.00002	0	0.99998	0
69	I	0.00000	0	1.00000	0
70	N	0.00000	0	1.00000	0
71	L	0.00000	0	1.00000	0
72	S	0.00000	0	1.00000	0
73	T	0.00000	0	1.00000	0
74	L	0.00000	0	1.00000	0
75	D	0.00000	0	1.00000	0
76	I	0.00000	0	1.00000	0
77	L	0.00000	0	1.00000	0
78	F	0.00000	0	1.00000	0
79	T	0.00000	0	1.00000	0
80	T	0.00000	0	1.00000	0
81	T	0.00000	0	1.00000	0
82	T	0.00000	2e-05	0.99998	0
83	V	0.00000	0.0002	0.99980	0
84	P	0.00000	0.00212	0.99788	0
85	K	0.00000	0.01794	0.98206	0
86	M	0.00000	0.03232	0.96768	0
87	L	0.00000	0.18267	0.81733	0
88	S	0.00000	0.90126	0.09874	0
89	L	0.00000	0.99962	0.00038	0
90	F	0.00000	0.99983	0.00017	0
91	L	0.00000	0.99985	0.00015	0
92	L	0.00000	0.99988	0.00012	0
93	G	0.00000	0.99993	0.00007	0
94	D	0.00000	1	0.00000	0
95	R	0.00000	1	0.00000	0
96	F	0.00000	1	0.00000	0
97	L	0.00000	1	0.00000	0
98	S	0.00000	1	0.00000	0
99	F	0.00000	1	0.00000	0
100	S	0.00000	1	0.00000	0
101	S	0.00000	0.99992	0.00008	0
102	C	0.00000	0.9994	0.00060	0
103	L	0.00000	0.94411	0.05589	0
104	L	0.00000	0.91365	0.08635	0
105	Q	0.00000	0.8844	0.11560	0
106	M	0.00000	0.07445	0.92555	0
107	Y	0.00000	0.03195	0.96805	0
108	L	0.00000	0.00102	0.99898	0
109	F	0.00000	0	1.00000	0
110	Q	0.00000	0	1.00000	0
111	S	0.00000	0	1.00000	0
112	F	0.00000	0	1.00000	0
113	T	0.00000	0	1.00000	0
114	C	0.00000	0	1.00000	0
115	S	0.00000	0	1.00000	0
116	E	0.00000	0	1.00000	0
117	A	0.00000	0	1.00000	0
118	F	0.00000	0	1.00000	0
119	I	0.00000	0	1.00000	0
120	L	0.00000	0	1.00000	0
121	V	0.00000	0	1.00000	0
122	V	0.00000	0	1.00000	0
123	M	0.00000	0	1.00000	0
124	A	0.00000	0	1.00000	0
125	Y	0.00000	0	1.00000	0
126	D	0.00005	0	0.99995	0
127	R	0.01192	0	0.98808	0
128	Y	0.10732	0	0.89268	0
129	V	0.92487	0	0.07513	0
130	A	0.99685	0	0.00315	0
131	I	1.00000	0	0.00000	0
132	C	1.00000	0	0.00000	0
133	H	1.00000	0	0.00000	0
134	P	1.00000	0	0.00000	0
135	L	1.00000	0	0.00000	0
136	H	1.00000	0	0.00000	0
137	Y	1.00000	0	0.00000	0
138	P	1.00000	0	0.00000	0
139	V	1.00000	0	0.00000	0
140	L	1.00000	0	0.00000	0
141	M	1.00000	0	0.00000	0
142	N	1.00000	0	0.00000	0
143	P	0.99999	0	0.00001	0
144	Q	0.99948	0	0.00052	0
145	T	0.93755	0	0.06245	0
146	N	0.59179	0	0.40821	0
147	A	0.06077	0	0.93923	0
148	T	0.03167	0	0.96833	0
149	L	0.00199	0	0.99801	0
150	A	0.00023	0	0.99977	0
151	A	0.00001	0	0.99999	0
152	S	0.00000	0	1.00000	0
153	A	0.00000	0	1.00000	0
154	W	0.00000	0	1.00000	0
155	L	0.00000	0	1.00000	0
156	T	0.00000	0	1.00000	0
157	A	0.00000	0	1.00000	0
158	L	0.00000	0	1.00000	0
159	L	0.00000	0	1.00000	0
160	L	0.00000	0	1.00000	0
161	P	0.00000	0	1.00000	0
162	I	0.00000	0	1.00000	0
163	P	0.00000	0	1.00000	0
164	A	0.00000	5e-05	0.99995	0
165	V	0.00000	0.00193	0.99807	0
166	V	0.00000	0.03498	0.96502	0
167	R	0.00000	0.75638	0.24362	0
168	T	0.00000	0.84358	0.15642	0
169	S	0.00000	0.95776	0.04224	0
170	Q	0.00000	0.98617	0.01383	0
171	M	0.00000	0.98949	0.01051	0
172	A	0.00000	0.99961	0.00039	0
173	Y	0.00000	0.99991	0.00009	0
174	N	0.00000	1	0.00000	0
175	S	0.00000	1	0.00000	0
176	I	0.00000	1	0.00000	0
177	A	0.00000	1	0.00000	0
178	Y	0.00000	1	0.00000	0
179	I	0.00000	1	0.00000	0
180	Y	0.00000	1	0.00000	0
181	H	0.00000	1	0.00000	0
182	C	0.00000	1	0.00000	0
183	F	0.00000	1	0.00000	0
184	C	0.00000	1	0.00000	0
185	D	0.00000	1	0.00000	0
186	H	0.00000	1	0.00000	0
187	L	0.00000	1	0.00000	0
188	A	0.00000	1	0.00000	0
189	V	0.00000	1	0.00000	0
190	V	0.00000	1	0.00000	0
191	Q	0.00000	1	0.00000	0
192	A	0.00000	1	0.00000	0
193	S	0.00000	1	0.00000	0
194	C	0.00000	1	0.00000	0
195	S	0.00000	1	0.00000	0
196	D	0.00000	1	0.00000	0
197	T	0.00000	0.99983	0.00017	0
198	T	0.00000	0.98893	0.01107	0
199	P	0.00000	0.87782	0.12218	0
200	Q	0.00000	0.86477	0.13523	0
201	T	0.00000	0.13806	0.86194	0
202	L	0.00000	0.10227	0.89773	0
203	M	0.00000	0.06999	0.93001	0
204	G	0.00000	0.04084	0.95916	0
205	F	0.00000	0.01481	0.98519	0
206	C	0.00000	0.01321	0.98679	0
207	I	0.00000	4e-05	0.99996	0
208	A	0.00000	1e-05	0.99999	0
209	M	0.00000	1e-05	0.99999	0
210	V	0.00000	0	1.00000	0
211	V	0.00000	0	1.00000	0
212	S	0.00000	0	1.00000	0
213	F	0.00000	0	1.00000	0
214	L	0.00000	0	1.00000	0
215	P	0.00000	0	1.00000	0
216	L	0.00000	0	1.00000	0
217	L	0.00000	0	1.00000	0
218	L	0.00000	0	1.00000	0
219	V	0.00000	0	1.00000	0
220	L	0.00001	0	0.99999	0
221	L	0.00134	0	0.99866	0
222	S	0.01551	0	0.98449	0
223	Y	0.02019	0	0.97981	0
224	V	0.06062	0	0.93938	0
225	H	0.21508	0	0.78492	0
226	I	0.26003	0	0.73997	0
227	L	0.38461	0	0.61539	0
228	A	0.95256	0	0.04744	0
229	S	0.99445	0	0.00555	0
230	V	0.99836	0	0.00164	0
231	L	0.99895	0	0.00105	0
232	R	0.99996	0	0.00004	0
233	I	0.99997	0	0.00003	0
234	S	1.00000	0	0.00000	0
235	S	1.00000	0	0.00000	0
236	L	1.00000	0	0.00000	0
237	E	1.00000	0	0.00000	0
238	G	0.99972	0	0.00028	0
239	R	0.96372	0	0.03628	0
240	A	0.88366	0	0.11634	0
241	K	0.74893	0	0.25107	0
242	A	0.37868	0	0.62132	0
243	F	0.19711	0	0.80289	0
244	S	0.04278	0	0.95722	0
245	T	0.04262	0	0.95738	0
246	C	0.04243	0	0.95757	0
247	S	0.03809	0	0.96191	0
248	S	0.03391	0	0.96609	0
249	H	0.02649	0	0.97351	0
250	L	0.00143	0	0.99857	0
251	L	0.00001	0	0.99999	0
252	V	0.00000	0	1.00000	0
253	V	0.00000	0	1.00000	0
254	G	0.00000	0	1.00000	0
255	T	0.00000	0	1.00000	0
256	Y	0.00000	0	1.00000	0
257	Y	0.00000	0	1.00000	0
258	S	0.00000	0	1.00000	0
259	S	0.00000	3e-05	0.99997	0
260	I	0.00000	0.0002	0.99980	0
261	A	0.00000	0.00224	0.99776	0
262	I	0.00000	0.00563	0.99437	0
263	A	0.00000	0.01198	0.98802	0
264	Y	0.00000	0.04582	0.95418	0
265	V	0.00000	0.11504	0.88496	0
266	A	0.00000	0.3282	0.67180	0
267	Y	0.00000	0.64368	0.35632	0
268	R	0.00000	0.9587	0.04130	0
269	A	0.00000	0.96968	0.03032	0
270	D	0.00000	0.99737	0.00263	0
271	L	0.00000	0.98242	0.01758	0
272	P	0.00000	0.97872	0.02128	0
273	L	0.00000	0.89073	0.10927	0
274	D	0.00000	0.79155	0.20845	0
275	F	0.00000	0.47354	0.52646	0
276	H	0.00000	0.39546	0.60454	0
277	I	0.00000	0.07836	0.92164	0
278	M	0.00000	0.00169	0.99831	0
279	G	0.00000	0.0002	0.99980	0
280	N	0.00000	0	1.00000	0
281	V	0.00000	0	1.00000	0
282	V	0.00000	0	1.00000	0
283	Y	0.00000	0	1.00000	0
284	A	0.00000	0	1.00000	0
285	I	0.00000	0	1.00000	0
286	L	0.00001	0	0.99999	0
287	T	0.00001	0	0.99999	0
288	P	0.00002	0	0.99998	0
289	I	0.00002	0	0.99998	0
290	L	0.00012	0	0.99988	0
291	N	0.00043	0	0.99957	0
292	P	0.00072	0	0.99928	0
293	L	0.00109	0	0.99891	0
294	I	0.00923	0	0.99077	0
295	Y	0.04746	0	0.95254	0
296	T	0.15466	0	0.84534	0
297	L	0.29511	0	0.70489	0
298	R	1.00000	0	0.00000	0
299	N	1.00000	0	0.00000	0
300	R	1.00000	0	0.00000	0
301	D	1.00000	0	0.00000	0
302	V	1.00000	0	0.00000	0
303	K	1.00000	0	0.00000	0
304	A	1.00000	0	0.00000	0
305	A	1.00000	0	0.00000	0
306	I	1.00000	0	0.00000	0
307	T	1.00000	0	0.00000	0
308	K	1.00000	0	0.00000	0
309	I	1.00000	0	0.00000	0
310	M	1.00000	0	0.00000	0
311	S	1.00000	0	0.00000	0
312	Q	1.00000	0	0.00000	0
313	D	1.00000	0	0.00000	0
314	P	1.00000	0	0.00000	0
315	G	1.00000	0	0.00000	0
316	C	1.00000	0	0.00000	0
317	D	1.00000	0	0.00000	0
318	R	1.00000	0	0.00000	0
319	S	1.00000	0	0.00000	0
320	I	1.00000	0	0.00000	0
