# UNNAMED
#pos	aa	i	o	M	S
1	M	0.00000	1	0.00000	0
2	A	0.00000	1	0.00000	0
3	L	0.00000	1	0.00000	0
4	E	0.00000	1	0.00000	0
5	Q	0.00000	1	0.00000	0
6	N	0.00000	1	0.00000	0
7	Q	0.00000	1	0.00000	0
8	S	0.00000	1	0.00000	0
9	T	0.00000	1	0.00000	0
10	D	0.00000	1	0.00000	0
11	Y	0.00000	1	0.00000	0
12	Y	0.00000	1	0.00000	0
13	Y	0.00000	1	0.00000	0
14	E	0.00000	1	0.00000	0
15	E	0.00000	1	0.00000	0
16	N	0.00000	1	0.00000	0
17	E	0.00000	1	0.00000	0
18	M	0.00000	1	0.00000	0
19	N	0.00000	1	0.00000	0
20	G	0.00000	1	0.00000	0
21	T	0.00000	1	0.00000	0
22	Y	0.00000	1	0.00000	0
23	D	0.00000	1	0.00000	0
24	Y	0.00000	1	0.00000	0
25	S	0.00000	1	0.00000	0
26	Q	0.00000	1	0.00000	0
27	Y	0.00000	1	0.00000	0
28	E	0.00000	1	0.00000	0
29	L	0.00000	1	0.00000	0
30	I	0.00000	1	0.00000	0
31	C	0.00000	1	0.00000	0
32	I	0.00000	1	0.00000	0
33	K	0.00000	1	0.00000	0
34	E	0.00000	1	0.00000	0
35	D	0.00000	1	0.00000	0
36	V	0.00000	1	0.00000	0
37	R	0.00000	1	0.00000	0
38	E	0.00000	0.99999	0.00001	0
39	F	0.00000	0.99912	0.00088	0
40	A	0.00000	0.99883	0.00117	0
41	K	0.00000	0.9971	0.00290	0
42	V	0.00000	0.85013	0.14987	0
43	F	0.00000	0.70842	0.29158	0
44	L	0.00000	0.67273	0.32727	0
45	P	0.00000	0.62346	0.37654	0
46	V	0.00000	0.24661	0.75339	0
47	F	0.00000	0.097	0.90300	0
48	L	0.00000	0.04125	0.95875	0
49	T	0.00000	0.01745	0.98255	0
50	I	0.00000	0.00024	0.99976	0
51	V	0.00000	0	1.00000	0
52	F	0.00000	0	1.00000	0
53	V	0.00000	0	1.00000	0
54	I	0.00000	0	1.00000	0
55	G	0.00000	0	1.00000	0
56	L	0.00000	0	1.00000	0
57	A	0.00000	0	1.00000	0
58	G	0.00000	0	1.00000	0
59	N	0.00000	0	1.00000	0
60	S	0.00000	0	1.00000	0
61	M	0.00000	0	1.00000	0
62	V	0.00000	0	1.00000	0
63	V	0.00000	0	1.00000	0
64	A	0.00002	0	0.99998	0
65	I	0.00040	0	0.99960	0
66	Y	0.02522	0	0.97478	0
67	A	0.09002	0	0.90998	0
68	Y	0.19402	0	0.80598	0
69	Y	0.42823	0	0.57177	0
70	K	0.99401	0	0.00599	0
71	K	1.00000	0	0.00000	0
72	Q	1.00000	0	0.00000	0
73	R	1.00000	0	0.00000	0
74	T	1.00000	0	0.00000	0
75	K	1.00000	0	0.00000	0
76	T	0.99971	0	0.00029	0
77	D	0.99268	0	0.00732	0
78	V	0.56726	0	0.43274	0
79	Y	0.01850	0	0.98150	0
80	I	0.00024	0	0.99976	0
81	L	0.00000	0	1.00000	0
82	N	0.00000	0	1.00000	0
83	L	0.00000	0	1.00000	0
84	A	0.00000	0	1.00000	0
85	V	0.00000	0	1.00000	0
86	A	0.00000	0	1.00000	0
87	D	0.00000	0	1.00000	0
88	L	0.00000	0	1.00000	0
89	L	0.00000	0	1.00000	0
90	L	0.00000	0	1.00000	0
91	L	0.00000	0	1.00000	0
92	F	0.00000	0	1.00000	0
93	T	0.00000	0	1.00000	0
94	L	0.00000	0	1.00000	0
95	P	0.00000	0	1.00000	0
96	F	0.00000	8e-05	0.99992	0
97	W	0.00000	0.00494	0.99506	0
98	A	0.00000	0.0374	0.96260	0
99	V	0.00000	0.17241	0.82759	0
100	N	0.00000	0.99986	0.00014	0
101	A	0.00000	0.99994	0.00006	0
102	V	0.00000	0.99999	0.00001	0
103	H	0.00000	1	0.00000	0
104	G	0.00000	1	0.00000	0
105	W	0.00000	1	0.00000	0
106	V	0.00000	1	0.00000	0
107	L	0.00000	1	0.00000	0
108	G	0.00000	1	0.00000	0
109	K	0.00000	1	0.00000	0
110	I	0.00000	0.99929	0.00071	0
111	M	0.00000	0.99888	0.00112	0
112	C	0.00000	0.99879	0.00121	0
113	K	0.00000	0.99749	0.00251	0
114	I	0.00000	0.88471	0.11529	0
115	T	0.00000	0.67946	0.32054	0
116	S	0.00000	0.47195	0.52805	0
117	A	0.00000	0.00787	0.99213	0
118	L	0.00000	0.00197	0.99803	0
119	Y	0.00000	0.00061	0.99939	0
120	T	0.00000	3e-05	0.99997	0
121	L	0.00000	0	1.00000	0
122	N	0.00000	0	1.00000	0
123	F	0.00000	0	1.00000	0
124	V	0.00000	0	1.00000	0
125	S	0.00000	0	1.00000	0
126	G	0.00000	0	1.00000	0
127	M	0.00000	0	1.00000	0
128	Q	0.00000	0	1.00000	0
129	F	0.00000	0	1.00000	0
130	L	0.00000	0	1.00000	0
131	A	0.00000	0	1.00000	0
132	C	0.00000	0	1.00000	0
133	I	0.00001	0	0.99999	0
134	S	0.00002	0	0.99998	0
135	I	0.00004	0	0.99996	0
136	D	0.00021	0	0.99979	0
137	R	0.04457	0	0.95543	0
138	Y	0.49383	0	0.50617	0
139	V	0.69786	0	0.30214	0
140	A	0.99798	0	0.00202	0
141	V	1.00000	0	0.00000	0
142	T	1.00000	0	0.00000	0
143	K	1.00000	0	0.00000	0
144	V	1.00000	0	0.00000	0
145	P	1.00000	0	0.00000	0
146	S	1.00000	0	0.00000	0
147	Q	1.00000	0	0.00000	0
148	S	1.00000	0	0.00000	0
149	G	1.00000	0	0.00000	0
150	V	0.99999	0	0.00001	0
151	G	0.99999	0	0.00001	0
152	K	0.99993	0	0.00007	0
153	P	0.98931	0	0.01069	0
154	C	0.06350	0	0.93650	0
155	W	0.04301	0	0.95699	0
156	I	0.00365	0	0.99635	0
157	I	0.00011	0	0.99989	0
158	C	0.00000	0	1.00000	0
159	F	0.00000	0	1.00000	0
160	C	0.00000	0	1.00000	0
161	V	0.00000	0	1.00000	0
162	W	0.00000	0	1.00000	0
163	M	0.00000	0	1.00000	0
164	A	0.00000	0	1.00000	0
165	A	0.00000	0	1.00000	0
166	I	0.00000	0	1.00000	0
167	L	0.00000	0	1.00000	0
168	L	0.00000	0	1.00000	0
169	S	0.00000	0	1.00000	0
170	I	0.00000	0	1.00000	0
171	P	0.00000	1e-05	0.99999	0
172	Q	0.00000	5e-05	0.99995	0
173	L	0.00000	0.00027	0.99973	0
174	V	0.00000	0.00907	0.99093	0
175	F	0.00000	0.08709	0.91291	0
176	Y	0.00000	0.48047	0.51953	0
177	T	0.00000	0.94207	0.05793	0
178	V	0.00000	0.97863	0.02137	0
179	N	0.00000	0.99942	0.00058	0
180	D	0.00000	1	0.00000	0
181	N	0.00000	1	0.00000	0
182	A	0.00000	1	0.00000	0
183	R	0.00000	1	0.00000	0
184	C	0.00000	1	0.00000	0
185	I	0.00000	1	0.00000	0
186	P	0.00000	1	0.00000	0
187	I	0.00000	1	0.00000	0
188	F	0.00000	1	0.00000	0
189	P	0.00000	1	0.00000	0
190	R	0.00000	1	0.00000	0
191	Y	0.00000	1	0.00000	0
192	L	0.00000	0.99999	0.00001	0
193	G	0.00000	0.99999	0.00001	0
194	T	0.00000	0.99999	0.00001	0
195	S	0.00000	0.99998	0.00002	0
196	M	0.00000	0.99979	0.00021	0
197	K	0.00000	0.99956	0.00044	0
198	A	0.00000	0.99728	0.00272	0
199	L	0.00000	0.00093	0.99907	0
200	I	0.00000	0.00044	0.99956	0
201	Q	0.00000	4e-05	0.99996	0
202	M	0.00000	2e-05	0.99998	0
203	L	0.00000	0	1.00000	0
204	E	0.00000	0	1.00000	0
205	I	0.00000	0	1.00000	0
206	C	0.00000	0	1.00000	0
207	I	0.00000	0	1.00000	0
208	G	0.00000	0	1.00000	0
209	F	0.00000	0	1.00000	0
210	V	0.00000	0	1.00000	0
211	V	0.00000	0	1.00000	0
212	P	0.00000	0	1.00000	0
213	F	0.00000	0	1.00000	0
214	L	0.00000	0	1.00000	0
215	I	0.00000	0	1.00000	0
216	M	0.00000	0	1.00000	0
217	G	0.00000	0	1.00000	0
218	V	0.00000	0	1.00000	0
219	C	0.00000	0	1.00000	0
220	Y	0.00004	0	0.99996	0
221	F	0.00153	0	0.99847	0
222	I	0.04310	0	0.95690	0
223	T	0.73640	0	0.26360	0
224	A	0.90306	0	0.09694	0
225	R	0.99953	0	0.00047	0
226	T	0.99993	0	0.00007	0
227	L	0.99997	0	0.00003	0
228	M	0.99999	0	0.00001	0
229	K	1.00000	0	0.00000	0
230	M	1.00000	0	0.00000	0
231	P	1.00000	0	0.00000	0
232	N	1.00000	0	0.00000	0
233	I	0.99923	0	0.00077	0
234	K	0.99923	0	0.00077	0
235	I	0.99891	0	0.00109	0
236	S	0.99798	0	0.00202	0
237	R	0.99792	0	0.00208	0
238	P	0.99769	0	0.00231	0
239	L	0.10637	0	0.89363	0
240	K	0.04100	0	0.95900	0
241	V	0.00087	0	0.99913	0
242	L	0.00066	0	0.99934	0
243	L	0.00004	0	0.99996	0
244	T	0.00004	0	0.99996	0
245	V	0.00004	0	0.99996	0
246	V	0.00003	0	0.99997	0
247	I	0.00003	0	0.99997	0
248	V	0.00000	0	1.00000	0
249	F	0.00000	0	1.00000	0
250	I	0.00000	0	1.00000	0
251	V	0.00000	0	1.00000	0
252	T	0.00000	0	1.00000	0
253	Q	0.00000	3e-05	0.99997	0
254	L	0.00000	5e-05	0.99995	0
255	P	0.00000	0.00031	0.99969	0
256	Y	0.00000	0.00051	0.99949	0
257	N	0.00000	0.00127	0.99873	0
258	I	0.00000	0.00402	0.99598	0
259	V	0.00000	0.06139	0.93861	0
260	K	0.00000	0.77739	0.22261	0
261	F	0.00000	0.83006	0.16994	0
262	C	0.00000	0.96719	0.03281	0
263	R	0.00000	0.98667	0.01333	0
264	A	0.00000	0.98799	0.01201	0
265	I	0.00000	0.99166	0.00834	0
266	D	0.00000	0.99965	0.00035	0
267	I	0.00000	0.99966	0.00034	0
268	I	0.00000	0.9999	0.00010	0
269	Y	0.00000	0.99992	0.00008	0
270	S	0.00000	0.99993	0.00007	0
271	L	0.00000	0.99993	0.00007	0
272	I	0.00000	0.99995	0.00005	0
273	T	0.00000	0.99999	0.00001	0
274	S	0.00000	1	0.00000	0
275	C	0.00000	1	0.00000	0
276	N	0.00000	1	0.00000	0
277	M	0.00000	0.99999	0.00001	0
278	S	0.00000	0.99999	0.00001	0
279	K	0.00000	0.99994	0.00006	0
280	R	0.00000	0.99925	0.00075	0
281	M	0.00000	0.99246	0.00754	0
282	D	0.00000	0.99027	0.00973	0
283	I	0.00000	0.78021	0.21979	0
284	A	0.00000	0.66385	0.33615	0
285	I	0.00000	0.07727	0.92273	0
286	Q	0.00000	0.0593	0.94070	0
287	V	0.00000	0.02473	0.97527	0
288	T	0.00000	0.02174	0.97826	0
289	E	0.00000	0.01763	0.98237	0
290	S	0.00000	0.00992	0.99008	0
291	I	0.00000	4e-05	0.99996	0
292	A	0.00000	0	1.00000	0
293	L	0.00000	0	1.00000	0
294	F	0.00000	0	1.00000	0
295	H	0.00000	0	1.00000	0
296	S	0.00000	0	1.00000	0
297	C	0.00000	0	1.00000	0
298	L	0.00000	0	1.00000	0
299	N	0.00000	0	1.00000	0
300	P	0.00000	0	1.00000	0
301	I	0.00000	0	1.00000	0
302	L	0.00002	0	0.99998	0
303	Y	0.00009	0	0.99991	0
304	V	0.00028	0	0.99972	0
305	F	0.00636	0	0.99364	0
306	M	0.22512	0	0.77488	0
307	G	0.75761	0	0.24239	0
308	A	0.95340	0	0.04660	0
309	S	0.96047	0	0.03953	0
310	F	0.97020	0	0.02980	0
311	K	1.00000	0	0.00000	0
312	N	1.00000	0	0.00000	0
313	Y	1.00000	0	0.00000	0
314	V	1.00000	0	0.00000	0
315	M	1.00000	0	0.00000	0
316	K	1.00000	0	0.00000	0
317	V	1.00000	0	0.00000	0
318	A	1.00000	0	0.00000	0
319	K	1.00000	0	0.00000	0
320	K	1.00000	0	0.00000	0
321	Y	1.00000	0	0.00000	0
322	G	1.00000	0	0.00000	0
323	S	1.00000	0	0.00000	0
324	W	1.00000	0	0.00000	0
325	R	1.00000	0	0.00000	0
326	R	1.00000	0	0.00000	0
327	Q	1.00000	0	0.00000	0
328	R	1.00000	0	0.00000	0
329	Q	1.00000	0	0.00000	0
330	S	1.00000	0	0.00000	0
331	V	1.00000	0	0.00000	0
332	E	1.00000	0	0.00000	0
333	E	1.00000	0	0.00000	0
334	F	1.00000	0	0.00000	0
335	P	1.00000	0	0.00000	0
336	F	1.00000	0	0.00000	0
337	D	1.00000	0	0.00000	0
338	S	1.00000	0	0.00000	0
339	E	1.00000	0	0.00000	0
340	G	1.00000	0	0.00000	0
341	P	1.00000	0	0.00000	0
342	T	1.00000	0	0.00000	0
343	E	1.00000	0	0.00000	0
344	P	1.00000	0	0.00000	0
345	T	1.00000	0	0.00000	0
346	S	1.00000	0	0.00000	0
347	T	1.00000	0	0.00000	0
348	F	1.00000	0	0.00000	0
349	S	1.00000	0	0.00000	0
350	I	1.00000	0	0.00000	0
