# UNNAMED
#pos	aa	i	o	M	S
1	M	0.00000	8e-05	0.00000	0.99992
2	P	0.00000	8e-05	0.00000	0.99992
3	A	0.00000	8e-05	0.00000	0.99992
4	S	0.00000	8e-05	0.00000	0.99992
5	A	0.00000	8e-05	0.00000	0.99992
6	A	0.00000	8e-05	0.00000	0.99992
7	R	0.00000	8e-05	0.00000	0.99992
8	P	0.00000	8e-05	0.00000	0.99992
9	R	0.00000	8e-05	0.00000	0.99992
10	P	0.00000	8e-05	0.00000	0.99992
11	G	0.00000	8e-05	0.00000	0.99992
12	P	0.00000	8e-05	0.00000	0.99992
13	G	0.00000	8e-05	0.00000	0.99993
14	Q	0.00000	8e-05	0.00000	0.99992
15	P	0.00000	8e-05	0.00000	0.99993
16	T	0.00000	8e-05	0.00000	0.99992
17	A	0.00000	8e-05	0.00000	0.99992
18	S	0.00000	8e-05	0.00000	0.99992
19	P	0.00000	8e-05	0.00000	0.99992
20	F	0.00000	8e-05	0.00000	0.99992
21	P	0.00000	8e-05	0.00000	0.99992
22	L	0.00000	8e-05	0.00000	0.99993
23	L	0.00000	8e-05	0.00000	0.99992
24	L	0.00000	8e-05	0.00000	0.99992
25	L	0.00000	8e-05	0.00000	0.99992
26	A	0.00000	8e-05	0.00000	0.99992
27	V	0.00000	8e-05	0.00000	0.99992
28	L	0.00000	8e-05	0.00000	0.99992
29	S	0.00000	8e-05	0.00000	0.99993
30	G	0.00000	0.00017	0.00000	0.99983
31	P	0.00000	0.00017	0.00000	0.99983
32	V	0.00000	0.00017	0.00000	0.99983
33	S	0.00000	0.00017	0.00000	0.99983
34	G	0.00000	0.00017	0.00000	0.99983
35	R	0.00000	0.99999	0.00000	1e-05
36	V	0.00000	1	0.00000	0
37	P	0.00000	1	0.00000	0
38	R	0.00000	1	0.00000	0
39	S	0.00000	1	0.00000	0
40	V	0.00000	1	0.00000	0
41	P	0.00000	1	0.00000	0
42	R	0.00000	1	0.00000	0
43	T	0.00000	1	0.00000	0
44	S	0.00000	1	0.00000	0
45	L	0.00000	1	0.00000	0
46	P	0.00000	1	0.00000	0
47	I	0.00000	1	0.00000	0
48	S	0.00000	1	0.00000	0
49	E	0.00000	1	0.00000	0
50	A	0.00000	1	0.00000	0
51	D	0.00000	1	0.00000	0
52	S	0.00000	1	0.00000	0
53	C	0.00000	1	0.00000	0
54	L	0.00000	1	0.00000	0
55	T	0.00000	1	0.00000	0
56	R	0.00000	1	0.00000	0
57	F	0.00000	1	0.00000	0
58	A	0.00000	1	0.00000	0
59	V	0.00000	1	0.00000	0
60	P	0.00000	1	0.00000	0
61	H	0.00000	1	0.00000	0
62	T	0.00000	1	0.00000	0
63	Y	0.00000	1	0.00000	0
64	N	0.00000	1	0.00000	0
65	Y	0.00000	1	0.00000	0
66	S	0.00000	1	0.00000	0
67	V	0.00000	1	0.00000	0
68	L	0.00000	1	0.00000	0
69	L	0.00000	1	0.00000	0
70	V	0.00000	1	0.00000	0
71	D	0.00000	1	0.00000	0
72	P	0.00000	1	0.00000	0
73	A	0.00000	1	0.00000	0
74	S	0.00000	1	0.00000	0
75	H	0.00000	1	0.00000	0
76	T	0.00000	1	0.00000	0
77	L	0.00000	1	0.00000	0
78	Y	0.00000	1	0.00000	0
79	V	0.00000	1	0.00000	0
80	G	0.00000	1	0.00000	0
81	A	0.00000	1	0.00000	0
82	R	0.00000	1	0.00000	0
83	D	0.00000	1	0.00000	0
84	T	0.00000	1	0.00000	0
85	I	0.00000	1	0.00000	0
86	F	0.00000	1	0.00000	0
87	A	0.00000	1	0.00000	0
88	L	0.00000	1	0.00000	0
89	S	0.00000	1	0.00000	0
90	L	0.00000	1	0.00000	0
91	P	0.00000	1	0.00000	0
92	F	0.00000	1	0.00000	0
93	S	0.00000	1	0.00000	0
94	G	0.00000	1	0.00000	0
95	E	0.00000	1	0.00000	0
96	R	0.00000	1	0.00000	0
97	P	0.00000	1	0.00000	0
98	R	0.00000	1	0.00000	0
99	R	0.00000	1	0.00000	0
100	I	0.00000	1	0.00000	0
101	D	0.00000	1	0.00000	0
102	W	0.00000	1	0.00000	0
103	M	0.00000	1	0.00000	0
104	V	0.00000	1	0.00000	0
105	P	0.00000	1	0.00000	0
106	E	0.00000	1	0.00000	0
107	A	0.00000	1	0.00000	0
108	H	0.00000	1	0.00000	0
109	R	0.00000	1	0.00000	0
110	Q	0.00000	1	0.00000	0
111	N	0.00000	1	0.00000	0
112	C	0.00000	1	0.00000	0
113	R	0.00000	1	0.00000	0
114	K	0.00000	1	0.00000	0
115	K	0.00000	1	0.00000	0
116	G	0.00000	1	0.00000	0
117	K	0.00000	1	0.00000	0
118	K	0.00000	1	0.00000	0
119	E	0.00000	1	0.00000	0
120	D	0.00000	1	0.00000	0
121	E	0.00000	1	0.00000	0
122	C	0.00000	1	0.00000	0
123	H	0.00000	1	0.00000	0
124	N	0.00000	1	0.00000	0
125	F	0.00000	1	0.00000	0
126	V	0.00000	1	0.00000	0
127	Q	0.00000	1	0.00000	0
128	I	0.00000	1	0.00000	0
129	L	0.00000	1	0.00000	0
130	A	0.00000	1	0.00000	0
131	I	0.00000	1	0.00000	0
132	A	0.00000	1	0.00000	0
133	N	0.00000	1	0.00000	0
134	A	0.00000	1	0.00000	0
135	S	0.00000	1	0.00000	0
136	H	0.00000	1	0.00000	0
137	L	0.00000	1	0.00000	0
138	L	0.00000	1	0.00000	0
139	T	0.00000	1	0.00000	0
140	C	0.00000	1	0.00000	0
141	G	0.00000	1	0.00000	0
142	T	0.00000	1	0.00000	0
143	F	0.00000	1	0.00000	0
144	A	0.00000	1	0.00000	0
145	F	0.00000	1	0.00000	0
146	D	0.00000	1	0.00000	0
147	P	0.00000	1	0.00000	0
148	K	0.00000	1	0.00000	0
149	C	0.00000	1	0.00000	0
150	G	0.00000	1	0.00000	0
151	V	0.00000	1	0.00000	0
152	I	0.00000	1	0.00000	0
153	D	0.00000	1	0.00000	0
154	V	0.00000	1	0.00000	0
155	S	0.00000	1	0.00000	0
156	R	0.00000	1	0.00000	0
157	F	0.00000	1	0.00000	0
158	Q	0.00000	1	0.00000	0
159	Q	0.00000	1	0.00000	0
160	V	0.00000	1	0.00000	0
161	E	0.00000	1	0.00000	0
162	R	0.00000	1	0.00000	0
163	L	0.00000	1	0.00000	0
164	E	0.00000	1	0.00000	0
165	S	0.00000	1	0.00000	0
166	G	0.00000	1	0.00000	0
167	R	0.00000	1	0.00000	0
168	G	0.00000	1	0.00000	0
169	K	0.00000	1	0.00000	0
170	C	0.00000	1	0.00000	0
171	P	0.00000	1	0.00000	0
172	F	0.00000	1	0.00000	0
173	E	0.00000	1	0.00000	0
174	P	0.00000	1	0.00000	0
175	A	0.00000	1	0.00000	0
176	Q	0.00000	1	0.00000	0
177	R	0.00000	1	0.00000	0
178	S	0.00000	1	0.00000	0
179	A	0.00000	1	0.00000	0
180	A	0.00000	1	0.00000	0
181	V	0.00000	1	0.00000	0
182	M	0.00000	1	0.00000	0
183	A	0.00000	1	0.00000	0
184	G	0.00000	1	0.00000	0
185	G	0.00000	1	0.00000	0
186	V	0.00000	1	0.00000	0
187	L	0.00000	1	0.00000	0
188	Y	0.00000	1	0.00000	0
189	A	0.00000	1	0.00000	0
190	A	0.00000	1	0.00000	0
191	T	0.00000	1	0.00000	0
192	V	0.00000	1	0.00000	0
193	K	0.00000	1	0.00000	0
194	N	0.00000	1	0.00000	0
195	Y	0.00000	1	0.00000	0
196	L	0.00000	1	0.00000	0
197	G	0.00000	1	0.00000	0
198	T	0.00000	1	0.00000	0
199	E	0.00000	1	0.00000	0
200	P	0.00000	1	0.00000	0
201	I	0.00000	1	0.00000	0
202	I	0.00000	1	0.00000	0
203	T	0.00000	1	0.00000	0
204	R	0.00000	1	0.00000	0
205	A	0.00000	1	0.00000	0
206	V	0.00000	1	0.00000	0
207	G	0.00000	1	0.00000	0
208	R	0.00000	1	0.00000	0
209	A	0.00000	1	0.00000	0
210	E	0.00000	1	0.00000	0
211	D	0.00000	1	0.00000	0
212	W	0.00000	1	0.00000	0
213	I	0.00000	1	0.00000	0
214	R	0.00000	1	0.00000	0
215	T	0.00000	1	0.00000	0
216	D	0.00000	1	0.00000	0
217	T	0.00000	1	0.00000	0
218	L	0.00000	1	0.00000	0
219	P	0.00000	1	0.00000	0
220	S	0.00000	1	0.00000	0
221	W	0.00000	1	0.00000	0
222	L	0.00000	1	0.00000	0
223	N	0.00000	1	0.00000	0
224	A	0.00000	1	0.00000	0
225	P	0.00000	1	0.00000	0
226	A	0.00000	1	0.00000	0
227	F	0.00000	1	0.00000	0
228	V	0.00000	1	0.00000	0
229	A	0.00000	1	0.00000	0
230	A	0.00000	1	0.00000	0
231	V	0.00000	1	0.00000	0
232	A	0.00000	1	0.00000	0
233	L	0.00000	1	0.00000	0
234	S	0.00000	1	0.00000	0
235	P	0.00000	1	0.00000	0
236	A	0.00000	1	0.00000	0
237	E	0.00000	1	0.00000	0
238	W	0.00000	1	0.00000	0
239	G	0.00000	1	0.00000	0
240	D	0.00000	1	0.00000	0
241	E	0.00000	1	0.00000	0
242	D	0.00000	1	0.00000	0
243	G	0.00000	1	0.00000	0
244	D	0.00000	1	0.00000	0
245	D	0.00000	1	0.00000	0
246	E	0.00000	1	0.00000	0
247	I	0.00000	1	0.00000	0
248	Y	0.00000	1	0.00000	0
249	F	0.00000	1	0.00000	0
250	F	0.00000	1	0.00000	0
251	F	0.00000	1	0.00000	0
252	T	0.00000	1	0.00000	0
253	E	0.00000	1	0.00000	0
254	T	0.00000	1	0.00000	0
255	S	0.00000	1	0.00000	0
256	R	0.00000	1	0.00000	0
257	A	0.00000	1	0.00000	0
258	F	0.00000	1	0.00000	0
259	D	0.00000	1	0.00000	0
260	S	0.00000	1	0.00000	0
261	Y	0.00000	1	0.00000	0
262	E	0.00000	1	0.00000	0
263	R	0.00000	1	0.00000	0
264	I	0.00000	1	0.00000	0
265	K	0.00000	1	0.00000	0
266	V	0.00000	1	0.00000	0
267	P	0.00000	1	0.00000	0
268	R	0.00000	1	0.00000	0
269	V	0.00000	1	0.00000	0
270	A	0.00000	1	0.00000	0
271	R	0.00000	1	0.00000	0
272	V	0.00000	1	0.00000	0
273	C	0.00000	1	0.00000	0
274	A	0.00000	1	0.00000	0
275	G	0.00000	1	0.00000	0
276	D	0.00000	1	0.00000	0
277	L	0.00000	1	0.00000	0
278	G	0.00000	1	0.00000	0
279	G	0.00000	1	0.00000	0
280	R	0.00000	1	0.00000	0
281	K	0.00000	1	0.00000	0
282	T	0.00000	1	0.00000	0
283	L	0.00000	1	0.00000	0
284	Q	0.00000	1	0.00000	0
285	Q	0.00000	1	0.00000	0
286	R	0.00000	1	0.00000	0
287	W	0.00000	1	0.00000	0
288	T	0.00000	1	0.00000	0
289	T	0.00000	1	0.00000	0
290	F	0.00000	1	0.00000	0
291	L	0.00000	1	0.00000	0
292	K	0.00000	1	0.00000	0
293	A	0.00000	1	0.00000	0
294	D	0.00000	1	0.00000	0
295	L	0.00000	1	0.00000	0
296	L	0.00000	1	0.00000	0
297	C	0.00000	1	0.00000	0
298	P	0.00000	1	0.00000	0
299	G	0.00000	1	0.00000	0
300	P	0.00000	1	0.00000	0
301	E	0.00000	1	0.00000	0
302	H	0.00000	1	0.00000	0
303	G	0.00000	1	0.00000	0
304	R	0.00000	1	0.00000	0
305	A	0.00000	1	0.00000	0
306	S	0.00000	1	0.00000	0
307	S	0.00000	1	0.00000	0
308	V	0.00000	1	0.00000	0
309	L	0.00000	1	0.00000	0
310	Q	0.00000	1	0.00000	0
311	D	0.00000	1	0.00000	0
312	V	0.00000	1	0.00000	0
313	A	0.00000	1	0.00000	0
314	V	0.00000	1	0.00000	0
315	L	0.00000	1	0.00000	0
316	R	0.00000	1	0.00000	0
317	P	0.00000	1	0.00000	0
318	E	0.00000	1	0.00000	0
319	L	0.00000	1	0.00000	0
320	G	0.00000	1	0.00000	0
321	A	0.00000	0.99999	0.00001	0
322	G	0.00000	0.99996	0.00004	0
323	T	0.00000	0.99787	0.00213	0
324	P	0.00000	0.9972	0.00280	0
325	I	0.00000	0.99412	0.00588	0
326	F	0.00000	0.99375	0.00625	0
327	Y	0.00000	0.99373	0.00627	0
328	G	0.00000	0.99373	0.00627	0
329	I	0.00000	0.99373	0.00627	0
330	F	0.00000	0.99373	0.00627	0
331	S	0.00000	0.99373	0.00627	0
332	S	0.00000	0.99373	0.00627	0
333	Q	0.00000	0.99373	0.00627	0
334	W	0.00000	0.99373	0.00627	0
335	E	0.00000	0.99373	0.00627	0
336	G	0.00000	0.99373	0.00627	0
337	A	0.00000	0.99373	0.00627	0
338	T	0.00000	0.99373	0.00627	0
339	I	0.00000	0.99373	0.00627	0
340	S	0.00000	0.99373	0.00627	0
341	A	0.00000	0.99373	0.00627	0
342	V	0.00000	0.99373	0.00627	0
343	C	0.00000	0.99373	0.00627	0
344	A	0.00001	0.99373	0.00626	0
345	F	0.00005	0.99373	0.00621	0
346	R	0.00519	0.99373	0.00107	0
347	P	0.00618	0.99373	0.00008	0
348	Q	0.00626	0.99373	0.00001	0
349	D	0.00626	0.99373	0.00000	0
350	I	0.00626	0.99373	0.00000	0
351	R	0.00627	0.99373	0.00000	0
352	T	0.00624	0.99373	0.00002	0
353	V	0.00624	0.99373	0.00002	0
354	L	0.00624	0.99373	0.00002	0
355	N	0.00624	0.99373	0.00002	0
356	G	0.00624	0.99373	0.00002	0
357	P	0.00624	0.99373	0.00002	0
358	F	0.00616	0.99373	0.00010	0
359	R	0.00599	0.99373	0.00027	0
360	E	0.00387	0.99373	0.00240	0
361	L	0.00058	0.99373	0.00568	0
362	K	0.00011	0.99373	0.00615	0
363	H	0.00000	0.99373	0.00627	0
364	D	0.00000	0.99373	0.00627	0
365	C	0.00000	0.99373	0.00627	0
366	N	0.00000	0.99373	0.00627	0
367	R	0.00000	0.99373	0.00627	0
368	G	0.00000	0.99373	0.00627	0
369	L	0.00000	0.99373	0.00627	0
370	P	0.00000	0.99373	0.00627	0
371	V	0.00000	0.99373	0.00627	0
372	V	0.00000	0.99374	0.00626	0
373	D	0.00000	0.99376	0.00624	0
374	N	0.00000	0.99376	0.00624	0
375	D	0.00000	0.99376	0.00624	0
376	V	0.00000	0.99376	0.00624	0
377	P	0.00000	0.99376	0.00624	0
378	Q	0.00000	0.99376	0.00624	0
379	P	0.00000	0.99378	0.00622	0
380	R	0.00000	0.99425	0.00575	0
381	P	0.00000	0.99586	0.00414	0
382	G	0.00000	0.99999	0.00001	0
383	E	0.00000	1	0.00000	0
384	C	0.00000	1	0.00000	0
385	I	0.00000	1	0.00000	0
386	T	0.00000	1	0.00000	0
387	N	0.00000	1	0.00000	0
388	N	0.00000	1	0.00000	0
389	M	0.00000	0.99997	0.00003	0
390	K	0.00000	0.9999	0.00010	0
391	L	0.00000	0.99953	0.00047	0
392	R	0.00000	0.99949	0.00051	0
393	H	0.00000	0.99927	0.00073	0
394	F	0.00000	0.99921	0.00079	0
395	G	0.00000	0.9992	0.00079	0
396	S	0.00000	0.9992	0.00079	0
397	S	0.00000	0.9992	0.00079	0
398	L	0.00000	0.9992	0.00079	0
399	S	0.00000	0.9992	0.00079	0
400	L	0.00000	0.9992	0.00079	0
401	P	0.00000	0.9992	0.00079	0
402	D	0.00000	0.9992	0.00079	0
403	R	0.00000	0.9992	0.00079	0
404	V	0.00000	0.9992	0.00080	0
405	L	0.00000	0.9992	0.00080	0
406	T	0.00000	0.9992	0.00080	0
407	F	0.00000	0.9992	0.00080	0
408	I	0.00000	0.9992	0.00079	0
409	R	0.00007	0.9992	0.00072	0
410	D	0.00018	0.9992	0.00061	0
411	H	0.00021	0.9992	0.00059	0
412	P	0.00047	0.9992	0.00033	0
413	L	0.00050	0.9992	0.00029	0
414	M	0.00077	0.9992	0.00003	0
415	D	0.00079	0.9992	0.00001	0
416	R	0.00079	0.99792	0.00129	0
417	P	0.00079	0.9657	0.03351	0
418	V	0.00079	0.96406	0.03515	0
419	F	0.00079	0.96378	0.03543	0
420	P	0.00079	0.96353	0.03568	0
421	A	0.00079	0.96241	0.03680	0
422	D	0.00079	0.96236	0.03685	0
423	G	0.00079	0.95781	0.04140	0
424	H	0.00079	0.95604	0.04317	0
425	P	0.00079	0.9546	0.04461	0
426	L	0.00001	0.95245	0.04754	0
427	L	0.00000	0.95245	0.04755	0
428	V	0.00000	0.95245	0.04755	0
429	T	0.00000	0.95245	0.04755	0
430	T	0.00000	0.95245	0.04755	0
431	D	0.00000	0.95245	0.04755	0
432	T	0.00000	0.9507	0.04930	0
433	A	0.00000	0.94888	0.05112	0
434	Y	0.00000	0.94851	0.05149	0
435	L	0.00000	0.94849	0.05151	0
436	R	0.00014	0.9484	0.05146	0
437	V	0.00024	0.94487	0.05489	0
438	V	0.00318	0.94453	0.05228	0
439	A	0.03163	0.9445	0.02387	0
440	H	0.03316	0.9445	0.02233	0
441	R	0.03941	0.9445	0.01609	0
442	V	0.03951	0.9445	0.01598	0
443	T	0.04087	0.9445	0.01462	0
444	S	0.04220	0.94451	0.01329	0
445	L	0.04446	0.94451	0.01103	0
446	S	0.04662	0.94501	0.00838	0
447	G	0.04669	0.94517	0.00814	0
448	K	0.04674	0.94527	0.00799	0
449	E	0.04633	0.94529	0.00838	0
450	Y	0.03035	0.94529	0.02436	0
451	D	0.02298	0.94529	0.03173	0
452	V	0.01082	0.94529	0.04389	0
453	L	0.01216	0.94529	0.04255	0
454	Y	0.01214	0.94529	0.04258	0
455	L	0.01310	0.94529	0.04161	0
456	G	0.01362	0.94529	0.04109	0
457	T	0.01569	0.94529	0.03902	0
458	E	0.01665	0.94529	0.03806	0
459	D	0.01331	0.94529	0.04141	0
460	G	0.01093	0.67767	0.31140	0
461	H	0.00931	0.39658	0.59411	0
462	L	0.00835	0.19357	0.79808	0
463	H	0.00748	0.06329	0.92923	0
464	R	0.00730	0.02471	0.96799	0
465	A	0.00665	0.00046	0.99289	0
466	V	0.00614	3e-05	0.99383	0
467	R	0.00598	2e-05	0.99400	0
468	I	0.00011	2e-05	0.99988	0
469	G	0.00008	0.00039	0.99953	0
470	A	0.00007	0.00168	0.99825	0
471	Q	0.00007	0.00875	0.99118	0
472	L	0.00002	0.01256	0.98742	0
473	S	0.00001	0.02729	0.97270	0
474	V	0.00001	0.02915	0.97084	0
475	L	0.00001	0.03102	0.96897	0
476	E	0.00001	0.03786	0.96213	0
477	D	0.00001	0.03792	0.96207	0
478	L	0.00005	0.03792	0.96203	0
479	A	0.00049	0.03797	0.96154	0
480	L	0.00135	0.03802	0.96064	0
481	F	0.01069	0.03825	0.95106	0
482	P	0.82244	0.03969	0.13787	0
483	E	0.93310	0.04612	0.02078	0
484	P	0.94434	0.04662	0.00904	0
485	Q	0.94525	0.04751	0.00724	0
486	P	0.94528	0.04833	0.00640	0
487	V	0.94523	0.05206	0.00272	0
488	E	0.94498	0.05438	0.00064	0
489	N	0.92731	0.05407	0.01862	0
490	M	0.65869	0.02234	0.31897	0
491	K	0.64515	0.02175	0.33310	0
492	L	0.04219	0.01943	0.93838	0
493	Y	0.00294	0.01935	0.97771	0
494	H	0.00065	0.01935	0.98001	0
495	S	0.00051	0.01931	0.98018	0
496	W	0.00033	0.0192	0.98047	0
497	L	0.00030	0.01915	0.98055	0
498	L	0.00002	0.00716	0.99282	0
499	V	0.00000	0.00651	0.99348	0
500	G	0.00000	0.00651	0.99348	0
501	S	0.00000	0.00651	0.99348	0
502	R	0.00000	0.00651	0.99348	0
503	T	0.00000	0.00651	0.99348	0
504	E	0.00000	0.00651	0.99348	0
505	V	0.00000	0.00651	0.99349	0
506	T	0.00000	0.00651	0.99349	0
507	Q	0.00037	0.00671	0.99292	0
508	V	0.00047	0.01048	0.98905	0
509	N	0.00915	0.16537	0.82548	0
510	T	0.01040	0.27069	0.71891	0
511	T	0.01439	0.48313	0.50248	0
512	N	0.03477	0.93348	0.03175	0
513	C	0.03503	0.9494	0.01557	0
514	G	0.03511	0.94947	0.01542	0
515	R	0.03521	0.9496	0.01519	0
516	L	0.03538	0.94962	0.01500	0
517	Q	0.03542	0.94973	0.01485	0
518	S	0.03610	0.94979	0.01411	0
519	C	0.04080	0.9517	0.00750	0
520	S	0.04783	0.95177	0.00041	0
521	E	0.04776	0.95177	0.00048	0
522	C	0.04187	0.95176	0.00637	0
523	I	0.04166	0.95172	0.00662	0
524	L	0.04165	0.9517	0.00665	0
525	A	0.04163	0.95167	0.00670	0
526	Q	0.04163	0.95167	0.00670	0
527	D	0.04161	0.95166	0.00673	0
528	P	0.03885	0.95166	0.00949	0
529	V	0.01702	0.95165	0.03133	0
530	C	0.01183	0.95164	0.03652	0
531	A	0.00700	0.94126	0.05174	0
532	W	0.00579	0.93806	0.05614	0
533	S	0.00563	0.00709	0.98728	0
534	F	0.00561	0.00709	0.98730	0
535	R	0.00562	0.00709	0.98729	0
536	L	0.00522	0.00709	0.98769	0
537	D	0.00520	0.00728	0.98752	0
538	E	0.00375	0.00735	0.98890	0
539	C	0.00005	0.00737	0.99258	0
540	V	0.00003	0.00738	0.99258	0
541	A	0.00003	0.0074	0.99257	0
542	H	0.00003	0.00774	0.99222	0
543	A	0.00002	0.00881	0.99117	0
544	G	0.00002	0.01071	0.98927	0
545	E	0.00002	0.0136	0.98638	0
546	H	0.00002	0.01369	0.98629	0
547	R	0.00006	0.01562	0.98432	0
548	G	0.00006	0.01583	0.98411	0
549	L	0.00008	0.01619	0.98373	0
550	V	0.00068	0.02556	0.97376	0
551	Q	0.00211	0.0491	0.94879	0
552	D	0.03855	0.04965	0.91181	0
553	I	0.03895	0.04965	0.91141	0
554	E	0.06111	0.04966	0.88922	0
555	S	0.68120	0.04968	0.26912	0
556	A	0.94073	0.04979	0.00948	0
557	D	0.94454	0.05099	0.00447	0
558	V	0.94469	0.05112	0.00419	0
559	S	0.94470	0.05311	0.00219	0
560	S	0.94471	0.05425	0.00104	0
561	L	0.94471	0.05476	0.00053	0
562	C	0.94471	0.05523	0.00006	0
563	P	0.94471	0.05527	0.00002	0
564	K	0.94471	0.05527	0.00001	0
565	E	0.94471	0.05527	0.00001	0
566	P	0.94471	0.05527	0.00001	0
567	G	0.94471	0.05527	0.00001	0
568	E	0.94471	0.05529	0.00001	0
569	R	0.94465	0.05524	0.00010	0
570	P	0.94139	0.05522	0.00340	0
571	V	0.07684	0.05237	0.87079	0
572	V	0.03709	0.05227	0.91064	0
573	F	0.02244	0.05221	0.92535	0
574	E	0.01637	0.05218	0.93145	0
575	V	0.00994	0.05126	0.93880	0
576	P	0.00958	0.05089	0.93954	0
577	V	0.00580	0.00113	0.99307	0
578	A	0.00141	8e-05	0.99850	0
579	T	0.00046	3e-05	0.99951	0
580	A	0.00003	2e-05	0.99995	0
581	A	0.00000	0	1.00000	0
582	H	0.00000	0	1.00000	0
583	V	0.00000	0	1.00000	0
584	V	0.00000	0	1.00000	0
585	L	0.00000	0	1.00000	0
586	P	0.00000	0	1.00000	0
587	C	0.00000	1e-05	0.99999	0
588	S	0.00000	1e-05	0.99999	0
589	P	0.00000	6e-05	0.99994	0
590	S	0.00000	0.00099	0.99901	0
591	S	0.00000	0.00564	0.99436	0
592	A	0.00000	0.01805	0.98195	0
593	W	0.00000	0.29699	0.70301	0
594	A	0.00000	0.52074	0.47926	0
595	S	0.00008	0.87828	0.12163	0
596	C	0.00012	0.93247	0.06740	0
597	V	0.00040	0.93475	0.06486	0
598	W	0.00121	0.93803	0.06076	0
599	H	0.02632	0.94308	0.03060	0
600	Q	0.05268	0.94419	0.00313	0
601	P	0.05508	0.94437	0.00055	0
602	S	0.05525	0.94465	0.00010	0
603	G	0.05527	0.94471	0.00003	0
604	V	0.05527	0.94471	0.00002	0
605	T	0.05527	0.94471	0.00002	0
606	A	0.05527	0.94462	0.00011	0
607	L	0.05526	0.94356	0.00117	0
608	T	0.05527	0.94356	0.00116	0
609	P	0.05527	0.94356	0.00116	0
610	R	0.05527	0.94356	0.00117	0
611	R	0.05527	0.94356	0.00117	0
612	D	0.05527	0.94356	0.00117	0
613	G	0.05527	0.94273	0.00200	0
614	L	0.05527	0.93667	0.00806	0
615	E	0.05526	0.90811	0.03663	0
616	V	0.04531	0.56628	0.38841	0
617	V	0.04505	0.55858	0.39637	0
618	V	0.04461	0.54486	0.41053	0
619	T	0.04403	0.53132	0.42465	0
620	P	0.04398	0.52985	0.42617	0
621	G	0.01378	0.49353	0.49270	0
622	A	0.00948	0.33033	0.66019	0
623	M	0.00008	0.16442	0.83551	0
624	G	0.00000	0.00364	0.99635	0
625	A	0.00000	0.00062	0.99938	0
626	Y	0.00000	0.00058	0.99942	0
627	A	0.00000	5e-05	0.99995	0
628	C	0.00004	5e-05	0.99990	0
629	E	0.00063	6e-05	0.99932	0
630	C	0.00070	6e-05	0.99925	0
631	Q	0.00115	6e-05	0.99879	0
632	E	0.00115	6e-05	0.99879	0
633	G	0.00115	6e-05	0.99879	0
634	G	0.00116	6e-05	0.99879	0
635	A	0.00116	6e-05	0.99878	0
636	A	0.00120	7e-05	0.99873	0
637	H	0.00158	0.00014	0.99828	0
638	V	0.00187	0.00017	0.99795	0
639	V	0.01420	0.0005	0.98530	0
640	A	0.18040	0.00267	0.81693	0
641	A	0.31471	0.00673	0.67857	0
642	Y	0.39212	0.01676	0.59112	0
643	S	0.40683	0.01836	0.57481	0
644	L	0.40855	0.01975	0.57170	0
645	V	0.41576	0.0288	0.55544	0
646	W	0.45262	0.04439	0.50298	0
647	G	0.90004	0.05442	0.04554	0
648	S	0.93582	0.05505	0.00913	0
649	Q	0.94436	0.05531	0.00033	0
650	R	0.94441	0.05533	0.00026	0
651	D	0.94441	0.05533	0.00026	0
652	A	0.94440	0.05532	0.00028	0
653	P	0.94440	0.05531	0.00029	0
654	S	0.94431	0.05501	0.00068	0
655	R	0.94216	0.04265	0.01520	0
656	A	0.94105	0.03182	0.02713	0
657	H	0.92958	0.02225	0.04817	0
658	T	0.92398	0.01756	0.05846	0
659	V	0.58856	0.00426	0.40718	0
660	G	0.00376	0.00225	0.99399	0
661	A	0.00025	0.00076	0.99899	0
662	G	0.00004	0.00045	0.99951	0
663	L	0.00003	0	0.99996	0
664	A	0.00000	0	1.00000	0
665	G	0.00000	0	1.00000	0
666	F	0.00000	0	1.00000	0
667	F	0.00000	0	1.00000	0
668	L	0.00000	0	1.00000	0
669	G	0.00000	0	1.00000	0
670	I	0.00000	0	1.00000	0
671	L	0.00000	0	1.00000	0
672	A	0.00000	0	1.00000	0
673	A	0.00000	0	1.00000	0
674	S	0.00001	0	0.99999	0
675	L	0.00003	0	0.99997	0
676	T	0.00012	1e-05	0.99988	0
677	L	0.00016	2e-05	0.99982	0
678	I	0.00050	0.00012	0.99939	0
679	L	0.00400	0.00143	0.99458	0
680	I	0.01486	0.04587	0.93927	0
681	G	0.04153	0.55584	0.40262	0
682	R	0.05559	0.91485	0.02957	0
683	R	0.05559	0.94225	0.00216	0
684	Q	0.05559	0.9441	0.00031	0
685	Q	0.05559	0.94437	0.00004	0
686	R	0.05559	0.94441	0.00000	0
687	R	0.05559	0.94441	0.00000	0
688	R	0.05559	0.94441	0.00000	0
689	Q	0.05559	0.94441	0.00001	0
690	R	0.05559	0.94438	0.00003	0
691	E	0.05559	0.9381	0.00631	0
692	L	0.05557	0.93005	0.01438	0
693	L	0.05554	0.89247	0.05199	0
694	A	0.05554	0.88615	0.05832	0
695	R	0.05554	0.88599	0.05848	0
696	D	0.05553	0.88493	0.05953	0
697	K	0.05553	0.8677	0.07677	0
698	V	0.05553	0.642	0.30247	0
699	G	0.05553	0.63516	0.30930	0
700	L	0.05553	0.59301	0.35145	0
701	D	0.05553	0.59245	0.35202	0
702	L	0.05553	0.59203	0.35244	0
703	G	0.05553	0.59202	0.35244	0
704	A	0.05553	0.59202	0.35244	0
705	P	0.05553	0.59202	0.35244	0
706	P	0.05553	0.59202	0.35244	0
707	S	0.05553	0.59202	0.35244	0
708	G	0.05553	0.59202	0.35244	0
709	T	0.05553	0.59202	0.35244	0
710	T	0.05554	0.59202	0.35244	0
711	S	0.05574	0.59202	0.35224	0
712	Y	0.05801	0.59202	0.34997	0
713	S	0.07421	0.59203	0.33376	0
714	Q	0.10973	0.59206	0.29821	0
715	D	0.11214	0.59208	0.29578	0
716	P	0.11246	0.59208	0.29547	0
717	P	0.11361	0.59208	0.29431	0
718	S	0.11637	0.59208	0.29156	0
719	P	0.13907	0.59208	0.26885	0
720	S	0.24334	0.59208	0.16459	0
721	P	0.32702	0.59207	0.08090	0
722	E	0.40792	0.59205	0.00003	0
723	D	0.40792	0.59204	0.00004	0
724	E	0.40792	0.59176	0.00032	0
725	R	0.40792	0.59127	0.00081	0
726	L	0.40792	0.58939	0.00269	0
727	P	0.40792	0.58918	0.00290	0
728	L	0.40792	0.54664	0.04544	0
729	A	0.40792	0.02651	0.56557	0
730	L	0.40792	0.00181	0.59027	0
731	A	0.40792	0.0013	0.59077	0
732	K	0.40792	0.00127	0.59080	0
733	R	0.40792	0.00108	0.59100	0
734	G	0.40792	0.00102	0.59106	0
735	S	0.40792	0.00097	0.59111	0
736	G	0.40792	0.00087	0.59121	0
737	F	0.40792	0.00085	0.59123	0
738	G	0.40792	0.00085	0.59123	0
739	G	0.40792	0.00084	0.59123	0
740	F	0.40792	0.00083	0.59125	0
741	S	0.40792	0.00082	0.59126	0
742	P	0.40793	0.0007	0.59137	0
743	P	0.40794	0.00031	0.59176	0
744	F	0.40796	1e-05	0.59202	0
745	L	0.40815	0	0.59185	0
746	L	0.40855	0	0.59145	0
747	D	0.41108	0	0.58892	0
748	P	0.41896	0	0.58104	0
749	C	0.52872	0	0.47128	0
750	P	0.60541	0	0.39459	0
751	S	0.88350	0	0.11650	0
752	P	0.92105	0	0.07895	0
753	A	0.97145	0	0.02855	0
754	H	0.98834	0	0.01166	0
755	I	0.99025	0	0.00975	0
756	R	0.99915	0	0.00085	0
757	L	0.99915	0	0.00085	0
758	T	0.99915	0	0.00085	0
759	G	0.99915	0	0.00085	0
760	A	0.99915	0	0.00085	0
761	P	0.99915	0	0.00085	0
762	L	0.99917	0	0.00083	0
763	A	0.99925	0	0.00075	0
764	T	0.99935	0	0.00065	0
765	C	0.99950	0	0.00050	0
766	D	0.99995	0	0.00005	0
767	E	1.00000	0	0.00000	0
768	T	1.00000	0	0.00000	0
769	S	1.00000	0	0.00000	0
770	I	1.00000	0	0.00000	0
