# UNNAMED
#pos	aa	i	o	M	S
1	M	0.00000	0.99955	0.00000	0.00045
2	E	0.00000	0.99955	0.00000	0.00045
3	K	0.00000	0.99955	0.00000	0.00045
4	A	0.00000	0.99955	0.00000	0.00045
5	N	0.00000	0.99955	0.00000	0.00045
6	E	0.00000	0.99955	0.00000	0.00046
7	T	0.00000	0.99955	0.00000	0.00046
8	S	0.00000	0.99955	0.00000	0.00046
9	P	0.00000	0.99955	0.00000	0.00046
10	V	0.00000	0.99955	0.00000	0.00045
11	M	0.00000	0.99955	0.00000	0.00045
12	G	0.00000	0.99955	0.00000	0.00045
13	F	0.00000	0.99955	0.00000	0.00045
14	V	0.00000	0.99955	0.00000	0.00045
15	L	0.00000	0.99955	0.00000	0.00045
16	L	0.00000	0.99955	0.00000	0.00045
17	R	0.00000	0.99955	0.00000	0.00045
18	L	0.00000	0.99955	0.00000	0.00045
19	S	0.00000	0.99955	0.00000	0.00045
20	A	0.00000	0.99955	0.00000	0.00045
21	H	0.00000	1	0.00000	0
22	P	0.00000	1	0.00000	0
23	E	0.00000	1	0.00000	0
24	L	0.00000	0.99993	0.00007	0
25	E	0.00000	0.99982	0.00018	0
26	K	0.00000	0.99392	0.00608	0
27	T	0.00000	0.74136	0.25864	0
28	F	0.00000	0.18785	0.81215	0
29	F	0.00000	0.0786	0.92140	0
30	V	0.00000	0.06001	0.93999	0
31	L	0.00000	0.05697	0.94303	0
32	I	0.00000	0.00255	0.99745	0
33	L	0.00000	0.00036	0.99964	0
34	L	0.00000	3e-05	0.99997	0
35	M	0.00000	0	1.00000	0
36	Y	0.00000	0	1.00000	0
37	L	0.00000	0	1.00000	0
38	V	0.00000	0	1.00000	0
39	I	0.00000	0	1.00000	0
40	L	0.00000	0	1.00000	0
41	L	0.00000	0	1.00000	0
42	G	0.00000	0	1.00000	0
43	N	0.00000	0	1.00000	0
44	G	0.00000	0	1.00000	0
45	V	0.00000	0	1.00000	0
46	L	0.00000	0	1.00000	0
47	I	0.00000	0	1.00000	0
48	L	0.00021	0	0.99979	0
49	V	0.00982	0	0.99018	0
50	T	0.20956	0	0.79044	0
51	I	0.25288	0	0.74712	0
52	L	0.57739	0	0.42261	0
53	D	0.99711	0	0.00289	0
54	S	0.99984	0	0.00016	0
55	R	1.00000	0	0.00000	0
56	L	1.00000	0	0.00000	0
57	H	1.00000	0	0.00000	0
58	T	1.00000	0	0.00000	0
59	P	1.00000	0	0.00000	0
60	M	0.63578	0	0.36422	0
61	Y	0.50402	0	0.49598	0
62	F	0.08060	0	0.91940	0
63	F	0.00144	0	0.99856	0
64	L	0.00011	0	0.99989	0
65	G	0.00003	0	0.99997	0
66	N	0.00000	0	1.00000	0
67	L	0.00000	0	1.00000	0
68	S	0.00000	0	1.00000	0
69	F	0.00000	0	1.00000	0
70	L	0.00000	0	1.00000	0
71	D	0.00000	0	1.00000	0
72	I	0.00000	0	1.00000	0
73	C	0.00000	0	1.00000	0
74	F	0.00000	0	1.00000	0
75	T	0.00000	0	1.00000	0
76	T	0.00000	0	1.00000	0
77	S	0.00000	0	1.00000	0
78	S	0.00000	0	1.00000	0
79	V	0.00000	1e-05	0.99999	0
80	P	0.00000	0.00013	0.99987	0
81	L	0.00000	0.00078	0.99922	0
82	V	0.00000	0.00505	0.99495	0
83	L	0.00000	0.07217	0.92783	0
84	D	0.00000	0.96763	0.03237	0
85	S	0.00000	0.99995	0.00005	0
86	F	0.00000	0.99995	0.00005	0
87	L	0.00000	0.99997	0.00003	0
88	T	0.00000	0.99998	0.00002	0
89	P	0.00000	0.99998	0.00002	0
90	Q	0.00000	0.99999	0.00001	0
91	E	0.00000	1	0.00000	0
92	T	0.00000	1	0.00000	0
93	I	0.00000	1	0.00000	0
94	S	0.00000	1	0.00000	0
95	F	0.00000	0.99996	0.00004	0
96	S	0.00000	0.99985	0.00015	0
97	A	0.00000	0.98862	0.01138	0
98	C	0.00000	0.9709	0.02910	0
99	A	0.00000	0.72211	0.27789	0
100	V	0.00000	0.37556	0.62444	0
101	Q	0.00000	0.33603	0.66397	0
102	M	0.00000	0.04742	0.95258	0
103	A	0.00000	0.01029	0.98971	0
104	L	0.00000	0.00086	0.99914	0
105	S	0.00000	0.00033	0.99967	0
106	F	0.00000	0	1.00000	0
107	A	0.00000	0	1.00000	0
108	M	0.00000	0	1.00000	0
109	A	0.00000	0	1.00000	0
110	G	0.00000	0	1.00000	0
111	T	0.00000	0	1.00000	0
112	E	0.00000	0	1.00000	0
113	C	0.00000	0	1.00000	0
114	L	0.00000	0	1.00000	0
115	L	0.00000	0	1.00000	0
116	L	0.00000	0	1.00000	0
117	S	0.00000	0	1.00000	0
118	M	0.00000	0	1.00000	0
119	M	0.00000	0	1.00000	0
120	A	0.00000	0	1.00000	0
121	F	0.00000	0	1.00000	0
122	D	0.00002	0	0.99998	0
123	R	0.00361	0	0.99639	0
124	Y	0.08536	0	0.91464	0
125	V	0.93785	0	0.06215	0
126	A	0.99094	0	0.00906	0
127	I	0.99999	0	0.00001	0
128	C	1.00000	0	0.00000	0
129	N	1.00000	0	0.00000	0
130	P	1.00000	0	0.00000	0
131	L	1.00000	0	0.00000	0
132	R	1.00000	0	0.00000	0
133	Y	1.00000	0	0.00000	0
134	S	1.00000	0	0.00000	0
135	V	0.99999	0	0.00001	0
136	I	0.99989	0	0.00011	0
137	M	0.99956	0	0.00044	0
138	S	0.99473	0	0.00527	0
139	K	0.96034	0	0.03966	0
140	A	0.85124	0	0.14876	0
141	A	0.71898	0	0.28102	0
142	Y	0.35243	0	0.64757	0
143	M	0.18579	0	0.81421	0
144	P	0.13060	0	0.86940	0
145	M	0.04346	0	0.95654	0
146	A	0.00921	0	0.99079	0
147	A	0.00143	0	0.99857	0
148	S	0.00019	0	0.99981	0
149	S	0.00002	0	0.99998	0
150	W	0.00000	0	1.00000	0
151	A	0.00000	0	1.00000	0
152	I	0.00000	0	1.00000	0
153	G	0.00000	0	1.00000	0
154	G	0.00000	0	1.00000	0
155	A	0.00000	0	1.00000	0
156	A	0.00000	1e-05	0.99999	0
157	S	0.00000	4e-05	0.99996	0
158	V	0.00000	0.00012	0.99988	0
159	V	0.00000	0.00303	0.99697	0
160	H	0.00000	0.08537	0.91463	0
161	T	0.00000	0.14379	0.85621	0
162	S	0.00000	0.18878	0.81122	0
163	L	0.00000	0.23205	0.76795	0
164	A	0.00000	0.44256	0.55744	0
165	I	0.00000	0.85692	0.14308	0
166	Q	0.00000	0.93534	0.06466	0
167	L	0.00000	0.94575	0.05425	0
168	P	0.00000	0.98738	0.01262	0
169	F	0.00000	0.99325	0.00675	0
170	C	0.00000	0.99976	0.00024	0
171	G	0.00000	0.99999	0.00001	0
172	D	0.00000	1	0.00000	0
173	N	0.00000	1	0.00000	0
174	V	0.00000	1	0.00000	0
175	I	0.00000	1	0.00000	0
176	N	0.00000	1	0.00000	0
177	H	0.00000	1	0.00000	0
178	F	0.00000	1	0.00000	0
179	T	0.00000	1	0.00000	0
180	C	0.00000	1	0.00000	0
181	E	0.00000	1	0.00000	0
182	I	0.00000	1	0.00000	0
183	L	0.00000	1	0.00000	0
184	A	0.00000	1	0.00000	0
185	V	0.00000	1	0.00000	0
186	L	0.00000	1	0.00000	0
187	K	0.00000	1	0.00000	0
188	L	0.00000	1	0.00000	0
189	A	0.00000	1	0.00000	0
190	C	0.00000	1	0.00000	0
191	A	0.00000	1	0.00000	0
192	D	0.00000	1	0.00000	0
193	I	0.00000	0.99986	0.00014	0
194	S	0.00000	0.99712	0.00288	0
195	I	0.00000	0.98778	0.01222	0
196	N	0.00000	0.48839	0.51161	0
197	V	0.00000	0.38914	0.61086	0
198	I	0.00000	0.32314	0.67686	0
199	S	0.00000	0.13769	0.86231	0
200	M	0.00000	0.09083	0.90917	0
201	E	0.00000	0.08983	0.91017	0
202	V	0.00000	0.07599	0.92401	0
203	T	0.00000	0.07496	0.92504	0
204	N	0.00000	0.02557	0.97443	0
205	V	0.00000	0.01409	0.98591	0
206	I	0.00000	3e-05	0.99997	0
207	F	0.00000	0	1.00000	0
208	L	0.00000	0	1.00000	0
209	G	0.00000	0	1.00000	0
210	V	0.00000	0	1.00000	0
211	P	0.00000	0	1.00000	0
212	V	0.00000	0	1.00000	0
213	L	0.00000	0	1.00000	0
214	F	0.00000	0	1.00000	0
215	I	0.00000	0	1.00000	0
216	S	0.00000	0	1.00000	0
217	F	0.00001	0	0.99999	0
218	S	0.00027	0	0.99973	0
219	Y	0.00038	0	0.99962	0
220	V	0.00152	0	0.99848	0
221	F	0.00500	0	0.99500	0
222	I	0.05402	0	0.94598	0
223	I	0.18548	0	0.81452	0
224	T	0.90185	0	0.09815	0
225	T	0.91926	0	0.08074	0
226	I	0.92214	0	0.07786	0
227	L	0.94038	0	0.05962	0
228	R	0.99536	0	0.00464	0
229	I	0.99669	0	0.00331	0
230	P	0.99991	0	0.00009	0
231	S	1.00000	0	0.00000	0
232	A	1.00000	0	0.00000	0
233	E	1.00000	0	0.00000	0
234	G	0.99979	0	0.00021	0
235	R	0.97081	0	0.02919	0
236	K	0.91281	0	0.08719	0
237	K	0.64467	0	0.35533	0
238	V	0.12021	0	0.87979	0
239	F	0.10508	0	0.89492	0
240	S	0.00134	0	0.99866	0
241	T	0.00130	0	0.99870	0
242	C	0.00011	0	0.99989	0
243	S	0.00003	0	0.99997	0
244	A	0.00001	0	0.99999	0
245	H	0.00001	0	0.99999	0
246	L	0.00000	0	1.00000	0
247	T	0.00000	0	1.00000	0
248	V	0.00000	0	1.00000	0
249	V	0.00000	0	1.00000	0
250	I	0.00000	0	1.00000	0
251	V	0.00000	0	1.00000	0
252	F	0.00000	0	1.00000	0
253	Y	0.00000	0	1.00000	0
254	G	0.00000	0	1.00000	0
255	T	0.00000	0	1.00000	0
256	L	0.00000	1e-05	0.99999	0
257	F	0.00000	0.00025	0.99975	0
258	F	0.00000	0.00362	0.99638	0
259	M	0.00000	0.01541	0.98459	0
260	Y	0.00000	0.30116	0.69884	0
261	G	0.00000	0.81278	0.18722	0
262	K	0.00000	0.99723	0.00277	0
263	P	0.00000	0.9994	0.00060	0
264	K	0.00000	0.99999	0.00001	0
265	S	0.00000	1	0.00000	0
266	K	0.00000	1	0.00000	0
267	D	0.00000	1	0.00000	0
268	S	0.00000	1	0.00000	0
269	M	0.00000	1	0.00000	0
270	G	0.00000	1	0.00000	0
271	A	0.00000	1	0.00000	0
272	D	0.00000	1	0.00000	0
273	K	0.00000	1	0.00000	0
274	E	0.00000	0.99999	0.00001	0
275	D	0.00000	0.99845	0.00155	0
276	L	0.00000	0.91221	0.08779	0
277	S	0.00000	0.88786	0.11214	0
278	D	0.00000	0.87244	0.12756	0
279	K	0.00000	0.56311	0.43689	0
280	L	0.00000	0.01679	0.98321	0
281	I	0.00000	1e-05	0.99999	0
282	P	0.00000	0	1.00000	0
283	L	0.00000	0	1.00000	0
284	F	0.00000	0	1.00000	0
285	Y	0.00000	0	1.00000	0
286	G	0.00000	0	1.00000	0
287	V	0.00000	0	1.00000	0
288	V	0.00000	0	1.00000	0
289	T	0.00000	0	1.00000	0
290	P	0.00000	0	1.00000	0
291	M	0.00000	0	1.00000	0
292	L	0.00000	0	1.00000	0
293	N	0.00000	0	1.00000	0
294	P	0.00000	0	1.00000	0
295	I	0.00001	0	0.99999	0
296	I	0.00078	0	0.99922	0
297	Y	0.00592	0	0.99408	0
298	S	0.02911	0	0.97089	0
299	L	0.21564	0	0.78436	0
300	R	1.00000	0	0.00000	0
301	N	1.00000	0	0.00000	0
302	K	1.00000	0	0.00000	0
303	D	1.00000	0	0.00000	0
304	V	1.00000	0	0.00000	0
305	K	1.00000	0	0.00000	0
306	A	1.00000	0	0.00000	0
307	A	1.00000	0	0.00000	0
308	V	1.00000	0	0.00000	0
309	R	1.00000	0	0.00000	0
310	R	1.00000	0	0.00000	0
311	L	1.00000	0	0.00000	0
312	L	1.00000	0	0.00000	0
313	R	1.00000	0	0.00000	0
314	P	1.00000	0	0.00000	0
315	K	1.00000	0	0.00000	0
316	G	1.00000	0	0.00000	0
317	F	1.00000	0	0.00000	0
318	T	1.00000	0	0.00000	0
319	Q	1.00000	0	0.00000	0
