# UNNAMED
#pos	aa	i	o	M	S
1	M	0.00000	0.00103	0.00000	0.99897
2	E	0.00000	0.00103	0.00000	0.99897
3	M	0.00000	0.00103	0.00000	0.99897
4	F	0.00000	0.00103	0.00000	0.99897
5	T	0.00000	0.00103	0.00000	0.99896
6	F	0.00000	0.00103	0.00000	0.99896
7	L	0.00000	0.00103	0.00000	0.99896
8	L	0.00000	0.00103	0.00000	0.99897
9	T	0.00000	0.00103	0.00000	0.99896
10	C	0.00000	0.00103	0.00000	0.99897
11	I	0.00000	0.00103	0.00000	0.99897
12	F	0.00000	0.00103	0.00000	0.99897
13	L	0.00000	0.00103	0.00000	0.99897
14	P	0.00000	0.00103	0.00000	0.99897
15	L	0.00000	0.00103	0.00000	0.99897
16	L	0.00000	0.00104	0.00000	0.99896
17	R	0.00000	0.00104	0.00000	0.99896
18	G	0.00000	0.00104	0.00000	0.99896
19	H	0.00000	0.72713	0.00000	0.27287
20	S	0.00000	0.72713	0.00000	0.27287
21	L	0.00000	0.99895	0.00000	0.00104
22	F	0.00000	0.99999	0.00000	1e-05
23	T	0.00000	0.99999	0.00000	1e-05
24	C	0.00000	1	0.00000	0
25	E	0.00000	1	0.00000	0
26	P	0.00000	1	0.00000	0
27	I	0.00000	1	0.00000	0
28	T	0.00000	1	0.00000	0
29	V	0.00000	1	0.00000	0
30	P	0.00000	1	0.00000	0
31	R	0.00000	1	0.00000	0
32	C	0.00000	1	0.00000	0
33	M	0.00000	1	0.00000	0
34	K	0.00000	1	0.00000	0
35	M	0.00000	1	0.00000	0
36	A	0.00000	1	0.00000	0
37	Y	0.00000	1	0.00000	0
38	N	0.00000	1	0.00000	0
39	M	0.00000	1	0.00000	0
40	T	0.00000	1	0.00000	0
41	F	0.00000	1	0.00000	0
42	F	0.00000	1	0.00000	0
43	P	0.00000	1	0.00000	0
44	N	0.00000	1	0.00000	0
45	L	0.00000	1	0.00000	0
46	M	0.00000	1	0.00000	0
47	G	0.00000	1	0.00000	0
48	H	0.00000	1	0.00000	0
49	Y	0.00000	1	0.00000	0
50	D	0.00000	1	0.00000	0
51	Q	0.00000	1	0.00000	0
52	S	0.00000	1	0.00000	0
53	I	0.00000	1	0.00000	0
54	A	0.00000	1	0.00000	0
55	A	0.00000	1	0.00000	0
56	V	0.00000	1	0.00000	0
57	E	0.00000	1	0.00000	0
58	M	0.00000	1	0.00000	0
59	E	0.00000	1	0.00000	0
60	H	0.00000	1	0.00000	0
61	F	0.00000	1	0.00000	0
62	L	0.00000	1	0.00000	0
63	P	0.00000	1	0.00000	0
64	L	0.00000	1	0.00000	0
65	A	0.00000	1	0.00000	0
66	N	0.00000	1	0.00000	0
67	L	0.00000	1	0.00000	0
68	E	0.00000	1	0.00000	0
69	C	0.00000	1	0.00000	0
70	S	0.00000	1	0.00000	0
71	P	0.00000	1	0.00000	0
72	N	0.00000	1	0.00000	0
73	I	0.00000	1	0.00000	0
74	E	0.00000	1	0.00000	0
75	T	0.00000	1	0.00000	0
76	F	0.00000	1	0.00000	0
77	L	0.00000	1	0.00000	0
78	C	0.00000	1	0.00000	0
79	K	0.00000	1	0.00000	0
80	A	0.00000	1	0.00000	0
81	F	0.00000	1	0.00000	0
82	V	0.00000	1	0.00000	0
83	P	0.00000	1	0.00000	0
84	T	0.00000	1	0.00000	0
85	C	0.00000	1	0.00000	0
86	I	0.00000	1	0.00000	0
87	E	0.00000	1	0.00000	0
88	Q	0.00000	1	0.00000	0
89	I	0.00000	1	0.00000	0
90	H	0.00000	1	0.00000	0
91	V	0.00000	1	0.00000	0
92	V	0.00000	1	0.00000	0
93	P	0.00000	1	0.00000	0
94	P	0.00000	1	0.00000	0
95	C	0.00000	1	0.00000	0
96	R	0.00000	1	0.00000	0
97	K	0.00000	1	0.00000	0
98	L	0.00000	1	0.00000	0
99	C	0.00000	1	0.00000	0
100	E	0.00000	1	0.00000	0
101	K	0.00000	1	0.00000	0
102	V	0.00000	1	0.00000	0
103	Y	0.00000	1	0.00000	0
104	S	0.00000	1	0.00000	0
105	D	0.00000	1	0.00000	0
106	C	0.00000	1	0.00000	0
107	K	0.00000	1	0.00000	0
108	K	0.00000	1	0.00000	0
109	L	0.00000	1	0.00000	0
110	I	0.00000	1	0.00000	0
111	D	0.00000	1	0.00000	0
112	T	0.00000	1	0.00000	0
113	F	0.00000	1	0.00000	0
114	G	0.00000	1	0.00000	0
115	I	0.00000	1	0.00000	0
116	R	0.00000	1	0.00000	0
117	W	0.00000	1	0.00000	0
118	P	0.00000	1	0.00000	0
119	E	0.00000	1	0.00000	0
120	E	0.00000	1	0.00000	0
121	L	0.00000	1	0.00000	0
122	E	0.00000	1	0.00000	0
123	C	0.00000	1	0.00000	0
124	D	0.00000	1	0.00000	0
125	R	0.00000	1	0.00000	0
126	L	0.00000	1	0.00000	0
127	Q	0.00000	1	0.00000	0
128	Y	0.00000	1	0.00000	0
129	C	0.00000	1	0.00000	0
130	D	0.00000	1	0.00000	0
131	E	0.00000	1	0.00000	0
132	T	0.00000	1	0.00000	0
133	V	0.00000	1	0.00000	0
134	P	0.00000	1	0.00000	0
135	V	0.00000	1	0.00000	0
136	T	0.00000	1	0.00000	0
137	F	0.00000	1	0.00000	0
138	D	0.00000	1	0.00000	0
139	P	0.00000	1	0.00000	0
140	H	0.00000	1	0.00000	0
141	T	0.00000	1	0.00000	0
142	E	0.00000	1	0.00000	0
143	F	0.00000	1	0.00000	0
144	L	0.00000	1	0.00000	0
145	G	0.00000	1	0.00000	0
146	P	0.00000	1	0.00000	0
147	Q	0.00000	1	0.00000	0
148	K	0.00000	1	0.00000	0
149	K	0.00000	1	0.00000	0
150	T	0.00000	1	0.00000	0
151	E	0.00000	1	0.00000	0
152	Q	0.00000	1	0.00000	0
153	V	0.00000	1	0.00000	0
154	Q	0.00000	1	0.00000	0
155	R	0.00000	1	0.00000	0
156	D	0.00000	1	0.00000	0
157	I	0.00000	1	0.00000	0
158	G	0.00000	1	0.00000	0
159	F	0.00000	1	0.00000	0
160	W	0.00000	1	0.00000	0
161	C	0.00000	1	0.00000	0
162	P	0.00000	1	0.00000	0
163	R	0.00000	1	0.00000	0
164	H	0.00000	1	0.00000	0
165	L	0.00000	1	0.00000	0
166	K	0.00000	1	0.00000	0
167	T	0.00000	1	0.00000	0
168	S	0.00000	1	0.00000	0
169	G	0.00000	1	0.00000	0
170	G	0.00000	1	0.00000	0
171	Q	0.00000	1	0.00000	0
172	G	0.00000	1	0.00000	0
173	Y	0.00000	1	0.00000	0
174	K	0.00000	1	0.00000	0
175	F	0.00000	1	0.00000	0
176	L	0.00000	1	0.00000	0
177	G	0.00000	1	0.00000	0
178	I	0.00000	1	0.00000	0
179	D	0.00000	1	0.00000	0
180	Q	0.00000	1	0.00000	0
181	C	0.00000	1	0.00000	0
182	A	0.00000	1	0.00000	0
183	P	0.00000	1	0.00000	0
184	P	0.00000	1	0.00000	0
185	C	0.00000	1	0.00000	0
186	P	0.00000	1	0.00000	0
187	N	0.00000	1	0.00000	0
188	M	0.00000	1	0.00000	0
189	Y	0.00000	1	0.00000	0
190	F	0.00000	1	0.00000	0
191	K	0.00000	1	0.00000	0
192	S	0.00000	1	0.00000	0
193	D	0.00000	1	0.00000	0
194	E	0.00000	1	0.00000	0
195	L	0.00000	0.99976	0.00024	0
196	E	0.00000	0.99967	0.00033	0
197	F	0.00000	0.99222	0.00778	0
198	A	0.00000	0.98657	0.01343	0
199	K	0.00000	0.98409	0.01591	0
200	S	0.00000	0.77471	0.22529	0
201	F	0.00000	0.06732	0.93268	0
202	I	0.00000	0.01579	0.98421	0
203	G	0.00000	0.00827	0.99173	0
204	T	0.00000	0.00021	0.99979	0
205	V	0.00000	1e-05	0.99999	0
206	S	0.00000	0	1.00000	0
207	I	0.00000	0	1.00000	0
208	F	0.00000	0	1.00000	0
209	C	0.00000	0	1.00000	0
210	L	0.00000	0	1.00000	0
211	C	0.00000	0	1.00000	0
212	A	0.00000	0	1.00000	0
213	T	0.00000	0	1.00000	0
214	L	0.00000	0	1.00000	0
215	F	0.00000	0	1.00000	0
216	T	0.00000	0	1.00000	0
217	F	0.00000	0	1.00000	0
218	L	0.00000	0	1.00000	0
219	T	0.00005	0	0.99995	0
220	F	0.00015	0	0.99985	0
221	L	0.00326	0	0.99674	0
222	I	0.07369	0	0.92631	0
223	D	0.91089	0	0.08911	0
224	V	0.92555	0	0.07445	0
225	R	0.99878	0	0.00122	0
226	R	0.99996	0	0.00004	0
227	F	0.99998	0	0.00002	0
228	R	1.00000	0	0.00000	0
229	Y	1.00000	0	0.00000	0
230	P	1.00000	0	0.00000	0
231	E	1.00000	0	0.00000	0
232	R	1.00000	0	0.00000	0
233	P	0.99999	0	0.00001	0
234	I	0.02556	0	0.97444	0
235	I	0.00049	0	0.99951	0
236	Y	0.00010	0	0.99990	0
237	Y	0.00000	0	1.00000	0
238	S	0.00000	0	1.00000	0
239	V	0.00000	0	1.00000	0
240	C	0.00000	0	1.00000	0
241	Y	0.00000	0	1.00000	0
242	S	0.00000	0	1.00000	0
243	I	0.00000	0	1.00000	0
244	V	0.00000	0	1.00000	0
245	S	0.00000	0	1.00000	0
246	L	0.00000	0	1.00000	0
247	M	0.00000	0	1.00000	0
248	Y	0.00000	0	1.00000	0
249	F	0.00000	0	1.00000	0
250	I	0.00000	0	1.00000	0
251	G	0.00000	0	1.00000	0
252	F	0.00000	0.00037	0.99963	0
253	L	0.00000	0.01192	0.98808	0
254	L	0.00000	0.12292	0.87708	0
255	G	0.00000	0.62167	0.37833	0
256	D	0.00000	0.98636	0.01364	0
257	S	0.00000	0.9971	0.00290	0
258	T	0.00000	0.99847	0.00153	0
259	A	0.00000	0.99915	0.00085	0
260	C	0.00000	1	0.00000	0
261	N	0.00000	1	0.00000	0
262	K	0.00000	1	0.00000	0
263	A	0.00000	1	0.00000	0
264	D	0.00000	1	0.00000	0
265	E	0.00000	1	0.00000	0
266	K	0.00000	1	0.00000	0
267	L	0.00000	1	0.00000	0
268	E	0.00000	1	0.00000	0
269	L	0.00000	1	0.00000	0
270	G	0.00000	1	0.00000	0
271	D	0.00000	1	0.00000	0
272	T	0.00000	1	0.00000	0
273	V	0.00000	1	0.00000	0
274	V	0.00000	1	0.00000	0
275	L	0.00000	1	0.00000	0
276	G	0.00000	1	0.00000	0
277	S	0.00000	1	0.00000	0
278	Q	0.00000	1	0.00000	0
279	N	0.00000	1	0.00000	0
280	K	0.00000	0.99992	0.00008	0
281	A	0.00000	0.99296	0.00704	0
282	C	0.00000	0.97492	0.02508	0
283	T	0.00000	0.81888	0.18112	0
284	V	0.00000	0.37174	0.62826	0
285	L	0.00000	0.24839	0.75161	0
286	F	0.00000	0.0679	0.93210	0
287	M	0.00000	0.01571	0.98429	0
288	L	0.00000	0.0007	0.99930	0
289	L	0.00000	3e-05	0.99997	0
290	Y	0.00000	0	1.00000	0
291	F	0.00000	0	1.00000	0
292	F	0.00000	0	1.00000	0
293	T	0.00000	0	1.00000	0
294	M	0.00000	0	1.00000	0
295	A	0.00000	0	1.00000	0
296	G	0.00000	0	1.00000	0
297	T	0.00000	0	1.00000	0
298	V	0.00000	0	1.00000	0
299	W	0.00000	0	1.00000	0
300	W	0.00000	0	1.00000	0
301	V	0.00000	0	1.00000	0
302	I	0.00005	0	0.99995	0
303	L	0.00026	0	0.99974	0
304	T	0.00115	0	0.99885	0
305	I	0.00861	0	0.99139	0
306	T	0.09854	0	0.90146	0
307	W	0.29594	0	0.70406	0
308	F	0.42558	0	0.57442	0
309	L	0.75467	0	0.24533	0
310	A	0.99637	0	0.00363	0
311	A	0.99930	0	0.00070	0
312	G	0.99983	0	0.00017	0
313	R	1.00000	0	0.00000	0
314	K	1.00000	0	0.00000	0
315	W	1.00000	0	0.00000	0
316	S	1.00000	0	0.00000	0
317	C	1.00000	0	0.00000	0
318	E	1.00000	0	0.00000	0
319	A	1.00000	0	0.00000	0
320	I	1.00000	0	0.00000	0
321	E	1.00000	0	0.00000	0
322	Q	1.00000	0	0.00000	0
323	K	0.99986	0	0.00014	0
324	A	0.50441	0	0.49559	0
325	V	0.09707	0	0.90293	0
326	W	0.02381	0	0.97619	0
327	F	0.00022	0	0.99978	0
328	H	0.00001	0	0.99999	0
329	A	0.00000	0	1.00000	0
330	V	0.00000	0	1.00000	0
331	A	0.00000	0	1.00000	0
332	W	0.00000	0	1.00000	0
333	G	0.00000	0	1.00000	0
334	T	0.00000	0	1.00000	0
335	P	0.00000	0	1.00000	0
336	G	0.00000	0	1.00000	0
337	F	0.00000	0	1.00000	0
338	L	0.00000	0	1.00000	0
339	T	0.00000	0	1.00000	0
340	V	0.00000	0	1.00000	0
341	M	0.00000	0	1.00000	0
342	L	0.00000	0	1.00000	0
343	L	0.00000	0.00019	0.99981	0
344	A	0.00000	0.01034	0.98966	0
345	M	0.00000	0.09477	0.90523	0
346	N	0.00000	0.93632	0.06368	0
347	K	0.00000	0.99843	0.00157	0
348	V	0.00000	0.99904	0.00096	0
349	E	0.00000	0.99999	0.00001	0
350	G	0.00000	1	0.00000	0
351	D	0.00000	1	0.00000	0
352	N	0.00000	1	0.00000	0
353	I	0.00000	1	0.00000	0
354	S	0.00000	1	0.00000	0
355	G	0.00000	1	0.00000	0
356	V	0.00000	1	0.00000	0
357	C	0.00000	1	0.00000	0
358	F	0.00000	1	0.00000	0
359	V	0.00000	1	0.00000	0
360	G	0.00000	1	0.00000	0
361	L	0.00000	1	0.00000	0
362	Y	0.00000	1	0.00000	0
363	D	0.00000	1	0.00000	0
364	L	0.00000	1	0.00000	0
365	D	0.00000	1	0.00000	0
366	A	0.00000	0.9975	0.00250	0
367	S	0.00000	0.99727	0.00273	0
368	R	0.00000	0.99665	0.00335	0
369	Y	0.00000	0.00975	0.99025	0
370	F	0.00000	0.00585	0.99415	0
371	V	0.00000	3e-05	0.99997	0
372	L	0.00000	2e-05	0.99998	0
373	L	0.00000	0	1.00000	0
374	P	0.00000	0	1.00000	0
375	L	0.00000	0	1.00000	0
376	C	0.00000	0	1.00000	0
377	L	0.00000	0	1.00000	0
378	C	0.00000	0	1.00000	0
379	V	0.00000	0	1.00000	0
380	F	0.00000	0	1.00000	0
381	V	0.00000	0	1.00000	0
382	G	0.00000	0	1.00000	0
383	L	0.00000	0	1.00000	0
384	S	0.00000	0	1.00000	0
385	L	0.00000	0	1.00000	0
386	L	0.00000	0	1.00000	0
387	L	0.00000	0	1.00000	0
388	A	0.00001	0	0.99999	0
389	G	0.00007	0	0.99993	0
390	I	0.00075	0	0.99925	0
391	I	0.02422	0	0.97578	0
392	S	0.39285	0	0.60715	0
393	L	0.50300	0	0.49700	0
394	N	0.89973	0	0.10027	0
395	H	0.97597	0	0.02403	0
396	V	0.98693	0	0.01307	0
397	R	0.99950	0	0.00050	0
398	Q	1.00000	0	0.00000	0
399	V	1.00000	0	0.00000	0
400	I	1.00000	0	0.00000	0
401	Q	1.00000	0	0.00000	0
402	H	1.00000	0	0.00000	0
403	D	1.00000	0	0.00000	0
404	G	1.00000	0	0.00000	0
405	R	1.00000	0	0.00000	0
406	N	1.00000	0	0.00000	0
407	Q	1.00000	0	0.00000	0
408	E	1.00000	0	0.00000	0
409	K	0.99978	0	0.00022	0
410	L	0.99974	0	0.00026	0
411	K	0.98645	0	0.01355	0
412	K	0.97981	0	0.02019	0
413	F	0.02829	0	0.97171	0
414	M	0.00247	0	0.99753	0
415	I	0.00207	0	0.99793	0
416	R	0.00119	0	0.99881	0
417	I	0.00004	0	0.99996	0
418	G	0.00004	0	0.99996	0
419	V	0.00000	0	1.00000	0
420	F	0.00000	0	1.00000	0
421	S	0.00000	0	1.00000	0
422	G	0.00000	0	1.00000	0
423	L	0.00000	0	1.00000	0
424	Y	0.00000	0	1.00000	0
425	L	0.00000	0	1.00000	0
426	V	0.00000	0	1.00000	0
427	P	0.00000	0	1.00000	0
428	L	0.00000	0	1.00000	0
429	V	0.00000	0	1.00000	0
430	T	0.00000	0	1.00000	0
431	L	0.00000	2e-05	0.99998	0
432	L	0.00000	0.00105	0.99895	0
433	G	0.00000	0.10055	0.89945	0
434	C	0.00000	0.2383	0.76170	0
435	Y	0.00000	0.28546	0.71454	0
436	V	0.00000	0.38034	0.61966	0
437	Y	0.00000	0.66399	0.33601	0
438	E	0.00000	0.96027	0.03973	0
439	Q	0.00000	0.97607	0.02393	0
440	V	0.00000	0.99218	0.00782	0
441	N	0.00000	0.9994	0.00060	0
442	R	0.00000	0.99999	0.00001	0
443	I	0.00000	0.99999	0.00001	0
444	T	0.00000	1	0.00000	0
445	W	0.00000	1	0.00000	0
446	E	0.00000	1	0.00000	0
447	I	0.00000	1	0.00000	0
448	T	0.00000	1	0.00000	0
449	W	0.00000	1	0.00000	0
450	V	0.00000	1	0.00000	0
451	S	0.00000	1	0.00000	0
452	D	0.00000	1	0.00000	0
453	H	0.00000	1	0.00000	0
454	C	0.00000	1	0.00000	0
455	R	0.00000	1	0.00000	0
456	Q	0.00000	1	0.00000	0
457	Y	0.00000	1	0.00000	0
458	H	0.00000	1	0.00000	0
459	I	0.00000	1	0.00000	0
460	P	0.00000	1	0.00000	0
461	C	0.00000	1	0.00000	0
462	P	0.00000	1	0.00000	0
463	Y	0.00000	1	0.00000	0
464	Q	0.00000	1	0.00000	0
465	A	0.00000	1	0.00000	0
466	K	0.00000	1	0.00000	0
467	A	0.00000	1	0.00000	0
468	K	0.00000	1	0.00000	0
469	A	0.00000	0.99995	0.00005	0
470	R	0.00000	0.9999	0.00010	0
471	P	0.00000	0.99924	0.00076	0
472	E	0.00000	0.98952	0.01048	0
473	L	0.00000	0.84281	0.15719	0
474	A	0.00000	0.8039	0.19610	0
475	L	0.00000	0.10857	0.89143	0
476	F	0.00000	0.0129	0.98710	0
477	M	0.00000	0.00046	0.99954	0
478	I	0.00000	0	1.00000	0
479	K	0.00000	0	1.00000	0
480	Y	0.00000	0	1.00000	0
481	L	0.00000	0	1.00000	0
482	M	0.00000	0	1.00000	0
483	T	0.00000	0	1.00000	0
484	L	0.00000	0	1.00000	0
485	I	0.00000	0	1.00000	0
486	V	0.00000	0	1.00000	0
487	G	0.00000	0	1.00000	0
488	I	0.00000	0	1.00000	0
489	S	0.00000	0	1.00000	0
490	A	0.00000	0	1.00000	0
491	V	0.00000	0	1.00000	0
492	F	0.00001	0	0.99999	0
493	W	0.00036	0	0.99964	0
494	V	0.00264	0	0.99736	0
495	G	0.08838	0	0.91162	0
496	S	0.59562	0	0.40438	0
497	K	1.00000	0	0.00000	0
498	K	1.00000	0	0.00000	0
499	T	1.00000	0	0.00000	0
500	C	1.00000	0	0.00000	0
501	T	1.00000	0	0.00000	0
502	E	1.00000	0	0.00000	0
503	W	1.00000	0	0.00000	0
504	A	1.00000	0	0.00000	0
505	G	1.00000	0	0.00000	0
506	F	1.00000	0	0.00000	0
507	F	1.00000	0	0.00000	0
508	K	1.00000	0	0.00000	0
509	R	1.00000	0	0.00000	0
510	N	1.00000	0	0.00000	0
511	R	1.00000	0	0.00000	0
512	K	1.00000	0	0.00000	0
513	R	1.00000	0	0.00000	0
514	D	1.00000	0	0.00000	0
515	P	1.00000	0	0.00000	0
516	I	1.00000	0	0.00000	0
517	S	1.00000	0	0.00000	0
518	E	1.00000	0	0.00000	0
519	S	1.00000	0	0.00000	0
520	R	1.00000	0	0.00000	0
521	R	1.00000	0	0.00000	0
522	V	1.00000	0	0.00000	0
523	L	1.00000	0	0.00000	0
524	Q	1.00000	0	0.00000	0
525	E	1.00000	0	0.00000	0
526	S	1.00000	0	0.00000	0
527	C	1.00000	0	0.00000	0
528	E	1.00000	0	0.00000	0
529	F	1.00000	0	0.00000	0
530	F	1.00000	0	0.00000	0
531	L	1.00000	0	0.00000	0
532	K	1.00000	0	0.00000	0
533	H	1.00000	0	0.00000	0
534	N	1.00000	0	0.00000	0
535	S	1.00000	0	0.00000	0
536	K	1.00000	0	0.00000	0
537	V	1.00000	0	0.00000	0
538	K	1.00000	0	0.00000	0
539	H	1.00000	0	0.00000	0
540	K	1.00000	0	0.00000	0
541	K	1.00000	0	0.00000	0
542	K	1.00000	0	0.00000	0
543	H	1.00000	0	0.00000	0
544	Y	1.00000	0	0.00000	0
545	K	1.00000	0	0.00000	0
546	P	1.00000	0	0.00000	0
547	S	1.00000	0	0.00000	0
548	S	1.00000	0	0.00000	0
549	H	1.00000	0	0.00000	0
550	K	1.00000	0	0.00000	0
551	L	1.00000	0	0.00000	0
552	K	1.00000	0	0.00000	0
553	V	1.00000	0	0.00000	0
554	I	1.00000	0	0.00000	0
555	S	1.00000	0	0.00000	0
556	K	1.00000	0	0.00000	0
557	S	1.00000	0	0.00000	0
558	M	1.00000	0	0.00000	0
559	G	1.00000	0	0.00000	0
560	T	1.00000	0	0.00000	0
561	S	1.00000	0	0.00000	0
562	T	1.00000	0	0.00000	0
563	G	1.00000	0	0.00000	0
564	A	1.00000	0	0.00000	0
565	T	1.00000	0	0.00000	0
566	A	1.00000	0	0.00000	0
567	N	1.00000	0	0.00000	0
568	H	1.00000	0	0.00000	0
569	G	1.00000	0	0.00000	0
570	T	1.00000	0	0.00000	0
571	S	1.00000	0	0.00000	0
572	A	1.00000	0	0.00000	0
573	V	1.00000	0	0.00000	0
574	A	1.00000	0	0.00000	0
575	I	1.00000	0	0.00000	0
576	T	1.00000	0	0.00000	0
577	S	1.00000	0	0.00000	0
578	H	1.00000	0	0.00000	0
579	D	1.00000	0	0.00000	0
580	Y	1.00000	0	0.00000	0
581	L	1.00000	0	0.00000	0
582	G	1.00000	0	0.00000	0
583	Q	1.00000	0	0.00000	0
584	E	1.00000	0	0.00000	0
585	T	1.00000	0	0.00000	0
586	L	1.00000	0	0.00000	0
587	T	1.00000	0	0.00000	0
588	E	1.00000	0	0.00000	0
589	I	1.00000	0	0.00000	0
590	Q	1.00000	0	0.00000	0
591	T	1.00000	0	0.00000	0
592	S	1.00000	0	0.00000	0
593	P	1.00000	0	0.00000	0
594	E	1.00000	0	0.00000	0
595	T	1.00000	0	0.00000	0
596	S	1.00000	0	0.00000	0
597	M	1.00000	0	0.00000	0
598	R	1.00000	0	0.00000	0
599	E	1.00000	0	0.00000	0
600	V	1.00000	0	0.00000	0
601	K	1.00000	0	0.00000	0
602	A	1.00000	0	0.00000	0
603	D	1.00000	0	0.00000	0
604	G	1.00000	0	0.00000	0
605	A	1.00000	0	0.00000	0
606	S	1.00000	0	0.00000	0
607	T	1.00000	0	0.00000	0
608	P	1.00000	0	0.00000	0
609	R	1.00000	0	0.00000	0
610	L	1.00000	0	0.00000	0
611	R	1.00000	0	0.00000	0
612	E	1.00000	0	0.00000	0
613	Q	1.00000	0	0.00000	0
614	D	1.00000	0	0.00000	0
615	C	1.00000	0	0.00000	0
616	G	1.00000	0	0.00000	0
617	E	1.00000	0	0.00000	0
618	P	1.00000	0	0.00000	0
619	A	1.00000	0	0.00000	0
620	S	1.00000	0	0.00000	0
621	P	1.00000	0	0.00000	0
622	A	1.00000	0	0.00000	0
623	A	1.00000	0	0.00000	0
624	S	1.00000	0	0.00000	0
625	I	1.00000	0	0.00000	0
626	S	1.00000	0	0.00000	0
627	R	1.00000	0	0.00000	0
628	L	1.00000	0	0.00000	0
629	S	1.00000	0	0.00000	0
630	G	1.00000	0	0.00000	0
631	E	1.00000	0	0.00000	0
632	Q	1.00000	0	0.00000	0
633	V	1.00000	0	0.00000	0
634	D	1.00000	0	0.00000	0
635	G	1.00000	0	0.00000	0
636	K	1.00000	0	0.00000	0
637	G	1.00000	0	0.00000	0
638	Q	1.00000	0	0.00000	0
639	A	1.00000	0	0.00000	0
640	G	1.00000	0	0.00000	0
641	S	1.00000	0	0.00000	0
642	V	1.00000	0	0.00000	0
643	S	1.00000	0	0.00000	0
644	E	1.00000	0	0.00000	0
645	S	1.00000	0	0.00000	0
646	A	1.00000	0	0.00000	0
647	R	1.00000	0	0.00000	0
648	S	1.00000	0	0.00000	0
649	E	1.00000	0	0.00000	0
650	G	1.00000	0	0.00000	0
651	R	1.00000	0	0.00000	0
652	I	1.00000	0	0.00000	0
653	S	1.00000	0	0.00000	0
654	P	1.00000	0	0.00000	0
655	K	1.00000	0	0.00000	0
656	S	1.00000	0	0.00000	0
657	D	1.00000	0	0.00000	0
658	I	1.00000	0	0.00000	0
659	T	1.00000	0	0.00000	0
660	D	1.00000	0	0.00000	0
661	T	1.00000	0	0.00000	0
662	G	1.00000	0	0.00000	0
663	L	1.00000	0	0.00000	0
664	A	1.00000	0	0.00000	0
665	Q	1.00000	0	0.00000	0
666	S	1.00000	0	0.00000	0
667	N	1.00000	0	0.00000	0
668	N	1.00000	0	0.00000	0
669	L	1.00000	0	0.00000	0
670	Q	1.00000	0	0.00000	0
671	V	1.00000	0	0.00000	0
672	P	1.00000	0	0.00000	0
673	S	1.00000	0	0.00000	0
674	S	1.00000	0	0.00000	0
675	S	1.00000	0	0.00000	0
676	E	1.00000	0	0.00000	0
677	P	1.00000	0	0.00000	0
678	S	1.00000	0	0.00000	0
679	S	1.00000	0	0.00000	0
680	L	1.00000	0	0.00000	0
681	K	1.00000	0	0.00000	0
682	G	1.00000	0	0.00000	0
683	S	1.00000	0	0.00000	0
684	T	1.00000	0	0.00000	0
685	S	1.00000	0	0.00000	0
686	L	1.00000	0	0.00000	0
687	L	1.00000	0	0.00000	0
688	V	1.00000	0	0.00000	0
689	H	1.00000	0	0.00000	0
690	P	1.00000	0	0.00000	0
691	V	1.00000	0	0.00000	0
692	S	1.00000	0	0.00000	0
693	G	1.00000	0	0.00000	0
694	V	1.00000	0	0.00000	0
695	R	1.00000	0	0.00000	0
696	K	1.00000	0	0.00000	0
697	E	1.00000	0	0.00000	0
698	Q	1.00000	0	0.00000	0
699	G	1.00000	0	0.00000	0
700	G	1.00000	0	0.00000	0
701	G	1.00000	0	0.00000	0
702	C	1.00000	0	0.00000	0
703	H	1.00000	0	0.00000	0
704	S	1.00000	0	0.00000	0
705	D	1.00000	0	0.00000	0
706	T	1.00000	0	0.00000	0
