# UNNAMED
#pos	aa	i	o	M	S
1	M	0.00000	0.00044	0.00000	0.99956
2	S	0.00000	0.00044	0.00000	0.99956
3	S	0.00000	0.00044	0.00000	0.99956
4	S	0.00000	0.00044	0.00000	0.99956
5	S	0.00000	0.00044	0.00000	0.99956
6	W	0.00000	0.00044	0.00000	0.99956
7	L	0.00000	0.00044	0.00000	0.99956
8	L	0.00000	0.00044	0.00000	0.99956
9	L	0.00000	0.00044	0.00000	0.99956
10	S	0.00000	0.00044	0.00000	0.99955
11	L	0.00000	0.00044	0.00000	0.99955
12	V	0.00000	0.00044	0.00000	0.99956
13	A	0.00000	0.00044	0.00000	0.99956
14	V	0.00000	0.00044	0.00000	0.99956
15	T	0.00000	0.00044	0.00000	0.99956
16	A	0.00000	0.00044	0.00000	0.99956
17	A	0.00000	0.21522	0.00000	0.78478
18	Q	0.00000	0.81471	0.00000	0.18528
19	S	0.00000	0.83558	0.00000	0.16442
20	T	0.00000	0.86956	0.00000	0.13043
21	I	0.00000	0.86962	0.00000	0.13039
22	E	0.00000	0.86971	0.00000	0.13029
23	E	0.00000	0.93863	0.00000	0.06137
24	Q	0.00000	0.98962	0.00000	0.01038
25	A	0.00000	0.98963	0.00000	0.01038
26	K	0.00000	0.98963	0.00000	0.01037
27	T	0.00000	0.98963	0.00000	0.01037
28	F	0.00000	0.99997	0.00000	2e-05
29	L	0.00000	0.99998	0.00000	2e-05
30	D	0.00000	1	0.00000	0
31	K	0.00000	1	0.00000	0
32	F	0.00000	1	0.00000	0
33	N	0.00000	1	0.00000	0
34	H	0.00000	1	0.00000	0
35	E	0.00000	1	0.00000	0
36	A	0.00000	1	0.00000	0
37	E	0.00000	1	0.00000	0
38	D	0.00000	1	0.00000	0
39	L	0.00000	1	0.00000	0
40	F	0.00000	1	0.00000	0
41	Y	0.00000	1	0.00000	0
42	Q	0.00000	1	0.00000	0
43	S	0.00000	1	0.00000	0
44	S	0.00000	1	0.00000	0
45	L	0.00000	1	0.00000	0
46	A	0.00000	1	0.00000	0
47	S	0.00000	1	0.00000	0
48	W	0.00000	1	0.00000	0
49	N	0.00000	1	0.00000	0
50	Y	0.00000	1	0.00000	0
51	N	0.00000	1	0.00000	0
52	T	0.00000	1	0.00000	0
53	N	0.00000	1	0.00000	0
54	I	0.00000	1	0.00000	0
55	T	0.00000	1	0.00000	0
56	E	0.00000	1	0.00000	0
57	E	0.00000	1	0.00000	0
58	N	0.00000	1	0.00000	0
59	V	0.00000	1	0.00000	0
60	Q	0.00000	1	0.00000	0
61	N	0.00000	1	0.00000	0
62	M	0.00000	1	0.00000	0
63	N	0.00000	1	0.00000	0
64	N	0.00000	1	0.00000	0
65	A	0.00000	1	0.00000	0
66	G	0.00000	1	0.00000	0
67	D	0.00000	1	0.00000	0
68	K	0.00000	1	0.00000	0
69	W	0.00000	1	0.00000	0
70	S	0.00000	1	0.00000	0
71	A	0.00000	1	0.00000	0
72	F	0.00000	1	0.00000	0
73	L	0.00000	1	0.00000	0
74	K	0.00000	1	0.00000	0
75	E	0.00000	1	0.00000	0
76	Q	0.00000	1	0.00000	0
77	S	0.00000	1	0.00000	0
78	T	0.00000	1	0.00000	0
79	L	0.00000	1	0.00000	0
80	A	0.00000	1	0.00000	0
81	Q	0.00000	1	0.00000	0
82	M	0.00000	1	0.00000	0
83	Y	0.00000	1	0.00000	0
84	P	0.00000	1	0.00000	0
85	L	0.00000	1	0.00000	0
86	Q	0.00000	1	0.00000	0
87	E	0.00000	1	0.00000	0
88	I	0.00000	1	0.00000	0
89	Q	0.00000	1	0.00000	0
90	N	0.00000	1	0.00000	0
91	L	0.00000	1	0.00000	0
92	T	0.00000	1	0.00000	0
93	V	0.00000	1	0.00000	0
94	K	0.00000	1	0.00000	0
95	L	0.00000	1	0.00000	0
96	Q	0.00000	1	0.00000	0
97	L	0.00000	1	0.00000	0
98	Q	0.00000	1	0.00000	0
99	A	0.00000	1	0.00000	0
100	L	0.00000	1	0.00000	0
101	Q	0.00000	1	0.00000	0
102	Q	0.00000	1	0.00000	0
103	N	0.00000	1	0.00000	0
104	G	0.00000	1	0.00000	0
105	S	0.00000	1	0.00000	0
106	S	0.00000	1	0.00000	0
107	V	0.00000	1	0.00000	0
108	L	0.00000	1	0.00000	0
109	S	0.00000	1	0.00000	0
110	E	0.00000	1	0.00000	0
111	D	0.00000	1	0.00000	0
112	K	0.00000	1	0.00000	0
113	S	0.00000	1	0.00000	0
114	K	0.00000	1	0.00000	0
115	R	0.00000	1	0.00000	0
116	L	0.00000	1	0.00000	0
117	N	0.00000	1	0.00000	0
118	T	0.00000	1	0.00000	0
119	I	0.00000	1	0.00000	0
120	L	0.00000	1	0.00000	0
121	N	0.00000	1	0.00000	0
122	T	0.00000	1	0.00000	0
123	M	0.00000	1	0.00000	0
124	S	0.00000	1	0.00000	0
125	T	0.00000	1	0.00000	0
126	I	0.00000	1	0.00000	0
127	Y	0.00000	1	0.00000	0
128	S	0.00000	1	0.00000	0
129	T	0.00000	1	0.00000	0
130	G	0.00000	1	0.00000	0
131	K	0.00000	1	0.00000	0
132	V	0.00000	1	0.00000	0
133	C	0.00000	1	0.00000	0
134	N	0.00000	1	0.00000	0
135	P	0.00000	1	0.00000	0
136	D	0.00000	1	0.00000	0
137	N	0.00000	1	0.00000	0
138	P	0.00000	1	0.00000	0
139	Q	0.00000	1	0.00000	0
140	E	0.00000	1	0.00000	0
141	C	0.00000	1	0.00000	0
142	L	0.00000	1	0.00000	0
143	L	0.00000	1	0.00000	0
144	L	0.00000	1	0.00000	0
145	E	0.00000	1	0.00000	0
146	P	0.00000	1	0.00000	0
147	G	0.00000	1	0.00000	0
148	L	0.00000	1	0.00000	0
149	N	0.00000	1	0.00000	0
150	E	0.00000	1	0.00000	0
151	I	0.00000	1	0.00000	0
152	M	0.00000	1	0.00000	0
153	A	0.00000	1	0.00000	0
154	N	0.00000	1	0.00000	0
155	S	0.00000	1	0.00000	0
156	L	0.00000	1	0.00000	0
157	D	0.00000	1	0.00000	0
158	Y	0.00000	1	0.00000	0
159	N	0.00000	1	0.00000	0
160	E	0.00000	1	0.00000	0
161	R	0.00000	1	0.00000	0
162	L	0.00000	1	0.00000	0
163	W	0.00000	1	0.00000	0
164	A	0.00000	1	0.00000	0
165	W	0.00000	1	0.00000	0
166	E	0.00000	1	0.00000	0
167	S	0.00000	1	0.00000	0
168	W	0.00000	1	0.00000	0
169	R	0.00000	1	0.00000	0
170	S	0.00000	1	0.00000	0
171	E	0.00000	1	0.00000	0
172	V	0.00000	1	0.00000	0
173	G	0.00000	1	0.00000	0
174	K	0.00000	1	0.00000	0
175	Q	0.00000	1	0.00000	0
176	L	0.00000	1	0.00000	0
177	R	0.00000	1	0.00000	0
178	P	0.00000	1	0.00000	0
179	L	0.00000	1	0.00000	0
180	Y	0.00000	1	0.00000	0
181	E	0.00000	1	0.00000	0
182	E	0.00000	1	0.00000	0
183	Y	0.00000	1	0.00000	0
184	V	0.00000	1	0.00000	0
185	V	0.00000	1	0.00000	0
186	L	0.00000	1	0.00000	0
187	K	0.00000	1	0.00000	0
188	N	0.00000	1	0.00000	0
189	E	0.00000	1	0.00000	0
190	M	0.00000	1	0.00000	0
191	A	0.00000	1	0.00000	0
192	R	0.00000	1	0.00000	0
193	A	0.00000	1	0.00000	0
194	N	0.00000	1	0.00000	0
195	H	0.00000	1	0.00000	0
196	Y	0.00000	1	0.00000	0
197	E	0.00000	1	0.00000	0
198	D	0.00000	1	0.00000	0
199	Y	0.00000	1	0.00000	0
200	G	0.00000	1	0.00000	0
201	D	0.00000	1	0.00000	0
202	Y	0.00000	1	0.00000	0
203	W	0.00000	1	0.00000	0
204	R	0.00000	1	0.00000	0
205	G	0.00000	1	0.00000	0
206	D	0.00000	1	0.00000	0
207	Y	0.00000	1	0.00000	0
208	E	0.00000	1	0.00000	0
209	V	0.00000	1	0.00000	0
210	N	0.00000	1	0.00000	0
211	G	0.00000	1	0.00000	0
212	V	0.00000	1	0.00000	0
213	D	0.00000	1	0.00000	0
214	G	0.00000	1	0.00000	0
215	Y	0.00000	1	0.00000	0
216	D	0.00000	1	0.00000	0
217	Y	0.00000	1	0.00000	0
218	S	0.00000	1	0.00000	0
219	R	0.00000	1	0.00000	0
220	G	0.00000	1	0.00000	0
221	Q	0.00000	1	0.00000	0
222	L	0.00000	1	0.00000	0
223	I	0.00000	1	0.00000	0
224	E	0.00000	1	0.00000	0
225	D	0.00000	1	0.00000	0
226	V	0.00000	1	0.00000	0
227	E	0.00000	1	0.00000	0
228	H	0.00000	1	0.00000	0
229	T	0.00000	1	0.00000	0
230	F	0.00000	1	0.00000	0
231	E	0.00000	1	0.00000	0
232	E	0.00000	1	0.00000	0
233	I	0.00000	1	0.00000	0
234	K	0.00000	1	0.00000	0
235	P	0.00000	1	0.00000	0
236	L	0.00000	1	0.00000	0
237	Y	0.00000	1	0.00000	0
238	E	0.00000	1	0.00000	0
239	H	0.00000	1	0.00000	0
240	L	0.00000	1	0.00000	0
241	H	0.00000	1	0.00000	0
242	A	0.00000	1	0.00000	0
243	Y	0.00000	1	0.00000	0
244	V	0.00000	1	0.00000	0
245	R	0.00000	1	0.00000	0
246	A	0.00000	1	0.00000	0
247	K	0.00000	1	0.00000	0
248	L	0.00000	1	0.00000	0
249	M	0.00000	1	0.00000	0
250	N	0.00000	1	0.00000	0
251	A	0.00000	1	0.00000	0
252	Y	0.00000	1	0.00000	0
253	P	0.00000	1	0.00000	0
254	S	0.00000	1	0.00000	0
255	Y	0.00000	1	0.00000	0
256	I	0.00000	1	0.00000	0
257	S	0.00000	1	0.00000	0
258	P	0.00000	1	0.00000	0
259	I	0.00000	1	0.00000	0
260	G	0.00000	1	0.00000	0
261	C	0.00000	1	0.00000	0
262	L	0.00000	1	0.00000	0
263	P	0.00000	1	0.00000	0
264	A	0.00000	1	0.00000	0
265	H	0.00000	1	0.00000	0
266	L	0.00000	1	0.00000	0
267	L	0.00000	1	0.00000	0
268	G	0.00000	1	0.00000	0
269	D	0.00000	1	0.00000	0
270	M	0.00000	1	0.00000	0
271	W	0.00000	1	0.00000	0
272	G	0.00000	1	0.00000	0
273	R	0.00000	1	0.00000	0
274	F	0.00000	1	0.00000	0
275	W	0.00000	1	0.00000	0
276	T	0.00000	1	0.00000	0
277	N	0.00000	1	0.00000	0
278	L	0.00000	1	0.00000	0
279	Y	0.00000	1	0.00000	0
280	S	0.00000	1	0.00000	0
281	L	0.00000	1	0.00000	0
282	T	0.00000	1	0.00000	0
283	V	0.00000	1	0.00000	0
284	P	0.00000	1	0.00000	0
285	F	0.00000	1	0.00000	0
286	G	0.00000	1	0.00000	0
287	Q	0.00000	1	0.00000	0
288	K	0.00000	1	0.00000	0
289	P	0.00000	1	0.00000	0
290	N	0.00000	1	0.00000	0
291	I	0.00000	1	0.00000	0
292	D	0.00000	1	0.00000	0
293	V	0.00000	1	0.00000	0
294	T	0.00000	1	0.00000	0
295	D	0.00000	1	0.00000	0
296	A	0.00000	1	0.00000	0
297	M	0.00000	1	0.00000	0
298	V	0.00000	1	0.00000	0
299	D	0.00000	1	0.00000	0
300	Q	0.00000	1	0.00000	0
301	A	0.00000	1	0.00000	0
302	W	0.00000	1	0.00000	0
303	D	0.00000	1	0.00000	0
304	A	0.00000	1	0.00000	0
305	Q	0.00000	1	0.00000	0
306	R	0.00000	1	0.00000	0
307	I	0.00000	1	0.00000	0
308	F	0.00000	1	0.00000	0
309	K	0.00000	1	0.00000	0
310	E	0.00000	1	0.00000	0
311	A	0.00000	1	0.00000	0
312	E	0.00000	1	0.00000	0
313	K	0.00000	1	0.00000	0
314	F	0.00000	1	0.00000	0
315	F	0.00000	1	0.00000	0
316	V	0.00000	1	0.00000	0
317	S	0.00000	1	0.00000	0
318	V	0.00000	1	0.00000	0
319	G	0.00000	1	0.00000	0
320	L	0.00000	1	0.00000	0
321	P	0.00000	1	0.00000	0
322	N	0.00000	1	0.00000	0
323	M	0.00000	1	0.00000	0
324	T	0.00000	1	0.00000	0
325	Q	0.00000	1	0.00000	0
326	G	0.00000	1	0.00000	0
327	F	0.00000	1	0.00000	0
328	W	0.00000	1	0.00000	0
329	E	0.00000	1	0.00000	0
330	N	0.00000	1	0.00000	0
331	S	0.00000	1	0.00000	0
332	M	0.00000	1	0.00000	0
333	L	0.00000	1	0.00000	0
334	T	0.00000	1	0.00000	0
335	D	0.00000	1	0.00000	0
336	P	0.00000	1	0.00000	0
337	G	0.00000	1	0.00000	0
338	N	0.00000	1	0.00000	0
339	V	0.00000	1	0.00000	0
340	Q	0.00000	1	0.00000	0
341	K	0.00000	1	0.00000	0
342	A	0.00000	1	0.00000	0
343	V	0.00000	1	0.00000	0
344	C	0.00000	1	0.00000	0
345	H	0.00000	1	0.00000	0
346	P	0.00000	1	0.00000	0
347	T	0.00000	1	0.00000	0
348	A	0.00000	1	0.00000	0
349	W	0.00000	1	0.00000	0
350	D	0.00000	1	0.00000	0
351	L	0.00000	1	0.00000	0
352	G	0.00000	1	0.00000	0
353	K	0.00000	1	0.00000	0
354	G	0.00000	1	0.00000	0
355	D	0.00000	1	0.00000	0
356	F	0.00000	1	0.00000	0
357	R	0.00000	1	0.00000	0
358	I	0.00000	1	0.00000	0
359	L	0.00000	1	0.00000	0
360	M	0.00000	1	0.00000	0
361	C	0.00000	1	0.00000	0
362	T	0.00000	1	0.00000	0
363	K	0.00000	1	0.00000	0
364	V	0.00000	1	0.00000	0
365	T	0.00000	1	0.00000	0
366	M	0.00000	1	0.00000	0
367	D	0.00000	1	0.00000	0
368	D	0.00000	1	0.00000	0
369	F	0.00000	1	0.00000	0
370	L	0.00000	1	0.00000	0
371	T	0.00000	1	0.00000	0
372	A	0.00000	1	0.00000	0
373	H	0.00000	1	0.00000	0
374	H	0.00000	1	0.00000	0
375	E	0.00000	1	0.00000	0
376	M	0.00000	1	0.00000	0
377	G	0.00000	1	0.00000	0
378	H	0.00000	1	0.00000	0
379	I	0.00000	1	0.00000	0
380	Q	0.00000	1	0.00000	0
381	Y	0.00000	1	0.00000	0
382	D	0.00000	1	0.00000	0
383	M	0.00000	1	0.00000	0
384	A	0.00000	1	0.00000	0
385	Y	0.00000	1	0.00000	0
386	A	0.00000	1	0.00000	0
387	A	0.00000	1	0.00000	0
388	Q	0.00000	1	0.00000	0
389	P	0.00000	1	0.00000	0
390	F	0.00000	1	0.00000	0
391	L	0.00000	1	0.00000	0
392	L	0.00000	1	0.00000	0
393	R	0.00000	1	0.00000	0
394	N	0.00000	1	0.00000	0
395	G	0.00000	1	0.00000	0
396	A	0.00000	0.99999	0.00001	0
397	N	0.00000	0.99994	0.00006	0
398	E	0.00000	0.99965	0.00035	0
399	G	0.00000	0.99492	0.00508	0
400	F	0.00000	0.9889	0.01110	0
401	H	0.00000	0.98855	0.01145	0
402	E	0.00000	0.98849	0.01151	0
403	A	0.00000	0.98708	0.01292	0
404	V	0.00000	0.98681	0.01319	0
405	G	0.00000	0.9868	0.01320	0
406	E	0.00000	0.98679	0.01321	0
407	I	0.00000	0.98679	0.01321	0
408	M	0.00000	0.98679	0.01321	0
409	S	0.00000	0.98679	0.01321	0
410	L	0.00000	0.98678	0.01322	0
411	S	0.00000	0.98678	0.01322	0
412	A	0.00000	0.98678	0.01321	0
413	A	0.00000	0.98678	0.01321	0
414	T	0.00000	0.98678	0.01321	0
415	P	0.00000	0.98678	0.01321	0
416	K	0.00000	0.98679	0.01321	0
417	H	0.00000	0.98679	0.01321	0
418	L	0.00002	0.98679	0.01319	0
419	K	0.00198	0.98679	0.01124	0
420	S	0.00349	0.98679	0.00972	0
421	I	0.00722	0.98679	0.00599	0
422	G	0.01075	0.98679	0.00247	0
423	L	0.01097	0.98679	0.00224	0
424	L	0.01274	0.98679	0.00048	0
425	S	0.01300	0.98679	0.00021	0
426	P	0.01321	0.98679	0.00001	0
427	D	0.01321	0.98679	0.00000	0
428	F	0.01321	0.98679	0.00000	0
429	Q	0.01321	0.98679	0.00000	0
430	E	0.01321	0.98679	0.00001	0
431	D	0.01320	0.98679	0.00001	0
432	N	0.01312	0.98668	0.00020	0
433	E	0.01295	0.98646	0.00059	0
434	T	0.01205	0.97428	0.01366	0
435	E	0.00893	0.96826	0.02281	0
436	I	0.00051	0.88835	0.11114	0
437	N	0.00003	0.84838	0.15159	0
438	F	0.00000	0.21796	0.78204	0
439	L	0.00000	0.19456	0.80544	0
440	L	0.00000	0.1928	0.80720	0
441	K	0.00000	0.19208	0.80792	0
442	Q	0.00000	0.15365	0.84635	0
443	A	0.00000	0.05455	0.94545	0
444	L	0.00000	0.04524	0.95476	0
445	T	0.00000	0.04394	0.95606	0
446	I	0.00000	0.04388	0.95612	0
447	V	0.00000	0.04388	0.95612	0
448	G	0.00000	0.04388	0.95612	0
449	T	0.00000	0.04388	0.95612	0
450	L	0.00000	0.04388	0.95612	0
451	P	0.00000	0.04388	0.95612	0
452	F	0.00000	0.04389	0.95611	0
453	T	0.00000	0.04407	0.95593	0
454	Y	0.00000	0.04429	0.95571	0
455	M	0.00008	0.04483	0.95509	0
456	L	0.00230	0.057	0.94070	0
457	E	0.49232	0.05707	0.45061	0
458	K	0.69027	0.05708	0.25265	0
459	W	0.77588	0.05708	0.16704	0
460	R	0.78566	0.05709	0.15725	0
461	W	0.78650	0.05709	0.15641	0
462	M	0.79280	0.05709	0.15011	0
463	V	0.91594	0.05709	0.02697	0
464	F	0.93878	0.05709	0.00412	0
465	K	0.94290	0.05709	0.00001	0
466	G	0.94290	0.05709	0.00000	0
467	E	0.94290	0.05709	0.00000	0
468	I	0.94290	0.05709	0.00000	0
469	P	0.94290	0.05709	0.00000	0
470	K	0.94270	0.05709	0.00021	0
471	D	0.92912	0.05709	0.01379	0
472	Q	0.75726	0.05709	0.18565	0
473	W	0.24131	0.05709	0.70160	0
474	M	0.01422	0.05709	0.92869	0
475	K	0.01167	0.05709	0.93124	0
476	K	0.00914	0.05709	0.93376	0
477	W	0.00001	0.05709	0.94291	0
478	W	0.00000	0.05709	0.94291	0
479	E	0.00000	0.05709	0.94291	0
480	M	0.00000	0.05709	0.94291	0
481	K	0.00000	0.05709	0.94291	0
482	R	0.00000	0.05709	0.94291	0
483	E	0.00000	0.05709	0.94291	0
484	I	0.00000	0.05708	0.94292	0
485	V	0.00000	0.05707	0.94293	0
486	G	0.00000	0.05707	0.94293	0
487	V	0.00000	0.05707	0.94293	0
488	V	0.00000	0.05708	0.94292	0
489	E	0.00000	0.0577	0.94230	0
490	P	0.00000	0.05855	0.94145	0
491	V	0.00000	0.07417	0.92583	0
492	P	0.00000	0.21522	0.78478	0
493	H	0.00000	0.96642	0.03358	0
494	D	0.00000	0.98794	0.01206	0
495	E	0.00000	0.99996	0.00004	0
496	T	0.00000	0.99968	0.00032	0
497	Y	0.00000	0.99948	0.00052	0
498	C	0.00000	0.99946	0.00053	0
499	D	0.00000	0.99945	0.00055	0
500	P	0.00000	0.99944	0.00056	0
501	A	0.00000	0.99942	0.00058	0
502	S	0.00000	0.99941	0.00058	0
503	L	0.00000	0.99941	0.00058	0
504	F	0.00000	0.99941	0.00059	0
505	H	0.00000	0.99941	0.00059	0
506	V	0.00000	0.99941	0.00059	0
507	S	0.00001	0.99941	0.00058	0
508	N	0.00002	0.99941	0.00057	0
509	D	0.00002	0.99941	0.00057	0
510	Y	0.00002	0.99324	0.00674	0
511	S	0.00002	0.98891	0.01107	0
512	F	0.00002	0.97724	0.02274	0
513	I	0.00002	0.97668	0.02331	0
514	R	0.00002	0.83082	0.16916	0
515	Y	0.00002	0.78446	0.21552	0
516	Y	0.00002	0.76619	0.23379	0
517	T	0.00011	0.74063	0.25926	0
518	R	0.00028	0.64197	0.35776	0
519	T	0.00057	0.62578	0.37365	0
520	L	0.00056	0.52387	0.47558	0
521	Y	0.00056	0.4551	0.54434	0
522	Q	0.00056	0.13945	0.85999	0
523	F	0.00056	0.13944	0.85999	0
524	Q	0.00056	0.13944	0.85999	0
525	F	0.00056	0.13944	0.85999	0
526	Q	0.00056	0.13945	0.85999	0
527	E	0.00056	0.13945	0.85999	0
528	A	0.00057	0.13931	0.86012	0
529	L	0.00130	0.1393	0.85940	0
530	C	0.00310	0.1393	0.85760	0
531	Q	0.01372	0.13902	0.84726	0
532	A	0.01645	0.13902	0.84454	0
533	A	0.01757	0.13902	0.84342	0
534	K	0.01901	0.13902	0.84198	0
535	H	0.02274	0.139	0.83826	0
536	E	0.07543	0.13866	0.78591	0
537	G	0.12820	0.06425	0.80755	0
538	P	0.37162	0.06026	0.56812	0
539	L	0.37122	0.01606	0.61273	0
540	H	0.37120	0.01419	0.61461	0
541	K	0.37120	0.01416	0.61465	0
542	C	0.37075	0.01414	0.61511	0
543	D	0.37073	0.01413	0.61514	0
544	I	0.75961	0.01402	0.22637	0
545	S	0.83122	0.01402	0.15476	0
546	N	0.85879	0.01402	0.12719	0
547	S	0.85910	0.01402	0.12689	0
548	T	0.85956	0.01402	0.12642	0
549	E	0.85929	0.01402	0.12670	0
550	A	0.85479	0.01398	0.13123	0
551	G	0.85419	0.01396	0.13186	0
552	Q	0.85412	0.01396	0.13193	0
553	K	0.85349	0.01396	0.13256	0
554	L	0.84169	0.01395	0.14436	0
555	F	0.53988	0.01275	0.44738	0
556	N	0.51920	0.01263	0.46817	0
557	M	0.54540	0.00224	0.45236	0
558	L	0.56546	0.00018	0.43436	0
559	R	0.58281	0.00033	0.41686	0
560	L	0.53876	0.00037	0.46087	0
561	G	0.53805	0.0006	0.46135	0
562	K	0.53706	0.00094	0.46200	0
563	S	0.53213	0.00104	0.46683	0
564	E	0.51052	0.00108	0.48840	0
565	P	0.46536	0.00108	0.53355	0
566	W	0.15272	0.00109	0.84619	0
567	T	0.11601	0.0011	0.88289	0
568	L	0.08248	0.0011	0.91643	0
569	A	0.08200	0.00111	0.91689	0
570	L	0.08190	0.00132	0.91678	0
571	E	0.08189	0.00626	0.91185	0
572	N	0.08143	0.0065	0.91207	0
573	V	0.03663	0.00659	0.95678	0
574	V	0.01593	0.01137	0.97270	0
575	G	0.01282	0.09921	0.88798	0
576	A	0.01075	0.1798	0.80945	0
577	K	0.01091	0.37888	0.61021	0
578	N	0.00377	0.38273	0.61350	0
579	M	0.00413	0.38382	0.61205	0
580	N	0.00490	0.40668	0.58841	0
581	V	0.00792	0.42021	0.57187	0
582	R	0.01303	0.44791	0.53906	0
583	P	0.01402	0.44919	0.53679	0
584	L	0.01398	0.45018	0.53584	0
585	L	0.01397	0.46179	0.52425	0
586	N	0.01397	0.72967	0.25637	0
587	Y	0.01395	0.84239	0.14365	0
588	F	0.01395	0.85831	0.12774	0
589	E	0.01395	0.90282	0.08323	0
590	P	0.01395	0.90348	0.08257	0
591	L	0.01390	0.90356	0.08254	0
592	F	0.01368	0.90392	0.08240	0
593	T	0.01360	0.90826	0.07814	0
594	W	0.01329	0.91523	0.07148	0
595	L	0.01310	0.92258	0.06432	0
596	K	0.01306	0.97829	0.00865	0
597	D	0.01301	0.98518	0.00182	0
598	Q	0.01249	0.98535	0.00216	0
599	N	0.01097	0.98541	0.00362	0
600	K	0.01035	0.98155	0.00810	0
601	N	0.00662	0.96296	0.03043	0
602	S	0.00309	0.94565	0.05126	0
603	F	0.00044	0.94229	0.05727	0
604	V	0.00040	0.94219	0.05741	0
605	G	0.00040	0.94199	0.05762	0
606	W	0.00040	0.94199	0.05761	0
607	S	0.00040	0.94201	0.05760	0
608	T	0.00040	0.94202	0.05759	0
609	D	0.00040	0.94202	0.05758	0
610	W	0.00040	0.94202	0.05758	0
611	S	0.00040	0.94203	0.05757	0
612	P	0.00040	0.94207	0.05754	0
613	Y	0.00040	0.9421	0.05750	0
614	A	0.00040	0.94216	0.05744	0
615	D	0.00040	0.9429	0.05670	0
616	Q	0.00040	0.94291	0.05670	0
617	S	0.00008	0.94292	0.05699	0
618	I	0.00009	0.94316	0.05674	0
619	K	0.00068	0.94495	0.05438	0
620	V	0.02762	0.94478	0.02760	0
621	R	0.02803	0.94817	0.02381	0
622	I	0.02851	0.94843	0.02306	0
623	S	0.03727	0.95082	0.01191	0
624	L	0.04322	0.95226	0.00452	0
625	K	0.04361	0.9557	0.00069	0
626	S	0.04363	0.95571	0.00066	0
627	A	0.04363	0.95571	0.00066	0
628	L	0.04363	0.95571	0.00066	0
629	G	0.04363	0.95571	0.00066	0
630	D	0.04363	0.95571	0.00066	0
631	K	0.04363	0.95568	0.00069	0
632	A	0.04344	0.87792	0.07864	0
633	Y	0.04335	0.87774	0.07891	0
634	E	0.04333	0.87628	0.08039	0
635	W	0.04261	0.87582	0.08157	0
636	N	0.04143	0.87589	0.08268	0
637	D	0.03475	0.87613	0.08912	0
638	N	0.01965	0.87563	0.10472	0
639	E	0.01918	0.62867	0.35214	0
640	M	0.00022	0.22574	0.77403	0
641	Y	0.00018	0.17534	0.82448	0
642	L	0.00018	0.1693	0.83052	0
643	F	0.00019	0.16857	0.83125	0
644	R	0.00040	0.16821	0.83138	0
645	S	0.00042	0.16648	0.83311	0
646	S	0.00042	0.16391	0.83568	0
647	V	0.00042	0.10912	0.89046	0
648	A	0.00042	0.10876	0.89082	0
649	Y	0.00042	0.10856	0.89102	0
650	A	0.00042	0.10851	0.89107	0
651	M	0.00042	0.10851	0.89107	0
652	R	0.00111	0.10792	0.89096	0
653	Q	0.00214	0.10796	0.88990	0
654	Y	0.00232	0.09896	0.89873	0
655	F	0.00314	0.09898	0.89788	0
656	L	0.01539	0.09976	0.88485	0
657	K	0.08019	0.12281	0.79700	0
658	V	0.08029	0.12306	0.79665	0
659	K	0.22718	0.14168	0.63114	0
660	N	0.27751	0.14204	0.58046	0
661	Q	0.38946	0.1419	0.46863	0
662	M	0.40438	0.13285	0.46277	0
663	I	0.40967	0.13123	0.45909	0
664	L	0.45290	0.1303	0.41680	0
665	F	0.47289	0.1303	0.39681	0
666	G	0.65329	0.1303	0.21642	0
667	E	0.81288	0.1303	0.05682	0
668	E	0.83815	0.1303	0.03155	0
669	D	0.84277	0.13028	0.02695	0
670	V	0.84308	0.13021	0.02672	0
671	R	0.84574	0.10154	0.05272	0
672	V	0.84600	0.08025	0.07374	0
673	A	0.84718	0.00901	0.14381	0
674	N	0.84807	0.00882	0.14311	0
675	L	0.83081	0.00337	0.16582	0
676	K	0.84003	0.00336	0.15661	0
677	P	0.84004	0.00067	0.15929	0
678	R	0.84003	0.00059	0.15938	0
679	I	0.84002	0.00012	0.15985	0
680	S	0.84002	3e-05	0.15995	0
681	F	0.84002	1e-05	0.15997	0
682	N	0.84002	1e-05	0.15997	0
683	F	0.84003	1e-05	0.15996	0
684	F	0.84004	1e-05	0.15995	0
685	V	0.84033	1e-05	0.15966	0
686	T	0.84640	1e-05	0.15360	0
687	A	0.84898	1e-05	0.15102	0
688	P	0.85169	1e-05	0.14831	0
689	K	0.85181	1e-05	0.14819	0
690	N	0.85181	1e-05	0.14818	0
691	V	0.85183	1e-05	0.14817	0
692	S	0.85467	5e-05	0.14528	0
693	D	0.85898	0.00016	0.14085	0
694	I	0.86368	0.00018	0.13614	0
695	I	0.87064	0.00066	0.12870	0
696	P	0.96927	0.0079	0.02284	0
697	R	0.97728	0.01488	0.00784	0
698	T	0.97936	0.01574	0.00489	0
699	E	0.98100	0.01766	0.00133	0
700	V	0.98110	0.01773	0.00117	0
701	E	0.98173	0.01788	0.00039	0
702	K	0.98210	0.01789	0.00000	0
703	A	0.98210	0.01789	0.00001	0
704	I	0.98209	0.01789	0.00002	0
705	R	0.98207	0.01789	0.00003	0
706	M	0.98206	0.01789	0.00005	0
707	S	0.98206	0.01789	0.00005	0
708	R	0.98188	0.01789	0.00022	0
709	S	0.98188	0.01789	0.00022	0
710	R	0.98188	0.01789	0.00022	0
711	I	0.98188	0.01789	0.00022	0
712	N	0.98188	0.01789	0.00022	0
713	D	0.98188	0.01789	0.00022	0
714	A	0.00049	0.01789	0.98162	0
715	F	0.00049	0.01789	0.98162	0
716	R	0.00049	0.01789	0.98162	0
717	L	0.00049	0.01789	0.98162	0
718	N	0.00049	0.01789	0.98162	0
719	D	0.00049	0.01789	0.98162	0
720	N	0.00049	0.01789	0.98162	0
721	S	0.00049	0.01789	0.98162	0
722	L	0.00049	0.01789	0.98162	0
723	E	0.00049	0.01789	0.98162	0
724	F	0.00000	0.01789	0.98211	0
725	L	0.00000	0.01789	0.98211	0
726	G	0.00000	0.0179	0.98210	0
727	I	0.00000	0.0179	0.98210	0
728	Q	0.00000	0.01796	0.98204	0
729	P	0.00000	0.01798	0.98202	0
730	T	0.00000	0.01799	0.98201	0
731	L	0.00000	0.018	0.98200	0
732	G	0.00000	0.02241	0.97759	0
733	P	0.00000	0.12901	0.87099	0
734	P	0.00000	0.30885	0.69115	0
735	N	0.00000	0.80962	0.19038	0
736	Q	0.00000	0.94976	0.05024	0
737	P	0.00000	0.97705	0.02295	0
738	P	0.00000	0.98592	0.01408	0
739	V	0.00000	0.86952	0.13048	0
740	S	0.00000	0.82512	0.17488	0
741	I	0.00000	0.16406	0.83594	0
742	W	0.00000	0.00457	0.99543	0
743	L	0.00000	0.00107	0.99893	0
744	I	0.00000	0.00062	0.99938	0
745	V	0.00000	0.00043	0.99957	0
746	F	0.00000	0.00013	0.99987	0
747	G	0.00000	0.0001	0.99990	0
748	V	0.00000	0	1.00000	0
749	V	0.00000	0	1.00000	0
750	M	0.00000	0	1.00000	0
751	G	0.00000	0	1.00000	0
752	V	0.00000	0	1.00000	0
753	I	0.00000	0	1.00000	0
754	V	0.00000	0	1.00000	0
755	V	0.00000	0	1.00000	0
756	G	0.00000	0	1.00000	0
757	I	0.00001	0	0.99999	0
758	V	0.00015	0	0.99985	0
759	I	0.00415	0	0.99585	0
760	L	0.02370	0	0.97630	0
761	I	0.12719	0	0.87281	0
762	F	0.42959	0	0.57041	0
763	T	0.83541	0	0.16459	0
764	G	0.94397	0	0.05603	0
765	I	0.98886	0	0.01114	0
766	R	1.00000	0	0.00000	0
767	D	1.00000	0	0.00000	0
768	R	1.00000	0	0.00000	0
769	K	1.00000	0	0.00000	0
770	K	1.00000	0	0.00000	0
771	K	1.00000	0	0.00000	0
772	N	1.00000	0	0.00000	0
773	K	1.00000	0	0.00000	0
774	A	1.00000	0	0.00000	0
775	R	1.00000	0	0.00000	0
776	S	1.00000	0	0.00000	0
777	G	1.00000	0	0.00000	0
778	E	1.00000	0	0.00000	0
779	N	1.00000	0	0.00000	0
780	P	1.00000	0	0.00000	0
781	Y	1.00000	0	0.00000	0
782	A	1.00000	0	0.00000	0
783	S	1.00000	0	0.00000	0
784	I	1.00000	0	0.00000	0
785	D	1.00000	0	0.00000	0
786	I	1.00000	0	0.00000	0
787	S	1.00000	0	0.00000	0
788	K	1.00000	0	0.00000	0
789	G	1.00000	0	0.00000	0
790	E	1.00000	0	0.00000	0
791	N	1.00000	0	0.00000	0
792	N	1.00000	0	0.00000	0
793	P	1.00000	0	0.00000	0
794	G	1.00000	0	0.00000	0
795	F	1.00000	0	0.00000	0
796	Q	1.00000	0	0.00000	0
797	N	1.00000	0	0.00000	0
798	T	1.00000	0	0.00000	0
799	D	1.00000	0	0.00000	0
800	D	1.00000	0	0.00000	0
801	V	1.00000	0	0.00000	0
802	Q	1.00000	0	0.00000	0
803	T	1.00000	0	0.00000	0
804	S	1.00000	0	0.00000	0
805	F	1.00000	0	0.00000	0
