# UNNAMED
#pos	aa	i	o	M	S
1	M	0.00000	0.99969	0.00000	0.00031
2	F	0.00000	0.99969	0.00000	0.00031
3	P	0.00000	0.99969	0.00000	0.00031
4	N	0.00000	0.99969	0.00000	0.0003
5	G	0.00000	0.99969	0.00000	0.00031
6	T	0.00000	0.99969	0.00000	0.00031
7	A	0.00000	0.99969	0.00000	0.00031
8	S	0.00000	0.99969	0.00000	0.00031
9	S	0.00000	0.99969	0.00000	0.00031
10	P	0.00000	0.99969	0.00000	0.00031
11	S	0.00000	0.99969	0.00000	0.00031
12	S	0.00000	0.99969	0.00000	0.0003
13	S	0.00000	0.99969	0.00000	0.00031
14	P	0.00000	0.99969	0.00000	0.00031
15	S	0.00000	0.99969	0.00000	0.0003
16	P	0.00000	0.99969	0.00000	0.00031
17	S	0.00000	0.99969	0.00000	0.00031
18	P	0.00000	0.99969	0.00000	0.0003
19	G	0.00000	0.99969	0.00000	0.0003
20	S	0.00000	0.9998	0.00000	0.00019
21	C	0.00000	0.99981	0.00000	0.00019
22	G	0.00000	0.99986	0.00000	0.00014
23	E	0.00000	0.99999	0.00000	1e-05
24	G	0.00000	0.99999	0.00000	0
25	G	0.00000	0.99999	0.00000	0
26	G	0.00000	1	0.00000	0
27	S	0.00000	1	0.00000	0
28	R	0.00000	1	0.00000	0
29	G	0.00000	1	0.00000	0
30	P	0.00000	1	0.00000	0
31	G	0.00000	1	0.00000	0
32	A	0.00000	1	0.00000	0
33	G	0.00000	1	0.00000	0
34	A	0.00000	1	0.00000	0
35	A	0.00000	1	0.00000	0
36	D	0.00000	1	0.00000	0
37	G	0.00000	1	0.00000	0
38	M	0.00000	1	0.00000	0
39	E	0.00000	1	0.00000	0
40	E	0.00000	1	0.00000	0
41	P	0.00000	1	0.00000	0
42	G	0.00000	1	0.00000	0
43	R	0.00000	1	0.00000	0
44	N	0.00000	1	0.00000	0
45	A	0.00000	1	0.00000	0
46	S	0.00000	1	0.00000	0
47	Q	0.00000	1	0.00000	0
48	N	0.00000	1	0.00000	0
49	G	0.00000	1	0.00000	0
50	T	0.00000	1	0.00000	0
51	L	0.00000	1	0.00000	0
52	S	0.00000	1	0.00000	0
53	E	0.00000	1	0.00000	0
54	G	0.00000	0.99997	0.00003	0
55	Q	0.00000	0.99977	0.00023	0
56	G	0.00000	0.99847	0.00153	0
57	S	0.00000	0.98927	0.01073	0
58	A	0.00000	0.96799	0.03201	0
59	I	0.00000	0.92084	0.07916	0
60	L	0.00000	0.90123	0.09877	0
61	I	0.00000	0.20744	0.79256	0
62	S	0.00000	0.16476	0.83524	0
63	F	0.00000	0.0263	0.97370	0
64	I	0.00000	0.00022	0.99978	0
65	Y	0.00000	1e-05	0.99999	0
66	S	0.00000	0	1.00000	0
67	V	0.00000	0	1.00000	0
68	V	0.00000	0	1.00000	0
69	C	0.00000	0	1.00000	0
70	L	0.00000	0	1.00000	0
71	V	0.00000	0	1.00000	0
72	G	0.00000	0	1.00000	0
73	L	0.00000	0	1.00000	0
74	C	0.00000	0	1.00000	0
75	G	0.00000	0	1.00000	0
76	N	0.00000	0	1.00000	0
77	S	0.00000	0	1.00000	0
78	M	0.00000	0	1.00000	0
79	V	0.00000	0	1.00000	0
80	I	0.00000	0	1.00000	0
81	Y	0.00003	0	0.99997	0
82	V	0.00139	0	0.99861	0
83	I	0.03246	0	0.96754	0
84	L	0.27368	0	0.72632	0
85	R	0.98507	0	0.01493	0
86	Y	0.99943	0	0.00057	0
87	A	0.99983	0	0.00017	0
88	K	1.00000	0	0.00000	0
89	M	1.00000	0	0.00000	0
90	K	1.00000	0	0.00000	0
91	T	1.00000	0	0.00000	0
92	A	0.99955	0	0.00045	0
93	T	0.98897	0	0.01103	0
94	N	0.80053	0	0.19947	0
95	I	0.05407	0	0.94593	0
96	Y	0.00091	0	0.99909	0
97	I	0.00002	0	0.99998	0
98	L	0.00000	0	1.00000	0
99	N	0.00000	0	1.00000	0
100	L	0.00000	0	1.00000	0
101	A	0.00000	0	1.00000	0
102	I	0.00000	0	1.00000	0
103	A	0.00000	0	1.00000	0
104	D	0.00000	0	1.00000	0
105	E	0.00000	0	1.00000	0
106	L	0.00000	0	1.00000	0
107	L	0.00000	0	1.00000	0
108	M	0.00000	0	1.00000	0
109	L	0.00000	0	1.00000	0
110	S	0.00000	0	1.00000	0
111	V	0.00000	0	1.00000	0
112	P	0.00000	1e-05	0.99999	0
113	F	0.00000	0.0002	0.99980	0
114	L	0.00000	0.00279	0.99721	0
115	V	0.00000	0.03494	0.96506	0
116	T	0.00000	0.73143	0.26857	0
117	S	0.00000	0.99988	0.00012	0
118	T	0.00000	0.99993	0.00007	0
119	L	0.00000	0.99994	0.00006	0
120	L	0.00000	0.99997	0.00003	0
121	R	0.00000	1	0.00000	0
122	H	0.00000	1	0.00000	0
123	W	0.00000	1	0.00000	0
124	P	0.00000	1	0.00000	0
125	F	0.00000	1	0.00000	0
126	G	0.00000	1	0.00000	0
127	A	0.00000	0.99997	0.00003	0
128	L	0.00000	0.99986	0.00014	0
129	L	0.00000	0.9995	0.00050	0
130	C	0.00000	0.99921	0.00079	0
131	R	0.00000	0.99775	0.00225	0
132	L	0.00000	0.99053	0.00947	0
133	V	0.00000	0.21209	0.78791	0
134	L	0.00000	0.08335	0.91665	0
135	S	0.00000	0.00428	0.99572	0
136	V	0.00000	0.00055	0.99945	0
137	D	0.00000	0.00035	0.99965	0
138	A	0.00000	2e-05	0.99998	0
139	V	0.00000	0	1.00000	0
140	N	0.00000	0	1.00000	0
141	M	0.00000	0	1.00000	0
142	F	0.00000	0	1.00000	0
143	T	0.00000	0	1.00000	0
144	S	0.00000	0	1.00000	0
145	I	0.00000	0	1.00000	0
146	Y	0.00000	0	1.00000	0
147	C	0.00000	0	1.00000	0
148	L	0.00000	0	1.00000	0
149	T	0.00000	0	1.00000	0
150	V	0.00000	0	1.00000	0
151	L	0.00000	0	1.00000	0
152	S	0.00000	0	1.00000	0
153	V	0.00002	0	0.99998	0
154	D	0.00019	0	0.99981	0
155	R	0.08047	0	0.91953	0
156	Y	0.50763	0	0.49237	0
157	V	0.95585	0	0.04415	0
158	A	0.98533	0	0.01467	0
159	V	1.00000	0	0.00000	0
160	V	1.00000	0	0.00000	0
161	H	1.00000	0	0.00000	0
162	P	1.00000	0	0.00000	0
163	I	1.00000	0	0.00000	0
164	K	1.00000	0	0.00000	0
165	A	1.00000	0	0.00000	0
166	A	1.00000	0	0.00000	0
167	R	1.00000	0	0.00000	0
168	Y	1.00000	0	0.00000	0
169	R	1.00000	0	0.00000	0
170	R	1.00000	0	0.00000	0
171	P	0.99843	0	0.00157	0
172	T	0.82335	0	0.17665	0
173	V	0.22160	0	0.77840	0
174	A	0.09854	0	0.90146	0
175	K	0.07037	0	0.92963	0
176	V	0.00417	0	0.99583	0
177	V	0.00060	0	0.99940	0
178	N	0.00049	0	0.99951	0
179	L	0.00003	0	0.99997	0
180	G	0.00000	0	1.00000	0
181	V	0.00000	0	1.00000	0
182	W	0.00000	0	1.00000	0
183	V	0.00000	0	1.00000	0
184	L	0.00000	0	1.00000	0
185	S	0.00000	0	1.00000	0
186	L	0.00000	0	1.00000	0
187	L	0.00000	0	1.00000	0
188	V	0.00000	0	1.00000	0
189	I	0.00000	0	1.00000	0
190	L	0.00000	0	1.00000	0
191	P	0.00000	0.00042	0.99958	0
192	I	0.00000	0.00184	0.99816	0
193	V	0.00000	0.01901	0.98099	0
194	V	0.00000	0.1033	0.89670	0
195	F	0.00000	0.30862	0.69138	0
196	S	0.00000	0.78931	0.21069	0
197	R	0.00000	0.99151	0.00849	0
198	T	0.00000	0.99661	0.00339	0
199	A	0.00000	0.99791	0.00209	0
200	A	0.00000	0.99914	0.00086	0
201	N	0.00000	0.99996	0.00004	0
202	S	0.00000	1	0.00000	0
203	D	0.00000	1	0.00000	0
204	G	0.00000	1	0.00000	0
205	T	0.00000	1	0.00000	0
206	V	0.00000	1	0.00000	0
207	A	0.00000	1	0.00000	0
208	C	0.00000	1	0.00000	0
209	N	0.00000	1	0.00000	0
210	M	0.00000	1	0.00000	0
211	L	0.00000	1	0.00000	0
212	M	0.00000	1	0.00000	0
213	P	0.00000	1	0.00000	0
214	E	0.00000	1	0.00000	0
215	P	0.00000	1	0.00000	0
216	A	0.00000	0.99996	0.00004	0
217	Q	0.00000	0.99946	0.00054	0
218	R	0.00000	0.99921	0.00079	0
219	W	0.00000	0.94233	0.05767	0
220	L	0.00000	0.92275	0.07725	0
221	V	0.00000	0.70458	0.29542	0
222	G	0.00000	0.501	0.49900	0
223	F	0.00000	0.23438	0.76562	0
224	V	0.00000	0.20604	0.79396	0
225	L	0.00000	0.046	0.95400	0
226	Y	0.00000	0.00022	0.99978	0
227	T	0.00000	4e-05	0.99996	0
228	F	0.00000	1e-05	0.99999	0
229	L	0.00000	1e-05	0.99999	0
230	M	0.00000	0	1.00000	0
231	G	0.00000	0	1.00000	0
232	F	0.00000	0	1.00000	0
233	L	0.00000	0	1.00000	0
234	L	0.00000	0	1.00000	0
235	P	0.00000	0	1.00000	0
236	V	0.00000	0	1.00000	0
237	G	0.00000	0	1.00000	0
238	A	0.00000	0	1.00000	0
239	I	0.00000	0	1.00000	0
240	C	0.00000	0	1.00000	0
241	L	0.00000	0	1.00000	0
242	C	0.00002	0	0.99998	0
243	Y	0.00033	0	0.99967	0
244	V	0.00271	0	0.99729	0
245	L	0.01122	0	0.98878	0
246	I	0.04738	0	0.95262	0
247	I	0.19627	0	0.80373	0
248	A	0.89033	0	0.10967	0
249	K	0.99472	0	0.00528	0
250	M	0.99777	0	0.00223	0
251	R	0.99990	0	0.00010	0
252	M	0.99995	0	0.00005	0
253	V	0.99997	0	0.00003	0
254	A	1.00000	0	0.00000	0
255	L	1.00000	0	0.00000	0
256	K	1.00000	0	0.00000	0
257	A	1.00000	0	0.00000	0
258	G	1.00000	0	0.00000	0
259	W	1.00000	0	0.00000	0
260	Q	1.00000	0	0.00000	0
261	Q	1.00000	0	0.00000	0
262	R	1.00000	0	0.00000	0
263	K	1.00000	0	0.00000	0
264	R	1.00000	0	0.00000	0
265	S	1.00000	0	0.00000	0
266	E	1.00000	0	0.00000	0
267	R	0.98895	0	0.01105	0
268	K	0.90322	0	0.09678	0
269	I	0.57050	0	0.42950	0
270	T	0.42571	0	0.57429	0
271	L	0.11171	0	0.88829	0
272	M	0.04893	0	0.95107	0
273	V	0.01483	0	0.98517	0
274	M	0.00055	0	0.99945	0
275	M	0.00033	0	0.99967	0
276	V	0.00001	0	0.99999	0
277	V	0.00000	0	1.00000	0
278	M	0.00000	0	1.00000	0
279	V	0.00000	0	1.00000	0
280	F	0.00000	0	1.00000	0
281	V	0.00000	0	1.00000	0
282	I	0.00000	0	1.00000	0
283	C	0.00000	0	1.00000	0
284	W	0.00000	0	1.00000	0
285	M	0.00000	0	1.00000	0
286	P	0.00000	0	1.00000	0
287	F	0.00000	0	1.00000	0
288	Y	0.00000	5e-05	0.99995	0
289	V	0.00000	0.0026	0.99740	0
290	V	0.00000	0.02484	0.97516	0
291	Q	0.00000	0.10449	0.89551	0
292	L	0.00000	0.1517	0.84830	0
293	V	0.00000	0.41054	0.58946	0
294	N	0.00000	0.62513	0.37487	0
295	V	0.00000	0.6552	0.34480	0
296	F	0.00000	0.72802	0.27198	0
297	A	0.00000	0.838	0.16200	0
298	E	0.00000	0.99665	0.00335	0
299	Q	0.00000	0.99978	0.00022	0
300	D	0.00000	0.99984	0.00016	0
301	D	0.00000	0.99851	0.00149	0
302	A	0.00000	0.91714	0.08286	0
303	T	0.00000	0.75204	0.24796	0
304	V	0.00000	0.7093	0.29070	0
305	S	0.00000	0.68068	0.31932	0
306	Q	0.00000	0.52025	0.47975	0
307	L	0.00000	0.00912	0.99088	0
308	S	0.00000	0.00508	0.99492	0
309	V	0.00000	0.00011	0.99989	0
310	I	0.00000	1e-05	0.99999	0
311	L	0.00000	0	1.00000	0
312	G	0.00000	0	1.00000	0
313	Y	0.00000	0	1.00000	0
314	A	0.00000	0	1.00000	0
315	N	0.00000	0	1.00000	0
316	S	0.00000	0	1.00000	0
317	C	0.00000	0	1.00000	0
318	A	0.00000	0	1.00000	0
319	N	0.00000	0	1.00000	0
320	P	0.00000	0	1.00000	0
321	I	0.00000	0	1.00000	0
322	L	0.00001	0	0.99999	0
323	Y	0.00005	0	0.99995	0
324	G	0.00095	0	0.99905	0
325	F	0.01787	0	0.98213	0
326	L	0.25200	0	0.74800	0
327	S	0.39046	0	0.60954	0
328	D	0.98104	0	0.01896	0
329	N	0.99586	0	0.00414	0
330	F	0.99816	0	0.00184	0
331	K	1.00000	0	0.00000	0
332	R	1.00000	0	0.00000	0
333	S	1.00000	0	0.00000	0
334	F	1.00000	0	0.00000	0
335	Q	1.00000	0	0.00000	0
336	R	1.00000	0	0.00000	0
337	I	1.00000	0	0.00000	0
338	L	1.00000	0	0.00000	0
339	C	1.00000	0	0.00000	0
340	L	1.00000	0	0.00000	0
341	S	1.00000	0	0.00000	0
342	W	1.00000	0	0.00000	0
343	M	1.00000	0	0.00000	0
344	D	1.00000	0	0.00000	0
345	N	1.00000	0	0.00000	0
346	A	1.00000	0	0.00000	0
347	A	1.00000	0	0.00000	0
348	E	1.00000	0	0.00000	0
349	E	1.00000	0	0.00000	0
350	P	1.00000	0	0.00000	0
351	V	1.00000	0	0.00000	0
352	D	1.00000	0	0.00000	0
353	Y	1.00000	0	0.00000	0
354	Y	1.00000	0	0.00000	0
355	A	1.00000	0	0.00000	0
356	T	1.00000	0	0.00000	0
357	A	1.00000	0	0.00000	0
358	L	1.00000	0	0.00000	0
359	K	1.00000	0	0.00000	0
360	S	1.00000	0	0.00000	0
361	R	1.00000	0	0.00000	0
362	A	1.00000	0	0.00000	0
363	Y	1.00000	0	0.00000	0
364	S	1.00000	0	0.00000	0
365	V	1.00000	0	0.00000	0
366	E	1.00000	0	0.00000	0
367	D	1.00000	0	0.00000	0
368	F	1.00000	0	0.00000	0
369	Q	1.00000	0	0.00000	0
370	P	1.00000	0	0.00000	0
371	E	1.00000	0	0.00000	0
372	N	1.00000	0	0.00000	0
373	L	1.00000	0	0.00000	0
374	E	1.00000	0	0.00000	0
375	S	1.00000	0	0.00000	0
376	G	1.00000	0	0.00000	0
377	G	1.00000	0	0.00000	0
378	V	1.00000	0	0.00000	0
379	F	1.00000	0	0.00000	0
380	R	1.00000	0	0.00000	0
381	N	1.00000	0	0.00000	0
382	G	1.00000	0	0.00000	0
383	T	1.00000	0	0.00000	0
384	C	1.00000	0	0.00000	0
385	T	1.00000	0	0.00000	0
386	S	1.00000	0	0.00000	0
387	R	1.00000	0	0.00000	0
388	I	1.00000	0	0.00000	0
389	T	1.00000	0	0.00000	0
390	T	1.00000	0	0.00000	0
391	L	1.00000	0	0.00000	0
