# UNNAMED
#pos	aa	i	o	M	S
1	M	0.00000	1	0.00000	0
2	A	0.00000	1	0.00000	0
3	S	0.00000	1	0.00000	0
4	M	0.00000	0.66419	0.33581	0
5	G	0.00000	0.35994	0.64006	0
6	L	0.00000	0.21871	0.78129	0
7	Q	0.00000	0.12891	0.87109	0
8	V	0.00000	0.00665	0.99335	0
9	M	0.00000	0.00115	0.99885	0
10	G	0.00000	3e-05	0.99997	0
11	I	0.00000	0	1.00000	0
12	A	0.00000	0	1.00000	0
13	L	0.00000	0	1.00000	0
14	A	0.00000	0	1.00000	0
15	V	0.00000	0	1.00000	0
16	L	0.00000	0	1.00000	0
17	G	0.00000	0	1.00000	0
18	W	0.00000	0	1.00000	0
19	L	0.00000	0	1.00000	0
20	A	0.00000	0	1.00000	0
21	V	0.00105	0	0.99895	0
22	M	0.03535	0	0.96465	0
23	L	0.35243	0	0.64757	0
24	C	0.39650	0	0.60350	0
25	C	0.49709	0	0.50291	0
26	A	0.69035	0	0.30965	0
27	L	0.86035	0	0.13965	0
28	P	0.97107	0	0.02893	0
29	M	0.66262	0	0.33738	0
30	W	0.65013	0	0.34987	0
31	R	0.64294	0	0.35706	0
32	V	0.12286	0	0.87714	0
33	T	0.03520	0	0.96480	0
34	A	0.00836	0	0.99164	0
35	F	0.00001	0	0.99999	0
36	I	0.00000	0	1.00000	0
37	G	0.00000	0	1.00000	0
38	S	0.00000	0	1.00000	0
39	N	0.00000	0	1.00000	0
40	I	0.00000	0	1.00000	0
41	V	0.00000	0	1.00000	0
42	T	0.00000	0.00045	0.99955	0
43	S	0.00000	0.00271	0.99729	0
44	Q	0.00000	0.02539	0.97461	0
45	T	0.00000	0.02825	0.97175	0
46	I	0.00000	0.02839	0.97161	0
47	W	0.00000	0.03845	0.96155	0
48	E	0.00000	0.24242	0.75758	0
49	G	0.00000	0.40524	0.59476	0
50	L	0.00000	0.4764	0.52360	0
51	W	0.00000	0.81561	0.18439	0
52	M	0.00000	0.99855	0.00145	0
53	N	0.00000	0.99755	0.00245	0
54	C	0.00000	0.97478	0.02522	0
55	V	0.00000	0.97175	0.02825	0
56	V	0.00000	0.97164	0.02836	0
57	Q	0.00000	0.97153	0.02847	0
58	S	0.00000	0.96516	0.03484	0
59	T	0.00000	0.62738	0.37262	0
60	G	0.00000	0.54319	0.45681	0
61	Q	0.00000	0.25018	0.74982	0
62	M	0.00000	0.00164	0.99836	0
63	Q	0.00000	0.00025	0.99975	0
64	C	0.00000	0	1.00000	0
65	K	0.00000	0	1.00000	0
66	V	0.00000	0	1.00000	0
67	Y	0.00000	0	1.00000	0
68	D	0.00000	0	1.00000	0
69	S	0.00000	0	1.00000	0
70	L	0.00027	0	0.99973	0
71	L	0.00253	0	0.99747	0
72	A	0.02362	0	0.97638	0
73	L	0.02835	0	0.97165	0
74	P	0.02836	0	0.97164	0
75	Q	0.02836	0	0.97164	0
76	D	0.02836	0	0.97164	0
77	L	0.02836	0	0.97164	0
78	Q	0.02839	0	0.97161	0
79	A	0.02841	0	0.97159	0
80	A	0.97526	0	0.02474	0
81	R	0.99995	0	0.00005	0
82	A	0.99840	0	0.00160	0
83	L	0.97896	0	0.02104	0
84	V	0.97186	0	0.02814	0
85	I	0.97165	0	0.02835	0
86	I	0.97164	0	0.02836	0
87	S	0.97164	0	0.02836	0
88	I	0.97164	0	0.02836	0
89	I	0.97161	0	0.02839	0
90	V	0.97159	0	0.02841	0
91	A	0.10628	0	0.89372	0
92	A	0.00074	0	0.99926	0
93	L	0.00003	0	0.99997	0
94	G	0.00002	0	0.99998	0
95	V	0.00000	0	1.00000	0
96	L	0.00000	0	1.00000	0
97	L	0.00000	0	1.00000	0
98	S	0.00000	0	1.00000	0
99	V	0.00000	0	1.00000	0
100	V	0.00000	0	1.00000	0
101	G	0.00000	0.00058	0.99942	0
102	G	0.00000	0.00804	0.99196	0
103	K	0.00000	0.02727	0.97273	0
104	C	0.00000	0.02821	0.97179	0
105	T	0.00000	0.02833	0.97167	0
106	N	0.00000	0.02836	0.97164	0
107	C	0.00000	0.02836	0.97164	0
108	L	0.00000	0.02836	0.97164	0
109	E	0.00000	0.06619	0.93381	0
110	D	0.00000	0.97683	0.02317	0
111	E	0.00000	0.99873	0.00127	0
112	S	0.00000	0.99992	0.00008	0
113	A	0.00000	0.99995	0.00005	0
114	K	0.00000	1	0.00000	0
115	A	0.00000	0.99999	0.00001	0
116	K	0.00000	0.99999	0.00001	0
117	T	0.00000	0.97876	0.02124	0
118	M	0.00000	0.97365	0.02635	0
119	I	0.00000	0.97214	0.02786	0
120	V	0.00000	0.97192	0.02808	0
121	A	0.00000	0.97072	0.02928	0
122	G	0.00000	0.95506	0.04494	0
123	V	0.00000	0.58401	0.41599	0
124	V	0.00000	0.00063	0.99937	0
125	F	0.00000	0.00037	0.99963	0
126	L	0.00000	2e-05	0.99998	0
127	L	0.00000	0	1.00000	0
128	A	0.00000	0	1.00000	0
129	G	0.00000	0	1.00000	0
130	L	0.00000	0	1.00000	0
131	M	0.00000	0	1.00000	0
132	V	0.00000	0	1.00000	0
133	I	0.00000	0	1.00000	0
134	V	0.00000	0	1.00000	0
135	P	0.00000	0	1.00000	0
136	V	0.00000	0	1.00000	0
137	S	0.00000	0	1.00000	0
138	W	0.00001	0	0.99999	0
139	T	0.00062	0	0.99938	0
140	A	0.00118	0	0.99882	0
141	H	0.01293	0	0.98707	0
142	N	0.01700	0	0.98300	0
143	I	0.01811	0	0.98189	0
144	I	0.02881	0	0.97119	0
145	Q	0.90837	0	0.09163	0
146	D	0.98976	0	0.01024	0
147	F	0.98993	0	0.01007	0
148	Y	0.99221	0	0.00779	0
149	N	0.99969	0	0.00031	0
150	P	0.99999	0	0.00001	0
151	L	1.00000	0	0.00000	0
152	V	1.00000	0	0.00000	0
153	A	1.00000	0	0.00000	0
154	S	1.00000	0	0.00000	0
155	G	1.00000	0	0.00000	0
156	Q	1.00000	0	0.00000	0
157	K	1.00000	0	0.00000	0
158	R	1.00000	0	0.00000	0
159	E	1.00000	0	0.00000	0
160	M	0.07937	0	0.92063	0
161	G	0.05887	0	0.94113	0
162	A	0.00035	0	0.99965	0
163	S	0.00016	0	0.99984	0
164	L	0.00003	0	0.99997	0
165	Y	0.00002	0	0.99998	0
166	V	0.00000	0	1.00000	0
167	G	0.00000	0	1.00000	0
168	W	0.00000	0	1.00000	0
169	A	0.00000	0	1.00000	0
170	A	0.00000	0	1.00000	0
171	S	0.00000	0	1.00000	0
172	G	0.00000	0	1.00000	0
173	L	0.00000	0	1.00000	0
174	L	0.00000	0	1.00000	0
175	L	0.00000	0	1.00000	0
176	L	0.00000	0	1.00000	0
177	G	0.00000	0	1.00000	0
178	G	0.00000	5e-05	0.99995	0
179	G	0.00000	0.00102	0.99898	0
180	L	0.00000	0.00449	0.99551	0
181	L	0.00000	0.06933	0.93067	0
182	C	0.00000	0.70325	0.29675	0
183	C	0.00000	0.93049	0.06951	0
184	N	0.00000	0.98778	0.01222	0
185	C	0.00000	0.99905	0.00095	0
186	P	0.00000	0.99873	0.00127	0
187	P	0.00000	0.65362	0.34638	0
188	R	0.00000	0.41065	0.58935	0
189	T	0.00000	0.01123	0.98877	0
190	D	0.00000	0.0025	0.99750	0
191	K	0.00000	0.0001	0.99990	0
192	P	0.00000	0	1.00000	0
193	Y	0.00000	0	1.00000	0
194	S	0.00000	0	1.00000	0
195	A	0.00000	0	1.00000	0
196	K	0.00000	0	1.00000	0
197	Y	0.00000	0	1.00000	0
198	S	0.00000	0	1.00000	0
199	A	0.00000	0	1.00000	0
200	A	0.00000	0	1.00000	0
201	R	0.00000	0	1.00000	0
202	S	0.00000	0	1.00000	0
203	A	0.00000	0	1.00000	0
204	A	0.00000	0	1.00000	0
205	A	0.00000	0	1.00000	0
206	S	0.00000	0	1.00000	0
207	N	0.01150	0	0.98850	0
208	Y	0.06282	0	0.93718	0
209	V	1.00000	0	0.00000	0
