# UNNAMED
#pos	aa	i	o	M	S
1	M	0.00000	2e-05	0.00000	0.99998
2	D	0.00000	2e-05	0.00000	0.99998
3	P	0.00000	2e-05	0.00000	0.99999
4	K	0.00000	2e-05	0.00000	0.99998
5	G	0.00000	2e-05	0.00000	0.99998
6	L	0.00000	2e-05	0.00000	0.99999
7	L	0.00000	2e-05	0.00000	0.99998
8	S	0.00000	2e-05	0.00000	0.99998
9	L	0.00000	2e-05	0.00000	0.99999
10	T	0.00000	2e-05	0.00000	0.99999
11	F	0.00000	2e-05	0.00000	0.99999
12	V	0.00000	2e-05	0.00000	0.99998
13	L	0.00000	2e-05	0.00000	0.99999
14	F	0.00000	2e-05	0.00000	0.99999
15	L	0.00000	2e-05	0.00000	0.99999
16	S	0.00000	2e-05	0.00000	0.99998
17	L	0.00000	2e-05	0.00000	0.99998
18	A	0.00000	5e-05	0.00000	0.99996
19	F	0.00000	0.00154	0.00000	0.99847
20	G	0.00000	0.00153	0.00000	0.99847
21	A	0.00000	0.88957	0.00000	0.11042
22	S	0.00000	0.88965	0.00000	0.11035
23	Y	0.00000	0.93943	0.00000	0.06057
24	G	0.00000	0.93953	0.00000	0.06046
25	T	0.00000	0.96182	0.00000	0.03819
26	G	0.00000	0.96181	0.00000	0.03818
27	G	0.00000	0.96874	0.00000	0.03126
28	R	0.00000	1	0.00000	0
29	M	0.00000	1	0.00000	0
30	M	0.00000	1	0.00000	0
31	N	0.00000	1	0.00000	0
32	C	0.00000	1	0.00000	0
33	P	0.00000	0.99999	0.00001	0
34	K	0.00000	0.99998	0.00002	0
35	I	0.00000	0.99992	0.00008	0
36	L	0.00000	0.99992	0.00008	0
37	R	0.00000	0.99992	0.00008	0
38	Q	0.00000	0.99992	0.00008	0
39	L	0.00000	0.99992	0.00008	0
40	G	0.00000	0.99992	0.00008	0
41	S	0.00000	0.99992	0.00008	0
42	K	0.00000	0.99992	0.00008	0
43	V	0.00000	0.99992	0.00008	0
44	L	0.00000	0.99992	0.00008	0
45	L	0.00000	0.99992	0.00008	0
46	P	0.00000	0.99992	0.00008	0
47	L	0.00000	0.99992	0.00008	0
48	T	0.00000	0.99992	0.00008	0
49	Y	0.00000	0.99992	0.00008	0
50	E	0.00000	0.99992	0.00008	0
51	R	0.00000	0.99992	0.00008	0
52	I	0.00000	0.99992	0.00008	0
53	N	0.00005	0.99992	0.00003	0
54	K	0.00008	0.99992	0.00000	0
55	S	0.00008	0.99992	0.00000	0
56	M	0.00008	0.99992	0.00000	0
57	N	0.00008	0.99987	0.00005	0
58	K	0.00008	0.99662	0.00330	0
59	S	0.00008	0.81135	0.18858	0
60	I	0.00001	0.15911	0.84088	0
61	H	0.00000	0.04448	0.95551	0
62	I	0.00000	0.00162	0.99838	0
63	V	0.00000	0.00041	0.99959	0
64	V	0.00000	0.00019	0.99981	0
65	T	0.00000	0.00019	0.99981	0
66	M	0.00000	0.00019	0.99981	0
67	A	0.00000	0.00019	0.99981	0
68	K	0.00000	0.00019	0.99981	0
69	S	0.00000	0.00019	0.99981	0
70	L	0.00000	0.00019	0.99981	0
71	E	0.00000	0.00019	0.99981	0
72	N	0.00000	0.00019	0.99981	0
73	S	0.00000	0.00018	0.99981	0
74	V	0.00000	0.00018	0.99982	0
75	E	0.00000	0.00018	0.99982	0
76	N	0.00000	0.00018	0.99982	0
77	K	0.00000	0.00018	0.99982	0
78	I	0.00000	0.00018	0.99982	0
79	V	0.00004	0.00019	0.99978	0
80	S	0.00099	0.0002	0.99881	0
81	L	0.01063	0.0002	0.98917	0
82	D	0.99802	0.00027	0.00172	0
83	P	0.99956	0.00027	0.00017	0
84	S	0.99967	0.00027	0.00006	0
85	E	0.99971	0.00027	0.00002	0
86	A	0.99972	0.00026	0.00002	0
87	G	0.99973	0.00018	0.00010	0
88	P	0.99973	0.00013	0.00014	0
89	P	0.99973	0.00011	0.00016	0
90	R	0.99745	0.00011	0.00244	0
91	Y	0.98589	0.00011	0.01400	0
92	L	0.98047	0.00011	0.01942	0
93	G	0.97941	0.00011	0.02047	0
94	D	0.97871	0.00011	0.02118	0
95	R	0.97623	9e-05	0.02368	0
96	Y	0.86311	8e-05	0.13681	0
97	K	0.84863	8e-05	0.15128	0
98	F	0.03976	8e-05	0.96016	0
99	Y	0.00068	8e-05	0.99924	0
100	L	0.00001	8e-05	0.99991	0
101	E	0.00000	8e-05	0.99992	0
102	N	0.00000	8e-05	0.99992	0
103	L	0.00000	8e-05	0.99992	0
104	T	0.00000	8e-05	0.99992	0
105	L	0.00000	8e-05	0.99992	0
106	G	0.00000	8e-05	0.99992	0
107	I	0.00000	8e-05	0.99992	0
108	R	0.00014	0.00044	0.99941	0
109	E	0.00015	0.00429	0.99556	0
110	S	0.00015	0.00906	0.99079	0
111	R	0.00015	0.01712	0.98273	0
112	K	0.00016	0.01956	0.98027	0
113	E	0.00018	0.02187	0.97795	0
114	D	0.00018	0.02779	0.97202	0
115	E	0.00018	0.03309	0.96672	0
116	G	0.00016	0.04101	0.95883	0
117	W	0.00011	0.06361	0.93628	0
118	Y	0.00003	0.06933	0.93064	0
119	L	0.00001	0.07387	0.92612	0
120	M	0.00001	0.18388	0.81611	0
121	T	0.00001	0.86108	0.13892	0
122	L	0.00001	0.97685	0.02314	0
123	E	0.00001	0.99866	0.00133	0
124	K	0.00001	0.9995	0.00049	0
125	N	0.00000	0.99972	0.00028	0
126	V	0.00000	0.99972	0.00028	0
127	S	0.00000	0.99974	0.00026	0
128	V	0.00000	0.99974	0.00026	0
129	Q	0.00000	0.99974	0.00026	0
130	R	0.00000	0.99974	0.00026	0
131	F	0.00000	0.99974	0.00026	0
132	C	0.00000	0.99974	0.00026	0
133	L	0.00000	0.99972	0.00028	0
134	Q	0.00000	0.99968	0.00032	0
135	L	0.00000	0.99968	0.00031	0
136	R	0.00000	0.99968	0.00031	0
137	L	0.00001	0.99968	0.00031	0
138	Y	0.00002	0.99981	0.00017	0
139	E	0.00007	0.99986	0.00008	0
140	Q	0.00007	0.99965	0.00028	0
141	V	0.00007	0.99965	0.00028	0
142	S	0.00007	0.99965	0.00028	0
143	T	0.00007	0.99965	0.00027	0
144	P	0.00007	0.99965	0.00027	0
145	E	0.00007	0.99966	0.00027	0
146	I	0.00007	0.95413	0.04580	0
147	K	0.00007	0.93904	0.06088	0
148	V	0.00007	0.59755	0.40238	0
149	L	0.00007	0.00679	0.99314	0
150	N	0.00007	0.00679	0.99314	0
151	K	0.00007	0.00679	0.99314	0
152	T	0.00007	0.00679	0.99314	0
153	Q	0.00007	0.00679	0.99314	0
154	E	0.00007	0.00679	0.99314	0
155	N	0.00006	0.00614	0.99380	0
156	G	0.00003	0.00215	0.99782	0
157	T	0.00003	0.00148	0.99849	0
158	C	0.00006	0.00102	0.99892	0
159	T	0.00006	0.00012	0.99982	0
160	L	0.00006	0.00011	0.99983	0
161	I	0.00006	0.00011	0.99983	0
162	L	0.00019	0.00011	0.99970	0
163	G	0.00023	0.00011	0.99966	0
164	C	0.00026	0.00011	0.99963	0
165	T	0.00028	0.00011	0.99961	0
166	V	0.00029	0.00011	0.99961	0
167	E	0.00029	0.00011	0.99960	0
168	K	0.00038	0.00011	0.99951	0
169	G	0.00107	0.0001	0.99883	0
170	D	0.00650	5e-05	0.99345	0
171	H	0.71573	0	0.28427	0
172	V	0.97555	0	0.02445	0
173	A	0.99305	0	0.00695	0
174	Y	0.99310	0	0.00690	0
175	S	0.99748	0	0.00251	0
176	W	0.99760	5e-05	0.00235	0
177	S	0.99769	6e-05	0.00225	0
178	E	0.99779	7e-05	0.00214	0
179	K	0.99962	7e-05	0.00030	0
180	A	0.99951	7e-05	0.00042	0
181	G	0.99943	7e-05	0.00050	0
182	T	0.99850	7e-05	0.00142	0
183	H	0.99735	7e-05	0.00257	0
184	P	0.98689	7e-05	0.01304	0
185	L	0.95873	7e-05	0.04120	0
186	N	0.95818	7e-05	0.04174	0
187	P	0.95730	7e-05	0.04262	0
188	A	0.78592	7e-05	0.21400	0
189	N	0.71812	7e-05	0.28180	0
190	S	0.46046	7e-05	0.53947	0
191	S	0.21963	7e-05	0.78029	0
192	H	0.04679	7e-05	0.95314	0
193	L	0.00388	7e-05	0.99604	0
194	L	0.00032	8e-05	0.99961	0
195	S	0.00015	8e-05	0.99977	0
196	L	0.00014	8e-05	0.99979	0
197	T	0.00013	9e-05	0.99977	0
198	L	0.00013	9e-05	0.99978	0
199	G	0.00013	0.00017	0.99970	0
200	P	0.00013	0.00027	0.99960	0
201	Q	0.00013	0.00049	0.99938	0
202	H	0.00012	0.00073	0.99914	0
203	A	0.00011	0.00146	0.99843	0
204	D	0.00011	0.03624	0.96365	0
205	N	0.00008	0.03793	0.96199	0
206	I	0.00000	0.03926	0.96074	0
207	Y	0.00000	0.05531	0.94469	0
208	I	0.00000	0.07091	0.92909	0
209	C	0.00000	0.19427	0.80573	0
210	T	0.00000	0.29283	0.70717	0
211	V	0.00000	0.39069	0.60931	0
212	S	0.00000	0.85854	0.14146	0
213	N	0.00000	0.94217	0.05783	0
214	P	0.00000	0.95293	0.04707	0
215	I	0.00000	0.97102	0.02898	0
216	S	0.00000	0.99613	0.00387	0
217	N	0.00000	0.99975	0.00025	0
218	N	0.00000	0.99987	0.00013	0
219	S	0.00000	0.99987	0.00013	0
220	Q	0.00000	0.99987	0.00013	0
221	T	0.00000	0.99987	0.00013	0
222	F	0.00000	0.99987	0.00013	0
223	S	0.00000	0.99988	0.00012	0
224	P	0.00000	0.9999	0.00010	0
225	W	0.00000	0.99995	0.00005	0
226	P	0.00000	1	0.00000	0
227	G	0.00000	1	0.00000	0
228	C	0.00000	1	0.00000	0
229	R	0.00000	1	0.00000	0
230	T	0.00000	1	0.00000	0
231	D	0.00000	1	0.00000	0
232	P	0.00000	0.99997	0.00003	0
233	S	0.00000	0.99997	0.00003	0
234	E	0.00000	0.99995	0.00005	0
235	T	0.00000	0.99916	0.00084	0
236	K	0.00000	0.99681	0.00319	0
237	P	0.00000	0.91827	0.08173	0
238	W	0.00000	0.00223	0.99777	0
239	A	0.00000	0.00031	0.99969	0
240	V	0.00000	0.00019	0.99981	0
241	Y	0.00000	1e-05	0.99999	0
242	A	0.00000	0	1.00000	0
243	G	0.00000	0	1.00000	0
244	L	0.00000	0	1.00000	0
245	L	0.00000	0	1.00000	0
246	G	0.00000	0	1.00000	0
247	G	0.00000	0	1.00000	0
248	V	0.00000	0	1.00000	0
249	I	0.00000	0	1.00000	0
250	M	0.00000	0	1.00000	0
251	I	0.00000	0	1.00000	0
252	L	0.00000	0	1.00000	0
253	I	0.00000	0	1.00000	0
254	M	0.00000	0	1.00000	0
255	V	0.00000	0	1.00000	0
256	V	0.00000	0	1.00000	0
257	I	0.00003	0	0.99997	0
258	L	0.00453	0	0.99547	0
259	Q	0.29651	0	0.70349	0
260	L	0.34873	0	0.65127	0
261	R	0.94687	0	0.05313	0
262	R	0.99738	0	0.00262	0
263	R	0.99983	0	0.00017	0
264	G	0.99992	0	0.00008	0
265	K	1.00000	0	0.00000	0
266	T	1.00000	0	0.00000	0
267	N	1.00000	0	0.00000	0
268	H	1.00000	0	0.00000	0
269	Y	1.00000	0	0.00000	0
270	Q	1.00000	0	0.00000	0
271	T	1.00000	0	0.00000	0
272	T	1.00000	0	0.00000	0
273	V	1.00000	0	0.00000	0
274	E	1.00000	0	0.00000	0
275	K	1.00000	0	0.00000	0
276	K	0.99999	0	0.00001	0
277	S	0.99999	0	0.00001	0
278	L	0.99988	0	0.00012	0
279	T	0.99988	0	0.00012	0
280	I	0.99987	0	0.00013	0
281	Y	0.99987	0	0.00013	0
282	A	0.99987	0	0.00013	0
283	Q	0.99987	0	0.00013	0
284	V	0.99987	0	0.00013	0
285	Q	0.99987	0	0.00013	0
286	K	0.99987	0	0.00013	0
287	P	0.99987	0	0.00013	0
288	G	0.99982	0	0.00018	0
289	P	0.99980	0	0.00020	0
290	L	0.00000	0	1.00000	0
291	Q	0.00000	0	1.00000	0
292	K	0.00000	0	1.00000	0
293	K	0.00000	0	1.00000	0
294	L	0.00000	0	1.00000	0
295	D	0.00000	0	1.00000	0
296	S	0.00000	0	1.00000	0
297	F	0.00000	1e-05	0.99999	0
298	P	0.00000	2e-05	0.99998	0
299	A	0.00000	3e-05	0.99997	0
300	Q	0.00000	8e-05	0.99992	0
301	D	0.00000	0.00013	0.99987	0
302	P	0.00000	0.00013	0.99987	0
303	C	0.00000	0.00013	0.99987	0
304	T	0.00000	0.00012	0.99988	0
305	T	0.00000	0.00011	0.99989	0
306	I	0.00000	0.0001	0.99990	0
307	Y	0.00000	9e-05	0.99991	0
308	V	0.00000	1e-05	0.99999	0
309	A	0.00000	0.00317	0.99683	0
310	A	0.00000	0.07825	0.92175	0
311	T	0.00000	0.59022	0.40978	0
312	E	0.00000	0.9823	0.01770	0
313	P	0.00000	0.93246	0.06754	0
314	V	0.00000	0.09854	0.90146	0
315	P	0.00000	0.05451	0.94549	0
316	E	0.00000	4e-05	0.99996	0
317	S	0.00000	0	1.00000	0
318	V	0.00000	0	1.00000	0
319	Q	0.00000	0	1.00000	0
320	E	0.00000	0	1.00000	0
321	T	0.00000	0	1.00000	0
322	N	0.00000	0	1.00000	0
323	S	0.00000	0	1.00000	0
324	I	0.00000	0	1.00000	0
325	T	0.00000	0	1.00000	0
326	V	0.00000	0	1.00000	0
327	Y	0.00000	0	1.00000	0
328	A	0.00002	0	0.99998	0
329	S	0.00006	0	0.99994	0
330	V	0.00008	0	0.99992	0
331	T	0.00075	0	0.99925	0
332	L	0.00597	0	0.99403	0
333	P	0.05054	0	0.94946	0
334	E	0.99999	0	0.00001	0
335	S	1.00000	0	0.00000	0
