# UNNAMED
#pos	aa	i	o	M	S
1	M	0.00000	0.99819	0.00000	0.00181
2	L	0.00000	0.99819	0.00000	0.00181
3	P	0.00000	0.99819	0.00000	0.00181
4	P	0.00000	0.99819	0.00000	0.00181
5	G	0.00000	0.99819	0.00000	0.00181
6	S	0.00000	0.99819	0.00000	0.00181
7	N	0.00000	0.99819	0.00000	0.00181
8	G	0.00000	0.99819	0.00000	0.00181
9	T	0.00000	0.99819	0.00000	0.0018
10	A	0.00000	0.99819	0.00000	0.00181
11	Y	0.00000	0.99819	0.00000	0.00181
12	P	0.00000	0.99819	0.00000	0.00181
13	G	0.00000	0.99819	0.00000	0.00181
14	Q	0.00000	0.99819	0.00000	0.0018
15	F	0.00000	0.99819	0.00000	0.00181
16	A	0.00000	0.99819	0.00000	0.00181
17	L	0.00000	0.99819	0.00000	0.0018
18	Y	0.00000	0.99819	0.00000	0.00181
19	Q	0.00000	0.99819	0.00000	0.00181
20	Q	0.00000	0.99819	0.00000	0.00181
21	L	0.00000	0.9982	0.00000	0.0018
22	A	0.00000	0.9982	0.00000	0.0018
23	Q	0.00000	0.99821	0.00000	0.0018
24	G	0.00000	0.99837	0.00000	0.00163
25	N	0.00000	0.99905	0.00000	0.00095
26	A	0.00000	0.99905	0.00000	0.00095
27	V	0.00000	0.99905	0.00000	0.00095
28	G	0.00000	0.99905	0.00000	0.00095
29	G	0.00000	0.99905	0.00000	0.00095
30	S	0.00000	0.99972	0.00000	0.00028
31	A	0.00000	0.99977	0.00000	0.00023
32	G	0.00000	0.99981	0.00000	0.00019
33	A	0.00000	0.99999	0.00001	0
34	P	0.00000	0.99997	0.00003	0
35	P	0.00000	0.99991	0.00009	0
36	L	0.00000	0.9989	0.00110	0
37	G	0.00000	0.99751	0.00249	0
38	P	0.00000	0.99177	0.00823	0
39	S	0.00000	0.93347	0.06653	0
40	Q	0.00000	0.65702	0.34298	0
41	V	0.00000	0.38011	0.61989	0
42	V	0.00000	0.2878	0.71220	0
43	T	0.00000	0.26065	0.73935	0
44	A	0.00000	0.21894	0.78106	0
45	C	0.00000	0.19895	0.80105	0
46	L	0.00000	0.13091	0.86909	0
47	L	0.00000	0.09333	0.90667	0
48	T	0.00000	0.08171	0.91829	0
49	L	0.00000	0.00663	0.99337	0
50	L	0.00000	0.00028	0.99972	0
51	I	0.00000	1e-05	0.99999	0
52	I	0.00000	0	1.00000	0
53	W	0.00000	0	1.00000	0
54	T	0.00000	0	1.00000	0
55	L	0.00000	0	1.00000	0
56	L	0.00000	0	1.00000	0
57	G	0.00000	0	1.00000	0
58	N	0.00000	0	1.00000	0
59	V	0.00000	0	1.00000	0
60	L	0.00000	0	1.00000	0
61	V	0.00001	0	0.99999	0
62	C	0.00009	0	0.99991	0
63	A	0.00152	0	0.99848	0
64	A	0.01850	0	0.98150	0
65	I	0.04631	0	0.95369	0
66	V	0.30620	0	0.69380	0
67	R	0.93520	0	0.06480	0
68	S	0.97566	0	0.02434	0
69	R	0.99706	0	0.00294	0
70	H	0.99872	0	0.00128	0
71	L	0.99927	0	0.00073	0
72	R	0.99999	0	0.00001	0
73	A	0.99680	0	0.00320	0
74	N	0.97239	0	0.02761	0
75	M	0.90904	0	0.09096	0
76	T	0.78835	0	0.21165	0
77	N	0.15432	0	0.84568	0
78	V	0.06420	0	0.93580	0
79	F	0.00048	0	0.99952	0
80	I	0.00001	0	0.99999	0
81	V	0.00000	0	1.00000	0
82	S	0.00000	0	1.00000	0
83	L	0.00000	0	1.00000	0
84	A	0.00000	0	1.00000	0
85	V	0.00000	0	1.00000	0
86	S	0.00000	0	1.00000	0
87	D	0.00000	0	1.00000	0
88	L	0.00000	0	1.00000	0
89	F	0.00000	0	1.00000	0
90	V	0.00000	0	1.00000	0
91	A	0.00000	0	1.00000	0
92	L	0.00000	0	1.00000	0
93	L	0.00000	1e-05	0.99999	0
94	V	0.00000	0.00016	0.99984	0
95	M	0.00000	0.00108	0.99892	0
96	P	0.00000	0.01012	0.98988	0
97	W	0.00000	0.07814	0.92186	0
98	K	0.00000	0.42145	0.57855	0
99	A	0.00000	0.60261	0.39739	0
100	V	0.00000	0.76646	0.23354	0
101	A	0.00000	0.99981	0.00019	0
102	E	0.00000	1	0.00000	0
103	V	0.00000	1	0.00000	0
104	A	0.00000	1	0.00000	0
105	G	0.00000	1	0.00000	0
106	Y	0.00000	1	0.00000	0
107	W	0.00000	1	0.00000	0
108	P	0.00000	1	0.00000	0
109	F	0.00000	1	0.00000	0
110	G	0.00000	1	0.00000	0
111	A	0.00000	0.99999	0.00001	0
112	F	0.00000	0.99998	0.00002	0
113	C	0.00000	0.99997	0.00003	0
114	D	0.00000	0.99982	0.00018	0
115	V	0.00000	0.99783	0.00217	0
116	W	0.00000	0.81783	0.18217	0
117	V	0.00000	0.09622	0.90378	0
118	A	0.00000	0.0028	0.99720	0
119	F	0.00000	6e-05	0.99994	0
120	D	0.00000	2e-05	0.99998	0
121	I	0.00000	0	1.00000	0
122	M	0.00000	0	1.00000	0
123	C	0.00000	0	1.00000	0
124	S	0.00000	0	1.00000	0
125	T	0.00000	0	1.00000	0
126	A	0.00000	0	1.00000	0
127	S	0.00000	0	1.00000	0
128	I	0.00000	0	1.00000	0
129	L	0.00000	0	1.00000	0
130	N	0.00000	0	1.00000	0
131	L	0.00000	0	1.00000	0
132	C	0.00000	0	1.00000	0
133	V	0.00000	0	1.00000	0
134	I	0.00000	0	1.00000	0
135	S	0.00000	0	1.00000	0
136	V	0.00000	0	1.00000	0
137	D	0.00006	0	0.99994	0
138	R	0.11067	0	0.88933	0
139	Y	0.42871	0	0.57129	0
140	W	0.80008	0	0.19992	0
141	A	0.98726	0	0.01274	0
142	I	1.00000	0	0.00000	0
143	S	1.00000	0	0.00000	0
144	R	1.00000	0	0.00000	0
145	P	1.00000	0	0.00000	0
146	F	1.00000	0	0.00000	0
147	R	1.00000	0	0.00000	0
148	Y	1.00000	0	0.00000	0
149	K	1.00000	0	0.00000	0
150	R	1.00000	0	0.00000	0
151	K	1.00000	0	0.00000	0
152	M	0.99989	0	0.00011	0
153	T	0.99966	0	0.00034	0
154	Q	0.99809	0	0.00191	0
155	R	0.95008	0	0.04992	0
156	M	0.45844	0	0.54156	0
157	A	0.06782	0	0.93218	0
158	L	0.00560	0	0.99440	0
159	V	0.00031	0	0.99969	0
160	M	0.00003	0	0.99997	0
161	V	0.00000	0	1.00000	0
162	G	0.00000	0	1.00000	0
163	L	0.00000	0	1.00000	0
164	A	0.00000	0	1.00000	0
165	W	0.00000	0	1.00000	0
166	T	0.00000	0	1.00000	0
167	L	0.00000	0	1.00000	0
168	S	0.00000	0	1.00000	0
169	I	0.00000	0	1.00000	0
170	L	0.00000	0	1.00000	0
171	I	0.00000	0	1.00000	0
172	S	0.00000	0	1.00000	0
173	F	0.00000	1e-05	0.99999	0
174	I	0.00000	0.0003	0.99970	0
175	P	0.00000	0.01651	0.98349	0
176	V	0.00000	0.05417	0.94583	0
177	Q	0.00000	0.39721	0.60279	0
178	L	0.00000	0.51706	0.48294	0
179	N	0.00000	0.93429	0.06571	0
180	W	0.00000	0.96672	0.03328	0
181	H	0.00000	0.9966	0.00340	0
182	R	0.00000	0.99998	0.00002	0
183	D	0.00000	1	0.00000	0
184	Q	0.00000	1	0.00000	0
185	A	0.00000	1	0.00000	0
186	A	0.00000	1	0.00000	0
187	S	0.00000	1	0.00000	0
188	W	0.00000	1	0.00000	0
189	G	0.00000	1	0.00000	0
190	G	0.00000	1	0.00000	0
191	L	0.00000	1	0.00000	0
192	D	0.00000	1	0.00000	0
193	L	0.00000	1	0.00000	0
194	P	0.00000	1	0.00000	0
195	N	0.00000	1	0.00000	0
196	N	0.00000	1	0.00000	0
197	L	0.00000	1	0.00000	0
198	A	0.00000	1	0.00000	0
199	N	0.00000	1	0.00000	0
200	W	0.00000	1	0.00000	0
201	T	0.00000	1	0.00000	0
202	P	0.00000	1	0.00000	0
203	W	0.00000	1	0.00000	0
204	E	0.00000	1	0.00000	0
205	E	0.00000	1	0.00000	0
206	D	0.00000	1	0.00000	0
207	F	0.00000	1	0.00000	0
208	W	0.00000	1	0.00000	0
209	E	0.00000	1	0.00000	0
210	P	0.00000	1	0.00000	0
211	D	0.00000	1	0.00000	0
212	V	0.00000	1	0.00000	0
213	N	0.00000	1	0.00000	0
214	A	0.00000	1	0.00000	0
215	E	0.00000	1	0.00000	0
216	N	0.00000	1	0.00000	0
217	C	0.00000	1	0.00000	0
218	D	0.00000	1	0.00000	0
219	S	0.00000	0.99976	0.00024	0
220	S	0.00000	0.99812	0.00188	0
221	L	0.00000	0.99443	0.00557	0
222	N	0.00000	0.99411	0.00589	0
223	R	0.00000	0.95785	0.04215	0
224	T	0.00000	0.54082	0.45918	0
225	Y	0.00000	0.01903	0.98097	0
226	A	0.00000	0.01083	0.98917	0
227	I	0.00000	0.0076	0.99240	0
228	S	0.00000	0.00107	0.99893	0
229	S	0.00000	0.0009	0.99910	0
230	S	0.00000	8e-05	0.99992	0
231	L	0.00000	3e-05	0.99997	0
232	I	0.00000	0	1.00000	0
233	S	0.00000	0	1.00000	0
234	F	0.00000	0	1.00000	0
235	Y	0.00000	0	1.00000	0
236	I	0.00000	0	1.00000	0
237	P	0.00000	0	1.00000	0
238	V	0.00000	0	1.00000	0
239	A	0.00000	0	1.00000	0
240	I	0.00000	0	1.00000	0
241	M	0.00000	0	1.00000	0
242	I	0.00000	0	1.00000	0
243	V	0.00015	0	0.99985	0
244	T	0.00176	0	0.99824	0
245	Y	0.00414	0	0.99586	0
246	T	0.07745	0	0.92255	0
247	R	0.17821	0	0.82179	0
248	I	0.18842	0	0.81158	0
249	Y	0.25243	0	0.74757	0
250	R	0.96442	0	0.03558	0
251	I	0.97001	0	0.02999	0
252	A	0.99977	0	0.00023	0
253	Q	0.99999	0	0.00001	0
254	V	1.00000	0	0.00000	0
255	Q	1.00000	0	0.00000	0
256	I	1.00000	0	0.00000	0
257	R	1.00000	0	0.00000	0
258	R	1.00000	0	0.00000	0
259	I	1.00000	0	0.00000	0
260	S	1.00000	0	0.00000	0
261	S	1.00000	0	0.00000	0
262	L	1.00000	0	0.00000	0
263	E	1.00000	0	0.00000	0
264	R	1.00000	0	0.00000	0
265	A	1.00000	0	0.00000	0
266	A	1.00000	0	0.00000	0
267	E	1.00000	0	0.00000	0
268	H	1.00000	0	0.00000	0
269	A	1.00000	0	0.00000	0
270	Q	1.00000	0	0.00000	0
271	S	1.00000	0	0.00000	0
272	C	1.00000	0	0.00000	0
273	R	1.00000	0	0.00000	0
274	S	1.00000	0	0.00000	0
275	S	1.00000	0	0.00000	0
276	A	1.00000	0	0.00000	0
277	A	1.00000	0	0.00000	0
278	C	1.00000	0	0.00000	0
279	A	1.00000	0	0.00000	0
280	P	1.00000	0	0.00000	0
281	D	1.00000	0	0.00000	0
282	T	1.00000	0	0.00000	0
283	S	1.00000	0	0.00000	0
284	L	1.00000	0	0.00000	0
285	R	1.00000	0	0.00000	0
286	A	1.00000	0	0.00000	0
287	S	1.00000	0	0.00000	0
288	I	1.00000	0	0.00000	0
289	K	1.00000	0	0.00000	0
290	K	1.00000	0	0.00000	0
291	E	1.00000	0	0.00000	0
292	T	0.93871	0	0.06129	0
293	K	0.93719	0	0.06281	0
294	V	0.29233	0	0.70767	0
295	L	0.25792	0	0.74208	0
296	K	0.25757	0	0.74243	0
297	T	0.22293	0	0.77707	0
298	L	0.00575	0	0.99425	0
299	S	0.00152	0	0.99848	0
300	V	0.00089	0	0.99911	0
301	I	0.00008	0	0.99992	0
302	M	0.00000	0	1.00000	0
303	G	0.00000	0	1.00000	0
304	V	0.00000	0	1.00000	0
305	F	0.00000	0	1.00000	0
306	V	0.00000	0	1.00000	0
307	C	0.00000	0	1.00000	0
308	C	0.00000	0	1.00000	0
309	W	0.00000	0	1.00000	0
310	L	0.00000	0	1.00000	0
311	P	0.00000	0	1.00000	0
312	F	0.00000	0	1.00000	0
313	F	0.00000	1e-05	0.99999	0
314	I	0.00000	0.00231	0.99769	0
315	L	0.00000	0.02886	0.97114	0
316	N	0.00000	0.28072	0.71928	0
317	C	0.00000	0.38737	0.61263	0
318	M	0.00000	0.40039	0.59961	0
319	V	0.00000	0.46951	0.53049	0
320	P	0.00000	0.64889	0.35111	0
321	F	0.00000	0.69484	0.30516	0
322	C	0.00000	0.85025	0.14975	0
323	S	0.00000	0.96908	0.03092	0
324	G	0.00000	0.99244	0.00756	0
325	H	0.00000	0.99757	0.00243	0
326	P	0.00000	0.99963	0.00037	0
327	E	0.00000	0.99993	0.00007	0
328	G	0.00000	0.99997	0.00003	0
329	P	0.00000	0.99997	0.00003	0
330	P	0.00000	0.99997	0.00003	0
331	A	0.00000	0.99997	0.00003	0
332	G	0.00000	0.99997	0.00003	0
333	F	0.00000	0.99997	0.00003	0
334	P	0.00000	0.99997	0.00003	0
335	C	0.00000	0.99996	0.00004	0
336	V	0.00000	0.9999	0.00010	0
337	S	0.00001	0.99986	0.00013	0
338	E	0.00001	0.99967	0.00031	0
339	T	0.00001	0.99773	0.00225	0
340	T	0.00001	0.99481	0.00517	0
341	F	0.00001	0.98844	0.01154	0
342	D	0.00001	0.88385	0.11614	0
343	V	0.00001	0.12691	0.87308	0
344	F	0.00001	0.119	0.88099	0
345	V	0.00001	0.00656	0.99343	0
346	W	0.00002	0.00024	0.99974	0
347	F	0.00002	1e-05	0.99998	0
348	G	0.00002	1e-05	0.99997	0
349	W	0.00003	1e-05	0.99997	0
350	A	0.00003	1e-05	0.99997	0
351	N	0.00003	1e-05	0.99996	0
352	S	0.00003	1e-05	0.99996	0
353	S	0.00003	1e-05	0.99996	0
354	L	0.00003	1e-05	0.99996	0
355	N	0.00003	1e-05	0.99996	0
356	P	0.00003	0	0.99996	0
357	V	0.00003	0	0.99997	0
358	I	0.00003	0	0.99996	0
359	Y	0.00009	0	0.99991	0
360	A	0.00020	0	0.99980	0
361	F	0.00417	0	0.99582	0
362	N	0.22522	0	0.77478	0
363	A	0.39496	0	0.60504	0
364	D	0.75666	0	0.24334	0
365	F	0.79751	0	0.20249	0
366	Q	0.99248	0	0.00752	0
367	K	0.99999	0	0.00001	0
368	V	0.99999	0	0.00001	0
369	F	0.99999	0	0.00001	0
370	A	0.99999	0	0.00001	0
371	Q	0.99999	0	0.00001	0
372	L	0.99999	0	0.00001	0
373	L	0.99999	0	0.00001	0
374	G	0.99999	0	0.00001	0
375	C	0.99999	0	0.00001	0
376	S	0.99999	0	0.00001	0
377	H	0.99999	0	0.00000	0
378	F	1.00000	0	0.00000	0
379	C	1.00000	0	0.00000	0
380	S	1.00000	0	0.00000	0
381	R	1.00000	0	0.00000	0
382	T	1.00000	0	0.00000	0
383	P	1.00000	0	0.00000	0
384	V	1.00000	0	0.00000	0
385	E	1.00000	0	0.00000	0
386	T	1.00000	0	0.00000	0
387	V	1.00000	0	0.00000	0
388	N	1.00000	0	0.00000	0
389	I	1.00000	0	0.00000	0
390	S	1.00000	0	0.00000	0
391	N	1.00000	0	0.00000	0
392	E	1.00000	0	0.00000	0
393	L	1.00000	0	0.00000	0
394	I	1.00000	0	0.00000	0
395	S	1.00000	0	0.00000	0
396	Y	1.00000	0	0.00000	0
397	N	1.00000	0	0.00000	0
398	Q	1.00000	0	0.00000	0
399	D	1.00000	0	0.00000	0
400	I	1.00000	0	0.00000	0
401	V	1.00000	0	0.00000	0
402	F	1.00000	0	0.00000	0
403	H	1.00000	0	0.00000	0
404	K	1.00000	0	0.00000	0
405	E	1.00000	0	0.00000	0
406	I	1.00000	0	0.00000	0
407	A	1.00000	0	0.00000	0
408	A	1.00000	0	0.00000	0
409	A	1.00000	0	0.00000	0
410	Y	1.00000	0	0.00000	0
411	I	1.00000	0	0.00000	0
412	H	1.00000	0	0.00000	0
413	M	1.00000	0	0.00000	0
414	M	1.00000	0	0.00000	0
415	P	1.00000	0	0.00000	0
416	N	1.00000	0	0.00000	0
417	A	1.00000	0	0.00000	0
418	V	1.00000	0	0.00000	0
419	T	1.00000	0	0.00000	0
420	P	1.00000	0	0.00000	0
421	G	1.00000	0	0.00000	0
422	N	1.00000	0	0.00000	0
423	R	1.00000	0	0.00000	0
424	E	1.00000	0	0.00000	0
425	V	1.00000	0	0.00000	0
426	D	1.00000	0	0.00000	0
427	N	1.00000	0	0.00000	0
428	D	1.00000	0	0.00000	0
429	E	1.00000	0	0.00000	0
430	E	1.00000	0	0.00000	0
431	E	1.00000	0	0.00000	0
432	G	1.00000	0	0.00000	0
433	P	1.00000	0	0.00000	0
434	F	1.00000	0	0.00000	0
435	D	1.00000	0	0.00000	0
436	R	1.00000	0	0.00000	0
437	M	1.00000	0	0.00000	0
438	F	1.00000	0	0.00000	0
439	Q	1.00000	0	0.00000	0
440	I	1.00000	0	0.00000	0
441	Y	1.00000	0	0.00000	0
442	Q	1.00000	0	0.00000	0
443	T	1.00000	0	0.00000	0
444	S	1.00000	0	0.00000	0
445	P	1.00000	0	0.00000	0
446	D	1.00000	0	0.00000	0
447	G	1.00000	0	0.00000	0
448	D	1.00000	0	0.00000	0
449	P	1.00000	0	0.00000	0
450	V	1.00000	0	0.00000	0
451	A	1.00000	0	0.00000	0
452	E	1.00000	0	0.00000	0
453	S	1.00000	0	0.00000	0
454	V	1.00000	0	0.00000	0
455	W	1.00000	0	0.00000	0
456	E	1.00000	0	0.00000	0
457	L	1.00000	0	0.00000	0
458	D	1.00000	0	0.00000	0
459	C	1.00000	0	0.00000	0
460	E	1.00000	0	0.00000	0
461	G	1.00000	0	0.00000	0
462	E	1.00000	0	0.00000	0
463	I	1.00000	0	0.00000	0
464	S	1.00000	0	0.00000	0
465	L	1.00000	0	0.00000	0
466	D	1.00000	0	0.00000	0
467	K	1.00000	0	0.00000	0
468	I	1.00000	0	0.00000	0
469	T	1.00000	0	0.00000	0
470	P	1.00000	0	0.00000	0
471	F	1.00000	0	0.00000	0
472	T	1.00000	0	0.00000	0
473	P	1.00000	0	0.00000	0
474	N	1.00000	0	0.00000	0
475	G	1.00000	0	0.00000	0
476	F	1.00000	0	0.00000	0
477	H	1.00000	0	0.00000	0
