# UNNAMED
#pos	aa	i	o	M	S
1	M	0.00000	0.00291	0.00000	0.99709
2	E	0.00000	0.00291	0.00000	0.99708
3	K	0.00000	0.00291	0.00000	0.99709
4	K	0.00000	0.00291	0.00000	0.99709
5	C	0.00000	0.00291	0.00000	0.99709
6	T	0.00000	0.00291	0.00000	0.99709
7	L	0.00000	0.00291	0.00000	0.99709
8	N	0.00000	0.00291	0.00000	0.99709
9	F	0.00000	0.00291	0.00000	0.99708
10	L	0.00000	0.00291	0.00000	0.99709
11	V	0.00000	0.00291	0.00000	0.99709
12	L	0.00000	0.00291	0.00000	0.99709
13	L	0.00000	0.00291	0.00000	0.99709
14	P	0.00000	0.00291	0.00000	0.99709
15	F	0.00000	0.00291	0.00000	0.99709
16	F	0.00000	0.00291	0.00000	0.99709
17	M	0.00000	0.00291	0.00000	0.99709
18	I	0.00000	0.00291	0.00000	0.99708
19	L	0.00000	0.00291	0.00000	0.99709
20	V	0.00000	0.00291	0.00000	0.99708
21	T	0.00000	0.00291	0.00000	0.99709
22	A	0.00000	0.00291	0.00000	0.99708
23	E	0.00000	0.97687	0.00000	0.02314
24	L	0.00000	0.98109	0.00000	0.0189
25	E	0.00000	0.99903	0.00000	0.00097
26	E	0.00000	0.99903	0.00000	0.00097
27	S	0.00000	0.99998	0.00000	1e-05
28	P	0.00000	0.99999	0.00000	1e-05
29	E	0.00000	0.99999	0.00000	1e-05
30	D	0.00000	1	0.00000	0
31	S	0.00000	1	0.00000	0
32	I	0.00000	1	0.00000	0
33	Q	0.00000	1	0.00000	0
34	L	0.00000	1	0.00000	0
35	G	0.00000	1	0.00000	0
36	V	0.00000	1	0.00000	0
37	T	0.00000	1	0.00000	0
38	R	0.00000	1	0.00000	0
39	N	0.00000	1	0.00000	0
40	K	0.00000	1	0.00000	0
41	I	0.00000	1	0.00000	0
42	M	0.00000	1	0.00000	0
43	T	0.00000	1	0.00000	0
44	A	0.00000	1	0.00000	0
45	Q	0.00000	1	0.00000	0
46	Y	0.00000	1	0.00000	0
47	E	0.00000	1	0.00000	0
48	C	0.00000	1	0.00000	0
49	Y	0.00000	1	0.00000	0
50	Q	0.00000	1	0.00000	0
51	K	0.00000	1	0.00000	0
52	I	0.00000	1	0.00000	0
53	M	0.00000	1	0.00000	0
54	Q	0.00000	1	0.00000	0
55	D	0.00000	1	0.00000	0
56	P	0.00000	1	0.00000	0
57	I	0.00000	1	0.00000	0
58	Q	0.00000	1	0.00000	0
59	Q	0.00000	1	0.00000	0
60	A	0.00000	1	0.00000	0
61	E	0.00000	1	0.00000	0
62	G	0.00000	1	0.00000	0
63	V	0.00000	1	0.00000	0
64	Y	0.00000	1	0.00000	0
65	C	0.00000	1	0.00000	0
66	N	0.00000	1	0.00000	0
67	R	0.00000	1	0.00000	0
68	T	0.00000	1	0.00000	0
69	W	0.00000	1	0.00000	0
70	D	0.00000	1	0.00000	0
71	G	0.00000	1	0.00000	0
72	W	0.00000	1	0.00000	0
73	L	0.00000	1	0.00000	0
74	C	0.00000	1	0.00000	0
75	W	0.00000	1	0.00000	0
76	N	0.00000	1	0.00000	0
77	D	0.00000	1	0.00000	0
78	V	0.00000	1	0.00000	0
79	A	0.00000	1	0.00000	0
80	A	0.00000	1	0.00000	0
81	G	0.00000	1	0.00000	0
82	T	0.00000	1	0.00000	0
83	E	0.00000	1	0.00000	0
84	S	0.00000	1	0.00000	0
85	M	0.00000	1	0.00000	0
86	Q	0.00000	1	0.00000	0
87	L	0.00000	1	0.00000	0
88	C	0.00000	1	0.00000	0
89	P	0.00000	1	0.00000	0
90	D	0.00000	1	0.00000	0
91	Y	0.00000	1	0.00000	0
92	F	0.00000	1	0.00000	0
93	Q	0.00000	1	0.00000	0
94	D	0.00000	1	0.00000	0
95	F	0.00000	1	0.00000	0
96	D	0.00000	1	0.00000	0
97	P	0.00000	1	0.00000	0
98	S	0.00000	1	0.00000	0
99	E	0.00000	1	0.00000	0
100	K	0.00000	1	0.00000	0
101	V	0.00000	1	0.00000	0
102	T	0.00000	1	0.00000	0
103	K	0.00000	1	0.00000	0
104	I	0.00000	1	0.00000	0
105	C	0.00000	1	0.00000	0
106	D	0.00000	1	0.00000	0
107	Q	0.00000	1	0.00000	0
108	D	0.00000	1	0.00000	0
109	G	0.00000	1	0.00000	0
110	N	0.00000	1	0.00000	0
111	W	0.00000	1	0.00000	0
112	F	0.00000	1	0.00000	0
113	R	0.00000	1	0.00000	0
114	H	0.00000	1	0.00000	0
115	P	0.00000	1	0.00000	0
116	A	0.00000	1	0.00000	0
117	S	0.00000	1	0.00000	0
118	N	0.00000	1	0.00000	0
119	R	0.00000	1	0.00000	0
120	T	0.00000	1	0.00000	0
121	W	0.00000	1	0.00000	0
122	T	0.00000	1	0.00000	0
123	N	0.00000	1	0.00000	0
124	Y	0.00000	1	0.00000	0
125	T	0.00000	1	0.00000	0
126	Q	0.00000	1	0.00000	0
127	C	0.00000	1	0.00000	0
128	N	0.00000	1	0.00000	0
129	V	0.00000	1	0.00000	0
130	N	0.00000	1	0.00000	0
131	T	0.00000	1	0.00000	0
132	H	0.00000	1	0.00000	0
133	E	0.00000	1	0.00000	0
134	K	0.00000	1	0.00000	0
135	V	0.00000	0.99999	0.00001	0
136	K	0.00000	0.99999	0.00001	0
137	T	0.00000	0.99998	0.00002	0
138	A	0.00000	0.99993	0.00007	0
139	L	0.00000	0.99669	0.00331	0
140	N	0.00000	0.99446	0.00554	0
141	L	0.00000	0.84622	0.15378	0
142	F	0.00000	0.58226	0.41774	0
143	Y	0.00000	0.40217	0.59783	0
144	L	0.00000	0.37852	0.62148	0
145	T	0.00000	0.07524	0.92476	0
146	I	0.00000	0.00324	0.99676	0
147	I	0.00000	8e-05	0.99992	0
148	G	0.00000	3e-05	0.99997	0
149	H	0.00000	1e-05	0.99999	0
150	G	0.00000	0	1.00000	0
151	L	0.00000	0	1.00000	0
152	S	0.00000	0	1.00000	0
153	I	0.00000	0	1.00000	0
154	A	0.00000	0	1.00000	0
155	S	0.00000	0	1.00000	0
156	L	0.00000	0	1.00000	0
157	L	0.00000	0	1.00000	0
158	I	0.00000	0	1.00000	0
159	S	0.00000	0	1.00000	0
160	L	0.00000	0	1.00000	0
161	G	0.00000	0	1.00000	0
162	I	0.00000	0	1.00000	0
163	F	0.00003	0	0.99997	0
164	F	0.00026	0	0.99974	0
165	Y	0.00862	0	0.99138	0
166	F	0.04031	0	0.95969	0
167	K	0.97651	0	0.02349	0
168	S	0.99546	0	0.00454	0
169	L	0.99735	0	0.00265	0
170	S	0.99999	0	0.00001	0
171	C	1.00000	0	0.00000	0
172	Q	1.00000	0	0.00000	0
173	R	0.99997	0	0.00003	0
174	I	0.95464	0	0.04536	0
175	T	0.93166	0	0.06834	0
176	L	0.61879	0	0.38121	0
177	H	0.50021	0	0.49979	0
178	K	0.43512	0	0.56488	0
179	N	0.13151	0	0.86849	0
180	L	0.00408	0	0.99592	0
181	F	0.00015	0	0.99985	0
182	F	0.00004	0	0.99996	0
183	S	0.00001	0	0.99999	0
184	F	0.00000	0	1.00000	0
185	V	0.00000	0	1.00000	0
186	C	0.00000	0	1.00000	0
187	N	0.00000	0	1.00000	0
188	S	0.00000	0	1.00000	0
189	V	0.00000	0	1.00000	0
190	V	0.00000	0	1.00000	0
191	T	0.00000	0	1.00000	0
192	I	0.00000	0	1.00000	0
193	I	0.00000	0.00058	0.99942	0
194	H	0.00000	0.05971	0.94029	0
195	L	0.00000	0.06288	0.93712	0
196	T	0.00000	0.08469	0.91531	0
197	A	0.00000	0.11139	0.88861	0
198	V	0.00000	0.14324	0.85676	0
199	A	0.00000	0.21643	0.78357	0
200	N	0.00000	0.86295	0.13705	0
201	N	0.00000	0.94941	0.05059	0
202	Q	0.00000	0.95833	0.04167	0
203	A	0.00000	0.96341	0.03659	0
204	L	0.00000	0.96613	0.03387	0
205	V	0.00000	0.97311	0.02689	0
206	A	0.00000	0.98905	0.01095	0
207	T	0.00000	0.99994	0.00006	0
208	N	0.00000	1	0.00000	0
209	P	0.00000	1	0.00000	0
210	V	0.00000	1	0.00000	0
211	S	0.00000	1	0.00000	0
212	C	0.00000	1	0.00000	0
213	K	0.00000	0.99999	0.00001	0
214	V	0.00000	0.99683	0.00317	0
215	S	0.00000	0.98024	0.01976	0
216	Q	0.00000	0.92226	0.07774	0
217	F	0.00000	0.11291	0.88709	0
218	I	0.00000	0.0123	0.98770	0
219	H	0.00000	0.0026	0.99740	0
220	L	0.00000	1e-05	0.99999	0
221	Y	0.00000	0	1.00000	0
222	L	0.00000	0	1.00000	0
223	M	0.00000	0	1.00000	0
224	G	0.00000	0	1.00000	0
225	C	0.00000	0	1.00000	0
226	N	0.00000	0	1.00000	0
227	Y	0.00000	0	1.00000	0
228	F	0.00000	0	1.00000	0
229	W	0.00000	0	1.00000	0
230	M	0.00000	0	1.00000	0
231	L	0.00000	0	1.00000	0
232	C	0.00000	0	1.00000	0
233	E	0.00000	0	1.00000	0
234	G	0.00000	0	1.00000	0
235	I	0.00001	0	0.99999	0
236	Y	0.00017	0	0.99983	0
237	L	0.00602	0	0.99398	0
238	H	0.22763	0	0.77237	0
239	T	0.32478	0	0.67522	0
240	L	0.77631	0	0.22369	0
241	I	0.99788	0	0.00212	0
242	V	0.99981	0	0.00019	0
243	V	1.00000	0	0.00000	0
244	A	1.00000	0	0.00000	0
245	V	1.00000	0	0.00000	0
246	F	1.00000	0	0.00000	0
247	A	1.00000	0	0.00000	0
248	E	1.00000	0	0.00000	0
249	K	1.00000	0	0.00000	0
250	Q	1.00000	0	0.00000	0
251	H	0.99920	0	0.00080	0
252	L	0.76506	0	0.23494	0
253	M	0.59105	0	0.40895	0
254	W	0.03916	0	0.96084	0
255	Y	0.00198	0	0.99802	0
256	Y	0.00017	0	0.99983	0
257	F	0.00002	0	0.99998	0
258	L	0.00000	0	1.00000	0
259	G	0.00000	0	1.00000	0
260	W	0.00000	0	1.00000	0
261	G	0.00000	0	1.00000	0
262	F	0.00000	0	1.00000	0
263	P	0.00000	0	1.00000	0
264	L	0.00000	0	1.00000	0
265	I	0.00000	0	1.00000	0
266	P	0.00000	0	1.00000	0
267	A	0.00000	0	1.00000	0
268	C	0.00000	0	1.00000	0
269	I	0.00000	0	1.00000	0
270	H	0.00000	0	1.00000	0
271	A	0.00000	6e-05	0.99994	0
272	I	0.00000	0.00299	0.99701	0
273	A	0.00000	0.02236	0.97764	0
274	R	0.00000	0.91972	0.08028	0
275	S	0.00000	0.99454	0.00546	0
276	L	0.00000	0.99662	0.00338	0
277	Y	0.00000	0.99918	0.00082	0
278	Y	0.00000	0.99994	0.00006	0
279	N	0.00000	1	0.00000	0
280	D	0.00000	1	0.00000	0
281	N	0.00000	1	0.00000	0
282	C	0.00000	1	0.00000	0
283	W	0.00000	1	0.00000	0
284	I	0.00000	1	0.00000	0
285	S	0.00000	1	0.00000	0
286	S	0.00000	1	0.00000	0
287	D	0.00000	1	0.00000	0
288	T	0.00000	0.99988	0.00012	0
289	H	0.00000	0.99942	0.00058	0
290	L	0.00000	0.47115	0.52885	0
291	L	0.00000	0.12264	0.87736	0
292	Y	0.00000	0.00436	0.99564	0
293	I	0.00000	0.00284	0.99716	0
294	I	0.00000	0.00011	0.99989	0
295	H	0.00000	8e-05	0.99992	0
296	G	0.00000	2e-05	0.99998	0
297	P	0.00000	1e-05	0.99999	0
298	I	0.00000	0	1.00000	0
299	C	0.00000	0	1.00000	0
300	A	0.00000	0	1.00000	0
301	A	0.00000	0	1.00000	0
302	L	0.00000	0	1.00000	0
303	L	0.00000	0	1.00000	0
304	V	0.00000	0	1.00000	0
305	N	0.00000	0	1.00000	0
306	L	0.00000	0	1.00000	0
307	F	0.00000	0	1.00000	0
308	F	0.00000	0	1.00000	0
309	L	0.00000	0	1.00000	0
310	L	0.00002	0	0.99998	0
311	N	0.00218	0	0.99782	0
312	I	0.00447	0	0.99553	0
313	V	0.04825	0	0.95175	0
314	R	0.40656	0	0.59344	0
315	V	0.42803	0	0.57197	0
316	L	0.49202	0	0.50798	0
317	I	0.67560	0	0.32440	0
318	T	0.97533	0	0.02467	0
319	K	0.99999	0	0.00001	0
320	L	1.00000	0	0.00000	0
321	K	1.00000	0	0.00000	0
322	V	1.00000	0	0.00000	0
323	T	1.00000	0	0.00000	0
324	H	1.00000	0	0.00000	0
325	Q	1.00000	0	0.00000	0
326	A	1.00000	0	0.00000	0
327	E	1.00000	0	0.00000	0
328	S	1.00000	0	0.00000	0
329	N	0.99998	0	0.00002	0
330	L	0.99213	0	0.00787	0
331	Y	0.90571	0	0.09429	0
332	M	0.37138	0	0.62862	0
333	K	0.01414	0	0.98586	0
334	A	0.00846	0	0.99154	0
335	V	0.00446	0	0.99554	0
336	R	0.00437	0	0.99563	0
337	A	0.00011	0	0.99989	0
338	T	0.00000	0	1.00000	0
339	L	0.00000	0	1.00000	0
340	I	0.00000	0	1.00000	0
341	L	0.00000	0	1.00000	0
342	V	0.00000	0	1.00000	0
343	P	0.00000	0	1.00000	0
344	L	0.00000	0	1.00000	0
345	L	0.00000	0	1.00000	0
346	G	0.00000	0	1.00000	0
347	I	0.00000	0	1.00000	0
348	E	0.00000	0	1.00000	0
349	F	0.00000	0	1.00000	0
350	V	0.00000	1e-05	0.99999	0
351	L	0.00000	0.00023	0.99977	0
352	I	0.00000	0.01838	0.98162	0
353	P	0.00000	0.35112	0.64888	0
354	W	0.00000	0.5527	0.44730	0
355	R	0.00000	0.95079	0.04921	0
356	P	0.00000	0.98522	0.01478	0
357	E	0.00000	0.99843	0.00157	0
358	G	0.00000	0.99916	0.00084	0
359	K	0.00000	0.99997	0.00003	0
360	I	0.00000	0.99994	0.00006	0
361	A	0.00000	0.99987	0.00013	0
362	E	0.00000	0.99982	0.00018	0
363	E	0.00000	0.99917	0.00083	0
364	V	0.00000	0.99411	0.00589	0
365	Y	0.00000	0.98634	0.01366	0
366	D	0.00000	0.97557	0.02443	0
367	Y	0.00000	0.71479	0.28521	0
368	I	0.00000	0.23723	0.76277	0
369	M	0.00000	0.00693	0.99307	0
370	H	0.00000	0.00175	0.99825	0
371	I	0.00000	0.0001	0.99990	0
372	L	0.00000	1e-05	0.99999	0
373	M	0.00000	0	1.00000	0
374	H	0.00000	0	1.00000	0
375	F	0.00000	0	1.00000	0
376	Q	0.00000	0	1.00000	0
377	G	0.00000	0	1.00000	0
378	L	0.00000	0	1.00000	0
379	L	0.00000	0	1.00000	0
380	V	0.00000	0	1.00000	0
381	S	0.00000	0	1.00000	0
382	T	0.00000	0	1.00000	0
383	I	0.00001	0	0.99999	0
384	F	0.00002	0	0.99998	0
385	C	0.00026	0	0.99974	0
386	F	0.00048	0	0.99952	0
387	F	0.00727	0	0.99273	0
388	N	0.22304	0	0.77696	0
389	G	0.52051	0	0.47949	0
390	E	0.99972	0	0.00028	0
391	V	0.99973	0	0.00027	0
392	Q	0.99973	0	0.00027	0
393	A	0.99973	0	0.00027	0
394	I	0.99973	0	0.00027	0
395	L	0.99973	0	0.00027	0
396	R	1.00000	0	0.00000	0
397	R	1.00000	0	0.00000	0
398	N	1.00000	0	0.00000	0
399	W	1.00000	0	0.00000	0
400	N	1.00000	0	0.00000	0
401	Q	1.00000	0	0.00000	0
402	Y	1.00000	0	0.00000	0
403	K	1.00000	0	0.00000	0
404	I	1.00000	0	0.00000	0
405	Q	1.00000	0	0.00000	0
406	F	1.00000	0	0.00000	0
407	G	1.00000	0	0.00000	0
408	N	1.00000	0	0.00000	0
409	S	1.00000	0	0.00000	0
410	F	1.00000	0	0.00000	0
411	S	1.00000	0	0.00000	0
412	N	1.00000	0	0.00000	0
413	S	1.00000	0	0.00000	0
414	E	1.00000	0	0.00000	0
415	A	1.00000	0	0.00000	0
416	L	1.00000	0	0.00000	0
417	R	1.00000	0	0.00000	0
418	S	1.00000	0	0.00000	0
419	A	1.00000	0	0.00000	0
420	S	1.00000	0	0.00000	0
421	Y	1.00000	0	0.00000	0
422	T	1.00000	0	0.00000	0
423	V	1.00000	0	0.00000	0
424	S	1.00000	0	0.00000	0
425	T	1.00000	0	0.00000	0
426	I	1.00000	0	0.00000	0
427	S	1.00000	0	0.00000	0
428	D	1.00000	0	0.00000	0
429	G	1.00000	0	0.00000	0
430	P	1.00000	0	0.00000	0
431	G	1.00000	0	0.00000	0
432	Y	1.00000	0	0.00000	0
433	S	1.00000	0	0.00000	0
434	H	1.00000	0	0.00000	0
435	D	1.00000	0	0.00000	0
436	C	1.00000	0	0.00000	0
437	P	1.00000	0	0.00000	0
438	S	1.00000	0	0.00000	0
439	E	1.00000	0	0.00000	0
440	H	1.00000	0	0.00000	0
441	L	1.00000	0	0.00000	0
442	N	1.00000	0	0.00000	0
443	G	1.00000	0	0.00000	0
444	K	1.00000	0	0.00000	0
445	S	1.00000	0	0.00000	0
446	I	1.00000	0	0.00000	0
447	H	1.00000	0	0.00000	0
448	D	1.00000	0	0.00000	0
449	I	1.00000	0	0.00000	0
450	E	1.00000	0	0.00000	0
451	N	1.00000	0	0.00000	0
452	V	1.00000	0	0.00000	0
453	L	1.00000	0	0.00000	0
454	L	1.00000	0	0.00000	0
455	K	1.00000	0	0.00000	0
456	P	1.00000	0	0.00000	0
457	E	1.00000	0	0.00000	0
458	N	1.00000	0	0.00000	0
459	L	1.00000	0	0.00000	0
460	Y	1.00000	0	0.00000	0
461	N	1.00000	0	0.00000	0
