# UNNAMED
#pos	aa	i	o	M	S
1	M	0.00000	0.99972	0.00000	0.00028
2	N	0.00000	0.99972	0.00000	0.00028
3	S	0.00000	0.99972	0.00000	0.00028
4	T	0.00000	0.99972	0.00000	0.00028
5	L	0.00000	0.99972	0.00000	0.00028
6	F	0.00000	0.99972	0.00000	0.00028
7	S	0.00000	0.99972	0.00000	0.00028
8	Q	0.00000	0.99972	0.00000	0.00028
9	V	0.00000	0.99972	0.00000	0.00028
10	E	0.00000	0.99972	0.00000	0.00028
11	N	0.00000	0.99972	0.00000	0.00028
12	H	0.00000	0.99972	0.00000	0.00028
13	S	0.00000	0.99972	0.00000	0.00028
14	V	0.00000	1	0.00000	0
15	H	0.00000	1	0.00000	0
16	S	0.00000	1	0.00000	0
17	N	0.00000	1	0.00000	0
18	F	0.00000	1	0.00000	0
19	S	0.00000	1	0.00000	0
20	E	0.00000	1	0.00000	0
21	K	0.00000	1	0.00000	0
22	N	0.00000	1	0.00000	0
23	A	0.00000	1	0.00000	0
24	Q	0.00000	1	0.00000	0
25	L	0.00000	1	0.00000	0
26	L	0.00000	1	0.00000	0
27	A	0.00000	1	0.00000	0
28	F	0.00000	1	0.00000	0
29	E	0.00000	1	0.00000	0
30	N	0.00000	1	0.00000	0
31	D	0.00000	1	0.00000	0
32	D	0.00000	1	0.00000	0
33	C	0.00000	0.99998	0.00002	0
34	H	0.00000	0.99965	0.00035	0
35	L	0.00000	0.99905	0.00095	0
36	P	0.00000	0.99744	0.00256	0
37	L	0.00000	0.97902	0.02098	0
38	A	0.00000	0.94084	0.05916	0
39	M	0.00000	0.90177	0.09823	0
40	I	0.00000	0.71789	0.28211	0
41	F	0.00000	0.68976	0.31024	0
42	T	0.00000	0.6811	0.31890	0
43	L	0.00000	0.2503	0.74970	0
44	A	0.00000	0.13086	0.86914	0
45	L	0.00000	0.05955	0.94045	0
46	A	0.00000	0.02764	0.97236	0
47	Y	0.00000	0.00365	0.99635	0
48	G	0.00000	0.00035	0.99965	0
49	A	0.00000	0	1.00000	0
50	V	0.00000	0	1.00000	0
51	I	0.00000	0	1.00000	0
52	I	0.00000	0	1.00000	0
53	L	0.00000	0	1.00000	0
54	G	0.00000	0	1.00000	0
55	V	0.00000	0	1.00000	0
56	S	0.00000	0	1.00000	0
57	G	0.00000	0	1.00000	0
58	N	0.00000	0	1.00000	0
59	L	0.00000	0	1.00000	0
60	A	0.00000	0	1.00000	0
61	L	0.00000	0	1.00000	0
62	I	0.00000	0	1.00000	0
63	I	0.00001	0	0.99999	0
64	I	0.00111	0	0.99889	0
65	I	0.01733	0	0.98267	0
66	L	0.24581	0	0.75419	0
67	K	0.98842	0	0.01158	0
68	Q	0.99985	0	0.00015	0
69	K	1.00000	0	0.00000	0
70	E	1.00000	0	0.00000	0
71	M	1.00000	0	0.00000	0
72	R	1.00000	0	0.00000	0
73	N	0.99965	0	0.00035	0
74	V	0.99782	0	0.00218	0
75	T	0.98475	0	0.01525	0
76	N	0.85408	0	0.14592	0
77	I	0.09324	0	0.90676	0
78	L	0.00251	0	0.99749	0
79	I	0.00009	0	0.99991	0
80	V	0.00000	0	1.00000	0
81	N	0.00000	0	1.00000	0
82	L	0.00000	0	1.00000	0
83	S	0.00000	0	1.00000	0
84	F	0.00000	0	1.00000	0
85	S	0.00000	0	1.00000	0
86	D	0.00000	0	1.00000	0
87	L	0.00000	0	1.00000	0
88	L	0.00000	0	1.00000	0
89	V	0.00000	0	1.00000	0
90	A	0.00000	0	1.00000	0
91	I	0.00000	0	1.00000	0
92	M	0.00000	0	1.00000	0
93	C	0.00000	1e-05	0.99999	0
94	L	0.00000	1e-05	0.99999	0
95	P	0.00000	1e-05	0.99999	0
96	F	0.00000	5e-05	0.99995	0
97	T	0.00000	0.00028	0.99972	0
98	F	0.00000	0.0004	0.99960	0
99	V	0.00000	0.20351	0.79649	0
100	Y	0.00000	0.99946	0.00054	0
101	T	0.00000	0.99967	0.00033	0
102	L	0.00000	0.99972	0.00028	0
103	M	0.00000	0.99982	0.00018	0
104	D	0.00000	1	0.00000	0
105	H	0.00000	1	0.00000	0
106	W	0.00000	1	0.00000	0
107	V	0.00000	1	0.00000	0
108	F	0.00000	1	0.00000	0
109	G	0.00000	1	0.00000	0
110	E	0.00000	1	0.00000	0
111	A	0.00000	1	0.00000	0
112	M	0.00000	1	0.00000	0
113	C	0.00000	1	0.00000	0
114	K	0.00000	1	0.00000	0
115	L	0.00000	0.99921	0.00079	0
116	N	0.00000	0.99653	0.00347	0
117	P	0.00000	0.97548	0.02452	0
118	F	0.00000	0.04117	0.95883	0
119	V	0.00000	0.01724	0.98276	0
120	Q	0.00000	0.01155	0.98845	0
121	C	0.00000	0.00951	0.99049	0
122	V	0.00000	6e-05	0.99994	0
123	S	0.00000	1e-05	0.99999	0
124	I	0.00000	0	1.00000	0
125	T	0.00000	0	1.00000	0
126	V	0.00000	0	1.00000	0
127	S	0.00000	0	1.00000	0
128	I	0.00000	0	1.00000	0
129	F	0.00000	0	1.00000	0
130	S	0.00000	0	1.00000	0
131	L	0.00000	0	1.00000	0
132	V	0.00000	0	1.00000	0
133	L	0.00000	0	1.00000	0
134	I	0.00000	0	1.00000	0
135	A	0.00000	0	1.00000	0
136	V	0.00000	0	1.00000	0
137	E	0.00002	0	0.99998	0
138	R	0.00820	0	0.99180	0
139	H	0.27411	0	0.72589	0
140	Q	0.72877	0	0.27123	0
141	L	0.88540	0	0.11460	0
142	I	0.99759	0	0.00241	0
143	I	1.00000	0	0.00000	0
144	N	1.00000	0	0.00000	0
145	P	1.00000	0	0.00000	0
146	R	1.00000	0	0.00000	0
147	G	1.00000	0	0.00000	0
148	W	1.00000	0	0.00000	0
149	R	1.00000	0	0.00000	0
150	P	1.00000	0	0.00000	0
151	N	1.00000	0	0.00000	0
152	N	0.99998	0	0.00002	0
153	R	0.99871	0	0.00129	0
154	H	0.93709	0	0.06291	0
155	A	0.76820	0	0.23180	0
156	Y	0.47798	0	0.52202	0
157	V	0.18019	0	0.81981	0
158	G	0.07160	0	0.92840	0
159	I	0.00351	0	0.99649	0
160	A	0.00031	0	0.99969	0
161	V	0.00000	0	1.00000	0
162	I	0.00000	0	1.00000	0
163	W	0.00000	0	1.00000	0
164	V	0.00000	0	1.00000	0
165	L	0.00000	0	1.00000	0
166	A	0.00000	0	1.00000	0
167	V	0.00000	0	1.00000	0
168	A	0.00000	0	1.00000	0
169	S	0.00000	0	1.00000	0
170	S	0.00000	0	1.00000	0
171	L	0.00000	0	1.00000	0
172	P	0.00000	0	1.00000	0
173	F	0.00000	1e-05	0.99999	0
174	L	0.00000	0.00044	0.99956	0
175	I	0.00000	0.01142	0.98858	0
176	Y	0.00000	0.13487	0.86513	0
177	Q	0.00000	0.34057	0.65943	0
178	V	0.00000	0.41464	0.58536	0
179	M	0.00000	0.5383	0.46170	0
180	T	0.00000	0.90404	0.09596	0
181	D	0.00000	0.99998	0.00002	0
182	E	0.00000	1	0.00000	0
183	P	0.00000	1	0.00000	0
184	F	0.00000	1	0.00000	0
185	Q	0.00000	1	0.00000	0
186	N	0.00000	1	0.00000	0
187	V	0.00000	1	0.00000	0
188	T	0.00000	1	0.00000	0
189	L	0.00000	1	0.00000	0
190	D	0.00000	1	0.00000	0
191	A	0.00000	1	0.00000	0
192	Y	0.00000	1	0.00000	0
193	K	0.00000	1	0.00000	0
194	D	0.00000	1	0.00000	0
195	K	0.00000	1	0.00000	0
196	Y	0.00000	1	0.00000	0
197	V	0.00000	1	0.00000	0
198	C	0.00000	1	0.00000	0
199	F	0.00000	1	0.00000	0
200	D	0.00000	1	0.00000	0
201	Q	0.00000	1	0.00000	0
202	F	0.00000	1	0.00000	0
203	P	0.00000	1	0.00000	0
204	S	0.00000	1	0.00000	0
205	D	0.00000	1	0.00000	0
206	S	0.00000	0.99944	0.00056	0
207	H	0.00000	0.99653	0.00347	0
208	R	0.00000	0.98384	0.01616	0
209	L	0.00000	0.94125	0.05875	0
210	S	0.00000	0.92877	0.07123	0
211	Y	0.00000	0.89524	0.10476	0
212	T	0.00000	0.68983	0.31017	0
213	T	0.00000	0.65309	0.34691	0
214	L	0.00000	0.09614	0.90386	0
215	L	0.00000	0.00254	0.99746	0
216	L	0.00000	0.0011	0.99890	0
217	V	0.00000	3e-05	0.99997	0
218	L	0.00000	0	1.00000	0
219	Q	0.00000	0	1.00000	0
220	Y	0.00000	0	1.00000	0
221	F	0.00000	0	1.00000	0
222	G	0.00000	0	1.00000	0
223	P	0.00000	0	1.00000	0
224	L	0.00000	0	1.00000	0
225	C	0.00000	0	1.00000	0
226	F	0.00000	0	1.00000	0
227	I	0.00000	0	1.00000	0
228	F	0.00000	0	1.00000	0
229	I	0.00000	0	1.00000	0
230	C	0.00002	0	0.99998	0
231	Y	0.00025	0	0.99975	0
232	F	0.00372	0	0.99628	0
233	K	0.04073	0	0.95927	0
234	I	0.04312	0	0.95688	0
235	Y	0.05944	0	0.94056	0
236	I	0.31656	0	0.68344	0
237	R	0.90943	0	0.09057	0
238	L	0.97045	0	0.02955	0
239	K	0.99914	0	0.00086	0
240	R	0.99999	0	0.00001	0
241	R	1.00000	0	0.00000	0
242	N	1.00000	0	0.00000	0
243	N	1.00000	0	0.00000	0
244	M	1.00000	0	0.00000	0
245	M	1.00000	0	0.00000	0
246	D	1.00000	0	0.00000	0
247	K	1.00000	0	0.00000	0
248	M	1.00000	0	0.00000	0
249	R	1.00000	0	0.00000	0
250	D	1.00000	0	0.00000	0
251	N	1.00000	0	0.00000	0
252	K	1.00000	0	0.00000	0
253	Y	1.00000	0	0.00000	0
254	R	1.00000	0	0.00000	0
255	S	1.00000	0	0.00000	0
256	S	1.00000	0	0.00000	0
257	E	1.00000	0	0.00000	0
258	T	0.99988	0	0.00012	0
259	K	0.99083	0	0.00917	0
260	R	0.99017	0	0.00983	0
261	I	0.98612	0	0.01388	0
262	N	0.82662	0	0.17338	0
263	I	0.68501	0	0.31499	0
264	M	0.12697	0	0.87303	0
265	L	0.00567	0	0.99433	0
266	L	0.00012	0	0.99988	0
267	S	0.00008	0	0.99992	0
268	I	0.00001	0	0.99999	0
269	V	0.00000	0	1.00000	0
270	V	0.00000	0	1.00000	0
271	A	0.00000	0	1.00000	0
272	F	0.00000	0	1.00000	0
273	A	0.00000	0	1.00000	0
274	V	0.00000	0	1.00000	0
275	C	0.00000	0	1.00000	0
276	W	0.00000	0	1.00000	0
277	L	0.00000	0	1.00000	0
278	P	0.00000	0	1.00000	0
279	L	0.00000	0	1.00000	0
280	T	0.00000	1e-05	0.99999	0
281	I	0.00000	0.00017	0.99983	0
282	F	0.00000	0.00166	0.99834	0
283	N	0.00000	0.02272	0.97728	0
284	T	0.00000	0.03924	0.96076	0
285	V	0.00000	0.06061	0.93939	0
286	F	0.00000	0.16874	0.83126	0
287	D	0.00000	0.99582	0.00418	0
288	W	0.00000	0.99782	0.00218	0
289	N	0.00000	0.99965	0.00035	0
290	H	0.00000	0.99984	0.00016	0
291	Q	0.00000	0.99989	0.00011	0
292	I	0.00000	0.99988	0.00012	0
293	I	0.00000	0.99991	0.00009	0
294	A	0.00000	0.99994	0.00006	0
295	T	0.00000	0.99997	0.00003	0
296	C	0.00000	0.9999	0.00010	0
297	N	0.00000	0.99868	0.00132	0
298	H	0.00000	0.9899	0.01010	0
299	N	0.00000	0.88788	0.11212	0
300	L	0.00000	0.08143	0.91857	0
301	L	0.00000	0.01441	0.98559	0
302	F	0.00000	0.00407	0.99593	0
303	L	0.00000	0.00035	0.99965	0
304	L	0.00000	1e-05	0.99999	0
305	C	0.00000	0	1.00000	0
306	H	0.00000	0	1.00000	0
307	L	0.00000	0	1.00000	0
308	T	0.00000	0	1.00000	0
309	A	0.00000	0	1.00000	0
310	M	0.00000	0	1.00000	0
311	I	0.00000	0	1.00000	0
312	S	0.00000	0	1.00000	0
313	T	0.00000	0	1.00000	0
314	C	0.00000	0	1.00000	0
315	V	0.00000	0	1.00000	0
316	N	0.00001	0	0.99999	0
317	P	0.00001	0	0.99999	0
318	I	0.00001	0	0.99999	0
319	F	0.00003	0	0.99997	0
320	Y	0.00058	0	0.99942	0
321	G	0.00457	0	0.99543	0
322	F	0.01906	0	0.98094	0
323	L	0.29377	0	0.70623	0
324	N	0.97725	0	0.02275	0
325	K	1.00000	0	0.00000	0
326	N	1.00000	0	0.00000	0
327	F	1.00000	0	0.00000	0
328	Q	1.00000	0	0.00000	0
329	R	1.00000	0	0.00000	0
330	D	1.00000	0	0.00000	0
331	L	1.00000	0	0.00000	0
332	Q	1.00000	0	0.00000	0
333	F	1.00000	0	0.00000	0
334	F	1.00000	0	0.00000	0
335	F	1.00000	0	0.00000	0
336	N	1.00000	0	0.00000	0
337	F	1.00000	0	0.00000	0
338	C	1.00000	0	0.00000	0
339	D	1.00000	0	0.00000	0
340	F	1.00000	0	0.00000	0
341	R	1.00000	0	0.00000	0
342	S	1.00000	0	0.00000	0
343	R	1.00000	0	0.00000	0
344	D	1.00000	0	0.00000	0
345	D	1.00000	0	0.00000	0
346	D	1.00000	0	0.00000	0
347	Y	1.00000	0	0.00000	0
348	E	1.00000	0	0.00000	0
349	T	1.00000	0	0.00000	0
350	I	1.00000	0	0.00000	0
351	A	1.00000	0	0.00000	0
352	M	1.00000	0	0.00000	0
353	S	1.00000	0	0.00000	0
354	T	1.00000	0	0.00000	0
355	M	1.00000	0	0.00000	0
356	H	1.00000	0	0.00000	0
357	T	1.00000	0	0.00000	0
358	D	1.00000	0	0.00000	0
359	V	1.00000	0	0.00000	0
360	S	1.00000	0	0.00000	0
361	K	1.00000	0	0.00000	0
362	T	1.00000	0	0.00000	0
363	S	1.00000	0	0.00000	0
364	L	1.00000	0	0.00000	0
365	K	1.00000	0	0.00000	0
366	Q	1.00000	0	0.00000	0
367	A	1.00000	0	0.00000	0
368	S	1.00000	0	0.00000	0
369	P	1.00000	0	0.00000	0
370	V	1.00000	0	0.00000	0
371	A	1.00000	0	0.00000	0
372	F	1.00000	0	0.00000	0
373	K	1.00000	0	0.00000	0
374	K	1.00000	0	0.00000	0
375	I	1.00000	0	0.00000	0
376	N	1.00000	0	0.00000	0
377	N	1.00000	0	0.00000	0
378	N	1.00000	0	0.00000	0
379	D	1.00000	0	0.00000	0
380	D	1.00000	0	0.00000	0
381	N	1.00000	0	0.00000	0
382	E	1.00000	0	0.00000	0
383	K	1.00000	0	0.00000	0
384	I	1.00000	0	0.00000	0
