# UNNAMED
#pos	aa	i	o	M	S
1	M	0.00000	0.99995	0.00000	5e-05
2	E	0.00000	0.99995	0.00000	5e-05
3	K	0.00000	0.99995	0.00000	5e-05
4	S	0.00000	0.99995	0.00000	5e-05
5	N	0.00000	0.99995	0.00000	4e-05
6	N	0.00000	0.99995	0.00000	5e-05
7	S	0.00000	0.99995	0.00000	4e-05
8	T	0.00000	0.99995	0.00000	5e-05
9	L	0.00000	0.99995	0.00000	5e-05
10	F	0.00000	0.99995	0.00000	5e-05
11	I	0.00000	0.99995	0.00000	5e-05
12	L	0.00000	0.99995	0.00000	5e-05
13	L	0.00000	0.99995	0.00000	5e-05
14	G	0.00000	0.99995	0.00000	5e-05
15	F	0.00000	0.99995	0.00000	5e-05
16	S	0.00000	0.99995	0.00000	5e-05
17	Q	0.00000	0.99998	0.00000	2e-05
18	N	0.00000	0.99998	0.00000	2e-05
19	K	0.00000	0.99994	0.00004	2e-05
20	N	0.00000	0.99783	0.00215	2e-05
21	I	0.00000	0.98641	0.01357	2e-05
22	E	0.00000	0.9818	0.01819	2e-05
23	V	0.00000	0.76429	0.23571	1e-05
24	L	0.00000	0.69786	0.30213	1e-05
25	C	0.00000	0.6198	0.38018	1e-05
26	F	0.00000	0.23762	0.76238	0
27	V	0.00000	0.10599	0.89401	0
28	L	0.00000	0.10258	0.89742	0
29	F	0.00000	0.06067	0.93933	0
30	L	0.00000	0.05309	0.94691	0
31	F	0.00000	0.052	0.94800	0
32	C	0.00000	0.05183	0.94817	0
33	Y	0.00000	0.00365	0.99635	0
34	I	0.00000	6e-05	0.99994	0
35	A	0.00000	0	1.00000	0
36	I	0.00000	0	1.00000	0
37	W	0.00000	0	1.00000	0
38	M	0.00000	0	1.00000	0
39	G	0.00000	0	1.00000	0
40	N	0.00000	0	1.00000	0
41	L	0.00000	0	1.00000	0
42	L	0.00000	0	1.00000	0
43	I	0.00001	0	0.99999	0
44	M	0.00007	0	0.99993	0
45	I	0.00090	0	0.99910	0
46	S	0.10044	0	0.89956	0
47	I	0.14146	0	0.85854	0
48	T	0.73717	0	0.26283	0
49	C	0.83474	0	0.16526	0
50	T	0.93638	0	0.06362	0
51	Q	0.94696	0	0.05304	0
52	L	0.94850	0	0.05150	0
53	I	0.95250	0	0.04750	0
54	H	0.99354	0	0.00646	0
55	Q	0.99995	0	0.00005	0
56	P	1.00000	0	0.00000	0
57	M	0.93951	0	0.06049	0
58	Y	0.70580	0	0.29420	0
59	F	0.12881	0	0.87119	0
60	F	0.00518	0	0.99482	0
61	L	0.00106	0	0.99894	0
62	N	0.00008	0	0.99992	0
63	Y	0.00000	0	1.00000	0
64	L	0.00000	0	1.00000	0
65	S	0.00000	0	1.00000	0
66	L	0.00000	0	1.00000	0
67	S	0.00000	0	1.00000	0
68	D	0.00000	0	1.00000	0
69	L	0.00000	0	1.00000	0
70	C	0.00000	0	1.00000	0
71	Y	0.00000	0	1.00000	0
72	T	0.00000	0	1.00000	0
73	S	0.00000	0	1.00000	0
74	T	0.00000	0	1.00000	0
75	V	0.00000	0	1.00000	0
76	T	0.00000	0.00016	0.99984	0
77	P	0.00000	0.0005	0.99950	0
78	K	0.00000	0.00334	0.99666	0
79	L	0.00000	0.01176	0.98824	0
80	M	0.00000	0.06486	0.93514	0
81	V	0.00000	0.27729	0.72271	0
82	D	0.00000	0.99996	0.00004	0
83	L	0.00000	0.99999	0.00001	0
84	L	0.00000	0.99999	0.00001	0
85	A	0.00000	1	0.00000	0
86	E	0.00000	1	0.00000	0
87	R	0.00000	1	0.00000	0
88	K	0.00000	1	0.00000	0
89	T	0.00000	1	0.00000	0
90	I	0.00000	1	0.00000	0
91	S	0.00000	1	0.00000	0
92	Y	0.00000	1	0.00000	0
93	N	0.00000	1	0.00000	0
94	N	0.00000	0.99998	0.00002	0
95	C	0.00000	0.99463	0.00537	0
96	M	0.00000	0.74567	0.25433	0
97	I	0.00000	0.69352	0.30648	0
98	Q	0.00000	0.6848	0.31520	0
99	L	0.00000	0.28017	0.71983	0
100	F	0.00000	0.07645	0.92355	0
101	T	0.00000	0.03858	0.96142	0
102	T	0.00000	0.01079	0.98921	0
103	H	0.00000	0.001	0.99900	0
104	F	0.00000	0	1.00000	0
105	F	0.00000	0	1.00000	0
106	G	0.00000	0	1.00000	0
107	G	0.00000	0	1.00000	0
108	I	0.00000	0	1.00000	0
109	E	0.00000	0	1.00000	0
110	I	0.00000	0	1.00000	0
111	F	0.00000	0	1.00000	0
112	I	0.00000	0	1.00000	0
113	L	0.00000	0	1.00000	0
114	T	0.00000	0	1.00000	0
115	G	0.00000	0	1.00000	0
116	M	0.00000	0	1.00000	0
117	A	0.00000	0	1.00000	0
118	Y	0.00000	0	1.00000	0
119	D	0.00001	0	0.99999	0
120	R	0.00361	0	0.99639	0
121	Y	0.11920	0	0.88080	0
122	V	0.91480	0	0.08520	0
123	A	0.99400	0	0.00600	0
124	I	1.00000	0	0.00000	0
125	C	1.00000	0	0.00000	0
126	K	1.00000	0	0.00000	0
127	P	1.00000	0	0.00000	0
128	L	1.00000	0	0.00000	0
129	H	1.00000	0	0.00000	0
130	Y	1.00000	0	0.00000	0
131	T	1.00000	0	0.00000	0
132	I	1.00000	0	0.00000	0
133	I	1.00000	0	0.00000	0
134	M	1.00000	0	0.00000	0
135	S	1.00000	0	0.00000	0
136	R	1.00000	0	0.00000	0
137	Q	0.99997	0	0.00003	0
138	K	0.99555	0	0.00445	0
139	C	0.20444	0	0.79556	0
140	N	0.19394	0	0.80606	0
141	T	0.09688	0	0.90312	0
142	I	0.00444	0	0.99556	0
143	I	0.00008	0	0.99992	0
144	I	0.00003	0	0.99997	0
145	V	0.00000	0	1.00000	0
146	C	0.00000	0	1.00000	0
147	C	0.00000	0	1.00000	0
148	T	0.00000	0	1.00000	0
149	G	0.00000	0	1.00000	0
150	G	0.00000	0	1.00000	0
151	F	0.00000	0	1.00000	0
152	I	0.00000	0	1.00000	0
153	H	0.00000	0	1.00000	0
154	S	0.00000	0	1.00000	0
155	A	0.00000	0	1.00000	0
156	S	0.00000	0	1.00000	0
157	Q	0.00000	0.00013	0.99987	0
158	F	0.00000	0.00163	0.99837	0
159	L	0.00000	0.00816	0.99184	0
160	L	0.00000	0.12263	0.87737	0
161	T	0.00000	0.48643	0.51357	0
162	I	0.00000	0.64714	0.35286	0
163	F	0.00000	0.74658	0.25342	0
164	V	0.00000	0.88729	0.11271	0
165	P	0.00000	0.98652	0.01348	0
166	F	0.00000	0.99349	0.00651	0
167	C	0.00000	0.99988	0.00012	0
168	G	0.00000	1	0.00000	0
169	P	0.00000	1	0.00000	0
170	N	0.00000	1	0.00000	0
171	E	0.00000	1	0.00000	0
172	I	0.00000	1	0.00000	0
173	D	0.00000	1	0.00000	0
174	H	0.00000	1	0.00000	0
175	Y	0.00000	1	0.00000	0
176	F	0.00000	1	0.00000	0
177	C	0.00000	1	0.00000	0
178	D	0.00000	1	0.00000	0
179	V	0.00000	1	0.00000	0
180	Y	0.00000	1	0.00000	0
181	P	0.00000	1	0.00000	0
182	L	0.00000	1	0.00000	0
183	L	0.00000	1	0.00000	0
184	K	0.00000	1	0.00000	0
185	L	0.00000	1	0.00000	0
186	A	0.00000	0.99999	0.00001	0
187	C	0.00000	0.99998	0.00002	0
188	S	0.00000	0.99996	0.00004	0
189	N	0.00000	0.99692	0.00308	0
190	I	0.00000	0.99629	0.00371	0
191	H	0.00000	0.99572	0.00428	0
192	M	0.00000	0.96063	0.03937	0
193	I	0.00000	0.95694	0.04306	0
194	G	0.00000	0.94889	0.05111	0
195	L	0.00000	0.21757	0.78243	0
196	L	0.00000	0.04424	0.95576	0
197	V	0.00000	0.00035	0.99965	0
198	I	0.00000	0.00021	0.99979	0
199	A	0.00000	0.00017	0.99983	0
200	N	0.00000	0.00014	0.99986	0
201	S	0.00000	0.00012	0.99988	0
202	G	0.00000	3e-05	0.99997	0
203	L	0.00000	0	1.00000	0
204	I	0.00000	0	1.00000	0
205	A	0.00000	0	1.00000	0
206	L	0.00000	0	1.00000	0
207	V	0.00000	0	1.00000	0
208	T	0.00000	0	1.00000	0
209	F	0.00000	0	1.00000	0
210	V	0.00000	0	1.00000	0
211	V	0.00000	0	1.00000	0
212	L	0.00001	0	0.99999	0
213	L	0.00008	0	0.99992	0
214	L	0.00058	0	0.99942	0
215	S	0.00241	0	0.99759	0
216	Y	0.00264	0	0.99736	0
217	V	0.00362	0	0.99638	0
218	F	0.00714	0	0.99286	0
219	I	0.03397	0	0.96603	0
220	L	0.13391	0	0.86609	0
221	Y	0.69697	0	0.30303	0
222	T	0.96236	0	0.03764	0
223	I	0.98129	0	0.01871	0
224	R	0.99989	0	0.00011	0
225	A	0.99999	0	0.00001	0
226	Y	1.00000	0	0.00000	0
227	S	1.00000	0	0.00000	0
228	A	1.00000	0	0.00000	0
229	E	1.00000	0	0.00000	0
230	R	1.00000	0	0.00000	0
231	R	0.99959	0	0.00041	0
232	S	0.98122	0	0.01878	0
233	K	0.79098	0	0.20902	0
234	A	0.29547	0	0.70453	0
235	L	0.09152	0	0.90848	0
236	A	0.00192	0	0.99808	0
237	T	0.00127	0	0.99873	0
238	C	0.00125	0	0.99875	0
239	S	0.00112	0	0.99888	0
240	S	0.00087	0	0.99913	0
241	H	0.00051	0	0.99949	0
242	V	0.00014	0	0.99986	0
243	I	0.00000	0	1.00000	0
244	V	0.00000	0	1.00000	0
245	V	0.00000	0	1.00000	0
246	V	0.00000	0	1.00000	0
247	L	0.00000	0	1.00000	0
248	F	0.00000	0	1.00000	0
249	F	0.00000	0	1.00000	0
250	A	0.00000	0	1.00000	0
251	P	0.00000	0	1.00000	0
252	A	0.00000	0	1.00000	0
253	L	0.00000	5e-05	0.99995	0
254	F	0.00000	0.00098	0.99902	0
255	I	0.00000	0.01354	0.98646	0
256	Y	0.00000	0.07536	0.92464	0
257	I	0.00000	0.30647	0.69353	0
258	R	0.00000	0.94627	0.05373	0
259	P	0.00000	0.97711	0.02289	0
260	V	0.00000	0.98404	0.01596	0
261	T	0.00000	0.99757	0.00243	0
262	T	0.00000	0.99898	0.00102	0
263	F	0.00000	0.99951	0.00049	0
264	S	0.00000	0.99932	0.00068	0
265	E	0.00000	0.99557	0.00443	0
266	D	0.00000	0.98487	0.01513	0
267	K	0.00000	0.68951	0.31049	0
268	V	0.00000	0.02911	0.97089	0
269	F	0.00000	0.00018	0.99982	0
270	A	0.00000	0	1.00000	0
271	L	0.00000	0	1.00000	0
272	F	0.00000	0	1.00000	0
273	Y	0.00000	0	1.00000	0
274	T	0.00000	0	1.00000	0
275	I	0.00000	0	1.00000	0
276	I	0.00000	0	1.00000	0
277	A	0.00000	0	1.00000	0
278	P	0.00000	0	1.00000	0
279	M	0.00000	0	1.00000	0
280	F	0.00000	0	1.00000	0
281	N	0.00000	0	1.00000	0
282	P	0.00000	0	1.00000	0
283	L	0.00000	0	1.00000	0
284	I	0.00000	0	1.00000	0
285	Y	0.00000	0	1.00000	0
286	T	0.00010	0	0.99990	0
287	L	0.00982	0	0.99018	0
288	R	1.00000	0	0.00000	0
289	N	1.00000	0	0.00000	0
290	T	1.00000	0	0.00000	0
291	E	1.00000	0	0.00000	0
292	M	1.00000	0	0.00000	0
293	K	1.00000	0	0.00000	0
294	N	1.00000	0	0.00000	0
295	A	1.00000	0	0.00000	0
296	M	1.00000	0	0.00000	0
297	R	1.00000	0	0.00000	0
298	K	1.00000	0	0.00000	0
299	V	1.00000	0	0.00000	0
300	W	1.00000	0	0.00000	0
301	C	1.00000	0	0.00000	0
302	C	1.00000	0	0.00000	0
303	Q	1.00000	0	0.00000	0
304	I	1.00000	0	0.00000	0
305	L	1.00000	0	0.00000	0
306	L	1.00000	0	0.00000	0
307	K	1.00000	0	0.00000	0
308	R	1.00000	0	0.00000	0
309	N	1.00000	0	0.00000	0
310	Q	1.00000	0	0.00000	0
311	L	1.00000	0	0.00000	0
312	F	1.00000	0	0.00000	0
