# UNNAMED
#pos	aa	i	o	M	S
1	M	0.00000	0.99964	0.00000	0.00036
2	A	0.00000	0.99964	0.00000	0.00036
3	S	0.00000	0.99964	0.00000	0.00036
4	P	0.00000	0.99964	0.00000	0.00036
5	S	0.00000	0.99964	0.00000	0.00036
6	L	0.00000	0.99964	0.00000	0.00036
7	P	0.00000	0.99964	0.00000	0.00036
8	G	0.00000	0.99964	0.00000	0.00036
9	S	0.00000	0.99964	0.00000	0.00036
10	D	0.00000	0.99964	0.00000	0.00036
11	C	0.00000	0.99964	0.00000	0.00036
12	S	0.00000	0.99964	0.00000	0.00036
13	Q	0.00000	0.99964	0.00000	0.00036
14	I	0.00000	1	0.00000	0
15	I	0.00000	1	0.00000	0
16	D	0.00000	1	0.00000	0
17	H	0.00000	1	0.00000	0
18	S	0.00000	1	0.00000	0
19	H	0.00000	1	0.00000	0
20	V	0.00000	1	0.00000	0
21	P	0.00000	1	0.00000	0
22	E	0.00000	1	0.00000	0
23	F	0.00000	1	0.00000	0
24	E	0.00000	1	0.00000	0
25	V	0.00000	0.99962	0.00038	0
26	A	0.00000	0.99765	0.00235	0
27	T	0.00000	0.99114	0.00886	0
28	W	0.00000	0.97407	0.02593	0
29	I	0.00000	0.97013	0.02987	0
30	K	0.00000	0.96833	0.03167	0
31	I	0.00000	0.89381	0.10619	0
32	T	0.00000	0.87917	0.12083	0
33	L	0.00000	0.28343	0.71657	0
34	I	0.00000	0.07888	0.92112	0
35	L	0.00000	0.0375	0.96250	0
36	V	0.00000	0.00935	0.99065	0
37	Y	0.00000	0.00119	0.99881	0
38	L	0.00000	0.00011	0.99989	0
39	I	0.00000	0	1.00000	0
40	I	0.00000	0	1.00000	0
41	F	0.00000	0	1.00000	0
42	V	0.00000	0	1.00000	0
43	M	0.00000	0	1.00000	0
44	G	0.00000	0	1.00000	0
45	L	0.00000	0	1.00000	0
46	L	0.00000	0	1.00000	0
47	G	0.00000	0	1.00000	0
48	N	0.00000	0	1.00000	0
49	S	0.00001	0	0.99999	0
50	A	0.00001	0	0.99999	0
51	T	0.00005	0	0.99995	0
52	I	0.00011	0	0.99989	0
53	R	0.01281	0	0.98719	0
54	V	0.02650	0	0.97350	0
55	T	0.51331	0	0.48669	0
56	Q	0.83573	0	0.16427	0
57	V	0.87589	0	0.12411	0
58	L	0.98200	0	0.01800	0
59	Q	0.99953	0	0.00047	0
60	K	0.99998	0	0.00002	0
61	K	1.00000	0	0.00000	0
62	G	0.99995	0	0.00005	0
63	Y	0.99953	0	0.00047	0
64	L	0.99924	0	0.00076	0
65	Q	0.99921	0	0.00079	0
66	K	0.99915	0	0.00085	0
67	E	0.96109	0	0.03891	0
68	V	0.35124	0	0.64876	0
69	T	0.20288	0	0.79712	0
70	D	0.12887	0	0.87113	0
71	H	0.00070	0	0.99930	0
72	M	0.00002	0	0.99998	0
73	V	0.00000	0	1.00000	0
74	S	0.00000	0	1.00000	0
75	L	0.00000	0	1.00000	0
76	A	0.00000	0	1.00000	0
77	C	0.00000	0	1.00000	0
78	S	0.00000	0	1.00000	0
79	D	0.00000	0	1.00000	0
80	I	0.00000	0	1.00000	0
81	L	0.00000	0	1.00000	0
82	V	0.00000	0	1.00000	0
83	F	0.00000	0	1.00000	0
84	L	0.00000	0	1.00000	0
85	I	0.00000	2e-05	0.99998	0
86	G	0.00000	0.00023	0.99977	0
87	M	0.00000	0.00219	0.99781	0
88	P	0.00000	0.02706	0.97294	0
89	M	0.00000	0.0944	0.90560	0
90	E	0.00000	0.84571	0.15429	0
91	F	0.00000	0.89163	0.10837	0
92	Y	0.00000	0.98039	0.01961	0
93	S	0.00000	0.99997	0.00003	0
94	I	0.00000	0.99997	0.00003	0
95	I	0.00000	0.99997	0.00003	0
96	W	0.00000	0.99999	0.00001	0
97	N	0.00000	1	0.00000	0
98	P	0.00000	1	0.00000	0
99	L	0.00000	1	0.00000	0
100	T	0.00000	1	0.00000	0
101	T	0.00000	1	0.00000	0
102	S	0.00000	1	0.00000	0
103	S	0.00000	1	0.00000	0
104	Y	0.00000	1	0.00000	0
105	T	0.00000	1	0.00000	0
106	L	0.00000	0.99999	0.00001	0
107	S	0.00000	0.99994	0.00006	0
108	C	0.00000	0.99976	0.00024	0
109	K	0.00000	0.99293	0.00707	0
110	L	0.00000	0.45682	0.54318	0
111	H	0.00000	1e-05	0.99999	0
112	T	0.00000	1e-05	0.99999	0
113	F	0.00000	1e-05	0.99999	0
114	L	0.00000	1e-05	0.99999	0
115	F	0.00000	1e-05	0.99999	0
116	E	0.00000	1e-05	0.99999	0
117	A	0.00000	0	1.00000	0
118	C	0.00000	0	1.00000	0
119	S	0.00000	0	1.00000	0
120	Y	0.00000	0	1.00000	0
121	A	0.00000	0	1.00000	0
122	T	0.00000	0	1.00000	0
123	L	0.00000	0	1.00000	0
124	L	0.00000	0	1.00000	0
125	H	0.00000	0	1.00000	0
126	V	0.00000	0	1.00000	0
127	L	0.00000	0	1.00000	0
128	T	0.00000	0	1.00000	0
129	L	0.00000	0	1.00000	0
130	S	0.00000	0	1.00000	0
131	F	0.00000	0	1.00000	0
132	E	0.00010	0	0.99990	0
133	R	0.01881	0	0.98119	0
134	Y	0.37312	0	0.62688	0
135	I	0.90887	0	0.09113	0
136	A	0.99279	0	0.00721	0
137	I	0.99969	0	0.00031	0
138	C	1.00000	0	0.00000	0
139	H	1.00000	0	0.00000	0
140	P	1.00000	0	0.00000	0
141	F	1.00000	0	0.00000	0
142	R	1.00000	0	0.00000	0
143	Y	1.00000	0	0.00000	0
144	K	1.00000	0	0.00000	0
145	A	1.00000	0	0.00000	0
146	V	1.00000	0	0.00000	0
147	S	1.00000	0	0.00000	0
148	G	1.00000	0	0.00000	0
149	P	0.99970	0	0.00030	0
150	C	0.97473	0	0.02527	0
151	Q	0.97365	0	0.02635	0
152	V	0.78692	0	0.21308	0
153	K	0.76200	0	0.23800	0
154	L	0.16833	0	0.83167	0
155	L	0.10254	0	0.89746	0
156	I	0.00084	0	0.99916	0
157	G	0.00008	0	0.99992	0
158	F	0.00000	0	1.00000	0
159	V	0.00000	0	1.00000	0
160	W	0.00000	0	1.00000	0
161	V	0.00000	0	1.00000	0
162	T	0.00000	0	1.00000	0
163	S	0.00000	0	1.00000	0
164	A	0.00000	0	1.00000	0
165	L	0.00000	0	1.00000	0
166	V	0.00000	0	1.00000	0
167	A	0.00000	0	1.00000	0
168	L	0.00000	0	1.00000	0
169	P	0.00000	2e-05	0.99998	0
170	L	0.00000	7e-05	0.99993	0
171	L	0.00000	0.0006	0.99940	0
172	F	0.00000	0.00445	0.99555	0
173	A	0.00000	0.01814	0.98186	0
174	M	0.00000	0.05555	0.94445	0
175	G	0.00000	0.67512	0.32488	0
176	T	0.00000	0.88495	0.11505	0
177	E	0.00000	0.99648	0.00352	0
178	Y	0.00000	0.99885	0.00115	0
179	P	0.00000	0.99974	0.00026	0
180	L	0.00000	0.9998	0.00020	0
181	V	0.00000	0.99993	0.00007	0
182	N	0.00000	1	0.00000	0
183	V	0.00000	1	0.00000	0
184	P	0.00000	1	0.00000	0
185	S	0.00000	1	0.00000	0
186	H	0.00000	1	0.00000	0
187	R	0.00000	1	0.00000	0
188	G	0.00000	1	0.00000	0
189	L	0.00000	1	0.00000	0
190	T	0.00000	1	0.00000	0
191	C	0.00000	1	0.00000	0
192	N	0.00000	1	0.00000	0
193	R	0.00000	1	0.00000	0
194	S	0.00000	1	0.00000	0
195	S	0.00000	1	0.00000	0
196	T	0.00000	1	0.00000	0
197	R	0.00000	1	0.00000	0
198	H	0.00000	1	0.00000	0
199	H	0.00000	1	0.00000	0
200	E	0.00000	1	0.00000	0
201	Q	0.00000	1	0.00000	0
202	P	0.00000	1	0.00000	0
203	E	0.00000	1	0.00000	0
204	T	0.00000	1	0.00000	0
205	S	0.00000	1	0.00000	0
206	N	0.00000	1	0.00000	0
207	M	0.00000	1	0.00000	0
208	S	0.00000	1	0.00000	0
209	I	0.00000	1	0.00000	0
210	C	0.00000	1	0.00000	0
211	T	0.00000	0.99998	0.00002	0
212	N	0.00000	0.99998	0.00002	0
213	L	0.00000	0.99993	0.00007	0
214	S	0.00000	0.9999	0.00010	0
215	S	0.00000	0.99986	0.00014	0
216	R	0.00000	0.99783	0.00217	0
217	W	0.00000	0.61203	0.38797	0
218	T	0.00000	0.18193	0.81807	0
219	V	0.00000	0.14621	0.85379	0
220	F	0.00000	0.1303	0.86970	0
221	Q	0.00000	0.07245	0.92755	0
222	S	0.00000	0.0607	0.93930	0
223	S	0.00000	0.05253	0.94747	0
224	I	0.00000	0.01481	0.98519	0
225	F	0.00000	0.00722	0.99278	0
226	G	0.00000	0.00351	0.99649	0
227	A	0.00000	0.00199	0.99801	0
228	F	0.00000	9e-05	0.99991	0
229	V	0.00000	0	1.00000	0
230	V	0.00000	0	1.00000	0
231	Y	0.00000	0	1.00000	0
232	L	0.00000	0	1.00000	0
233	V	0.00000	0	1.00000	0
234	V	0.00000	0	1.00000	0
235	L	0.00000	0	1.00000	0
236	L	0.00002	0	0.99998	0
237	S	0.00003	0	0.99997	0
238	V	0.00004	0	0.99996	0
239	A	0.00019	0	0.99981	0
240	F	0.00063	0	0.99937	0
241	M	0.00813	0	0.99187	0
242	C	0.01841	0	0.98159	0
243	W	0.11588	0	0.88412	0
244	N	0.83245	0	0.16755	0
245	M	0.88538	0	0.11462	0
246	M	0.92359	0	0.07641	0
247	Q	0.96423	0	0.03577	0
248	V	0.96531	0	0.03469	0
249	L	0.96906	0	0.03094	0
250	M	0.98548	0	0.01452	0
251	K	0.99943	0	0.00057	0
252	S	0.99987	0	0.00013	0
253	Q	1.00000	0	0.00000	0
254	K	1.00000	0	0.00000	0
255	G	1.00000	0	0.00000	0
256	S	1.00000	0	0.00000	0
257	L	1.00000	0	0.00000	0
258	A	1.00000	0	0.00000	0
259	G	1.00000	0	0.00000	0
260	G	1.00000	0	0.00000	0
261	T	1.00000	0	0.00000	0
262	R	1.00000	0	0.00000	0
263	P	1.00000	0	0.00000	0
264	P	1.00000	0	0.00000	0
265	Q	1.00000	0	0.00000	0
266	L	1.00000	0	0.00000	0
267	R	1.00000	0	0.00000	0
268	K	1.00000	0	0.00000	0
269	S	1.00000	0	0.00000	0
270	E	1.00000	0	0.00000	0
271	S	1.00000	0	0.00000	0
272	E	1.00000	0	0.00000	0
273	E	1.00000	0	0.00000	0
274	S	0.99999	0	0.00001	0
275	R	0.99322	0	0.00678	0
276	T	0.99230	0	0.00770	0
277	A	0.99226	0	0.00774	0
278	R	0.99224	0	0.00776	0
279	R	0.99215	0	0.00785	0
280	Q	0.99213	0	0.00787	0
281	T	0.19504	0	0.80496	0
282	I	0.14252	0	0.85748	0
283	I	0.11562	0	0.88438	0
284	F	0.01773	0	0.98227	0
285	L	0.00155	0	0.99845	0
286	R	0.00006	0	0.99994	0
287	L	0.00003	0	0.99997	0
288	I	0.00000	0	1.00000	0
289	V	0.00000	0	1.00000	0
290	V	0.00000	0	1.00000	0
291	T	0.00000	0	1.00000	0
292	L	0.00000	0	1.00000	0
293	A	0.00000	0	1.00000	0
294	V	0.00000	1e-05	0.99999	0
295	C	0.00000	0.00024	0.99976	0
296	W	0.00000	0.00039	0.99961	0
297	M	0.00000	0.00088	0.99912	0
298	P	0.00000	0.0056	0.99440	0
299	N	0.00000	0.00696	0.99304	0
300	Q	0.00000	0.00858	0.99142	0
301	I	0.00000	0.03754	0.96246	0
302	R	0.00000	0.53961	0.46039	0
303	R	0.00000	0.58193	0.41807	0
304	I	0.00000	0.59008	0.40992	0
305	M	0.00000	0.62284	0.37716	0
306	A	0.00000	0.71908	0.28092	0
307	A	0.00000	0.97727	0.02273	0
308	A	0.00000	0.99843	0.00157	0
309	K	0.00000	0.99998	0.00002	0
310	P	0.00000	1	0.00000	0
311	K	0.00000	1	0.00000	0
312	H	0.00000	1	0.00000	0
313	D	0.00000	1	0.00000	0
314	W	0.00000	1	0.00000	0
315	T	0.00000	1	0.00000	0
316	R	0.00000	0.99999	0.00001	0
317	S	0.00000	0.99996	0.00004	0
318	Y	0.00000	0.99933	0.00067	0
319	F	0.00000	0.98933	0.01067	0
320	R	0.00000	0.97787	0.02213	0
321	A	0.00000	0.7898	0.21020	0
322	Y	0.00000	0.27054	0.72946	0
323	M	0.00000	0.05753	0.94247	0
324	I	0.00000	0.00941	0.99059	0
325	L	0.00000	0.00685	0.99315	0
326	L	0.00000	0.00291	0.99709	0
327	P	0.00000	0.00229	0.99771	0
328	F	0.00000	0.00031	0.99969	0
329	S	0.00000	0.00016	0.99984	0
330	E	0.00000	2e-05	0.99998	0
331	T	0.00000	0	1.00000	0
332	F	0.00000	0	1.00000	0
333	F	0.00000	0	1.00000	0
334	Y	0.00000	0	1.00000	0
335	L	0.00000	0	1.00000	0
336	S	0.00000	0	1.00000	0
337	S	0.00001	0	0.99999	0
338	V	0.00002	0	0.99998	0
339	I	0.00011	0	0.99989	0
340	N	0.00031	0	0.99969	0
341	P	0.00051	0	0.99949	0
342	L	0.00152	0	0.99848	0
343	L	0.00774	0	0.99226	0
344	Y	0.01355	0	0.98645	0
345	T	0.02334	0	0.97666	0
346	V	0.08116	0	0.91884	0
347	S	0.78079	0	0.21921	0
348	S	0.96534	0	0.03466	0
349	Q	0.99992	0	0.00008	0
350	Q	0.99998	0	0.00002	0
351	F	0.99999	0	0.00001	0
352	R	1.00000	0	0.00000	0
353	R	1.00000	0	0.00000	0
354	V	1.00000	0	0.00000	0
355	F	1.00000	0	0.00000	0
356	V	1.00000	0	0.00000	0
357	Q	1.00000	0	0.00000	0
358	V	1.00000	0	0.00000	0
359	L	1.00000	0	0.00000	0
360	C	1.00000	0	0.00000	0
361	C	1.00000	0	0.00000	0
362	R	1.00000	0	0.00000	0
363	L	1.00000	0	0.00000	0
364	S	1.00000	0	0.00000	0
365	L	1.00000	0	0.00000	0
366	Q	1.00000	0	0.00000	0
367	H	1.00000	0	0.00000	0
368	A	1.00000	0	0.00000	0
369	N	1.00000	0	0.00000	0
370	H	1.00000	0	0.00000	0
371	E	1.00000	0	0.00000	0
372	K	1.00000	0	0.00000	0
373	R	1.00000	0	0.00000	0
374	L	1.00000	0	0.00000	0
375	R	1.00000	0	0.00000	0
376	V	1.00000	0	0.00000	0
377	H	1.00000	0	0.00000	0
378	A	1.00000	0	0.00000	0
379	H	1.00000	0	0.00000	0
380	S	1.00000	0	0.00000	0
381	T	1.00000	0	0.00000	0
382	T	1.00000	0	0.00000	0
383	D	1.00000	0	0.00000	0
384	S	1.00000	0	0.00000	0
385	A	1.00000	0	0.00000	0
386	R	1.00000	0	0.00000	0
387	F	1.00000	0	0.00000	0
388	V	1.00000	0	0.00000	0
389	Q	1.00000	0	0.00000	0
390	R	1.00000	0	0.00000	0
391	P	1.00000	0	0.00000	0
392	L	1.00000	0	0.00000	0
393	L	1.00000	0	0.00000	0
394	F	1.00000	0	0.00000	0
395	A	1.00000	0	0.00000	0
396	S	1.00000	0	0.00000	0
397	R	1.00000	0	0.00000	0
398	R	1.00000	0	0.00000	0
399	Q	1.00000	0	0.00000	0
400	S	1.00000	0	0.00000	0
401	S	1.00000	0	0.00000	0
402	A	1.00000	0	0.00000	0
403	R	1.00000	0	0.00000	0
404	R	1.00000	0	0.00000	0
405	T	1.00000	0	0.00000	0
406	E	1.00000	0	0.00000	0
407	K	1.00000	0	0.00000	0
408	I	1.00000	0	0.00000	0
409	F	1.00000	0	0.00000	0
410	L	1.00000	0	0.00000	0
411	S	1.00000	0	0.00000	0
412	T	1.00000	0	0.00000	0
413	F	1.00000	0	0.00000	0
414	Q	1.00000	0	0.00000	0
415	S	1.00000	0	0.00000	0
416	E	1.00000	0	0.00000	0
417	A	1.00000	0	0.00000	0
418	E	1.00000	0	0.00000	0
419	P	1.00000	0	0.00000	0
420	Q	1.00000	0	0.00000	0
421	S	1.00000	0	0.00000	0
422	K	1.00000	0	0.00000	0
423	S	1.00000	0	0.00000	0
424	Q	1.00000	0	0.00000	0
425	S	1.00000	0	0.00000	0
426	L	1.00000	0	0.00000	0
427	S	1.00000	0	0.00000	0
428	L	1.00000	0	0.00000	0
429	E	1.00000	0	0.00000	0
430	S	1.00000	0	0.00000	0
431	L	1.00000	0	0.00000	0
432	E	1.00000	0	0.00000	0
433	P	1.00000	0	0.00000	0
434	N	1.00000	0	0.00000	0
435	S	1.00000	0	0.00000	0
436	G	1.00000	0	0.00000	0
437	A	1.00000	0	0.00000	0
438	K	1.00000	0	0.00000	0
439	P	1.00000	0	0.00000	0
440	A	1.00000	0	0.00000	0
441	N	1.00000	0	0.00000	0
442	S	1.00000	0	0.00000	0
443	A	1.00000	0	0.00000	0
444	A	1.00000	0	0.00000	0
445	E	1.00000	0	0.00000	0
446	N	1.00000	0	0.00000	0
447	G	1.00000	0	0.00000	0
448	F	1.00000	0	0.00000	0
449	Q	1.00000	0	0.00000	0
450	E	1.00000	0	0.00000	0
451	H	1.00000	0	0.00000	0
452	E	1.00000	0	0.00000	0
453	V	1.00000	0	0.00000	0
