# UNNAMED
#pos	aa	i	o	M	S
1	M	0.00000	0.99468	0.00000	0.00532
2	E	0.00000	0.99468	0.00000	0.00532
3	P	0.00000	0.99468	0.00000	0.00532
4	A	0.00000	0.99468	0.00000	0.00532
5	P	0.00000	0.99468	0.00000	0.00532
6	S	0.00000	0.99468	0.00000	0.00532
7	A	0.00000	0.99468	0.00000	0.00533
8	G	0.00000	0.99468	0.00000	0.00532
9	A	0.00000	0.99468	0.00000	0.00532
10	E	0.00000	0.99468	0.00000	0.00531
11	L	0.00000	0.99468	0.00000	0.00532
12	Q	0.00000	0.99468	0.00000	0.00532
13	P	0.00000	0.99468	0.00000	0.00532
14	P	0.00000	0.99468	0.00000	0.00532
15	L	0.00000	0.99468	0.00000	0.00532
16	F	0.00000	0.99468	0.00000	0.00532
17	A	0.00000	0.99468	0.00000	0.00532
18	N	0.00000	0.99728	0.00000	0.00272
19	A	0.00000	0.99728	0.00000	0.00272
20	S	0.00000	0.99728	0.00000	0.00272
21	D	0.00000	0.99734	0.00000	0.00266
22	A	0.00000	0.99734	0.00000	0.00265
23	Y	0.00000	1	0.00000	0
24	P	0.00000	1	0.00000	0
25	S	0.00000	1	0.00000	0
26	A	0.00000	1	0.00000	0
27	C	0.00000	1	0.00000	0
28	P	0.00000	1	0.00000	0
29	S	0.00000	1	0.00000	0
30	A	0.00000	1	0.00000	0
31	G	0.00000	1	0.00000	0
32	A	0.00000	1	0.00000	0
33	N	0.00000	1	0.00000	0
34	A	0.00000	1	0.00000	0
35	S	0.00000	1	0.00000	0
36	G	0.00000	1	0.00000	0
37	P	0.00000	1	0.00000	0
38	P	0.00000	1	0.00000	0
39	G	0.00000	1	0.00000	0
40	A	0.00000	1	0.00000	0
41	R	0.00000	1	0.00000	0
42	S	0.00000	0.99997	0.00003	0
43	A	0.00000	0.99978	0.00022	0
44	S	0.00000	0.99954	0.00046	0
45	S	0.00000	0.9982	0.00180	0
46	L	0.00000	0.97948	0.02052	0
47	A	0.00000	0.96188	0.03812	0
48	L	0.00000	0.90829	0.09171	0
49	A	0.00000	0.81448	0.18552	0
50	I	0.00000	0.71684	0.28316	0
51	A	0.00000	0.70383	0.29617	0
52	I	0.00000	0.07555	0.92445	0
53	T	0.00000	0.03688	0.96312	0
54	A	0.00000	0.01431	0.98569	0
55	L	0.00000	0.00053	0.99947	0
56	Y	0.00000	6e-05	0.99994	0
57	S	0.00000	3e-05	0.99997	0
58	A	0.00000	0	1.00000	0
59	V	0.00000	0	1.00000	0
60	C	0.00000	0	1.00000	0
61	A	0.00000	0	1.00000	0
62	V	0.00000	0	1.00000	0
63	G	0.00000	0	1.00000	0
64	L	0.00000	0	1.00000	0
65	L	0.00000	0	1.00000	0
66	G	0.00000	0	1.00000	0
67	N	0.00000	0	1.00000	0
68	V	0.00000	0	1.00000	0
69	L	0.00000	0	1.00000	0
70	V	0.00001	0	0.99999	0
71	M	0.00006	0	0.99994	0
72	F	0.00058	0	0.99942	0
73	G	0.03743	0	0.96257	0
74	I	0.06152	0	0.93848	0
75	V	0.33514	0	0.66486	0
76	R	0.97905	0	0.02095	0
77	Y	0.98932	0	0.01068	0
78	T	0.99776	0	0.00224	0
79	K	0.99999	0	0.00001	0
80	M	1.00000	0	0.00000	0
81	K	1.00000	0	0.00000	0
82	T	0.99999	0	0.00001	0
83	A	0.99903	0	0.00097	0
84	T	0.98203	0	0.01797	0
85	N	0.75704	0	0.24296	0
86	I	0.04584	0	0.95416	0
87	Y	0.00083	0	0.99917	0
88	I	0.00002	0	0.99998	0
89	F	0.00000	0	1.00000	0
90	N	0.00000	0	1.00000	0
91	L	0.00000	0	1.00000	0
92	A	0.00000	0	1.00000	0
93	L	0.00000	0	1.00000	0
94	A	0.00000	0	1.00000	0
95	D	0.00000	0	1.00000	0
96	A	0.00000	0	1.00000	0
97	L	0.00000	0	1.00000	0
98	A	0.00000	0	1.00000	0
99	T	0.00000	0	1.00000	0
100	S	0.00000	0	1.00000	0
101	T	0.00000	0	1.00000	0
102	L	0.00000	0	1.00000	0
103	P	0.00000	7e-05	0.99993	0
104	F	0.00000	0.00229	0.99771	0
105	Q	0.00000	0.06499	0.93501	0
106	S	0.00000	0.42562	0.57438	0
107	A	0.00000	0.60154	0.39846	0
108	K	0.00000	0.99979	0.00021	0
109	Y	0.00000	0.99989	0.00011	0
110	L	0.00000	0.99991	0.00009	0
111	M	0.00000	0.99992	0.00008	0
112	E	0.00000	1	0.00000	0
113	T	0.00000	1	0.00000	0
114	W	0.00000	1	0.00000	0
115	P	0.00000	1	0.00000	0
116	F	0.00000	1	0.00000	0
117	G	0.00000	1	0.00000	0
118	E	0.00000	1	0.00000	0
119	L	0.00000	1	0.00000	0
120	L	0.00000	1	0.00000	0
121	C	0.00000	1	0.00000	0
122	K	0.00000	1	0.00000	0
123	A	0.00000	0.99941	0.00059	0
124	V	0.00000	0.80815	0.19185	0
125	L	0.00000	0.48734	0.51266	0
126	S	0.00000	0.03905	0.96095	0
127	I	0.00000	0.00875	0.99125	0
128	D	0.00000	0.00637	0.99363	0
129	Y	0.00000	0.00033	0.99967	0
130	Y	0.00000	1e-05	0.99999	0
131	N	0.00000	1e-05	0.99999	0
132	M	0.00000	0	1.00000	0
133	F	0.00000	0	1.00000	0
134	T	0.00000	0	1.00000	0
135	S	0.00000	0	1.00000	0
136	I	0.00000	0	1.00000	0
137	F	0.00000	0	1.00000	0
138	T	0.00000	0	1.00000	0
139	L	0.00000	0	1.00000	0
140	T	0.00000	0	1.00000	0
141	M	0.00000	0	1.00000	0
142	M	0.00000	0	1.00000	0
143	S	0.00000	0	1.00000	0
144	V	0.00000	0	1.00000	0
145	D	0.00000	0	1.00000	0
146	R	0.00044	0	0.99956	0
147	Y	0.04533	0	0.95467	0
148	I	0.68273	0	0.31727	0
149	A	0.85556	0	0.14444	0
150	V	0.99996	0	0.00004	0
151	C	1.00000	0	0.00000	0
152	H	1.00000	0	0.00000	0
153	P	1.00000	0	0.00000	0
154	V	1.00000	0	0.00000	0
155	K	1.00000	0	0.00000	0
156	A	1.00000	0	0.00000	0
157	L	1.00000	0	0.00000	0
158	D	1.00000	0	0.00000	0
159	F	1.00000	0	0.00000	0
160	R	1.00000	0	0.00000	0
161	T	1.00000	0	0.00000	0
162	P	1.00000	0	0.00000	0
163	A	0.99998	0	0.00002	0
164	K	0.99979	0	0.00021	0
165	A	0.94822	0	0.05178	0
166	K	0.91640	0	0.08360	0
167	L	0.16922	0	0.83078	0
168	I	0.00639	0	0.99361	0
169	N	0.00157	0	0.99843	0
170	I	0.00001	0	0.99999	0
171	C	0.00000	0	1.00000	0
172	I	0.00000	0	1.00000	0
173	W	0.00000	0	1.00000	0
174	V	0.00000	0	1.00000	0
175	L	0.00000	0	1.00000	0
176	A	0.00000	0	1.00000	0
177	S	0.00000	0	1.00000	0
178	G	0.00000	0	1.00000	0
179	V	0.00000	0	1.00000	0
180	G	0.00000	0	1.00000	0
181	V	0.00000	0	1.00000	0
182	P	0.00000	0	1.00000	0
183	I	0.00000	0	1.00000	0
184	M	0.00000	0	1.00000	0
185	V	0.00000	8e-05	0.99992	0
186	M	0.00000	0.00151	0.99849	0
187	A	0.00000	0.02391	0.97609	0
188	V	0.00000	0.2392	0.76080	0
189	T	0.00000	0.87163	0.12837	0
190	R	0.00000	0.99687	0.00313	0
191	P	0.00000	0.99983	0.00017	0
192	R	0.00000	1	0.00000	0
193	D	0.00000	1	0.00000	0
194	G	0.00000	1	0.00000	0
195	A	0.00000	1	0.00000	0
196	V	0.00000	1	0.00000	0
197	V	0.00000	1	0.00000	0
198	C	0.00000	1	0.00000	0
199	M	0.00000	1	0.00000	0
200	L	0.00000	1	0.00000	0
201	Q	0.00000	1	0.00000	0
202	F	0.00000	1	0.00000	0
203	P	0.00000	1	0.00000	0
204	S	0.00000	1	0.00000	0
205	P	0.00000	0.99996	0.00004	0
206	S	0.00000	0.99996	0.00004	0
207	W	0.00000	0.99996	0.00004	0
208	Y	0.00000	0.99995	0.00005	0
209	W	0.00000	0.9961	0.00390	0
210	D	0.00000	0.99609	0.00391	0
211	T	0.00000	0.95566	0.04434	0
212	V	0.00000	0.94671	0.05329	0
213	T	0.00000	0.94526	0.05474	0
214	K	0.00000	0.94373	0.05627	0
215	I	0.00000	0.70983	0.29017	0
216	C	0.00000	0.58036	0.41964	0
217	V	0.00000	0.23084	0.76916	0
218	F	0.00000	0.02181	0.97819	0
219	L	0.00000	0.009	0.99100	0
220	F	0.00000	1e-05	0.99999	0
221	A	0.00000	0	1.00000	0
222	F	0.00000	0	1.00000	0
223	V	0.00000	0	1.00000	0
224	V	0.00000	0	1.00000	0
225	P	0.00000	0	1.00000	0
226	I	0.00000	0	1.00000	0
227	L	0.00000	0	1.00000	0
228	I	0.00000	0	1.00000	0
229	I	0.00000	0	1.00000	0
230	T	0.00000	0	1.00000	0
231	V	0.00001	0	0.99999	0
232	C	0.00004	0	0.99996	0
233	Y	0.00033	0	0.99967	0
234	G	0.00313	0	0.99687	0
235	L	0.00492	0	0.99508	0
236	M	0.01860	0	0.98140	0
237	L	0.03297	0	0.96703	0
238	L	0.16475	0	0.83525	0
239	R	0.42425	0	0.57575	0
240	L	0.49343	0	0.50657	0
241	R	0.94265	0	0.05735	0
242	S	0.97746	0	0.02254	0
243	V	0.98327	0	0.01673	0
244	R	0.99998	0	0.00002	0
245	L	0.99999	0	0.00001	0
246	L	1.00000	0	0.00000	0
247	S	1.00000	0	0.00000	0
248	G	1.00000	0	0.00000	0
249	S	1.00000	0	0.00000	0
250	K	1.00000	0	0.00000	0
251	E	1.00000	0	0.00000	0
252	K	1.00000	0	0.00000	0
253	D	1.00000	0	0.00000	0
254	R	1.00000	0	0.00000	0
255	S	1.00000	0	0.00000	0
256	L	0.99901	0	0.00099	0
257	R	0.99592	0	0.00408	0
258	R	0.96461	0	0.03539	0
259	I	0.96163	0	0.03837	0
260	T	0.91032	0	0.08968	0
261	R	0.82943	0	0.17057	0
262	M	0.45865	0	0.54135	0
263	V	0.00931	0	0.99069	0
264	L	0.00058	0	0.99942	0
265	V	0.00034	0	0.99966	0
266	V	0.00004	0	0.99996	0
267	V	0.00000	0	1.00000	0
268	G	0.00000	0	1.00000	0
269	A	0.00000	0	1.00000	0
270	F	0.00000	0	1.00000	0
271	V	0.00000	0	1.00000	0
272	V	0.00000	0	1.00000	0
273	C	0.00000	0	1.00000	0
274	W	0.00000	0	1.00000	0
275	A	0.00000	0	1.00000	0
276	P	0.00000	0	1.00000	0
277	I	0.00000	0	1.00000	0
278	H	0.00000	0	1.00000	0
279	I	0.00000	3e-05	0.99997	0
280	F	0.00000	0.00026	0.99974	0
281	V	0.00000	0.00159	0.99841	0
282	I	0.00000	0.01485	0.98515	0
283	V	0.00000	0.11785	0.88215	0
284	W	0.00000	0.15638	0.84362	0
285	T	0.00000	0.23208	0.76792	0
286	L	0.00000	0.27771	0.72229	0
287	V	0.00000	0.50181	0.49819	0
288	D	0.00000	0.99738	0.00262	0
289	I	0.00000	0.99828	0.00172	0
290	D	0.00000	1	0.00000	0
291	R	0.00000	1	0.00000	0
292	R	0.00000	0.99999	0.00001	0
293	D	0.00000	0.99966	0.00034	0
294	P	0.00000	0.97978	0.02022	0
295	L	0.00000	0.63521	0.36479	0
296	V	0.00000	0.28457	0.71543	0
297	V	0.00000	0.14448	0.85552	0
298	A	0.00000	0.03364	0.96636	0
299	A	0.00000	0.01286	0.98714	0
300	L	0.00000	0.00167	0.99833	0
301	H	0.00000	0.00089	0.99911	0
302	L	0.00000	0	1.00000	0
303	C	0.00000	0	1.00000	0
304	I	0.00000	0	1.00000	0
305	A	0.00000	0	1.00000	0
306	L	0.00000	0	1.00000	0
307	G	0.00000	0	1.00000	0
308	Y	0.00000	0	1.00000	0
309	A	0.00000	0	1.00000	0
310	N	0.00000	0	1.00000	0
311	S	0.00000	0	1.00000	0
312	S	0.00000	0	1.00000	0
313	L	0.00000	0	1.00000	0
314	N	0.00000	0	1.00000	0
315	P	0.00001	0	0.99999	0
316	V	0.00013	0	0.99987	0
317	L	0.00118	0	0.99882	0
318	Y	0.01026	0	0.98974	0
319	A	0.05319	0	0.94681	0
320	F	0.11936	0	0.88064	0
321	L	0.92358	0	0.07642	0
322	D	0.99546	0	0.00454	0
323	E	1.00000	0	0.00000	0
324	N	1.00000	0	0.00000	0
325	F	1.00000	0	0.00000	0
326	K	1.00000	0	0.00000	0
327	R	1.00000	0	0.00000	0
328	C	1.00000	0	0.00000	0
329	F	1.00000	0	0.00000	0
330	R	1.00000	0	0.00000	0
331	Q	1.00000	0	0.00000	0
332	L	1.00000	0	0.00000	0
333	C	1.00000	0	0.00000	0
334	R	1.00000	0	0.00000	0
335	K	1.00000	0	0.00000	0
336	P	1.00000	0	0.00000	0
337	C	1.00000	0	0.00000	0
338	G	1.00000	0	0.00000	0
339	R	1.00000	0	0.00000	0
340	P	1.00000	0	0.00000	0
341	D	1.00000	0	0.00000	0
342	P	1.00000	0	0.00000	0
343	S	1.00000	0	0.00000	0
344	S	1.00000	0	0.00000	0
345	F	1.00000	0	0.00000	0
346	S	1.00000	0	0.00000	0
347	R	1.00000	0	0.00000	0
348	A	1.00000	0	0.00000	0
349	R	1.00000	0	0.00000	0
350	E	1.00000	0	0.00000	0
351	A	1.00000	0	0.00000	0
352	T	1.00000	0	0.00000	0
353	A	1.00000	0	0.00000	0
354	R	1.00000	0	0.00000	0
355	E	1.00000	0	0.00000	0
356	R	1.00000	0	0.00000	0
357	V	1.00000	0	0.00000	0
358	T	1.00000	0	0.00000	0
359	A	1.00000	0	0.00000	0
360	C	1.00000	0	0.00000	0
361	T	1.00000	0	0.00000	0
362	P	1.00000	0	0.00000	0
363	S	1.00000	0	0.00000	0
364	D	1.00000	0	0.00000	0
365	G	1.00000	0	0.00000	0
366	P	1.00000	0	0.00000	0
367	G	1.00000	0	0.00000	0
368	G	1.00000	0	0.00000	0
369	G	1.00000	0	0.00000	0
370	A	1.00000	0	0.00000	0
371	A	1.00000	0	0.00000	0
372	A	1.00000	0	0.00000	0
