# UNNAMED
#pos	aa	i	o	M	S
1	M	0.00000	1	0.00000	0
2	N	0.00000	1	0.00000	0
3	S	0.00000	1	0.00000	0
4	T	0.00000	1	0.00000	0
5	G	0.00000	1	0.00000	0
6	H	0.00000	1	0.00000	0
7	L	0.00000	1	0.00000	0
8	Q	0.00000	1	0.00000	0
9	D	0.00000	1	0.00000	0
10	A	0.00000	1	0.00000	0
11	P	0.00000	1	0.00000	0
12	N	0.00000	1	0.00000	0
13	A	0.00000	1	0.00000	0
14	T	0.00000	1	0.00000	0
15	S	0.00000	1	0.00000	0
16	L	0.00000	1	0.00000	0
17	H	0.00000	1	0.00000	0
18	V	0.00000	1	0.00000	0
19	P	0.00000	1	0.00000	0
20	H	0.00000	1	0.00000	0
21	S	0.00000	1	0.00000	0
22	Q	0.00000	1	0.00000	0
23	E	0.00000	1	0.00000	0
24	G	0.00000	1	0.00000	0
25	N	0.00000	1	0.00000	0
26	S	0.00000	1	0.00000	0
27	T	0.00000	1	0.00000	0
28	S	0.00000	1	0.00000	0
29	L	0.00000	1	0.00000	0
30	Q	0.00000	1	0.00000	0
31	E	0.00000	1	0.00000	0
32	G	0.00000	1	0.00000	0
33	L	0.00000	1	0.00000	0
34	Q	0.00000	1	0.00000	0
35	D	0.00000	1	0.00000	0
36	L	0.00000	0.96585	0.03415	0
37	I	0.00000	0.88656	0.11344	0
38	H	0.00000	0.8704	0.12960	0
39	T	0.00000	0.81833	0.18167	0
40	A	0.00000	0.67401	0.32599	0
41	T	0.00000	0.64671	0.35329	0
42	L	0.00000	0.57998	0.42002	0
43	V	0.00000	0.47055	0.52945	0
44	T	0.00000	0.43382	0.56618	0
45	C	0.00000	0.40819	0.59181	0
46	T	0.00000	0.22953	0.77047	0
47	F	0.00000	0.0813	0.91870	0
48	L	0.00000	0.02686	0.97314	0
49	L	0.00000	0.00059	0.99941	0
50	A	0.00000	6e-05	0.99994	0
51	V	0.00000	0	1.00000	0
52	I	0.00000	0	1.00000	0
53	F	0.00000	0	1.00000	0
54	C	0.00000	0	1.00000	0
55	L	0.00000	0	1.00000	0
56	G	0.00000	0	1.00000	0
57	S	0.00000	0	1.00000	0
58	Y	0.00000	0	1.00000	0
59	G	0.00000	0	1.00000	0
60	N	0.00000	0	1.00000	0
61	F	0.00000	0	1.00000	0
62	I	0.00000	0	1.00000	0
63	V	0.00024	0	0.99976	0
64	F	0.00028	0	0.99972	0
65	L	0.00273	0	0.99727	0
66	S	0.07691	0	0.92309	0
67	F	0.09245	0	0.90755	0
68	F	0.19364	0	0.80636	0
69	D	0.98784	0	0.01216	0
70	P	0.99624	0	0.00376	0
71	A	0.99656	0	0.00344	0
72	F	0.99761	0	0.00239	0
73	R	0.99997	0	0.00003	0
74	K	1.00000	0	0.00000	0
75	F	0.99997	0	0.00003	0
76	R	0.99997	0	0.00003	0
77	T	0.99891	0	0.00109	0
78	N	0.96150	0	0.03850	0
79	F	0.85710	0	0.14290	0
80	D	0.83273	0	0.16727	0
81	F	0.09029	0	0.90971	0
82	M	0.00329	0	0.99671	0
83	I	0.00008	0	0.99992	0
84	L	0.00000	0	1.00000	0
85	N	0.00000	0	1.00000	0
86	L	0.00000	0	1.00000	0
87	S	0.00000	0	1.00000	0
88	F	0.00000	0	1.00000	0
89	C	0.00000	0	1.00000	0
90	D	0.00000	0	1.00000	0
91	L	0.00000	0	1.00000	0
92	F	0.00000	0	1.00000	0
93	I	0.00000	0	1.00000	0
94	C	0.00000	0	1.00000	0
95	G	0.00000	0	1.00000	0
96	V	0.00000	0	1.00000	0
97	T	0.00000	0	1.00000	0
98	A	0.00000	1e-05	0.99999	0
99	P	0.00000	1e-05	0.99999	0
100	M	0.00000	0.0099	0.99010	0
101	F	0.00000	0.05099	0.94901	0
102	T	0.00000	0.21798	0.78202	0
103	F	0.00000	0.33037	0.66963	0
104	V	0.00000	0.99304	0.00696	0
105	L	0.00000	0.99427	0.00573	0
106	F	0.00000	0.99556	0.00444	0
107	F	0.00000	0.99712	0.00288	0
108	S	0.00000	0.9999	0.00010	0
109	S	0.00000	1	0.00000	0
110	A	0.00000	1	0.00000	0
111	S	0.00000	1	0.00000	0
112	S	0.00000	0.99991	0.00009	0
113	I	0.00000	0.99767	0.00233	0
114	P	0.00000	0.99751	0.00249	0
115	D	0.00000	0.98467	0.01533	0
116	A	0.00000	0.95907	0.04093	0
117	F	0.00000	0.92243	0.07757	0
118	C	0.00000	0.84151	0.15849	0
119	F	0.00000	0.11034	0.88966	0
120	T	0.00000	0.04472	0.95528	0
121	F	0.00000	0.00274	0.99726	0
122	H	0.00000	0.00126	0.99874	0
123	L	0.00000	0.00069	0.99931	0
124	T	0.00000	0.00056	0.99944	0
125	S	0.00000	0.00037	0.99963	0
126	S	0.00000	7e-05	0.99993	0
127	G	0.00000	0	1.00000	0
128	F	0.00000	0	1.00000	0
129	I	0.00000	0	1.00000	0
130	I	0.00000	0	1.00000	0
131	M	0.00000	0	1.00000	0
132	S	0.00000	0	1.00000	0
133	L	0.00000	0	1.00000	0
134	K	0.00003	0	0.99997	0
135	T	0.00013	0	0.99987	0
136	V	0.00079	0	0.99921	0
137	A	0.01266	0	0.98734	0
138	V	0.03990	0	0.96010	0
139	I	0.13316	0	0.86684	0
140	A	0.16119	0	0.83881	0
141	L	0.22966	0	0.77034	0
142	H	0.30193	0	0.69807	0
143	R	0.67860	0	0.32140	0
144	L	0.96137	0	0.03863	0
145	R	0.98997	0	0.01003	0
146	M	0.99942	0	0.00058	0
147	V	1.00000	0	0.00000	0
148	L	1.00000	0	0.00000	0
149	G	1.00000	0	0.00000	0
150	K	1.00000	0	0.00000	0
151	Q	1.00000	0	0.00000	0
152	P	1.00000	0	0.00000	0
153	N	0.99988	0	0.00012	0
154	R	0.99714	0	0.00286	0
155	T	0.98322	0	0.01678	0
156	A	0.94205	0	0.05795	0
157	S	0.91866	0	0.08134	0
158	F	0.69250	0	0.30750	0
159	P	0.62227	0	0.37773	0
160	C	0.00277	0	0.99723	0
161	T	0.00121	0	0.99879	0
162	V	0.00002	0	0.99998	0
163	L	0.00000	0	1.00000	0
164	L	0.00000	0	1.00000	0
165	T	0.00000	0	1.00000	0
166	L	0.00000	0	1.00000	0
167	L	0.00000	0	1.00000	0
168	L	0.00000	0	1.00000	0
169	W	0.00000	0	1.00000	0
170	A	0.00000	0	1.00000	0
171	T	0.00000	0	1.00000	0
172	S	0.00000	0	1.00000	0
173	F	0.00000	1e-05	0.99999	0
174	T	0.00000	0.00025	0.99975	0
175	L	0.00000	0.00085	0.99915	0
176	A	0.00000	0.00512	0.99488	0
177	T	0.00000	0.02207	0.97793	0
178	L	0.00000	0.03805	0.96195	0
179	A	0.00000	0.11844	0.88156	0
180	T	0.00000	0.39321	0.60679	0
181	L	0.00000	0.57918	0.42082	0
182	K	0.00000	0.99736	0.00264	0
183	T	0.00000	0.99966	0.00034	0
184	S	0.00000	0.99998	0.00002	0
185	K	0.00000	1	0.00000	0
186	S	0.00000	1	0.00000	0
187	H	0.00000	1	0.00000	0
188	L	0.00000	1	0.00000	0
189	C	0.00000	1	0.00000	0
190	L	0.00000	1	0.00000	0
191	P	0.00000	1	0.00000	0
192	M	0.00000	1	0.00000	0
193	S	0.00000	1	0.00000	0
194	S	0.00000	1	0.00000	0
195	L	0.00000	1	0.00000	0
196	I	0.00000	0.99999	0.00001	0
197	A	0.00000	0.99999	0.00001	0
198	G	0.00000	0.99999	0.00001	0
199	K	0.00000	0.99999	0.00001	0
200	G	0.00000	0.99897	0.00103	0
201	K	0.00000	0.99883	0.00117	0
202	A	0.00000	0.66196	0.33804	0
203	I	0.00000	0.51071	0.48929	0
204	L	0.00000	0.48878	0.51122	0
205	S	0.00000	6e-05	0.99994	0
206	L	0.00000	1e-05	0.99999	0
207	Y	0.00000	0	1.00000	0
208	V	0.00000	0	1.00000	0
209	V	0.00000	0	1.00000	0
210	D	0.00000	0	1.00000	0
211	F	0.00000	0	1.00000	0
212	T	0.00000	0	1.00000	0
213	F	0.00000	0	1.00000	0
214	C	0.00000	0	1.00000	0
215	V	0.00000	0	1.00000	0
216	A	0.00000	0	1.00000	0
217	V	0.00000	0	1.00000	0
218	V	0.00000	0	1.00000	0
219	S	0.00000	0	1.00000	0
220	V	0.00000	0	1.00000	0
221	S	0.00001	0	0.99999	0
222	Y	0.00001	0	0.99999	0
223	I	0.00003	0	0.99997	0
224	M	0.00099	0	0.99901	0
225	I	0.01235	0	0.98765	0
226	A	0.14334	0	0.85666	0
227	Q	0.96672	0	0.03328	0
228	T	0.97525	0	0.02475	0
229	L	0.97914	0	0.02086	0
230	R	0.99927	0	0.00073	0
231	K	0.99998	0	0.00002	0
232	N	1.00000	0	0.00000	0
233	A	1.00000	0	0.00000	0
234	Q	1.00000	0	0.00000	0
235	V	1.00000	0	0.00000	0
236	R	1.00000	0	0.00000	0
237	K	1.00000	0	0.00000	0
238	C	1.00000	0	0.00000	0
239	P	1.00000	0	0.00000	0
240	P	1.00000	0	0.00000	0
241	V	1.00000	0	0.00000	0
242	I	1.00000	0	0.00000	0
243	T	1.00000	0	0.00000	0
244	V	1.00000	0	0.00000	0
245	D	1.00000	0	0.00000	0
246	A	1.00000	0	0.00000	0
247	S	1.00000	0	0.00000	0
248	R	1.00000	0	0.00000	0
249	P	1.00000	0	0.00000	0
250	Q	1.00000	0	0.00000	0
251	P	1.00000	0	0.00000	0
252	F	1.00000	0	0.00000	0
253	M	1.00000	0	0.00000	0
254	G	1.00000	0	0.00000	0
255	V	1.00000	0	0.00000	0
256	P	1.00000	0	0.00000	0
257	V	1.00000	0	0.00000	0
258	Q	1.00000	0	0.00000	0
259	G	1.00000	0	0.00000	0
260	G	1.00000	0	0.00000	0
261	G	1.00000	0	0.00000	0
262	D	1.00000	0	0.00000	0
263	P	1.00000	0	0.00000	0
264	I	1.00000	0	0.00000	0
265	Q	1.00000	0	0.00000	0
266	C	1.00000	0	0.00000	0
267	A	1.00000	0	0.00000	0
268	M	1.00000	0	0.00000	0
269	P	1.00000	0	0.00000	0
270	A	1.00000	0	0.00000	0
271	L	1.00000	0	0.00000	0
272	Y	1.00000	0	0.00000	0
273	R	1.00000	0	0.00000	0
274	N	1.00000	0	0.00000	0
275	Q	1.00000	0	0.00000	0
276	N	1.00000	0	0.00000	0
277	Y	1.00000	0	0.00000	0
278	N	1.00000	0	0.00000	0
279	K	1.00000	0	0.00000	0
280	L	1.00000	0	0.00000	0
281	Q	1.00000	0	0.00000	0
282	H	1.00000	0	0.00000	0
283	V	1.00000	0	0.00000	0
284	Q	1.00000	0	0.00000	0
285	T	1.00000	0	0.00000	0
286	R	1.00000	0	0.00000	0
287	G	1.00000	0	0.00000	0
288	Y	1.00000	0	0.00000	0
289	T	1.00000	0	0.00000	0
290	K	1.00000	0	0.00000	0
291	S	1.00000	0	0.00000	0
292	P	1.00000	0	0.00000	0
293	N	1.00000	0	0.00000	0
294	Q	1.00000	0	0.00000	0
295	L	1.00000	0	0.00000	0
296	V	1.00000	0	0.00000	0
297	T	1.00000	0	0.00000	0
298	P	1.00000	0	0.00000	0
299	A	1.00000	0	0.00000	0
300	A	1.00000	0	0.00000	0
301	S	1.00000	0	0.00000	0
302	R	1.00000	0	0.00000	0
303	L	1.00000	0	0.00000	0
304	Q	1.00000	0	0.00000	0
305	L	1.00000	0	0.00000	0
306	V	1.00000	0	0.00000	0
307	S	1.00000	0	0.00000	0
308	A	1.00000	0	0.00000	0
309	I	1.00000	0	0.00000	0
310	N	1.00000	0	0.00000	0
311	L	1.00000	0	0.00000	0
312	S	1.00000	0	0.00000	0
313	T	1.00000	0	0.00000	0
314	A	1.00000	0	0.00000	0
315	K	1.00000	0	0.00000	0
316	D	1.00000	0	0.00000	0
317	S	0.95391	0	0.04609	0
318	K	0.61331	0	0.38669	0
319	A	0.30151	0	0.69849	0
320	V	0.28683	0	0.71317	0
321	V	0.27919	0	0.72081	0
322	T	0.20912	0	0.79088	0
323	C	0.20748	0	0.79252	0
324	V	0.00766	0	0.99234	0
325	I	0.00007	0	0.99993	0
326	I	0.00006	0	0.99994	0
327	V	0.00001	0	0.99999	0
328	L	0.00000	0	1.00000	0
329	S	0.00000	0	1.00000	0
330	V	0.00000	0	1.00000	0
331	L	0.00000	0	1.00000	0
332	V	0.00000	0	1.00000	0
333	C	0.00000	0	1.00000	0
334	C	0.00000	0	1.00000	0
335	L	0.00000	0	1.00000	0
336	P	0.00000	0	1.00000	0
337	L	0.00000	0	1.00000	0
338	G	0.00000	3e-05	0.99997	0
339	I	0.00000	0.00022	0.99978	0
340	S	0.00000	0.00869	0.99131	0
341	L	0.00000	0.0132	0.98680	0
342	V	0.00000	0.06165	0.93835	0
343	Q	0.00000	0.17867	0.82133	0
344	V	0.00000	0.21068	0.78932	0
345	V	0.00000	0.27507	0.72493	0
346	L	0.00000	0.42522	0.57478	0
347	S	0.00000	0.8314	0.16860	0
348	S	0.00000	0.97591	0.02409	0
349	N	0.00000	0.99466	0.00534	0
350	G	0.00000	0.99605	0.00395	0
351	S	0.00000	0.99118	0.00882	0
352	F	0.00000	0.88583	0.11417	0
353	I	0.00000	0.80607	0.19393	0
354	L	0.00000	0.46482	0.53518	0
355	Y	0.00000	0.30012	0.69988	0
356	Q	0.00000	0.05863	0.94137	0
357	F	0.00000	0.00791	0.99209	0
358	E	0.00000	0.00294	0.99706	0
359	L	0.00000	0.0009	0.99910	0
360	F	0.00000	0.00088	0.99912	0
361	G	0.00000	0.00087	0.99913	0
362	F	0.00000	0.00079	0.99921	0
363	T	0.00000	0.00077	0.99923	0
364	L	0.00108	0.0004	0.99852	0
365	I	0.00198	0.0004	0.99763	0
366	F	0.00237	0.0004	0.99724	0
367	F	0.00312	0.0004	0.99649	0
368	K	0.00343	0.0004	0.99617	0
369	S	0.00343	0.0004	0.99617	0
370	G	0.00343	0.0004	0.99617	0
371	L	0.00343	0.0004	0.99617	0
372	N	0.00343	0.0004	0.99617	0
373	P	0.00343	0.0004	0.99617	0
374	F	0.00354	0.0004	0.99606	0
375	I	0.01461	0.0004	0.98499	0
376	Y	0.18274	0.0004	0.81686	0
377	S	0.58802	0.0004	0.41159	0
378	R	0.99909	0.0004	0.00051	0
379	N	0.99909	0.0004	0.00051	0
380	S	0.99909	0.0004	0.00051	0
381	A	0.99909	0.00037	0.00053	0
382	G	0.99909	0.00026	0.00064	0
383	L	0.99909	0	0.00091	0
384	R	0.99960	0	0.00040	0
385	R	0.99960	0	0.00040	0
386	K	0.99960	0	0.00040	0
387	V	0.99960	0	0.00040	0
388	L	0.99960	0	0.00040	0
389	W	0.99960	0	0.00040	0
390	C	0.99960	0	0.00040	0
391	L	0.99960	0	0.00040	0
392	Q	0.99960	0	0.00040	0
393	Y	0.99960	0	0.00040	0
394	I	0.99960	0	0.00040	0
395	G	0.99960	0	0.00040	0
396	L	0.99960	0	0.00040	0
397	G	0.99960	0	0.00040	0
398	F	0.99960	0	0.00040	0
399	F	0.99960	0	0.00040	0
400	C	0.99961	0	0.00039	0
401	C	0.99965	0	0.00035	0
402	K	1.00000	0	0.00000	0
403	Q	1.00000	0	0.00000	0
404	K	1.00000	0	0.00000	0
405	T	1.00000	0	0.00000	0
406	R	1.00000	0	0.00000	0
407	L	1.00000	0	0.00000	0
408	R	1.00000	0	0.00000	0
409	A	1.00000	0	0.00000	0
410	M	1.00000	0	0.00000	0
411	G	1.00000	0	0.00000	0
412	K	1.00000	0	0.00000	0
413	G	1.00000	0	0.00000	0
414	N	1.00000	0	0.00000	0
415	L	1.00000	0	0.00000	0
416	E	1.00000	0	0.00000	0
417	V	1.00000	0	0.00000	0
418	N	1.00000	0	0.00000	0
419	R	1.00000	0	0.00000	0
420	N	1.00000	0	0.00000	0
421	K	1.00000	0	0.00000	0
422	S	1.00000	0	0.00000	0
423	S	1.00000	0	0.00000	0
424	H	1.00000	0	0.00000	0
425	H	1.00000	0	0.00000	0
426	E	1.00000	0	0.00000	0
427	T	1.00000	0	0.00000	0
428	N	1.00000	0	0.00000	0
429	S	1.00000	0	0.00000	0
430	A	1.00000	0	0.00000	0
431	Y	1.00000	0	0.00000	0
432	M	1.00000	0	0.00000	0
433	L	1.00000	0	0.00000	0
434	S	1.00000	0	0.00000	0
435	P	1.00000	0	0.00000	0
436	K	1.00000	0	0.00000	0
437	P	1.00000	0	0.00000	0
438	Q	1.00000	0	0.00000	0
439	K	1.00000	0	0.00000	0
440	K	1.00000	0	0.00000	0
441	F	1.00000	0	0.00000	0
442	V	1.00000	0	0.00000	0
443	D	1.00000	0	0.00000	0
444	Q	1.00000	0	0.00000	0
445	A	1.00000	0	0.00000	0
446	C	1.00000	0	0.00000	0
447	G	1.00000	0	0.00000	0
448	P	1.00000	0	0.00000	0
449	S	1.00000	0	0.00000	0
450	H	1.00000	0	0.00000	0
451	S	1.00000	0	0.00000	0
452	K	1.00000	0	0.00000	0
453	E	1.00000	0	0.00000	0
454	S	1.00000	0	0.00000	0
455	M	1.00000	0	0.00000	0
456	V	1.00000	0	0.00000	0
457	S	1.00000	0	0.00000	0
458	P	1.00000	0	0.00000	0
459	K	1.00000	0	0.00000	0
460	I	1.00000	0	0.00000	0
461	S	1.00000	0	0.00000	0
462	A	1.00000	0	0.00000	0
463	G	1.00000	0	0.00000	0
464	H	1.00000	0	0.00000	0
465	Q	1.00000	0	0.00000	0
466	H	1.00000	0	0.00000	0
467	C	1.00000	0	0.00000	0
468	G	1.00000	0	0.00000	0
469	Q	1.00000	0	0.00000	0
470	S	1.00000	0	0.00000	0
471	S	1.00000	0	0.00000	0
472	S	1.00000	0	0.00000	0
473	T	1.00000	0	0.00000	0
474	P	1.00000	0	0.00000	0
475	I	1.00000	0	0.00000	0
476	N	1.00000	0	0.00000	0
477	T	1.00000	0	0.00000	0
478	R	1.00000	0	0.00000	0
479	I	1.00000	0	0.00000	0
480	E	1.00000	0	0.00000	0
481	P	1.00000	0	0.00000	0
482	Y	1.00000	0	0.00000	0
483	Y	1.00000	0	0.00000	0
484	S	1.00000	0	0.00000	0
485	I	1.00000	0	0.00000	0
486	Y	1.00000	0	0.00000	0
487	N	1.00000	0	0.00000	0
488	S	1.00000	0	0.00000	0
489	S	1.00000	0	0.00000	0
490	P	1.00000	0	0.00000	0
491	S	1.00000	0	0.00000	0
492	Q	1.00000	0	0.00000	0
493	E	1.00000	0	0.00000	0
494	E	1.00000	0	0.00000	0
495	S	1.00000	0	0.00000	0
496	S	1.00000	0	0.00000	0
497	P	1.00000	0	0.00000	0
498	C	1.00000	0	0.00000	0
499	N	1.00000	0	0.00000	0
500	L	1.00000	0	0.00000	0
501	Q	1.00000	0	0.00000	0
502	P	1.00000	0	0.00000	0
503	V	1.00000	0	0.00000	0
504	N	1.00000	0	0.00000	0
505	S	1.00000	0	0.00000	0
506	F	1.00000	0	0.00000	0
507	G	1.00000	0	0.00000	0
508	F	1.00000	0	0.00000	0
509	A	1.00000	0	0.00000	0
510	N	1.00000	0	0.00000	0
511	S	1.00000	0	0.00000	0
512	Y	1.00000	0	0.00000	0
513	I	1.00000	0	0.00000	0
514	A	1.00000	0	0.00000	0
515	M	1.00000	0	0.00000	0
516	H	1.00000	0	0.00000	0
517	Y	1.00000	0	0.00000	0
518	H	1.00000	0	0.00000	0
519	T	1.00000	0	0.00000	0
520	T	1.00000	0	0.00000	0
521	N	1.00000	0	0.00000	0
522	D	1.00000	0	0.00000	0
523	L	1.00000	0	0.00000	0
524	V	1.00000	0	0.00000	0
525	Q	1.00000	0	0.00000	0
526	E	1.00000	0	0.00000	0
527	Y	1.00000	0	0.00000	0
528	D	1.00000	0	0.00000	0
529	S	1.00000	0	0.00000	0
530	T	1.00000	0	0.00000	0
531	S	1.00000	0	0.00000	0
532	A	1.00000	0	0.00000	0
533	K	1.00000	0	0.00000	0
534	Q	1.00000	0	0.00000	0
535	I	1.00000	0	0.00000	0
536	P	1.00000	0	0.00000	0
537	V	1.00000	0	0.00000	0
538	P	1.00000	0	0.00000	0
539	S	1.00000	0	0.00000	0
540	V	1.00000	0	0.00000	0
