# UNNAMED
#pos	aa	i	o	M	S
1	M	0.00000	0.00405	0.00000	0.99595
2	A	0.00000	0.00405	0.00000	0.99595
3	H	0.00000	0.00405	0.00000	0.99595
4	T	0.00000	0.00405	0.00000	0.99595
5	F	0.00000	0.00405	0.00000	0.99595
6	R	0.00000	0.00405	0.00000	0.99595
7	G	0.00000	0.00405	0.00000	0.99595
8	C	0.00000	0.00405	0.00000	0.99595
9	S	0.00000	0.00405	0.00000	0.99595
10	L	0.00000	0.00405	0.00000	0.99595
11	A	0.00000	0.00405	0.00000	0.99595
12	F	0.00000	0.00405	0.00000	0.99595
13	M	0.00000	0.00405	0.00000	0.99595
14	F	0.00000	0.00405	0.00000	0.99595
15	I	0.00000	0.00405	0.00000	0.99595
16	I	0.00000	0.00405	0.00000	0.99595
17	T	0.00000	0.00405	0.00000	0.99595
18	W	0.00000	0.00412	0.00000	0.99588
19	L	0.00000	0.00412	0.00000	0.99588
20	L	0.00000	0.00787	0.00000	0.99213
21	I	0.00000	0.00786	0.00000	0.99213
22	K	0.00000	0.00787	0.00000	0.99213
23	A	0.00000	0.00787	0.00000	0.99214
24	K	0.00000	0.72609	0.00000	0.27391
25	I	0.00000	0.72609	0.00000	0.27391
26	D	0.00000	0.729	0.00000	0.271
27	A	0.00000	0.729	0.00000	0.271
28	C	0.00000	0.9999	0.00000	0.0001
29	K	0.00000	0.99994	0.00000	5e-05
30	R	0.00000	0.99998	0.00000	2e-05
31	G	0.00000	0.99999	0.00000	1e-05
32	D	0.00000	1	0.00000	0
33	V	0.00000	1	0.00000	0
34	T	0.00000	1	0.00000	0
35	V	0.00000	1	0.00000	0
36	K	0.00000	1	0.00000	0
37	P	0.00000	1	0.00000	0
38	S	0.00000	1	0.00000	0
39	H	0.00000	1	0.00000	0
40	V	0.00000	1	0.00000	0
41	I	0.00000	1	0.00000	0
42	L	0.00000	1	0.00000	0
43	L	0.00000	1	0.00000	0
44	G	0.00000	1	0.00000	0
45	S	0.00000	1	0.00000	0
46	T	0.00000	1	0.00000	0
47	V	0.00000	1	0.00000	0
48	N	0.00000	1	0.00000	0
49	I	0.00000	1	0.00000	0
50	T	0.00000	1	0.00000	0
51	C	0.00000	1	0.00000	0
52	S	0.00000	1	0.00000	0
53	L	0.00000	1	0.00000	0
54	K	0.00000	1	0.00000	0
55	P	0.00000	1	0.00000	0
56	R	0.00000	1	0.00000	0
57	Q	0.00000	1	0.00000	0
58	G	0.00000	1	0.00000	0
59	C	0.00000	1	0.00000	0
60	F	0.00000	1	0.00000	0
61	H	0.00000	1	0.00000	0
62	Y	0.00000	1	0.00000	0
63	S	0.00000	1	0.00000	0
64	R	0.00000	1	0.00000	0
65	R	0.00000	1	0.00000	0
66	N	0.00000	1	0.00000	0
67	K	0.00000	1	0.00000	0
68	L	0.00000	1	0.00000	0
69	I	0.00000	1	0.00000	0
70	L	0.00000	1	0.00000	0
71	Y	0.00000	1	0.00000	0
72	K	0.00000	1	0.00000	0
73	F	0.00000	1	0.00000	0
74	D	0.00000	1	0.00000	0
75	R	0.00000	1	0.00000	0
76	R	0.00000	1	0.00000	0
77	I	0.00000	1	0.00000	0
78	N	0.00000	1	0.00000	0
79	F	0.00000	1	0.00000	0
80	H	0.00000	1	0.00000	0
81	H	0.00000	1	0.00000	0
82	G	0.00000	1	0.00000	0
83	H	0.00000	1	0.00000	0
84	S	0.00000	1	0.00000	0
85	L	0.00000	1	0.00000	0
86	N	0.00000	1	0.00000	0
87	S	0.00000	1	0.00000	0
88	Q	0.00000	1	0.00000	0
89	V	0.00000	1	0.00000	0
90	T	0.00000	1	0.00000	0
91	G	0.00000	1	0.00000	0
92	L	0.00000	1	0.00000	0
93	P	0.00000	1	0.00000	0
94	L	0.00000	1	0.00000	0
95	G	0.00000	1	0.00000	0
96	T	0.00000	1	0.00000	0
97	T	0.00000	1	0.00000	0
98	L	0.00000	1	0.00000	0
99	F	0.00000	1	0.00000	0
100	V	0.00000	1	0.00000	0
101	C	0.00000	1	0.00000	0
102	K	0.00000	1	0.00000	0
103	L	0.00000	1	0.00000	0
104	A	0.00000	1	0.00000	0
105	C	0.00000	1	0.00000	0
106	I	0.00000	1	0.00000	0
107	N	0.00000	1	0.00000	0
108	S	0.00000	1	0.00000	0
109	D	0.00000	1	0.00000	0
110	E	0.00000	1	0.00000	0
111	I	0.00000	1	0.00000	0
112	Q	0.00000	1	0.00000	0
113	I	0.00000	1	0.00000	0
114	C	0.00000	1	0.00000	0
115	G	0.00000	1	0.00000	0
116	A	0.00000	1	0.00000	0
117	E	0.00000	1	0.00000	0
118	I	0.00000	1	0.00000	0
119	F	0.00000	1	0.00000	0
120	V	0.00000	1	0.00000	0
121	G	0.00000	1	0.00000	0
122	V	0.00000	1	0.00000	0
123	A	0.00000	1	0.00000	0
124	P	0.00000	1	0.00000	0
125	E	0.00000	1	0.00000	0
126	Q	0.00000	1	0.00000	0
127	P	0.00000	1	0.00000	0
128	Q	0.00000	1	0.00000	0
129	N	0.00000	1	0.00000	0
130	L	0.00000	1	0.00000	0
131	S	0.00000	1	0.00000	0
132	C	0.00000	1	0.00000	0
133	I	0.00000	1	0.00000	0
134	Q	0.00000	1	0.00000	0
135	K	0.00000	1	0.00000	0
136	G	0.00000	1	0.00000	0
137	E	0.00000	1	0.00000	0
138	Q	0.00000	1	0.00000	0
139	G	0.00000	1	0.00000	0
140	T	0.00000	1	0.00000	0
141	V	0.00000	1	0.00000	0
142	A	0.00000	1	0.00000	0
143	C	0.00000	1	0.00000	0
144	T	0.00000	1	0.00000	0
145	W	0.00000	1	0.00000	0
146	E	0.00000	1	0.00000	0
147	R	0.00000	1	0.00000	0
148	G	0.00000	1	0.00000	0
149	R	0.00000	1	0.00000	0
150	D	0.00000	1	0.00000	0
151	T	0.00000	1	0.00000	0
152	H	0.00000	1	0.00000	0
153	L	0.00000	1	0.00000	0
154	Y	0.00000	1	0.00000	0
155	T	0.00000	1	0.00000	0
156	E	0.00000	1	0.00000	0
157	Y	0.00000	1	0.00000	0
158	T	0.00000	1	0.00000	0
159	L	0.00000	1	0.00000	0
160	Q	0.00000	1	0.00000	0
161	L	0.00000	1	0.00000	0
162	S	0.00000	1	0.00000	0
163	G	0.00000	1	0.00000	0
164	P	0.00000	1	0.00000	0
165	K	0.00000	1	0.00000	0
166	N	0.00000	1	0.00000	0
167	L	0.00000	1	0.00000	0
168	T	0.00000	1	0.00000	0
169	W	0.00000	1	0.00000	0
170	Q	0.00000	1	0.00000	0
171	K	0.00000	1	0.00000	0
172	Q	0.00000	1	0.00000	0
173	C	0.00000	1	0.00000	0
174	K	0.00000	1	0.00000	0
175	D	0.00000	1	0.00000	0
176	I	0.00000	1	0.00000	0
177	Y	0.00000	1	0.00000	0
178	C	0.00000	1	0.00000	0
179	D	0.00000	1	0.00000	0
180	Y	0.00000	1	0.00000	0
181	L	0.00000	1	0.00000	0
182	D	0.00000	1	0.00000	0
183	F	0.00000	1	0.00000	0
184	G	0.00000	1	0.00000	0
185	I	0.00000	1	0.00000	0
186	N	0.00000	1	0.00000	0
187	L	0.00000	1	0.00000	0
188	T	0.00000	1	0.00000	0
189	P	0.00000	1	0.00000	0
190	E	0.00000	1	0.00000	0
191	S	0.00000	1	0.00000	0
192	P	0.00000	1	0.00000	0
193	E	0.00000	1	0.00000	0
194	S	0.00000	1	0.00000	0
195	N	0.00000	1	0.00000	0
196	F	0.00000	0.99996	0.00004	0
197	T	0.00000	0.99994	0.00006	0
198	A	0.00000	0.99993	0.00007	0
199	K	0.00000	0.99991	0.00009	0
200	V	0.00000	0.99987	0.00013	0
201	T	0.00000	0.99987	0.00013	0
202	A	0.00000	0.99987	0.00013	0
203	V	0.00000	0.99987	0.00013	0
204	N	0.00000	0.99987	0.00013	0
205	S	0.00000	0.99987	0.00013	0
206	L	0.00000	0.99987	0.00013	0
207	G	0.00000	0.99987	0.00013	0
208	S	0.00000	0.99987	0.00013	0
209	S	0.00000	0.99987	0.00013	0
210	S	0.00000	0.99987	0.00013	0
211	S	0.00000	0.99987	0.00013	0
212	L	0.00000	0.99987	0.00013	0
213	P	0.00000	0.99987	0.00013	0
214	S	0.00000	0.99987	0.00013	0
215	T	0.00000	0.99987	0.00013	0
216	F	0.00000	0.99987	0.00013	0
217	T	0.00000	0.99987	0.00013	0
218	F	0.00000	0.99987	0.00013	0
219	L	0.00000	0.99987	0.00013	0
220	D	0.00005	0.99987	0.00008	0
221	I	0.00005	0.99987	0.00008	0
222	V	0.00006	0.99987	0.00007	0
223	R	0.00013	0.99987	0.00000	0
224	P	0.00013	0.99987	0.00000	0
225	L	0.00013	0.99987	0.00000	0
226	P	0.00013	0.99987	0.00000	0
227	P	0.00013	0.99987	0.00000	0
228	W	0.00013	0.99987	0.00000	0
229	D	0.00013	0.99987	0.00000	0
230	I	0.00013	0.99987	0.00000	0
231	R	0.00013	0.99987	0.00000	0
232	I	0.00001	0.99987	0.00012	0
233	K	0.00001	0.99987	0.00012	0
234	F	0.00000	0.99987	0.00013	0
235	Q	0.00000	0.99987	0.00013	0
236	K	0.00000	0.99987	0.00013	0
237	A	0.00000	0.99987	0.00013	0
238	S	0.00000	0.99987	0.00013	0
239	V	0.00000	0.99987	0.00013	0
240	S	0.00000	0.99987	0.00013	0
241	R	0.00000	0.99987	0.00013	0
242	C	0.00000	0.99987	0.00013	0
243	T	0.00000	0.99987	0.00013	0
244	L	0.00000	0.99987	0.00013	0
245	Y	0.00000	0.99987	0.00013	0
246	W	0.00000	0.99987	0.00013	0
247	R	0.00000	0.99987	0.00013	0
248	D	0.00000	0.99987	0.00013	0
249	E	0.00000	0.99987	0.00013	0
250	G	0.00000	0.99987	0.00013	0
251	L	0.00000	0.99987	0.00013	0
252	V	0.00000	0.99987	0.00013	0
253	L	0.00000	0.99987	0.00013	0
254	L	0.00000	0.99989	0.00011	0
255	N	0.00000	0.99999	0.00001	0
256	R	0.00000	1	0.00000	0
257	L	0.00000	1	0.00000	0
258	R	0.00000	1	0.00000	0
259	Y	0.00000	1	0.00000	0
260	R	0.00000	1	0.00000	0
261	P	0.00000	1	0.00000	0
262	S	0.00000	1	0.00000	0
263	N	0.00000	1	0.00000	0
264	S	0.00000	1	0.00000	0
265	R	0.00000	1	0.00000	0
266	L	0.00000	1	0.00000	0
267	W	0.00000	1	0.00000	0
268	N	0.00000	1	0.00000	0
269	M	0.00000	1	0.00000	0
270	V	0.00000	1	0.00000	0
271	N	0.00000	1	0.00000	0
272	V	0.00000	1	0.00000	0
273	T	0.00000	1	0.00000	0
274	K	0.00000	1	0.00000	0
275	A	0.00000	1	0.00000	0
276	K	0.00000	1	0.00000	0
277	G	0.00000	1	0.00000	0
278	R	0.00000	1	0.00000	0
279	H	0.00000	1	0.00000	0
280	D	0.00000	1	0.00000	0
281	L	0.00000	1	0.00000	0
282	L	0.00000	1	0.00000	0
283	D	0.00000	1	0.00000	0
284	L	0.00000	1	0.00000	0
285	K	0.00000	1	0.00000	0
286	P	0.00000	1	0.00000	0
287	F	0.00000	1	0.00000	0
288	T	0.00000	1	0.00000	0
289	E	0.00000	1	0.00000	0
290	Y	0.00000	1	0.00000	0
291	E	0.00000	1	0.00000	0
292	F	0.00000	1	0.00000	0
293	Q	0.00000	1	0.00000	0
294	I	0.00000	1	0.00000	0
295	S	0.00000	1	0.00000	0
296	S	0.00000	1	0.00000	0
297	K	0.00000	1	0.00000	0
298	L	0.00000	1	0.00000	0
299	H	0.00000	1	0.00000	0
300	L	0.00000	1	0.00000	0
301	Y	0.00000	1	0.00000	0
302	K	0.00000	1	0.00000	0
303	G	0.00000	1	0.00000	0
304	S	0.00000	1	0.00000	0
305	W	0.00000	1	0.00000	0
306	S	0.00000	1	0.00000	0
307	D	0.00000	1	0.00000	0
308	W	0.00000	1	0.00000	0
309	S	0.00000	1	0.00000	0
310	E	0.00000	0.99999	0.00001	0
311	S	0.00000	0.99995	0.00005	0
312	L	0.00000	0.99989	0.00011	0
313	R	0.00000	0.99987	0.00013	0
314	A	0.00000	0.99987	0.00013	0
315	Q	0.00000	0.99987	0.00013	0
316	T	0.00000	0.99987	0.00013	0
317	P	0.00000	0.99987	0.00013	0
318	E	0.00000	0.99987	0.00013	0
319	E	0.00000	0.99987	0.00013	0
320	E	0.00000	0.99987	0.00013	0
321	P	0.00000	0.99987	0.00013	0
322	T	0.00000	0.99987	0.00013	0
323	G	0.00000	0.99987	0.00013	0
324	M	0.00000	0.99987	0.00013	0
325	L	0.00000	0.99987	0.00013	0
326	D	0.00000	0.99987	0.00013	0
327	V	0.00000	0.99987	0.00013	0
328	W	0.00000	0.99987	0.00013	0
329	Y	0.00000	0.99987	0.00013	0
330	M	0.00002	0.99987	0.00012	0
331	K	0.00011	0.99987	0.00002	0
332	R	0.00013	0.99987	0.00000	0
333	H	0.00013	0.99987	0.00000	0
334	I	0.00013	0.99987	0.00000	0
335	D	0.00013	0.99986	0.00001	0
336	Y	0.00013	0.9998	0.00006	0
337	S	0.00013	0.99976	0.00011	0
338	R	0.00013	0.99974	0.00013	0
339	Q	0.00012	0.99974	0.00014	0
340	Q	0.00009	0.99974	0.00017	0
341	I	0.00001	0.99973	0.00026	0
342	S	0.00001	0.99973	0.00026	0
343	L	0.00000	0.99973	0.00027	0
344	F	0.00000	0.99973	0.00027	0
345	W	0.00000	0.99973	0.00027	0
346	K	0.00000	0.99973	0.00027	0
347	N	0.00000	0.99973	0.00027	0
348	L	0.00000	0.99973	0.00027	0
349	S	0.00000	0.99973	0.00027	0
350	V	0.00000	0.99973	0.00027	0
351	S	0.00000	0.99973	0.00027	0
352	E	0.00000	0.99973	0.00027	0
353	A	0.00000	0.99973	0.00027	0
354	R	0.00000	0.99973	0.00027	0
355	G	0.00000	0.99973	0.00027	0
356	K	0.00001	0.99973	0.00026	0
357	I	0.00002	0.99973	0.00025	0
358	L	0.00004	0.99973	0.00023	0
359	H	0.00013	0.99984	0.00003	0
360	Y	0.00013	0.99985	0.00002	0
361	Q	0.00014	0.99985	0.00001	0
362	V	0.00014	0.99985	0.00001	0
363	T	0.00014	0.99985	0.00001	0
364	L	0.00014	0.99986	0.00001	0
365	Q	0.00014	0.99986	0.00000	0
366	E	0.00014	0.99986	0.00000	0
367	L	0.00014	0.99986	0.00000	0
368	T	0.00014	0.99986	0.00000	0
369	G	0.00014	0.99986	0.00000	0
370	G	0.00014	0.99986	0.00000	0
371	K	0.00014	0.99983	0.00003	0
372	A	0.00013	0.99977	0.00009	0
373	M	0.00013	0.99968	0.00018	0
374	T	0.00013	0.99935	0.00052	0
375	Q	0.00013	0.99922	0.00065	0
376	N	0.00009	0.98543	0.01448	0
377	I	0.00001	0.58769	0.41230	0
378	T	0.00001	0.57666	0.42334	0
379	G	0.00000	0.38228	0.61772	0
380	H	0.00000	0.21513	0.78487	0
381	T	0.00000	0.0711	0.92890	0
382	S	0.00000	0.03704	0.96296	0
383	W	0.00000	0.00358	0.99642	0
384	T	0.00000	0.00094	0.99905	0
385	T	0.00000	0.00016	0.99984	0
386	V	0.00000	5e-05	0.99995	0
387	I	0.00000	5e-05	0.99995	0
388	P	0.00000	5e-05	0.99995	0
389	R	0.00000	5e-05	0.99995	0
390	T	0.00000	5e-05	0.99995	0
391	G	0.00000	5e-05	0.99995	0
392	N	0.00000	5e-05	0.99995	0
393	W	0.00000	1e-05	0.99999	0
394	A	0.00011	1e-05	0.99988	0
395	V	0.00011	1e-05	0.99988	0
396	A	0.00019	1e-05	0.99980	0
397	V	0.00585	2e-05	0.99413	0
398	S	0.54699	7e-05	0.45294	0
399	A	0.55708	9e-05	0.44283	0
400	A	0.63390	0.00011	0.36599	0
401	N	0.91048	0.00014	0.08939	0
402	S	0.98012	0.00014	0.01974	0
403	K	0.99715	0.00014	0.00271	0
404	G	0.99903	0.00014	0.00083	0
405	S	0.99974	0.00014	0.00012	0
406	S	0.99980	0.00014	0.00006	0
407	L	0.99981	0.00013	0.00006	0
408	P	0.99981	0.00013	0.00006	0
409	T	0.99236	0.00013	0.00751	0
410	R	0.96644	0.00013	0.03343	0
411	I	0.00074	0.00013	0.99913	0
412	N	0.00002	0.00013	0.99985	0
413	I	0.00000	0.00013	0.99987	0
414	M	0.00001	0.00013	0.99986	0
415	N	0.00005	0.00013	0.99982	0
416	L	0.00005	0.00013	0.99982	0
417	C	0.00005	0.00013	0.99982	0
418	E	0.00005	0.00013	0.99982	0
419	A	0.00005	0.00013	0.99982	0
420	G	0.00005	0.00013	0.99982	0
421	L	0.00005	0.00013	0.99982	0
422	L	0.00005	0.00013	0.99982	0
423	A	0.00005	0.00013	0.99982	0
424	P	0.00005	0.00013	0.99982	0
425	R	0.00005	0.00013	0.99982	0
426	Q	0.00001	0.00013	0.99986	0
427	V	0.00000	0.00022	0.99978	0
428	S	0.00000	0.02479	0.97521	0
429	A	0.00000	0.98457	0.01543	0
430	N	0.00000	0.99646	0.00354	0
431	S	0.00000	0.9996	0.00040	0
432	E	0.00000	0.99978	0.00021	0
433	G	0.00000	0.99979	0.00021	0
434	M	0.00000	0.99981	0.00019	0
435	D	0.00000	0.99988	0.00011	0
436	N	0.00000	0.99989	0.00010	0
437	I	0.00000	0.99989	0.00010	0
438	L	0.00000	0.9999	0.00010	0
439	V	0.00000	0.99988	0.00012	0
440	T	0.00000	0.99988	0.00012	0
441	W	0.00000	0.98983	0.01017	0
442	Q	0.00001	0.98633	0.01367	0
443	P	0.00001	0.61944	0.38056	0
444	P	0.00001	0.10752	0.89248	0
445	R	0.00001	0.0791	0.92090	0
446	K	0.00001	0.07911	0.92089	0
447	D	0.00001	0.07698	0.92302	0
448	P	0.00001	0.03583	0.96417	0
449	S	0.00001	0.03583	0.96417	0
450	A	0.00000	0.03583	0.96417	0
451	V	0.00000	0.03583	0.96417	0
452	Q	0.00000	0.03583	0.96417	0
453	E	0.00000	0.03583	0.96417	0
454	Y	0.00000	0.03583	0.96417	0
455	V	0.00000	0.03526	0.96474	0
456	V	0.00000	0.03526	0.96474	0
457	E	0.00000	0.03526	0.96474	0
458	W	0.00000	0.03497	0.96503	0
459	R	0.00000	0.03493	0.96506	0
460	E	0.00006	0.03493	0.96501	0
461	L	0.01669	0.03264	0.95067	0
462	H	0.14646	0.03103	0.82251	0
463	P	0.92084	0.03101	0.04816	0
464	G	0.92085	0.03016	0.04900	0
465	G	0.92085	0.02915	0.05000	0
466	D	0.92085	0.02844	0.05071	0
467	T	0.92085	0.02718	0.05197	0
468	Q	0.92085	0.02715	0.05200	0
469	V	0.94105	0.02714	0.03181	0
470	P	0.96416	0.02714	0.00869	0
471	L	0.96416	0.02672	0.00912	0
472	N	0.96416	0.02672	0.00911	0
473	W	0.96416	0.02475	0.01109	0
474	L	0.96416	0.02415	0.01169	0
475	R	0.96416	0.02374	0.01210	0
476	S	0.96413	0.02373	0.01214	0
477	R	0.96400	0.02365	0.01234	0
478	P	0.96059	0.02364	0.01576	0
479	Y	0.79509	0.02359	0.18133	0
480	N	0.59605	0.02358	0.38037	0
481	V	0.05644	0.02338	0.92018	0
482	S	0.02729	0.02337	0.94934	0
483	A	0.00836	0.02337	0.96827	0
484	L	0.00617	0.02337	0.97046	0
485	I	0.00669	0.02337	0.96994	0
486	S	0.00698	0.02337	0.96965	0
487	E	0.00704	0.02337	0.96959	0
488	N	0.00840	0.02337	0.96823	0
489	I	0.00917	0.02337	0.96746	0
490	K	0.00980	0.02337	0.96683	0
491	S	0.01030	0.02337	0.96633	0
492	Y	0.01024	0.02337	0.96639	0
493	I	0.01027	0.02337	0.96636	0
494	C	0.00675	0.02337	0.96988	0
495	Y	0.00693	0.02337	0.96969	0
496	E	0.00687	0.02347	0.96965	0
497	I	0.00591	0.00303	0.99106	0
498	R	0.00592	0.00297	0.99111	0
499	V	0.00581	0.00408	0.99011	0
500	Y	0.00558	0.10993	0.88449	0
501	A	0.00490	0.17704	0.81806	0
502	L	0.00341	0.32721	0.66938	0
503	S	0.00279	0.95522	0.04199	0
504	G	0.00252	0.96209	0.03540	0
505	D	0.00232	0.96359	0.03408	0
506	Q	0.00188	0.96359	0.03453	0
507	G	0.00147	0.96359	0.03494	0
508	G	0.00111	0.96359	0.03529	0
509	C	0.00081	0.96359	0.03559	0
510	S	0.00081	0.9636	0.03559	0
511	S	0.00080	0.9636	0.03560	0
512	I	0.00080	0.9636	0.03559	0
513	L	0.00080	0.96364	0.03555	0
514	G	0.00080	0.96443	0.03477	0
515	N	0.00080	0.96818	0.03101	0
516	S	0.00128	0.96892	0.02980	0
517	K	0.00304	0.97025	0.02670	0
518	H	0.00512	0.97034	0.02453	0
519	K	0.01459	0.97074	0.01467	0
520	A	0.02285	0.97082	0.00633	0
521	P	0.02353	0.97137	0.00510	0
522	L	0.02318	0.97188	0.00494	0
523	S	0.02317	0.97429	0.00254	0
524	G	0.02316	0.9745	0.00234	0
525	P	0.02316	0.97502	0.00181	0
526	H	0.02316	0.97534	0.00150	0
527	I	0.02316	0.9754	0.00144	0
528	N	0.02316	0.97593	0.00092	0
529	A	0.02316	0.97583	0.00101	0
530	I	0.02316	0.97585	0.00099	0
531	T	0.02316	0.97596	0.00088	0
532	E	0.02316	0.97597	0.00088	0
533	E	0.02315	0.97596	0.00088	0
534	K	0.02307	0.97589	0.00104	0
535	G	0.01979	0.84136	0.13884	0
536	S	0.01521	0.77542	0.20937	0
537	I	0.00204	0.06249	0.93547	0
538	L	0.00016	0.00102	0.99882	0
539	I	0.00000	0.0009	0.99910	0
540	S	0.00000	0.00022	0.99978	0
541	W	0.00000	0.00034	0.99966	0
542	N	0.00000	0.00069	0.99931	0
543	S	0.00000	0.00075	0.99925	0
544	I	0.00000	0.00079	0.99921	0
545	P	0.00000	0.00087	0.99913	0
546	V	0.00000	0.00088	0.99912	0
547	Q	0.00000	0.00089	0.99911	0
548	E	0.00000	0.00089	0.99911	0
549	Q	0.00000	0.00089	0.99911	0
550	M	0.00000	0.00089	0.99911	0
551	G	0.00000	0.00089	0.99911	0
552	C	0.00000	0.0009	0.99910	0
553	L	0.00000	0.0009	0.99910	0
554	L	0.00001	0.00094	0.99905	0
555	H	0.00005	0.00198	0.99797	0
556	Y	0.00011	0.00281	0.99708	0
557	R	0.00685	0.00733	0.98583	0
558	I	0.00877	0.01048	0.98074	0
559	Y	0.03985	0.01923	0.94092	0
560	W	0.49773	0.02392	0.47835	0
561	K	0.97167	0.02405	0.00428	0
562	E	0.97594	0.02405	0.00000	0
563	R	0.97595	0.02405	0.00000	0
564	D	0.97595	0.02405	0.00000	0
565	S	0.97595	0.02405	0.00000	0
566	N	0.97595	0.02405	0.00000	0
567	S	0.97595	0.02405	0.00000	0
568	Q	0.97595	0.02405	0.00000	0
569	P	0.97595	0.02405	0.00000	0
570	Q	0.97595	0.02405	0.00000	0
571	L	0.97595	0.02405	0.00000	0
572	C	0.97595	0.02405	0.00000	0
573	E	0.97595	0.02405	0.00000	0
574	I	0.97594	0.02404	0.00001	0
575	P	0.97594	0.02404	0.00002	0
576	Y	0.97594	0.02402	0.00004	0
577	R	0.97591	0.02402	0.00008	0
578	V	0.97543	0.02312	0.00145	0
579	S	0.97543	0.02225	0.00232	0
580	Q	0.97543	0.02224	0.00233	0
581	N	0.97543	0.02027	0.00430	0
582	S	0.97536	0.01349	0.01115	0
583	H	0.97536	0.01336	0.01128	0
584	P	0.82979	0.01174	0.15847	0
585	I	0.79084	0.00403	0.20513	0
586	N	0.78691	0.00068	0.21241	0
587	S	0.48242	0.00032	0.51726	0
588	L	0.14140	0.00011	0.85849	0
589	Q	0.07809	8e-05	0.92183	0
590	P	0.05240	5e-05	0.94755	0
591	R	0.04543	5e-05	0.95453	0
592	V	0.00227	4e-05	0.99769	0
593	T	0.00032	4e-05	0.99964	0
594	Y	0.00005	4e-05	0.99991	0
595	V	0.00000	4e-05	0.99996	0
596	L	0.00000	4e-05	0.99996	0
597	W	0.00000	4e-05	0.99996	0
598	M	0.00001	4e-05	0.99995	0
599	T	0.00009	6e-05	0.99985	0
600	A	0.00013	7e-05	0.99981	0
601	L	0.00023	0.0001	0.99967	0
602	T	0.00112	0.00025	0.99863	0
603	A	0.00161	0.00069	0.99770	0
604	A	0.00291	0.00843	0.98866	0
605	G	0.00821	0.12143	0.87036	0
606	E	0.01842	0.27702	0.70456	0
607	S	0.02003	0.32549	0.65448	0
608	S	0.02217	0.48562	0.49221	0
609	H	0.02301	0.67792	0.29907	0
610	G	0.02344	0.78568	0.19089	0
611	N	0.02395	0.93241	0.04364	0
612	E	0.02401	0.96938	0.00662	0
613	R	0.02401	0.97482	0.00117	0
614	E	0.02401	0.97586	0.00013	0
615	F	0.02392	0.97586	0.00022	0
616	C	0.02330	0.97594	0.00076	0
617	L	0.02327	0.97594	0.00079	0
618	Q	0.02326	0.97597	0.00077	0
619	G	0.02293	0.97436	0.00271	0
620	K	0.02227	0.91241	0.06531	0
621	A	0.02211	0.69761	0.28029	0
622	N	0.02164	0.59668	0.38169	0
623	W	0.00486	0.13636	0.85879	0
624	M	0.00018	0.00236	0.99746	0
625	A	0.00001	0.00016	0.99982	0
626	F	0.00001	2e-05	0.99996	0
627	V	0.00001	0	0.99999	0
628	A	0.00001	0	0.99999	0
629	P	0.00001	0	0.99999	0
630	S	0.00001	0	0.99999	0
631	I	0.00001	0	0.99999	0
632	C	0.00001	0	0.99999	0
633	I	0.00000	0	1.00000	0
634	A	0.00000	0	1.00000	0
635	I	0.00000	0	1.00000	0
636	I	0.00000	0	1.00000	0
637	M	0.00000	0	1.00000	0
638	V	0.00000	5e-05	0.99994	0
639	G	0.00008	0.00027	0.99966	0
640	I	0.00495	0.00031	0.99474	0
641	F	0.03971	0.00051	0.95978	0
642	S	0.18924	0.00224	0.80853	0
643	T	0.31020	0.00382	0.68599	0
644	H	0.50821	0.00481	0.48699	0
645	Y	0.55286	0.00345	0.44369	0
646	F	0.59721	0.00587	0.39692	0
647	Q	0.89146	0.01836	0.09018	0
648	Q	0.97524	0.02038	0.00438	0
649	K	0.97599	0.02013	0.00388	0
650	V	0.97599	0.01202	0.01200	0
651	F	0.97599	0.0097	0.01431	0
652	V	0.97599	0.00896	0.01506	0
653	L	0.97599	0.00853	0.01548	0
654	L	0.97599	0.00208	0.02194	0
655	A	0.97599	0.00199	0.02203	0
656	A	0.97599	0.00197	0.02204	0
657	L	0.97599	0.00184	0.02217	0
658	R	0.97599	0.00185	0.02217	0
659	P	0.97599	0.00185	0.02217	0
660	Q	0.97599	0.00185	0.02217	0
661	W	0.97599	0.00185	0.02217	0
662	C	0.97599	0.00185	0.02217	0
663	S	0.97599	0.00185	0.02217	0
664	R	0.97943	0.00185	0.01873	0
665	E	0.97943	0.00185	0.01873	0
666	I	0.97943	0.00185	0.01873	0
667	P	0.97943	0.00185	0.01873	0
668	D	0.97943	0.00185	0.01873	0
669	P	0.97943	0.00185	0.01873	0
670	A	0.97943	0.00185	0.01873	0
671	N	0.98330	0.00185	0.01485	0
672	S	0.98426	0.00185	0.01390	0
673	T	0.98636	0.00185	0.01179	0
674	C	0.98775	0.00185	0.01040	0
675	A	0.99412	0.00185	0.00403	0
676	K	0.99815	0.00185	0.00001	0
677	K	0.99815	0.00185	0.00001	0
678	Y	0.99815	0.00185	0.00001	0
679	P	0.99815	0.00185	0.00001	0
680	I	0.99815	0.00185	0.00001	0
681	A	0.99815	0.00185	0.00001	0
682	E	0.99815	0.00185	0.00001	0
683	E	0.99815	0.00185	0.00001	0
684	K	0.99815	0.00185	0.00001	0
685	T	0.99815	0.00185	0.00001	0
686	Q	0.99815	0.00185	0.00001	0
687	L	0.99815	0.00184	0.00001	0
688	P	0.99815	0.00184	0.00001	0
689	L	0.99815	0.00184	0.00001	0
690	D	0.99815	0.00184	0.00001	0
691	R	0.99815	0.00184	0.00001	0
692	L	0.99815	0.00151	0.00034	0
693	L	0.99815	0.00149	0.00036	0
694	I	0.99815	0.00148	0.00037	0
695	D	0.99815	0.00149	0.00036	0
696	W	0.99815	0.00135	0.00050	0
697	P	0.99815	0.00133	0.00053	0
698	T	0.99815	0.00131	0.00054	0
699	P	0.99815	0.00126	0.00060	0
700	E	0.99815	0.00125	0.00060	0
701	D	0.99815	0.00125	0.00060	0
702	P	0.99815	0.00125	0.00060	0
703	E	0.99815	0.00123	0.00063	0
704	P	0.99815	0.00121	0.00064	0
705	L	0.99815	0.00042	0.00143	0
706	V	0.99815	9e-05	0.00176	0
707	I	0.99815	1e-05	0.00184	0
708	S	0.99815	1e-05	0.00185	0
709	E	0.99815	0	0.00185	0
710	V	0.99815	0	0.00185	0
711	L	0.99815	0	0.00185	0
712	H	0.99815	0	0.00185	0
713	Q	0.99815	0	0.00185	0
714	V	0.99815	0	0.00185	0
715	T	0.99831	0	0.00169	0
716	P	0.99834	0	0.00166	0
717	V	0.99836	0	0.00164	0
718	F	0.99838	0	0.00162	0
719	R	0.99875	0	0.00125	0
720	H	0.99875	0	0.00125	0
721	P	0.99875	0	0.00125	0
722	P	0.99875	0	0.00125	0
723	C	0.99875	0	0.00125	0
724	S	0.99875	0	0.00125	0
725	N	0.99880	0	0.00120	0
726	W	0.99883	0	0.00117	0
727	P	0.99934	0	0.00066	0
728	Q	0.99997	0	0.00003	0
729	R	1.00000	0	0.00000	0
730	E	1.00000	0	0.00000	0
731	K	1.00000	0	0.00000	0
732	G	1.00000	0	0.00000	0
733	I	1.00000	0	0.00000	0
734	Q	1.00000	0	0.00000	0
735	G	1.00000	0	0.00000	0
736	H	1.00000	0	0.00000	0
737	Q	1.00000	0	0.00000	0
738	A	1.00000	0	0.00000	0
739	S	1.00000	0	0.00000	0
740	E	1.00000	0	0.00000	0
741	K	1.00000	0	0.00000	0
742	D	1.00000	0	0.00000	0
743	M	1.00000	0	0.00000	0
744	M	1.00000	0	0.00000	0
745	H	1.00000	0	0.00000	0
746	S	1.00000	0	0.00000	0
747	A	1.00000	0	0.00000	0
748	S	1.00000	0	0.00000	0
749	S	1.00000	0	0.00000	0
750	P	1.00000	0	0.00000	0
751	P	1.00000	0	0.00000	0
752	P	1.00000	0	0.00000	0
753	P	1.00000	0	0.00000	0
754	R	1.00000	0	0.00000	0
755	A	1.00000	0	0.00000	0
756	L	1.00000	0	0.00000	0
757	Q	1.00000	0	0.00000	0
758	A	1.00000	0	0.00000	0
759	E	1.00000	0	0.00000	0
760	S	1.00000	0	0.00000	0
761	R	1.00000	0	0.00000	0
762	Q	1.00000	0	0.00000	0
763	L	1.00000	0	0.00000	0
764	V	1.00000	0	0.00000	0
765	D	1.00000	0	0.00000	0
766	L	1.00000	0	0.00000	0
767	Y	1.00000	0	0.00000	0
768	K	1.00000	0	0.00000	0
769	V	1.00000	0	0.00000	0
770	L	1.00000	0	0.00000	0
771	E	1.00000	0	0.00000	0
772	S	1.00000	0	0.00000	0
773	R	1.00000	0	0.00000	0
774	G	1.00000	0	0.00000	0
775	S	1.00000	0	0.00000	0
776	D	1.00000	0	0.00000	0
777	P	1.00000	0	0.00000	0
778	K	1.00000	0	0.00000	0
779	P	1.00000	0	0.00000	0
780	E	1.00000	0	0.00000	0
781	N	1.00000	0	0.00000	0
782	P	1.00000	0	0.00000	0
783	A	1.00000	0	0.00000	0
784	C	1.00000	0	0.00000	0
785	P	1.00000	0	0.00000	0
786	W	1.00000	0	0.00000	0
787	T	1.00000	0	0.00000	0
788	V	1.00000	0	0.00000	0
789	L	1.00000	0	0.00000	0
790	P	1.00000	0	0.00000	0
791	A	1.00000	0	0.00000	0
792	G	1.00000	0	0.00000	0
793	D	1.00000	0	0.00000	0
794	L	1.00000	0	0.00000	0
795	P	1.00000	0	0.00000	0
796	T	1.00000	0	0.00000	0
797	H	1.00000	0	0.00000	0
798	D	1.00000	0	0.00000	0
799	G	1.00000	0	0.00000	0
800	Y	1.00000	0	0.00000	0
801	L	1.00000	0	0.00000	0
802	P	1.00000	0	0.00000	0
803	S	1.00000	0	0.00000	0
804	N	1.00000	0	0.00000	0
805	I	1.00000	0	0.00000	0
806	D	1.00000	0	0.00000	0
807	D	1.00000	0	0.00000	0
808	L	1.00000	0	0.00000	0
809	P	1.00000	0	0.00000	0
810	S	1.00000	0	0.00000	0
811	H	1.00000	0	0.00000	0
812	E	1.00000	0	0.00000	0
813	A	1.00000	0	0.00000	0
814	P	1.00000	0	0.00000	0
815	L	1.00000	0	0.00000	0
816	A	1.00000	0	0.00000	0
817	D	1.00000	0	0.00000	0
818	S	1.00000	0	0.00000	0
819	L	1.00000	0	0.00000	0
820	E	1.00000	0	0.00000	0
821	E	1.00000	0	0.00000	0
822	L	1.00000	0	0.00000	0
823	E	1.00000	0	0.00000	0
824	P	1.00000	0	0.00000	0
825	Q	1.00000	0	0.00000	0
826	H	1.00000	0	0.00000	0
827	I	1.00000	0	0.00000	0
828	S	1.00000	0	0.00000	0
829	L	1.00000	0	0.00000	0
830	S	1.00000	0	0.00000	0
831	V	1.00000	0	0.00000	0
832	F	1.00000	0	0.00000	0
833	P	1.00000	0	0.00000	0
834	S	1.00000	0	0.00000	0
835	S	1.00000	0	0.00000	0
836	S	1.00000	0	0.00000	0
837	L	1.00000	0	0.00000	0
838	H	1.00000	0	0.00000	0
839	P	1.00000	0	0.00000	0
840	L	1.00000	0	0.00000	0
841	T	1.00000	0	0.00000	0
842	F	1.00000	0	0.00000	0
843	S	1.00000	0	0.00000	0
844	C	1.00000	0	0.00000	0
845	G	1.00000	0	0.00000	0
846	D	1.00000	0	0.00000	0
847	K	1.00000	0	0.00000	0
848	L	1.00000	0	0.00000	0
849	T	1.00000	0	0.00000	0
850	L	1.00000	0	0.00000	0
851	D	1.00000	0	0.00000	0
852	Q	1.00000	0	0.00000	0
853	L	1.00000	0	0.00000	0
854	K	1.00000	0	0.00000	0
855	M	1.00000	0	0.00000	0
856	R	1.00000	0	0.00000	0
857	C	1.00000	0	0.00000	0
858	D	1.00000	0	0.00000	0
859	S	1.00000	0	0.00000	0
860	L	1.00000	0	0.00000	0
861	M	1.00000	0	0.00000	0
862	L	1.00000	0	0.00000	0
