# UNNAMED
#pos	aa	i	o	M	S
1	M	0.00000	0.00738	0.00000	0.99262
2	N	0.00000	0.00738	0.00000	0.99262
3	C	0.00000	0.00738	0.00000	0.99262
4	R	0.00000	0.00738	0.00000	0.99263
5	E	0.00000	0.00738	0.00000	0.99263
6	L	0.00000	0.00738	0.00000	0.99263
7	P	0.00000	0.00738	0.00000	0.99263
8	L	0.00000	0.00738	0.00000	0.99262
9	T	0.00000	0.00738	0.00000	0.99262
10	L	0.00000	0.00738	0.00000	0.99262
11	W	0.00000	0.00738	0.00000	0.99263
12	V	0.00000	0.00738	0.00000	0.99263
13	L	0.00000	0.00738	0.00000	0.99262
14	I	0.00000	0.00738	0.00000	0.99262
15	S	0.00000	0.00738	0.00000	0.99262
16	V	0.00000	0.00738	0.00000	0.99262
17	S	0.00000	0.00738	0.00000	0.99263
18	T	0.00000	0.00738	0.00000	0.99263
19	A	0.00000	0.15642	0.00000	0.84358
20	E	0.00000	0.4971	0.00000	0.5029
21	S	0.00000	0.53509	0.00000	0.46491
22	C	0.00000	0.82103	0.00000	0.17897
23	T	0.00000	0.82104	0.00000	0.17896
24	S	0.00000	0.86559	0.00000	0.13441
25	R	0.00000	0.99999	0.00000	0
26	P	0.00000	1	0.00000	0
27	H	0.00000	1	0.00000	0
28	I	0.00000	1	0.00000	0
29	T	0.00000	1	0.00000	0
30	V	0.00000	1	0.00000	0
31	V	0.00000	1	0.00000	0
32	E	0.00000	1	0.00000	0
33	G	0.00000	1	0.00000	0
34	E	0.00000	1	0.00000	0
35	P	0.00000	1	0.00000	0
36	F	0.00000	1	0.00000	0
37	Y	0.00000	1	0.00000	0
38	L	0.00000	1	0.00000	0
39	K	0.00000	1	0.00000	0
40	H	0.00000	1	0.00000	0
41	C	0.00000	1	0.00000	0
42	S	0.00000	1	0.00000	0
43	C	0.00000	1	0.00000	0
44	S	0.00000	1	0.00000	0
45	L	0.00000	1	0.00000	0
46	A	0.00000	1	0.00000	0
47	H	0.00000	1	0.00000	0
48	E	0.00000	1	0.00000	0
49	I	0.00000	1	0.00000	0
50	E	0.00000	1	0.00000	0
51	T	0.00000	1	0.00000	0
52	T	0.00000	1	0.00000	0
53	T	0.00000	1	0.00000	0
54	K	0.00000	1	0.00000	0
55	S	0.00000	1	0.00000	0
56	W	0.00000	1	0.00000	0
57	Y	0.00000	1	0.00000	0
58	K	0.00000	1	0.00000	0
59	S	0.00000	1	0.00000	0
60	S	0.00000	1	0.00000	0
61	G	0.00000	1	0.00000	0
62	S	0.00000	1	0.00000	0
63	Q	0.00000	1	0.00000	0
64	E	0.00000	1	0.00000	0
65	H	0.00000	1	0.00000	0
66	V	0.00000	1	0.00000	0
67	E	0.00000	1	0.00000	0
68	L	0.00000	1	0.00000	0
69	N	0.00000	1	0.00000	0
70	P	0.00000	1	0.00000	0
71	R	0.00000	1	0.00000	0
72	S	0.00000	1	0.00000	0
73	S	0.00000	1	0.00000	0
74	S	0.00000	1	0.00000	0
75	R	0.00000	1	0.00000	0
76	I	0.00000	1	0.00000	0
77	A	0.00000	1	0.00000	0
78	L	0.00000	1	0.00000	0
79	H	0.00000	1	0.00000	0
80	D	0.00000	1	0.00000	0
81	C	0.00000	1	0.00000	0
82	V	0.00000	0.99998	0.00002	0
83	L	0.00000	0.99998	0.00002	0
84	E	0.00000	0.99998	0.00002	0
85	F	0.00000	0.99998	0.00002	0
86	W	0.00000	0.99998	0.00002	0
87	P	0.00000	0.99998	0.00002	0
88	V	0.00000	0.99998	0.00002	0
89	E	0.00000	0.99998	0.00002	0
90	L	0.00000	0.99998	0.00002	0
91	N	0.00000	0.99998	0.00002	0
92	D	0.00000	0.99998	0.00002	0
93	T	0.00000	0.99998	0.00002	0
94	G	0.00000	0.99998	0.00002	0
95	S	0.00000	0.99998	0.00002	0
96	Y	0.00000	0.99998	0.00002	0
97	F	0.00000	0.99998	0.00002	0
98	F	0.00000	0.99998	0.00002	0
99	Q	0.00000	0.99998	0.00002	0
100	M	0.00000	0.99998	0.00002	0
101	K	0.00002	0.99998	0.00000	0
102	N	0.00002	0.99998	0.00000	0
103	Y	0.00002	0.99998	0.00000	0
104	T	0.00002	0.99998	0.00000	0
105	Q	0.00002	0.99998	0.00000	0
106	K	0.00002	0.99998	0.00000	0
107	W	0.00002	0.99998	0.00000	0
108	K	0.00002	0.99998	0.00000	0
109	L	0.00002	0.99998	0.00000	0
110	N	0.00002	0.99998	0.00000	0
111	V	0.00002	0.99998	0.00000	0
112	I	0.00002	0.99998	0.00000	0
113	R	0.00002	0.99998	0.00000	0
114	R	0.00002	0.99998	0.00000	0
115	N	0.00001	0.99998	0.00001	0
116	K	0.00001	0.99998	0.00002	0
117	H	0.00000	0.99998	0.00002	0
118	S	0.00000	0.99998	0.00002	0
119	C	0.00000	0.99998	0.00002	0
120	F	0.00000	0.99998	0.00002	0
121	T	0.00000	0.99998	0.00002	0
122	E	0.00000	0.99998	0.00002	0
123	R	0.00000	0.99998	0.00002	0
124	Q	0.00000	0.99998	0.00002	0
125	V	0.00000	0.99998	0.00002	0
126	T	0.00000	0.99998	0.00002	0
127	S	0.00000	0.99998	0.00002	0
128	K	0.00000	0.99998	0.00002	0
129	I	0.00000	0.99998	0.00002	0
130	V	0.00000	0.99998	0.00002	0
131	E	0.00000	0.99998	0.00002	0
132	V	0.00000	0.99998	0.00002	0
133	K	0.00000	0.99998	0.00002	0
134	K	0.00000	0.99998	0.00002	0
135	F	0.00000	0.99998	0.00002	0
136	F	0.00000	0.99998	0.00002	0
137	Q	0.00000	0.99999	0.00001	0
138	I	0.00000	1	0.00000	0
139	T	0.00000	1	0.00000	0
140	C	0.00000	1	0.00000	0
141	E	0.00000	1	0.00000	0
142	N	0.00000	1	0.00000	0
143	S	0.00000	1	0.00000	0
144	Y	0.00000	1	0.00000	0
145	Y	0.00000	1	0.00000	0
146	Q	0.00000	1	0.00000	0
147	T	0.00000	1	0.00000	0
148	L	0.00000	1	0.00000	0
149	V	0.00000	1	0.00000	0
150	N	0.00000	1	0.00000	0
151	S	0.00000	1	0.00000	0
152	T	0.00000	1	0.00000	0
153	S	0.00000	1	0.00000	0
154	L	0.00000	1	0.00000	0
155	Y	0.00000	1	0.00000	0
156	K	0.00000	1	0.00000	0
157	N	0.00000	1	0.00000	0
158	C	0.00000	1	0.00000	0
159	K	0.00000	1	0.00000	0
160	K	0.00000	1	0.00000	0
161	L	0.00000	1	0.00000	0
162	L	0.00000	1	0.00000	0
163	L	0.00000	1	0.00000	0
164	E	0.00000	1	0.00000	0
165	N	0.00000	1	0.00000	0
166	N	0.00000	1	0.00000	0
167	K	0.00000	1	0.00000	0
168	N	0.00000	1	0.00000	0
169	P	0.00000	1	0.00000	0
170	T	0.00000	1	0.00000	0
171	I	0.00000	1	0.00000	0
172	K	0.00000	1	0.00000	0
173	K	0.00000	1	0.00000	0
174	N	0.00000	1	0.00000	0
175	A	0.00000	1	0.00000	0
176	E	0.00000	1	0.00000	0
177	F	0.00000	1	0.00000	0
178	E	0.00000	1	0.00000	0
179	D	0.00000	1	0.00000	0
180	Q	0.00000	1	0.00000	0
181	G	0.00000	1	0.00000	0
182	Y	0.00000	1	0.00000	0
183	Y	0.00000	1	0.00000	0
184	S	0.00000	1	0.00000	0
185	C	0.00000	1	0.00000	0
186	V	0.00000	0.99999	0.00001	0
187	H	0.00000	0.99994	0.00006	0
188	F	0.00000	0.99994	0.00006	0
189	L	0.00000	0.99994	0.00006	0
190	H	0.00000	0.99994	0.00006	0
191	H	0.00000	0.99993	0.00007	0
192	N	0.00000	0.99993	0.00007	0
193	G	0.00000	0.9999	0.00010	0
194	K	0.00000	0.99978	0.00022	0
195	L	0.00000	0.98753	0.01247	0
196	F	0.00000	0.92817	0.07183	0
197	N	0.00000	0.9028	0.09720	0
198	I	0.00000	0.10022	0.89978	0
199	T	0.00000	0.09557	0.90443	0
200	K	0.00000	0.09249	0.90751	0
201	T	0.00000	0.03101	0.96899	0
202	F	0.00000	0.00924	0.99076	0
203	N	0.00000	0.007	0.99300	0
204	I	0.00000	1e-05	0.99999	0
205	T	0.00000	1e-05	0.99999	0
206	I	0.00000	1e-05	0.99999	0
207	V	0.00000	1e-05	0.99999	0
208	E	0.00002	1e-05	0.99997	0
209	D	0.00003	1e-05	0.99996	0
210	R	0.00004	1e-05	0.99995	0
211	S	0.00005	0	0.99995	0
212	N	0.00005	0	0.99995	0
213	I	0.00006	0	0.99994	0
214	V	0.00006	0	0.99994	0
215	P	0.00025	0	0.99975	0
216	V	0.00026	0	0.99974	0
217	L	0.00068	0	0.99932	0
218	L	0.04828	0	0.95172	0
219	G	0.46676	0	0.53324	0
220	P	0.89186	0	0.10814	0
221	K	0.96499	0	0.03501	0
222	L	0.96859	0	0.03141	0
223	N	0.98573	0	0.01427	0
224	H	0.98748	0	0.01252	0
225	V	0.99057	0	0.00943	0
226	A	0.99976	0	0.00024	0
227	V	0.99911	0	0.00089	0
228	E	0.99063	0	0.00937	0
229	L	0.91193	0	0.08807	0
230	G	0.90959	0	0.09041	0
231	K	0.89865	0	0.10135	0
232	N	0.10754	0	0.89246	0
233	V	0.00601	0	0.99399	0
234	R	0.00318	0	0.99682	0
235	L	0.00003	0	0.99997	0
236	N	0.00000	0	1.00000	0
237	C	0.00000	0	1.00000	0
238	S	0.00000	0	1.00000	0
239	A	0.00000	0	1.00000	0
240	L	0.00000	0	1.00000	0
241	L	0.00000	0	1.00000	0
242	N	0.00000	0	1.00000	0
243	E	0.00000	1e-05	0.99999	0
244	E	0.00000	1e-05	0.99999	0
245	D	0.00000	1e-05	0.99999	0
246	V	0.00000	1e-05	0.99999	0
247	I	0.00000	2e-05	0.99998	0
248	Y	0.00000	7e-05	0.99993	0
249	W	0.00000	0.00014	0.99986	0
250	M	0.00000	0.00062	0.99938	0
251	F	0.00000	0.04917	0.95083	0
252	G	0.00000	0.4783	0.52170	0
253	E	0.00000	0.95609	0.04391	0
254	E	0.00000	0.99962	0.00038	0
255	N	0.00000	0.99996	0.00004	0
256	G	0.00000	0.99999	0.00001	0
257	S	0.00000	1	0.00000	0
258	D	0.00000	1	0.00000	0
259	P	0.00000	1	0.00000	0
260	N	0.00000	1	0.00000	0
261	I	0.00000	1	0.00000	0
262	H	0.00000	1	0.00000	0
263	E	0.00000	1	0.00000	0
264	E	0.00000	1	0.00000	0
265	K	0.00000	1	0.00000	0
266	E	0.00000	1	0.00000	0
267	M	0.00000	1	0.00000	0
268	R	0.00000	1	0.00000	0
269	I	0.00000	1	0.00000	0
270	M	0.00000	1	0.00000	0
271	T	0.00000	1	0.00000	0
272	P	0.00000	1	0.00000	0
273	E	0.00000	1	0.00000	0
274	G	0.00000	1	0.00000	0
275	K	0.00000	1	0.00000	0
276	W	0.00000	1	0.00000	0
277	H	0.00000	1	0.00000	0
278	A	0.00000	1	0.00000	0
279	S	0.00000	1	0.00000	0
280	K	0.00000	0.99994	0.00006	0
281	V	0.00000	0.99994	0.00006	0
282	L	0.00000	0.99994	0.00006	0
283	R	0.00000	0.99994	0.00006	0
284	I	0.00000	0.99994	0.00006	0
285	E	0.00000	0.99994	0.00006	0
286	N	0.00000	0.99994	0.00006	0
287	I	0.00000	0.99994	0.00006	0
288	G	0.00000	0.99994	0.00006	0
289	E	0.00000	0.99994	0.00006	0
290	S	0.00000	0.99201	0.00799	0
291	N	0.00000	0.98228	0.01772	0
292	L	0.00000	0.00097	0.99903	0
293	N	0.00000	0.00028	0.99972	0
294	V	0.00000	1e-05	0.99999	0
295	L	0.00000	0	1.00000	0
296	Y	0.00000	0	1.00000	0
297	N	0.00000	0	1.00000	0
298	C	0.00000	0	1.00000	0
299	T	0.00000	0	1.00000	0
300	V	0.00000	0	1.00000	0
301	A	0.00000	0	1.00000	0
302	S	0.00000	0	1.00000	0
303	T	0.00000	0	1.00000	0
304	G	0.00000	0	1.00000	0
305	G	0.00000	0	1.00000	0
306	T	0.00000	0	1.00000	0
307	D	0.00000	0	1.00000	0
308	T	0.00000	0	1.00000	0
309	K	0.00000	0	1.00000	0
310	S	0.00003	0	0.99997	0
311	F	0.00901	0	0.99099	0
312	I	0.96658	0	0.03342	0
313	L	0.98600	0	0.01400	0
314	V	0.99683	0	0.00317	0
315	R	0.99726	0	0.00274	0
316	K	0.99998	0	0.00002	0
317	A	0.99999	0	0.00001	0
318	D	1.00000	0	0.00000	0
319	M	1.00000	0	0.00000	0
320	A	1.00000	0	0.00000	0
321	D	1.00000	0	0.00000	0
322	I	1.00000	0	0.00000	0
323	P	1.00000	0	0.00000	0
324	G	1.00000	0	0.00000	0
325	H	0.99994	0	0.00006	0
326	V	0.99957	0	0.00043	0
327	F	0.99918	0	0.00082	0
328	T	0.99853	0	0.00147	0
329	R	0.99221	0	0.00779	0
330	G	0.75777	0	0.24223	0
331	M	0.43673	0	0.56327	0
332	I	0.05323	0	0.94677	0
333	I	0.00051	0	0.99949	0
334	A	0.00001	0	0.99999	0
335	V	0.00000	0	1.00000	0
336	L	0.00000	0	1.00000	0
337	I	0.00000	0	1.00000	0
338	L	0.00000	0	1.00000	0
339	V	0.00000	0	1.00000	0
340	A	0.00000	0	1.00000	0
341	V	0.00000	0	1.00000	0
342	V	0.00000	0	1.00000	0
343	C	0.00000	0	1.00000	0
344	L	0.00000	0	1.00000	0
345	V	0.00000	0	1.00000	0
346	T	0.00000	4e-05	0.99996	0
347	V	0.00000	9e-05	0.99991	0
348	C	0.00000	0.00032	0.99968	0
349	V	0.00000	0.00082	0.99918	0
350	I	0.00000	0.0094	0.99060	0
351	Y	0.00000	0.14121	0.85879	0
352	R	0.00000	0.46301	0.53699	0
353	V	0.00000	0.48914	0.51086	0
354	D	0.00000	0.99766	0.00234	0
355	L	0.00000	0.99841	0.00159	0
356	V	0.00000	0.99974	0.00026	0
357	L	0.00000	0.99998	0.00002	0
358	F	0.00000	0.99999	0.00001	0
359	Y	0.00000	1	0.00000	0
360	R	0.00000	1	0.00000	0
361	H	0.00000	1	0.00000	0
362	L	0.00000	1	0.00000	0
363	T	0.00000	1	0.00000	0
364	R	0.00000	1	0.00000	0
365	R	0.00000	1	0.00000	0
366	D	0.00000	1	0.00000	0
367	E	0.00000	1	0.00000	0
368	T	0.00000	1	0.00000	0
369	L	0.00000	1	0.00000	0
370	T	0.00000	1	0.00000	0
371	D	0.00000	1	0.00000	0
372	G	0.00000	1	0.00000	0
373	K	0.00000	1	0.00000	0
374	T	0.00000	1	0.00000	0
375	Y	0.00000	1	0.00000	0
376	D	0.00000	1	0.00000	0
377	A	0.00000	1	0.00000	0
378	F	0.00000	1	0.00000	0
379	V	0.00000	1	0.00000	0
380	S	0.00000	1	0.00000	0
381	Y	0.00000	1	0.00000	0
382	L	0.00000	1	0.00000	0
383	K	0.00000	1	0.00000	0
384	E	0.00000	1	0.00000	0
385	C	0.00000	1	0.00000	0
386	R	0.00000	1	0.00000	0
387	P	0.00000	1	0.00000	0
388	E	0.00000	1	0.00000	0
389	N	0.00000	1	0.00000	0
390	G	0.00000	1	0.00000	0
391	E	0.00000	0.99998	0.00002	0
392	E	0.00000	0.99942	0.00058	0
393	H	0.00000	0.00273	0.99727	0
394	T	0.00000	0.00072	0.99928	0
395	F	0.00000	0.0005	0.99950	0
396	A	0.00000	0.00036	0.99964	0
397	V	0.00000	0.00032	0.99968	0
398	E	0.00000	0.00032	0.99968	0
399	I	0.00000	0.00032	0.99968	0
400	L	0.00000	0.0003	0.99970	0
401	P	0.00000	0.00029	0.99971	0
402	R	0.00000	0.00029	0.99971	0
403	V	0.00000	0.00029	0.99971	0
404	L	0.00000	0.00028	0.99972	0
405	E	0.00000	0.00028	0.99972	0
406	K	0.00000	8e-05	0.99992	0
407	H	0.00000	8e-05	0.99992	0
408	F	0.00000	7e-05	0.99992	0
409	G	0.00000	7e-05	0.99992	0
410	Y	0.00000	7e-05	0.99992	0
411	K	0.00000	7e-05	0.99992	0
412	L	0.00000	4e-05	0.99996	0
413	C	0.00002	1e-05	0.99998	0
414	I	0.00175	0	0.99825	0
415	F	0.15609	0	0.84391	0
416	E	0.99553	0	0.00447	0
417	R	0.99941	0	0.00059	0
418	D	0.99963	0	0.00037	0
419	V	0.99963	0	0.00037	0
420	V	0.99964	0	0.00036	0
421	P	0.99970	0	0.00030	0
422	G	0.99970	0	0.00030	0
423	G	0.99970	0	0.00030	0
424	A	0.99970	0	0.00030	0
425	V	0.99970	0	0.00030	0
426	V	0.99970	0	0.00030	0
427	D	0.99988	0	0.00012	0
428	E	0.99991	0	0.00009	0
429	I	0.99991	0	0.00009	0
430	H	0.99992	0	0.00008	0
431	S	0.99992	0	0.00008	0
432	L	0.99992	0	0.00008	0
433	I	0.99992	0	0.00008	0
434	E	0.99999	0	0.00001	0
435	K	0.96775	0	0.03225	0
436	S	0.94053	0	0.05946	0
437	R	0.35594	0	0.64406	0
438	R	0.35164	0	0.64836	0
439	L	0.10717	0	0.89283	0
440	I	0.08853	0	0.91147	0
441	I	0.00667	0	0.99333	0
442	V	0.00042	0	0.99958	0
443	L	0.00021	0	0.99979	0
444	S	0.00011	0	0.99989	0
445	K	0.00011	0	0.99989	0
446	S	0.00011	0	0.99989	0
447	Y	0.00011	0	0.99989	0
448	M	0.00011	0	0.99989	0
449	S	0.00011	0	0.99989	0
450	N	0.00011	0	0.99989	0
451	E	0.00011	0	0.99989	0
452	V	0.00011	0	0.99989	0
453	R	0.00011	0.0003	0.99960	0
454	Y	0.00011	0.00106	0.99884	0
455	E	0.00011	0.02602	0.97387	0
456	L	0.00011	0.04201	0.95789	0
457	E	0.00011	0.5911	0.40880	0
458	S	0.00011	0.76491	0.23498	0
459	G	0.00011	0.78917	0.21073	0
460	L	0.00011	0.7983	0.20160	0
461	H	0.00011	0.87036	0.12954	0
462	E	0.00011	0.91452	0.08537	0
463	A	0.00011	0.91461	0.08529	0
464	L	0.00011	0.86544	0.13446	0
465	V	0.00011	0.88245	0.11745	0
466	E	0.00011	0.7962	0.20369	0
467	R	0.00010	0.61061	0.38930	0
468	K	0.00009	0.48643	0.51348	0
469	I	0.00004	0.19579	0.80418	0
470	K	0.00002	0.16444	0.83554	0
471	I	0.00002	0.00092	0.99906	0
472	I	0.00002	0	0.99998	0
473	L	0.00002	0	0.99998	0
474	I	0.00002	0	0.99998	0
475	E	0.00002	0	0.99998	0
476	F	0.00002	0	0.99998	0
477	T	0.00002	0	0.99998	0
478	P	0.00002	0	0.99998	0
479	V	0.00002	0	0.99998	0
480	T	0.00002	0	0.99998	0
481	D	0.00002	0	0.99998	0
482	F	0.00002	0	0.99998	0
483	T	0.00002	0	0.99998	0
484	F	0.00004	0	0.99996	0
485	L	0.00033	0	0.99967	0
486	P	0.01229	0	0.98770	0
487	Q	0.45574	0	0.54426	0
488	S	0.48992	0	0.51008	0
489	L	0.54128	1e-05	0.45872	0
490	K	0.99991	4e-05	0.00004	0
491	L	0.99991	4e-05	0.00004	0
492	L	0.99991	5e-05	0.00003	0
493	K	0.99992	8e-05	0.00000	0
494	S	0.99992	8e-05	0.00000	0
495	H	0.99992	8e-05	0.00000	0
496	R	0.99992	8e-05	0.00000	0
497	V	0.99992	8e-05	0.00001	0
498	L	0.99992	7e-05	0.00001	0
499	K	0.99992	7e-05	0.00001	0
500	W	0.99992	1e-05	0.00008	0
501	K	0.99992	0	0.00008	0
502	A	0.99992	0	0.00008	0
503	D	0.99992	0	0.00008	0
504	K	0.99992	0	0.00008	0
505	S	0.99992	0	0.00008	0
506	L	0.99992	0	0.00008	0
507	S	0.99992	0	0.00008	0
508	Y	0.99992	0	0.00008	0
509	N	0.99992	0	0.00008	0
510	S	0.99992	0	0.00008	0
511	R	0.99992	0	0.00008	0
512	F	0.99992	0	0.00008	0
513	W	0.99992	0	0.00008	0
514	K	0.99992	0	0.00008	0
515	N	0.99992	0	0.00008	0
516	L	0.99992	0	0.00008	0
517	L	0.99992	0	0.00008	0
518	Y	0.99992	0	0.00008	0
519	L	0.99992	0	0.00008	0
520	M	0.99992	0	0.00008	0
521	P	0.99998	0	0.00002	0
522	A	0.99999	0	0.00001	0
523	K	1.00000	0	0.00000	0
524	T	1.00000	0	0.00000	0
525	V	1.00000	0	0.00000	0
526	K	1.00000	0	0.00000	0
527	P	1.00000	0	0.00000	0
528	G	1.00000	0	0.00000	0
529	R	1.00000	0	0.00000	0
530	D	1.00000	0	0.00000	0
531	E	1.00000	0	0.00000	0
532	P	1.00000	0	0.00000	0
533	E	1.00000	0	0.00000	0
534	V	1.00000	0	0.00000	0
535	L	1.00000	0	0.00000	0
536	P	1.00000	0	0.00000	0
537	V	1.00000	0	0.00000	0
538	L	1.00000	0	0.00000	0
539	S	1.00000	0	0.00000	0
540	E	1.00000	0	0.00000	0
541	S	1.00000	0	0.00000	0
