# UNNAMED
#pos	aa	i	o	M	S
1	M	0.00000	0.96402	0.00000	0.03598
2	A	0.00000	0.96402	0.00000	0.03598
3	C	0.00000	0.96402	0.00000	0.03598
4	R	0.00000	0.96402	0.00000	0.03598
5	Q	0.00000	0.96402	0.00000	0.03598
6	R	0.00000	0.96402	0.00000	0.03598
7	G	0.00000	0.96402	0.00000	0.03598
8	G	0.00000	0.96402	0.00000	0.03598
9	S	0.00000	0.96402	0.00000	0.03598
10	W	0.00000	0.96402	0.00000	0.03599
11	S	0.00000	0.96402	0.00000	0.03598
12	P	0.00000	0.96402	0.00000	0.03598
13	S	0.00000	0.96402	0.00000	0.03598
14	G	0.00000	0.96402	0.00000	0.03598
15	W	0.00000	0.96402	0.00000	0.03599
16	F	0.00000	0.96402	0.00000	0.03599
17	N	0.00000	0.96402	0.00000	0.03599
18	A	0.00000	0.96402	0.00000	0.03598
19	G	0.00000	0.96402	0.00000	0.03598
20	W	0.00000	0.96402	0.00000	0.03598
21	S	0.00000	0.96402	0.00000	0.03599
22	T	0.00000	0.96462	0.00000	0.03538
23	Y	0.00000	0.96462	0.00000	0.03538
24	R	0.00000	0.96462	0.00000	0.03538
25	S	0.00000	0.96462	0.00000	0.03538
26	I	0.00000	0.96463	0.00000	0.03538
27	S	0.00000	0.96462	0.00000	0.03538
28	L	0.00000	0.96541	0.00000	0.03457
29	F	0.00000	0.96764	0.00000	0.03236
30	F	0.00000	0.96763	0.00000	0.03237
31	A	0.00000	0.96764	0.00000	0.03237
32	L	0.00000	0.96764	0.00000	0.03237
33	V	0.00000	0.96764	0.00000	0.03236
34	T	0.00000	0.96764	0.00000	0.03236
35	S	0.00000	0.96764	0.00000	0.03237
36	G	0.00000	0.9762	0.00000	0.0238
37	N	0.00000	0.99403	0.00000	0.00596
38	S	0.00000	0.99404	0.00000	0.00596
39	I	0.00000	0.99408	0.00000	0.00592
40	D	0.00000	0.9941	0.00000	0.0059
41	V	0.00000	0.99411	0.00000	0.00589
42	S	0.00000	0.99412	0.00000	0.00588
43	Q	0.00000	0.99412	0.00000	0.00588
44	L	0.00000	0.9997	0.00000	0.00031
45	V	0.00000	0.99999	0.00000	1e-05
46	N	0.00000	0.99999	0.00000	1e-05
47	P	0.00000	0.99999	0.00000	1e-05
48	A	0.00000	0.99999	0.00000	1e-05
49	F	0.00000	1	0.00000	0
50	P	0.00000	1	0.00000	0
51	G	0.00000	1	0.00000	0
52	T	0.00000	1	0.00000	0
53	V	0.00000	1	0.00000	0
54	T	0.00000	1	0.00000	0
55	C	0.00000	1	0.00000	0
56	D	0.00000	1	0.00000	0
57	E	0.00000	1	0.00000	0
58	R	0.00000	1	0.00000	0
59	E	0.00000	1	0.00000	0
60	I	0.00000	1	0.00000	0
61	T	0.00000	1	0.00000	0
62	V	0.00000	1	0.00000	0
63	E	0.00000	1	0.00000	0
64	F	0.00000	1	0.00000	0
65	P	0.00000	1	0.00000	0
66	S	0.00000	1	0.00000	0
67	S	0.00000	1	0.00000	0
68	P	0.00000	1	0.00000	0
69	G	0.00000	1	0.00000	0
70	T	0.00000	1	0.00000	0
71	K	0.00000	1	0.00000	0
72	K	0.00000	1	0.00000	0
73	W	0.00000	1	0.00000	0
74	H	0.00000	1	0.00000	0
75	A	0.00000	1	0.00000	0
76	S	0.00000	1	0.00000	0
77	V	0.00000	1	0.00000	0
78	V	0.00000	1	0.00000	0
79	D	0.00000	1	0.00000	0
80	P	0.00000	1	0.00000	0
81	L	0.00000	1	0.00000	0
82	G	0.00000	1	0.00000	0
83	L	0.00000	1	0.00000	0
84	D	0.00000	1	0.00000	0
85	M	0.00000	1	0.00000	0
86	P	0.00000	1	0.00000	0
87	N	0.00000	1	0.00000	0
88	C	0.00000	1	0.00000	0
89	T	0.00000	1	0.00000	0
90	Y	0.00000	1	0.00000	0
91	I	0.00000	1	0.00000	0
92	L	0.00000	1	0.00000	0
93	D	0.00000	1	0.00000	0
94	P	0.00000	1	0.00000	0
95	E	0.00000	1	0.00000	0
96	K	0.00000	1	0.00000	0
97	L	0.00000	1	0.00000	0
98	T	0.00000	1	0.00000	0
99	L	0.00000	1	0.00000	0
100	R	0.00000	1	0.00000	0
101	A	0.00000	1	0.00000	0
102	T	0.00000	1	0.00000	0
103	Y	0.00000	1	0.00000	0
104	D	0.00000	1	0.00000	0
105	N	0.00000	1	0.00000	0
106	C	0.00000	1	0.00000	0
107	T	0.00000	1	0.00000	0
108	R	0.00000	1	0.00000	0
109	R	0.00000	1	0.00000	0
110	V	0.00000	1	0.00000	0
111	H	0.00000	1	0.00000	0
112	G	0.00000	1	0.00000	0
113	G	0.00000	1	0.00000	0
114	H	0.00000	1	0.00000	0
115	Q	0.00000	1	0.00000	0
116	M	0.00000	1	0.00000	0
117	T	0.00000	1	0.00000	0
118	I	0.00000	1	0.00000	0
119	R	0.00000	1	0.00000	0
120	V	0.00000	1	0.00000	0
121	M	0.00000	1	0.00000	0
122	N	0.00000	1	0.00000	0
123	N	0.00000	1	0.00000	0
124	S	0.00000	1	0.00000	0
125	A	0.00000	1	0.00000	0
126	A	0.00000	1	0.00000	0
127	L	0.00000	1	0.00000	0
128	R	0.00000	1	0.00000	0
129	H	0.00000	1	0.00000	0
130	G	0.00000	1	0.00000	0
131	A	0.00000	1	0.00000	0
132	V	0.00000	1	0.00000	0
133	M	0.00000	1	0.00000	0
134	Y	0.00000	1	0.00000	0
135	Q	0.00000	1	0.00000	0
136	F	0.00000	1	0.00000	0
137	F	0.00000	1	0.00000	0
138	C	0.00000	1	0.00000	0
139	P	0.00000	1	0.00000	0
140	A	0.00000	1	0.00000	0
141	M	0.00000	1	0.00000	0
142	Q	0.00000	1	0.00000	0
143	V	0.00000	1	0.00000	0
144	E	0.00000	1	0.00000	0
145	E	0.00000	1	0.00000	0
146	T	0.00000	1	0.00000	0
147	Q	0.00000	1	0.00000	0
148	G	0.00000	1	0.00000	0
149	L	0.00000	1	0.00000	0
150	S	0.00000	1	0.00000	0
151	A	0.00000	1	0.00000	0
152	S	0.00000	1	0.00000	0
153	T	0.00000	1	0.00000	0
154	I	0.00000	1	0.00000	0
155	C	0.00000	1	0.00000	0
156	Q	0.00000	1	0.00000	0
157	K	0.00000	1	0.00000	0
158	D	0.00000	1	0.00000	0
159	F	0.00000	1	0.00000	0
160	M	0.00000	1	0.00000	0
161	S	0.00000	1	0.00000	0
162	F	0.00000	1	0.00000	0
163	S	0.00000	1	0.00000	0
164	L	0.00000	1	0.00000	0
165	P	0.00000	1	0.00000	0
166	R	0.00000	1	0.00000	0
167	V	0.00000	1	0.00000	0
168	F	0.00000	1	0.00000	0
169	S	0.00000	1	0.00000	0
170	G	0.00000	1	0.00000	0
171	L	0.00000	1	0.00000	0
172	A	0.00000	1	0.00000	0
173	D	0.00000	1	0.00000	0
174	D	0.00000	1	0.00000	0
175	S	0.00000	1	0.00000	0
176	K	0.00000	1	0.00000	0
177	G	0.00000	1	0.00000	0
178	T	0.00000	1	0.00000	0
179	K	0.00000	1	0.00000	0
180	V	0.00000	1	0.00000	0
181	Q	0.00000	1	0.00000	0
182	M	0.00000	1	0.00000	0
183	G	0.00000	1	0.00000	0
184	W	0.00000	1	0.00000	0
185	S	0.00000	1	0.00000	0
186	I	0.00000	1	0.00000	0
187	E	0.00000	1	0.00000	0
188	V	0.00000	1	0.00000	0
189	G	0.00000	1	0.00000	0
190	D	0.00000	1	0.00000	0
191	G	0.00000	1	0.00000	0
192	A	0.00000	1	0.00000	0
193	R	0.00000	1	0.00000	0
194	A	0.00000	1	0.00000	0
195	K	0.00000	1	0.00000	0
196	T	0.00000	1	0.00000	0
197	L	0.00000	1	0.00000	0
198	T	0.00000	1	0.00000	0
199	L	0.00000	1	0.00000	0
200	P	0.00000	1	0.00000	0
201	E	0.00000	1	0.00000	0
202	A	0.00000	1	0.00000	0
203	M	0.00000	1	0.00000	0
204	K	0.00000	1	0.00000	0
205	E	0.00000	1	0.00000	0
206	G	0.00000	1	0.00000	0
207	F	0.00000	1	0.00000	0
208	S	0.00000	1	0.00000	0
209	L	0.00000	1	0.00000	0
210	L	0.00000	1	0.00000	0
211	I	0.00000	1	0.00000	0
212	D	0.00000	1	0.00000	0
213	N	0.00000	1	0.00000	0
214	H	0.00000	1	0.00000	0
215	R	0.00000	1	0.00000	0
216	M	0.00000	1	0.00000	0
217	T	0.00000	0.99996	0.00004	0
218	F	0.00000	0.99991	0.00009	0
219	H	0.00000	0.99991	0.00009	0
220	V	0.00000	0.99991	0.00009	0
221	P	0.00000	0.99991	0.00009	0
222	F	0.00000	0.99991	0.00009	0
223	N	0.00000	0.99991	0.00009	0
224	A	0.00000	0.99991	0.00009	0
225	T	0.00000	0.99991	0.00009	0
226	G	0.00000	0.99991	0.00009	0
227	V	0.00000	0.99991	0.00009	0
228	T	0.00000	0.99991	0.00009	0
229	H	0.00000	0.99991	0.00009	0
230	Y	0.00000	0.99991	0.00009	0
231	V	0.00000	0.99991	0.00009	0
232	Q	0.00000	0.99991	0.00009	0
233	G	0.00000	0.99991	0.00009	0
234	N	0.00000	0.99991	0.00009	0
235	S	0.00000	0.99991	0.00009	0
236	H	0.00000	0.99991	0.00009	0
237	L	0.00000	0.99991	0.00009	0
238	Y	0.00000	0.99991	0.00009	0
239	M	0.00000	0.99991	0.00009	0
240	V	0.00001	0.99991	0.00008	0
241	S	0.00009	0.99991	0.00001	0
242	L	0.00009	0.99991	0.00001	0
243	K	0.00009	0.99991	0.00000	0
244	L	0.00009	0.99991	0.00000	0
245	T	0.00009	0.99991	0.00000	0
246	F	0.00009	0.99991	0.00000	0
247	I	0.00009	0.99991	0.00000	0
248	S	0.00009	0.99991	0.00000	0
249	P	0.00009	0.99991	0.00000	0
250	G	0.00001	0.99991	0.00008	0
251	Q	0.00001	0.99991	0.00008	0
252	K	0.00001	0.99991	0.00008	0
253	V	0.00001	0.99991	0.00009	0
254	I	0.00000	0.99991	0.00009	0
255	F	0.00000	0.99991	0.00009	0
256	S	0.00000	0.99991	0.00009	0
257	S	0.00000	0.99991	0.00009	0
258	Q	0.00000	0.99991	0.00009	0
259	A	0.00000	0.99991	0.00009	0
260	I	0.00000	0.99991	0.00009	0
261	C	0.00000	0.99991	0.00009	0
262	A	0.00000	0.99991	0.00009	0
263	P	0.00000	0.99991	0.00009	0
264	D	0.00000	0.99991	0.00009	0
265	P	0.00000	0.99991	0.00009	0
266	V	0.00000	0.99991	0.00009	0
267	T	0.00000	0.99991	0.00009	0
268	C	0.00000	0.99999	0.00001	0
269	N	0.00000	0.99999	0.00001	0
270	A	0.00000	0.99999	0.00001	0
271	T	0.00000	0.99999	0.00001	0
272	H	0.00000	0.99999	0.00001	0
273	M	0.00000	0.99999	0.00001	0
274	T	0.00000	0.99999	0.00001	0
275	L	0.00000	0.99999	0.00001	0
276	T	0.00000	0.99999	0.00001	0
277	I	0.00000	0.99999	0.00001	0
278	P	0.00000	0.99999	0.00001	0
279	E	0.00000	0.99999	0.00001	0
280	F	0.00000	0.99999	0.00001	0
281	P	0.00000	1	0.00000	0
282	G	0.00000	1	0.00000	0
283	K	0.00000	1	0.00000	0
284	L	0.00000	1	0.00000	0
285	K	0.00000	1	0.00000	0
286	S	0.00000	1	0.00000	0
287	V	0.00000	1	0.00000	0
288	S	0.00000	1	0.00000	0
289	F	0.00000	1	0.00000	0
290	E	0.00000	1	0.00000	0
291	N	0.00000	1	0.00000	0
292	Q	0.00000	1	0.00000	0
293	N	0.00000	1	0.00000	0
294	I	0.00000	1	0.00000	0
295	D	0.00000	1	0.00000	0
296	V	0.00000	0.30168	0.69832	0
297	S	0.00000	0.30168	0.69832	0
298	Q	0.00000	0.30168	0.69832	0
299	L	0.00000	0.30168	0.69832	0
300	H	0.00000	0.30168	0.69832	0
301	D	0.00000	0.30168	0.69832	0
302	N	0.00000	0.30168	0.69832	0
303	G	0.00000	0.30168	0.69832	0
304	I	0.00000	0.30168	0.69832	0
305	D	0.00000	0.30168	0.69832	0
306	L	0.00000	0.30168	0.69832	0
307	E	0.00000	0.30168	0.69832	0
308	A	0.00000	0.30168	0.69832	0
309	T	0.00000	0.30168	0.69832	0
310	N	0.00000	0.30168	0.69832	0
311	G	0.00000	0.30166	0.69834	0
312	M	0.00000	0.30163	0.69837	0
313	K	0.00000	0.30163	0.69837	0
314	L	0.00000	0.30159	0.69841	0
315	H	0.00017	0.30158	0.69825	0
316	F	0.00536	0.30158	0.69305	0
317	S	0.56512	0.30158	0.13330	0
318	K	0.69813	0.30158	0.00028	0
319	T	0.69829	0.30158	0.00013	0
320	L	0.69832	0.30158	0.00010	0
321	L	0.69832	0.30158	0.00010	0
322	K	0.69832	0.30158	0.00009	0
323	T	0.69832	0.30158	0.00009	0
324	K	0.69831	0.30158	0.00010	0
325	L	0.69806	0.30158	0.00036	0
326	S	0.69800	0.30158	0.00041	0
327	E	0.69774	0.30158	0.00067	0
328	K	0.67286	0.30158	0.02555	0
329	C	0.14513	0.30158	0.55328	0
330	L	0.02613	0.30157	0.67229	0
331	L	0.00095	0.30125	0.69780	0
332	H	0.00001	0.30109	0.69891	0
333	Q	0.00001	0.30089	0.69910	0
334	F	0.00001	0.30055	0.69943	0
335	Y	0.00004	0.30052	0.69944	0
336	L	0.00007	0.30048	0.69945	0
337	A	0.00009	0.30047	0.69943	0
338	S	0.00009	0.30047	0.69943	0
339	L	0.00009	0.30047	0.69944	0
340	K	0.00009	0.30047	0.69944	0
341	L	0.00009	0.30046	0.69944	0
342	T	0.00009	0.30046	0.69945	0
343	F	0.00009	0.30046	0.69945	0
344	L	0.00009	0.30047	0.69944	0
345	L	0.00009	0.3007	0.69921	0
346	R	0.00009	0.30162	0.69829	0
347	P	0.00009	0.31273	0.68718	0
348	E	0.00009	0.58015	0.41976	0
349	T	0.00009	0.62802	0.37189	0
350	V	0.00005	0.68503	0.31491	0
351	S	0.00001	0.94821	0.05179	0
352	M	0.00000	0.8948	0.10520	0
353	V	0.00000	0.80542	0.19458	0
354	I	0.00001	0.80103	0.19895	0
355	Y	0.00029	0.80063	0.19908	0
356	P	0.00100	0.80062	0.19837	0
357	E	0.00110	0.80067	0.19823	0
358	C	0.00110	0.80058	0.19833	0
359	L	0.00110	0.79898	0.19992	0
360	C	0.00112	0.79849	0.20039	0
361	E	0.00112	0.79781	0.20107	0
362	S	0.00112	0.74173	0.25715	0
363	P	0.00112	0.51464	0.48424	0
364	V	0.00079	0.02382	0.97539	0
365	S	0.00067	0.01064	0.98869	0
366	I	0.00027	0.01031	0.98943	0
367	V	0.00022	0.0103	0.98948	0
368	T	0.00021	0.0103	0.98949	0
369	G	0.00019	0.01031	0.98950	0
370	E	0.00013	0.01033	0.98954	0
371	L	0.00012	0.01033	0.98955	0
372	C	0.00089	0.01038	0.98873	0
373	T	0.01215	0.01039	0.97747	0
374	Q	0.04764	0.01039	0.94198	0
375	D	0.07048	0.00881	0.92072	0
376	G	0.07595	0.00194	0.92210	0
377	F	0.08082	0.00194	0.91724	0
378	M	0.12296	0.00194	0.87510	0
379	D	0.19226	0.00194	0.80580	0
380	V	0.19418	0.00194	0.80388	0
381	E	0.20524	0.00194	0.79282	0
382	V	0.21860	0.00192	0.77947	0
383	Y	0.27212	0.00197	0.72591	0
384	S	0.96843	0.00202	0.02955	0
385	Y	0.97730	0.00223	0.02047	0
386	Q	0.98400	0.00235	0.01365	0
387	T	0.98457	0.00247	0.01296	0
388	Q	0.98465	0.00252	0.01283	0
389	P	0.98465	0.00254	0.01281	0
390	A	0.75076	0.00271	0.24653	0
391	L	0.69326	0.0029	0.30384	0
392	D	0.69117	0.00302	0.30581	0
393	L	0.69094	0.00286	0.30620	0
394	G	0.69083	0.00279	0.30637	0
395	T	0.68986	0.00275	0.30739	0
396	L	0.68018	0.00275	0.31707	0
397	R	0.68112	0.00275	0.31613	0
398	V	0.34114	0.00276	0.65611	0
399	G	0.16055	0.00282	0.83663	0
400	N	0.03523	0.00311	0.96166	0
401	S	0.02334	0.00345	0.97321	0
402	S	0.00970	0.00386	0.98644	0
403	C	0.00848	0.00406	0.98746	0
404	Q	0.00848	0.00406	0.98746	0
405	P	0.00848	0.00406	0.98746	0
406	V	0.00845	0.00406	0.98749	0
407	F	0.00845	0.00407	0.98748	0
408	E	0.00845	0.00452	0.98703	0
409	A	0.00845	0.13679	0.85476	0
410	Q	0.00845	0.29958	0.69197	0
411	S	0.00843	0.29977	0.69179	0
412	Q	0.00696	0.29983	0.69321	0
413	G	0.00215	0.29986	0.69799	0
414	L	0.00002	0.29991	0.70007	0
415	V	0.00024	0.30075	0.69900	0
416	R	0.00024	0.30606	0.69370	0
417	F	0.00026	0.30885	0.69089	0
418	H	0.00026	0.33912	0.66061	0
419	I	0.00027	0.40924	0.59049	0
420	P	0.00029	0.79326	0.20645	0
421	L	0.00030	0.95569	0.04402	0
422	N	0.00030	0.98619	0.01351	0
423	G	0.00030	0.991	0.00870	0
424	C	0.00030	0.99122	0.00848	0
425	G	0.00030	0.99124	0.00846	0
426	T	0.00030	0.99124	0.00846	0
427	R	0.00030	0.99125	0.00845	0
428	Y	0.00030	0.99125	0.00845	0
429	K	0.00030	0.99125	0.00845	0
430	F	0.00030	0.99125	0.00845	0
431	E	0.00030	0.99299	0.00671	0
432	D	0.00030	0.99957	0.00013	0
433	D	0.00029	0.99669	0.00302	0
434	K	0.00021	0.99669	0.00310	0
435	V	0.00001	0.99669	0.00330	0
436	V	0.00000	0.99669	0.00331	0
437	Y	0.00000	0.99669	0.00331	0
438	E	0.00000	0.99669	0.00331	0
439	N	0.00000	0.99669	0.00331	0
440	E	0.00000	0.99669	0.00331	0
441	I	0.00000	0.69761	0.30239	0
442	H	0.00000	0.69731	0.30269	0
443	A	0.00000	0.69723	0.30277	0
444	L	0.00000	0.69723	0.30277	0
445	W	0.00000	0.69723	0.30277	0
446	T	0.00000	0.69723	0.30277	0
447	D	0.00000	0.69723	0.30277	0
448	F	0.00000	0.69723	0.30277	0
449	P	0.00000	0.69723	0.30277	0
450	P	0.00000	0.69723	0.30277	0
451	S	0.00000	0.69723	0.30277	0
452	K	0.00000	0.69705	0.30295	0
453	I	0.00000	0.69662	0.30338	0
454	S	0.00000	0.69669	0.30331	0
455	R	0.00000	0.69688	0.30312	0
456	D	0.00006	0.69692	0.30302	0
457	S	0.00198	0.69692	0.30110	0
458	E	0.00204	0.69692	0.30105	0
459	F	0.00352	0.69692	0.29956	0
460	R	0.29788	0.69692	0.00520	0
461	M	0.30241	0.69692	0.00067	0
462	T	0.30242	0.69692	0.00066	0
463	V	0.30247	0.69692	0.00061	0
464	K	0.30247	0.69692	0.00061	0
465	C	0.30247	0.69692	0.00061	0
466	S	0.30247	0.69691	0.00062	0
467	Y	0.30247	0.69691	0.00062	0
468	S	0.30247	0.69691	0.00062	0
469	R	0.30247	0.69691	0.00062	0
470	N	0.30247	0.69687	0.00066	0
471	D	0.30247	0.69685	0.00068	0
472	M	0.30154	0.29159	0.40688	0
473	L	0.28733	0.27972	0.43295	0
474	L	0.24011	0.00504	0.75485	0
475	N	0.21454	0.00309	0.78237	0
476	I	0.06588	0.00297	0.93114	0
477	N	0.03362	0.00289	0.96348	0
478	V	0.00116	0.00019	0.99865	0
479	E	0.00090	6e-05	0.99904	0
480	S	0.00074	3e-05	0.99923	0
481	L	0.00061	3e-05	0.99936	0
482	T	0.00061	3e-05	0.99937	0
483	P	0.00061	3e-05	0.99937	0
484	P	0.00061	0	0.99939	0
485	V	0.00037	0	0.99962	0
486	A	0.00026	0	0.99974	0
487	S	0.00014	0	0.99986	0
488	V	0.00011	0	0.99989	0
489	K	0.00010	0	0.99989	0
490	L	0.00001	0	0.99999	0
491	G	0.00001	2e-05	0.99998	0
492	P	0.00003	5e-05	0.99992	0
493	F	0.00004	0.00016	0.99980	0
494	T	0.00093	0.00172	0.99735	0
495	L	0.00104	0.00277	0.99620	0
496	I	0.00186	0.0072	0.99094	0
497	L	0.01412	0.03628	0.94960	0
498	Q	0.67260	0.26336	0.06404	0
499	S	0.68426	0.28911	0.02663	0
500	Y	0.68680	0.29748	0.01572	0
501	P	0.69650	0.30188	0.00162	0
502	D	0.69688	0.30247	0.00064	0
503	N	0.69689	0.30247	0.00064	0
504	S	0.69689	0.30248	0.00063	0
505	Y	0.69689	0.30257	0.00053	0
506	Q	0.69691	0.3027	0.00039	0
507	Q	0.69692	0.30281	0.00027	0
508	P	0.69692	0.30291	0.00018	0
509	Y	0.69691	0.30294	0.00015	0
510	G	0.69691	0.30305	0.00004	0
511	E	0.69691	0.30308	0.00002	0
512	N	0.69691	0.30308	0.00002	0
513	E	0.69691	0.30308	0.00002	0
514	Y	0.69689	0.30308	0.00003	0
515	P	0.69689	0.30308	0.00003	0
516	L	0.69682	0.30308	0.00010	0
517	V	0.69681	0.30308	0.00011	0
518	R	0.69681	0.30308	0.00011	0
519	F	0.69681	0.30308	0.00011	0
520	L	0.69681	0.30308	0.00011	0
521	R	0.69681	0.30308	0.00011	0
522	Q	0.69681	0.30308	0.00011	0
523	P	0.69682	0.30308	0.00010	0
524	I	0.69682	0.30308	0.00010	0
525	Y	0.69682	0.30308	0.00010	0
526	M	0.69682	0.30308	0.00010	0
527	E	0.69682	0.30308	0.00010	0
528	V	0.69681	0.30308	0.00011	0
529	R	0.69677	0.30308	0.00014	0
530	V	0.69677	0.30308	0.00014	0
531	L	0.69677	0.30309	0.00014	0
532	N	0.69677	0.30309	0.00013	0
533	R	0.69677	0.3031	0.00013	0
534	D	0.69677	0.30318	0.00005	0
535	D	0.69677	0.30318	0.00005	0
536	P	0.69677	0.30318	0.00005	0
537	N	0.69676	0.30318	0.00005	0
538	I	0.00038	0.30318	0.69644	0
539	K	0.00038	0.30318	0.69644	0
540	L	0.00038	0.30318	0.69644	0
541	V	0.00037	0.30318	0.69644	0
542	L	0.00037	0.30318	0.69644	0
543	D	0.00037	0.30318	0.69644	0
544	D	0.00037	0.30318	0.69644	0
545	C	0.00018	0.30318	0.69664	0
546	W	0.00015	0.30318	0.69667	0
547	A	0.00000	0.30317	0.69683	0
548	T	0.00000	0.30317	0.69683	0
549	S	0.00000	0.30317	0.69683	0
550	T	0.00000	0.30317	0.69683	0
551	M	0.00000	0.30318	0.69682	0
552	D	0.00000	0.30321	0.69679	0
553	P	0.00000	0.30321	0.69679	0
554	D	0.00000	0.30321	0.69679	0
555	S	0.00000	0.30321	0.69679	0
556	F	0.00000	0.30322	0.69678	0
557	P	0.00000	0.30351	0.69649	0
558	Q	0.00000	0.3075	0.69250	0
559	W	0.00000	0.31434	0.68566	0
560	N	0.00000	0.3809	0.61910	0
561	V	0.00000	0.40057	0.59943	0
562	V	0.00000	0.45589	0.54411	0
563	V	0.00000	0.73999	0.26001	0
564	D	0.00000	0.99927	0.00073	0
565	G	0.00000	0.99969	0.00031	0
566	C	0.00000	0.99976	0.00024	0
567	A	0.00000	0.99976	0.00024	0
568	Y	0.00000	0.99982	0.00018	0
569	D	0.00001	0.99995	0.00004	0
570	L	0.00001	0.99994	0.00005	0
571	D	0.00001	0.99995	0.00003	0
572	N	0.00001	0.99995	0.00004	0
573	Y	0.00001	0.99995	0.00004	0
574	Q	0.00001	0.99995	0.00004	0
575	T	0.00001	0.99995	0.00004	0
576	T	0.00001	0.99995	0.00004	0
577	F	0.00001	0.99995	0.00004	0
578	H	0.00001	0.99995	0.00004	0
579	P	0.00001	0.99995	0.00004	0
580	V	0.00001	0.99995	0.00004	0
581	G	0.00001	0.99995	0.00004	0
582	S	0.00001	0.99995	0.00004	0
583	S	0.00001	0.99995	0.00004	0
584	V	0.00001	0.99995	0.00004	0
585	T	0.00001	0.99995	0.00004	0
586	H	0.00001	0.99995	0.00004	0
587	P	0.00002	0.99995	0.00003	0
588	D	0.00002	0.99995	0.00003	0
589	H	0.00003	0.99987	0.00011	0
590	Y	0.00003	0.99984	0.00013	0
591	Q	0.00005	0.99957	0.00038	0
592	R	0.00005	0.96283	0.03712	0
593	F	0.00005	0.8531	0.14685	0
594	D	0.00005	0.81741	0.18254	0
595	M	0.00004	0.44898	0.55098	0
596	K	0.00004	0.42895	0.57101	0
597	A	0.00004	0.26509	0.73487	0
598	F	0.00004	0.01737	0.98259	0
599	A	0.00004	0.00557	0.99439	0
600	F	0.00004	0.00036	0.99960	0
601	V	0.00004	0.0001	0.99986	0
602	S	0.00004	7e-05	0.99989	0
603	E	0.00004	2e-05	0.99994	0
604	A	0.00004	1e-05	0.99995	0
605	H	0.00004	1e-05	0.99995	0
606	V	0.00004	1e-05	0.99995	0
607	L	0.00004	1e-05	0.99995	0
608	S	0.00004	1e-05	0.99995	0
609	S	0.00004	1e-05	0.99995	0
610	L	0.00006	0	0.99994	0
611	V	0.00018	0	0.99982	0
612	Y	0.00082	0	0.99918	0
613	F	0.00248	0	0.99752	0
614	H	0.01214	0	0.98786	0
615	C	0.08854	1e-05	0.91145	0
616	S	0.50848	1e-05	0.49151	0
617	A	0.58579	1e-05	0.41419	0
618	L	0.59957	0	0.40043	0
619	I	0.61377	0	0.38623	0
620	C	0.69777	0	0.30223	0
621	N	0.87229	0	0.12771	0
622	R	0.97863	0	0.02137	0
623	L	0.98392	0	0.01608	0
624	S	0.99870	0	0.00130	0
625	P	0.99993	0	0.00007	0
626	D	0.99998	0	0.00002	0
627	S	0.99998	0	0.00002	0
628	P	0.99998	0	0.00002	0
629	L	0.99998	0	0.00002	0
630	C	0.99998	0	0.00002	0
631	S	0.99998	0	0.00002	0
632	V	0.99998	0	0.00002	0
633	T	0.99998	0	0.00002	0
634	C	0.99998	0	0.00002	0
635	P	0.99999	0	0.00001	0
636	V	0.99999	0	0.00001	0
637	S	0.99999	0	0.00001	0
638	S	0.99999	0	0.00001	0
639	R	0.99999	0	0.00001	0
640	H	0.99989	0	0.00011	0
641	R	0.99847	0	0.00153	0
642	R	0.98096	0	0.01904	0
643	A	0.97593	0	0.02407	0
644	T	0.97593	0	0.02407	0
645	G	0.97593	0	0.02407	0
646	A	0.97593	0	0.02407	0
647	T	0.97593	0	0.02407	0
648	E	0.97593	0	0.02407	0
649	A	0.97593	0	0.02407	0
650	E	0.97593	0	0.02407	0
651	K	0.96639	0	0.03361	0
652	M	0.70316	0	0.29684	0
653	T	0.69705	0	0.30295	0
654	V	0.69698	0	0.30302	0
655	S	0.69698	0	0.30302	0
656	L	0.69698	0	0.30302	0
657	P	0.69698	0	0.30302	0
658	G	0.69698	0	0.30302	0
659	P	0.69698	0	0.30302	0
660	I	0.69691	0	0.30309	0
661	L	0.69691	0	0.30309	0
662	L	0.69691	1e-05	0.30309	0
663	L	0.69691	0.00033	0.30276	0
664	S	0.69691	0.00871	0.29438	0
665	D	0.69691	0.02401	0.27908	0
666	D	0.69691	0.02407	0.27902	0
667	S	0.69691	0.02407	0.27902	0
668	S	0.69691	0.02407	0.27902	0
669	F	0.69691	0.02407	0.27902	0
670	R	0.69691	0.02413	0.27896	0
671	G	0.69691	0.02459	0.27851	0
672	V	0.69691	0.02995	0.27314	0
673	G	0.69691	0.12242	0.18068	0
674	S	0.69691	0.22566	0.07743	0
675	S	0.69691	0.30128	0.00181	0
676	D	0.69691	0.30298	0.00011	0
677	L	0.69691	0.30299	0.00011	0
678	K	0.69691	0.30302	0.00007	0
679	A	0.69691	0.30302	0.00007	0
680	S	0.69691	0.30303	0.00007	0
681	G	0.69691	0.30304	0.00006	0
682	S	0.69691	0.30306	0.00003	0
683	S	0.69691	0.30308	0.00001	0
684	G	0.69691	0.30309	0.00000	0
685	E	0.69691	0.30309	0.00000	0
686	K	0.69691	0.30309	0.00000	0
687	S	0.69691	0.30309	0.00000	0
688	R	0.69691	0.30309	0.00000	0
689	S	0.69691	0.30309	0.00000	0
690	E	0.69691	0.30309	0.00000	0
691	T	0.69691	0.30309	0.00000	0
692	G	0.69691	0.30309	0.00000	0
693	E	0.69691	0.30309	0.00000	0
694	E	0.69691	0.30309	0.00000	0
695	V	0.69691	0.30309	0.00000	0
696	G	0.69691	0.30309	0.00000	0
697	S	0.69691	0.30309	0.00000	0
698	R	0.69691	0.30309	0.00000	0
699	G	0.69691	0.30309	0.00000	0
700	A	0.69691	0.30309	0.00000	0
701	M	0.69691	0.30309	0.00000	0
702	D	0.69691	0.30309	0.00000	0
703	T	0.69691	0.30309	0.00000	0
704	K	0.69691	0.30309	0.00000	0
705	G	0.69691	0.30309	0.00000	0
706	H	0.69691	0.30309	0.00000	0
707	K	0.69691	0.30309	0.00000	0
708	T	0.69691	0.30309	0.00000	0
709	A	0.69691	0.30309	0.00000	0
710	G	0.69691	0.30309	0.00000	0
711	D	0.69691	0.30307	0.00002	0
712	V	0.69691	0.30259	0.00050	0
713	G	0.69691	0.30213	0.00096	0
714	S	0.69691	0.29733	0.00576	0
715	K	0.69691	0.27563	0.02746	0
716	A	0.69691	0.0514	0.25170	0
717	V	0.69691	0.0027	0.30039	0
718	A	0.69691	0.00016	0.30293	0
719	A	0.69691	0	0.30309	0
720	V	0.69691	0	0.30309	0
721	A	0.69691	0	0.30309	0
722	A	0.69691	0	0.30309	0
723	F	0.69691	0	0.30309	0
724	A	0.69691	0	0.30309	0
725	G	0.69691	0	0.30309	0
726	V	0.69691	0	0.30309	0
727	V	0.69691	0	0.30309	0
728	A	0.69691	0	0.30309	0
729	T	0.69691	0	0.30309	0
730	L	0.69691	0	0.30309	0
731	G	0.69691	0	0.30309	0
732	F	0.69691	0	0.30309	0
733	I	0.69692	0	0.30308	0
734	Y	0.69709	0	0.30291	0
735	Y	0.69985	0	0.30015	0
736	L	0.72142	0	0.27858	0
737	Y	0.82655	0	0.17345	0
738	E	1.00000	0	0.00000	0
739	K	1.00000	0	0.00000	0
740	R	1.00000	0	0.00000	0
741	T	1.00000	0	0.00000	0
742	V	1.00000	0	0.00000	0
743	S	1.00000	0	0.00000	0
744	N	1.00000	0	0.00000	0
745	H	1.00000	0	0.00000	0
