# UNNAMED
#pos	aa	i	o	M	S
1	M	0.00000	1	0.00000	0
2	P	0.00000	1	0.00000	0
3	G	0.00000	1	0.00000	0
4	G	0.00000	0.9883	0.01170	0
5	P	0.00000	0.87932	0.12068	0
6	G	0.00000	0.54152	0.45848	0
7	V	0.00000	0.22762	0.77238	0
8	L	0.00000	0.03655	0.96345	0
9	Q	0.00000	0.0155	0.98450	0
10	A	0.00000	0.00043	0.99957	0
11	L	0.00000	8e-05	0.99992	0
12	P	0.00000	6e-05	0.99994	0
13	A	0.00000	3e-05	0.99997	0
14	T	0.00000	1e-05	0.99999	0
15	I	0.00000	0	1.00000	0
16	F	0.00000	0	1.00000	0
17	L	0.00000	0	1.00000	0
18	L	0.00000	0	1.00000	0
19	F	0.00000	0	1.00000	0
20	L	0.00000	0	1.00000	0
21	L	0.00000	0	1.00000	0
22	S	0.00004	0	0.99996	0
23	A	0.00023	0	0.99977	0
24	V	0.00301	0	0.99699	0
25	Y	0.02697	0	0.97303	0
26	L	0.16279	0	0.83721	0
27	G	0.63559	0	0.36441	0
28	P	0.99488	0	0.00512	0
29	G	0.99968	0	0.00032	0
30	C	0.99988	0	0.00012	0
31	Q	0.99979	0	0.00021	0
32	A	0.97156	0	0.02844	0
33	L	0.11117	0	0.88883	0
34	W	0.00085	0	0.99915	0
35	M	0.00079	0	0.99921	0
36	H	0.00080	0	0.99920	0
37	K	0.00081	0	0.99919	0
38	V	0.00081	0	0.99919	0
39	P	0.00081	0	0.99919	0
40	A	0.00017	0	0.99983	0
41	S	0.00008	0	0.99992	0
42	L	0.00000	0	1.00000	0
43	M	0.00000	0	1.00000	0
44	V	0.00000	0	1.00000	0
45	S	0.00000	0	1.00000	0
46	L	0.00000	0	1.00000	0
47	G	0.00000	0	1.00000	0
48	E	0.00000	1e-05	0.99999	0
49	D	0.00000	6e-05	0.99994	0
50	A	0.00000	0.00062	0.99938	0
51	H	0.00000	0.25754	0.74246	0
52	F	0.00000	0.31586	0.68414	0
53	Q	0.00000	0.65328	0.34672	0
54	C	0.00000	0.97725	0.02275	0
55	P	0.00000	0.98355	0.01645	0
56	H	0.00000	0.99859	0.00141	0
57	N	0.00000	0.99923	0.00077	0
58	S	0.00000	0.99938	0.00062	0
59	S	0.00000	0.99939	0.00061	0
60	N	0.00000	1	0.00000	0
61	N	0.00000	1	0.00000	0
62	A	0.00000	1	0.00000	0
63	N	0.00000	1	0.00000	0
64	V	0.00000	0.99691	0.00309	0
65	T	0.00000	0.99217	0.00783	0
66	W	0.00000	0.97731	0.02269	0
67	W	0.00000	0.60684	0.39316	0
68	R	0.00000	0.02359	0.97641	0
69	V	0.00000	0.01261	0.98739	0
70	L	0.00000	0.00211	0.99789	0
71	H	0.00000	0.00112	0.99888	0
72	G	0.00000	0.00101	0.99899	0
73	N	0.00000	0.00096	0.99904	0
74	Y	0.00000	0	1.00000	0
75	T	0.00000	0	1.00000	0
76	W	0.00000	0	1.00000	0
77	P	0.00000	0	1.00000	0
78	P	0.00000	0	1.00000	0
79	E	0.00000	0	1.00000	0
80	F	0.00000	0	1.00000	0
81	L	0.00000	0	1.00000	0
82	G	0.00000	0	1.00000	0
83	P	0.00000	0	1.00000	0
84	G	0.00002	0	0.99998	0
85	E	0.00002	0	0.99998	0
86	D	0.00012	0	0.99988	0
87	P	0.01860	0	0.98140	0
88	N	0.01860	0	0.98140	0
89	G	0.48863	0	0.51137	0
90	T	0.85187	0	0.14813	0
91	L	0.86327	0	0.13673	0
92	I	0.86328	0	0.13672	0
93	I	0.99345	0	0.00655	0
94	Q	0.99865	0	0.00135	0
95	N	0.99999	0	0.00001	0
96	V	1.00000	0	0.00000	0
97	N	1.00000	0	0.00000	0
98	K	1.00000	0	0.00000	0
99	S	1.00000	0	0.00000	0
100	H	0.99996	0	0.00004	0
101	G	0.99983	0	0.00017	0
102	G	0.99853	0	0.00147	0
103	I	0.29905	0	0.70095	0
104	Y	0.13572	0	0.86428	0
105	V	0.02860	0	0.97140	0
106	C	0.00021	0	0.99979	0
107	R	0.00016	0	0.99984	0
108	V	0.00004	0	0.99996	0
109	Q	0.00003	0	0.99997	0
110	E	0.00003	0	0.99997	0
111	G	0.00001	0	0.99999	0
112	N	0.00000	0	1.00000	0
113	E	0.00000	0	1.00000	0
114	S	0.00000	0	1.00000	0
115	Y	0.00000	0	1.00000	0
116	Q	0.00000	0	1.00000	0
117	Q	0.00000	0	1.00000	0
118	S	0.00000	0	1.00000	0
119	C	0.00000	1e-05	0.99999	0
120	G	0.00000	7e-05	0.99993	0
121	T	0.00000	0.00025	0.99975	0
122	Y	0.00000	0.00436	0.99564	0
123	L	0.00000	0.02654	0.97346	0
124	R	0.00000	0.35669	0.64331	0
125	V	0.00000	0.50961	0.49039	0
126	R	0.00000	0.98816	0.01184	0
127	Q	0.00000	0.99974	0.00026	0
128	P	0.00000	0.99994	0.00006	0
129	P	0.00000	0.99998	0.00002	0
130	P	0.00000	0.99998	0.00002	0
131	R	0.00000	1	0.00000	0
132	P	0.00000	1	0.00000	0
133	F	0.00000	1	0.00000	0
134	L	0.00000	1	0.00000	0
135	D	0.00000	1	0.00000	0
136	M	0.00000	1	0.00000	0
137	G	0.00000	1	0.00000	0
138	E	0.00000	1	0.00000	0
139	G	0.00000	1	0.00000	0
140	T	0.00000	1	0.00000	0
141	K	0.00000	0.99999	0.00001	0
142	N	0.00000	0.99935	0.00065	0
143	R	0.00000	0.31304	0.68696	0
144	I	0.00000	0.00019	0.99981	0
145	I	0.00000	0	1.00000	0
146	T	0.00000	0	1.00000	0
147	A	0.00000	0	1.00000	0
148	E	0.00000	0	1.00000	0
149	G	0.00000	0	1.00000	0
150	I	0.00000	0	1.00000	0
151	I	0.00000	0	1.00000	0
152	L	0.00000	0	1.00000	0
153	L	0.00000	0	1.00000	0
154	F	0.00000	0	1.00000	0
155	C	0.00000	0	1.00000	0
156	A	0.00000	0	1.00000	0
157	V	0.00000	0	1.00000	0
158	V	0.00000	0	1.00000	0
159	P	0.00000	0	1.00000	0
160	G	0.00000	0	1.00000	0
161	T	0.00000	0	1.00000	0
162	L	0.00000	0	1.00000	0
163	L	0.00005	0	0.99995	0
164	L	0.00222	0	0.99778	0
165	F	0.31769	0	0.68231	0
166	R	1.00000	0	0.00000	0
167	K	1.00000	0	0.00000	0
168	R	1.00000	0	0.00000	0
169	W	1.00000	0	0.00000	0
170	Q	1.00000	0	0.00000	0
171	N	1.00000	0	0.00000	0
172	E	0.99999	0	0.00001	0
173	K	0.99985	0	0.00015	0
174	L	0.71210	0	0.28790	0
175	G	0.00000	0	1.00000	0
176	L	0.00000	0	1.00000	0
177	D	0.00000	0	1.00000	0
178	A	0.00000	0	1.00000	0
179	G	0.00000	0	1.00000	0
180	D	0.00000	0	1.00000	0
181	E	0.00000	0	1.00000	0
182	Y	0.00000	0	1.00000	0
183	E	0.00000	0	1.00000	0
184	D	0.00000	0	1.00000	0
185	E	0.00000	0	1.00000	0
186	N	0.00000	0	1.00000	0
187	L	0.00000	0	1.00000	0
188	Y	0.00000	0	1.00000	0
189	E	0.00000	0	1.00000	0
190	G	0.00000	0	1.00000	0
191	L	0.00000	0	1.00000	0
192	N	0.00000	0.00213	0.99787	0
193	L	0.00000	0.02802	0.97198	0
194	D	0.00000	0.98512	0.01488	0
195	D	0.00000	0.99934	0.00066	0
196	C	0.00000	0.99307	0.00693	0
197	S	0.00000	0.97367	0.02633	0
198	M	0.00000	0.79883	0.20117	0
199	Y	0.00000	0.79655	0.20345	0
200	E	0.00000	0.61452	0.38548	0
201	D	0.00000	0.58163	0.41837	0
202	I	0.00000	0.06953	0.93047	0
203	S	0.00000	0.0139	0.98610	0
204	R	0.00000	0.00465	0.99535	0
205	G	0.00000	0.00098	0.99902	0
206	L	0.00000	0	1.00000	0
207	Q	0.00000	0	1.00000	0
208	G	0.00000	0	1.00000	0
209	T	0.00000	0	1.00000	0
210	Y	0.00000	0	1.00000	0
211	Q	0.00000	0	1.00000	0
212	D	0.00000	0	1.00000	0
213	V	0.00000	0	1.00000	0
214	G	0.00000	0	1.00000	0
215	S	0.00002	0	0.99998	0
216	L	0.00005	0	0.99995	0
217	N	0.00236	0	0.99764	0
218	I	0.01584	0	0.98416	0
219	G	0.07358	0	0.92642	0
220	D	0.24253	0	0.75747	0
221	V	0.32107	0	0.67893	0
222	Q	0.71426	0	0.28574	0
223	L	0.82696	0	0.17304	0
224	E	1.00000	0	0.00000	0
225	K	1.00000	0	0.00000	0
226	P	1.00000	0	0.00000	0
