# UNNAMED
#pos	aa	i	o	M	S
1	M	0.00000	0.0004	0.00000	0.9996
2	S	0.00000	0.0004	0.00000	0.99961
3	P	0.00000	0.0004	0.00000	0.99961
4	P	0.00000	0.0004	0.00000	0.9996
5	L	0.00000	0.0004	0.00000	0.99961
6	C	0.00000	0.0004	0.00000	0.99961
7	P	0.00000	0.0004	0.00000	0.9996
8	L	0.00000	0.0004	0.00000	0.99961
9	L	0.00000	0.0004	0.00000	0.9996
10	L	0.00000	0.0004	0.00000	0.99961
11	L	0.00000	0.0004	0.00000	0.9996
12	A	0.00000	0.0004	0.00000	0.9996
13	V	0.00000	0.0004	0.00000	0.9996
14	G	0.00000	0.0004	0.00000	0.99961
15	L	0.00000	0.0004	0.00000	0.9996
16	R	0.00000	0.00063	0.00000	0.99937
17	L	0.00000	0.00063	0.00000	0.99937
18	A	0.00000	0.04813	0.00000	0.95187
19	G	0.00000	0.04816	0.00000	0.95184
20	T	0.00000	0.09768	0.00000	0.90232
21	L	0.00000	0.97	0.00000	0.03
22	N	0.00000	0.99628	0.00000	0.00373
23	P	0.00000	0.99627	0.00000	0.00373
24	S	0.00000	0.99627	0.00000	0.00373
25	D	0.00000	0.99981	0.00000	0.00018
26	P	0.00000	0.99982	0.00000	0.00018
27	N	0.00000	0.99982	0.00000	0.00018
28	T	0.00000	0.99982	0.00000	0.00018
29	C	0.00000	0.99982	0.00000	0.00018
30	S	0.00000	0.99996	0.00000	5e-05
31	F	0.00000	1	0.00000	0
32	W	0.00000	1	0.00000	0
33	E	0.00000	1	0.00000	0
34	S	0.00000	1	0.00000	0
35	F	0.00000	1	0.00000	0
36	T	0.00000	1	0.00000	0
37	T	0.00000	1	0.00000	0
38	T	0.00000	1	0.00000	0
39	T	0.00000	1	0.00000	0
40	K	0.00000	1	0.00000	0
41	E	0.00000	1	0.00000	0
42	S	0.00000	1	0.00000	0
43	H	0.00000	1	0.00000	0
44	S	0.00000	1	0.00000	0
45	R	0.00000	1	0.00000	0
46	P	0.00000	1	0.00000	0
47	F	0.00000	1	0.00000	0
48	S	0.00000	1	0.00000	0
49	L	0.00000	1	0.00000	0
50	L	0.00000	1	0.00000	0
51	P	0.00000	1	0.00000	0
52	S	0.00000	1	0.00000	0
53	E	0.00000	1	0.00000	0
54	P	0.00000	1	0.00000	0
55	C	0.00000	1	0.00000	0
56	E	0.00000	1	0.00000	0
57	R	0.00000	1	0.00000	0
58	P	0.00000	1	0.00000	0
59	W	0.00000	1	0.00000	0
60	E	0.00000	1	0.00000	0
61	G	0.00000	1	0.00000	0
62	P	0.00000	1	0.00000	0
63	H	0.00000	1	0.00000	0
64	T	0.00000	1	0.00000	0
65	C	0.00000	1	0.00000	0
66	P	0.00000	1	0.00000	0
67	Q	0.00000	1	0.00000	0
68	P	0.00000	1	0.00000	0
69	T	0.00000	1	0.00000	0
70	V	0.00000	1	0.00000	0
71	V	0.00000	1	0.00000	0
72	Y	0.00000	1	0.00000	0
73	R	0.00000	1	0.00000	0
74	T	0.00000	1	0.00000	0
75	V	0.00000	1	0.00000	0
76	Y	0.00000	1	0.00000	0
77	R	0.00000	1	0.00000	0
78	Q	0.00000	1	0.00000	0
79	V	0.00000	1	0.00000	0
80	V	0.00000	1	0.00000	0
81	K	0.00000	1	0.00000	0
82	T	0.00000	1	0.00000	0
83	D	0.00000	1	0.00000	0
84	H	0.00000	1	0.00000	0
85	R	0.00000	1	0.00000	0
86	Q	0.00000	1	0.00000	0
87	R	0.00000	1	0.00000	0
88	L	0.00000	1	0.00000	0
89	Q	0.00000	1	0.00000	0
90	C	0.00000	1	0.00000	0
91	C	0.00000	1	0.00000	0
92	H	0.00000	1	0.00000	0
93	G	0.00000	1	0.00000	0
94	F	0.00000	1	0.00000	0
95	Y	0.00000	1	0.00000	0
96	E	0.00000	1	0.00000	0
97	S	0.00000	1	0.00000	0
98	R	0.00000	1	0.00000	0
99	G	0.00000	1	0.00000	0
100	F	0.00000	1	0.00000	0
101	C	0.00000	1	0.00000	0
102	V	0.00000	1	0.00000	0
103	P	0.00000	1	0.00000	0
104	L	0.00000	1	0.00000	0
105	C	0.00000	1	0.00000	0
106	A	0.00000	1	0.00000	0
107	Q	0.00000	1	0.00000	0
108	E	0.00000	1	0.00000	0
109	C	0.00000	1	0.00000	0
110	V	0.00000	1	0.00000	0
111	H	0.00000	1	0.00000	0
112	G	0.00000	1	0.00000	0
113	R	0.00000	1	0.00000	0
114	C	0.00000	1	0.00000	0
115	V	0.00000	1	0.00000	0
116	A	0.00000	1	0.00000	0
117	P	0.00000	1	0.00000	0
118	N	0.00000	1	0.00000	0
119	Q	0.00000	1	0.00000	0
120	C	0.00000	1	0.00000	0
121	Q	0.00000	1	0.00000	0
122	C	0.00000	1	0.00000	0
123	V	0.00000	1	0.00000	0
124	P	0.00000	1	0.00000	0
125	G	0.00000	1	0.00000	0
126	W	0.00000	1	0.00000	0
127	R	0.00000	1	0.00000	0
128	G	0.00000	1	0.00000	0
129	D	0.00000	1	0.00000	0
130	D	0.00000	1	0.00000	0
131	C	0.00000	1	0.00000	0
132	S	0.00000	1	0.00000	0
133	S	0.00000	1	0.00000	0
134	E	0.00000	1	0.00000	0
135	C	0.00000	1	0.00000	0
136	A	0.00000	1	0.00000	0
137	P	0.00000	1	0.00000	0
138	G	0.00000	1	0.00000	0
139	M	0.00000	1	0.00000	0
140	W	0.00000	1	0.00000	0
141	G	0.00000	1	0.00000	0
142	P	0.00000	1	0.00000	0
143	Q	0.00000	1	0.00000	0
144	C	0.00000	1	0.00000	0
145	D	0.00000	1	0.00000	0
146	K	0.00000	1	0.00000	0
147	P	0.00000	1	0.00000	0
148	C	0.00000	1	0.00000	0
149	S	0.00000	1	0.00000	0
150	C	0.00000	1	0.00000	0
151	G	0.00000	1	0.00000	0
152	N	0.00000	1	0.00000	0
153	N	0.00000	1	0.00000	0
154	S	0.00000	1	0.00000	0
155	S	0.00000	1	0.00000	0
156	C	0.00000	1	0.00000	0
157	D	0.00000	1	0.00000	0
158	P	0.00000	1	0.00000	0
159	K	0.00000	1	0.00000	0
160	S	0.00000	1	0.00000	0
161	G	0.00000	1	0.00000	0
162	V	0.00000	1	0.00000	0
163	C	0.00000	1	0.00000	0
164	S	0.00000	1	0.00000	0
165	C	0.00000	1	0.00000	0
166	P	0.00000	1	0.00000	0
167	S	0.00000	1	0.00000	0
168	G	0.00000	1	0.00000	0
169	L	0.00000	1	0.00000	0
170	Q	0.00000	1	0.00000	0
171	P	0.00000	1	0.00000	0
172	P	0.00000	1	0.00000	0
173	N	0.00000	1	0.00000	0
174	C	0.00000	1	0.00000	0
175	L	0.00000	1	0.00000	0
176	Q	0.00000	1	0.00000	0
177	P	0.00000	1	0.00000	0
178	C	0.00000	1	0.00000	0
179	T	0.00000	1	0.00000	0
180	P	0.00000	1	0.00000	0
181	G	0.00000	1	0.00000	0
182	Y	0.00000	1	0.00000	0
183	Y	0.00000	1	0.00000	0
184	G	0.00000	1	0.00000	0
185	P	0.00000	1	0.00000	0
186	A	0.00000	1	0.00000	0
187	C	0.00000	1	0.00000	0
188	Q	0.00000	1	0.00000	0
189	F	0.00000	1	0.00000	0
190	R	0.00000	1	0.00000	0
191	C	0.00000	1	0.00000	0
192	Q	0.00000	1	0.00000	0
193	C	0.00000	1	0.00000	0
194	H	0.00000	1	0.00000	0
195	G	0.00000	1	0.00000	0
196	A	0.00000	1	0.00000	0
197	P	0.00000	1	0.00000	0
198	C	0.00000	1	0.00000	0
199	D	0.00000	1	0.00000	0
200	P	0.00000	1	0.00000	0
201	Q	0.00000	1	0.00000	0
202	T	0.00000	1	0.00000	0
203	G	0.00000	1	0.00000	0
204	A	0.00000	1	0.00000	0
205	C	0.00000	1	0.00000	0
206	F	0.00000	1	0.00000	0
207	C	0.00000	1	0.00000	0
208	P	0.00000	1	0.00000	0
209	A	0.00000	1	0.00000	0
210	E	0.00000	1	0.00000	0
211	R	0.00000	1	0.00000	0
212	T	0.00000	1	0.00000	0
213	G	0.00000	1	0.00000	0
214	P	0.00000	1	0.00000	0
215	S	0.00000	1	0.00000	0
216	C	0.00000	1	0.00000	0
217	D	0.00000	1	0.00000	0
218	V	0.00000	1	0.00000	0
219	S	0.00000	1	0.00000	0
220	C	0.00000	1	0.00000	0
221	S	0.00000	1	0.00000	0
222	Q	0.00000	1	0.00000	0
223	G	0.00000	1	0.00000	0
224	T	0.00000	1	0.00000	0
225	S	0.00000	1	0.00000	0
226	G	0.00000	1	0.00000	0
227	F	0.00000	1	0.00000	0
228	F	0.00000	1	0.00000	0
229	C	0.00000	1	0.00000	0
230	P	0.00000	1	0.00000	0
231	S	0.00000	1	0.00000	0
232	T	0.00000	1	0.00000	0
233	H	0.00000	1	0.00000	0
234	S	0.00000	1	0.00000	0
235	C	0.00000	1	0.00000	0
236	Q	0.00000	1	0.00000	0
237	N	0.00000	1	0.00000	0
238	G	0.00000	1	0.00000	0
239	G	0.00000	1	0.00000	0
240	V	0.00000	1	0.00000	0
241	F	0.00000	1	0.00000	0
242	Q	0.00000	1	0.00000	0
243	T	0.00000	1	0.00000	0
244	P	0.00000	1	0.00000	0
245	Q	0.00000	1	0.00000	0
246	G	0.00000	1	0.00000	0
247	S	0.00000	1	0.00000	0
248	C	0.00000	1	0.00000	0
249	S	0.00000	1	0.00000	0
250	C	0.00000	1	0.00000	0
251	P	0.00000	1	0.00000	0
252	P	0.00000	1	0.00000	0
253	G	0.00000	1	0.00000	0
254	W	0.00000	1	0.00000	0
255	M	0.00000	1	0.00000	0
256	G	0.00000	1	0.00000	0
257	T	0.00000	1	0.00000	0
258	I	0.00000	1	0.00000	0
259	C	0.00000	1	0.00000	0
260	S	0.00000	1	0.00000	0
261	L	0.00000	1	0.00000	0
262	P	0.00000	1	0.00000	0
263	C	0.00000	1	0.00000	0
264	P	0.00000	1	0.00000	0
265	E	0.00000	1	0.00000	0
266	G	0.00000	1	0.00000	0
267	F	0.00000	1	0.00000	0
268	H	0.00000	1	0.00000	0
269	G	0.00000	1	0.00000	0
270	P	0.00000	1	0.00000	0
271	N	0.00000	1	0.00000	0
272	C	0.00000	1	0.00000	0
273	S	0.00000	1	0.00000	0
274	Q	0.00000	1	0.00000	0
275	E	0.00000	1	0.00000	0
276	C	0.00000	1	0.00000	0
277	R	0.00000	1	0.00000	0
278	C	0.00000	1	0.00000	0
279	H	0.00000	1	0.00000	0
280	N	0.00000	1	0.00000	0
281	G	0.00000	1	0.00000	0
282	G	0.00000	1	0.00000	0
283	L	0.00000	1	0.00000	0
284	C	0.00000	1	0.00000	0
285	D	0.00000	1	0.00000	0
286	R	0.00000	1	0.00000	0
287	F	0.00000	1	0.00000	0
288	T	0.00000	1	0.00000	0
289	G	0.00000	1	0.00000	0
290	Q	0.00000	1	0.00000	0
291	C	0.00000	1	0.00000	0
292	R	0.00000	1	0.00000	0
293	C	0.00000	1	0.00000	0
294	A	0.00000	1	0.00000	0
295	P	0.00000	1	0.00000	0
296	G	0.00000	1	0.00000	0
297	Y	0.00000	1	0.00000	0
298	T	0.00000	1	0.00000	0
299	G	0.00000	1	0.00000	0
300	D	0.00000	1	0.00000	0
301	R	0.00000	1	0.00000	0
302	C	0.00000	1	0.00000	0
303	R	0.00000	1	0.00000	0
304	E	0.00000	1	0.00000	0
305	E	0.00000	1	0.00000	0
306	C	0.00000	1	0.00000	0
307	P	0.00000	1	0.00000	0
308	V	0.00000	1	0.00000	0
309	G	0.00000	1	0.00000	0
310	R	0.00000	1	0.00000	0
311	F	0.00000	1	0.00000	0
312	G	0.00000	1	0.00000	0
313	Q	0.00000	1	0.00000	0
314	D	0.00000	1	0.00000	0
315	C	0.00000	1	0.00000	0
316	A	0.00000	1	0.00000	0
317	E	0.00000	1	0.00000	0
318	T	0.00000	1	0.00000	0
319	C	0.00000	1	0.00000	0
320	D	0.00000	1	0.00000	0
321	C	0.00000	1	0.00000	0
322	A	0.00000	1	0.00000	0
323	P	0.00000	1	0.00000	0
324	D	0.00000	1	0.00000	0
325	A	0.00000	1	0.00000	0
326	R	0.00000	1	0.00000	0
327	C	0.00000	1	0.00000	0
328	F	0.00000	1	0.00000	0
329	P	0.00000	1	0.00000	0
330	A	0.00000	1	0.00000	0
331	N	0.00000	1	0.00000	0
332	G	0.00000	1	0.00000	0
333	A	0.00000	1	0.00000	0
334	C	0.00000	1	0.00000	0
335	L	0.00000	1	0.00000	0
336	C	0.00000	1	0.00000	0
337	E	0.00000	1	0.00000	0
338	H	0.00000	1	0.00000	0
339	G	0.00000	1	0.00000	0
340	F	0.00000	1	0.00000	0
341	T	0.00000	1	0.00000	0
342	G	0.00000	1	0.00000	0
343	D	0.00000	1	0.00000	0
344	R	0.00000	1	0.00000	0
345	C	0.00000	1	0.00000	0
346	T	0.00000	1	0.00000	0
347	D	0.00000	1	0.00000	0
348	R	0.00000	1	0.00000	0
349	L	0.00000	1	0.00000	0
350	C	0.00000	1	0.00000	0
351	P	0.00000	1	0.00000	0
352	D	0.00000	1	0.00000	0
353	G	0.00000	1	0.00000	0
354	F	0.00000	1	0.00000	0
355	Y	0.00000	1	0.00000	0
356	G	0.00000	1	0.00000	0
357	L	0.00000	1	0.00000	0
358	S	0.00000	1	0.00000	0
359	C	0.00000	1	0.00000	0
360	Q	0.00000	1	0.00000	0
361	A	0.00000	1	0.00000	0
362	P	0.00000	1	0.00000	0
363	C	0.00000	1	0.00000	0
364	T	0.00000	1	0.00000	0
365	C	0.00000	1	0.00000	0
366	D	0.00000	1	0.00000	0
367	R	0.00000	1	0.00000	0
368	E	0.00000	1	0.00000	0
369	H	0.00000	1	0.00000	0
370	S	0.00000	1	0.00000	0
371	L	0.00000	0.99999	0.00001	0
372	S	0.00000	0.99999	0.00001	0
373	C	0.00000	0.99999	0.00001	0
374	H	0.00000	0.99999	0.00001	0
375	P	0.00000	0.99999	0.00001	0
376	M	0.00000	0.99999	0.00001	0
377	N	0.00000	0.99999	0.00001	0
378	G	0.00000	0.99999	0.00001	0
379	E	0.00000	0.99999	0.00001	0
380	C	0.00000	0.99999	0.00001	0
381	S	0.00000	0.99999	0.00001	0
382	C	0.00000	0.99999	0.00001	0
383	L	0.00000	0.99999	0.00001	0
384	P	0.00000	0.99999	0.00001	0
385	G	0.00000	0.99999	0.00001	0
386	W	0.00000	0.99999	0.00001	0
387	A	0.00000	0.99999	0.00001	0
388	G	0.00000	0.99999	0.00001	0
389	L	0.00000	0.99999	0.00001	0
390	H	0.00000	0.99999	0.00001	0
391	C	0.00001	0.99999	0.00000	0
392	N	0.00001	0.99999	0.00000	0
393	E	0.00001	0.99999	0.00000	0
394	S	0.00001	0.99999	0.00000	0
395	C	0.00001	0.99999	0.00000	0
396	P	0.00001	0.99999	0.00000	0
397	Q	0.00001	0.99999	0.00000	0
398	D	0.00001	0.99999	0.00000	0
399	T	0.00001	0.99999	0.00000	0
400	H	0.00001	0.99999	0.00000	0
401	G	0.00001	0.99999	0.00000	0
402	P	0.00001	0.99999	0.00000	0
403	G	0.00001	0.9999	0.00009	0
404	C	0.00001	0.99987	0.00012	0
405	Q	0.00001	0.99969	0.00031	0
406	E	0.00001	0.99955	0.00044	0
407	H	0.00001	0.99697	0.00302	0
408	C	0.00000	0.91707	0.08293	0
409	L	0.00000	0.71182	0.28818	0
410	C	0.00000	0.67894	0.32106	0
411	L	0.00000	0.5379	0.46210	0
412	H	0.00000	0.53347	0.46653	0
413	G	0.00000	0.52827	0.47173	0
414	G	0.00000	0.52544	0.47456	0
415	V	0.00000	0.52243	0.47757	0
416	C	0.00000	0.52227	0.47773	0
417	Q	0.00000	0.52206	0.47794	0
418	A	0.00000	0.52179	0.47821	0
419	T	0.00000	0.52178	0.47822	0
420	S	0.00000	0.52178	0.47822	0
421	G	0.00000	0.52178	0.47822	0
422	L	0.00000	0.52178	0.47822	0
423	C	0.00000	0.52178	0.47822	0
424	Q	0.00000	0.52178	0.47822	0
425	C	0.00000	0.52178	0.47822	0
426	A	0.00001	0.52178	0.47821	0
427	P	0.00183	0.52178	0.47638	0
428	G	0.00326	0.52178	0.47496	0
429	Y	0.00848	0.52178	0.46974	0
430	T	0.18334	0.52178	0.29487	0
431	G	0.29477	0.52179	0.18345	0
432	P	0.42234	0.52179	0.05586	0
433	H	0.43691	0.52179	0.04130	0
434	C	0.47303	0.52179	0.00517	0
435	A	0.47418	0.52179	0.00403	0
436	S	0.47614	0.52179	0.00206	0
437	L	0.47677	0.52179	0.00144	0
438	C	0.47817	0.52179	0.00003	0
439	P	0.47821	0.52179	0.00000	0
440	P	0.47821	0.52179	0.00000	0
441	D	0.47638	0.52179	0.00183	0
442	T	0.39255	0.5217	0.08575	0
443	Y	0.02869	0.52168	0.44962	0
444	G	0.00552	0.52168	0.47280	0
445	V	0.00018	0.52167	0.47814	0
446	N	0.00002	0.52166	0.47832	0
447	C	0.00001	0.52161	0.47838	0
448	S	0.00001	0.52145	0.47855	0
449	A	0.00001	0.52138	0.47862	0
450	R	0.00001	0.52136	0.47863	0
451	C	0.00000	0.52134	0.47866	0
452	S	0.00000	0.52124	0.47876	0
453	C	0.00000	0.52094	0.47906	0
454	E	0.00000	0.52047	0.47953	0
455	N	0.00000	0.52028	0.47972	0
456	A	0.00000	0.52015	0.47985	0
457	I	0.00000	0.52008	0.47992	0
458	A	0.00000	0.52007	0.47993	0
459	C	0.00000	0.52011	0.47989	0
460	S	0.00000	0.52012	0.47988	0
461	P	0.00000	0.52016	0.47984	0
462	I	0.00000	0.52084	0.47916	0
463	D	0.00000	0.52544	0.47456	0
464	G	0.00000	0.52637	0.47363	0
465	E	0.00000	0.8818	0.11820	0
466	C	0.00000	0.99827	0.00173	0
467	V	0.00000	0.99827	0.00173	0
468	C	0.00001	0.99827	0.00172	0
469	K	0.00011	0.99827	0.00162	0
470	E	0.00016	0.99827	0.00156	0
471	G	0.00022	0.99826	0.00152	0
472	W	0.00031	0.99826	0.00142	0
473	Q	0.00124	0.99826	0.00050	0
474	R	0.00156	0.99827	0.00017	0
475	G	0.00157	0.99822	0.00021	0
476	N	0.00163	0.99794	0.00043	0
477	C	0.00171	0.99405	0.00424	0
478	S	0.00172	0.95474	0.04354	0
479	V	0.00172	0.87119	0.12709	0
480	P	0.00172	0.86381	0.13447	0
481	C	0.00172	0.85492	0.14336	0
482	P	0.00172	0.85138	0.14690	0
483	P	0.00172	0.83941	0.15887	0
484	G	0.00160	0.79838	0.20002	0
485	T	0.00151	0.7977	0.20079	0
486	W	0.00121	0.79769	0.20110	0
487	G	0.00020	0.79769	0.20211	0
488	F	0.00000	0.79769	0.20231	0
489	S	0.00000	0.79769	0.20231	0
490	C	0.00000	0.79769	0.20231	0
491	N	0.00000	0.79769	0.20231	0
492	A	0.00000	0.79769	0.20231	0
493	S	0.00001	0.79769	0.20230	0
494	C	0.00001	0.79741	0.20258	0
495	Q	0.00001	0.7968	0.20319	0
496	C	0.00001	0.79406	0.20593	0
497	A	0.00003	0.77154	0.22843	0
498	H	0.00039	0.7697	0.22991	0
499	E	0.00663	0.76907	0.22430	0
500	A	0.13208	0.73977	0.12815	0
501	V	0.13510	0.72779	0.13711	0
502	C	0.14890	0.72718	0.12392	0
503	S	0.17804	0.72713	0.09484	0
504	P	0.20049	0.72712	0.07239	0
505	Q	0.20049	0.72712	0.07239	0
506	T	0.20049	0.72712	0.07239	0
507	G	0.20049	0.72712	0.07239	0
508	A	0.20047	0.72732	0.07221	0
509	C	0.20047	0.72883	0.07070	0
510	T	0.20047	0.72883	0.07070	0
511	C	0.20047	0.72883	0.07070	0
512	T	0.20049	0.72875	0.07076	0
513	P	0.20054	0.72867	0.07078	0
514	G	0.20052	0.72771	0.07177	0
515	W	0.15515	0.69259	0.15227	0
516	H	0.13898	0.68505	0.17597	0
517	G	0.02330	0.63288	0.34382	0
518	A	0.00299	0.56415	0.43286	0
519	H	0.01366	0.52599	0.46035	0
520	C	0.06742	0.5252	0.40738	0
521	Q	0.07061	0.52372	0.40566	0
522	L	0.07062	0.52336	0.40603	0
523	P	0.07067	0.52335	0.40598	0
524	C	0.07067	0.52335	0.40598	0
525	P	0.07067	0.52334	0.40599	0
526	K	0.07063	0.52333	0.40603	0
527	G	0.06822	0.52333	0.40845	0
528	Q	0.05789	0.52333	0.41878	0
529	F	0.00248	0.52333	0.47418	0
530	G	0.00131	0.52335	0.47534	0
531	E	0.00051	0.52336	0.47614	0
532	G	0.00017	0.52336	0.47648	0
533	C	0.00013	0.52341	0.47646	0
534	A	0.00013	0.52372	0.47615	0
535	S	0.00016	0.53485	0.46499	0
536	R	0.00023	0.64208	0.35769	0
537	C	0.00031	0.68072	0.31897	0
538	D	0.00213	0.72186	0.27601	0
539	C	0.00320	0.72367	0.27313	0
540	D	0.00435	0.72382	0.27183	0
541	H	0.20546	0.72382	0.07072	0
542	S	0.20548	0.72382	0.07070	0
543	D	0.20549	0.72382	0.07069	0
544	G	0.20549	0.72381	0.07069	0
545	C	0.20550	0.72379	0.07070	0
546	D	0.20551	0.72371	0.07078	0
547	P	0.20551	0.66648	0.12801	0
548	V	0.20544	0.66166	0.13291	0
549	H	0.20527	0.66854	0.12619	0
550	G	0.20523	0.66861	0.12616	0
551	R	0.20499	0.69831	0.09670	0
552	C	0.20322	0.73188	0.06489	0
553	Q	0.20313	0.73177	0.06510	0
554	C	0.20288	0.73171	0.06541	0
555	Q	0.20287	0.73158	0.06555	0
556	A	0.20286	0.73147	0.06567	0
557	G	0.20286	0.73144	0.06570	0
558	W	0.20158	0.72864	0.06978	0
559	M	0.20120	0.72853	0.07027	0
560	G	0.06916	0.72847	0.20237	0
561	A	0.00645	0.72845	0.26510	0
562	R	0.00376	0.72845	0.26779	0
563	C	0.00000	0.72845	0.27155	0
564	H	0.00000	0.72844	0.27156	0
565	L	0.00004	0.72844	0.27152	0
566	S	0.00646	0.72844	0.26510	0
567	C	0.06237	0.72845	0.20918	0
568	P	0.06238	0.72845	0.20918	0
569	E	0.06238	0.72845	0.20917	0
570	G	0.06238	0.6564	0.28122	0
571	L	0.06238	0.64988	0.28775	0
572	W	0.06238	0.64964	0.28798	0
573	G	0.06238	0.65194	0.28568	0
574	V	0.06272	0.65198	0.28530	0
575	N	0.06281	0.65209	0.28509	0
576	C	0.06289	0.65212	0.28499	0
577	S	0.06306	0.65218	0.28476	0
578	N	0.06359	0.65269	0.28372	0
579	T	0.06387	0.65694	0.27919	0
580	C	0.03855	0.69651	0.26494	0
581	T	0.03833	0.71124	0.25043	0
582	C	0.01434	0.83501	0.15065	0
583	K	0.01424	0.85374	0.13201	0
584	N	0.01219	0.8501	0.13771	0
585	G	0.00837	0.795	0.19662	0
586	G	0.00442	0.5005	0.49508	0
587	T	0.00400	0.42402	0.57197	0
588	C	0.00301	0.42169	0.57531	0
589	L	0.00301	0.41663	0.58036	0
590	P	0.00301	0.41649	0.58050	0
591	E	0.00301	0.41646	0.58053	0
592	N	0.00291	0.41622	0.58087	0
593	G	0.00276	0.4161	0.58114	0
594	N	0.00080	0.41606	0.58313	0
595	C	0.00003	0.41481	0.58516	0
596	V	0.06870	0.41266	0.51864	0
597	C	0.07252	0.41214	0.51534	0
598	A	0.07626	0.40484	0.51890	0
599	P	0.07901	0.40425	0.51674	0
600	G	0.07901	0.40362	0.51737	0
601	F	0.07901	0.40656	0.51442	0
602	R	0.07905	0.43281	0.48814	0
603	G	0.07905	0.45011	0.47084	0
604	P	0.07916	0.45403	0.46681	0
605	S	0.07989	0.45685	0.46325	0
606	C	0.09686	0.46367	0.43947	0
607	Q	0.42883	0.46602	0.10515	0
608	R	0.43314	0.4661	0.10076	0
609	S	0.43657	0.46613	0.09730	0
610	C	0.44096	0.46616	0.09288	0
611	Q	0.51246	0.46617	0.02137	0
612	P	0.51710	0.46632	0.01658	0
613	G	0.51791	0.46758	0.01451	0
614	R	0.51773	0.46779	0.01448	0
615	Y	0.51551	0.46785	0.01663	0
616	G	0.50842	0.46901	0.02257	0
617	K	0.51378	0.46916	0.01706	0
618	R	0.51439	0.46916	0.01645	0
619	C	0.45188	0.46916	0.07896	0
620	V	0.45184	0.46916	0.07900	0
621	P	0.45184	0.46916	0.07900	0
622	C	0.42990	0.46916	0.10094	0
623	K	0.31438	0.46915	0.21646	0
624	C	0.08537	0.46915	0.44549	0
625	A	0.04935	0.4691	0.48155	0
626	N	0.03609	0.4691	0.49481	0
627	H	0.00479	0.46905	0.52616	0
628	S	0.00478	0.46905	0.52617	0
629	F	0.00478	0.46905	0.52617	0
630	C	0.00478	0.46905	0.52617	0
631	H	0.00478	0.46905	0.52617	0
632	P	0.00478	0.46906	0.52616	0
633	S	0.00478	0.46907	0.52615	0
634	N	0.00478	0.46932	0.52590	0
635	G	0.00476	0.46975	0.52548	0
636	T	0.00354	0.47843	0.51803	0
637	C	0.00001	0.47939	0.52060	0
638	Y	0.00000	0.4799	0.52010	0
639	C	0.00000	0.48512	0.51488	0
640	L	0.00000	0.48656	0.51344	0
641	A	0.00000	0.50196	0.49804	0
642	G	0.00000	0.52419	0.47581	0
643	W	0.00000	0.54503	0.45497	0
644	T	0.00000	0.54679	0.45321	0
645	G	0.00002	0.5974	0.40257	0
646	P	0.00010	0.67882	0.32108	0
647	D	0.00010	0.98641	0.01349	0
648	C	0.00010	0.99496	0.00494	0
649	S	0.00010	0.99496	0.00494	0
650	Q	0.00011	0.99496	0.00493	0
651	P	0.00011	0.99496	0.00493	0
652	C	0.00011	0.99495	0.00494	0
653	P	0.00011	0.99495	0.00493	0
654	P	0.00011	0.99495	0.00493	0
655	G	0.00010	0.99498	0.00492	0
656	H	0.00010	0.99503	0.00488	0
657	W	0.00010	0.99517	0.00473	0
658	G	0.00010	0.99804	0.00186	0
659	E	0.00013	0.99968	0.00020	0
660	N	0.00015	0.99973	0.00012	0
661	C	0.00018	0.99973	0.00009	0
662	A	0.00019	0.99973	0.00008	0
663	Q	0.00020	0.99973	0.00006	0
664	T	0.00024	0.99973	0.00003	0
665	C	0.00020	0.99973	0.00007	0
666	Q	0.00020	0.99973	0.00007	0
667	C	0.00016	0.99973	0.00011	0
668	H	0.00016	0.9997	0.00013	0
669	H	0.00016	0.99946	0.00038	0
670	G	0.00017	0.99844	0.00140	0
671	G	0.00017	0.99835	0.00148	0
672	T	0.00017	0.98638	0.01345	0
673	C	0.00017	0.98557	0.01426	0
674	H	0.00017	0.98316	0.01667	0
675	P	0.00017	0.98299	0.01684	0
676	Q	0.00017	0.98264	0.01719	0
677	D	0.00017	0.97847	0.02136	0
678	G	0.00013	0.94718	0.05269	0
679	S	0.00012	0.94361	0.05626	0
680	C	0.00001	0.88806	0.11193	0
681	I	0.00001	0.82531	0.17468	0
682	C	0.00001	0.82072	0.17927	0
683	P	0.00001	0.76085	0.23914	0
684	L	0.00001	0.60711	0.39288	0
685	G	0.00001	0.50617	0.49383	0
686	W	0.00001	0.18805	0.81194	0
687	T	0.00001	0.18057	0.81942	0
688	G	0.00000	0.0432	0.95680	0
689	H	0.00000	0.02054	0.97945	0
690	H	0.00000	0.01728	0.98272	0
691	C	0.00000	0.01417	0.98582	0
692	L	0.00009	0.01413	0.98578	0
693	E	0.00867	0.01393	0.97740	0
694	G	0.01454	0.01364	0.97181	0
695	C	0.01600	0.01351	0.97049	0
696	P	0.01629	0.00526	0.97845	0
697	L	0.01630	0.00503	0.97866	0
698	G	0.01634	0.00498	0.97868	0
699	T	0.01635	0.00498	0.97867	0
700	F	0.01638	0.00498	0.97864	0
701	G	0.01714	0.00502	0.97783	0
702	A	0.06698	0.00505	0.92797	0
703	N	0.08856	0.00512	0.90632	0
704	C	0.11469	0.00514	0.88017	0
705	S	0.26580	0.00514	0.72906	0
706	Q	0.44490	0.00514	0.54996	0
707	P	0.77340	0.00514	0.22145	0
708	C	0.77661	0.00515	0.21824	0
709	Q	0.80902	0.00515	0.18583	0
710	C	0.81049	0.00515	0.18436	0
711	G	0.84190	0.00515	0.15295	0
712	P	0.90310	0.00515	0.09175	0
713	G	0.95751	0.00515	0.03735	0
714	E	0.98391	0.0051	0.01099	0
715	K	0.98484	0.00509	0.01007	0
716	C	0.97775	0.0015	0.02075	0
717	H	0.97801	0.00102	0.02097	0
718	P	0.98428	0.00058	0.01514	0
719	E	0.97600	0.00058	0.02342	0
720	T	0.64428	0.00058	0.35514	0
721	G	0.55761	0.00058	0.44181	0
722	A	0.54568	0.00058	0.45374	0
723	C	0.54549	0.00058	0.45393	0
724	V	0.54549	0.00058	0.45393	0
725	C	0.54549	0.00058	0.45393	0
726	P	0.54549	0.00058	0.45393	0
727	P	0.54549	0.00058	0.45393	0
728	G	0.54549	0.00058	0.45393	0
729	H	0.54549	0.00058	0.45393	0
730	S	0.54522	0.00058	0.45420	0
731	G	0.54505	0.00058	0.45438	0
732	A	0.53005	0.00058	0.46937	0
733	P	0.53003	0.00073	0.46924	0
734	C	0.00059	0.00144	0.99798	0
735	R	0.00005	0.00178	0.99817	0
736	I	0.00005	0.00202	0.99793	0
737	G	0.00005	0.00586	0.99408	0
738	I	0.00007	0.00654	0.99339	0
739	Q	0.00441	0.03897	0.95663	0
740	E	0.00462	0.43892	0.55646	0
741	P	0.00462	0.44055	0.55484	0
742	F	0.00462	0.44167	0.55371	0
743	T	0.00462	0.44883	0.54655	0
744	V	0.00462	0.44912	0.54627	0
745	M	0.00462	0.44927	0.54611	0
746	P	0.00462	0.44956	0.54582	0
747	T	0.00462	0.44963	0.54575	0
748	T	0.00462	0.44952	0.54586	0
749	P	0.00462	0.4493	0.54608	0
750	V	0.00462	0.44904	0.54634	0
751	A	0.00462	0.44862	0.54677	0
752	Y	0.00462	0.45174	0.54364	0
753	N	0.00461	0.50958	0.48580	0
754	S	0.00460	0.54304	0.45236	0
755	L	0.00014	0.1995	0.80037	0
756	G	0.00013	0.51565	0.48421	0
757	A	0.00006	0.40813	0.59181	0
758	V	0.00000	0.1269	0.87309	0
759	I	0.00000	0.01207	0.98793	0
760	G	0.00000	0.00048	0.99952	0
761	I	0.00000	0	1.00000	0
762	A	0.00000	0	1.00000	0
763	V	0.00001	0	0.99999	0
764	L	0.00002	0	0.99998	0
765	G	0.00004	0	0.99996	0
766	S	0.00005	0	0.99995	0
767	L	0.00007	0	0.99993	0
768	V	0.00012	0	0.99988	0
769	V	0.00023	0	0.99977	0
770	A	0.00029	0	0.99971	0
771	L	0.00040	0	0.99960	0
772	V	0.00072	0	0.99928	0
773	A	0.00094	0	0.99906	0
774	L	0.00098	0	0.99902	0
775	F	0.00107	2e-05	0.99892	0
776	I	0.00527	0.00025	0.99448	0
777	G	0.04834	0.00224	0.94942	0
778	Y	0.12158	0.00343	0.87499	0
779	R	0.95339	0.00453	0.04208	0
780	H	0.96962	0.00459	0.02579	0
781	W	0.97386	0.0046	0.02154	0
782	Q	0.99493	0.00462	0.00045	0
783	K	0.99538	0.00462	0.00000	0
784	G	0.99538	0.00462	0.00000	0
785	K	0.99538	0.00462	0.00000	0
786	E	0.99538	0.00461	0.00001	0
787	H	0.99538	0.0046	0.00002	0
788	H	0.99538	0.00448	0.00015	0
789	H	0.99482	0.00426	0.00092	0
790	L	0.98601	0.00324	0.01075	0
791	A	0.98471	0.0032	0.01209	0
792	V	0.98394	0.0032	0.01286	0
793	A	0.98209	0.0032	0.01471	0
794	Y	0.98196	0.0032	0.01484	0
795	S	0.54864	0.00319	0.44817	0
796	S	0.54864	0.00316	0.44820	0
797	G	0.54864	0.00315	0.44822	0
798	R	0.54864	0.00314	0.44822	0
799	L	0.54864	0.00312	0.44824	0
800	D	0.54864	0.00312	0.44824	0
801	G	0.54864	0.00311	0.44826	0
802	S	0.54864	0.0025	0.44886	0
803	E	0.54864	0.00204	0.44932	0
804	Y	0.54864	0.00145	0.44992	0
805	V	0.54864	7e-05	0.45129	0
806	M	0.54864	5e-05	0.45131	0
807	P	0.54864	7e-05	0.45130	0
808	D	0.54864	0.00115	0.45022	0
809	V	0.54877	0.00123	0.45000	0
810	P	0.54888	0.00193	0.44919	0
811	P	0.54906	0.00303	0.44792	0
812	S	0.54909	0.00348	0.44743	0
813	Y	0.54913	0.0039	0.44697	0
814	S	0.54998	0.00797	0.44205	0
815	H	0.55003	0.01635	0.43362	0
816	Y	0.55004	0.03967	0.41029	0
817	Y	0.55007	0.15993	0.29001	0
818	S	0.55012	0.41221	0.03767	0
819	N	0.55013	0.44243	0.00744	0
820	P	0.55013	0.44306	0.00680	0
821	S	0.55015	0.36716	0.08269	0
822	Y	0.55016	0.27517	0.17468	0
823	H	0.55025	0.1104	0.33935	0
824	T	0.55061	0.01367	0.43572	0
825	L	0.55102	0.00076	0.44822	0
826	S	0.55246	0.00056	0.44697	0
827	Q	0.55309	0.00022	0.44669	0
828	C	0.55310	0.0002	0.44670	0
829	S	0.55312	0.0002	0.44668	0
830	P	0.55312	0.0002	0.44668	0
831	N	0.55312	0.0002	0.44668	0
832	P	0.55312	0.0002	0.44668	0
833	P	0.55316	0.0002	0.44664	0
834	P	0.55324	0.00017	0.44659	0
835	P	0.55334	0.00013	0.44653	0
836	N	0.55361	9e-05	0.44630	0
837	K	0.55426	8e-05	0.44566	0
838	V	0.55426	4e-05	0.44570	0
839	P	0.55426	3e-05	0.44571	0
840	G	0.55426	3e-05	0.44571	0
841	P	0.55426	3e-05	0.44571	0
842	L	0.55426	2e-05	0.44572	0
843	F	0.63158	2e-05	0.36840	0
844	A	0.76654	2e-05	0.23344	0
845	S	0.87261	2e-05	0.12737	0
846	L	0.91572	2e-05	0.08425	0
847	Q	0.99899	8e-05	0.00094	0
848	N	0.99965	9e-05	0.00026	0
849	P	0.99967	9e-05	0.00024	0
850	E	0.99972	9e-05	0.00019	0
851	R	0.99972	9e-05	0.00019	0
852	P	0.99972	9e-05	0.00019	0
853	G	0.99972	9e-05	0.00019	0
854	G	0.99972	9e-05	0.00019	0
855	A	0.99972	9e-05	0.00019	0
856	Q	0.99972	9e-05	0.00019	0
857	G	0.99973	9e-05	0.00018	0
858	H	0.99983	9e-05	0.00008	0
859	D	0.99989	9e-05	0.00002	0
860	N	0.99989	9e-05	0.00002	0
861	H	0.99989	9e-05	0.00002	0
862	T	0.99989	9e-05	0.00002	0
863	T	0.99989	9e-05	0.00002	0
864	L	0.99989	9e-05	0.00002	0
865	P	0.99990	9e-05	0.00001	0
866	A	0.99990	9e-05	0.00001	0
867	D	0.99991	9e-05	0.00000	0
868	W	0.99991	9e-05	0.00000	0
869	K	0.99991	9e-05	0.00000	0
870	H	0.99991	9e-05	0.00000	0
871	R	0.99991	9e-05	0.00000	0
872	R	0.99991	9e-05	0.00000	0
873	E	0.99991	9e-05	0.00000	0
874	P	0.99991	9e-05	0.00000	0
875	P	0.99991	9e-05	0.00000	0
876	P	0.99991	9e-05	0.00000	0
877	G	0.99991	9e-05	0.00000	0
878	P	0.99991	9e-05	0.00000	0
879	L	0.99991	9e-05	0.00000	0
880	D	0.99991	9e-05	0.00000	0
881	R	0.99991	9e-05	0.00000	0
882	G	0.99991	9e-05	0.00000	0
883	S	0.99991	9e-05	0.00000	0
884	S	0.99991	1e-05	0.00008	0
885	R	0.99991	0	0.00009	0
886	L	0.99991	0	0.00009	0
887	D	0.99991	0	0.00009	0
888	R	0.99991	0	0.00009	0
889	S	0.99991	0	0.00009	0
890	Y	0.99991	0	0.00009	0
891	S	0.99991	0	0.00009	0
892	Y	0.99991	0	0.00009	0
893	S	0.99991	0	0.00009	0
894	Y	0.99991	0	0.00009	0
895	S	0.99991	0	0.00009	0
896	N	0.99991	0	0.00009	0
897	G	0.99991	0	0.00009	0
898	P	0.99991	0	0.00009	0
899	G	0.99991	0	0.00009	0
900	P	0.99991	0	0.00009	0
901	F	0.99991	0	0.00009	0
902	Y	0.99991	0	0.00009	0
903	N	0.99993	0	0.00007	0
904	K	1.00000	0	0.00000	0
905	G	1.00000	0	0.00000	0
906	L	1.00000	0	0.00000	0
907	I	1.00000	0	0.00000	0
908	S	1.00000	0	0.00000	0
909	E	1.00000	0	0.00000	0
910	E	1.00000	0	0.00000	0
911	E	1.00000	0	0.00000	0
912	L	1.00000	0	0.00000	0
913	G	1.00000	0	0.00000	0
914	A	1.00000	0	0.00000	0
915	S	1.00000	0	0.00000	0
916	V	1.00000	0	0.00000	0
917	A	1.00000	0	0.00000	0
918	S	1.00000	0	0.00000	0
919	L	1.00000	0	0.00000	0
920	S	1.00000	0	0.00000	0
921	S	1.00000	0	0.00000	0
922	E	1.00000	0	0.00000	0
923	N	1.00000	0	0.00000	0
924	P	1.00000	0	0.00000	0
925	Y	1.00000	0	0.00000	0
926	A	1.00000	0	0.00000	0
927	T	1.00000	0	0.00000	0
928	I	1.00000	0	0.00000	0
929	R	1.00000	0	0.00000	0
930	D	1.00000	0	0.00000	0
931	L	1.00000	0	0.00000	0
932	P	1.00000	0	0.00000	0
933	S	1.00000	0	0.00000	0
934	L	1.00000	0	0.00000	0
935	P	1.00000	0	0.00000	0
936	G	1.00000	0	0.00000	0
937	G	1.00000	0	0.00000	0
938	P	1.00000	0	0.00000	0
939	R	1.00000	0	0.00000	0
940	E	1.00000	0	0.00000	0
941	S	1.00000	0	0.00000	0
942	S	1.00000	0	0.00000	0
943	Y	1.00000	0	0.00000	0
944	M	1.00000	0	0.00000	0
945	E	1.00000	0	0.00000	0
946	M	1.00000	0	0.00000	0
947	K	1.00000	0	0.00000	0
948	G	1.00000	0	0.00000	0
949	P	1.00000	0	0.00000	0
950	P	1.00000	0	0.00000	0
951	S	1.00000	0	0.00000	0
952	G	1.00000	0	0.00000	0
953	S	1.00000	0	0.00000	0
954	P	1.00000	0	0.00000	0
955	P	1.00000	0	0.00000	0
956	R	1.00000	0	0.00000	0
957	Q	1.00000	0	0.00000	0
958	P	1.00000	0	0.00000	0
959	P	1.00000	0	0.00000	0
960	Q	1.00000	0	0.00000	0
961	F	1.00000	0	0.00000	0
962	W	1.00000	0	0.00000	0
963	D	1.00000	0	0.00000	0
964	S	1.00000	0	0.00000	0
965	Q	1.00000	0	0.00000	0
966	R	1.00000	0	0.00000	0
967	R	1.00000	0	0.00000	0
968	R	1.00000	0	0.00000	0
969	Q	1.00000	0	0.00000	0
970	P	1.00000	0	0.00000	0
971	Q	1.00000	0	0.00000	0
972	P	1.00000	0	0.00000	0
973	Q	1.00000	0	0.00000	0
974	R	1.00000	0	0.00000	0
975	D	1.00000	0	0.00000	0
976	S	1.00000	0	0.00000	0
977	G	1.00000	0	0.00000	0
978	T	1.00000	0	0.00000	0
979	Y	1.00000	0	0.00000	0
980	E	1.00000	0	0.00000	0
981	Q	1.00000	0	0.00000	0
982	P	1.00000	0	0.00000	0
983	S	1.00000	0	0.00000	0
984	P	1.00000	0	0.00000	0
985	L	1.00000	0	0.00000	0
986	I	1.00000	0	0.00000	0
987	H	1.00000	0	0.00000	0
988	D	1.00000	0	0.00000	0
989	R	1.00000	0	0.00000	0
990	D	1.00000	0	0.00000	0
991	S	1.00000	0	0.00000	0
992	V	1.00000	0	0.00000	0
993	G	1.00000	0	0.00000	0
994	S	1.00000	0	0.00000	0
995	Q	1.00000	0	0.00000	0
996	P	1.00000	0	0.00000	0
997	P	1.00000	0	0.00000	0
998	L	1.00000	0	0.00000	0
999	P	1.00000	0	0.00000	0
1000	P	1.00000	0	0.00000	0
1001	G	1.00000	0	0.00000	0
1002	L	1.00000	0	0.00000	0
1003	P	1.00000	0	0.00000	0
1004	P	1.00000	0	0.00000	0
1005	G	1.00000	0	0.00000	0
1006	H	1.00000	0	0.00000	0
1007	Y	1.00000	0	0.00000	0
1008	D	1.00000	0	0.00000	0
1009	S	1.00000	0	0.00000	0
1010	P	1.00000	0	0.00000	0
1011	K	1.00000	0	0.00000	0
1012	N	1.00000	0	0.00000	0
1013	S	1.00000	0	0.00000	0
1014	H	1.00000	0	0.00000	0
1015	I	1.00000	0	0.00000	0
1016	P	1.00000	0	0.00000	0
1017	G	1.00000	0	0.00000	0
1018	H	1.00000	0	0.00000	0
1019	Y	1.00000	0	0.00000	0
1020	D	1.00000	0	0.00000	0
1021	L	1.00000	0	0.00000	0
1022	P	1.00000	0	0.00000	0
1023	P	1.00000	0	0.00000	0
1024	V	1.00000	0	0.00000	0
1025	R	1.00000	0	0.00000	0
1026	H	1.00000	0	0.00000	0
1027	P	1.00000	0	0.00000	0
1028	P	1.00000	0	0.00000	0
1029	S	1.00000	0	0.00000	0
1030	P	1.00000	0	0.00000	0
1031	P	1.00000	0	0.00000	0
1032	L	1.00000	0	0.00000	0
1033	R	1.00000	0	0.00000	0
1034	R	1.00000	0	0.00000	0
1035	Q	1.00000	0	0.00000	0
1036	D	1.00000	0	0.00000	0
1037	R	1.00000	0	0.00000	0
