# UNNAMED
#pos	aa	i	o	M	S
1	M	0.00000	0.99525	0.00000	0.00475
2	P	0.00000	0.99525	0.00000	0.00475
3	S	0.00000	0.99525	0.00000	0.00475
4	K	0.00000	0.99525	0.00000	0.00475
5	S	0.00000	0.99525	0.00000	0.00475
6	L	0.00000	0.99525	0.00000	0.00474
7	S	0.00000	0.99525	0.00000	0.00474
8	N	0.00000	0.99525	0.00000	0.00475
9	L	0.00000	0.99525	0.00000	0.00475
10	S	0.00000	0.99525	0.00000	0.00474
11	V	0.00000	0.99525	0.00000	0.00475
12	T	0.00000	0.99525	0.00000	0.00475
13	T	0.00000	0.99525	0.00000	0.00475
14	G	0.00000	0.99525	0.00000	0.00474
15	A	0.00000	0.9959	0.00000	0.00411
16	N	0.00000	0.99612	0.00000	0.00387
17	E	0.00000	0.99613	0.00000	0.00387
18	S	0.00000	0.99613	0.00000	0.00387
19	G	0.00000	0.99688	0.00000	0.00311
20	S	0.00000	0.99689	0.00000	0.00311
21	V	0.00000	0.99996	0.00000	5e-05
22	P	0.00000	0.99995	0.00000	5e-05
23	E	0.00000	0.99995	0.00000	5e-05
24	G	0.00000	0.99997	0.00000	2e-05
25	W	0.00000	0.99998	0.00000	2e-05
26	E	0.00000	0.99998	0.00000	2e-05
27	R	0.00000	1	0.00000	0
28	D	0.00000	1	0.00000	0
29	F	0.00000	1	0.00000	0
30	L	0.00000	1	0.00000	0
31	P	0.00000	1	0.00000	0
32	A	0.00000	1	0.00000	0
33	S	0.00000	1	0.00000	0
34	D	0.00000	1	0.00000	0
35	G	0.00000	1	0.00000	0
36	T	0.00000	1	0.00000	0
37	T	0.00000	1	0.00000	0
38	T	0.00000	1	0.00000	0
39	E	0.00000	0.99999	0.00001	0
40	L	0.00000	0.99995	0.00005	0
41	V	0.00000	0.99988	0.00012	0
42	I	0.00000	0.9998	0.00020	0
43	R	0.00000	0.99972	0.00028	0
44	C	0.00000	0.99781	0.00219	0
45	V	0.00000	0.98334	0.01666	0
46	I	0.00000	0.66768	0.33232	0
47	P	0.00000	0.63365	0.36635	0
48	S	0.00000	0.56694	0.43306	0
49	L	0.00000	0.23553	0.76447	0
50	Y	0.00000	0.03207	0.96793	0
51	L	0.00000	0.00279	0.99721	0
52	L	0.00000	4e-05	0.99996	0
53	I	0.00000	0	1.00000	0
54	I	0.00000	0	1.00000	0
55	T	0.00000	0	1.00000	0
56	V	0.00000	0	1.00000	0
57	G	0.00000	0	1.00000	0
58	L	0.00000	0	1.00000	0
59	L	0.00000	0	1.00000	0
60	G	0.00000	0	1.00000	0
61	N	0.00000	0	1.00000	0
62	I	0.00000	0	1.00000	0
63	M	0.00000	0	1.00000	0
64	L	0.00000	0	1.00000	0
65	V	0.00000	0	1.00000	0
66	K	0.00053	0	0.99947	0
67	I	0.00092	0	0.99908	0
68	F	0.00714	0	0.99286	0
69	I	0.05736	0	0.94264	0
70	T	0.82411	0	0.17589	0
71	N	0.99959	0	0.00041	0
72	S	0.99997	0	0.00003	0
73	A	0.99999	0	0.00001	0
74	M	1.00000	0	0.00000	0
75	R	1.00000	0	0.00000	0
76	S	1.00000	0	0.00000	0
77	V	1.00000	0	0.00000	0
78	P	1.00000	0	0.00000	0
79	N	0.86010	0	0.13990	0
80	I	0.08428	0	0.91572	0
81	F	0.00077	0	0.99923	0
82	I	0.00000	0	1.00000	0
83	S	0.00000	0	1.00000	0
84	N	0.00000	0	1.00000	0
85	L	0.00000	0	1.00000	0
86	A	0.00000	0	1.00000	0
87	A	0.00000	0	1.00000	0
88	G	0.00000	0	1.00000	0
89	D	0.00000	0	1.00000	0
90	L	0.00000	0	1.00000	0
91	L	0.00000	0	1.00000	0
92	L	0.00000	0	1.00000	0
93	L	0.00000	0	1.00000	0
94	L	0.00000	0	1.00000	0
95	T	0.00000	0	1.00000	0
96	C	0.00000	0	1.00000	0
97	V	0.00000	0	1.00000	0
98	P	0.00000	5e-05	0.99995	0
99	V	0.00000	0.00083	0.99917	0
100	D	0.00000	0.01063	0.98937	0
101	A	0.00000	0.01212	0.98788	0
102	S	0.00000	0.87747	0.12253	0
103	R	0.00000	0.99981	0.00019	0
104	Y	0.00000	0.99983	0.00017	0
105	F	0.00000	0.99983	0.00017	0
106	F	0.00000	0.99987	0.00013	0
107	D	0.00000	0.99999	0.00001	0
108	E	0.00000	1	0.00000	0
109	W	0.00000	1	0.00000	0
110	M	0.00000	1	0.00000	0
111	F	0.00000	1	0.00000	0
112	G	0.00000	1	0.00000	0
113	K	0.00000	1	0.00000	0
114	V	0.00000	1	0.00000	0
115	G	0.00000	1	0.00000	0
116	C	0.00000	0.99999	0.00001	0
117	K	0.00000	0.99968	0.00032	0
118	L	0.00000	0.9287	0.07130	0
119	I	0.00000	0.65703	0.34297	0
120	P	0.00000	0.58098	0.41902	0
121	V	0.00000	0.03759	0.96241	0
122	I	0.00000	0.0144	0.98560	0
123	Q	0.00000	0.00733	0.99267	0
124	L	0.00000	0.00092	0.99908	0
125	T	0.00000	4e-05	0.99996	0
126	S	0.00000	0	1.00000	0
127	V	0.00000	0	1.00000	0
128	G	0.00000	0	1.00000	0
129	V	0.00000	0	1.00000	0
130	S	0.00000	0	1.00000	0
131	V	0.00000	0	1.00000	0
132	F	0.00000	0	1.00000	0
133	T	0.00000	0	1.00000	0
134	L	0.00000	0	1.00000	0
135	T	0.00000	0	1.00000	0
136	A	0.00000	0	1.00000	0
137	L	0.00000	0	1.00000	0
138	S	0.00000	0	1.00000	0
139	A	0.00000	0	1.00000	0
140	D	0.00002	0	0.99998	0
141	R	0.00789	0	0.99211	0
142	Y	0.13483	0	0.86517	0
143	R	0.70243	0	0.29757	0
144	A	0.92360	0	0.07640	0
145	I	1.00000	0	0.00000	0
146	V	1.00000	0	0.00000	0
147	N	1.00000	0	0.00000	0
148	P	1.00000	0	0.00000	0
149	M	1.00000	0	0.00000	0
150	D	1.00000	0	0.00000	0
151	M	1.00000	0	0.00000	0
152	Q	1.00000	0	0.00000	0
153	T	1.00000	0	0.00000	0
154	S	1.00000	0	0.00000	0
155	G	0.99655	0	0.00345	0
156	A	0.97738	0	0.02262	0
157	L	0.96674	0	0.03326	0
158	L	0.96521	0	0.03479	0
159	R	0.96139	0	0.03861	0
160	T	0.72906	0	0.27094	0
161	C	0.00376	0	0.99624	0
162	V	0.00212	0	0.99788	0
163	K	0.00198	0	0.99802	0
164	A	0.00023	0	0.99977	0
165	M	0.00009	0	0.99991	0
166	G	0.00007	0	0.99993	0
167	I	0.00000	0	1.00000	0
168	W	0.00000	0	1.00000	0
169	V	0.00000	0	1.00000	0
170	V	0.00000	0	1.00000	0
171	S	0.00000	0	1.00000	0
172	V	0.00000	0	1.00000	0
173	L	0.00000	0	1.00000	0
174	L	0.00000	0	1.00000	0
175	A	0.00000	0.00011	0.99989	0
176	V	0.00000	0.00204	0.99796	0
177	P	0.00000	0.02204	0.97796	0
178	E	0.00000	0.03351	0.96649	0
179	A	0.00000	0.03404	0.96596	0
180	V	0.00000	0.04064	0.95936	0
181	F	0.00000	0.08636	0.91364	0
182	S	0.00000	0.5627	0.43730	0
183	E	0.00000	0.99047	0.00953	0
184	V	0.00000	0.99489	0.00511	0
185	A	0.00000	0.99743	0.00257	0
186	R	0.00000	0.99984	0.00016	0
187	I	0.00000	0.99988	0.00012	0
188	S	0.00000	0.99998	0.00002	0
189	S	0.00000	0.99999	0.00001	0
190	L	0.00000	1	0.00000	0
191	D	0.00000	1	0.00000	0
192	N	0.00000	1	0.00000	0
193	S	0.00000	1	0.00000	0
194	S	0.00000	1	0.00000	0
195	F	0.00000	1	0.00000	0
196	T	0.00000	1	0.00000	0
197	A	0.00000	1	0.00000	0
198	C	0.00000	1	0.00000	0
199	I	0.00000	1	0.00000	0
200	P	0.00000	1	0.00000	0
201	Y	0.00000	1	0.00000	0
202	P	0.00000	1	0.00000	0
203	Q	0.00000	1	0.00000	0
204	T	0.00000	1	0.00000	0
205	D	0.00000	1	0.00000	0
206	E	0.00000	1	0.00000	0
207	L	0.00000	0.99435	0.00565	0
208	H	0.00000	0.9908	0.00920	0
209	P	0.00000	0.98802	0.01198	0
210	K	0.00000	0.98615	0.01385	0
211	I	0.00000	0.67155	0.32845	0
212	H	0.00000	0.57715	0.42285	0
213	S	0.00000	0.4926	0.50740	0
214	V	0.00000	0.07865	0.92135	0
215	L	0.00000	0.00062	0.99938	0
216	I	0.00000	1e-05	0.99999	0
217	F	0.00000	0	1.00000	0
218	L	0.00000	0	1.00000	0
219	V	0.00000	0	1.00000	0
220	Y	0.00000	0	1.00000	0
221	F	0.00000	0	1.00000	0
222	L	0.00000	0	1.00000	0
223	I	0.00000	0	1.00000	0
224	P	0.00000	0	1.00000	0
225	L	0.00000	0	1.00000	0
226	A	0.00000	0	1.00000	0
227	I	0.00000	0	1.00000	0
228	I	0.00000	0	1.00000	0
229	S	0.00000	0	1.00000	0
230	I	0.00000	0	1.00000	0
231	Y	0.00005	0	0.99995	0
232	Y	0.00038	0	0.99962	0
233	Y	0.00321	0	0.99679	0
234	H	0.03668	0	0.96332	0
235	I	0.10759	0	0.89241	0
236	A	0.73289	0	0.26711	0
237	K	0.99541	0	0.00459	0
238	T	0.99946	0	0.00054	0
239	L	0.99978	0	0.00022	0
240	I	0.99984	0	0.00016	0
241	K	1.00000	0	0.00000	0
242	S	1.00000	0	0.00000	0
243	A	1.00000	0	0.00000	0
244	H	1.00000	0	0.00000	0
245	N	1.00000	0	0.00000	0
246	L	1.00000	0	0.00000	0
247	P	1.00000	0	0.00000	0
248	G	1.00000	0	0.00000	0
249	E	1.00000	0	0.00000	0
250	Y	1.00000	0	0.00000	0
251	N	1.00000	0	0.00000	0
252	E	1.00000	0	0.00000	0
253	H	1.00000	0	0.00000	0
254	T	1.00000	0	0.00000	0
255	K	1.00000	0	0.00000	0
256	K	1.00000	0	0.00000	0
257	Q	1.00000	0	0.00000	0
258	M	1.00000	0	0.00000	0
259	E	1.00000	0	0.00000	0
260	T	0.99998	0	0.00002	0
261	R	0.99884	0	0.00116	0
262	K	0.99343	0	0.00657	0
263	R	0.55423	0	0.44577	0
264	L	0.52193	0	0.47807	0
265	A	0.08943	0	0.91057	0
266	K	0.07965	0	0.92035	0
267	I	0.00984	0	0.99016	0
268	V	0.00007	0	0.99993	0
269	L	0.00000	0	1.00000	0
270	V	0.00000	0	1.00000	0
271	F	0.00000	0	1.00000	0
272	V	0.00000	0	1.00000	0
273	G	0.00000	0	1.00000	0
274	C	0.00000	0	1.00000	0
275	F	0.00000	0	1.00000	0
276	I	0.00000	0	1.00000	0
277	F	0.00000	0	1.00000	0
278	C	0.00000	0	1.00000	0
279	W	0.00000	0	1.00000	0
280	F	0.00000	0	1.00000	0
281	P	0.00000	0	1.00000	0
282	N	0.00000	3e-05	0.99997	0
283	H	0.00000	6e-05	0.99994	0
284	I	0.00000	0.00049	0.99951	0
285	L	0.00000	0.00464	0.99536	0
286	Y	0.00000	0.03654	0.96346	0
287	M	0.00000	0.15294	0.84706	0
288	Y	0.00000	0.91561	0.08439	0
289	R	0.00000	0.99149	0.00851	0
290	S	0.00000	0.996	0.00400	0
291	F	0.00000	0.99785	0.00215	0
292	N	0.00000	0.99987	0.00013	0
293	Y	0.00000	0.99998	0.00002	0
294	N	0.00000	1	0.00000	0
295	E	0.00000	1	0.00000	0
296	I	0.00000	1	0.00000	0
297	D	0.00000	1	0.00000	0
298	P	0.00000	1	0.00000	0
299	S	0.00000	0.99999	0.00001	0
300	L	0.00000	0.99989	0.00011	0
301	G	0.00000	0.99973	0.00027	0
302	H	0.00000	0.99375	0.00625	0
303	M	0.00000	0.93038	0.06962	0
304	I	0.00000	0.89822	0.10178	0
305	V	0.00000	0.88814	0.11186	0
306	T	0.00000	0.66196	0.33804	0
307	L	0.00000	0.11263	0.88737	0
308	V	0.00000	0.00127	0.99873	0
309	A	0.00000	8e-05	0.99992	0
310	R	0.00000	0	1.00000	0
311	V	0.00000	0	1.00000	0
312	L	0.00000	0	1.00000	0
313	S	0.00000	0	1.00000	0
314	F	0.00000	0	1.00000	0
315	G	0.00000	0	1.00000	0
316	N	0.00000	0	1.00000	0
317	S	0.00000	0	1.00000	0
318	C	0.00000	0	1.00000	0
319	V	0.00000	0	1.00000	0
320	N	0.00000	0	1.00000	0
321	P	0.00000	0	1.00000	0
322	F	0.00001	0	0.99999	0
323	A	0.00012	0	0.99988	0
324	L	0.00023	0	0.99977	0
325	Y	0.00045	0	0.99955	0
326	L	0.00789	0	0.99211	0
327	L	0.24258	0	0.75742	0
328	S	0.40334	0	0.59666	0
329	E	1.00000	0	0.00000	0
330	S	1.00000	0	0.00000	0
331	F	1.00000	0	0.00000	0
332	R	1.00000	0	0.00000	0
333	R	1.00000	0	0.00000	0
334	H	1.00000	0	0.00000	0
335	F	1.00000	0	0.00000	0
336	N	1.00000	0	0.00000	0
337	S	1.00000	0	0.00000	0
338	Q	1.00000	0	0.00000	0
339	L	1.00000	0	0.00000	0
340	C	1.00000	0	0.00000	0
341	C	1.00000	0	0.00000	0
342	G	1.00000	0	0.00000	0
343	R	1.00000	0	0.00000	0
344	K	1.00000	0	0.00000	0
345	S	1.00000	0	0.00000	0
346	Y	1.00000	0	0.00000	0
347	Q	1.00000	0	0.00000	0
348	E	1.00000	0	0.00000	0
349	R	1.00000	0	0.00000	0
350	G	1.00000	0	0.00000	0
351	T	1.00000	0	0.00000	0
352	S	1.00000	0	0.00000	0
353	Y	1.00000	0	0.00000	0
354	L	1.00000	0	0.00000	0
355	L	1.00000	0	0.00000	0
356	S	1.00000	0	0.00000	0
357	S	1.00000	0	0.00000	0
358	S	1.00000	0	0.00000	0
359	A	1.00000	0	0.00000	0
360	V	1.00000	0	0.00000	0
361	R	1.00000	0	0.00000	0
362	M	1.00000	0	0.00000	0
363	T	1.00000	0	0.00000	0
364	S	1.00000	0	0.00000	0
365	L	1.00000	0	0.00000	0
366	K	1.00000	0	0.00000	0
367	S	1.00000	0	0.00000	0
368	N	1.00000	0	0.00000	0
369	A	1.00000	0	0.00000	0
370	K	1.00000	0	0.00000	0
371	N	1.00000	0	0.00000	0
372	M	1.00000	0	0.00000	0
373	V	1.00000	0	0.00000	0
374	T	1.00000	0	0.00000	0
375	N	1.00000	0	0.00000	0
376	S	1.00000	0	0.00000	0
377	V	1.00000	0	0.00000	0
378	L	1.00000	0	0.00000	0
379	L	1.00000	0	0.00000	0
380	N	1.00000	0	0.00000	0
381	G	1.00000	0	0.00000	0
382	H	1.00000	0	0.00000	0
383	S	1.00000	0	0.00000	0
384	M	1.00000	0	0.00000	0
385	K	1.00000	0	0.00000	0
386	Q	1.00000	0	0.00000	0
387	E	1.00000	0	0.00000	0
388	M	1.00000	0	0.00000	0
389	A	1.00000	0	0.00000	0
390	L	1.00000	0	0.00000	0
