# UNNAMED
#pos	aa	i	o	M	S
1	M	0.00000	1	0.00000	0
2	D	0.00000	1	0.00000	0
3	L	0.00000	1	0.00000	0
4	H	0.00000	1	0.00000	0
5	L	0.00000	1	0.00000	0
6	F	0.00000	1	0.00000	0
7	D	0.00000	1	0.00000	0
8	Y	0.00000	1	0.00000	0
9	S	0.00000	1	0.00000	0
10	E	0.00000	1	0.00000	0
11	P	0.00000	1	0.00000	0
12	G	0.00000	1	0.00000	0
13	N	0.00000	1	0.00000	0
14	F	0.00000	1	0.00000	0
15	S	0.00000	1	0.00000	0
16	D	0.00000	1	0.00000	0
17	I	0.00000	1	0.00000	0
18	S	0.00000	1	0.00000	0
19	W	0.00000	1	0.00000	0
20	P	0.00000	1	0.00000	0
21	C	0.00000	1	0.00000	0
22	N	0.00000	1	0.00000	0
23	S	0.00000	1	0.00000	0
24	S	0.00000	1	0.00000	0
25	D	0.00000	1	0.00000	0
26	C	0.00000	1	0.00000	0
27	I	0.00000	1	0.00000	0
28	V	0.00000	1	0.00000	0
29	V	0.00000	1	0.00000	0
30	D	0.00000	1	0.00000	0
31	T	0.00000	1	0.00000	0
32	V	0.00000	1	0.00000	0
33	M	0.00000	1	0.00000	0
34	C	0.00000	1	0.00000	0
35	P	0.00000	1	0.00000	0
36	N	0.00000	1	0.00000	0
37	M	0.00000	1	0.00000	0
38	P	0.00000	1	0.00000	0
39	N	0.00000	1	0.00000	0
40	K	0.00000	1	0.00000	0
41	S	0.00000	0.99849	0.00151	0
42	V	0.00000	0.98235	0.01765	0
43	L	0.00000	0.97594	0.02406	0
44	L	0.00000	0.9735	0.02650	0
45	Y	0.00000	0.96993	0.03007	0
46	T	0.00000	0.96733	0.03267	0
47	L	0.00000	0.85713	0.14287	0
48	S	0.00000	0.73256	0.26744	0
49	F	0.00000	0.19009	0.80991	0
50	I	0.00000	0.01942	0.98058	0
51	Y	0.00000	0.00142	0.99858	0
52	I	0.00000	4e-05	0.99996	0
53	F	0.00000	0	1.00000	0
54	I	0.00000	0	1.00000	0
55	F	0.00000	0	1.00000	0
56	V	0.00000	0	1.00000	0
57	I	0.00000	0	1.00000	0
58	G	0.00000	0	1.00000	0
59	M	0.00000	0	1.00000	0
60	I	0.00000	0	1.00000	0
61	A	0.00000	0	1.00000	0
62	N	0.00000	0	1.00000	0
63	S	0.00000	0	1.00000	0
64	V	0.00000	0	1.00000	0
65	V	0.00000	0	1.00000	0
66	V	0.00003	0	0.99997	0
67	W	0.00028	0	0.99972	0
68	V	0.00682	0	0.99318	0
69	N	0.25159	0	0.74841	0
70	I	0.30471	0	0.69529	0
71	Q	0.97759	0	0.02241	0
72	A	0.99956	0	0.00044	0
73	K	0.99999	0	0.00001	0
74	T	1.00000	0	0.00000	0
75	T	1.00000	0	0.00000	0
76	G	0.99999	0	0.00001	0
77	Y	0.99993	0	0.00007	0
78	D	0.99958	0	0.00042	0
79	T	0.98541	0	0.01459	0
80	H	0.75043	0	0.24957	0
81	C	0.26700	0	0.73300	0
82	Y	0.00552	0	0.99448	0
83	I	0.00018	0	0.99982	0
84	L	0.00000	0	1.00000	0
85	N	0.00000	0	1.00000	0
86	L	0.00000	0	1.00000	0
87	A	0.00000	0	1.00000	0
88	I	0.00000	0	1.00000	0
89	A	0.00000	0	1.00000	0
90	D	0.00000	0	1.00000	0
91	L	0.00000	0	1.00000	0
92	W	0.00000	0	1.00000	0
93	V	0.00000	0	1.00000	0
94	V	0.00000	0	1.00000	0
95	L	0.00000	0	1.00000	0
96	T	0.00000	0	1.00000	0
97	I	0.00000	1e-05	0.99999	0
98	P	0.00000	5e-05	0.99995	0
99	V	0.00000	0.00059	0.99941	0
100	W	0.00000	0.00566	0.99434	0
101	V	0.00000	0.04819	0.95181	0
102	V	0.00000	0.34204	0.65796	0
103	S	0.00000	0.99961	0.00039	0
104	L	0.00000	0.99974	0.00026	0
105	V	0.00000	0.99996	0.00004	0
106	Q	0.00000	0.99999	0.00001	0
107	H	0.00000	1	0.00000	0
108	N	0.00000	1	0.00000	0
109	Q	0.00000	1	0.00000	0
110	W	0.00000	1	0.00000	0
111	P	0.00000	1	0.00000	0
112	M	0.00000	1	0.00000	0
113	G	0.00000	1	0.00000	0
114	E	0.00000	1	0.00000	0
115	L	0.00000	1	0.00000	0
116	T	0.00000	1	0.00000	0
117	C	0.00000	0.99996	0.00004	0
118	K	0.00000	0.9991	0.00090	0
119	V	0.00000	0.77705	0.22295	0
120	T	0.00000	0.55359	0.44641	0
121	H	0.00000	0.34553	0.65447	0
122	L	0.00000	0.00303	0.99697	0
123	I	0.00000	0.0004	0.99960	0
124	F	0.00000	7e-05	0.99993	0
125	S	0.00000	3e-05	0.99997	0
126	I	0.00000	0	1.00000	0
127	N	0.00000	0	1.00000	0
128	L	0.00000	0	1.00000	0
129	F	0.00000	0	1.00000	0
130	G	0.00000	0	1.00000	0
131	S	0.00000	0	1.00000	0
132	I	0.00000	0	1.00000	0
133	F	0.00000	0	1.00000	0
134	F	0.00000	0	1.00000	0
135	L	0.00000	0	1.00000	0
136	T	0.00000	0	1.00000	0
137	C	0.00000	0	1.00000	0
138	M	0.00000	0	1.00000	0
139	S	0.00000	0	1.00000	0
140	V	0.00000	0	1.00000	0
141	D	0.00000	0	1.00000	0
142	R	0.00091	0	0.99909	0
143	Y	0.01442	0	0.98558	0
144	L	0.33406	0	0.66594	0
145	S	0.83706	0	0.16294	0
146	I	0.99989	0	0.00011	0
147	T	1.00000	0	0.00000	0
148	Y	1.00000	0	0.00000	0
149	F	1.00000	0	0.00000	0
150	T	1.00000	0	0.00000	0
151	N	1.00000	0	0.00000	0
152	T	1.00000	0	0.00000	0
153	P	1.00000	0	0.00000	0
154	S	1.00000	0	0.00000	0
155	S	1.00000	0	0.00000	0
156	R	1.00000	0	0.00000	0
157	K	1.00000	0	0.00000	0
158	K	0.99900	0	0.00100	0
159	M	0.97375	0	0.02625	0
160	V	0.95889	0	0.04111	0
161	R	0.95454	0	0.04546	0
162	R	0.87831	0	0.12169	0
163	V	0.02628	0	0.97372	0
164	V	0.00036	0	0.99964	0
165	C	0.00000	0	1.00000	0
166	I	0.00000	0	1.00000	0
167	L	0.00000	0	1.00000	0
168	V	0.00000	0	1.00000	0
169	W	0.00000	0	1.00000	0
170	L	0.00000	0	1.00000	0
171	L	0.00000	0	1.00000	0
172	A	0.00000	0	1.00000	0
173	F	0.00000	0	1.00000	0
174	C	0.00000	0	1.00000	0
175	V	0.00000	0	1.00000	0
176	S	0.00000	0	1.00000	0
177	L	0.00000	3e-05	0.99997	0
178	P	0.00000	0.00567	0.99433	0
179	D	0.00000	0.02734	0.97266	0
180	T	0.00000	0.0294	0.97060	0
181	Y	0.00000	0.03212	0.96788	0
182	Y	0.00000	0.0411	0.95890	0
183	L	0.00000	0.08305	0.91695	0
184	K	0.00000	0.95547	0.04453	0
185	T	0.00000	0.98843	0.01157	0
186	V	0.00000	0.99786	0.00214	0
187	T	0.00000	0.99993	0.00007	0
188	S	0.00000	0.99999	0.00001	0
189	A	0.00000	1	0.00000	0
190	S	0.00000	1	0.00000	0
191	N	0.00000	1	0.00000	0
192	N	0.00000	1	0.00000	0
193	E	0.00000	1	0.00000	0
194	T	0.00000	1	0.00000	0
195	Y	0.00000	1	0.00000	0
196	C	0.00000	1	0.00000	0
197	R	0.00000	1	0.00000	0
198	S	0.00000	1	0.00000	0
199	F	0.00000	1	0.00000	0
200	Y	0.00000	1	0.00000	0
201	P	0.00000	1	0.00000	0
202	E	0.00000	1	0.00000	0
203	H	0.00000	1	0.00000	0
204	S	0.00000	1	0.00000	0
205	I	0.00000	1	0.00000	0
206	K	0.00000	1	0.00000	0
207	E	0.00000	0.99983	0.00017	0
208	W	0.00000	0.04337	0.95663	0
209	L	0.00000	0.04014	0.95986	0
210	I	0.00000	0.03116	0.96884	0
211	G	0.00000	0.01481	0.98519	0
212	M	0.00000	0.00725	0.99275	0
213	E	0.00000	0.00646	0.99354	0
214	L	0.00000	0.0049	0.99510	0
215	V	0.00000	3e-05	0.99997	0
216	S	0.00000	3e-05	0.99997	0
217	V	0.00000	1e-05	0.99999	0
218	V	0.00000	0	1.00000	0
219	L	0.00000	0	1.00000	0
220	G	0.00000	0	1.00000	0
221	F	0.00000	0	1.00000	0
222	A	0.00000	0	1.00000	0
223	V	0.00000	0	1.00000	0
224	P	0.00000	0	1.00000	0
225	F	0.00000	0	1.00000	0
226	S	0.00000	0	1.00000	0
227	I	0.00000	0	1.00000	0
228	I	0.00000	0	1.00000	0
229	A	0.00000	0	1.00000	0
230	V	0.00002	0	0.99998	0
231	F	0.00025	0	0.99975	0
232	Y	0.00880	0	0.99120	0
233	F	0.05152	0	0.94848	0
234	L	0.23543	0	0.76457	0
235	L	0.54144	0	0.45856	0
236	A	0.89850	0	0.10150	0
237	R	0.99884	0	0.00116	0
238	A	0.99921	0	0.00079	0
239	I	0.99940	0	0.00060	0
240	S	0.99995	0	0.00005	0
241	A	0.99999	0	0.00001	0
242	S	1.00000	0	0.00000	0
243	S	1.00000	0	0.00000	0
244	D	1.00000	0	0.00000	0
245	Q	1.00000	0	0.00000	0
246	E	1.00000	0	0.00000	0
247	K	1.00000	0	0.00000	0
248	H	1.00000	0	0.00000	0
249	S	0.99947	0	0.00053	0
250	S	0.99545	0	0.00455	0
251	R	0.68566	0	0.31434	0
252	K	0.12170	0	0.87830	0
253	I	0.03499	0	0.96501	0
254	I	0.02351	0	0.97649	0
255	F	0.02084	0	0.97916	0
256	S	0.02078	0	0.97922	0
257	Y	0.02073	0	0.97927	0
258	V	0.00633	0	0.99367	0
259	V	0.00010	0	0.99990	0
260	V	0.00001	0	0.99999	0
261	F	0.00000	0	1.00000	0
262	L	0.00000	0	1.00000	0
263	V	0.00000	0	1.00000	0
264	C	0.00000	0	1.00000	0
265	W	0.00000	0	1.00000	0
266	L	0.00000	0	1.00000	0
267	P	0.00000	0	1.00000	0
268	Y	0.00000	0	1.00000	0
269	H	0.00000	0	1.00000	0
270	V	0.00000	2e-05	0.99998	0
271	A	0.00000	0.00062	0.99938	0
272	V	0.00000	0.00952	0.99048	0
273	L	0.00000	0.17716	0.82284	0
274	L	0.00000	0.64924	0.35076	0
275	D	0.00000	0.90278	0.09722	0
276	I	0.00000	0.90361	0.09639	0
277	F	0.00000	0.90545	0.09455	0
278	S	0.00000	0.91354	0.08646	0
279	I	0.00000	0.91606	0.08394	0
280	L	0.00000	0.92122	0.07878	0
281	H	0.00000	0.96362	0.03638	0
282	Y	0.00000	0.97271	0.02729	0
283	I	0.00000	0.9779	0.02210	0
284	P	0.00000	0.99167	0.00833	0
285	F	0.00000	0.99419	0.00581	0
286	T	0.00000	0.99985	0.00015	0
287	C	0.00000	0.99992	0.00008	0
288	R	0.00000	0.99978	0.00022	0
289	L	0.00000	0.99826	0.00174	0
290	E	0.00000	0.99733	0.00267	0
291	H	0.00000	0.98583	0.01417	0
292	A	0.00000	0.91463	0.08537	0
293	L	0.00000	0.70214	0.29786	0
294	F	0.00000	0.62688	0.37312	0
295	T	0.00000	0.51881	0.48119	0
296	A	0.00000	0.24311	0.75689	0
297	L	0.00000	0.02875	0.97125	0
298	H	0.00000	0.01973	0.98027	0
299	V	0.00000	0.0002	0.99980	0
300	T	0.00000	4e-05	0.99996	0
301	Q	0.00000	0	1.00000	0
302	C	0.00000	0	1.00000	0
303	L	0.00000	0	1.00000	0
304	S	0.00000	0	1.00000	0
305	L	0.00000	0	1.00000	0
306	V	0.00000	0	1.00000	0
307	H	0.00000	0	1.00000	0
308	C	0.00001	0	0.99999	0
309	C	0.00003	0	0.99997	0
310	V	0.00033	0	0.99967	0
311	N	0.00071	0	0.99929	0
312	P	0.00087	0	0.99913	0
313	V	0.00117	0	0.99883	0
314	L	0.00356	0	0.99644	0
315	Y	0.00674	0	0.99326	0
316	S	0.01531	0	0.98469	0
317	F	0.02897	0	0.97103	0
318	I	0.22547	0	0.77453	0
319	N	0.83236	0	0.16764	0
320	R	1.00000	0	0.00000	0
321	N	1.00000	0	0.00000	0
322	Y	1.00000	0	0.00000	0
323	R	1.00000	0	0.00000	0
324	Y	1.00000	0	0.00000	0
325	E	1.00000	0	0.00000	0
326	L	1.00000	0	0.00000	0
327	M	1.00000	0	0.00000	0
328	K	1.00000	0	0.00000	0
329	A	1.00000	0	0.00000	0
330	F	1.00000	0	0.00000	0
331	I	1.00000	0	0.00000	0
332	F	1.00000	0	0.00000	0
333	K	1.00000	0	0.00000	0
334	Y	1.00000	0	0.00000	0
335	S	1.00000	0	0.00000	0
336	A	1.00000	0	0.00000	0
337	K	1.00000	0	0.00000	0
338	T	1.00000	0	0.00000	0
339	G	1.00000	0	0.00000	0
340	L	1.00000	0	0.00000	0
341	T	1.00000	0	0.00000	0
342	K	1.00000	0	0.00000	0
343	L	1.00000	0	0.00000	0
344	I	1.00000	0	0.00000	0
345	D	1.00000	0	0.00000	0
346	A	1.00000	0	0.00000	0
347	S	1.00000	0	0.00000	0
348	R	1.00000	0	0.00000	0
349	V	1.00000	0	0.00000	0
350	S	1.00000	0	0.00000	0
351	E	1.00000	0	0.00000	0
352	T	1.00000	0	0.00000	0
353	E	1.00000	0	0.00000	0
354	Y	1.00000	0	0.00000	0
355	S	1.00000	0	0.00000	0
356	A	1.00000	0	0.00000	0
357	L	1.00000	0	0.00000	0
358	E	1.00000	0	0.00000	0
359	Q	1.00000	0	0.00000	0
360	S	1.00000	0	0.00000	0
361	T	1.00000	0	0.00000	0
362	K	1.00000	0	0.00000	0
