# UNNAMED
#pos	aa	i	o	M	S
1	M	0.00000	1	0.00000	0
2	A	0.00000	1	0.00000	0
3	M	0.00000	1	0.00000	0
4	D	0.00000	1	0.00000	0
5	E	0.00000	0.98225	0.01775	0
6	Y	0.00000	0.41115	0.58885	0
7	L	0.00000	0.15977	0.84023	0
8	W	0.00000	0.09116	0.90884	0
9	M	0.00000	0.0858	0.91420	0
10	V	0.00000	0.05269	0.94731	0
11	I	0.00000	0.02835	0.97165	0
12	L	0.00000	0.02122	0.97878	0
13	G	0.00000	0.0177	0.98230	0
14	F	0.00000	0.00643	0.99357	0
15	I	0.00000	0.0006	0.99940	0
16	I	0.00000	9e-05	0.99991	0
17	A	0.00000	4e-05	0.99996	0
18	F	0.00000	0	1.00000	0
19	I	0.00000	0	1.00000	0
20	L	0.00000	0	1.00000	0
21	A	0.00000	0	1.00000	0
22	F	0.00000	0	1.00000	0
23	S	0.00084	0	0.99916	0
24	V	0.00512	0	0.99488	0
25	G	0.07555	0	0.92445	0
26	A	0.18344	0	0.81656	0
27	N	0.68379	0	0.31621	0
28	D	0.75550	0	0.24450	0
29	V	0.76088	0	0.23912	0
30	A	0.77939	0	0.22061	0
31	N	0.88052	0	0.11948	0
32	S	0.88159	0	0.11841	0
33	F	0.74925	0	0.25075	0
34	G	0.77726	0	0.22274	0
35	T	0.76178	0	0.23822	0
36	A	0.69534	0	0.30466	0
37	V	0.57378	0	0.42622	0
38	G	0.53989	0	0.46011	0
39	S	0.49568	0	0.50432	0
40	G	0.23720	0	0.76280	0
41	V	0.14240	0	0.85760	0
42	V	0.04242	0	0.95758	0
43	T	0.03684	0	0.96316	0
44	L	0.02763	0	0.97237	0
45	R	0.02680	0	0.97320	0
46	Q	0.00241	0	0.99759	0
47	A	0.00013	0	0.99987	0
48	C	0.00001	0	0.99999	0
49	I	0.00000	0	1.00000	0
50	L	0.00000	1e-05	0.99999	0
51	A	0.00000	4e-05	0.99996	0
52	S	0.00000	6e-05	0.99994	0
53	I	0.00000	8e-05	0.99992	0
54	F	0.00000	0.04358	0.95642	0
55	E	0.00000	0.19121	0.80879	0
56	T	0.00000	0.21603	0.78397	0
57	T	0.00000	0.24975	0.75025	0
58	G	0.00000	0.35017	0.64983	0
59	S	0.00000	0.42048	0.57952	0
60	V	0.00000	0.43378	0.56622	0
61	L	0.00000	0.4841	0.51590	0
62	L	0.00000	0.64807	0.35193	0
63	G	0.00000	0.96466	0.03534	0
64	A	0.00000	0.97199	0.02801	0
65	K	0.00000	0.9962	0.00380	0
66	V	0.00000	0.99956	0.00044	0
67	G	0.00000	0.99994	0.00006	0
68	E	0.00000	0.99999	0.00001	0
69	T	0.00000	1	0.00000	0
70	I	0.00000	0.99999	0.00001	0
71	R	0.00000	0.99999	0.00001	0
72	K	0.00000	0.99697	0.00303	0
73	G	0.00000	0.09692	0.90308	0
74	I	0.00000	0.04077	0.95923	0
75	I	0.00000	0.01775	0.98225	0
76	D	0.00000	0.00078	0.99922	0
77	V	0.00000	9e-05	0.99991	0
78	N	0.00000	9e-05	0.99991	0
79	L	0.00000	9e-05	0.99991	0
80	Y	0.00000	9e-05	0.99991	0
81	N	0.00000	9e-05	0.99991	0
82	E	0.00000	9e-05	0.99991	0
83	T	0.00000	9e-05	0.99991	0
84	V	0.00000	9e-05	0.99991	0
85	E	0.00000	9e-05	0.99991	0
86	T	0.00000	0	1.00000	0
87	L	0.00000	0	1.00000	0
88	M	0.00000	0	1.00000	0
89	A	0.00000	0	1.00000	0
90	G	0.00000	0	1.00000	0
91	E	0.00000	0	1.00000	0
92	V	0.00029	0	0.99971	0
93	S	0.00156	0	0.99844	0
94	A	0.02540	0	0.97460	0
95	M	0.12359	0	0.87641	0
96	V	0.99170	0	0.00830	0
97	G	0.99891	0	0.00109	0
98	S	0.99949	0	0.00051	0
99	A	0.99972	0	0.00028	0
100	V	0.99982	0	0.00018	0
101	W	0.99990	0	0.00010	0
102	Q	0.99991	0	0.00009	0
103	L	0.99991	0	0.00009	0
104	I	0.99991	0	0.00009	0
105	A	0.99997	0	0.00003	0
106	S	0.99976	0	0.00024	0
107	F	0.99906	0	0.00094	0
108	L	0.99784	0	0.00216	0
109	R	0.99687	0	0.00313	0
110	L	0.94712	0	0.05288	0
111	P	0.94172	0	0.05828	0
112	I	0.05716	0	0.94284	0
113	S	0.01607	0	0.98393	0
114	G	0.00019	0	0.99981	0
115	T	0.00010	0	0.99990	0
116	H	0.00006	0	0.99994	0
117	C	0.00000	0	1.00000	0
118	I	0.00000	0	1.00000	0
119	V	0.00000	0	1.00000	0
120	G	0.00000	0	1.00000	0
121	S	0.00000	0	1.00000	0
122	T	0.00000	0	1.00000	0
123	I	0.00000	0	1.00000	0
124	G	0.00000	0	1.00000	0
125	F	0.00000	0	1.00000	0
126	S	0.00000	2e-05	0.99998	0
127	L	0.00000	4e-05	0.99996	0
128	V	0.00000	0.00021	0.99979	0
129	A	0.00000	0.00078	0.99922	0
130	I	0.00000	0.00967	0.99033	0
131	G	0.00000	0.23032	0.76968	0
132	T	0.00000	0.7086	0.29140	0
133	K	0.00000	0.99812	0.00188	0
134	G	0.00000	0.99979	0.00021	0
135	V	0.00000	0.99984	0.00016	0
136	Q	0.00000	0.99996	0.00004	0
137	W	0.00000	1	0.00000	0
138	M	0.00000	1	0.00000	0
139	E	0.00000	1	0.00000	0
140	L	0.00000	1	0.00000	0
141	V	0.00000	1	0.00000	0
142	K	0.00000	1	0.00000	0
143	I	0.00000	0.99812	0.00188	0
144	V	0.00000	0.99184	0.00816	0
145	A	0.00000	0.70188	0.29812	0
146	S	0.00000	0.05811	0.94189	0
147	W	0.00000	0.04521	0.95479	0
148	F	0.00000	0.03476	0.96524	0
149	I	0.00000	0.00161	0.99839	0
150	S	0.00000	0	1.00000	0
151	P	0.00000	0	1.00000	0
152	L	0.00000	0	1.00000	0
153	L	0.00000	0	1.00000	0
154	S	0.00000	0	1.00000	0
155	G	0.00000	0	1.00000	0
156	F	0.00000	0	1.00000	0
157	M	0.00000	0	1.00000	0
158	S	0.00000	0	1.00000	0
159	G	0.00000	0	1.00000	0
160	L	0.00000	0	1.00000	0
161	L	0.00000	0	1.00000	0
162	F	0.00000	0	1.00000	0
163	V	0.00000	0	1.00000	0
164	L	0.00000	0	1.00000	0
165	I	0.00003	0	0.99997	0
166	R	0.00106	0	0.99894	0
167	I	0.00135	0	0.99865	0
168	F	0.00612	0	0.99388	0
169	I	0.06315	0	0.93685	0
170	L	0.34956	0	0.65044	0
171	K	0.99977	0	0.00023	0
172	K	1.00000	0	0.00000	0
173	E	1.00000	0	0.00000	0
174	D	1.00000	0	0.00000	0
175	P	1.00000	0	0.00000	0
176	V	1.00000	0	0.00000	0
177	P	1.00000	0	0.00000	0
178	N	1.00000	0	0.00000	0
179	G	0.96798	0	0.03202	0
180	L	0.95187	0	0.04813	0
181	R	0.95152	0	0.04848	0
182	A	0.90507	0	0.09493	0
183	L	0.90210	0	0.09790	0
184	P	0.90039	0	0.09961	0
185	V	0.13882	0	0.86118	0
186	F	0.12254	0	0.87746	0
187	Y	0.04115	0	0.95885	0
188	A	0.01064	0	0.98936	0
189	A	0.00629	0	0.99371	0
190	T	0.00019	0	0.99981	0
191	I	0.00007	0	0.99993	0
192	A	0.00000	0	1.00000	0
193	I	0.00000	0	1.00000	0
194	N	0.00000	0	1.00000	0
195	V	0.00000	0	1.00000	0
196	F	0.00000	0	1.00000	0
197	S	0.00000	0	1.00000	0
198	I	0.00000	0	1.00000	0
199	M	0.00000	0.00013	0.99987	0
200	Y	0.00000	0.00336	0.99664	0
201	T	0.00000	0.01512	0.98488	0
202	G	0.00000	0.02628	0.97372	0
203	A	0.00000	0.03371	0.96629	0
204	P	0.00000	0.06257	0.93743	0
205	V	0.00000	0.07127	0.92873	0
206	L	0.00000	0.08356	0.91644	0
207	G	0.00000	0.17159	0.82841	0
208	L	0.00000	0.22654	0.77346	0
209	V	0.00000	0.30582	0.69418	0
210	L	0.00000	0.63624	0.36376	0
211	P	0.00000	0.89115	0.10885	0
212	M	0.00000	0.45438	0.54562	0
213	W	0.00000	0.13923	0.86077	0
214	A	0.00000	0.00849	0.99151	0
215	I	0.00000	0.00094	0.99906	0
216	A	0.00000	2e-05	0.99998	0
217	L	0.00000	0	1.00000	0
218	I	0.00000	0	1.00000	0
219	S	0.00000	0	1.00000	0
220	F	0.00000	0	1.00000	0
221	G	0.00000	0	1.00000	0
222	V	0.00000	0	1.00000	0
223	A	0.00000	0	1.00000	0
224	L	0.00000	0	1.00000	0
225	L	0.00000	0	1.00000	0
226	F	0.00000	0	1.00000	0
227	A	0.00001	0	0.99999	0
228	F	0.00002	0	0.99998	0
229	F	0.00035	0	0.99965	0
230	V	0.00138	0	0.99862	0
231	W	0.00885	0	0.99115	0
232	L	0.01956	0	0.98044	0
233	F	0.09273	0	0.90727	0
234	V	0.57432	0	0.42568	0
235	C	0.90719	0	0.09281	0
236	P	0.99866	0	0.00134	0
237	W	0.99938	0	0.00062	0
238	M	0.99991	0	0.00009	0
239	R	1.00000	0	0.00000	0
240	R	1.00000	0	0.00000	0
241	K	1.00000	0	0.00000	0
242	I	1.00000	0	0.00000	0
243	T	1.00000	0	0.00000	0
244	G	1.00000	0	0.00000	0
245	K	1.00000	0	0.00000	0
246	L	1.00000	0	0.00000	0
247	Q	1.00000	0	0.00000	0
248	K	1.00000	0	0.00000	0
249	E	1.00000	0	0.00000	0
250	G	1.00000	0	0.00000	0
251	A	1.00000	0	0.00000	0
252	L	1.00000	0	0.00000	0
253	S	1.00000	0	0.00000	0
254	R	1.00000	0	0.00000	0
255	V	1.00000	0	0.00000	0
256	S	1.00000	0	0.00000	0
257	D	1.00000	0	0.00000	0
258	E	1.00000	0	0.00000	0
259	S	1.00000	0	0.00000	0
260	L	1.00000	0	0.00000	0
261	S	1.00000	0	0.00000	0
262	K	1.00000	0	0.00000	0
263	V	1.00000	0	0.00000	0
264	Q	1.00000	0	0.00000	0
265	E	1.00000	0	0.00000	0
266	A	1.00000	0	0.00000	0
267	E	1.00000	0	0.00000	0
268	S	1.00000	0	0.00000	0
269	P	1.00000	0	0.00000	0
270	V	1.00000	0	0.00000	0
271	F	1.00000	0	0.00000	0
272	K	1.00000	0	0.00000	0
273	E	1.00000	0	0.00000	0
274	L	1.00000	0	0.00000	0
275	P	1.00000	0	0.00000	0
276	G	1.00000	0	0.00000	0
277	A	1.00000	0	0.00000	0
278	K	1.00000	0	0.00000	0
279	A	1.00000	0	0.00000	0
280	N	1.00000	0	0.00000	0
281	D	1.00000	0	0.00000	0
282	D	1.00000	0	0.00000	0
283	S	1.00000	0	0.00000	0
284	T	1.00000	0	0.00000	0
285	I	1.00000	0	0.00000	0
286	P	1.00000	0	0.00000	0
287	L	1.00000	0	0.00000	0
288	T	1.00000	0	0.00000	0
289	G	1.00000	0	0.00000	0
290	A	1.00000	0	0.00000	0
291	A	1.00000	0	0.00000	0
292	G	1.00000	0	0.00000	0
293	E	1.00000	0	0.00000	0
294	T	1.00000	0	0.00000	0
295	L	1.00000	0	0.00000	0
296	G	1.00000	0	0.00000	0
297	T	1.00000	0	0.00000	0
298	S	1.00000	0	0.00000	0
299	E	1.00000	0	0.00000	0
300	G	1.00000	0	0.00000	0
301	T	1.00000	0	0.00000	0
302	S	1.00000	0	0.00000	0
303	A	1.00000	0	0.00000	0
304	G	1.00000	0	0.00000	0
305	S	1.00000	0	0.00000	0
306	H	1.00000	0	0.00000	0
307	P	1.00000	0	0.00000	0
308	R	1.00000	0	0.00000	0
309	A	1.00000	0	0.00000	0
310	A	1.00000	0	0.00000	0
311	Y	1.00000	0	0.00000	0
312	G	1.00000	0	0.00000	0
313	R	1.00000	0	0.00000	0
314	A	1.00000	0	0.00000	0
315	L	1.00000	0	0.00000	0
316	S	1.00000	0	0.00000	0
317	M	1.00000	0	0.00000	0
318	T	1.00000	0	0.00000	0
319	H	1.00000	0	0.00000	0
320	G	1.00000	0	0.00000	0
321	S	1.00000	0	0.00000	0
322	V	1.00000	0	0.00000	0
323	K	1.00000	0	0.00000	0
324	S	1.00000	0	0.00000	0
325	P	1.00000	0	0.00000	0
326	I	1.00000	0	0.00000	0
327	S	1.00000	0	0.00000	0
328	N	1.00000	0	0.00000	0
329	G	1.00000	0	0.00000	0
330	T	1.00000	0	0.00000	0
331	F	1.00000	0	0.00000	0
332	G	1.00000	0	0.00000	0
333	F	1.00000	0	0.00000	0
334	D	1.00000	0	0.00000	0
335	G	1.00000	0	0.00000	0
336	H	1.00000	0	0.00000	0
337	T	1.00000	0	0.00000	0
338	R	1.00000	0	0.00000	0
339	S	1.00000	0	0.00000	0
340	D	1.00000	0	0.00000	0
341	G	1.00000	0	0.00000	0
342	H	1.00000	0	0.00000	0
343	V	1.00000	0	0.00000	0
344	Y	1.00000	0	0.00000	0
345	H	1.00000	0	0.00000	0
346	T	1.00000	0	0.00000	0
347	V	1.00000	0	0.00000	0
348	H	1.00000	0	0.00000	0
349	K	1.00000	0	0.00000	0
350	D	1.00000	0	0.00000	0
351	S	1.00000	0	0.00000	0
352	G	1.00000	0	0.00000	0
353	L	1.00000	0	0.00000	0
354	Y	1.00000	0	0.00000	0
355	K	1.00000	0	0.00000	0
356	D	1.00000	0	0.00000	0
357	L	1.00000	0	0.00000	0
358	L	1.00000	0	0.00000	0
359	H	1.00000	0	0.00000	0
360	K	1.00000	0	0.00000	0
361	I	1.00000	0	0.00000	0
362	H	1.00000	0	0.00000	0
363	I	1.00000	0	0.00000	0
364	D	1.00000	0	0.00000	0
365	R	1.00000	0	0.00000	0
366	G	1.00000	0	0.00000	0
367	P	1.00000	0	0.00000	0
368	E	1.00000	0	0.00000	0
369	E	1.00000	0	0.00000	0
370	K	1.00000	0	0.00000	0
371	P	1.00000	0	0.00000	0
372	A	1.00000	0	0.00000	0
373	Q	1.00000	0	0.00000	0
374	E	1.00000	0	0.00000	0
375	S	1.00000	0	0.00000	0
376	N	1.00000	0	0.00000	0
377	Y	1.00000	0	0.00000	0
378	R	1.00000	0	0.00000	0
379	L	1.00000	0	0.00000	0
380	L	1.00000	0	0.00000	0
381	R	1.00000	0	0.00000	0
382	R	1.00000	0	0.00000	0
383	N	1.00000	0	0.00000	0
384	N	1.00000	0	0.00000	0
385	S	1.00000	0	0.00000	0
386	Y	1.00000	0	0.00000	0
387	T	1.00000	0	0.00000	0
388	C	1.00000	0	0.00000	0
389	Y	1.00000	0	0.00000	0
390	T	1.00000	0	0.00000	0
391	A	1.00000	0	0.00000	0
392	A	1.00000	0	0.00000	0
393	I	1.00000	0	0.00000	0
394	C	1.00000	0	0.00000	0
395	G	1.00000	0	0.00000	0
396	L	1.00000	0	0.00000	0
397	P	1.00000	0	0.00000	0
398	V	1.00000	0	0.00000	0
399	H	1.00000	0	0.00000	0
400	A	1.00000	0	0.00000	0
401	T	1.00000	0	0.00000	0
402	F	1.00000	0	0.00000	0
403	R	1.00000	0	0.00000	0
404	A	1.00000	0	0.00000	0
405	A	1.00000	0	0.00000	0
406	D	1.00000	0	0.00000	0
407	S	1.00000	0	0.00000	0
408	S	1.00000	0	0.00000	0
409	A	1.00000	0	0.00000	0
410	P	1.00000	0	0.00000	0
411	E	1.00000	0	0.00000	0
412	D	1.00000	0	0.00000	0
413	S	1.00000	0	0.00000	0
414	E	1.00000	0	0.00000	0
415	K	1.00000	0	0.00000	0
416	L	1.00000	0	0.00000	0
417	V	1.00000	0	0.00000	0
418	G	1.00000	0	0.00000	0
419	D	1.00000	0	0.00000	0
420	T	1.00000	0	0.00000	0
421	V	1.00000	0	0.00000	0
422	S	1.00000	0	0.00000	0
423	Y	1.00000	0	0.00000	0
424	S	1.00000	0	0.00000	0
425	K	1.00000	0	0.00000	0
426	K	1.00000	0	0.00000	0
427	R	1.00000	0	0.00000	0
428	L	1.00000	0	0.00000	0
429	R	1.00000	0	0.00000	0
430	Y	1.00000	0	0.00000	0
431	D	1.00000	0	0.00000	0
432	S	1.00000	0	0.00000	0
433	Y	1.00000	0	0.00000	0
434	S	1.00000	0	0.00000	0
435	S	1.00000	0	0.00000	0
436	Y	1.00000	0	0.00000	0
437	C	1.00000	0	0.00000	0
438	N	1.00000	0	0.00000	0
439	A	1.00000	0	0.00000	0
440	V	1.00000	0	0.00000	0
441	A	1.00000	0	0.00000	0
442	E	1.00000	0	0.00000	0
443	A	1.00000	0	0.00000	0
444	E	1.00000	0	0.00000	0
445	I	1.00000	0	0.00000	0
446	E	1.00000	0	0.00000	0
447	A	1.00000	0	0.00000	0
448	E	1.00000	0	0.00000	0
449	E	1.00000	0	0.00000	0
450	G	1.00000	0	0.00000	0
451	G	1.00000	0	0.00000	0
452	V	1.00000	0	0.00000	0
453	E	1.00000	0	0.00000	0
454	M	1.00000	0	0.00000	0
455	K	1.00000	0	0.00000	0
456	L	1.00000	0	0.00000	0
457	A	1.00000	0	0.00000	0
458	S	1.00000	0	0.00000	0
459	E	1.00000	0	0.00000	0
460	L	1.00000	0	0.00000	0
461	A	1.00000	0	0.00000	0
462	D	1.00000	0	0.00000	0
463	P	1.00000	0	0.00000	0
464	D	1.00000	0	0.00000	0
465	Q	1.00000	0	0.00000	0
466	P	1.00000	0	0.00000	0
467	R	1.00000	0	0.00000	0
468	E	1.00000	0	0.00000	0
469	D	1.00000	0	0.00000	0
470	P	1.00000	0	0.00000	0
471	A	1.00000	0	0.00000	0
472	E	1.00000	0	0.00000	0
473	E	1.00000	0	0.00000	0
474	E	1.00000	0	0.00000	0
475	K	1.00000	0	0.00000	0
476	E	1.00000	0	0.00000	0
477	E	1.00000	0	0.00000	0
478	K	1.00000	0	0.00000	0
479	D	1.00000	0	0.00000	0
480	A	1.00000	0	0.00000	0
481	P	1.00000	0	0.00000	0
482	E	1.00000	0	0.00000	0
483	V	1.00000	0	0.00000	0
484	H	1.00000	0	0.00000	0
485	L	1.00000	0	0.00000	0
486	L	1.00000	0	0.00000	0
487	F	1.00000	0	0.00000	0
488	H	1.00000	0	0.00000	0
489	F	1.00000	0	0.00000	0
490	L	1.00000	0	0.00000	0
491	Q	1.00000	0	0.00000	0
492	V	1.00000	0	0.00000	0
493	L	1.00000	0	0.00000	0
494	T	1.00000	0	0.00000	0
495	A	1.00000	0	0.00000	0
496	C	1.00000	0	0.00000	0
497	F	1.00000	0	0.00000	0
498	G	1.00000	0	0.00000	0
499	S	1.00000	0	0.00000	0
500	F	1.00000	0	0.00000	0
501	A	1.00000	0	0.00000	0
502	H	1.00000	0	0.00000	0
503	G	1.00000	0	0.00000	0
504	G	1.00000	0	0.00000	0
505	N	1.00000	0	0.00000	0
506	D	1.00000	0	0.00000	0
507	V	1.00000	0	0.00000	0
508	S	1.00000	0	0.00000	0
509	N	1.00000	0	0.00000	0
510	A	1.00000	0	0.00000	0
511	I	1.00000	0	0.00000	0
512	G	1.00000	0	0.00000	0
513	P	1.00000	0	0.00000	0
514	L	1.00000	0	0.00000	0
515	V	1.00000	0	0.00000	0
516	A	1.00000	0	0.00000	0
517	L	1.00000	0	0.00000	0
518	W	1.00000	0	0.00000	0
519	L	1.00000	0	0.00000	0
520	I	1.00000	0	0.00000	0
521	Y	1.00000	0	0.00000	0
522	K	1.00000	0	0.00000	0
523	Q	1.00000	0	0.00000	0
524	G	1.00000	0	0.00000	0
525	G	1.00000	0	0.00000	0
526	V	1.00000	0	0.00000	0
527	T	1.00000	0	0.00000	0
528	Q	1.00000	0	0.00000	0
529	E	1.00000	0	0.00000	0
530	A	1.00000	0	0.00000	0
531	A	1.00000	0	0.00000	0
532	T	1.00000	0	0.00000	0
533	P	1.00000	0	0.00000	0
534	V	1.00000	0	0.00000	0
535	W	1.00000	0	0.00000	0
536	L	1.00000	0	0.00000	0
537	L	1.00000	0	0.00000	0
538	F	1.00000	0	0.00000	0
539	Y	1.00000	0	0.00000	0
540	G	1.00000	0	0.00000	0
541	G	1.00000	0	0.00000	0
542	V	1.00000	0	0.00000	0
543	G	1.00000	0	0.00000	0
544	I	1.00000	0	0.00000	0
545	C	1.00000	0	0.00000	0
546	T	1.00000	0	0.00000	0
547	G	1.00000	0	0.00000	0
548	L	1.00000	0	0.00000	0
549	W	1.00000	0	0.00000	0
550	V	1.00000	0	0.00000	0
551	W	1.00000	0	0.00000	0
552	G	1.00000	0	0.00000	0
553	R	1.00000	0	0.00000	0
554	R	1.00000	0	0.00000	0
555	V	1.00000	0	0.00000	0
556	I	1.00000	0	0.00000	0
557	Q	1.00000	0	0.00000	0
558	T	1.00000	0	0.00000	0
559	M	1.00000	0	0.00000	0
560	G	1.00000	0	0.00000	0
561	K	1.00000	0	0.00000	0
562	D	1.00000	0	0.00000	0
563	L	1.00000	0	0.00000	0
564	T	1.00000	0	0.00000	0
565	P	1.00000	0	0.00000	0
566	I	1.00000	0	0.00000	0
567	T	1.00000	0	0.00000	0
568	P	1.00000	0	0.00000	0
569	S	1.00000	0	0.00000	0
570	S	1.00000	0	0.00000	0
571	G	1.00000	0	0.00000	0
572	F	1.00000	0	0.00000	0
573	T	1.00000	0	0.00000	0
574	I	1.00000	0	0.00000	0
575	E	1.00000	0	0.00000	0
576	L	1.00000	0	0.00000	0
577	A	1.00000	0	0.00000	0
578	S	1.00000	0	0.00000	0
579	A	1.00000	0	0.00000	0
580	F	1.00000	0	0.00000	0
581	T	1.00000	0	0.00000	0
582	V	1.00000	0	0.00000	0
583	V	1.00000	0	0.00000	0
584	I	1.00000	0	0.00000	0
585	A	1.00000	0	0.00000	0
586	S	1.00000	0	0.00000	0
587	N	1.00000	0	0.00000	0
588	I	1.00000	0	0.00000	0
589	G	1.00000	0	0.00000	0
590	L	1.00000	0	0.00000	0
591	P	1.00000	0	0.00000	0
592	V	1.00000	0	0.00000	0
593	S	1.00000	0	0.00000	0
594	T	1.00000	0	0.00000	0
595	T	1.00000	0	0.00000	0
596	H	1.00000	0	0.00000	0
597	C	1.00000	0	0.00000	0
598	K	1.00000	0	0.00000	0
599	V	1.00000	0	0.00000	0
600	G	1.00000	0	0.00000	0
601	S	1.00000	0	0.00000	0
602	V	1.00000	0	0.00000	0
603	V	1.00000	0	0.00000	0
604	A	1.00000	0	0.00000	0
605	V	1.00000	0	0.00000	0
606	G	1.00000	0	0.00000	0
607	W	1.00000	0	0.00000	0
608	I	1.00000	0	0.00000	0
609	R	1.00000	0	0.00000	0
610	S	1.00000	0	0.00000	0
611	R	1.00000	0	0.00000	0
612	K	1.00000	0	0.00000	0
613	A	1.00000	0	0.00000	0
614	V	1.00000	0	0.00000	0
615	D	1.00000	0	0.00000	0
616	W	1.00000	0	0.00000	0
617	R	1.00000	0	0.00000	0
618	L	1.00000	0	0.00000	0
619	F	1.00000	0	0.00000	0
620	R	1.00000	0	0.00000	0
621	N	1.00000	0	0.00000	0
622	I	1.00000	0	0.00000	0
623	F	1.00000	0	0.00000	0
624	V	1.00000	0	0.00000	0
625	A	1.00000	0	0.00000	0
626	W	1.00000	0	0.00000	0
627	F	1.00000	0	0.00000	0
628	V	1.00000	0	0.00000	0
629	T	1.00000	0	0.00000	0
630	V	1.00000	0	0.00000	0
631	P	1.00000	0	0.00000	0
632	V	1.00000	0	0.00000	0
633	A	1.00000	0	0.00000	0
634	G	1.00000	0	0.00000	0
635	L	1.00000	0	0.00000	0
636	F	1.00000	0	0.00000	0
637	S	1.00000	0	0.00000	0
638	A	1.00000	0	0.00000	0
639	A	1.00000	0	0.00000	0
640	V	1.00000	0	0.00000	0
641	M	1.00000	0	0.00000	0
642	A	1.00000	0	0.00000	0
643	L	1.00000	0	0.00000	0
644	L	1.00000	0	0.00000	0
645	M	1.00000	0	0.00000	0
646	Y	1.00000	0	0.00000	0
647	G	1.00000	0	0.00000	0
648	I	1.00000	0	0.00000	0
649	L	1.00000	0	0.00000	0
650	P	1.00000	0	0.00000	0
651	Y	1.00000	0	0.00000	0
652	V	1.00000	0	0.00000	0
