# UNNAMED
#pos	aa	i	o	M	S
1	M	0.00000	0.00228	0.00000	0.99772
2	A	0.00000	0.00228	0.00000	0.99772
3	A	0.00000	0.00228	0.00000	0.99772
4	P	0.00000	0.00228	0.00000	0.99773
5	T	0.00000	0.00228	0.00000	0.99773
6	L	0.00000	0.00228	0.00000	0.99772
7	G	0.00000	0.00228	0.00000	0.99772
8	R	0.00000	0.00228	0.00000	0.99773
9	L	0.00000	0.00228	0.00000	0.99772
10	V	0.00000	0.00228	0.00000	0.99772
11	L	0.00000	0.00228	0.00000	0.99772
12	T	0.00000	0.00228	0.00000	0.99772
13	H	0.00000	0.00228	0.00000	0.99772
14	L	0.00000	0.00228	0.00000	0.99772
15	L	0.00000	0.00228	0.00000	0.99773
16	V	0.00000	0.00228	0.00000	0.99772
17	A	0.00000	0.00228	0.00000	0.99772
18	L	0.00000	0.00228	0.00000	0.99772
19	F	0.00000	0.00232	0.00000	0.99769
20	G	0.00000	0.00231	0.00000	0.99769
21	M	0.00000	0.00232	0.00000	0.99767
22	G	0.00000	0.00233	0.00000	0.99767
23	S	0.00000	0.01962	0.00000	0.98038
24	W	0.00000	0.01967	0.00000	0.98033
25	A	0.00000	0.01979	0.00000	0.9802
26	A	0.00000	0.99992	0.00000	8e-05
27	V	0.00000	1	0.00000	0
28	N	0.00000	1	0.00000	0
29	G	0.00000	1	0.00000	0
30	I	0.00000	1	0.00000	0
31	W	0.00000	1	0.00000	0
32	V	0.00000	1	0.00000	0
33	E	0.00000	1	0.00000	0
34	L	0.00000	1	0.00000	0
35	P	0.00000	1	0.00000	0
36	V	0.00000	1	0.00000	0
37	V	0.00000	1	0.00000	0
38	V	0.00000	1	0.00000	0
39	K	0.00000	1	0.00000	0
40	D	0.00000	1	0.00000	0
41	L	0.00000	0.99995	0.00005	0
42	P	0.00000	0.99993	0.00007	0
43	E	0.00000	0.99984	0.00016	0
44	G	0.00000	0.98517	0.01483	0
45	W	0.00000	0.96999	0.03001	0
46	S	0.00000	0.80106	0.19894	0
47	L	0.00000	0.44773	0.55227	0
48	P	0.00000	0.38681	0.61319	0
49	S	0.00000	0.28096	0.71904	0
50	Y	0.00000	0.15684	0.84316	0
51	L	0.00000	0.14657	0.85343	0
52	S	0.00000	0.14438	0.85562	0
53	V	0.00000	0.14245	0.85755	0
54	V	0.00000	0.14239	0.85761	0
55	V	0.00000	0.14239	0.85761	0
56	A	0.00000	0.14239	0.85761	0
57	L	0.00000	0.14239	0.85761	0
58	G	0.00000	0.14239	0.85761	0
59	N	0.00000	0.14239	0.85761	0
60	L	0.00000	0.14239	0.85761	0
61	G	0.00000	0.14239	0.85761	0
62	L	0.00000	0.14239	0.85761	0
63	L	0.00000	0.14239	0.85761	0
64	V	0.00000	0.14239	0.85761	0
65	V	0.00003	0.14239	0.85758	0
66	T	0.00138	0.14239	0.85623	0
67	L	0.00999	0.14239	0.84762	0
68	W	0.13995	0.14239	0.71766	0
69	R	0.75068	0.14239	0.10693	0
70	Q	0.80631	0.14239	0.05130	0
71	L	0.80928	0.14239	0.04833	0
72	A	0.83176	0.14239	0.02585	0
73	P	0.85760	0.14239	0.00001	0
74	G	0.85761	0.14239	0.00000	0
75	K	0.85761	0.14239	0.00000	0
76	G	0.85761	0.14238	0.00001	0
77	E	0.85761	0.14234	0.00005	0
78	Q	0.85760	0.13882	0.00358	0
79	V	0.85759	0.11429	0.02812	0
80	P	0.85758	0.10353	0.03889	0
81	I	0.00276	0.0298	0.96743	0
82	Q	0.00015	0.02035	0.97950	0
83	V	0.00000	0.00121	0.99879	0
84	V	0.00000	0.00013	0.99987	0
85	Q	0.00000	4e-05	0.99996	0
86	V	0.00000	0	1.00000	0
87	L	0.00000	0	1.00000	0
88	S	0.00000	0	1.00000	0
89	V	0.00000	0	1.00000	0
90	V	0.00000	0	1.00000	0
91	G	0.00000	0	1.00000	0
92	T	0.00000	0	1.00000	0
93	A	0.00000	0	1.00000	0
94	L	0.00000	0	1.00000	0
95	L	0.00000	0	1.00000	0
96	A	0.00000	0	1.00000	0
97	P	0.00003	0	0.99997	0
98	L	0.00005	0.0001	0.99985	0
99	W	0.00051	0.04891	0.95058	0
100	H	0.00275	0.83299	0.16427	0
101	H	0.00648	0.85723	0.13629	0
102	V	0.01223	0.85761	0.13016	0
103	A	0.06379	0.85761	0.07860	0
104	P	0.14234	0.85761	0.00005	0
105	V	0.14239	0.85761	0.00000	0
106	A	0.14238	0.85761	0.00001	0
107	G	0.14234	0.85761	0.00005	0
108	Q	0.14171	0.8576	0.00069	0
109	L	0.13954	0.847	0.01346	0
110	H	0.13678	0.63006	0.23317	0
111	S	0.13115	0.36806	0.50079	0
112	V	0.10541	0.04208	0.85251	0
113	A	0.04515	0.00399	0.95086	0
114	F	0.00823	5e-05	0.99172	0
115	L	0.00166	0	0.99834	0
116	T	0.00126	0	0.99874	0
117	L	0.00001	0	0.99999	0
118	A	0.00000	0	1.00000	0
119	L	0.00000	0	1.00000	0
120	V	0.00000	0	1.00000	0
121	L	0.00000	0	1.00000	0
122	A	0.00000	0	1.00000	0
123	M	0.00000	0	1.00000	0
124	A	0.00000	0	1.00000	0
125	C	0.00000	0	1.00000	0
126	C	0.00000	0	1.00000	0
127	T	0.00000	0	1.00000	0
128	S	0.00006	0	0.99993	0
129	N	0.00593	0	0.99407	0
130	V	0.00836	0	0.99164	0
131	T	0.01801	0	0.98199	0
132	F	0.07907	6e-05	0.92087	0
133	L	0.51975	0.00047	0.47978	0
134	P	0.85761	0.00691	0.13548	0
135	F	0.85761	0.03014	0.11225	0
136	L	0.85761	0.07093	0.07146	0
137	S	0.85761	0.14049	0.00190	0
138	H	0.85761	0.14238	0.00001	0
139	L	0.85761	0.14239	0.00000	0
140	P	0.85761	0.14239	0.00000	0
141	P	0.85761	0.14239	0.00000	0
142	P	0.85759	0.14239	0.00002	0
143	F	0.85452	0.14239	0.00309	0
144	L	0.85096	0.14235	0.00669	0
145	R	0.84513	0.14225	0.01262	0
146	S	0.67618	0.14169	0.18213	0
147	F	0.09361	0.06517	0.84121	0
148	F	0.02274	0.01909	0.95818	0
149	L	0.00259	0.00439	0.99301	0
150	G	0.00146	0.00289	0.99565	0
151	Q	0.00123	0.00179	0.99698	0
152	G	0.00041	0.00041	0.99918	0
153	L	0.00000	1e-05	0.99999	0
154	S	0.00000	0	1.00000	0
155	A	0.00000	0	1.00000	0
156	L	0.00000	0	1.00000	0
157	L	0.00000	0	1.00000	0
158	P	0.00000	0	1.00000	0
159	C	0.00000	0	1.00000	0
160	V	0.00000	0	1.00000	0
161	L	0.00000	0	1.00000	0
162	A	0.00000	0	1.00000	0
163	L	0.00000	0	1.00000	0
164	V	0.00000	0.00018	0.99982	0
165	Q	0.00000	0.0292	0.97080	0
166	G	0.00005	0.10029	0.89966	0
167	V	0.00017	0.21979	0.78004	0
168	G	0.00634	0.68806	0.30560	0
169	R	0.01030	0.84144	0.14827	0
170	L	0.01367	0.84835	0.13798	0
171	E	0.01685	0.85653	0.12662	0
172	C	0.09088	0.85714	0.05198	0
173	P	0.14239	0.85736	0.00025	0
174	P	0.14239	0.8576	0.00000	0
175	A	0.14239	0.85761	0.00000	0
176	P	0.14239	0.85761	0.00000	0
177	T	0.14239	0.85761	0.00000	0
178	N	0.14239	0.85761	0.00000	0
179	G	0.14239	0.85761	0.00000	0
180	T	0.14239	0.85761	0.00000	0
181	S	0.14239	0.85761	0.00000	0
182	G	0.14239	0.85761	0.00000	0
183	P	0.14239	0.85761	0.00000	0
184	P	0.14239	0.85761	0.00000	0
185	L	0.14239	0.85761	0.00001	0
186	D	0.14238	0.85761	0.00002	0
187	F	0.14192	0.8563	0.00178	0
188	P	0.14191	0.85628	0.00181	0
189	E	0.14148	0.85557	0.00294	0
190	R	0.13939	0.84867	0.01193	0
191	F	0.11852	0.77665	0.10483	0
192	P	0.11729	0.75119	0.13151	0
193	A	0.09451	0.40659	0.49890	0
194	S	0.07888	0.31219	0.60893	0
195	T	0.01774	0.27687	0.70539	0
196	F	0.00094	0.02688	0.97218	0
197	F	0.00002	0.01044	0.98954	0
198	W	0.00000	0.01004	0.98996	0
199	A	0.00000	0.00975	0.99025	0
200	L	0.00000	0.00877	0.99123	0
201	T	0.00000	0.00847	0.99153	0
202	A	0.00000	0.00514	0.99486	0
203	L	0.00000	0.00493	0.99507	0
204	L	0.00000	0.00485	0.99515	0
205	V	0.00000	0.00483	0.99517	0
206	T	0.00000	0.00483	0.99517	0
207	S	0.00000	0.00178	0.99822	0
208	A	0.00000	0.00061	0.99938	0
209	A	0.00001	0.00069	0.99929	0
210	A	0.00005	0.00089	0.99907	0
211	F	0.00010	0.00253	0.99737	0
212	R	0.00154	0.02461	0.97384	0
213	G	0.00206	0.02804	0.96990	0
214	L	0.00277	0.02925	0.96798	0
215	L	0.00898	0.03499	0.95604	0
216	L	0.05550	0.05331	0.89118	0
217	L	0.39220	0.11372	0.49408	0
218	L	0.41986	0.11949	0.46065	0
219	P	0.78890	0.14071	0.07039	0
220	S	0.82034	0.14246	0.03720	0
221	L	0.82653	0.14263	0.03084	0
222	P	0.84548	0.14274	0.01178	0
223	S	0.84617	0.14275	0.01108	0
224	V	0.84624	0.14275	0.01101	0
225	T	0.84830	0.14275	0.00895	0
226	T	0.84956	0.14275	0.00769	0
227	G	0.84987	0.14275	0.00739	0
228	G	0.85150	0.14275	0.00576	0
229	S	0.85389	0.14275	0.00337	0
230	G	0.85477	0.14275	0.00249	0
231	P	0.85662	0.14275	0.00063	0
232	E	0.85691	0.14275	0.00034	0
233	L	0.85693	0.14275	0.00033	0
234	Q	0.85703	0.14275	0.00023	0
235	L	0.85703	0.14275	0.00022	0
236	G	0.85704	0.14275	0.00021	0
237	S	0.85720	0.14275	0.00005	0
238	P	0.85725	0.14275	0.00001	0
239	G	0.85725	0.14275	0.00000	0
240	A	0.85725	0.14275	0.00000	0
241	E	0.85725	0.14275	0.00000	0
242	E	0.85725	0.14275	0.00000	0
243	E	0.85725	0.14275	0.00000	0
244	E	0.85725	0.14275	0.00000	0
245	K	0.85725	0.14275	0.00000	0
246	E	0.85725	0.14275	0.00000	0
247	E	0.85725	0.14275	0.00000	0
248	E	0.85725	0.14275	0.00000	0
249	E	0.85725	0.14275	0.00000	0
250	A	0.85725	0.14275	0.00000	0
251	L	0.85725	0.14275	0.00000	0
252	P	0.85725	0.14275	0.00000	0
253	L	0.85725	0.14275	0.00000	0
254	Q	0.85725	0.14275	0.00000	0
255	E	0.85725	0.14275	0.00000	0
256	P	0.85725	0.14275	0.00000	0
257	P	0.85725	0.14275	0.00000	0
258	S	0.85725	0.14275	0.00000	0
259	Q	0.85725	0.14275	0.00000	0
260	A	0.85725	0.14275	0.00000	0
261	A	0.85725	0.14275	0.00000	0
262	G	0.85725	0.14275	0.00000	0
263	T	0.85725	0.14275	0.00000	0
264	I	0.85725	0.14275	0.00000	0
265	P	0.85725	0.14275	0.00000	0
266	G	0.85725	0.14275	0.00000	0
267	P	0.85725	0.14275	0.00000	0
268	D	0.85725	0.14275	0.00000	0
269	P	0.85725	0.14275	0.00000	0
270	E	0.85725	0.14274	0.00000	0
271	A	0.85684	0.14195	0.00121	0
272	H	0.85682	0.1419	0.00128	0
273	Q	0.74533	0.12729	0.12738	0
274	L	0.66586	0.00561	0.32853	0
275	F	0.66489	0.00466	0.33045	0
276	S	0.66484	0.0046	0.33055	0
277	A	0.66483	0.00456	0.33061	0
278	H	0.66482	0.00455	0.33063	0
279	G	0.15799	0.00249	0.83951	0
280	A	0.15596	0.00238	0.84166	0
281	F	0.02658	0.00069	0.97273	0
282	L	0.00326	0.00048	0.99626	0
283	L	0.00280	0.00045	0.99675	0
284	G	0.00240	0.00042	0.99718	0
285	L	0.00089	2e-05	0.99909	0
286	M	0.00087	1e-05	0.99912	0
287	A	0.00086	1e-05	0.99914	0
288	F	0.00085	1e-05	0.99915	0
289	T	0.00085	0	0.99915	0
290	S	0.00085	0	0.99915	0
291	A	0.00085	1e-05	0.99914	0
292	V	0.00085	0.00038	0.99877	0
293	T	0.00093	0.00858	0.99049	0
294	N	0.00108	0.03041	0.96851	0
295	G	0.00129	0.0387	0.96001	0
296	V	0.00287	0.04525	0.95188	0
297	L	0.02018	0.06003	0.91979	0
298	P	0.11699	0.13965	0.74336	0
299	S	0.12811	0.16592	0.70598	0
300	V	0.13006	0.1821	0.68784	0
301	Q	0.13906	0.342	0.51894	0
302	S	0.13914	0.38869	0.47217	0
303	F	0.13914	0.41458	0.44628	0
304	S	0.13976	0.6734	0.18684	0
305	C	0.13999	0.81783	0.04218	0
306	L	0.14045	0.83154	0.02802	0
307	P	0.14256	0.84899	0.00845	0
308	Y	0.14270	0.8531	0.00420	0
309	G	0.14311	0.85459	0.00229	0
310	R	0.14343	0.84556	0.01101	0
311	L	0.14341	0.76794	0.08865	0
312	A	0.14339	0.75107	0.10554	0
313	Y	0.14343	0.72047	0.13610	0
314	H	0.14345	0.59254	0.26401	0
315	L	0.12177	0.00979	0.86844	0
316	A	0.12090	0.00066	0.87843	0
317	V	0.12082	0.00043	0.87875	0
318	V	0.12076	0.00042	0.87882	0
319	L	0.12076	0.00042	0.87882	0
320	G	0.12076	0.00042	0.87882	0
321	S	0.12076	0.00042	0.87882	0
322	A	0.12076	0.00042	0.87883	0
323	A	0.12075	0.00041	0.87884	0
324	N	0.12075	0.00041	0.87884	0
325	P	0.12075	0.00041	0.87884	0
326	L	0.10759	0.00038	0.89202	0
327	A	0.08916	0.00038	0.91046	0
328	C	0.01447	0.00037	0.98515	0
329	F	0.00791	0.00037	0.99172	0
330	L	0.00808	0.00037	0.99155	0
331	A	0.01372	0.00037	0.98591	0
332	M	0.01343	0.00037	0.98620	0
333	G	0.03085	0.00037	0.96878	0
334	V	0.08697	0.0004	0.91263	0
335	L	0.13310	0.00107	0.86583	0
336	C	0.23933	0.01434	0.74633	0
337	R	0.85607	0.01688	0.12705	0
338	S	0.85606	0.01702	0.12692	0
339	L	0.85597	0.01718	0.12685	0
340	A	0.85597	0.01799	0.12604	0
341	G	0.85597	0.01944	0.12459	0
342	L	0.85597	0.02211	0.12192	0
343	V	0.85597	0.02237	0.12166	0
344	G	0.85598	0.02284	0.12118	0
345	L	0.85599	0.0229	0.12111	0
346	S	0.85599	0.02298	0.12102	0
347	L	0.85600	0.02289	0.12111	0
348	L	0.85602	0.02293	0.12105	0
349	G	0.85602	0.02377	0.12020	0
350	M	0.85603	0.02448	0.11949	0
351	L	0.85603	0.0293	0.11467	0
352	F	0.85604	0.05401	0.08995	0
353	G	0.85604	0.12202	0.02194	0
354	A	0.85604	0.12745	0.01651	0
355	Y	0.85604	0.11965	0.02431	0
356	L	0.85604	0.05574	0.08822	0
357	M	0.85604	0.01591	0.12805	0
358	A	0.85604	0.00156	0.14240	0
359	L	0.85604	7e-05	0.14389	0
360	A	0.85604	4e-05	0.14392	0
361	I	0.85604	4e-05	0.14392	0
362	L	0.85604	7e-05	0.14389	0
363	S	0.85604	0.00013	0.14383	0
364	P	0.85604	0.00014	0.14382	0
365	C	0.85604	0.00012	0.14384	0
366	P	0.85604	0.00011	0.14385	0
367	P	0.85604	7e-05	0.14389	0
368	L	0.85604	1e-05	0.14395	0
369	V	0.85604	1e-05	0.14395	0
370	G	0.85605	1e-05	0.14395	0
371	T	0.85606	1e-05	0.14393	0
372	T	0.85610	0	0.14390	0
373	A	0.85628	0	0.14372	0
374	G	0.85631	0	0.14369	0
375	V	0.85636	0	0.14364	0
376	V	0.85645	0	0.14355	0
377	L	0.85743	0	0.14257	0
378	V	0.85998	0	0.14002	0
379	V	0.90128	0	0.09872	0
380	L	0.96807	0	0.03193	0
381	S	0.99630	0	0.00370	0
382	W	0.99935	0	0.00065	0
383	V	0.99974	0	0.00026	0
384	L	0.99981	0	0.00019	0
385	C	0.99984	0	0.00016	0
386	L	0.99985	0	0.00015	0
387	C	0.99996	0	0.00004	0
388	V	0.99997	0	0.00003	0
389	F	0.99997	0	0.00003	0
390	S	0.99998	0	0.00002	0
391	Y	0.99999	0	0.00001	0
392	V	0.99999	0	0.00001	0
393	K	1.00000	0	0.00000	0
394	V	1.00000	0	0.00000	0
395	A	1.00000	0	0.00000	0
396	A	1.00000	0	0.00000	0
397	S	1.00000	0	0.00000	0
398	S	1.00000	0	0.00000	0
399	L	1.00000	0	0.00000	0
400	L	1.00000	0	0.00000	0
401	H	1.00000	0	0.00000	0
402	G	1.00000	0	0.00000	0
403	G	1.00000	0	0.00000	0
404	G	1.00000	0	0.00000	0
405	R	1.00000	0	0.00000	0
406	P	1.00000	0	0.00000	0
407	A	1.00000	0	0.00000	0
408	L	1.00000	0	0.00000	0
409	L	1.00000	0	0.00000	0
410	A	1.00000	0	0.00000	0
411	A	1.00000	0	0.00000	0
412	G	1.00000	0	0.00000	0
413	V	1.00000	0	0.00000	0
414	A	1.00000	0	0.00000	0
415	I	1.00000	0	0.00000	0
416	Q	1.00000	0	0.00000	0
417	V	1.00000	0	0.00000	0
418	G	1.00000	0	0.00000	0
419	S	1.00000	0	0.00000	0
420	L	1.00000	0	0.00000	0
421	L	1.00000	0	0.00000	0
422	G	1.00000	0	0.00000	0
423	A	1.00000	0	0.00000	0
424	G	1.00000	0	0.00000	0
425	A	1.00000	0	0.00000	0
426	M	1.00000	0	0.00000	0
427	F	1.00000	0	0.00000	0
428	P	1.00000	0	0.00000	0
429	P	1.00000	0	0.00000	0
430	T	1.00000	0	0.00000	0
431	S	1.00000	0	0.00000	0
432	I	1.00000	0	0.00000	0
433	Y	1.00000	0	0.00000	0
434	H	1.00000	0	0.00000	0
435	V	1.00000	0	0.00000	0
436	F	1.00000	0	0.00000	0
437	Q	1.00000	0	0.00000	0
438	S	1.00000	0	0.00000	0
439	R	1.00000	0	0.00000	0
440	K	1.00000	0	0.00000	0
441	D	1.00000	0	0.00000	0
442	C	1.00000	0	0.00000	0
443	V	1.00000	0	0.00000	0
444	D	1.00000	0	0.00000	0
445	P	1.00000	0	0.00000	0
446	C	1.00000	0	0.00000	0
447	G	1.00000	0	0.00000	0
448	P	1.00000	0	0.00000	0
