# UNNAMED
#pos	aa	i	o	M	S
1	M	0.00000	1	0.00000	0
2	L	0.00000	1	0.00000	0
3	Q	0.00000	1	0.00000	0
4	M	0.00000	0.13347	0.86653	0
5	A	0.00000	0.0023	0.99770	0
6	G	0.00000	0	1.00000	0
7	Q	0.00000	0	1.00000	0
8	C	0.00000	0	1.00000	0
9	S	0.00000	0	1.00000	0
10	Q	0.00000	0	1.00000	0
11	N	0.00000	0	1.00000	0
12	E	0.00000	0	1.00000	0
13	Y	0.00000	0	1.00000	0
14	F	0.00000	0	1.00000	0
15	D	0.00000	0	1.00000	0
16	S	0.00000	0	1.00000	0
17	L	0.00000	0	1.00000	0
18	L	0.00000	0	1.00000	0
19	H	0.00000	0	1.00000	0
20	A	0.00000	0	1.00000	0
21	C	0.00657	0	0.99343	0
22	I	0.42555	0	0.57445	0
23	P	0.99615	0	0.00385	0
24	C	1.00000	0	0.00000	0
25	Q	0.99593	0	0.00407	0
26	L	0.60475	0	0.39525	0
27	R	0.13889	0	0.86111	0
28	C	0.00000	0	1.00000	0
29	S	0.00000	0	1.00000	0
30	S	0.00000	0	1.00000	0
31	N	0.00000	0	1.00000	0
32	T	0.00000	0	1.00000	0
33	P	0.00000	0	1.00000	0
34	P	0.00000	0	1.00000	0
35	L	0.00000	0	1.00000	0
36	T	0.00000	0	1.00000	0
37	C	0.00000	0	1.00000	0
38	Q	0.00000	0	1.00000	0
39	R	0.00000	0	1.00000	0
40	Y	0.00000	0	1.00000	0
41	C	0.00000	0	1.00000	0
42	N	0.00000	0	1.00000	0
43	A	0.00000	0.02794	0.97206	0
44	S	0.00000	0.827	0.17300	0
45	V	0.00000	0.93561	0.06439	0
46	T	0.00000	0.99565	0.00435	0
47	N	0.00000	0.99999	0.00001	0
48	S	0.00000	1	0.00000	0
49	V	0.00000	1	0.00000	0
50	K	0.00000	1	0.00000	0
51	G	0.00000	1	0.00000	0
52	T	0.00000	1	0.00000	0
53	N	0.00000	0.9948	0.00520	0
54	A	0.00000	0.17698	0.82302	0
55	I	0.00000	0.06494	0.93506	0
56	L	0.00000	0.00436	0.99564	0
57	W	0.00000	2e-05	0.99998	0
58	T	0.00000	0	1.00000	0
59	C	0.00000	0	1.00000	0
60	L	0.00000	0	1.00000	0
61	G	0.00000	0	1.00000	0
62	L	0.00000	0	1.00000	0
63	S	0.00000	0	1.00000	0
64	L	0.00000	0	1.00000	0
65	I	0.00000	0	1.00000	0
66	I	0.00000	0	1.00000	0
67	S	0.00000	0	1.00000	0
68	L	0.00000	0	1.00000	0
69	A	0.00000	0	1.00000	0
70	V	0.00000	0	1.00000	0
71	F	0.00050	0	0.99950	0
72	V	0.11014	0	0.88986	0
73	L	0.48924	0	0.51076	0
74	M	0.99838	0	0.00162	0
75	F	0.99953	0	0.00047	0
76	L	1.00000	0	0.00000	0
77	L	1.00000	0	0.00000	0
78	R	1.00000	0	0.00000	0
79	K	1.00000	0	0.00000	0
80	I	1.00000	0	0.00000	0
81	N	1.00000	0	0.00000	0
82	S	0.99967	0	0.00033	0
83	E	0.91475	0	0.08525	0
84	P	0.67562	0	0.32438	0
85	L	0.00191	0	0.99809	0
86	K	0.00047	0	0.99953	0
87	D	0.00000	0	1.00000	0
88	E	0.00000	0	1.00000	0
89	F	0.00000	0	1.00000	0
90	K	0.00000	0	1.00000	0
91	N	0.00000	0	1.00000	0
92	T	0.00000	0	1.00000	0
93	G	0.00000	0	1.00000	0
94	S	0.00000	0	1.00000	0
95	G	0.00000	0	1.00000	0
96	L	0.00000	0	1.00000	0
97	L	0.00000	0	1.00000	0
98	G	0.00000	0	1.00000	0
99	M	0.00000	0	1.00000	0
100	A	0.00000	0	1.00000	0
101	N	0.00000	0.08112	0.91888	0
102	I	0.00000	0.08356	0.91644	0
103	D	0.00000	0.99949	0.00051	0
104	L	0.00000	0.99953	0.00047	0
105	E	0.00000	1	0.00000	0
106	K	0.00000	1	0.00000	0
107	S	0.00000	1	0.00000	0
108	R	0.00000	1	0.00000	0
109	T	0.00000	1	0.00000	0
110	G	0.00000	1	0.00000	0
111	D	0.00000	1	0.00000	0
112	E	0.00000	1	0.00000	0
113	I	0.00000	0.91894	0.08106	0
114	I	0.00000	0.91865	0.08135	0
115	L	0.00000	0.00059	0.99941	0
116	P	0.00000	0.00047	0.99953	0
117	R	0.00000	0	1.00000	0
118	G	0.00000	0	1.00000	0
119	L	0.00000	0	1.00000	0
120	E	0.00000	0	1.00000	0
121	Y	0.00000	0	1.00000	0
122	T	0.00000	0	1.00000	0
123	V	0.00000	0	1.00000	0
124	E	0.00000	0	1.00000	0
125	E	0.00000	0	1.00000	0
126	C	0.00000	0	1.00000	0
127	T	0.00000	0	1.00000	0
128	C	0.00000	0	1.00000	0
129	E	0.00000	0	1.00000	0
130	D	0.00000	0	1.00000	0
131	C	0.00000	0	1.00000	0
132	I	0.00009	0	0.99991	0
133	K	0.07071	0	0.92929	0
134	S	0.43939	0	0.56061	0
135	K	0.99991	0	0.00009	0
136	P	1.00000	0	0.00000	0
137	K	1.00000	0	0.00000	0
138	V	1.00000	0	0.00000	0
139	D	1.00000	0	0.00000	0
140	S	1.00000	0	0.00000	0
141	D	1.00000	0	0.00000	0
142	H	0.96764	0	0.03236	0
143	C	0.61980	0	0.38020	0
144	F	0.00038	0	0.99962	0
145	P	0.00000	0	1.00000	0
146	L	0.00000	0	1.00000	0
147	P	0.00000	0	1.00000	0
148	A	0.00000	0	1.00000	0
149	M	0.00000	0	1.00000	0
150	E	0.00000	0	1.00000	0
151	E	0.00000	0	1.00000	0
152	G	0.00000	0	1.00000	0
153	A	0.00000	0	1.00000	0
154	T	0.00000	0	1.00000	0
155	I	0.00000	0	1.00000	0
156	L	0.00000	0	1.00000	0
157	V	0.00000	0	1.00000	0
158	T	0.00000	0	1.00000	0
159	T	0.00000	0	1.00000	0
160	K	0.00000	0.0082	0.99180	0
161	T	0.00000	0.02875	0.97125	0
162	N	0.00000	0.86198	0.13802	0
163	D	0.00000	0.99776	0.00224	0
164	Y	0.00000	0.17107	0.82893	0
165	C	0.00000	0.0098	0.99020	0
166	K	0.00000	1e-05	0.99999	0
167	S	0.00000	0	1.00000	0
168	L	0.00000	0	1.00000	0
169	P	0.00000	0	1.00000	0
170	A	0.00000	0	1.00000	0
171	A	0.00000	0	1.00000	0
172	L	0.00000	0	1.00000	0
173	S	0.00000	0	1.00000	0
174	A	0.00000	0	1.00000	0
175	T	0.00000	0	1.00000	0
176	E	0.00000	0	1.00000	0
177	I	0.00000	0	1.00000	0
178	E	0.00000	0	1.00000	0
179	K	0.00000	0	1.00000	0
180	S	0.00000	0	1.00000	0
181	I	0.00000	0	1.00000	0
182	S	0.00000	0	1.00000	0
183	A	0.00000	0	1.00000	0
184	R	1.00000	0	0.00000	0
