# UNNAMED
#pos	aa	i	o	M	S
1	M	0.00000	0.99624	0.00000	0.00376
2	G	0.00000	0.99624	0.00000	0.00376
3	P	0.00000	0.99624	0.00000	0.00376
4	P	0.00000	0.99624	0.00000	0.00376
5	H	0.00000	0.99624	0.00000	0.00376
6	S	0.00000	0.99623	0.00001	0.00376
7	G	0.00000	0.99617	0.00007	0.00376
8	P	0.00000	0.99486	0.00138	0.00376
9	G	0.00000	0.98445	0.01179	0.00376
10	G	0.00000	0.96767	0.02857	0.00376
11	V	0.00000	0.92116	0.07508	0.00376
12	R	0.00000	0.90412	0.09212	0.00376
13	V	0.00000	0.36522	0.63102	0.00376
14	G	0.00000	0.22338	0.77286	0.00376
15	A	0.00000	0.06013	0.93611	0.00376
16	L	0.00000	0.01888	0.97736	0.00376
17	L	0.00000	0.00312	0.99312	0.00376
18	L	0.00000	0.00028	0.99596	0.00376
19	L	0.00000	3e-05	0.99621	0.00376
20	G	0.00000	1e-05	0.99623	0.00376
21	V	0.00000	1e-05	0.99624	0.00376
22	L	0.00000	1e-05	0.99624	0.00376
23	G	0.00000	1e-05	0.99624	0.00376
24	L	0.00000	2e-05	0.99624	0.00375
25	V	0.00000	1e-05	0.99624	0.00375
26	S	0.00000	1e-05	0.99623	0.00375
27	G	0.00000	1e-05	0.99623	0.00375
28	L	0.00000	0.00217	0.99623	0.00159
29	S	0.00004	0.00222	0.99620	0.00155
30	L	0.00007	0.00238	0.99617	0.00138
31	E	0.00080	0.00376	0.99544	0
32	P	0.00146	0.00376	0.99477	0
33	V	0.00203	0.00376	0.99421	0
34	Y	0.00894	0.00376	0.98730	0
35	W	0.16809	0.00376	0.82815	0
36	N	0.57668	0.00376	0.41956	0
37	S	0.84990	0.00376	0.14634	0
38	A	0.93573	0.00376	0.06051	0
39	N	0.99616	0.00376	0.00008	0
40	K	0.99620	0.00376	0.00003	0
41	R	0.99620	0.00376	0.00004	0
42	F	0.99614	0.00375	0.00011	0
43	Q	0.99612	0.00375	0.00012	0
44	A	0.99545	0.00372	0.00083	0
45	E	0.99236	0.00371	0.00393	0
46	G	0.93705	0.00363	0.05931	0
47	G	0.00311	0.0018	0.99509	0
48	Y	0.00068	0.00011	0.99921	0
49	V	0.00015	4e-05	0.99980	0
50	L	0.00004	4e-05	0.99991	0
51	Y	0.00004	4e-05	0.99992	0
52	P	0.00004	4e-05	0.99992	0
53	Q	0.00000	4e-05	0.99996	0
54	I	0.00000	4e-05	0.99996	0
55	G	0.00000	5e-05	0.99995	0
56	D	0.00000	7e-05	0.99993	0
57	R	0.00000	8e-05	0.99992	0
58	L	0.00000	8e-05	0.99992	0
59	D	0.00000	8e-05	0.99992	0
60	L	0.00000	8e-05	0.99992	0
61	L	0.00000	8e-05	0.99992	0
62	C	0.00001	9e-05	0.99990	0
63	P	0.00003	9e-05	0.99989	0
64	R	0.00004	9e-05	0.99987	0
65	A	0.00009	0.00013	0.99979	0
66	R	0.00235	0.00079	0.99686	0
67	P	0.00350	0.00148	0.99502	0
68	P	0.00369	0.9843	0.01201	0
69	G	0.00372	0.98678	0.00950	0
70	P	0.00372	0.98911	0.00717	0
71	H	0.00372	0.99616	0.00012	0
72	S	0.00372	0.99625	0.00003	0
73	S	0.00372	0.99625	0.00003	0
74	P	0.00372	0.99625	0.00003	0
75	N	0.00370	0.99625	0.00005	0
76	Y	0.00351	0.99624	0.00025	0
77	E	0.00339	0.99624	0.00038	0
78	F	0.00026	0.99624	0.00351	0
79	Y	0.00002	0.99624	0.00374	0
80	K	0.00001	0.99624	0.00376	0
81	L	0.00000	0.99624	0.00376	0
82	Y	0.00000	0.99624	0.00376	0
83	L	0.00000	0.99624	0.00376	0
84	V	0.00000	0.99624	0.00376	0
85	G	0.00001	0.99624	0.00376	0
86	G	0.00001	0.99624	0.00375	0
87	A	0.00003	0.99624	0.00374	0
88	Q	0.00003	0.99624	0.00374	0
89	G	0.00003	0.99624	0.00374	0
90	R	0.00003	0.99624	0.00374	0
91	R	0.00003	0.99624	0.00374	0
92	C	0.00003	0.99624	0.00374	0
93	E	0.00003	0.99624	0.00373	0
94	A	0.00003	0.99624	0.00373	0
95	P	0.00004	0.99624	0.00372	0
96	P	0.00004	0.99624	0.00372	0
97	A	0.00004	0.99624	0.00372	0
98	P	0.00004	0.99705	0.00291	0
99	N	0.00001	0.99959	0.00040	0
100	L	0.00000	0.99996	0.00004	0
101	L	0.00000	0.99996	0.00004	0
102	L	0.00000	0.99996	0.00004	0
103	T	0.00000	0.99996	0.00004	0
104	C	0.00000	0.99996	0.00004	0
105	D	0.00000	0.99996	0.00004	0
106	R	0.00000	0.99996	0.00004	0
107	P	0.00000	0.99996	0.00004	0
108	D	0.00000	0.96778	0.03222	0
109	L	0.00000	0.66118	0.33882	0
110	D	0.00000	0.62007	0.37993	0
111	L	0.00000	0.25628	0.74372	0
112	R	0.00000	0.1722	0.82780	0
113	F	0.00000	0.0647	0.93530	0
114	T	0.00000	0.00024	0.99976	0
115	I	0.00000	0.00024	0.99976	0
116	K	0.00000	0.00024	0.99976	0
117	F	0.00000	0.00024	0.99976	0
118	Q	0.00000	0.00026	0.99974	0
119	E	0.00000	0.00027	0.99973	0
120	Y	0.00000	0.00028	0.99972	0
121	S	0.00000	0.00028	0.99972	0
122	P	0.00000	0.00028	0.99972	0
123	N	0.00000	0.00028	0.99972	0
124	L	0.00000	0.00028	0.99972	0
125	W	0.00000	0.00028	0.99972	0
126	G	0.00000	0.00028	0.99972	0
127	H	0.00000	0.00028	0.99972	0
128	E	0.00002	0.00028	0.99970	0
129	F	0.00337	0.00026	0.99637	0
130	R	0.00678	7e-05	0.99315	0
131	S	0.04172	1e-05	0.95826	0
132	H	0.21895	0	0.78105	0
133	H	0.30086	0	0.69914	0
134	D	0.32760	0	0.67240	0
135	Y	0.99743	0	0.00257	0
136	Y	0.99791	0	0.00209	0
137	I	0.99971	0	0.00028	0
138	I	0.99972	0	0.00027	0
139	A	0.99972	0	0.00027	0
140	T	0.99972	0	0.00027	0
141	S	0.99972	0	0.00027	0
142	D	0.99972	0	0.00027	0
143	G	0.99971	0	0.00029	0
144	T	0.99952	0	0.00048	0
145	R	0.99775	0	0.00225	0
146	E	0.98216	0	0.01783	0
147	G	0.77292	0	0.22707	0
148	L	0.48946	0	0.51053	0
149	E	0.46453	0	0.53547	0
150	S	0.41349	0	0.58651	0
151	L	0.39297	0	0.60703	0
152	Q	0.39204	0	0.60796	0
153	G	0.39038	0	0.60962	0
154	G	0.38866	0	0.61134	0
155	V	0.01241	0	0.98759	0
156	C	0.00029	0	0.99971	0
157	L	0.00027	0	0.99973	0
158	T	0.00027	0	0.99973	0
159	R	0.00027	0	0.99973	0
160	G	0.00027	0	0.99973	0
161	M	0.00027	0	0.99973	0
162	K	0.00027	0	0.99973	0
163	V	0.00001	0	0.99999	0
164	L	0.00000	6e-05	0.99994	0
165	L	0.00000	0.00023	0.99977	0
166	R	0.00000	0.05265	0.94735	0
167	V	0.00000	0.07536	0.92464	0
168	G	0.00000	0.30333	0.69667	0
169	Q	0.00000	0.49997	0.50003	0
170	S	0.00000	0.55402	0.44598	0
171	P	0.00000	0.60682	0.39318	0
172	R	0.00000	0.60825	0.39175	0
173	G	0.00000	0.60861	0.39138	0
174	G	0.00000	0.6119	0.38810	0
175	A	0.00000	0.61695	0.38305	0
176	V	0.00000	0.66933	0.33067	0
177	P	0.00000	0.99733	0.00266	0
178	R	0.00000	0.99963	0.00037	0
179	K	0.00000	0.99972	0.00027	0
180	P	0.00000	0.99972	0.00027	0
181	V	0.00000	0.99972	0.00027	0
182	S	0.00000	0.99974	0.00025	0
183	E	0.00000	0.99998	0.00001	0
184	M	0.00000	0.99998	0.00001	0
185	P	0.00000	0.99999	0.00001	0
186	M	0.00000	0.99999	0.00001	0
187	E	0.00000	1	0.00000	0
188	R	0.00000	1	0.00000	0
189	D	0.00000	1	0.00000	0
190	R	0.00000	1	0.00000	0
191	G	0.00000	1	0.00000	0
192	A	0.00000	1	0.00000	0
193	A	0.00000	1	0.00000	0
194	H	0.00000	1	0.00000	0
195	S	0.00000	1	0.00000	0
196	L	0.00000	1	0.00000	0
197	E	0.00000	1	0.00000	0
198	P	0.00000	1	0.00000	0
199	G	0.00000	1	0.00000	0
200	K	0.00000	1	0.00000	0
201	E	0.00000	1	0.00000	0
202	N	0.00000	1	0.00000	0
203	L	0.00000	1	0.00000	0
204	P	0.00000	1	0.00000	0
205	G	0.00000	1	0.00000	0
206	D	0.00000	1	0.00000	0
207	P	0.00000	1	0.00000	0
208	T	0.00000	1	0.00000	0
209	S	0.00000	1	0.00000	0
210	N	0.00000	1	0.00000	0
211	A	0.00000	1	0.00000	0
212	T	0.00000	0.99999	0.00001	0
213	S	0.00000	0.99999	0.00001	0
214	R	0.00000	0.99997	0.00003	0
215	G	0.00000	0.99997	0.00003	0
216	A	0.00000	0.99864	0.00136	0
217	E	0.00000	0.9983	0.00170	0
218	G	0.00000	0.99227	0.00773	0
219	P	0.00000	0.98852	0.01148	0
220	L	0.00000	0.98373	0.01627	0
221	P	0.00000	0.97877	0.02123	0
222	P	0.00000	0.97835	0.02165	0
223	P	0.00000	0.97564	0.02436	0
224	S	0.00000	0.96382	0.03618	0
225	M	0.00000	0.35766	0.64234	0
226	P	0.00000	0.34777	0.65223	0
227	A	0.00000	0.28751	0.71249	0
228	V	0.00000	0.02588	0.97412	0
229	A	0.00000	0.00013	0.99987	0
230	G	0.00000	0.0001	0.99990	0
231	A	0.00000	0	1.00000	0
232	A	0.00000	0	1.00000	0
233	G	0.00000	0	1.00000	0
234	G	0.00000	0	1.00000	0
235	L	0.00000	0	1.00000	0
236	A	0.00000	0	1.00000	0
237	L	0.00000	0	1.00000	0
238	L	0.00000	0	1.00000	0
239	L	0.00001	0	0.99999	0
240	L	0.00021	0	0.99979	0
241	G	0.00163	0	0.99837	0
242	V	0.00277	0	0.99723	0
243	A	0.00874	0	0.99126	0
244	G	0.01470	0	0.98530	0
245	A	0.01782	0	0.98218	0
246	G	0.02066	0	0.97934	0
247	G	0.02756	0	0.97244	0
248	A	0.03518	0	0.96482	0
249	M	0.04477	0	0.95523	0
250	C	0.06609	0	0.93391	0
251	W	0.11924	0	0.88076	0
252	R	0.94779	0	0.05221	0
253	R	0.99883	0	0.00117	0
254	R	0.99997	0	0.00003	0
255	R	1.00000	0	0.00000	0
256	A	1.00000	0	0.00000	0
257	K	1.00000	0	0.00000	0
258	P	1.00000	0	0.00000	0
259	S	1.00000	0	0.00000	0
260	E	1.00000	0	0.00000	0
261	S	1.00000	0	0.00000	0
262	R	1.00000	0	0.00000	0
263	H	1.00000	0	0.00000	0
264	P	1.00000	0	0.00000	0
265	G	0.99962	0	0.00038	0
266	P	0.99751	0	0.00249	0
267	G	0.27979	0	0.72021	0
268	S	0.10642	0	0.89358	0
269	F	0.04894	0	0.95106	0
270	G	0.04893	0	0.95107	0
271	R	0.04737	0	0.95263	0
272	G	0.04736	0	0.95264	0
273	G	0.04370	0	0.95630	0
274	S	0.04020	0	0.95980	0
275	L	0.03617	0	0.96383	0
276	G	0.03599	0	0.96401	0
277	L	0.03591	0	0.96409	0
278	G	0.03591	0	0.96409	0
279	G	0.03591	0	0.96409	0
280	G	0.03591	0	0.96409	0
281	G	0.03591	0	0.96409	0
282	G	0.03591	0	0.96409	0
283	M	0.03591	0	0.96409	0
284	G	0.03591	1e-05	0.96408	0
285	P	0.03591	0.00311	0.96098	0
286	R	0.03591	0.15461	0.80948	0
287	E	0.03591	0.38641	0.57768	0
288	A	0.03591	0.46872	0.49537	0
289	E	0.03591	0.84326	0.12083	0
290	P	0.03591	0.89276	0.07133	0
291	G	0.03591	0.92376	0.04033	0
292	E	0.03591	0.84206	0.12203	0
293	L	0.01724	0.77763	0.20513	0
294	G	0.00253	0.75618	0.24130	0
295	I	0.00001	0.7562	0.24379	0
296	A	0.00000	0.75651	0.24349	0
297	L	0.00000	0.75891	0.24109	0
298	R	0.00000	0.76743	0.23257	0
299	G	0.00000	0.76785	0.23215	0
300	G	0.00000	0.76808	0.23192	0
301	G	0.00000	0.76814	0.23186	0
302	A	0.00000	0.76814	0.23186	0
303	A	0.00000	0.76815	0.23185	0
304	D	0.00000	0.76815	0.23185	0
305	P	0.00000	0.76815	0.23185	0
306	P	0.00000	0.76815	0.23185	0
307	F	0.00000	0.76815	0.23185	0
308	C	0.00000	0.76815	0.23185	0
309	P	0.00002	0.76813	0.23185	0
310	H	0.00042	0.76775	0.23183	0
311	Y	0.00452	0.76742	0.22806	0
312	E	0.19593	0.77333	0.03074	0
313	K	0.19593	0.77491	0.02916	0
314	V	0.19593	0.7606	0.04347	0
315	S	0.19593	0.7839	0.02017	0
316	G	0.19593	0.77971	0.02436	0
317	D	0.19593	0.77136	0.03271	0
318	Y	0.19593	0.49386	0.31021	0
319	G	0.19593	0.30237	0.50170	0
320	H	0.19593	0.02756	0.77651	0
321	P	0.19593	4e-05	0.80403	0
322	V	0.19593	0	0.80407	0
323	Y	0.19593	0	0.80407	0
324	I	0.19593	0	0.80407	0
325	V	0.19593	0	0.80407	0
326	Q	0.19594	0	0.80406	0
327	D	0.19594	0	0.80406	0
328	G	0.19594	0	0.80406	0
329	P	0.19595	0	0.80405	0
330	P	0.19598	0	0.80402	0
331	Q	0.19603	0	0.80397	0
332	S	0.19604	0	0.80396	0
333	P	0.19608	0	0.80392	0
334	P	0.19611	0	0.80389	0
335	N	0.19619	0	0.80381	0
336	I	0.19625	0	0.80375	0
337	Y	0.19755	0	0.80245	0
338	Y	0.22169	0	0.77831	0
339	K	1.00000	0	0.00000	0
340	V	1.00000	0	0.00000	0
