# UNNAMED
#pos	aa	i	o	M	S
1	M	0.00000	1	0.00000	0
2	E	0.00000	1	0.00000	0
3	P	0.00000	1	0.00000	0
4	S	0.00000	1	0.00000	0
5	A	0.00000	1	0.00000	0
6	T	0.00000	1	0.00000	0
7	P	0.00000	1	0.00000	0
8	G	0.00000	1	0.00000	0
9	A	0.00000	1	0.00000	0
10	Q	0.00000	1	0.00000	0
11	M	0.00000	1	0.00000	0
12	G	0.00000	1	0.00000	0
13	V	0.00000	1	0.00000	0
14	P	0.00000	1	0.00000	0
15	P	0.00000	1	0.00000	0
16	G	0.00000	1	0.00000	0
17	S	0.00000	1	0.00000	0
18	R	0.00000	1	0.00000	0
19	E	0.00000	1	0.00000	0
20	P	0.00000	1	0.00000	0
21	S	0.00000	1	0.00000	0
22	P	0.00000	1	0.00000	0
23	V	0.00000	1	0.00000	0
24	P	0.00000	1	0.00000	0
25	P	0.00000	1	0.00000	0
26	D	0.00000	1	0.00000	0
27	Y	0.00000	1	0.00000	0
28	E	0.00000	1	0.00000	0
29	D	0.00000	1	0.00000	0
30	E	0.00000	1	0.00000	0
31	F	0.00000	1	0.00000	0
32	L	0.00000	1	0.00000	0
33	R	0.00000	1	0.00000	0
34	Y	0.00000	1	0.00000	0
35	L	0.00000	1	0.00000	0
36	W	0.00000	1	0.00000	0
37	R	0.00000	1	0.00000	0
38	D	0.00000	1	0.00000	0
39	Y	0.00000	1	0.00000	0
40	L	0.00000	1	0.00000	0
41	Y	0.00000	1	0.00000	0
42	P	0.00000	1	0.00000	0
43	K	0.00000	0.99999	0.00001	0
44	Q	0.00000	0.99949	0.00051	0
45	Y	0.00000	0.99645	0.00355	0
46	E	0.00000	0.99352	0.00648	0
47	W	0.00000	0.88921	0.11079	0
48	V	0.00000	0.86533	0.13467	0
49	L	0.00000	0.38784	0.61216	0
50	I	0.00000	0.06137	0.93863	0
51	A	0.00000	0.02974	0.97026	0
52	A	0.00000	0.01165	0.98835	0
53	Y	0.00000	0.00085	0.99915	0
54	V	0.00000	4e-05	0.99996	0
55	A	0.00000	0	1.00000	0
56	V	0.00000	0	1.00000	0
57	F	0.00000	0	1.00000	0
58	V	0.00000	0	1.00000	0
59	V	0.00000	0	1.00000	0
60	A	0.00000	0	1.00000	0
61	L	0.00000	0	1.00000	0
62	V	0.00000	0	1.00000	0
63	G	0.00000	0	1.00000	0
64	N	0.00000	0	1.00000	0
65	T	0.00000	0	1.00000	0
66	L	0.00000	0	1.00000	0
67	V	0.00000	0	1.00000	0
68	C	0.00000	0	1.00000	0
69	L	0.00016	0	0.99984	0
70	A	0.00956	0	0.99044	0
71	V	0.07865	0	0.92135	0
72	W	0.44336	0	0.55664	0
73	R	0.98033	0	0.01967	0
74	N	0.99851	0	0.00149	0
75	H	0.99957	0	0.00043	0
76	H	0.99994	0	0.00006	0
77	M	1.00000	0	0.00000	0
78	R	1.00000	0	0.00000	0
79	T	0.99996	0	0.00004	0
80	V	0.99814	0	0.00186	0
81	T	0.98683	0	0.01317	0
82	N	0.88446	0	0.11554	0
83	Y	0.33179	0	0.66821	0
84	F	0.00649	0	0.99351	0
85	I	0.00024	0	0.99976	0
86	V	0.00000	0	1.00000	0
87	N	0.00000	0	1.00000	0
88	L	0.00000	0	1.00000	0
89	S	0.00000	0	1.00000	0
90	L	0.00000	0	1.00000	0
91	A	0.00000	0	1.00000	0
92	D	0.00000	0	1.00000	0
93	V	0.00000	0	1.00000	0
94	L	0.00000	0	1.00000	0
95	V	0.00000	0	1.00000	0
96	T	0.00000	0	1.00000	0
97	A	0.00000	0	1.00000	0
98	I	0.00000	0	1.00000	0
99	C	0.00000	2e-05	0.99998	0
100	L	0.00000	2e-05	0.99998	0
101	P	0.00000	2e-05	0.99998	0
102	A	0.00000	0.0001	0.99990	0
103	S	0.00000	0.00062	0.99938	0
104	L	0.00000	0.00075	0.99925	0
105	L	0.00000	0.18334	0.81666	0
106	V	0.00000	0.99618	0.00382	0
107	D	0.00000	0.99799	0.00201	0
108	I	0.00000	0.99813	0.00187	0
109	T	0.00000	0.99951	0.00049	0
110	E	0.00000	0.99997	0.00003	0
111	S	0.00000	0.99999	0.00001	0
112	W	0.00000	0.99999	0.00001	0
113	L	0.00000	1	0.00000	0
114	F	0.00000	1	0.00000	0
115	G	0.00000	1	0.00000	0
116	H	0.00000	1	0.00000	0
117	A	0.00000	1	0.00000	0
118	L	0.00000	1	0.00000	0
119	C	0.00000	0.99999	0.00001	0
120	K	0.00000	0.99961	0.00039	0
121	V	0.00000	0.96748	0.03252	0
122	I	0.00000	0.87099	0.12901	0
123	P	0.00000	0.85458	0.14542	0
124	Y	0.00000	0.10924	0.89076	0
125	L	0.00000	0.0327	0.96730	0
126	Q	0.00000	0.0071	0.99290	0
127	A	0.00000	0.00181	0.99819	0
128	V	0.00000	2e-05	0.99998	0
129	S	0.00000	0	1.00000	0
130	V	0.00000	0	1.00000	0
131	S	0.00000	0	1.00000	0
132	V	0.00000	0	1.00000	0
133	A	0.00000	0	1.00000	0
134	V	0.00000	0	1.00000	0
135	L	0.00000	0	1.00000	0
136	T	0.00000	0	1.00000	0
137	L	0.00000	0	1.00000	0
138	S	0.00000	0	1.00000	0
139	F	0.00000	0	1.00000	0
140	I	0.00000	0	1.00000	0
141	A	0.00000	0	1.00000	0
142	L	0.00000	0	1.00000	0
143	D	0.00003	0	0.99997	0
144	R	0.02337	0	0.97663	0
145	W	0.25166	0	0.74834	0
146	Y	0.72134	0	0.27866	0
147	A	0.91746	0	0.08254	0
148	I	0.99995	0	0.00005	0
149	C	1.00000	0	0.00000	0
150	H	1.00000	0	0.00000	0
151	P	1.00000	0	0.00000	0
152	L	1.00000	0	0.00000	0
153	L	1.00000	0	0.00000	0
154	F	1.00000	0	0.00000	0
155	K	1.00000	0	0.00000	0
156	S	1.00000	0	0.00000	0
157	T	1.00000	0	0.00000	0
158	A	1.00000	0	0.00000	0
159	R	1.00000	0	0.00000	0
160	R	0.99960	0	0.00040	0
161	A	0.96725	0	0.03275	0
162	R	0.90705	0	0.09295	0
163	G	0.39152	0	0.60848	0
164	S	0.03524	0	0.96476	0
165	I	0.00005	0	0.99995	0
166	L	0.00001	0	0.99999	0
167	G	0.00000	0	1.00000	0
168	I	0.00000	0	1.00000	0
169	W	0.00000	0	1.00000	0
170	A	0.00000	0	1.00000	0
171	V	0.00000	0	1.00000	0
172	S	0.00000	0	1.00000	0
173	L	0.00000	0	1.00000	0
174	A	0.00000	0	1.00000	0
175	I	0.00000	0	1.00000	0
176	M	0.00000	0	1.00000	0
177	V	0.00000	0	1.00000	0
178	P	0.00000	0	1.00000	0
179	Q	0.00000	0	1.00000	0
180	A	0.00000	2e-05	0.99998	0
181	A	0.00000	0.00035	0.99965	0
182	V	0.00000	0.00248	0.99752	0
183	M	0.00000	0.0268	0.97320	0
184	E	0.00000	0.96991	0.03009	0
185	C	0.00000	0.99669	0.00331	0
186	S	0.00000	0.99916	0.00084	0
187	S	0.00000	0.99973	0.00027	0
188	V	0.00000	0.99987	0.00013	0
189	L	0.00000	0.99994	0.00006	0
190	P	0.00000	0.99998	0.00002	0
191	E	0.00000	1	0.00000	0
192	L	0.00000	1	0.00000	0
193	A	0.00000	1	0.00000	0
194	N	0.00000	1	0.00000	0
195	R	0.00000	1	0.00000	0
196	T	0.00000	1	0.00000	0
197	R	0.00000	1	0.00000	0
198	L	0.00000	1	0.00000	0
199	F	0.00000	1	0.00000	0
200	S	0.00000	1	0.00000	0
201	V	0.00000	1	0.00000	0
202	C	0.00000	1	0.00000	0
203	D	0.00000	1	0.00000	0
204	E	0.00000	1	0.00000	0
205	R	0.00000	1	0.00000	0
206	W	0.00000	1	0.00000	0
207	A	0.00000	1	0.00000	0
208	D	0.00000	1	0.00000	0
209	D	0.00000	1	0.00000	0
210	L	0.00000	0.99918	0.00082	0
211	Y	0.00000	0.97463	0.02537	0
212	P	0.00000	0.93609	0.06391	0
213	K	0.00000	0.90457	0.09543	0
214	I	0.00000	0.84463	0.15537	0
215	Y	0.00000	0.82627	0.17373	0
216	H	0.00000	0.81508	0.18492	0
217	S	0.00000	0.74948	0.25052	0
218	C	0.00000	0.69925	0.30075	0
219	F	0.00000	0.08341	0.91659	0
220	F	0.00000	0.06322	0.93678	0
221	I	0.00000	0.04584	0.95416	0
222	V	0.00000	0.00024	0.99976	0
223	T	0.00000	0.00021	0.99979	0
224	Y	0.00000	0	1.00000	0
225	L	0.00000	0	1.00000	0
226	A	0.00000	0	1.00000	0
227	P	0.00000	0	1.00000	0
228	L	0.00000	0	1.00000	0
229	G	0.00000	0	1.00000	0
230	L	0.00000	0	1.00000	0
231	M	0.00000	0	1.00000	0
232	A	0.00000	0	1.00000	0
233	M	0.00003	0	0.99997	0
234	A	0.00017	0	0.99983	0
235	Y	0.00083	0	0.99917	0
236	F	0.00786	0	0.99214	0
237	Q	0.09945	0	0.90055	0
238	I	0.10153	0	0.89847	0
239	F	0.11590	0	0.88410	0
240	R	0.37090	0	0.62910	0
241	K	0.38339	0	0.61661	0
242	L	0.38522	0	0.61478	0
243	W	0.41600	0	0.58400	0
244	G	0.79265	0	0.20735	0
245	R	0.99987	0	0.00013	0
246	Q	1.00000	0	0.00000	0
247	I	1.00000	0	0.00000	0
248	P	1.00000	0	0.00000	0
249	G	1.00000	0	0.00000	0
250	T	1.00000	0	0.00000	0
251	T	1.00000	0	0.00000	0
252	S	1.00000	0	0.00000	0
253	A	1.00000	0	0.00000	0
254	L	1.00000	0	0.00000	0
255	V	1.00000	0	0.00000	0
256	R	1.00000	0	0.00000	0
257	N	1.00000	0	0.00000	0
258	W	1.00000	0	0.00000	0
259	K	1.00000	0	0.00000	0
260	R	1.00000	0	0.00000	0
261	P	1.00000	0	0.00000	0
262	S	1.00000	0	0.00000	0
263	D	1.00000	0	0.00000	0
264	Q	1.00000	0	0.00000	0
265	L	1.00000	0	0.00000	0
266	G	1.00000	0	0.00000	0
267	D	1.00000	0	0.00000	0
268	L	1.00000	0	0.00000	0
269	E	1.00000	0	0.00000	0
270	Q	1.00000	0	0.00000	0
271	G	1.00000	0	0.00000	0
272	L	1.00000	0	0.00000	0
273	S	1.00000	0	0.00000	0
274	G	1.00000	0	0.00000	0
275	E	1.00000	0	0.00000	0
276	P	1.00000	0	0.00000	0
277	Q	1.00000	0	0.00000	0
278	P	1.00000	0	0.00000	0
279	R	1.00000	0	0.00000	0
280	A	1.00000	0	0.00000	0
281	R	1.00000	0	0.00000	0
282	A	1.00000	0	0.00000	0
283	F	1.00000	0	0.00000	0
284	L	1.00000	0	0.00000	0
285	A	1.00000	0	0.00000	0
286	E	1.00000	0	0.00000	0
287	V	1.00000	0	0.00000	0
288	K	1.00000	0	0.00000	0
289	Q	1.00000	0	0.00000	0
290	M	1.00000	0	0.00000	0
291	R	1.00000	0	0.00000	0
292	A	1.00000	0	0.00000	0
293	R	0.99994	0	0.00006	0
294	R	0.99339	0	0.00661	0
295	K	0.99256	0	0.00744	0
296	T	0.74809	0	0.25191	0
297	A	0.25949	0	0.74051	0
298	K	0.01106	0	0.98894	0
299	M	0.00558	0	0.99442	0
300	L	0.00455	0	0.99545	0
301	M	0.00007	0	0.99993	0
302	V	0.00003	0	0.99997	0
303	V	0.00000	0	1.00000	0
304	L	0.00000	0	1.00000	0
305	L	0.00000	0	1.00000	0
306	V	0.00000	0	1.00000	0
307	F	0.00000	0	1.00000	0
308	A	0.00000	0	1.00000	0
309	L	0.00000	0	1.00000	0
310	C	0.00000	0	1.00000	0
311	Y	0.00000	0	1.00000	0
312	L	0.00000	0	1.00000	0
313	P	0.00000	0	1.00000	0
314	I	0.00000	0	1.00000	0
315	S	0.00000	3e-05	0.99997	0
316	V	0.00000	0.0009	0.99910	0
317	L	0.00000	0.00397	0.99603	0
318	N	0.00000	0.0452	0.95480	0
319	V	0.00000	0.06916	0.93084	0
320	L	0.00000	0.17725	0.82275	0
321	K	0.00000	0.98223	0.01777	0
322	R	0.00000	0.99365	0.00635	0
323	V	0.00000	0.99413	0.00587	0
324	F	0.00000	0.99493	0.00507	0
325	G	0.00000	0.99791	0.00209	0
326	M	0.00000	0.99845	0.00155	0
327	F	0.00000	0.99986	0.00014	0
328	R	0.00000	0.99999	0.00001	0
329	Q	0.00000	1	0.00000	0
330	A	0.00000	1	0.00000	0
331	S	0.00000	1	0.00000	0
332	D	0.00000	0.99999	0.00001	0
333	R	0.00000	0.99951	0.00049	0
334	E	0.00000	0.9957	0.00430	0
335	A	0.00000	0.98601	0.01399	0
336	V	0.00000	0.9687	0.03130	0
337	Y	0.00000	0.95539	0.04461	0
338	A	0.00000	0.91258	0.08742	0
339	C	0.00000	0.90734	0.09266	0
340	F	0.00000	0.89574	0.10426	0
341	T	0.00000	0.55341	0.44659	0
342	F	0.00000	0.16782	0.83218	0
343	S	0.00000	0.09407	0.90593	0
344	H	0.00000	0.00917	0.99083	0
345	W	0.00000	4e-05	0.99996	0
346	L	0.00000	0	1.00000	0
347	V	0.00000	0	1.00000	0
348	Y	0.00000	0	1.00000	0
349	A	0.00000	0	1.00000	0
350	N	0.00000	0	1.00000	0
351	S	0.00000	0	1.00000	0
352	A	0.00000	0	1.00000	0
353	A	0.00000	0	1.00000	0
354	N	0.00000	0	1.00000	0
355	P	0.00000	0	1.00000	0
356	I	0.00001	0	0.99999	0
357	I	0.00007	0	0.99993	0
358	Y	0.00043	0	0.99957	0
359	N	0.00517	0	0.99483	0
360	F	0.00644	0	0.99356	0
361	L	0.05311	0	0.94689	0
362	S	0.46342	0	0.53658	0
363	G	0.91040	0	0.08960	0
364	K	1.00000	0	0.00000	0
365	F	1.00000	0	0.00000	0
366	R	1.00000	0	0.00000	0
367	E	1.00000	0	0.00000	0
368	Q	1.00000	0	0.00000	0
369	F	1.00000	0	0.00000	0
370	K	1.00000	0	0.00000	0
371	A	1.00000	0	0.00000	0
372	A	1.00000	0	0.00000	0
373	F	1.00000	0	0.00000	0
374	S	1.00000	0	0.00000	0
375	C	1.00000	0	0.00000	0
376	C	1.00000	0	0.00000	0
377	L	1.00000	0	0.00000	0
378	P	1.00000	0	0.00000	0
379	G	1.00000	0	0.00000	0
380	L	1.00000	0	0.00000	0
381	G	1.00000	0	0.00000	0
382	P	1.00000	0	0.00000	0
383	C	1.00000	0	0.00000	0
384	G	1.00000	0	0.00000	0
385	S	1.00000	0	0.00000	0
386	L	1.00000	0	0.00000	0
387	K	1.00000	0	0.00000	0
388	A	1.00000	0	0.00000	0
389	P	1.00000	0	0.00000	0
390	S	1.00000	0	0.00000	0
391	P	1.00000	0	0.00000	0
392	R	1.00000	0	0.00000	0
393	S	1.00000	0	0.00000	0
394	S	1.00000	0	0.00000	0
395	A	1.00000	0	0.00000	0
396	S	1.00000	0	0.00000	0
397	H	1.00000	0	0.00000	0
398	K	1.00000	0	0.00000	0
399	S	1.00000	0	0.00000	0
400	L	1.00000	0	0.00000	0
401	S	1.00000	0	0.00000	0
402	L	1.00000	0	0.00000	0
403	Q	1.00000	0	0.00000	0
404	S	1.00000	0	0.00000	0
405	R	1.00000	0	0.00000	0
406	C	1.00000	0	0.00000	0
407	S	1.00000	0	0.00000	0
408	I	1.00000	0	0.00000	0
409	S	1.00000	0	0.00000	0
410	K	1.00000	0	0.00000	0
411	I	1.00000	0	0.00000	0
412	S	1.00000	0	0.00000	0
413	E	1.00000	0	0.00000	0
414	H	1.00000	0	0.00000	0
415	V	1.00000	0	0.00000	0
416	V	1.00000	0	0.00000	0
417	L	1.00000	0	0.00000	0
418	T	1.00000	0	0.00000	0
419	S	1.00000	0	0.00000	0
420	V	1.00000	0	0.00000	0
421	T	1.00000	0	0.00000	0
422	T	1.00000	0	0.00000	0
423	V	1.00000	0	0.00000	0
424	L	1.00000	0	0.00000	0
425	P	1.00000	0	0.00000	0
