# UNNAMED
#pos	aa	i	o	M	S
1	M	0.00000	1	0.00000	0
2	I	0.00000	1	0.00000	0
3	P	0.00000	1	0.00000	0
4	I	0.00000	0.99985	0.00015	0
5	Q	0.00000	0.99964	0.00036	0
6	L	0.00000	0.99361	0.00639	0
7	T	0.00000	0.9882	0.01180	0
8	V	0.00000	0.96862	0.03138	0
9	F	0.00000	0.94331	0.05669	0
10	F	0.00000	0.48311	0.51689	0
11	M	0.00000	0.32451	0.67549	0
12	I	0.00000	0.00743	0.99257	0
13	I	0.00000	0.00022	0.99978	0
14	Y	0.00000	4e-05	0.99996	0
15	V	0.00000	3e-05	0.99997	0
16	L	0.00000	3e-05	0.99997	0
17	E	0.00000	3e-05	0.99997	0
18	S	0.00000	2e-05	0.99998	0
19	L	0.00000	0	1.00000	0
20	T	0.00000	0	1.00000	0
21	I	0.00000	0	1.00000	0
22	I	0.00000	0	1.00000	0
23	V	0.00000	0	1.00000	0
24	Q	0.00000	0	1.00000	0
25	S	0.00000	0	1.00000	0
26	S	0.00000	0	1.00000	0
27	L	0.00000	0	1.00000	0
28	I	0.00000	0	1.00000	0
29	V	0.00000	0	1.00000	0
30	A	0.00005	0	0.99995	0
31	V	0.00168	0	0.99832	0
32	L	0.06891	0	0.93109	0
33	G	0.67574	0	0.32426	0
34	R	0.98387	0	0.01613	0
35	E	0.99806	0	0.00194	0
36	W	0.99870	0	0.00130	0
37	L	0.99919	0	0.00081	0
38	Q	0.99996	0	0.00004	0
39	V	1.00000	0	0.00000	0
40	R	1.00000	0	0.00000	0
41	R	1.00000	0	0.00000	0
42	L	1.00000	0	0.00000	0
43	M	1.00000	0	0.00000	0
44	P	1.00000	0	0.00000	0
45	V	0.42771	0	0.57229	0
46	D	0.07884	0	0.92116	0
47	M	0.00291	0	0.99709	0
48	I	0.00001	0	0.99999	0
49	L	0.00000	0	1.00000	0
50	I	0.00000	0	1.00000	0
51	S	0.00000	0	1.00000	0
52	L	0.00000	0	1.00000	0
53	G	0.00000	0	1.00000	0
54	I	0.00000	0	1.00000	0
55	S	0.00000	0	1.00000	0
56	R	0.00000	0	1.00000	0
57	F	0.00000	0	1.00000	0
58	C	0.00000	0	1.00000	0
59	L	0.00000	0	1.00000	0
60	Q	0.00000	0	1.00000	0
61	W	0.00000	0	1.00000	0
62	A	0.00000	0	1.00000	0
63	S	0.00000	1e-05	0.99999	0
64	M	0.00000	0.01309	0.98691	0
65	L	0.00000	0.41587	0.58413	0
66	N	0.00000	0.9768	0.02320	0
67	N	0.00000	0.98336	0.01664	0
68	F	0.00000	0.98451	0.01549	0
69	C	0.00000	0.99997	0.00003	0
70	S	0.00000	0.99999	0.00001	0
71	Y	0.00000	0.99999	0.00001	0
72	F	0.00000	0.99999	0.00001	0
73	N	0.00000	0.99999	0.00001	0
74	L	0.00000	0.99997	0.00003	0
75	N	0.00000	0.99992	0.00008	0
76	Y	0.00000	0.99804	0.00196	0
77	V	0.00000	0.99203	0.00797	0
78	L	0.00000	0.98991	0.01009	0
79	C	0.00000	0.98634	0.01366	0
80	N	0.00000	0.96337	0.03663	0
81	L	0.00000	0.02495	0.97505	0
82	T	0.00000	0.02495	0.97505	0
83	I	0.00000	0.02495	0.97505	0
84	T	0.00000	0.02495	0.97505	0
85	W	0.00000	0.02495	0.97505	0
86	E	0.00000	0.02495	0.97505	0
87	F	0.00000	0.00107	0.99893	0
88	F	0.00000	0.00066	0.99934	0
89	N	0.00000	0.0006	0.99940	0
90	I	0.00000	3e-05	0.99997	0
91	L	0.00000	0	1.00000	0
92	T	0.00000	0	1.00000	0
93	F	0.00000	0	1.00000	0
94	W	0.00000	0	1.00000	0
95	L	0.00000	0	1.00000	0
96	N	0.00000	0	1.00000	0
97	S	0.00000	0	1.00000	0
98	L	0.00000	0	1.00000	0
99	L	0.00000	0	1.00000	0
100	T	0.00003	0	0.99997	0
101	V	0.00063	0	0.99937	0
102	F	0.00255	0	0.99745	0
103	Y	0.12840	0	0.87160	0
104	C	0.60061	0	0.39939	0
105	I	0.82895	0	0.17105	0
106	K	0.96788	0	0.03212	0
107	V	0.98900	0	0.01100	0
108	S	0.99473	0	0.00527	0
109	S	0.99509	0	0.00491	0
110	F	0.99817	0	0.00183	0
111	T	0.99991	0	0.00009	0
112	H	0.99998	0	0.00002	0
113	H	0.99998	0	0.00002	0
114	I	0.99999	0	0.00001	0
115	F	1.00000	0	0.00000	0
116	L	1.00000	0	0.00000	0
117	W	1.00000	0	0.00000	0
118	L	1.00000	0	0.00000	0
119	R	1.00000	0	0.00000	0
120	W	0.99866	0	0.00134	0
121	R	0.98647	0	0.01353	0
122	I	0.06340	0	0.93660	0
123	L	0.05549	0	0.94451	0
124	R	0.05089	0	0.94911	0
125	L	0.00656	0	0.99344	0
126	F	0.00166	0	0.99834	0
127	P	0.00154	0	0.99846	0
128	W	0.00052	0	0.99948	0
129	I	0.00002	0	0.99998	0
130	L	0.00001	0	0.99999	0
131	L	0.00000	0	1.00000	0
132	G	0.00000	0	1.00000	0
133	S	0.00000	0	1.00000	0
134	L	0.00000	0	1.00000	0
135	M	0.00000	0	1.00000	0
136	I	0.00000	0	1.00000	0
137	T	0.00000	0	1.00000	0
138	C	0.00000	0	1.00000	0
139	V	0.00000	0	1.00000	0
140	T	0.00000	8e-05	0.99992	0
141	I	0.00000	0.00048	0.99952	0
142	I	0.00000	0.01506	0.98494	0
143	P	0.00000	0.16126	0.83874	0
144	S	0.00000	0.60497	0.39503	0
145	A	0.00000	0.73906	0.26094	0
146	I	0.00000	0.85753	0.14247	0
147	G	0.00000	0.98552	0.01448	0
148	N	0.00000	0.99756	0.00244	0
149	Y	0.00000	0.99854	0.00146	0
150	I	0.00000	0.99918	0.00082	0
151	Q	0.00000	0.99986	0.00014	0
152	I	0.00000	0.99991	0.00009	0
153	Q	0.00000	1	0.00000	0
154	L	0.00000	1	0.00000	0
155	L	0.00000	1	0.00000	0
156	T	0.00000	1	0.00000	0
157	M	0.00000	1	0.00000	0
158	E	0.00000	1	0.00000	0
159	H	0.00000	1	0.00000	0
160	L	0.00000	1	0.00000	0
161	P	0.00000	1	0.00000	0
162	R	0.00000	1	0.00000	0
163	N	0.00000	1	0.00000	0
164	S	0.00000	1	0.00000	0
165	T	0.00000	1	0.00000	0
166	V	0.00000	1	0.00000	0
167	T	0.00000	1	0.00000	0
168	D	0.00000	1	0.00000	0
169	K	0.00000	1	0.00000	0
170	L	0.00000	1	0.00000	0
171	E	0.00000	1	0.00000	0
172	N	0.00000	1	0.00000	0
173	F	0.00000	0.99998	0.00002	0
174	H	0.00000	0.99991	0.00009	0
175	Q	0.00000	0.99964	0.00036	0
176	Y	0.00000	0.7502	0.24980	0
177	Q	0.00000	0.68631	0.31369	0
178	F	0.00000	0.37045	0.62955	0
179	Q	0.00000	0.33215	0.66785	0
180	A	0.00000	0.29231	0.70769	0
181	H	0.00000	0.2359	0.76410	0
182	T	0.00000	0.2232	0.77680	0
183	V	0.00000	0.00015	0.99985	0
184	A	0.00000	1e-05	0.99999	0
185	L	0.00000	0	1.00000	0
186	V	0.00000	0	1.00000	0
187	I	0.00000	0	1.00000	0
188	P	0.00000	0	1.00000	0
189	F	0.00000	0	1.00000	0
190	I	0.00000	0	1.00000	0
191	L	0.00000	0	1.00000	0
192	F	0.00000	0	1.00000	0
193	L	0.00000	0	1.00000	0
194	A	0.00000	0	1.00000	0
195	S	0.00000	0	1.00000	0
196	T	0.00000	0	1.00000	0
197	I	0.00001	0	0.99999	0
198	F	0.00019	0	0.99981	0
199	L	0.00551	0	0.99449	0
200	M	0.04588	0	0.95412	0
201	A	0.21299	0	0.78701	0
202	S	0.52148	0	0.47852	0
203	L	0.56567	0	0.43433	0
204	T	0.78809	0	0.21191	0
205	K	0.96955	0	0.03045	0
206	Q	0.99148	0	0.00852	0
207	I	0.99211	0	0.00789	0
208	Q	0.99988	0	0.00012	0
209	H	0.99997	0	0.00003	0
210	H	1.00000	0	0.00000	0
211	S	1.00000	0	0.00000	0
212	T	1.00000	0	0.00000	0
213	G	1.00000	0	0.00000	0
214	H	1.00000	0	0.00000	0
215	C	1.00000	0	0.00000	0
216	N	1.00000	0	0.00000	0
217	P	1.00000	0	0.00000	0
218	S	1.00000	0	0.00000	0
219	M	0.99999	0	0.00001	0
220	K	0.99998	0	0.00002	0
221	A	0.99998	0	0.00002	0
222	R	0.99410	0	0.00590	0
223	F	0.41940	0	0.58060	0
224	T	0.41856	0	0.58144	0
225	A	0.34447	0	0.65553	0
226	L	0.14539	0	0.85461	0
227	R	0.14458	0	0.85542	0
228	S	0.12877	0	0.87123	0
229	L	0.10622	0	0.89378	0
230	A	0.00464	0	0.99536	0
231	V	0.00242	0	0.99758	0
232	L	0.00026	0	0.99974	0
233	F	0.00000	0	1.00000	0
234	I	0.00000	0	1.00000	0
235	V	0.00000	0	1.00000	0
236	F	0.00000	0	1.00000	0
237	T	0.00000	0	1.00000	0
238	S	0.00000	0	1.00000	0
239	Y	0.00000	0	1.00000	0
240	F	0.00000	0	1.00000	0
241	L	0.00000	0	1.00000	0
242	T	0.00000	2e-05	0.99998	0
243	I	0.00000	0.00015	0.99985	0
244	L	0.00000	0.00315	0.99685	0
245	I	0.00000	0.01255	0.98745	0
246	T	0.00000	0.06015	0.93985	0
247	I	0.00000	0.09019	0.90981	0
248	I	0.00000	0.19504	0.80496	0
249	G	0.00000	0.52771	0.47229	0
250	T	0.00000	0.59735	0.40265	0
251	L	0.00000	0.62597	0.37403	0
252	F	0.00000	0.71069	0.28931	0
253	D	0.00000	0.99952	0.00048	0
254	K	0.00000	0.99999	0.00001	0
255	R	0.00000	0.99998	0.00002	0
256	C	0.00000	0.99965	0.00035	0
257	W	0.00000	0.81337	0.18663	0
258	L	0.00000	0.15545	0.84455	0
259	W	0.00000	0.05336	0.94664	0
260	V	0.00000	0.02098	0.97902	0
261	W	0.00000	0.00778	0.99222	0
262	E	0.00000	0.00419	0.99581	0
263	A	0.00000	0.00065	0.99935	0
264	F	0.00000	2e-05	0.99998	0
265	V	0.00000	0	1.00000	0
266	Y	0.00000	0	1.00000	0
267	A	0.00000	0	1.00000	0
268	F	0.00000	0	1.00000	0
269	I	0.00000	0	1.00000	0
270	L	0.00000	0	1.00000	0
271	M	0.00000	0	1.00000	0
272	H	0.00000	0	1.00000	0
273	S	0.00000	0	1.00000	0
274	T	0.00000	0	1.00000	0
275	S	0.00000	0	1.00000	0
276	L	0.00006	0	0.99994	0
277	M	0.00222	0	0.99778	0
278	L	0.02221	0	0.97779	0
279	S	0.26921	0	0.73079	0
280	S	0.48751	0	0.51249	0
281	P	0.81703	0	0.18297	0
282	T	0.95065	0	0.04935	0
283	L	0.98119	0	0.01881	0
284	K	1.00000	0	0.00000	0
285	R	1.00000	0	0.00000	0
286	I	1.00000	0	0.00000	0
287	L	1.00000	0	0.00000	0
288	K	1.00000	0	0.00000	0
289	G	1.00000	0	0.00000	0
290	K	1.00000	0	0.00000	0
291	C	1.00000	0	0.00000	0
