# UNNAMED
#pos	aa	i	o	M	S
1	M	0.00000	9e-05	0.00000	0.99991
2	R	0.00000	9e-05	0.00000	0.99991
3	S	0.00000	9e-05	0.00000	0.99991
4	P	0.00000	9e-05	0.00000	0.99991
5	S	0.00000	9e-05	0.00000	0.99991
6	A	0.00000	9e-05	0.00000	0.99991
7	A	0.00000	9e-05	0.00000	0.99991
8	W	0.00000	9e-05	0.00000	0.99991
9	L	0.00000	9e-05	0.00000	0.99991
10	L	0.00000	9e-05	0.00000	0.99991
11	G	0.00000	9e-05	0.00000	0.99991
12	A	0.00000	9e-05	0.00000	0.99991
13	A	0.00000	9e-05	0.00000	0.99991
14	I	0.00000	9e-05	0.00000	0.99991
15	L	0.00000	9e-05	0.00000	0.99991
16	L	0.00000	0.0001	0.00000	0.9999
17	A	0.00000	0.00024	0.00000	0.99977
18	A	0.00000	0.00566	0.00000	0.99434
19	S	0.00000	0.00785	0.00000	0.99215
20	L	0.00000	0.00978	0.00000	0.99022
21	S	0.00000	0.05252	0.00000	0.94748
22	C	0.00000	0.15665	0.00000	0.84335
23	S	0.00000	0.59005	0.00000	0.40995
24	G	0.00000	0.72488	0.00000	0.27512
25	T	0.00000	0.94018	0.00000	0.05982
26	I	0.00000	0.98556	0.00000	0.01443
27	Q	0.00000	0.9856	0.00000	0.0144
28	G	0.00000	0.9878	0.00000	0.0122
29	T	0.00000	0.99328	0.00000	0.00672
30	S	0.00000	0.99328	0.00000	0.00672
31	R	0.00000	0.99906	0.00000	0.00094
32	S	0.00000	0.99906	0.00000	0.00094
33	S	0.00000	0.99999	0.00000	1e-05
34	K	0.00000	0.99999	0.00000	1e-05
35	G	0.00000	0.99999	0.00000	1e-05
36	R	0.00000	1	0.00000	0
37	S	0.00000	1	0.00000	0
38	L	0.00000	1	0.00000	0
39	I	0.00000	1	0.00000	0
40	G	0.00000	1	0.00000	0
41	K	0.00000	1	0.00000	0
42	V	0.00000	1	0.00000	0
43	D	0.00000	1	0.00000	0
44	G	0.00000	1	0.00000	0
45	T	0.00000	1	0.00000	0
46	S	0.00000	1	0.00000	0
47	H	0.00000	1	0.00000	0
48	V	0.00000	1	0.00000	0
49	T	0.00000	1	0.00000	0
50	G	0.00000	1	0.00000	0
51	K	0.00000	1	0.00000	0
52	G	0.00000	1	0.00000	0
53	V	0.00000	1	0.00000	0
54	T	0.00000	1	0.00000	0
55	V	0.00000	1	0.00000	0
56	E	0.00000	1	0.00000	0
57	T	0.00000	1	0.00000	0
58	V	0.00000	1	0.00000	0
59	F	0.00000	1	0.00000	0
60	S	0.00000	1	0.00000	0
61	V	0.00000	1	0.00000	0
62	D	0.00000	1	0.00000	0
63	E	0.00000	1	0.00000	0
64	F	0.00000	1	0.00000	0
65	S	0.00000	1	0.00000	0
66	A	0.00000	1	0.00000	0
67	S	0.00000	1	0.00000	0
68	V	0.00000	1	0.00000	0
69	L	0.00000	1	0.00000	0
70	T	0.00000	1	0.00000	0
71	G	0.00000	1	0.00000	0
72	K	0.00000	1	0.00000	0
73	L	0.00000	0.99945	0.00055	0
74	T	0.00000	0.99903	0.00097	0
75	T	0.00000	0.99657	0.00343	0
76	V	0.00000	0.98954	0.01046	0
77	F	0.00000	0.98524	0.01476	0
78	L	0.00000	0.91064	0.08936	0
79	P	0.00000	0.8135	0.18650	0
80	I	0.00000	0.13808	0.86192	0
81	V	0.00000	0.04383	0.95617	0
82	Y	0.00000	0.00627	0.99373	0
83	T	0.00000	0.00109	0.99891	0
84	I	0.00000	0	1.00000	0
85	V	0.00000	0	1.00000	0
86	F	0.00000	0	1.00000	0
87	V	0.00000	0	1.00000	0
88	V	0.00000	0	1.00000	0
89	G	0.00000	0	1.00000	0
90	L	0.00000	0	1.00000	0
91	P	0.00000	0	1.00000	0
92	S	0.00000	0	1.00000	0
93	N	0.00000	0	1.00000	0
94	G	0.00000	0	1.00000	0
95	M	0.00000	0	1.00000	0
96	A	0.00000	0	1.00000	0
97	L	0.00000	0	1.00000	0
98	W	0.00001	0	0.99999	0
99	V	0.00014	0	0.99986	0
100	F	0.00451	0	0.99549	0
101	L	0.03577	0	0.96423	0
102	F	0.18889	0	0.81111	0
103	R	0.99962	0	0.00038	0
104	T	0.99998	0	0.00002	0
105	K	1.00000	0	0.00000	0
106	K	1.00000	0	0.00000	0
107	K	1.00000	0	0.00000	0
108	H	1.00000	0	0.00000	0
109	P	1.00000	0	0.00000	0
110	A	0.71337	0	0.28663	0
111	V	0.54242	0	0.45758	0
112	I	0.02720	0	0.97280	0
113	Y	0.00054	0	0.99946	0
114	M	0.00006	0	0.99994	0
115	A	0.00000	0	1.00000	0
116	N	0.00000	0	1.00000	0
117	L	0.00000	0	1.00000	0
118	A	0.00000	0	1.00000	0
119	L	0.00000	0	1.00000	0
120	A	0.00000	0	1.00000	0
121	D	0.00000	0	1.00000	0
122	L	0.00000	0	1.00000	0
123	L	0.00000	0	1.00000	0
124	S	0.00000	0	1.00000	0
125	V	0.00000	0	1.00000	0
126	I	0.00000	0	1.00000	0
127	W	0.00000	0	1.00000	0
128	F	0.00000	2e-05	0.99998	0
129	P	0.00000	0.00152	0.99848	0
130	L	0.00000	0.06359	0.93641	0
131	K	0.00000	0.54621	0.45379	0
132	I	0.00000	0.76175	0.23825	0
133	A	0.00000	0.87633	0.12367	0
134	Y	0.00000	0.99996	0.00004	0
135	H	0.00000	1	0.00000	0
136	I	0.00000	1	0.00000	0
137	H	0.00000	1	0.00000	0
138	G	0.00000	1	0.00000	0
139	N	0.00000	1	0.00000	0
140	N	0.00000	1	0.00000	0
141	W	0.00000	1	0.00000	0
142	I	0.00000	1	0.00000	0
143	Y	0.00000	1	0.00000	0
144	G	0.00000	1	0.00000	0
145	E	0.00000	1	0.00000	0
146	A	0.00000	0.99999	0.00001	0
147	L	0.00000	0.99997	0.00003	0
148	C	0.00000	0.99993	0.00007	0
149	N	0.00000	0.99909	0.00091	0
150	V	0.00000	0.69351	0.30649	0
151	L	0.00000	0.46023	0.53977	0
152	I	0.00000	0.08553	0.91447	0
153	G	0.00000	0.00208	0.99792	0
154	F	0.00000	9e-05	0.99991	0
155	F	0.00000	1e-05	0.99999	0
156	Y	0.00000	0	1.00000	0
157	G	0.00000	0	1.00000	0
158	N	0.00000	0	1.00000	0
159	M	0.00000	0	1.00000	0
160	Y	0.00000	0	1.00000	0
161	C	0.00000	0	1.00000	0
162	S	0.00000	0	1.00000	0
163	I	0.00000	0	1.00000	0
164	L	0.00000	0	1.00000	0
165	F	0.00000	0	1.00000	0
166	M	0.00000	0	1.00000	0
167	T	0.00000	0	1.00000	0
168	C	0.00000	0	1.00000	0
169	L	0.00000	0	1.00000	0
170	S	0.00003	0	0.99997	0
171	V	0.00005	0	0.99995	0
172	Q	0.00055	0	0.99945	0
173	R	0.01545	0	0.98455	0
174	Y	0.32564	0	0.67436	0
175	W	0.84949	0	0.15051	0
176	V	0.99134	0	0.00866	0
177	I	0.99998	0	0.00002	0
178	V	1.00000	0	0.00000	0
179	N	1.00000	0	0.00000	0
180	P	1.00000	0	0.00000	0
181	M	1.00000	0	0.00000	0
182	G	1.00000	0	0.00000	0
183	H	1.00000	0	0.00000	0
184	S	1.00000	0	0.00000	0
185	R	1.00000	0	0.00000	0
186	K	1.00000	0	0.00000	0
187	K	0.99990	0	0.00010	0
188	A	0.97464	0	0.02536	0
189	N	0.93798	0	0.06202	0
190	I	0.03515	0	0.96485	0
191	A	0.00954	0	0.99046	0
192	I	0.00024	0	0.99976	0
193	G	0.00004	0	0.99996	0
194	I	0.00001	0	0.99999	0
195	S	0.00001	0	0.99999	0
196	L	0.00000	0	1.00000	0
197	A	0.00000	0	1.00000	0
198	I	0.00000	0	1.00000	0
199	W	0.00000	0	1.00000	0
200	L	0.00000	0	1.00000	0
201	L	0.00000	0	1.00000	0
202	I	0.00000	0	1.00000	0
203	L	0.00000	0	1.00000	0
204	L	0.00000	0	1.00000	0
205	V	0.00000	0	1.00000	0
206	T	0.00000	0	1.00000	0
207	I	0.00000	5e-05	0.99995	0
208	P	0.00000	0.0024	0.99760	0
209	L	0.00000	0.00531	0.99469	0
210	Y	0.00000	0.04924	0.95076	0
211	V	0.00000	0.17525	0.82475	0
212	V	0.00000	0.50631	0.49369	0
213	K	0.00000	0.99574	0.00426	0
214	Q	0.00000	0.99983	0.00017	0
215	T	0.00000	0.99998	0.00002	0
216	I	0.00000	0.99998	0.00002	0
217	F	0.00000	0.99999	0.00001	0
218	I	0.00000	0.99999	0.00001	0
219	P	0.00000	1	0.00000	0
220	A	0.00000	1	0.00000	0
221	L	0.00000	1	0.00000	0
222	N	0.00000	1	0.00000	0
223	I	0.00000	1	0.00000	0
224	T	0.00000	1	0.00000	0
225	T	0.00000	1	0.00000	0
226	C	0.00000	1	0.00000	0
227	H	0.00000	1	0.00000	0
228	D	0.00000	1	0.00000	0
229	V	0.00000	1	0.00000	0
230	L	0.00000	1	0.00000	0
231	P	0.00000	1	0.00000	0
232	E	0.00000	1	0.00000	0
233	Q	0.00000	0.99914	0.00086	0
234	L	0.00000	0.99911	0.00089	0
235	L	0.00000	0.99911	0.00089	0
236	V	0.00000	0.99907	0.00093	0
237	G	0.00000	0.99905	0.00095	0
238	D	0.00000	0.99898	0.00102	0
239	M	0.00000	0.96256	0.03744	0
240	F	0.00000	0.4967	0.50330	0
241	N	0.00000	0.49316	0.50684	0
242	Y	0.00000	0.28116	0.71884	0
243	F	0.00000	0.21186	0.78814	0
244	L	0.00000	0.00117	0.99883	0
245	S	0.00000	0.00017	0.99983	0
246	L	0.00000	1e-05	0.99999	0
247	A	0.00000	0	1.00000	0
248	I	0.00000	0	1.00000	0
249	G	0.00000	0	1.00000	0
250	V	0.00000	0	1.00000	0
251	F	0.00000	0	1.00000	0
252	L	0.00000	0	1.00000	0
253	F	0.00000	0	1.00000	0
254	P	0.00000	0	1.00000	0
255	A	0.00000	0	1.00000	0
256	F	0.00001	0	0.99999	0
257	L	0.00007	0	0.99993	0
258	T	0.00032	0	0.99968	0
259	A	0.00038	0	0.99962	0
260	S	0.00081	0	0.99919	0
261	A	0.00086	0	0.99914	0
262	Y	0.00096	0	0.99904	0
263	V	0.00263	0	0.99737	0
264	L	0.02240	0	0.97760	0
265	M	0.09952	0	0.90048	0
266	I	0.28281	0	0.71719	0
267	R	0.98038	0	0.01962	0
268	M	0.98672	0	0.01328	0
269	L	0.99089	0	0.00911	0
270	R	0.99975	0	0.00025	0
271	S	0.99999	0	0.00001	0
272	S	1.00000	0	0.00000	0
273	A	1.00000	0	0.00000	0
274	M	1.00000	0	0.00000	0
275	D	1.00000	0	0.00000	0
276	E	1.00000	0	0.00000	0
277	N	1.00000	0	0.00000	0
278	S	1.00000	0	0.00000	0
279	E	1.00000	0	0.00000	0
280	K	1.00000	0	0.00000	0
281	K	1.00000	0	0.00000	0
282	R	0.99998	0	0.00002	0
283	K	0.99994	0	0.00006	0
284	R	0.99903	0	0.00097	0
285	A	0.79351	0	0.20649	0
286	I	0.48318	0	0.51682	0
287	K	0.37382	0	0.62618	0
288	L	0.36662	0	0.63338	0
289	I	0.26540	0	0.73460	0
290	V	0.15364	0	0.84636	0
291	T	0.00113	0	0.99887	0
292	V	0.00081	0	0.99919	0
293	L	0.00058	0	0.99942	0
294	A	0.00000	0	1.00000	0
295	M	0.00000	0	1.00000	0
296	Y	0.00000	0	1.00000	0
297	L	0.00000	0	1.00000	0
298	I	0.00000	0	1.00000	0
299	C	0.00000	0	1.00000	0
300	F	0.00000	0	1.00000	0
301	T	0.00000	0	1.00000	0
302	P	0.00000	0	1.00000	0
303	S	0.00000	0	1.00000	0
304	N	0.00000	0	1.00000	0
305	L	0.00000	0	1.00000	0
306	L	0.00000	3e-05	0.99997	0
307	L	0.00000	0.00043	0.99957	0
308	V	0.00000	0.00744	0.99256	0
309	V	0.00000	0.04161	0.95839	0
310	H	0.00000	0.12324	0.87676	0
311	Y	0.00000	0.14663	0.85337	0
312	F	0.00000	0.16609	0.83391	0
313	L	0.00000	0.22799	0.77201	0
314	I	0.00000	0.44223	0.55777	0
315	K	0.00000	0.99965	0.00035	0
316	S	0.00000	0.99997	0.00003	0
317	Q	0.00000	1	0.00000	0
318	G	0.00000	1	0.00000	0
319	Q	0.00000	0.99998	0.00002	0
320	S	0.00000	0.99981	0.00019	0
321	H	0.00000	0.99294	0.00706	0
322	V	0.00000	0.91281	0.08719	0
323	Y	0.00000	0.85129	0.14871	0
324	A	0.00000	0.41992	0.58008	0
325	L	0.00000	0.14174	0.85826	0
326	Y	0.00000	0.03385	0.96615	0
327	I	0.00000	0.00584	0.99416	0
328	V	0.00000	5e-05	0.99995	0
329	A	0.00000	0	1.00000	0
330	L	0.00000	0	1.00000	0
331	C	0.00000	0	1.00000	0
332	L	0.00000	0	1.00000	0
333	S	0.00000	0	1.00000	0
334	T	0.00000	0	1.00000	0
335	L	0.00000	0	1.00000	0
336	N	0.00000	0	1.00000	0
337	S	0.00000	0	1.00000	0
338	C	0.00000	0	1.00000	0
339	I	0.00000	0	1.00000	0
340	D	0.00000	0	1.00000	0
341	P	0.00000	0	1.00000	0
342	F	0.00001	0	0.99999	0
343	V	0.00009	0	0.99991	0
344	Y	0.00035	0	0.99965	0
345	Y	0.00109	0	0.99891	0
346	F	0.01317	0	0.98683	0
347	V	0.40127	0	0.59873	0
348	S	0.95669	0	0.04331	0
349	H	0.99596	0	0.00404	0
350	D	0.99992	0	0.00008	0
351	F	0.99998	0	0.00002	0
352	R	1.00000	0	0.00000	0
353	D	1.00000	0	0.00000	0
354	H	1.00000	0	0.00000	0
355	A	1.00000	0	0.00000	0
356	K	1.00000	0	0.00000	0
357	N	1.00000	0	0.00000	0
358	A	1.00000	0	0.00000	0
359	L	1.00000	0	0.00000	0
360	L	1.00000	0	0.00000	0
361	C	1.00000	0	0.00000	0
362	R	1.00000	0	0.00000	0
363	S	1.00000	0	0.00000	0
364	V	1.00000	0	0.00000	0
365	R	1.00000	0	0.00000	0
366	T	1.00000	0	0.00000	0
367	V	1.00000	0	0.00000	0
368	K	1.00000	0	0.00000	0
369	Q	1.00000	0	0.00000	0
370	M	1.00000	0	0.00000	0
371	Q	1.00000	0	0.00000	0
372	V	1.00000	0	0.00000	0
373	S	1.00000	0	0.00000	0
374	L	1.00000	0	0.00000	0
375	T	1.00000	0	0.00000	0
376	S	1.00000	0	0.00000	0
377	K	1.00000	0	0.00000	0
378	K	1.00000	0	0.00000	0
379	H	1.00000	0	0.00000	0
380	S	1.00000	0	0.00000	0
381	R	1.00000	0	0.00000	0
382	K	1.00000	0	0.00000	0
383	S	1.00000	0	0.00000	0
384	S	1.00000	0	0.00000	0
385	S	1.00000	0	0.00000	0
386	Y	1.00000	0	0.00000	0
387	S	1.00000	0	0.00000	0
388	S	1.00000	0	0.00000	0
389	S	1.00000	0	0.00000	0
390	S	1.00000	0	0.00000	0
391	T	1.00000	0	0.00000	0
392	T	1.00000	0	0.00000	0
393	V	1.00000	0	0.00000	0
394	K	1.00000	0	0.00000	0
395	T	1.00000	0	0.00000	0
396	S	1.00000	0	0.00000	0
397	Y	1.00000	0	0.00000	0
