# UNNAMED
#pos	aa	i	o	M	S
1	M	0.00000	1	0.00000	0
2	A	0.00000	1	0.00000	0
3	D	0.00000	1	0.00000	0
4	A	0.00000	1	0.00000	0
5	Q	0.00000	1	0.00000	0
6	N	0.00000	1	0.00000	0
7	I	0.00000	1	0.00000	0
8	S	0.00000	1	0.00000	0
9	L	0.00000	1	0.00000	0
10	D	0.00000	1	0.00000	0
11	S	0.00000	0.99999	0.00001	0
12	P	0.00000	0.99995	0.00005	0
13	G	0.00000	0.99966	0.00034	0
14	S	0.00000	0.99821	0.00179	0
15	V	0.00000	0.98923	0.01077	0
16	G	0.00000	0.98182	0.01818	0
17	A	0.00000	0.87393	0.12607	0
18	V	0.00000	0.69707	0.30293	0
19	A	0.00000	0.58561	0.41439	0
20	V	0.00000	0.36123	0.63877	0
21	P	0.00000	0.28304	0.71696	0
22	V	0.00000	0.11981	0.88019	0
23	V	0.00000	0.03036	0.96964	0
24	F	0.00000	0.00179	0.99821	0
25	A	0.00000	0.0002	0.99980	0
26	L	0.00000	1e-05	0.99999	0
27	I	0.00000	0	1.00000	0
28	F	0.00000	0	1.00000	0
29	L	0.00000	0	1.00000	0
30	L	0.00000	0	1.00000	0
31	G	0.00000	0	1.00000	0
32	T	0.00000	0	1.00000	0
33	V	0.00000	0	1.00000	0
34	G	0.00000	0	1.00000	0
35	N	0.00000	0	1.00000	0
36	G	0.00000	0	1.00000	0
37	L	0.00000	0	1.00000	0
38	V	0.00000	0	1.00000	0
39	L	0.00000	0	1.00000	0
40	A	0.00000	0	1.00000	0
41	V	0.00006	0	0.99994	0
42	L	0.00496	0	0.99504	0
43	L	0.08650	0	0.91350	0
44	Q	0.90925	0	0.09075	0
45	P	0.98794	0	0.01206	0
46	G	0.99550	0	0.00450	0
47	P	0.99966	0	0.00034	0
48	S	0.99984	0	0.00016	0
49	A	0.99986	0	0.00014	0
50	W	0.99992	0	0.00008	0
51	Q	1.00000	0	0.00000	0
52	E	1.00000	0	0.00000	0
53	P	1.00000	0	0.00000	0
54	G	1.00000	0	0.00000	0
55	S	0.99995	0	0.00005	0
56	T	0.99951	0	0.00049	0
57	T	0.99172	0	0.00828	0
58	D	0.93745	0	0.06255	0
59	L	0.06367	0	0.93633	0
60	F	0.00017	0	0.99983	0
61	I	0.00000	0	1.00000	0
62	L	0.00000	0	1.00000	0
63	N	0.00000	0	1.00000	0
64	L	0.00000	0	1.00000	0
65	A	0.00000	0	1.00000	0
66	V	0.00000	0	1.00000	0
67	A	0.00000	0	1.00000	0
68	D	0.00000	0	1.00000	0
69	L	0.00000	0	1.00000	0
70	C	0.00000	0	1.00000	0
71	F	0.00000	0	1.00000	0
72	I	0.00000	0	1.00000	0
73	L	0.00000	0	1.00000	0
74	C	0.00000	0	1.00000	0
75	C	0.00000	0	1.00000	0
76	V	0.00000	0	1.00000	0
77	P	0.00000	0	1.00000	0
78	F	0.00000	0	1.00000	0
79	Q	0.00000	0	1.00000	0
80	A	0.00000	0.00132	0.99868	0
81	T	0.00000	0.76507	0.23493	0
82	I	0.00000	0.99924	0.00076	0
83	Y	0.00000	0.99988	0.00012	0
84	T	0.00000	0.99998	0.00002	0
85	L	0.00000	0.99999	0.00001	0
86	D	0.00000	1	0.00000	0
87	A	0.00000	1	0.00000	0
88	W	0.00000	1	0.00000	0
89	L	0.00000	1	0.00000	0
90	F	0.00000	1	0.00000	0
91	G	0.00000	1	0.00000	0
92	A	0.00000	1	0.00000	0
93	L	0.00000	1	0.00000	0
94	V	0.00000	0.99999	0.00001	0
95	C	0.00000	0.9999	0.00010	0
96	K	0.00000	0.99841	0.00159	0
97	A	0.00000	0.87594	0.12406	0
98	V	0.00000	0.59043	0.40957	0
99	H	0.00000	0.19416	0.80584	0
100	L	0.00000	0.01321	0.98679	0
101	L	0.00000	0.00123	0.99877	0
102	I	0.00000	0.00032	0.99968	0
103	Y	0.00000	2e-05	0.99998	0
104	L	0.00000	0	1.00000	0
105	T	0.00000	0	1.00000	0
106	M	0.00000	0	1.00000	0
107	Y	0.00000	0	1.00000	0
108	A	0.00000	0	1.00000	0
109	S	0.00000	0	1.00000	0
110	S	0.00000	0	1.00000	0
111	F	0.00000	0	1.00000	0
112	T	0.00000	0	1.00000	0
113	L	0.00000	0	1.00000	0
114	A	0.00000	0	1.00000	0
115	A	0.00000	0	1.00000	0
116	V	0.00000	0	1.00000	0
117	S	0.00000	0	1.00000	0
118	V	0.00001	0	0.99999	0
119	D	0.00012	0	0.99988	0
120	R	0.04957	0	0.95043	0
121	Y	0.39793	0	0.60207	0
122	L	0.82653	0	0.17347	0
123	A	0.96443	0	0.03557	0
124	V	0.99999	0	0.00001	0
125	R	1.00000	0	0.00000	0
126	H	1.00000	0	0.00000	0
127	P	1.00000	0	0.00000	0
128	L	1.00000	0	0.00000	0
129	R	1.00000	0	0.00000	0
130	S	1.00000	0	0.00000	0
131	R	1.00000	0	0.00000	0
132	A	1.00000	0	0.00000	0
133	L	1.00000	0	0.00000	0
134	R	1.00000	0	0.00000	0
135	T	1.00000	0	0.00000	0
136	P	0.99993	0	0.00007	0
137	R	0.99879	0	0.00121	0
138	N	0.95317	0	0.04683	0
139	A	0.47067	0	0.52933	0
140	R	0.43227	0	0.56773	0
141	A	0.08638	0	0.91362	0
142	A	0.00429	0	0.99571	0
143	V	0.00021	0	0.99979	0
144	G	0.00003	0	0.99997	0
145	L	0.00000	0	1.00000	0
146	V	0.00000	0	1.00000	0
147	W	0.00000	0	1.00000	0
148	L	0.00000	0	1.00000	0
149	L	0.00000	0	1.00000	0
150	A	0.00000	0	1.00000	0
151	A	0.00000	0	1.00000	0
152	L	0.00000	0	1.00000	0
153	F	0.00000	0	1.00000	0
154	S	0.00000	0	1.00000	0
155	A	0.00000	0	1.00000	0
156	P	0.00000	4e-05	0.99996	0
157	Y	0.00000	0.00026	0.99974	0
158	L	0.00000	0.00406	0.99594	0
159	S	0.00000	0.10965	0.89035	0
160	Y	0.00000	0.28276	0.71724	0
161	Y	0.00000	0.4536	0.54640	0
162	G	0.00000	0.92983	0.07017	0
163	T	0.00000	0.96907	0.03093	0
164	V	0.00000	0.98185	0.01815	0
165	R	0.00000	0.99992	0.00008	0
166	Y	0.00000	0.99999	0.00001	0
167	G	0.00000	1	0.00000	0
168	A	0.00000	1	0.00000	0
169	L	0.00000	1	0.00000	0
170	E	0.00000	1	0.00000	0
171	L	0.00000	1	0.00000	0
172	C	0.00000	1	0.00000	0
173	V	0.00000	1	0.00000	0
174	P	0.00000	1	0.00000	0
175	A	0.00000	1	0.00000	0
176	W	0.00000	1	0.00000	0
177	E	0.00000	1	0.00000	0
178	D	0.00000	1	0.00000	0
179	A	0.00000	1	0.00000	0
180	R	0.00000	0.99606	0.00394	0
181	R	0.00000	0.99598	0.00402	0
182	R	0.00000	0.995	0.00500	0
183	A	0.00000	0.97448	0.02552	0
184	L	0.00000	0.9733	0.02670	0
185	D	0.00000	0.97283	0.02717	0
186	V	0.00000	0.77578	0.22422	0
187	A	0.00000	0.10461	0.89539	0
188	T	0.00000	0.05735	0.94265	0
189	F	0.00000	0.04304	0.95696	0
190	A	0.00000	0.04071	0.95929	0
191	A	0.00000	0.00042	0.99958	0
192	G	0.00000	0.00022	0.99978	0
193	Y	0.00000	8e-05	0.99992	0
194	L	0.00000	2e-05	0.99998	0
195	L	0.00000	1e-05	0.99999	0
196	P	0.00000	1e-05	0.99999	0
197	V	0.00000	1e-05	0.99999	0
198	A	0.00000	1e-05	0.99999	0
199	V	0.00000	1e-05	0.99999	0
200	V	0.00000	1e-05	0.99999	0
201	S	0.00000	0	1.00000	0
202	L	0.00002	0	0.99998	0
203	A	0.00029	0	0.99971	0
204	Y	0.00084	0	0.99916	0
205	G	0.00940	0	0.99060	0
206	R	0.02109	0	0.97891	0
207	T	0.02800	0	0.97200	0
208	L	0.04369	0	0.95631	0
209	R	0.33528	0	0.66472	0
210	F	0.34423	0	0.65577	0
211	L	0.60411	0	0.39589	0
212	W	0.61880	0	0.38120	0
213	A	0.86122	0	0.13878	0
214	A	0.99433	0	0.00567	0
215	V	0.99545	0	0.00455	0
216	G	0.99886	0	0.00114	0
217	P	0.99995	0	0.00005	0
218	A	0.99997	0	0.00003	0
219	G	0.99998	0	0.00002	0
220	A	0.99999	0	0.00001	0
221	A	0.99999	0	0.00001	0
222	A	0.99999	0	0.00001	0
223	A	0.99999	0	0.00001	0
224	E	1.00000	0	0.00000	0
225	A	1.00000	0	0.00000	0
226	R	1.00000	0	0.00000	0
227	R	1.00000	0	0.00000	0
228	R	1.00000	0	0.00000	0
229	A	0.99995	0	0.00005	0
230	T	0.99959	0	0.00041	0
231	G	0.99718	0	0.00282	0
232	R	0.96225	0	0.03775	0
233	A	0.95860	0	0.04140	0
234	G	0.87558	0	0.12442	0
235	R	0.53772	0	0.46228	0
236	A	0.23548	0	0.76452	0
237	M	0.09316	0	0.90684	0
238	L	0.09126	0	0.90874	0
239	A	0.00774	0	0.99226	0
240	V	0.00402	0	0.99598	0
241	A	0.00396	0	0.99604	0
242	A	0.00015	0	0.99985	0
243	L	0.00006	0	0.99994	0
244	Y	0.00000	0	1.00000	0
245	A	0.00000	0	1.00000	0
246	L	0.00000	0	1.00000	0
247	C	0.00000	0	1.00000	0
248	W	0.00000	0	1.00000	0
249	G	0.00000	0	1.00000	0
250	P	0.00000	0	1.00000	0
251	H	0.00000	0	1.00000	0
252	H	0.00000	1e-05	0.99999	0
253	A	0.00000	5e-05	0.99995	0
254	L	0.00000	0.00036	0.99964	0
255	I	0.00000	0.01202	0.98798	0
256	L	0.00000	0.35126	0.64874	0
257	C	0.00000	0.70985	0.29015	0
258	F	0.00000	0.71684	0.28316	0
259	W	0.00000	0.75336	0.24664	0
260	Y	0.00000	0.80584	0.19416	0
261	G	0.00000	0.8791	0.12090	0
262	R	0.00000	0.89911	0.10089	0
263	F	0.00000	0.90684	0.09316	0
264	A	0.00000	0.92988	0.07012	0
265	F	0.00000	0.96442	0.03558	0
266	S	0.00000	0.98885	0.01115	0
267	P	0.00000	0.99977	0.00023	0
268	A	0.00000	0.99917	0.00083	0
269	T	0.00000	0.92939	0.07061	0
270	Y	0.00000	0.62706	0.37294	0
271	A	0.00000	0.13564	0.86436	0
272	C	0.00000	0.09214	0.90786	0
273	R	0.00000	0.02751	0.97249	0
274	L	0.00000	0.00312	0.99688	0
275	A	0.00000	0.00044	0.99956	0
276	S	0.00000	0.0002	0.99980	0
277	H	0.00000	1e-05	0.99999	0
278	C	0.00000	0	1.00000	0
279	L	0.00000	0	1.00000	0
280	A	0.00000	0	1.00000	0
281	Y	0.00000	0	1.00000	0
282	A	0.00000	0	1.00000	0
283	N	0.00000	0	1.00000	0
284	S	0.00000	0	1.00000	0
285	C	0.00000	0	1.00000	0
286	L	0.00000	0	1.00000	0
287	N	0.00000	0	1.00000	0
288	P	0.00000	0	1.00000	0
289	L	0.00002	0	0.99998	0
290	V	0.00095	0	0.99905	0
291	Y	0.00867	0	0.99133	0
292	A	0.14496	0	0.85504	0
293	L	0.19064	0	0.80936	0
294	A	0.89503	0	0.10497	0
295	S	0.97253	0	0.02747	0
296	R	1.00000	0	0.00000	0
297	H	1.00000	0	0.00000	0
298	F	1.00000	0	0.00000	0
299	R	1.00000	0	0.00000	0
300	A	1.00000	0	0.00000	0
301	R	1.00000	0	0.00000	0
302	F	1.00000	0	0.00000	0
303	R	1.00000	0	0.00000	0
304	R	1.00000	0	0.00000	0
305	L	1.00000	0	0.00000	0
306	W	1.00000	0	0.00000	0
307	P	1.00000	0	0.00000	0
308	C	1.00000	0	0.00000	0
309	G	1.00000	0	0.00000	0
310	R	1.00000	0	0.00000	0
311	R	1.00000	0	0.00000	0
312	R	1.00000	0	0.00000	0
313	R	1.00000	0	0.00000	0
314	H	1.00000	0	0.00000	0
315	R	1.00000	0	0.00000	0
316	A	1.00000	0	0.00000	0
317	R	1.00000	0	0.00000	0
318	R	1.00000	0	0.00000	0
319	A	1.00000	0	0.00000	0
320	L	1.00000	0	0.00000	0
321	R	1.00000	0	0.00000	0
322	R	1.00000	0	0.00000	0
323	V	1.00000	0	0.00000	0
324	R	1.00000	0	0.00000	0
325	P	1.00000	0	0.00000	0
326	A	1.00000	0	0.00000	0
327	S	1.00000	0	0.00000	0
328	S	1.00000	0	0.00000	0
329	G	1.00000	0	0.00000	0
330	P	1.00000	0	0.00000	0
331	P	1.00000	0	0.00000	0
332	G	1.00000	0	0.00000	0
333	C	1.00000	0	0.00000	0
334	P	1.00000	0	0.00000	0
335	G	1.00000	0	0.00000	0
336	D	1.00000	0	0.00000	0
337	A	1.00000	0	0.00000	0
338	R	1.00000	0	0.00000	0
339	P	1.00000	0	0.00000	0
340	S	1.00000	0	0.00000	0
341	G	1.00000	0	0.00000	0
342	R	1.00000	0	0.00000	0
343	L	1.00000	0	0.00000	0
344	L	1.00000	0	0.00000	0
345	A	1.00000	0	0.00000	0
346	G	1.00000	0	0.00000	0
347	G	1.00000	0	0.00000	0
348	G	1.00000	0	0.00000	0
349	Q	1.00000	0	0.00000	0
350	G	1.00000	0	0.00000	0
351	P	1.00000	0	0.00000	0
352	E	1.00000	0	0.00000	0
353	P	1.00000	0	0.00000	0
354	R	1.00000	0	0.00000	0
355	E	1.00000	0	0.00000	0
356	G	1.00000	0	0.00000	0
357	P	1.00000	0	0.00000	0
358	V	1.00000	0	0.00000	0
359	H	1.00000	0	0.00000	0
360	G	1.00000	0	0.00000	0
361	G	1.00000	0	0.00000	0
362	E	1.00000	0	0.00000	0
363	A	1.00000	0	0.00000	0
364	A	1.00000	0	0.00000	0
365	R	1.00000	0	0.00000	0
366	G	1.00000	0	0.00000	0
367	P	1.00000	0	0.00000	0
368	E	1.00000	0	0.00000	0
