# UNNAMED
#pos	aa	i	o	M	S
1	M	0.00000	1	0.00000	0
2	A	0.00000	1	0.00000	0
3	N	0.00000	1	0.00000	0
4	S	0.00000	1	0.00000	0
5	A	0.00000	1	0.00000	0
6	S	0.00000	1	0.00000	0
7	P	0.00000	1	0.00000	0
8	E	0.00000	1	0.00000	0
9	Q	0.00000	1	0.00000	0
10	N	0.00000	1	0.00000	0
11	Q	0.00000	1	0.00000	0
12	N	0.00000	1	0.00000	0
13	H	0.00000	1	0.00000	0
14	C	0.00000	1	0.00000	0
15	S	0.00000	1	0.00000	0
16	A	0.00000	1	0.00000	0
17	I	0.00000	1	0.00000	0
18	N	0.00000	1	0.00000	0
19	N	0.00000	1	0.00000	0
20	S	0.00000	1	0.00000	0
21	I	0.00000	1	0.00000	0
22	P	0.00000	1	0.00000	0
23	L	0.00000	1	0.00000	0
24	M	0.00000	1	0.00000	0
25	Q	0.00000	1	0.00000	0
26	G	0.00000	1	0.00000	0
27	N	0.00000	1	0.00000	0
28	L	0.00000	1	0.00000	0
29	P	0.00000	1	0.00000	0
30	T	0.00000	1	0.00000	0
31	L	0.00000	1	0.00000	0
32	T	0.00000	1	0.00000	0
33	L	0.00000	1	0.00000	0
34	S	0.00000	0.99998	0.00002	0
35	G	0.00000	0.99988	0.00012	0
36	K	0.00000	0.99937	0.00063	0
37	I	0.00000	0.96559	0.03441	0
38	R	0.00000	0.95575	0.04425	0
39	V	0.00000	0.37493	0.62507	0
40	T	0.00000	0.10671	0.89329	0
41	V	0.00000	0.02462	0.97538	0
42	T	0.00000	0.00433	0.99567	0
43	F	0.00000	0.00026	0.99974	0
44	F	0.00000	1e-05	0.99999	0
45	L	0.00000	0	1.00000	0
46	F	0.00000	0	1.00000	0
47	L	0.00000	0	1.00000	0
48	L	0.00000	0	1.00000	0
49	S	0.00000	0	1.00000	0
50	A	0.00000	0	1.00000	0
51	T	0.00000	0	1.00000	0
52	F	0.00000	0	1.00000	0
53	N	0.00000	0	1.00000	0
54	A	0.00000	0	1.00000	0
55	S	0.00000	0	1.00000	0
56	F	0.00000	0	1.00000	0
57	L	0.00000	0	1.00000	0
58	L	0.00000	0	1.00000	0
59	K	0.00540	0	0.99460	0
60	L	0.01123	0	0.98877	0
61	Q	0.78488	0	0.21512	0
62	K	0.90937	0	0.09063	0
63	W	0.92664	0	0.07336	0
64	T	0.99914	0	0.00086	0
65	Q	0.99996	0	0.00004	0
66	K	1.00000	0	0.00000	0
67	K	1.00000	0	0.00000	0
68	E	1.00000	0	0.00000	0
69	K	1.00000	0	0.00000	0
70	G	1.00000	0	0.00000	0
71	K	1.00000	0	0.00000	0
72	K	1.00000	0	0.00000	0
73	L	0.99981	0	0.00019	0
74	S	0.99976	0	0.00024	0
75	R	0.99954	0	0.00046	0
76	M	0.98435	0	0.01565	0
77	K	0.97406	0	0.02594	0
78	L	0.01916	0	0.98084	0
79	L	0.00006	0	0.99994	0
80	L	0.00000	0	1.00000	0
81	K	0.00000	0	1.00000	0
82	H	0.00000	0	1.00000	0
83	L	0.00000	0	1.00000	0
84	T	0.00000	0	1.00000	0
85	L	0.00000	0	1.00000	0
86	A	0.00000	0	1.00000	0
87	N	0.00000	0	1.00000	0
88	L	0.00000	0	1.00000	0
89	L	0.00000	0	1.00000	0
90	E	0.00000	0	1.00000	0
91	T	0.00000	0	1.00000	0
92	L	0.00000	0	1.00000	0
93	I	0.00000	0	1.00000	0
94	V	0.00000	0	1.00000	0
95	M	0.00000	3e-05	0.99997	0
96	P	0.00000	0.00213	0.99787	0
97	L	0.00000	0.04998	0.95002	0
98	D	0.00000	0.7912	0.20880	0
99	G	0.00000	0.84443	0.15557	0
100	M	0.00000	0.88473	0.11527	0
101	W	0.00000	0.99964	0.00036	0
102	N	0.00000	0.99981	0.00019	0
103	I	0.00000	0.99982	0.00018	0
104	T	0.00000	0.99998	0.00002	0
105	V	0.00000	0.99999	0.00001	0
106	Q	0.00000	1	0.00000	0
107	W	0.00000	1	0.00000	0
108	Y	0.00000	1	0.00000	0
109	A	0.00000	1	0.00000	0
110	G	0.00000	1	0.00000	0
111	E	0.00000	1	0.00000	0
112	L	0.00000	0.99937	0.00063	0
113	L	0.00000	0.99886	0.00114	0
114	C	0.00000	0.99876	0.00124	0
115	K	0.00000	0.99054	0.00946	0
116	V	0.00000	0.42383	0.57617	0
117	L	0.00000	0.26985	0.73015	0
118	S	0.00000	0.23318	0.76682	0
119	Y	0.00000	0.08137	0.91863	0
120	L	0.00000	0.068	0.93200	0
121	K	0.00000	0.06702	0.93298	0
122	L	0.00000	0.00206	0.99794	0
123	F	0.00000	3e-05	0.99997	0
124	S	0.00000	0	1.00000	0
125	M	0.00000	0	1.00000	0
126	Y	0.00000	0	1.00000	0
127	A	0.00000	0	1.00000	0
128	P	0.00000	0	1.00000	0
129	A	0.00000	0	1.00000	0
130	F	0.00000	0	1.00000	0
131	M	0.00000	0	1.00000	0
132	M	0.00000	0	1.00000	0
133	V	0.00000	0	1.00000	0
134	V	0.00000	0	1.00000	0
135	I	0.00000	0	1.00000	0
136	S	0.00000	0	1.00000	0
137	L	0.00001	0	0.99999	0
138	D	0.00106	0	0.99894	0
139	R	0.21601	0	0.78399	0
140	S	0.66376	0	0.33624	0
141	L	0.85868	0	0.14132	0
142	A	0.93370	0	0.06630	0
143	I	0.99973	0	0.00027	0
144	T	1.00000	0	0.00000	0
145	R	1.00000	0	0.00000	0
146	P	1.00000	0	0.00000	0
147	L	1.00000	0	0.00000	0
148	A	1.00000	0	0.00000	0
149	L	1.00000	0	0.00000	0
150	K	1.00000	0	0.00000	0
151	S	1.00000	0	0.00000	0
152	N	1.00000	0	0.00000	0
153	S	0.99998	0	0.00002	0
154	K	0.99992	0	0.00008	0
155	V	0.98356	0	0.01644	0
156	G	0.97668	0	0.02332	0
157	Q	0.96513	0	0.03487	0
158	S	0.65721	0	0.34279	0
159	M	0.18902	0	0.81098	0
160	V	0.04862	0	0.95138	0
161	G	0.02197	0	0.97803	0
162	L	0.00042	0	0.99958	0
163	A	0.00001	0	0.99999	0
164	W	0.00000	0	1.00000	0
165	I	0.00000	0	1.00000	0
166	L	0.00000	0	1.00000	0
167	S	0.00000	0	1.00000	0
168	S	0.00000	0	1.00000	0
169	V	0.00000	0	1.00000	0
170	F	0.00000	0	1.00000	0
171	A	0.00000	0	1.00000	0
172	G	0.00000	0	1.00000	0
173	P	0.00000	1e-05	0.99999	0
174	Q	0.00000	5e-05	0.99995	0
175	L	0.00000	0.00015	0.99985	0
176	Y	0.00000	0.00128	0.99872	0
177	I	0.00000	0.00241	0.99759	0
178	F	0.00000	0.01934	0.98066	0
179	R	0.00000	0.59567	0.40433	0
180	M	0.00000	0.62432	0.37568	0
181	I	0.00000	0.80594	0.19406	0
182	H	0.00000	0.93346	0.06654	0
183	L	0.00000	0.95824	0.04176	0
184	A	0.00000	0.99876	0.00124	0
185	D	0.00000	1	0.00000	0
186	S	0.00000	1	0.00000	0
187	S	0.00000	1	0.00000	0
188	G	0.00000	1	0.00000	0
189	Q	0.00000	1	0.00000	0
190	T	0.00000	1	0.00000	0
191	K	0.00000	1	0.00000	0
192	V	0.00000	1	0.00000	0
193	F	0.00000	1	0.00000	0
194	S	0.00000	1	0.00000	0
195	Q	0.00000	1	0.00000	0
196	C	0.00000	1	0.00000	0
197	V	0.00000	1	0.00000	0
198	T	0.00000	1	0.00000	0
199	H	0.00000	1	0.00000	0
200	C	0.00000	1	0.00000	0
201	S	0.00000	1	0.00000	0
202	F	0.00000	0.99989	0.00011	0
203	S	0.00000	0.99985	0.00015	0
204	Q	0.00000	0.99969	0.00031	0
205	W	0.00000	0.99863	0.00137	0
206	W	0.00000	0.98543	0.01457	0
207	H	0.00000	0.87213	0.12787	0
208	Q	0.00000	0.86144	0.13856	0
209	A	0.00000	0.80732	0.19268	0
210	F	0.00000	0.69789	0.30211	0
211	Y	0.00000	0.68643	0.31357	0
212	N	0.00000	0.43619	0.56381	0
213	F	0.00000	0.00154	0.99846	0
214	F	0.00000	0.00085	0.99915	0
215	T	0.00000	0.00069	0.99931	0
216	F	0.00000	0.00061	0.99939	0
217	S	0.00000	0.0006	0.99940	0
218	C	0.00000	3e-05	0.99997	0
219	L	0.00000	1e-05	0.99999	0
220	F	0.00000	0	1.00000	0
221	I	0.00000	0	1.00000	0
222	I	0.00000	0	1.00000	0
223	P	0.00000	0	1.00000	0
224	L	0.00000	0	1.00000	0
225	F	0.00000	0	1.00000	0
226	I	0.00000	0	1.00000	0
227	M	0.00000	0	1.00000	0
228	L	0.00001	0	0.99999	0
229	I	0.00089	0	0.99911	0
230	C	0.01434	0	0.98566	0
231	N	0.12831	0	0.87169	0
232	A	0.14792	0	0.85208	0
233	K	0.17592	0	0.82408	0
234	I	0.17733	0	0.82267	0
235	I	0.18414	0	0.81586	0
236	F	0.23159	0	0.76841	0
237	T	0.81159	0	0.18841	0
238	L	0.95768	0	0.04232	0
239	T	0.99444	0	0.00556	0
240	R	0.99907	0	0.00093	0
241	V	0.99915	0	0.00085	0
242	L	0.99931	0	0.00069	0
243	H	0.99988	0	0.00012	0
244	Q	1.00000	0	0.00000	0
245	D	1.00000	0	0.00000	0
246	P	1.00000	0	0.00000	0
247	H	1.00000	0	0.00000	0
248	E	1.00000	0	0.00000	0
249	L	1.00000	0	0.00000	0
250	Q	1.00000	0	0.00000	0
251	L	1.00000	0	0.00000	0
252	N	1.00000	0	0.00000	0
253	Q	1.00000	0	0.00000	0
254	S	1.00000	0	0.00000	0
255	K	1.00000	0	0.00000	0
256	N	1.00000	0	0.00000	0
257	N	1.00000	0	0.00000	0
258	I	1.00000	0	0.00000	0
259	P	1.00000	0	0.00000	0
260	R	0.99998	0	0.00002	0
261	A	0.99998	0	0.00002	0
262	R	0.99860	0	0.00140	0
263	L	0.82940	0	0.17060	0
264	K	0.75836	0	0.24164	0
265	T	0.56887	0	0.43113	0
266	L	0.40851	0	0.59149	0
267	K	0.40265	0	0.59735	0
268	M	0.34060	0	0.65940	0
269	T	0.26035	0	0.73965	0
270	V	0.00164	0	0.99836	0
271	A	0.00116	0	0.99884	0
272	F	0.00007	0	0.99993	0
273	A	0.00000	0	1.00000	0
274	T	0.00000	0	1.00000	0
275	S	0.00000	0	1.00000	0
276	F	0.00000	0	1.00000	0
277	T	0.00000	0	1.00000	0
278	V	0.00000	0	1.00000	0
279	C	0.00000	0	1.00000	0
280	W	0.00000	0	1.00000	0
281	T	0.00000	0	1.00000	0
282	P	0.00000	0	1.00000	0
283	Y	0.00000	2e-05	0.99998	0
284	Y	0.00000	0.00014	0.99986	0
285	V	0.00000	0.00353	0.99647	0
286	L	0.00000	0.02104	0.97896	0
287	G	0.00000	0.14736	0.85264	0
288	I	0.00000	0.25238	0.74762	0
289	W	0.00000	0.3667	0.63330	0
290	Y	0.00000	0.40326	0.59674	0
291	W	0.00000	0.44953	0.55047	0
292	F	0.00000	0.49948	0.50052	0
293	D	0.00000	0.9985	0.00150	0
294	P	0.00000	0.99968	0.00032	0
295	E	0.00000	0.99899	0.00101	0
296	M	0.00000	0.9933	0.00670	0
297	L	0.00000	0.9932	0.00680	0
298	N	0.00000	0.9932	0.00680	0
299	R	0.00000	0.9932	0.00680	0
300	L	0.00000	0.99304	0.00696	0
301	S	0.00000	0.99298	0.00702	0
302	D	0.00000	0.99234	0.00766	0
303	P	0.00000	0.96521	0.03479	0
304	V	0.00000	0.6581	0.34190	0
305	N	0.00000	0.56674	0.43326	0
306	H	0.00000	0.31523	0.68477	0
307	F	0.00000	0.01459	0.98541	0
308	F	0.00000	0.0004	0.99960	0
309	F	0.00000	0	1.00000	0
310	L	0.00000	0	1.00000	0
311	F	0.00000	0	1.00000	0
312	A	0.00000	0	1.00000	0
313	F	0.00000	0	1.00000	0
314	L	0.00004	0	0.99996	0
315	N	0.00048	0	0.99952	0
316	P	0.00101	0	0.99899	0
317	C	0.00155	0	0.99845	0
318	F	0.00370	0	0.99630	0
319	D	0.00629	0	0.99371	0
320	P	0.00635	0	0.99365	0
321	L	0.00642	0	0.99358	0
322	I	0.00655	0	0.99345	0
323	Y	0.00684	0	0.99316	0
324	G	0.00785	0	0.99215	0
325	Y	0.02183	0	0.97817	0
326	F	0.18377	0	0.81623	0
327	S	0.74236	0	0.25764	0
328	L	1.00000	0	0.00000	0
