# UNNAMED
#pos	aa	i	o	M	S
1	M	0.00000	0.99805	0.00000	0.00195
2	S	0.00000	0.99805	0.00000	0.00196
3	T	0.00000	0.99805	0.00000	0.00196
4	L	0.00000	0.99805	0.00000	0.00195
5	P	0.00000	0.99805	0.00000	0.00195
6	T	0.00000	0.99805	0.00000	0.00195
7	Q	0.00000	0.99805	0.00000	0.00195
8	I	0.00000	0.99805	0.00000	0.00195
9	A	0.00000	0.99805	0.00000	0.00195
10	P	0.00000	0.99805	0.00000	0.00195
11	N	0.00000	0.99805	0.00000	0.00195
12	S	0.00000	0.99805	0.00000	0.00195
13	S	0.00000	0.99805	0.00000	0.00195
14	T	0.00000	0.99834	0.00000	0.00166
15	S	0.00000	0.99942	0.00000	0.00058
16	M	0.00000	0.99941	0.00000	0.00059
17	A	0.00000	0.99941	0.00000	0.00059
18	P	0.00000	0.99941	0.00000	0.00059
19	T	0.00000	0.99941	0.00000	0.00058
20	F	0.00000	0.99942	0.00000	0.00057
21	L	0.00000	0.99943	0.00000	0.00057
22	L	0.00000	0.99943	0.00000	0.00057
23	V	0.00000	0.99943	0.00000	0.00058
24	G	0.00000	0.99943	0.00000	0.00057
25	M	0.00000	0.99943	0.00000	0.00058
26	P	0.00000	0.99943	0.00000	0.00058
27	G	0.00000	0.99943	0.00000	0.00058
28	L	0.00000	0.99943	0.00000	0.00058
29	S	0.00000	0.99943	0.00000	0.00057
30	G	0.00000	0.99944	0.00000	0.00055
31	A	0.00000	0.99878	0.00119	3e-05
32	P	0.00000	0.99576	0.00421	3e-05
33	S	0.00000	0.9853	0.01467	3e-05
34	W	0.00000	0.77666	0.22334	0
35	W	0.00000	0.73882	0.26118	0
36	T	0.00000	0.72032	0.27968	0
37	L	0.00000	0.70808	0.29192	0
38	P	0.00000	0.70152	0.29848	0
39	L	0.00000	0.10167	0.89833	0
40	I	0.00000	0.00217	0.99783	0
41	A	0.00000	5e-05	0.99995	0
42	V	0.00000	0	1.00000	0
43	Y	0.00000	0	1.00000	0
44	L	0.00000	0	1.00000	0
45	L	0.00000	0	1.00000	0
46	S	0.00000	0	1.00000	0
47	A	0.00000	0	1.00000	0
48	L	0.00000	0	1.00000	0
49	G	0.00000	0	1.00000	0
50	N	0.00000	0	1.00000	0
51	G	0.00000	0	1.00000	0
52	T	0.00000	0	1.00000	0
53	I	0.00000	0	1.00000	0
54	L	0.00000	0	1.00000	0
55	W	0.00001	0	0.99999	0
56	I	0.00012	0	0.99988	0
57	I	0.00583	0	0.99417	0
58	A	0.13391	0	0.86609	0
59	L	0.30289	0	0.69711	0
60	Q	0.99961	0	0.00039	0
61	P	0.99999	0	0.00001	0
62	A	1.00000	0	0.00000	0
63	L	1.00000	0	0.00000	0
64	H	1.00000	0	0.00000	0
65	R	1.00000	0	0.00000	0
66	P	1.00000	0	0.00000	0
67	M	0.76160	0	0.23840	0
68	H	0.40136	0	0.59864	0
69	F	0.07303	0	0.92697	0
70	F	0.00154	0	0.99846	0
71	L	0.00006	0	0.99994	0
72	F	0.00000	0	1.00000	0
73	L	0.00000	0	1.00000	0
74	L	0.00000	0	1.00000	0
75	S	0.00000	0	1.00000	0
76	V	0.00000	0	1.00000	0
77	S	0.00000	0	1.00000	0
78	D	0.00000	0	1.00000	0
79	I	0.00000	0	1.00000	0
80	G	0.00000	0	1.00000	0
81	L	0.00000	0	1.00000	0
82	V	0.00000	0	1.00000	0
83	T	0.00000	0	1.00000	0
84	A	0.00000	0	1.00000	0
85	L	0.00000	1e-05	0.99999	0
86	M	0.00000	0.00014	0.99986	0
87	P	0.00000	0.00469	0.99531	0
88	T	0.00000	0.02047	0.97953	0
89	L	0.00000	0.03774	0.96226	0
90	L	0.00000	0.16335	0.83665	0
91	G	0.00000	0.73501	0.26499	0
92	I	0.00000	0.99507	0.00493	0
93	A	0.00000	0.99575	0.00425	0
94	L	0.00000	0.99649	0.00351	0
95	A	0.00000	0.99821	0.00179	0
96	G	0.00000	0.99971	0.00029	0
97	A	0.00000	0.99994	0.00006	0
98	H	0.00000	1	0.00000	0
99	T	0.00000	1	0.00000	0
100	V	0.00000	1	0.00000	0
101	P	0.00000	1	0.00000	0
102	A	0.00000	1	0.00000	0
103	S	0.00000	1	0.00000	0
104	A	0.00000	0.99994	0.00006	0
105	C	0.00000	0.99985	0.00015	0
106	L	0.00000	0.9939	0.00610	0
107	L	0.00000	0.98596	0.01404	0
108	Q	0.00000	0.9766	0.02340	0
109	M	0.00000	0.49002	0.50998	0
110	V	0.00000	0.13939	0.86061	0
111	F	0.00000	0.004	0.99600	0
112	I	0.00000	0.00081	0.99919	0
113	H	0.00000	6e-05	0.99994	0
114	V	0.00000	0	1.00000	0
115	F	0.00000	0	1.00000	0
116	S	0.00000	0	1.00000	0
117	V	0.00000	0	1.00000	0
118	M	0.00000	0	1.00000	0
119	E	0.00000	0	1.00000	0
120	S	0.00000	0	1.00000	0
121	S	0.00000	0	1.00000	0
122	V	0.00000	0	1.00000	0
123	L	0.00000	0	1.00000	0
124	L	0.00000	0	1.00000	0
125	A	0.00000	0	1.00000	0
126	M	0.00000	0	1.00000	0
127	S	0.00000	0	1.00000	0
128	I	0.00000	0	1.00000	0
129	D	0.00000	0	1.00000	0
130	R	0.00097	0	0.99903	0
131	A	0.04429	0	0.95571	0
132	L	0.47821	0	0.52179	0
133	A	0.83974	0	0.16026	0
134	I	0.99987	0	0.00013	0
135	C	1.00000	0	0.00000	0
136	R	1.00000	0	0.00000	0
137	P	1.00000	0	0.00000	0
138	L	1.00000	0	0.00000	0
139	H	1.00000	0	0.00000	0
140	Y	1.00000	0	0.00000	0
141	P	1.00000	0	0.00000	0
142	A	1.00000	0	0.00000	0
143	L	1.00000	0	0.00000	0
144	L	1.00000	0	0.00000	0
145	T	0.99999	0	0.00001	0
146	N	0.99998	0	0.00002	0
147	G	0.99777	0	0.00223	0
148	V	0.98816	0	0.01184	0
149	I	0.98443	0	0.01557	0
150	S	0.98235	0	0.01765	0
151	K	0.97212	0	0.02788	0
152	I	0.39478	0	0.60522	0
153	S	0.37426	0	0.62574	0
154	L	0.32919	0	0.67081	0
155	A	0.02200	0	0.97800	0
156	I	0.00010	0	0.99990	0
157	S	0.00001	0	0.99999	0
158	F	0.00000	0	1.00000	0
159	R	0.00000	0	1.00000	0
160	C	0.00000	0	1.00000	0
161	L	0.00000	0	1.00000	0
162	G	0.00000	0	1.00000	0
163	L	0.00000	0	1.00000	0
164	H	0.00000	0	1.00000	0
165	L	0.00000	0	1.00000	0
166	P	0.00000	2e-05	0.99998	0
167	L	0.00000	8e-05	0.99992	0
168	P	0.00000	0.00272	0.99728	0
169	F	0.00000	0.00436	0.99564	0
170	L	0.00000	0.00497	0.99503	0
171	L	0.00000	0.00654	0.99346	0
172	A	0.00000	0.02037	0.97963	0
173	Y	0.00000	0.07777	0.92223	0
174	M	0.00000	0.21713	0.78287	0
175	P	0.00000	0.72951	0.27049	0
176	Y	0.00000	0.8678	0.13220	0
177	C	0.00000	0.99297	0.00703	0
178	L	0.00000	0.99785	0.00215	0
179	P	0.00000	0.9999	0.00010	0
180	Q	0.00000	0.99999	0.00001	0
181	V	0.00000	0.99999	0.00001	0
182	L	0.00000	1	0.00000	0
183	T	0.00000	1	0.00000	0
184	H	0.00000	1	0.00000	0
185	S	0.00000	1	0.00000	0
186	Y	0.00000	1	0.00000	0
187	C	0.00000	1	0.00000	0
188	L	0.00000	1	0.00000	0
189	H	0.00000	1	0.00000	0
190	P	0.00000	1	0.00000	0
191	D	0.00000	1	0.00000	0
192	V	0.00000	1	0.00000	0
193	A	0.00000	1	0.00000	0
194	R	0.00000	1	0.00000	0
195	L	0.00000	1	0.00000	0
196	A	0.00000	0.99999	0.00001	0
197	C	0.00000	0.99998	0.00002	0
198	P	0.00000	0.99995	0.00005	0
199	E	0.00000	0.99974	0.00026	0
200	A	0.00000	0.94164	0.05836	0
201	W	0.00000	0.70564	0.29436	0
202	G	0.00000	0.69773	0.30227	0
203	A	0.00000	0.59671	0.40329	0
204	A	0.00000	0.39487	0.60513	0
205	Y	0.00000	0.31633	0.68367	0
206	S	0.00000	0.30897	0.69103	0
207	L	0.00000	0.00769	0.99231	0
208	F	0.00000	0.00395	0.99605	0
209	V	0.00000	0.00162	0.99838	0
210	V	0.00000	0.00014	0.99986	0
211	L	0.00000	0.00014	0.99986	0
212	S	0.00000	0	1.00000	0
213	A	0.00000	0	1.00000	0
214	M	0.00000	0	1.00000	0
215	G	0.00000	0	1.00000	0
216	L	0.00000	0	1.00000	0
217	D	0.00000	0	1.00000	0
218	P	0.00000	0	1.00000	0
219	L	0.00000	0	1.00000	0
220	L	0.00000	0	1.00000	0
221	I	0.00000	0	1.00000	0
222	F	0.00001	0	0.99999	0
223	F	0.00020	0	0.99980	0
224	S	0.05159	0	0.94841	0
225	Y	0.06500	0	0.93500	0
226	G	0.14434	0	0.85566	0
227	L	0.17073	0	0.82927	0
228	I	0.24649	0	0.75351	0
229	G	0.54161	0	0.45839	0
230	K	0.92986	0	0.07014	0
231	V	0.93302	0	0.06698	0
232	L	0.95448	0	0.04552	0
233	Q	0.99952	0	0.00048	0
234	G	0.99984	0	0.00016	0
235	V	0.99998	0	0.00002	0
236	E	1.00000	0	0.00000	0
237	S	1.00000	0	0.00000	0
238	R	1.00000	0	0.00000	0
239	E	1.00000	0	0.00000	0
240	D	1.00000	0	0.00000	0
241	R	0.98697	0	0.01303	0
242	W	0.98088	0	0.01912	0
243	K	0.97486	0	0.02514	0
244	A	0.97123	0	0.02877	0
245	G	0.96540	0	0.03460	0
246	Q	0.34809	0	0.65191	0
247	T	0.34593	0	0.65407	0
248	C	0.02229	0	0.97771	0
249	A	0.01318	0	0.98682	0
250	A	0.00851	0	0.99149	0
251	H	0.00850	0	0.99150	0
252	L	0.00761	0	0.99239	0
253	S	0.00735	0	0.99265	0
254	A	0.00001	0	0.99999	0
255	V	0.00001	0	0.99999	0
256	L	0.00000	0	1.00000	0
257	L	0.00000	0	1.00000	0
258	F	0.00000	0	1.00000	0
259	Y	0.00000	0	1.00000	0
260	I	0.00000	0	1.00000	0
261	P	0.00000	0	1.00000	0
262	M	0.00000	0	1.00000	0
263	I	0.00000	2e-05	0.99998	0
264	L	0.00000	0.00011	0.99989	0
265	L	0.00000	0.00026	0.99974	0
266	A	0.00000	0.00149	0.99851	0
267	L	0.00000	0.01663	0.98337	0
268	I	0.00000	0.11022	0.88978	0
269	N	0.00000	0.8003	0.19970	0
270	H	0.00000	0.92784	0.07216	0
271	P	0.00000	0.97949	0.02051	0
272	E	0.00000	0.99044	0.00956	0
273	L	0.00000	0.98967	0.01033	0
274	P	0.00000	0.9927	0.00730	0
275	I	0.00000	0.98545	0.01455	0
276	T	0.00000	0.9824	0.01760	0
277	Q	0.00000	0.97183	0.02817	0
278	H	0.00000	0.87558	0.12442	0
279	T	0.00000	0.37374	0.62626	0
280	H	0.00000	0.30031	0.69969	0
281	T	0.00000	0.14644	0.85356	0
282	L	0.00000	0.00226	0.99774	0
283	L	0.00000	1e-05	0.99999	0
284	S	0.00000	0	1.00000	0
285	Y	0.00000	0	1.00000	0
286	V	0.00000	0	1.00000	0
287	H	0.00000	0	1.00000	0
288	F	0.00000	0	1.00000	0
289	L	0.00000	0	1.00000	0
290	L	0.00000	0	1.00000	0
291	P	0.00000	0	1.00000	0
292	P	0.00000	0	1.00000	0
293	L	0.00001	0	0.99999	0
294	I	0.00004	0	0.99996	0
295	N	0.00028	0	0.99972	0
296	P	0.00040	0	0.99960	0
297	I	0.00107	0	0.99893	0
298	L	0.00720	0	0.99280	0
299	Y	0.03929	0	0.96071	0
300	S	0.19033	0	0.80967	0
301	V	0.46068	0	0.53932	0
302	K	1.00000	0	0.00000	0
303	M	1.00000	0	0.00000	0
304	K	1.00000	0	0.00000	0
305	E	1.00000	0	0.00000	0
306	I	1.00000	0	0.00000	0
307	R	1.00000	0	0.00000	0
308	K	1.00000	0	0.00000	0
309	R	1.00000	0	0.00000	0
310	I	1.00000	0	0.00000	0
311	L	1.00000	0	0.00000	0
312	N	1.00000	0	0.00000	0
313	R	1.00000	0	0.00000	0
314	L	1.00000	0	0.00000	0
315	Q	1.00000	0	0.00000	0
316	P	1.00000	0	0.00000	0
317	R	1.00000	0	0.00000	0
318	K	1.00000	0	0.00000	0
319	V	1.00000	0	0.00000	0
320	G	1.00000	0	0.00000	0
321	G	1.00000	0	0.00000	0
322	A	1.00000	0	0.00000	0
323	Q	1.00000	0	0.00000	0
