# UNNAMED
#pos	aa	i	o	M	S
1	M	0.00000	0.99803	0.00000	0.00197
2	D	0.00000	0.99803	0.00000	0.00197
3	S	0.00000	0.99803	0.00000	0.00197
4	P	0.00000	0.99803	0.00000	0.00197
5	I	0.00000	0.99803	0.00000	0.00197
6	Q	0.00000	0.99803	0.00000	0.00197
7	I	0.00000	0.99803	0.00000	0.00197
8	F	0.00000	0.99803	0.00000	0.00197
9	R	0.00000	0.99803	0.00000	0.00197
10	G	0.00000	0.99803	0.00000	0.00197
11	E	0.00000	0.99803	0.00000	0.00198
12	P	0.00000	0.99803	0.00000	0.00197
13	G	0.00000	0.99803	0.00000	0.00197
14	P	0.00000	0.99803	0.00000	0.00198
15	T	0.00000	0.99803	0.00000	0.00198
16	C	0.00000	0.99804	0.00000	0.00196
17	A	0.00000	0.99803	0.00000	0.00196
18	P	0.00000	0.99803	0.00000	0.00196
19	S	0.00000	0.99803	0.00000	0.00197
20	A	0.00000	0.99808	0.00000	0.00191
21	C	0.00000	0.99808	0.00000	0.00192
22	L	0.00000	0.9981	0.00000	0.0019
23	P	0.00000	0.9981	0.00000	0.00189
24	P	0.00000	0.9981	0.00000	0.00189
25	N	0.00000	0.9981	0.00000	0.00189
26	S	0.00000	0.9981	0.00000	0.00189
27	S	0.00000	0.9981	0.00000	0.00189
28	A	0.00000	0.99908	0.00000	0.00091
29	W	0.00000	0.99996	0.00000	3e-05
30	F	0.00000	0.99997	0.00000	3e-05
31	P	0.00000	0.99997	0.00000	3e-05
32	G	0.00000	0.99997	0.00000	3e-05
33	W	0.00000	0.99997	0.00000	3e-05
34	A	0.00000	0.99997	0.00000	3e-05
35	E	0.00000	1	0.00000	0
36	P	0.00000	1	0.00000	0
37	D	0.00000	1	0.00000	0
38	S	0.00000	1	0.00000	0
39	N	0.00000	1	0.00000	0
40	G	0.00000	1	0.00000	0
41	S	0.00000	1	0.00000	0
42	A	0.00000	1	0.00000	0
43	G	0.00000	1	0.00000	0
44	S	0.00000	1	0.00000	0
45	E	0.00000	1	0.00000	0
46	D	0.00000	1	0.00000	0
47	A	0.00000	1	0.00000	0
48	Q	0.00000	1	0.00000	0
49	L	0.00000	1	0.00000	0
50	E	0.00000	1	0.00000	0
51	P	0.00000	1	0.00000	0
52	A	0.00000	0.99998	0.00002	0
53	H	0.00000	0.99995	0.00005	0
54	I	0.00000	0.99978	0.00022	0
55	S	0.00000	0.99957	0.00043	0
56	P	0.00000	0.99791	0.00209	0
57	A	0.00000	0.97665	0.02335	0
58	I	0.00000	0.90991	0.09009	0
59	P	0.00000	0.88104	0.11896	0
60	V	0.00000	0.76121	0.23879	0
61	I	0.00000	0.69299	0.30701	0
62	I	0.00000	0.09618	0.90382	0
63	T	0.00000	0.05799	0.94201	0
64	A	0.00000	0.02642	0.97358	0
65	V	0.00000	0.00646	0.99354	0
66	Y	0.00000	0.0008	0.99920	0
67	S	0.00000	0.0003	0.99970	0
68	V	0.00000	1e-05	0.99999	0
69	V	0.00000	0	1.00000	0
70	F	0.00000	0	1.00000	0
71	V	0.00000	0	1.00000	0
72	V	0.00000	0	1.00000	0
73	G	0.00000	0	1.00000	0
74	L	0.00000	0	1.00000	0
75	V	0.00000	0	1.00000	0
76	G	0.00000	0	1.00000	0
77	N	0.00000	0	1.00000	0
78	S	0.00000	0	1.00000	0
79	L	0.00000	0	1.00000	0
80	V	0.00000	0	1.00000	0
81	M	0.00000	0	1.00000	0
82	F	0.00001	0	0.99999	0
83	V	0.00067	0	0.99933	0
84	I	0.01181	0	0.98819	0
85	I	0.13601	0	0.86399	0
86	R	0.97499	0	0.02501	0
87	Y	0.98827	0	0.01173	0
88	T	0.99932	0	0.00068	0
89	K	1.00000	0	0.00000	0
90	M	1.00000	0	0.00000	0
91	K	1.00000	0	0.00000	0
92	T	0.99999	0	0.00001	0
93	A	0.99867	0	0.00133	0
94	T	0.97532	0	0.02468	0
95	N	0.70156	0	0.29844	0
96	I	0.02933	0	0.97067	0
97	Y	0.00034	0	0.99966	0
98	I	0.00000	0	1.00000	0
99	F	0.00000	0	1.00000	0
100	N	0.00000	0	1.00000	0
101	L	0.00000	0	1.00000	0
102	A	0.00000	0	1.00000	0
103	L	0.00000	0	1.00000	0
104	A	0.00000	0	1.00000	0
105	D	0.00000	0	1.00000	0
106	A	0.00000	0	1.00000	0
107	L	0.00000	0	1.00000	0
108	V	0.00000	0	1.00000	0
109	T	0.00000	0	1.00000	0
110	T	0.00000	0	1.00000	0
111	T	0.00000	0	1.00000	0
112	M	0.00000	0	1.00000	0
113	P	0.00000	0.0006	0.99940	0
114	F	0.00000	0.00923	0.99077	0
115	Q	0.00000	0.26124	0.73876	0
116	S	0.00000	0.70525	0.29475	0
117	T	0.00000	0.92347	0.07653	0
118	V	0.00000	0.99961	0.00039	0
119	Y	0.00000	0.9998	0.00020	0
120	L	0.00000	0.99984	0.00016	0
121	M	0.00000	0.99985	0.00015	0
122	N	0.00000	0.99999	0.00001	0
123	S	0.00000	1	0.00000	0
124	W	0.00000	1	0.00000	0
125	P	0.00000	1	0.00000	0
126	F	0.00000	1	0.00000	0
127	G	0.00000	1	0.00000	0
128	D	0.00000	1	0.00000	0
129	V	0.00000	1	0.00000	0
130	L	0.00000	1	0.00000	0
131	C	0.00000	1	0.00000	0
132	K	0.00000	0.99999	0.00001	0
133	I	0.00000	0.99799	0.00201	0
134	V	0.00000	0.78004	0.21996	0
135	I	0.00000	0.4285	0.57150	0
136	S	0.00000	0.03167	0.96833	0
137	I	0.00000	0.00641	0.99359	0
138	D	0.00000	0.00458	0.99542	0
139	Y	0.00000	0.00023	0.99977	0
140	Y	0.00000	1e-05	0.99999	0
141	N	0.00000	1e-05	0.99999	0
142	M	0.00000	0	1.00000	0
143	F	0.00000	0	1.00000	0
144	T	0.00000	0	1.00000	0
145	S	0.00000	0	1.00000	0
146	I	0.00000	0	1.00000	0
147	F	0.00000	0	1.00000	0
148	T	0.00000	0	1.00000	0
149	L	0.00000	0	1.00000	0
150	T	0.00000	0	1.00000	0
151	M	0.00000	0	1.00000	0
152	M	0.00000	0	1.00000	0
153	S	0.00000	0	1.00000	0
154	V	0.00000	0	1.00000	0
155	D	0.00000	0	1.00000	0
156	R	0.00074	0	0.99926	0
157	Y	0.05947	0	0.94053	0
158	I	0.73605	0	0.26395	0
159	A	0.88979	0	0.11021	0
160	V	0.99998	0	0.00002	0
161	C	1.00000	0	0.00000	0
162	H	1.00000	0	0.00000	0
163	P	1.00000	0	0.00000	0
164	V	1.00000	0	0.00000	0
165	K	1.00000	0	0.00000	0
166	A	1.00000	0	0.00000	0
167	L	1.00000	0	0.00000	0
168	D	1.00000	0	0.00000	0
169	F	1.00000	0	0.00000	0
170	R	1.00000	0	0.00000	0
171	T	1.00000	0	0.00000	0
172	P	1.00000	0	0.00000	0
173	L	0.99908	0	0.00092	0
174	K	0.99736	0	0.00264	0
175	A	0.73371	0	0.26629	0
176	K	0.66000	0	0.34000	0
177	I	0.02373	0	0.97627	0
178	I	0.00094	0	0.99906	0
179	N	0.00021	0	0.99979	0
180	I	0.00000	0	1.00000	0
181	C	0.00000	0	1.00000	0
182	I	0.00000	0	1.00000	0
183	W	0.00000	0	1.00000	0
184	L	0.00000	0	1.00000	0
185	L	0.00000	0	1.00000	0
186	S	0.00000	0	1.00000	0
187	S	0.00000	0	1.00000	0
188	S	0.00000	0	1.00000	0
189	V	0.00000	0	1.00000	0
190	G	0.00000	0	1.00000	0
191	I	0.00000	0	1.00000	0
192	S	0.00000	0	1.00000	0
193	A	0.00000	0	1.00000	0
194	I	0.00000	8e-05	0.99992	0
195	V	0.00000	0.00278	0.99722	0
196	L	0.00000	0.04825	0.95175	0
197	G	0.00000	0.54254	0.45746	0
198	G	0.00000	0.90819	0.09181	0
199	T	0.00000	0.97744	0.02256	0
200	K	0.00000	0.99982	0.00018	0
201	V	0.00000	0.99993	0.00007	0
202	R	0.00000	1	0.00000	0
203	E	0.00000	1	0.00000	0
204	D	0.00000	1	0.00000	0
205	V	0.00000	1	0.00000	0
206	D	0.00000	1	0.00000	0
207	V	0.00000	1	0.00000	0
208	I	0.00000	1	0.00000	0
209	E	0.00000	1	0.00000	0
210	C	0.00000	1	0.00000	0
211	S	0.00000	1	0.00000	0
212	L	0.00000	1	0.00000	0
213	Q	0.00000	1	0.00000	0
214	F	0.00000	1	0.00000	0
215	P	0.00000	1	0.00000	0
216	D	0.00000	1	0.00000	0
217	D	0.00000	1	0.00000	0
218	D	0.00000	0.99999	0.00001	0
219	Y	0.00000	0.99998	0.00002	0
220	S	0.00000	0.99997	0.00003	0
221	W	0.00000	0.9993	0.00070	0
222	W	0.00000	0.8557	0.14430	0
223	D	0.00000	0.85549	0.14451	0
224	L	0.00000	0.07954	0.92046	0
225	F	0.00000	0.0609	0.93910	0
226	M	0.00000	0.05938	0.94062	0
227	K	0.00000	0.05915	0.94085	0
228	I	0.00000	0.04162	0.95838	0
229	C	0.00000	0.03281	0.96719	0
230	V	0.00000	0.01179	0.98821	0
231	F	0.00000	0.0006	0.99940	0
232	I	0.00000	0.00045	0.99955	0
233	F	0.00000	0	1.00000	0
234	A	0.00000	0	1.00000	0
235	F	0.00000	0	1.00000	0
236	V	0.00000	0	1.00000	0
237	I	0.00000	0	1.00000	0
238	P	0.00000	0	1.00000	0
239	V	0.00000	0	1.00000	0
240	L	0.00000	0	1.00000	0
241	I	0.00000	0	1.00000	0
242	I	0.00000	0	1.00000	0
243	I	0.00000	0	1.00000	0
244	V	0.00016	0	0.99984	0
245	C	0.00228	0	0.99772	0
246	Y	0.02096	0	0.97904	0
247	T	0.19196	0	0.80804	0
248	L	0.25087	0	0.74913	0
249	M	0.42779	0	0.57221	0
250	I	0.53610	0	0.46390	0
251	L	0.85304	0	0.14696	0
252	R	0.96336	0	0.03664	0
253	L	0.97015	0	0.02985	0
254	K	0.99785	0	0.00215	0
255	S	0.99928	0	0.00072	0
256	V	0.99947	0	0.00053	0
257	R	1.00000	0	0.00000	0
258	L	1.00000	0	0.00000	0
259	L	1.00000	0	0.00000	0
260	S	1.00000	0	0.00000	0
261	G	1.00000	0	0.00000	0
262	S	1.00000	0	0.00000	0
263	R	1.00000	0	0.00000	0
264	E	1.00000	0	0.00000	0
265	K	1.00000	0	0.00000	0
266	D	1.00000	0	0.00000	0
267	R	1.00000	0	0.00000	0
268	N	1.00000	0	0.00000	0
269	L	0.98851	0	0.01149	0
270	R	0.98814	0	0.01186	0
271	R	0.81899	0	0.18101	0
272	I	0.80524	0	0.19476	0
273	T	0.62392	0	0.37608	0
274	R	0.44274	0	0.55726	0
275	L	0.03611	0	0.96389	0
276	V	0.01283	0	0.98717	0
277	L	0.00021	0	0.99979	0
278	V	0.00012	0	0.99988	0
279	V	0.00002	0	0.99998	0
280	V	0.00000	0	1.00000	0
281	A	0.00000	0	1.00000	0
282	V	0.00000	0	1.00000	0
283	F	0.00000	0	1.00000	0
284	V	0.00000	0	1.00000	0
285	V	0.00000	0	1.00000	0
286	C	0.00000	0	1.00000	0
287	W	0.00000	0	1.00000	0
288	T	0.00000	0	1.00000	0
289	P	0.00000	0	1.00000	0
290	I	0.00000	0	1.00000	0
291	H	0.00000	1e-05	0.99999	0
292	I	0.00000	8e-05	0.99992	0
293	F	0.00000	0.0006	0.99940	0
294	I	0.00000	0.00543	0.99457	0
295	L	0.00000	0.06964	0.93036	0
296	V	0.00000	0.65326	0.34674	0
297	E	0.00000	0.84513	0.15487	0
298	A	0.00000	0.85409	0.14591	0
299	L	0.00000	0.87568	0.12432	0
300	G	0.00000	0.97012	0.02988	0
301	S	0.00000	0.99068	0.00932	0
302	T	0.00000	0.99808	0.00192	0
303	S	0.00000	0.99961	0.00039	0
304	H	0.00000	0.99883	0.00117	0
305	S	0.00000	0.98117	0.01883	0
306	T	0.00000	0.93504	0.06496	0
307	A	0.00000	0.9125	0.08750	0
308	A	0.00000	0.86818	0.13182	0
309	L	0.00000	0.7959	0.20410	0
310	S	0.00000	0.76998	0.23002	0
311	S	0.00000	0.71963	0.28037	0
312	Y	0.00000	0.40062	0.59938	0
313	Y	0.00000	0.19137	0.80863	0
314	F	0.00000	0.00134	0.99866	0
315	C	0.00000	0.00027	0.99973	0
316	I	0.00000	0	1.00000	0
317	A	0.00000	0	1.00000	0
318	L	0.00000	0	1.00000	0
319	G	0.00001	0	0.99999	0
320	Y	0.00001	0	0.99999	0
321	T	0.00001	0	0.99999	0
322	N	0.00001	0	0.99999	0
323	S	0.00001	0	0.99999	0
324	S	0.00001	0	0.99999	0
325	L	0.00002	0	0.99998	0
326	N	0.00004	0	0.99996	0
327	P	0.00009	0	0.99991	0
328	I	0.00034	0	0.99966	0
329	L	0.00128	0	0.99872	0
330	Y	0.01053	0	0.98947	0
331	A	0.04820	0	0.95180	0
332	F	0.14227	0	0.85773	0
333	L	0.35996	0	0.64004	0
334	D	0.90798	0	0.09202	0
335	E	1.00000	0	0.00000	0
336	N	1.00000	0	0.00000	0
337	F	1.00000	0	0.00000	0
338	K	1.00000	0	0.00000	0
339	R	1.00000	0	0.00000	0
340	C	1.00000	0	0.00000	0
341	F	1.00000	0	0.00000	0
342	R	1.00000	0	0.00000	0
343	D	1.00000	0	0.00000	0
344	F	1.00000	0	0.00000	0
345	C	1.00000	0	0.00000	0
346	F	1.00000	0	0.00000	0
347	P	1.00000	0	0.00000	0
348	L	1.00000	0	0.00000	0
349	K	1.00000	0	0.00000	0
350	M	1.00000	0	0.00000	0
351	R	1.00000	0	0.00000	0
352	M	1.00000	0	0.00000	0
353	E	1.00000	0	0.00000	0
354	R	1.00000	0	0.00000	0
355	Q	1.00000	0	0.00000	0
356	S	1.00000	0	0.00000	0
357	T	1.00000	0	0.00000	0
358	S	1.00000	0	0.00000	0
359	R	1.00000	0	0.00000	0
360	V	1.00000	0	0.00000	0
361	R	1.00000	0	0.00000	0
362	N	1.00000	0	0.00000	0
363	T	1.00000	0	0.00000	0
364	V	1.00000	0	0.00000	0
365	Q	1.00000	0	0.00000	0
366	D	1.00000	0	0.00000	0
367	P	1.00000	0	0.00000	0
368	A	1.00000	0	0.00000	0
369	Y	1.00000	0	0.00000	0
370	L	1.00000	0	0.00000	0
371	R	1.00000	0	0.00000	0
372	D	1.00000	0	0.00000	0
373	I	1.00000	0	0.00000	0
374	D	1.00000	0	0.00000	0
375	G	1.00000	0	0.00000	0
376	M	1.00000	0	0.00000	0
377	N	1.00000	0	0.00000	0
378	K	1.00000	0	0.00000	0
379	P	1.00000	0	0.00000	0
380	V	1.00000	0	0.00000	0
