# UNNAMED
#pos	aa	i	o	M	S
1	M	0.00000	0.0032	0.00000	0.9968
2	P	0.00000	0.0032	0.00000	0.99679
3	L	0.00000	0.0032	0.00000	0.9968
4	L	0.00000	0.0032	0.00000	0.9968
5	L	0.00000	0.0032	0.00000	0.9968
6	L	0.00000	0.0032	0.00000	0.9968
7	L	0.00000	0.0032	0.00000	0.9968
8	L	0.00000	0.0032	0.00000	0.9968
9	L	0.00000	0.0032	0.00000	0.99679
10	L	0.00000	0.0032	0.00000	0.9968
11	P	0.00000	0.0032	0.00000	0.9968
12	S	0.00000	0.0032	0.00000	0.9968
13	P	0.00000	0.0032	0.00000	0.9968
14	L	0.00000	0.0032	0.00000	0.9968
15	H	0.00000	0.97721	0.00000	0.02279
16	P	0.00000	0.97721	0.00000	0.02279
17	H	0.00000	0.9989	0.00000	0.0011
18	P	0.00000	0.9989	0.00000	0.0011
19	I	0.00000	0.9989	0.00000	0.0011
20	C	0.00000	0.9989	0.00000	0.0011
21	E	0.00000	0.9989	0.00000	0.0011
22	V	0.00000	0.9991	0.00000	0.0009
23	S	0.00000	0.99912	0.00000	0.00087
24	K	0.00000	0.99913	0.00000	0.00087
25	V	0.00000	0.99913	0.00000	0.00087
26	A	0.00000	0.99913	0.00000	0.00087
27	S	0.00000	0.99913	0.00000	0.00087
28	H	0.00000	1	0.00000	0
29	L	0.00000	1	0.00000	0
30	E	0.00000	1	0.00000	0
31	V	0.00000	1	0.00000	0
32	N	0.00000	1	0.00000	0
33	C	0.00000	1	0.00000	0
34	D	0.00000	1	0.00000	0
35	K	0.00000	1	0.00000	0
36	R	0.00000	1	0.00000	0
37	N	0.00000	1	0.00000	0
38	L	0.00000	1	0.00000	0
39	T	0.00000	1	0.00000	0
40	A	0.00000	1	0.00000	0
41	L	0.00000	1	0.00000	0
42	P	0.00000	1	0.00000	0
43	P	0.00000	1	0.00000	0
44	D	0.00000	1	0.00000	0
45	L	0.00000	1	0.00000	0
46	P	0.00000	1	0.00000	0
47	K	0.00000	1	0.00000	0
48	D	0.00000	1	0.00000	0
49	T	0.00000	1	0.00000	0
50	T	0.00000	1	0.00000	0
51	I	0.00000	1	0.00000	0
52	L	0.00000	1	0.00000	0
53	H	0.00000	1	0.00000	0
54	L	0.00000	1	0.00000	0
55	S	0.00000	1	0.00000	0
56	E	0.00000	1	0.00000	0
57	N	0.00000	1	0.00000	0
58	L	0.00000	1	0.00000	0
59	L	0.00000	1	0.00000	0
60	Y	0.00000	1	0.00000	0
61	T	0.00000	1	0.00000	0
62	F	0.00000	1	0.00000	0
63	S	0.00000	1	0.00000	0
64	L	0.00000	1	0.00000	0
65	A	0.00000	1	0.00000	0
66	T	0.00000	1	0.00000	0
67	L	0.00000	1	0.00000	0
68	M	0.00000	1	0.00000	0
69	P	0.00000	1	0.00000	0
70	Y	0.00000	1	0.00000	0
71	T	0.00000	1	0.00000	0
72	R	0.00000	1	0.00000	0
73	L	0.00000	1	0.00000	0
74	T	0.00000	1	0.00000	0
75	Q	0.00000	1	0.00000	0
76	L	0.00000	1	0.00000	0
77	N	0.00000	1	0.00000	0
78	L	0.00000	1	0.00000	0
79	D	0.00000	1	0.00000	0
80	R	0.00000	1	0.00000	0
81	C	0.00000	1	0.00000	0
82	E	0.00000	1	0.00000	0
83	L	0.00000	1	0.00000	0
84	T	0.00000	1	0.00000	0
85	K	0.00000	1	0.00000	0
86	L	0.00000	1	0.00000	0
87	Q	0.00000	1	0.00000	0
88	V	0.00000	1	0.00000	0
89	D	0.00000	1	0.00000	0
90	G	0.00000	1	0.00000	0
91	T	0.00000	1	0.00000	0
92	L	0.00000	1	0.00000	0
93	P	0.00000	1	0.00000	0
94	V	0.00000	1	0.00000	0
95	L	0.00000	1	0.00000	0
96	G	0.00000	1	0.00000	0
97	T	0.00000	1	0.00000	0
98	L	0.00000	1	0.00000	0
99	D	0.00000	1	0.00000	0
100	L	0.00000	1	0.00000	0
101	S	0.00000	1	0.00000	0
102	H	0.00000	1	0.00000	0
103	N	0.00000	1	0.00000	0
104	Q	0.00000	1	0.00000	0
105	L	0.00000	1	0.00000	0
106	Q	0.00000	1	0.00000	0
107	S	0.00000	1	0.00000	0
108	L	0.00000	1	0.00000	0
109	P	0.00000	1	0.00000	0
110	L	0.00000	1	0.00000	0
111	L	0.00000	1	0.00000	0
112	G	0.00000	1	0.00000	0
113	Q	0.00000	1	0.00000	0
114	T	0.00000	1	0.00000	0
115	L	0.00000	1	0.00000	0
116	P	0.00000	1	0.00000	0
117	A	0.00000	1	0.00000	0
118	L	0.00000	1	0.00000	0
119	T	0.00000	1	0.00000	0
120	V	0.00000	1	0.00000	0
121	L	0.00000	1	0.00000	0
122	D	0.00000	1	0.00000	0
123	V	0.00000	1	0.00000	0
124	S	0.00000	1	0.00000	0
125	F	0.00000	1	0.00000	0
126	N	0.00000	1	0.00000	0
127	R	0.00000	1	0.00000	0
128	L	0.00000	1	0.00000	0
129	T	0.00000	1	0.00000	0
130	S	0.00000	1	0.00000	0
131	L	0.00000	1	0.00000	0
132	P	0.00000	1	0.00000	0
133	L	0.00000	1	0.00000	0
134	G	0.00000	1	0.00000	0
135	A	0.00000	1	0.00000	0
136	L	0.00000	1	0.00000	0
137	R	0.00000	1	0.00000	0
138	G	0.00000	1	0.00000	0
139	L	0.00000	1	0.00000	0
140	G	0.00000	1	0.00000	0
141	E	0.00000	1	0.00000	0
142	L	0.00000	1	0.00000	0
143	Q	0.00000	1	0.00000	0
144	E	0.00000	1	0.00000	0
145	L	0.00000	1	0.00000	0
146	Y	0.00000	1	0.00000	0
147	L	0.00000	1	0.00000	0
148	K	0.00000	1	0.00000	0
149	G	0.00000	1	0.00000	0
150	N	0.00000	1	0.00000	0
151	E	0.00000	1	0.00000	0
152	L	0.00000	1	0.00000	0
153	K	0.00000	1	0.00000	0
154	T	0.00000	1	0.00000	0
155	L	0.00000	1	0.00000	0
156	P	0.00000	1	0.00000	0
157	P	0.00000	1	0.00000	0
158	G	0.00000	1	0.00000	0
159	L	0.00000	1	0.00000	0
160	L	0.00000	1	0.00000	0
161	T	0.00000	1	0.00000	0
162	P	0.00000	1	0.00000	0
163	T	0.00000	1	0.00000	0
164	P	0.00000	1	0.00000	0
165	K	0.00000	1	0.00000	0
166	L	0.00000	1	0.00000	0
167	E	0.00000	1	0.00000	0
168	K	0.00000	1	0.00000	0
169	L	0.00000	1	0.00000	0
170	S	0.00000	1	0.00000	0
171	L	0.00000	1	0.00000	0
172	A	0.00000	1	0.00000	0
173	N	0.00000	1	0.00000	0
174	N	0.00000	1	0.00000	0
175	N	0.00000	1	0.00000	0
176	L	0.00000	0.99999	0.00001	0
177	T	0.00000	0.99999	0.00001	0
178	E	0.00000	0.99999	0.00001	0
179	L	0.00000	0.99997	0.00003	0
180	P	0.00000	0.99996	0.00004	0
181	A	0.00000	0.99996	0.00004	0
182	G	0.00000	0.99996	0.00004	0
183	L	0.00000	0.99995	0.00005	0
184	L	0.00000	0.99995	0.00005	0
185	N	0.00000	0.99996	0.00004	0
186	G	0.00000	0.99996	0.00004	0
187	L	0.00000	0.99996	0.00004	0
188	E	0.00000	0.99996	0.00004	0
189	N	0.00000	0.99996	0.00004	0
190	L	0.00000	0.99996	0.00004	0
191	D	0.00000	0.99996	0.00004	0
192	T	0.00000	0.99995	0.00005	0
193	L	0.00000	0.99995	0.00005	0
194	L	0.00000	0.99995	0.00005	0
195	L	0.00000	0.99995	0.00005	0
196	Q	0.00001	0.99995	0.00004	0
197	E	0.00001	0.99995	0.00004	0
198	N	0.00001	0.99992	0.00008	0
199	S	0.00001	0.99889	0.00111	0
200	L	0.00001	0.99326	0.00674	0
201	Y	0.00001	0.98695	0.01304	0
202	T	0.00001	0.98683	0.01317	0
203	I	0.00001	0.98677	0.01322	0
204	P	0.00004	0.98675	0.01321	0
205	K	0.00004	0.98671	0.01324	0
206	G	0.00004	0.9855	0.01446	0
207	F	0.00004	0.90208	0.09788	0
208	F	0.00004	0.88168	0.11828	0
209	G	0.00004	0.87718	0.12279	0
210	S	0.00004	0.83961	0.16036	0
211	H	0.00004	0.63616	0.36381	0
212	L	0.00004	0.46322	0.53674	0
213	L	0.00004	0.36574	0.63422	0
214	P	0.00004	0.35081	0.64915	0
215	F	0.00001	0.01178	0.98821	0
216	A	0.00001	0.00031	0.99968	0
217	F	0.00000	0.00013	0.99986	0
218	L	0.00005	0.00011	0.99984	0
219	H	0.00151	2e-05	0.99847	0
220	G	0.00896	2e-05	0.99102	0
221	N	0.01266	2e-05	0.98732	0
222	P	0.01304	2e-05	0.98695	0
223	W	0.01304	2e-05	0.98694	0
224	L	0.01303	2e-05	0.98696	0
225	C	0.01296	2e-05	0.98702	0
226	N	0.01268	2e-05	0.98730	0
227	C	0.01003	2e-05	0.98994	0
228	E	0.00820	2e-05	0.99178	0
229	I	0.00238	1e-05	0.99761	0
230	L	0.00250	1e-05	0.99749	0
231	Y	0.00377	1e-05	0.99622	0
232	F	0.03869	1e-05	0.96131	0
233	R	0.45950	1e-05	0.54049	0
234	R	0.73388	1e-05	0.26611	0
235	W	0.76299	1e-05	0.23700	0
236	L	0.94259	2e-05	0.05739	0
237	Q	0.98409	3e-05	0.01587	0
238	D	0.98682	4e-05	0.01313	0
239	N	0.98678	4e-05	0.01318	0
240	A	0.98652	4e-05	0.01344	0
241	E	0.98527	4e-05	0.01468	0
242	N	0.92113	4e-05	0.07882	0
243	V	0.62690	4e-05	0.37306	0
244	Y	0.35695	4e-05	0.64300	0
245	V	0.34466	5e-05	0.65529	0
246	W	0.34300	0.00013	0.65687	0
247	K	0.34253	0.00119	0.65627	0
248	Q	0.33447	0.00358	0.66195	0
249	G	0.15339	0.00541	0.84120	0
250	V	0.09726	0.00749	0.89524	0
251	D	0.04693	0.01302	0.94006	0
252	V	0.01620	0.01305	0.97075	0
253	K	0.01516	0.01305	0.97179	0
254	A	0.00106	0.01305	0.98589	0
255	M	0.00000	0.01305	0.98695	0
256	T	0.00000	0.01307	0.98693	0
257	S	0.00000	0.01314	0.98686	0
258	N	0.00000	0.01318	0.98682	0
259	V	0.00000	0.01318	0.98682	0
260	A	0.00000	0.01328	0.98672	0
261	S	0.00000	0.01456	0.98544	0
262	V	0.00000	0.01748	0.98252	0
263	Q	0.00000	0.18428	0.81572	0
264	C	0.00000	0.64593	0.35407	0
265	D	0.00000	0.64775	0.35225	0
266	N	0.00000	0.64803	0.35197	0
267	S	0.00000	0.64816	0.35184	0
268	D	0.00000	0.64818	0.35182	0
269	K	0.00000	0.64818	0.35182	0
270	F	0.00000	0.64823	0.35177	0
271	P	0.00000	0.65001	0.34999	0
272	V	0.00000	0.65856	0.34144	0
273	Y	0.00000	0.76915	0.23085	0
274	K	0.00000	0.99661	0.00339	0
275	Y	0.00000	0.9994	0.00060	0
276	P	0.00000	1	0.00000	0
277	G	0.00000	1	0.00000	0
278	K	0.00000	1	0.00000	0
279	G	0.00000	1	0.00000	0
280	C	0.00000	1	0.00000	0
281	P	0.00000	1	0.00000	0
282	T	0.00000	1	0.00000	0
283	L	0.00000	1	0.00000	0
284	G	0.00000	1	0.00000	0
285	D	0.00000	1	0.00000	0
286	E	0.00000	1	0.00000	0
287	G	0.00000	1	0.00000	0
288	D	0.00000	1	0.00000	0
289	T	0.00000	0.99996	0.00004	0
290	D	0.00000	0.99995	0.00005	0
291	L	0.00000	0.99995	0.00005	0
292	Y	0.00000	0.99995	0.00005	0
293	D	0.00000	0.99995	0.00005	0
294	Y	0.00000	0.99995	0.00005	0
295	Y	0.00000	0.99995	0.00005	0
296	P	0.00000	0.99995	0.00005	0
297	E	0.00000	0.99995	0.00005	0
298	E	0.00000	0.99995	0.00005	0
299	D	0.00000	0.99995	0.00005	0
300	T	0.00000	0.99995	0.00005	0
301	E	0.00000	0.99995	0.00005	0
302	G	0.00000	0.99995	0.00005	0
303	D	0.00000	0.99995	0.00005	0
304	K	0.00000	0.99995	0.00005	0
305	V	0.00000	0.99961	0.00039	0
306	R	0.00000	0.99956	0.00044	0
307	A	0.00000	0.99941	0.00059	0
308	T	0.00005	0.99914	0.00081	0
309	R	0.00005	0.99873	0.00122	0
310	T	0.00005	0.99789	0.00206	0
311	V	0.00005	0.99432	0.00563	0
312	V	0.00005	0.99368	0.00627	0
313	K	0.00005	0.99347	0.00648	0
314	F	0.00005	0.98538	0.01458	0
315	P	0.00005	0.96726	0.03269	0
316	T	0.00005	0.86234	0.13761	0
317	K	0.00005	0.8132	0.18675	0
318	A	0.00005	0.02668	0.97327	0
319	H	0.00005	0.00108	0.99887	0
320	T	0.00005	2e-05	0.99993	0
321	T	0.00005	0	0.99995	0
322	P	0.00005	0	0.99995	0
323	W	0.00002	0	0.99998	0
324	G	0.00001	0	0.99999	0
325	L	0.00000	0	1.00000	0
326	F	0.00000	0	1.00000	0
327	Y	0.00000	0	1.00000	0
328	S	0.00001	0	0.99999	0
329	W	0.00002	0	0.99998	0
330	S	0.00091	0	0.99909	0
331	T	0.00105	0	0.99895	0
332	A	0.00133	0	0.99867	0
333	S	0.00136	0	0.99864	0
334	L	0.00143	0	0.99857	0
335	D	0.00147	0	0.99853	0
336	S	0.00574	0	0.99426	0
337	Q	0.02760	0	0.97240	0
338	M	0.39798	0	0.60201	0
339	P	0.99995	0	0.00005	0
340	S	0.99995	0	0.00005	0
341	S	0.99995	0	0.00005	0
342	L	0.99995	0	0.00005	0
343	H	0.99995	1e-05	0.00004	0
344	P	0.99995	2e-05	0.00003	0
345	T	0.99995	3e-05	0.00002	0
346	Q	0.99995	5e-05	0.00001	0
347	E	0.99988	5e-05	0.00007	0
348	S	0.99961	5e-05	0.00034	0
349	T	0.99950	5e-05	0.00045	0
350	K	0.99939	5e-05	0.00056	0
351	E	0.99771	5e-05	0.00224	0
352	Q	0.99623	5e-05	0.00372	0
353	T	0.98865	5e-05	0.01130	0
354	T	0.28695	5e-05	0.71301	0
355	F	0.02239	5e-05	0.97756	0
356	P	0.01901	5e-05	0.98094	0
357	P	0.01654	5e-05	0.98341	0
358	R	0.01433	5e-05	0.98562	0
359	W	0.00987	5e-05	0.99008	0
360	T	0.00954	5e-05	0.99041	0
361	P	0.00927	5e-05	0.99068	0
362	N	0.00242	5e-05	0.99753	0
363	F	0.00001	5e-05	0.99994	0
364	T	0.00000	5e-05	0.99995	0
365	L	0.00000	5e-05	0.99995	0
366	H	0.00000	5e-05	0.99995	0
367	M	0.00000	6e-05	0.99994	0
368	E	0.00000	0.00036	0.99964	0
369	S	0.00000	0.00039	0.99961	0
370	I	0.00000	0.00045	0.99955	0
371	T	0.00000	0.00175	0.99825	0
372	F	0.00000	0.00228	0.99772	0
373	S	0.00000	0.12465	0.87534	0
374	K	0.00000	0.79683	0.20317	0
375	T	0.00000	0.85958	0.14042	0
376	P	0.00000	0.94955	0.05045	0
377	K	0.00000	0.98441	0.01559	0
378	S	0.00000	0.98502	0.01498	0
379	T	0.00000	0.98684	0.01315	0
380	T	0.00000	0.98896	0.01104	0
381	E	0.00000	0.99262	0.00738	0
382	P	0.00000	0.99471	0.00528	0
383	T	0.00000	0.99662	0.00338	0
384	P	0.00000	0.99909	0.00090	0
385	S	0.00000	0.9998	0.00020	0
386	P	0.00000	0.99998	0.00002	0
387	T	0.00000	0.99999	0.00000	0
388	T	0.00000	1	0.00000	0
389	S	0.00000	1	0.00000	0
390	E	0.00000	1	0.00000	0
391	P	0.00000	1	0.00000	0
392	V	0.00000	1	0.00000	0
393	P	0.00000	1	0.00000	0
394	E	0.00000	1	0.00000	0
395	P	0.00000	1	0.00000	0
396	A	0.00000	1	0.00000	0
397	P	0.00000	1	0.00000	0
398	N	0.00000	1	0.00000	0
399	M	0.00000	1	0.00000	0
400	T	0.00000	1	0.00000	0
401	T	0.00000	1	0.00000	0
402	L	0.00000	1	0.00000	0
403	E	0.00000	1	0.00000	0
404	P	0.00000	1	0.00000	0
405	T	0.00000	1	0.00000	0
406	P	0.00000	1	0.00000	0
407	S	0.00000	1	0.00000	0
408	P	0.00000	1	0.00000	0
409	T	0.00000	1	0.00000	0
410	T	0.00000	1	0.00000	0
411	P	0.00000	1	0.00000	0
412	E	0.00000	1	0.00000	0
413	P	0.00000	1	0.00000	0
414	T	0.00000	1	0.00000	0
415	S	0.00000	1	0.00000	0
416	E	0.00000	1	0.00000	0
417	P	0.00000	1	0.00000	0
418	A	0.00000	1	0.00000	0
419	P	0.00000	1	0.00000	0
420	S	0.00000	1	0.00000	0
421	P	0.00000	1	0.00000	0
422	T	0.00000	1	0.00000	0
423	T	0.00000	1	0.00000	0
424	P	0.00000	1	0.00000	0
425	E	0.00000	1	0.00000	0
426	P	0.00000	1	0.00000	0
427	T	0.00000	1	0.00000	0
428	S	0.00000	1	0.00000	0
429	E	0.00000	1	0.00000	0
430	P	0.00000	1	0.00000	0
431	A	0.00000	1	0.00000	0
432	P	0.00000	1	0.00000	0
433	S	0.00000	1	0.00000	0
434	P	0.00000	1	0.00000	0
435	T	0.00000	1	0.00000	0
436	T	0.00000	1	0.00000	0
437	P	0.00000	1	0.00000	0
438	E	0.00000	1	0.00000	0
439	P	0.00000	1	0.00000	0
440	T	0.00000	0.99999	0.00001	0
441	S	0.00000	0.99998	0.00002	0
442	E	0.00000	0.99992	0.00008	0
443	P	0.00000	0.99982	0.00018	0
444	A	0.00000	0.99946	0.00054	0
445	P	0.00000	0.99792	0.00207	0
446	S	0.00000	0.97368	0.02632	0
447	P	0.00000	0.96526	0.03474	0
448	T	0.00000	0.96399	0.03601	0
449	T	0.00000	0.94142	0.05858	0
450	P	0.00000	0.9412	0.05880	0
451	E	0.00000	0.92878	0.07122	0
452	P	0.00000	0.92377	0.07622	0
453	T	0.00000	0.92115	0.07885	0
454	P	0.00000	0.89901	0.10099	0
455	I	0.00000	0.73632	0.26368	0
456	P	0.00000	0.55627	0.44372	0
457	T	0.00000	0.01336	0.98664	0
458	I	0.00000	0.00063	0.99937	0
459	A	0.00000	0.00044	0.99956	0
460	T	0.00000	0.00042	0.99957	0
461	S	0.00000	0.00039	0.99961	0
462	P	0.00000	0.00026	0.99974	0
463	T	0.00000	0.00022	0.99978	0
464	I	0.00000	0.0001	0.99990	0
465	L	0.00000	0	1.00000	0
466	V	0.00001	0	0.99999	0
467	S	0.00011	0	0.99989	0
468	A	0.00138	0	0.99862	0
469	T	0.00810	0	0.99190	0
470	S	0.01149	0	0.98851	0
471	L	0.01229	0	0.98771	0
472	I	0.01514	0	0.98486	0
473	T	0.05568	0	0.94432	0
474	P	0.07155	0	0.92845	0
475	K	0.07438	0	0.92562	0
476	S	0.07495	0	0.92505	0
477	T	0.07519	0	0.92481	0
478	F	0.07537	0	0.92463	0
479	L	0.08256	0	0.91744	0
480	T	0.90778	0	0.09222	0
481	T	0.94796	0	0.05204	0
482	T	0.98377	0	0.01623	0
483	K	0.99919	0	0.00081	0
484	P	0.99959	0	0.00041	0
485	V	0.99960	0	0.00040	0
486	S	0.99967	0	0.00033	0
487	L	0.99969	0	0.00031	0
488	L	0.99989	0	0.00011	0
489	E	0.99997	0	0.00003	0
490	S	1.00000	0	0.00000	0
491	T	1.00000	0	0.00000	0
492	K	1.00000	0	0.00000	0
493	K	1.00000	0	0.00000	0
494	T	1.00000	0	0.00000	0
495	I	1.00000	0	0.00000	0
496	P	1.00000	0	0.00000	0
497	E	1.00000	0	0.00000	0
498	L	1.00000	0	0.00000	0
499	D	1.00000	0	0.00000	0
500	Q	1.00000	0	0.00000	0
501	P	1.00000	0	0.00000	0
502	P	1.00000	0	0.00000	0
503	K	1.00000	0	0.00000	0
504	L	1.00000	0	0.00000	0
505	R	1.00000	0	0.00000	0
506	G	1.00000	0	0.00000	0
507	V	1.00000	0	0.00000	0
508	L	1.00000	0	0.00000	0
509	Q	1.00000	0	0.00000	0
510	G	1.00000	0	0.00000	0
511	H	1.00000	0	0.00000	0
512	L	1.00000	0	0.00000	0
513	E	1.00000	0	0.00000	0
514	S	1.00000	0	0.00000	0
515	S	1.00000	0	0.00000	0
516	R	1.00000	0	0.00000	0
517	N	1.00000	0	0.00000	0
518	D	1.00000	0	0.00000	0
519	P	1.00000	0	0.00000	0
520	F	1.00000	0	0.00000	0
521	L	1.00000	0	0.00000	0
522	H	1.00000	0	0.00000	0
523	P	1.00000	0	0.00000	0
524	D	1.00000	0	0.00000	0
525	F	0.11250	0	0.88750	0
526	C	0.11211	0	0.88789	0
527	C	0.00817	0	0.99183	0
528	L	0.00754	0	0.99246	0
529	L	0.00436	0	0.99564	0
530	P	0.00429	0	0.99571	0
531	L	0.00419	0	0.99581	0
532	G	0.00006	0	0.99994	0
533	F	0.00004	0	0.99996	0
534	Y	0.00003	0	0.99997	0
535	V	0.00000	0	1.00000	0
536	L	0.00000	0	1.00000	0
537	G	0.00000	0	1.00000	0
538	L	0.00000	0	1.00000	0
539	F	0.00000	0	1.00000	0
540	W	0.00000	0	1.00000	0
541	L	0.00000	0	1.00000	0
542	L	0.00000	0	1.00000	0
543	F	0.00000	0	1.00000	0
544	A	0.00000	0	1.00000	0
545	S	0.00000	3e-05	0.99997	0
546	V	0.00000	8e-05	0.99991	0
547	V	0.00000	0.00041	0.99959	0
548	L	0.00000	0.00158	0.99842	0
549	I	0.00000	0.00653	0.99347	0
550	L	0.00000	0.01649	0.98351	0
551	L	0.00000	0.06385	0.93615	0
552	L	0.00000	0.22699	0.77301	0
553	S	0.00000	0.71658	0.28341	0
554	W	0.00000	0.83176	0.16824	0
555	V	0.00000	0.8819	0.11810	0
556	G	0.00000	0.96171	0.03829	0
557	H	0.00000	0.95768	0.04232	0
558	V	0.00000	0.91037	0.08963	0
559	K	0.00000	0.8848	0.11520	0
560	P	0.00000	0.82654	0.17346	0
561	Q	0.00000	0.80658	0.19341	0
562	A	0.00000	0.80571	0.19429	0
563	L	0.00000	0.80569	0.19430	0
564	D	0.00000	0.80569	0.19430	0
565	S	0.00000	0.80569	0.19430	0
566	G	0.00000	0.80569	0.19430	0
567	Q	0.00000	0.80569	0.19430	0
568	G	0.00000	0.80569	0.19430	0
569	A	0.00000	0.80568	0.19431	0
570	A	0.00000	0.80568	0.19432	0
571	L	0.00001	0.80568	0.19431	0
572	T	0.00005	0.80568	0.19428	0
573	T	0.00029	0.80568	0.19403	0
574	A	0.00092	0.80567	0.19341	0
575	T	0.00357	0.80567	0.19075	0
576	Q	0.02177	0.80567	0.17256	0
577	T	0.02197	0.80553	0.17250	0
578	T	0.02273	0.80532	0.17195	0
579	H	0.02394	0.80522	0.17083	0
580	L	0.05169	0.80286	0.14545	0
581	E	0.19430	0.80286	0.00284	0
582	L	0.19430	0.80286	0.00284	0
583	Q	0.19430	0.80286	0.00284	0
584	R	0.19431	0.80286	0.00284	0
585	G	0.19431	0.80285	0.00284	0
586	R	0.19431	0.80282	0.00287	0
587	Q	0.19431	0.80282	0.00288	0
588	V	0.19431	0.80264	0.00305	0
589	T	0.19431	0.80257	0.00313	0
590	V	0.19431	0.78159	0.02411	0
591	P	0.19431	0.76888	0.03681	0
592	R	0.19432	0.62086	0.18482	0
593	A	0.19432	0.34087	0.46480	0
594	W	0.19432	0.25559	0.55009	0
595	L	0.19432	0.0001	0.80558	0
596	L	0.19432	0	0.80568	0
597	F	0.19432	0	0.80568	0
598	L	0.19437	0	0.80563	0
599	R	0.19714	0	0.80286	0
600	G	0.19714	0	0.80286	0
601	S	0.19714	0	0.80286	0
602	L	0.19714	0	0.80286	0
603	P	0.19714	0	0.80286	0
604	T	0.19714	0	0.80286	0
605	F	0.19714	0	0.80286	0
606	R	0.19718	0	0.80282	0
607	S	0.19718	0	0.80282	0
608	S	0.19718	0	0.80282	0
609	L	0.19718	0	0.80282	0
610	F	0.19718	0	0.80282	0
611	L	0.19719	0	0.80281	0
612	W	0.20129	0	0.79871	0
613	V	0.31318	0	0.68682	0
614	R	1.00000	0	0.00000	0
615	P	1.00000	0	0.00000	0
616	N	1.00000	0	0.00000	0
617	G	1.00000	0	0.00000	0
618	R	1.00000	0	0.00000	0
619	V	1.00000	0	0.00000	0
620	G	1.00000	0	0.00000	0
621	P	1.00000	0	0.00000	0
622	L	1.00000	0	0.00000	0
623	V	1.00000	0	0.00000	0
624	A	1.00000	0	0.00000	0
625	G	1.00000	0	0.00000	0
626	R	1.00000	0	0.00000	0
627	R	1.00000	0	0.00000	0
628	P	1.00000	0	0.00000	0
629	S	1.00000	0	0.00000	0
630	A	1.00000	0	0.00000	0
631	L	1.00000	0	0.00000	0
632	S	1.00000	0	0.00000	0
633	Q	1.00000	0	0.00000	0
634	G	1.00000	0	0.00000	0
635	R	1.00000	0	0.00000	0
636	G	1.00000	0	0.00000	0
637	Q	1.00000	0	0.00000	0
638	D	1.00000	0	0.00000	0
639	L	1.00000	0	0.00000	0
640	L	1.00000	0	0.00000	0
641	S	1.00000	0	0.00000	0
642	T	1.00000	0	0.00000	0
643	V	1.00000	0	0.00000	0
644	S	1.00000	0	0.00000	0
645	I	1.00000	0	0.00000	0
646	R	1.00000	0	0.00000	0
647	Y	1.00000	0	0.00000	0
648	S	1.00000	0	0.00000	0
649	G	1.00000	0	0.00000	0
650	H	1.00000	0	0.00000	0
651	S	1.00000	0	0.00000	0
652	L	1.00000	0	0.00000	0
