# UNNAMED
#pos	aa	i	o	M	S
1	M	0.00000	0.99949	0.00000	0.00051
2	A	0.00000	0.99949	0.00000	0.00051
3	E	0.00000	0.99949	0.00000	0.00051
4	R	0.00000	0.99949	0.00000	0.00051
5	N	0.00000	0.99949	0.00000	0.00051
6	Y	0.00000	0.99949	0.00000	0.00051
7	T	0.00000	0.99949	0.00000	0.00051
8	V	0.00000	0.99949	0.00000	0.00051
9	V	0.00000	0.99949	0.00000	0.00051
10	T	0.00000	0.99949	0.00000	0.00051
11	E	0.00000	0.99949	0.00000	0.00051
12	F	0.00000	0.99949	0.00000	0.00051
13	F	0.00000	0.99949	0.00000	0.00051
14	L	0.00000	0.99949	0.00000	0.00051
15	T	0.00000	0.99949	0.00000	0.00051
16	A	0.00000	0.99949	0.00000	0.00051
17	F	0.00000	0.9995	0.00000	0.0005
18	T	0.00000	0.9995	0.00000	0.0005
19	E	0.00000	1	0.00000	0
20	H	0.00000	0.99996	0.00004	0
21	L	0.00000	0.99983	0.00017	0
22	Q	0.00000	0.9992	0.00080	0
23	W	0.00000	0.99526	0.00474	0
24	R	0.00000	0.99287	0.00713	0
25	V	0.00000	0.9053	0.09470	0
26	P	0.00000	0.81812	0.18188	0
27	L	0.00000	0.25583	0.74417	0
28	F	0.00000	0.03997	0.96003	0
29	L	0.00000	0.0235	0.97650	0
30	I	0.00000	0.01521	0.98479	0
31	F	0.00000	0.00029	0.99971	0
32	L	0.00000	1e-05	0.99999	0
33	S	0.00000	0	1.00000	0
34	F	0.00000	0	1.00000	0
35	Y	0.00000	0	1.00000	0
36	L	0.00000	0	1.00000	0
37	A	0.00000	0	1.00000	0
38	T	0.00000	0	1.00000	0
39	M	0.00000	0	1.00000	0
40	L	0.00000	0	1.00000	0
41	G	0.00000	0	1.00000	0
42	N	0.00000	0	1.00000	0
43	T	0.00000	0	1.00000	0
44	G	0.00000	0	1.00000	0
45	M	0.00000	0	1.00000	0
46	I	0.00000	0	1.00000	0
47	L	0.00003	0	0.99997	0
48	L	0.00161	0	0.99839	0
49	I	0.02202	0	0.97798	0
50	R	0.97171	0	0.02829	0
51	G	0.99503	0	0.00497	0
52	D	0.99996	0	0.00004	0
53	R	1.00000	0	0.00000	0
54	R	1.00000	0	0.00000	0
55	L	1.00000	0	0.00000	0
56	H	1.00000	0	0.00000	0
57	T	1.00000	0	0.00000	0
58	P	1.00000	0	0.00000	0
59	M	0.68531	0	0.31469	0
60	Y	0.63304	0	0.36696	0
61	F	0.07919	0	0.92081	0
62	F	0.00113	0	0.99887	0
63	L	0.00008	0	0.99992	0
64	S	0.00002	0	0.99998	0
65	H	0.00000	0	1.00000	0
66	L	0.00000	0	1.00000	0
67	S	0.00000	0	1.00000	0
68	L	0.00000	0	1.00000	0
69	V	0.00000	0	1.00000	0
70	D	0.00000	0	1.00000	0
71	I	0.00000	0	1.00000	0
72	C	0.00000	0	1.00000	0
73	Y	0.00000	0	1.00000	0
74	S	0.00000	0	1.00000	0
75	S	0.00000	0	1.00000	0
76	A	0.00000	0	1.00000	0
77	I	0.00000	0	1.00000	0
78	I	0.00000	2e-05	0.99998	0
79	P	0.00000	0.00031	0.99969	0
80	Q	0.00000	0.00576	0.99424	0
81	M	0.00000	0.02476	0.97524	0
82	L	0.00000	0.25202	0.74798	0
83	A	0.00000	0.69757	0.30243	0
84	V	0.00000	0.99907	0.00093	0
85	L	0.00000	0.99965	0.00035	0
86	W	0.00000	0.99985	0.00015	0
87	E	0.00000	0.99999	0.00001	0
88	H	0.00000	1	0.00000	0
89	G	0.00000	1	0.00000	0
90	T	0.00000	1	0.00000	0
91	T	0.00000	1	0.00000	0
92	I	0.00000	1	0.00000	0
93	S	0.00000	1	0.00000	0
94	Q	0.00000	1	0.00000	0
95	A	0.00000	0.99998	0.00002	0
96	R	0.00000	0.99967	0.00033	0
97	C	0.00000	0.9978	0.00220	0
98	A	0.00000	0.91473	0.08527	0
99	A	0.00000	0.8015	0.19850	0
100	Q	0.00000	0.5318	0.46820	0
101	F	0.00000	0.14404	0.85596	0
102	F	0.00000	0.02478	0.97522	0
103	L	0.00000	0.00138	0.99862	0
104	F	0.00000	3e-05	0.99997	0
105	T	0.00000	2e-05	0.99998	0
106	F	0.00000	1e-05	0.99999	0
107	F	0.00000	0	1.00000	0
108	A	0.00000	0	1.00000	0
109	S	0.00000	0	1.00000	0
110	I	0.00000	0	1.00000	0
111	D	0.00000	0	1.00000	0
112	C	0.00000	0	1.00000	0
113	Y	0.00000	0	1.00000	0
114	L	0.00000	0	1.00000	0
115	L	0.00000	0	1.00000	0
116	A	0.00000	0	1.00000	0
117	I	0.00000	0	1.00000	0
118	M	0.00000	0	1.00000	0
119	A	0.00000	0	1.00000	0
120	Y	0.00000	0	1.00000	0
121	D	0.00005	0	0.99995	0
122	R	0.01790	0	0.98210	0
123	Y	0.10644	0	0.89356	0
124	T	0.87675	0	0.12325	0
125	A	0.99310	0	0.00690	0
126	V	1.00000	0	0.00000	0
127	C	1.00000	0	0.00000	0
128	Q	1.00000	0	0.00000	0
129	P	1.00000	0	0.00000	0
130	L	1.00000	0	0.00000	0
131	L	1.00000	0	0.00000	0
132	Y	1.00000	0	0.00000	0
133	V	1.00000	0	0.00000	0
134	T	1.00000	0	0.00000	0
135	I	1.00000	0	0.00000	0
136	I	1.00000	0	0.00000	0
137	T	0.99998	0	0.00002	0
138	E	0.99987	0	0.00013	0
139	K	0.99889	0	0.00111	0
140	A	0.98563	0	0.01437	0
141	R	0.96332	0	0.03668	0
142	W	0.38550	0	0.61450	0
143	G	0.26786	0	0.73214	0
144	L	0.06847	0	0.93153	0
145	V	0.00696	0	0.99304	0
146	T	0.00165	0	0.99835	0
147	G	0.00014	0	0.99986	0
148	A	0.00001	0	0.99999	0
149	Y	0.00000	0	1.00000	0
150	V	0.00000	0	1.00000	0
151	A	0.00000	0	1.00000	0
152	G	0.00000	0	1.00000	0
153	F	0.00000	0	1.00000	0
154	F	0.00000	0	1.00000	0
155	S	0.00000	0	1.00000	0
156	A	0.00000	0	1.00000	0
157	F	0.00000	0	1.00000	0
158	V	0.00000	5e-05	0.99995	0
159	R	0.00000	0.00272	0.99728	0
160	T	0.00000	0.00418	0.99582	0
161	V	0.00000	0.01201	0.98799	0
162	T	0.00000	0.10185	0.89815	0
163	A	0.00000	0.22878	0.77122	0
164	F	0.00000	0.72625	0.27375	0
165	T	0.00000	0.81345	0.18655	0
166	L	0.00000	0.85211	0.14789	0
167	S	0.00000	0.96091	0.03909	0
168	F	0.00000	0.98153	0.01847	0
169	C	0.00000	0.99958	0.00042	0
170	G	0.00000	0.99998	0.00002	0
171	N	0.00000	1	0.00000	0
172	N	0.00000	1	0.00000	0
173	E	0.00000	1	0.00000	0
174	I	0.00000	1	0.00000	0
175	N	0.00000	1	0.00000	0
176	F	0.00000	1	0.00000	0
177	I	0.00000	1	0.00000	0
178	F	0.00000	1	0.00000	0
179	C	0.00000	1	0.00000	0
180	D	0.00000	1	0.00000	0
181	L	0.00000	1	0.00000	0
182	P	0.00000	1	0.00000	0
183	P	0.00000	1	0.00000	0
184	L	0.00000	1	0.00000	0
185	L	0.00000	1	0.00000	0
186	K	0.00000	1	0.00000	0
187	L	0.00000	1	0.00000	0
188	S	0.00000	1	0.00000	0
189	C	0.00000	1	0.00000	0
190	G	0.00000	1	0.00000	0
191	D	0.00000	1	0.00000	0
192	S	0.00000	0.99998	0.00002	0
193	Y	0.00000	0.99991	0.00009	0
194	T	0.00000	0.99986	0.00014	0
195	Q	0.00000	0.99962	0.00038	0
196	E	0.00000	0.987	0.01300	0
197	V	0.00000	0.75239	0.24761	0
198	V	0.00000	0.30103	0.69897	0
199	I	0.00000	0.23707	0.76293	0
200	I	0.00000	0.18652	0.81348	0
201	V	0.00000	0.13021	0.86979	0
202	F	0.00000	0.06415	0.93585	0
203	A	0.00000	0.00048	0.99952	0
204	L	0.00000	7e-05	0.99993	0
205	F	0.00000	0	1.00000	0
206	V	0.00000	0	1.00000	0
207	M	0.00000	0	1.00000	0
208	P	0.00000	0	1.00000	0
209	A	0.00000	0	1.00000	0
210	C	0.00000	0	1.00000	0
211	I	0.00000	0	1.00000	0
212	L	0.00000	0	1.00000	0
213	V	0.00000	0	1.00000	0
214	I	0.00000	0	1.00000	0
215	L	0.00000	0	1.00000	0
216	V	0.00000	0	1.00000	0
217	S	0.00001	0	0.99999	0
218	Y	0.00001	0	0.99999	0
219	L	0.00008	0	0.99992	0
220	F	0.00066	0	0.99934	0
221	I	0.00888	0	0.99112	0
222	I	0.04866	0	0.95134	0
223	V	0.44857	0	0.55143	0
224	A	0.62273	0	0.37727	0
225	I	0.68701	0	0.31299	0
226	L	0.82620	0	0.17380	0
227	Q	0.99817	0	0.00183	0
228	I	0.99910	0	0.00090	0
229	H	0.99997	0	0.00003	0
230	S	1.00000	0	0.00000	0
231	A	1.00000	0	0.00000	0
232	G	0.99992	0	0.00008	0
233	G	0.99985	0	0.00015	0
234	R	0.98731	0	0.01269	0
235	A	0.95427	0	0.04573	0
236	K	0.89286	0	0.10714	0
237	T	0.85592	0	0.14408	0
238	F	0.34345	0	0.65655	0
239	S	0.00904	0	0.99096	0
240	T	0.00882	0	0.99118	0
241	C	0.00053	0	0.99947	0
242	A	0.00005	0	0.99995	0
243	S	0.00000	0	1.00000	0
244	H	0.00000	0	1.00000	0
245	L	0.00000	0	1.00000	0
246	T	0.00000	0	1.00000	0
247	A	0.00000	0	1.00000	0
248	V	0.00000	0	1.00000	0
249	A	0.00000	0	1.00000	0
250	L	0.00000	0	1.00000	0
251	F	0.00000	0	1.00000	0
252	F	0.00000	0	1.00000	0
253	G	0.00000	0	1.00000	0
254	T	0.00000	0	1.00000	0
255	L	0.00000	0	1.00000	0
256	I	0.00000	2e-05	0.99998	0
257	F	0.00000	0.00018	0.99982	0
258	M	0.00000	0.00168	0.99832	0
259	Y	0.00000	0.04648	0.95352	0
260	L	0.00000	0.15928	0.84072	0
261	R	0.00000	0.94118	0.05882	0
262	D	0.00000	0.99986	0.00014	0
263	N	0.00000	0.99999	0.00001	0
264	T	0.00000	1	0.00000	0
265	G	0.00000	1	0.00000	0
266	Q	0.00000	1	0.00000	0
267	S	0.00000	1	0.00000	0
268	S	0.00000	0.99998	0.00002	0
269	E	0.00000	0.99942	0.00058	0
270	G	0.00000	0.99355	0.00645	0
271	D	0.00000	0.98395	0.01605	0
272	R	0.00000	0.6507	0.34930	0
273	V	0.00000	0.02694	0.97306	0
274	V	0.00000	0.00014	0.99986	0
275	S	0.00000	0	1.00000	0
276	V	0.00000	0	1.00000	0
277	L	0.00000	0	1.00000	0
278	Y	0.00000	0	1.00000	0
279	T	0.00000	0	1.00000	0
280	V	0.00000	0	1.00000	0
281	V	0.00000	0	1.00000	0
282	T	0.00000	0	1.00000	0
283	P	0.00000	0	1.00000	0
284	M	0.00000	0	1.00000	0
285	L	0.00000	0	1.00000	0
286	N	0.00000	0	1.00000	0
287	P	0.00000	0	1.00000	0
288	L	0.00000	0	1.00000	0
289	I	0.00002	0	0.99998	0
290	Y	0.00014	0	0.99986	0
291	S	0.00276	0	0.99724	0
292	L	0.01721	0	0.98279	0
293	R	1.00000	0	0.00000	0
294	N	1.00000	0	0.00000	0
295	K	1.00000	0	0.00000	0
296	E	1.00000	0	0.00000	0
297	V	1.00000	0	0.00000	0
298	K	1.00000	0	0.00000	0
299	E	1.00000	0	0.00000	0
300	A	1.00000	0	0.00000	0
301	T	1.00000	0	0.00000	0
302	R	1.00000	0	0.00000	0
303	K	1.00000	0	0.00000	0
304	A	1.00000	0	0.00000	0
305	L	1.00000	0	0.00000	0
306	S	1.00000	0	0.00000	0
307	K	1.00000	0	0.00000	0
308	S	1.00000	0	0.00000	0
309	K	1.00000	0	0.00000	0
310	P	1.00000	0	0.00000	0
311	A	1.00000	0	0.00000	0
312	R	1.00000	0	0.00000	0
313	R	1.00000	0	0.00000	0
314	P	1.00000	0	0.00000	0
