# UNNAMED
#pos	aa	i	o	M	S
1	M	0.00000	0.45565	0.00000	0.54435
2	A	0.00000	0.45565	0.00000	0.54435
3	H	0.00000	0.45565	0.00000	0.54435
4	V	0.00000	0.45565	0.00000	0.54435
5	G	0.00000	0.45565	0.00000	0.54435
6	D	0.00000	0.45565	0.00000	0.54435
7	C	0.00000	0.4555	0.00015	0.54435
8	T	0.00000	0.44033	0.01533	0.54434
9	Q	0.00000	0.43856	0.01709	0.54435
10	T	0.00000	0.43083	0.02482	0.54434
11	P	0.00000	0.43004	0.02561	0.54435
12	W	0.00000	0.42998	0.02567	0.54435
13	L	0.00000	0.42998	0.02567	0.54435
14	P	0.00000	0.42998	0.02567	0.54435
15	V	0.00000	0.42998	0.02567	0.54435
16	L	0.00000	0.42998	0.02567	0.54435
17	V	0.00000	0.42998	0.02567	0.54435
18	V	0.00000	0.42998	0.02567	0.54435
19	S	0.00000	0.42998	0.02567	0.54435
20	L	0.00000	0.42998	0.02567	0.54435
21	M	0.00000	0.42998	0.02567	0.54435
22	C	0.00000	0.42998	0.02567	0.54435
23	S	0.00000	0.43299	0.02567	0.54134
24	A	0.00000	0.43301	0.02567	0.54132
25	R	0.00027	0.49569	0.02540	0.47864
26	A	0.00181	0.4957	0.02386	0.47863
27	E	0.01194	0.97157	0.01373	0.00276
28	Y	0.01286	0.97158	0.01281	0.00275
29	S	0.02409	0.97163	0.00158	0.0027
30	N	0.02567	0.97163	0.00000	0.0027
31	C	0.02567	0.97163	0.00000	0.0027
32	G	0.02566	0.97163	0.00001	0.0027
33	E	0.02539	0.97431	0.00028	2e-05
34	N	0.00898	0.97433	0.01669	0
35	E	0.00048	0.97433	0.02519	0
36	Y	0.00000	0.97433	0.02567	0
37	Y	0.00000	0.97433	0.02567	0
38	N	0.00000	0.97433	0.02567	0
39	Q	0.00000	0.97433	0.02567	0
40	T	0.00000	0.97433	0.02567	0
41	T	0.00000	0.97433	0.02567	0
42	G	0.00000	0.97433	0.02567	0
43	L	0.00000	0.97433	0.02567	0
44	C	0.00000	0.97433	0.02567	0
45	Q	0.00000	0.97433	0.02567	0
46	E	0.00000	0.97433	0.02567	0
47	C	0.00000	0.97433	0.02567	0
48	P	0.00000	0.97433	0.02567	0
49	P	0.00000	0.97433	0.02567	0
50	C	0.00000	0.97433	0.02567	0
51	G	0.00000	0.97433	0.02567	0
52	P	0.00000	0.97433	0.02567	0
53	G	0.00000	0.99977	0.00023	0
54	E	0.00000	0.99998	0.00002	0
55	E	0.00000	0.99998	0.00002	0
56	P	0.00000	0.99998	0.00002	0
57	Y	0.00000	1	0.00000	0
58	L	0.00000	1	0.00000	0
59	S	0.00000	1	0.00000	0
60	C	0.00000	1	0.00000	0
61	G	0.00000	1	0.00000	0
62	Y	0.00000	1	0.00000	0
63	G	0.00000	1	0.00000	0
64	T	0.00000	1	0.00000	0
65	K	0.00000	1	0.00000	0
66	D	0.00000	1	0.00000	0
67	E	0.00000	1	0.00000	0
68	D	0.00000	0.99995	0.00005	0
69	Y	0.00000	0.9999	0.00010	0
70	G	0.00000	0.9999	0.00010	0
71	C	0.00000	0.9999	0.00010	0
72	V	0.00000	0.9999	0.00010	0
73	P	0.00000	0.9999	0.00010	0
74	C	0.00000	0.9999	0.00010	0
75	P	0.00000	0.9999	0.00010	0
76	A	0.00000	0.9999	0.00010	0
77	E	0.00000	0.9999	0.00010	0
78	K	0.00000	0.9999	0.00010	0
79	F	0.00000	0.9999	0.00010	0
80	S	0.00000	0.9999	0.00010	0
81	K	0.00000	0.9999	0.00010	0
82	G	0.00000	0.9999	0.00010	0
83	G	0.00000	0.9999	0.00010	0
84	Y	0.00000	0.9999	0.00010	0
85	Q	0.00000	0.9999	0.00010	0
86	I	0.00000	0.9999	0.00010	0
87	C	0.00000	0.9999	0.00010	0
88	R	0.00000	0.99941	0.00059	0
89	R	0.00010	0.99938	0.00052	0
90	H	0.00010	0.99938	0.00052	0
91	K	0.00010	0.99938	0.00052	0
92	D	0.00010	0.99938	0.00052	0
93	C	0.00010	0.99936	0.00055	0
94	E	0.00010	0.99824	0.00166	0
95	G	0.00010	0.94316	0.05674	0
96	F	0.00010	0.83952	0.16038	0
97	F	0.00010	0.8128	0.18710	0
98	R	0.00010	0.80906	0.19084	0
99	A	0.00010	0.62257	0.37733	0
100	T	0.00010	0.12571	0.87419	0
101	V	0.00010	0.00047	0.99943	0
102	L	0.00009	0.00047	0.99944	0
103	T	0.00007	0.00047	0.99946	0
104	P	0.00006	0.00047	0.99947	0
105	G	0.00001	0.00047	0.99952	0
106	D	0.00001	0.00047	0.99952	0
107	M	0.00000	0.00047	0.99953	0
108	E	0.00000	0.00047	0.99953	0
109	N	0.00000	0.00047	0.99953	0
110	D	0.00001	0.00047	0.99952	0
111	A	0.00046	0.00047	0.99907	0
112	E	0.00046	0.00047	0.99907	0
113	C	0.00726	0.00047	0.99227	0
114	G	0.01094	0.00047	0.98859	0
115	P	0.02619	0.00047	0.97334	0
116	C	0.02648	0.00047	0.97306	0
117	L	0.02916	0.0001	0.97074	0
118	P	0.15226	7e-05	0.84767	0
119	G	0.16187	5e-05	0.83808	0
120	Y	0.19151	5e-05	0.80845	0
121	Y	0.38979	5e-05	0.61017	0
122	M	0.73511	5e-05	0.26485	0
123	L	0.84665	5e-05	0.15330	0
124	E	0.99748	0.00011	0.00241	0
125	N	0.99942	0.00014	0.00044	0
126	R	0.99942	0.00014	0.00044	0
127	P	0.99939	0.00014	0.00047	0
128	R	0.97690	0.00014	0.02296	0
129	N	0.03091	0.00014	0.96895	0
130	I	0.00730	0.00014	0.99255	0
131	Y	0.00505	0.00014	0.99481	0
132	G	0.00277	0.00014	0.99709	0
133	M	0.00070	0.00014	0.99915	0
134	V	0.00007	0.00014	0.99978	0
135	C	0.00002	0.00014	0.99983	0
136	Y	0.00027	0.00014	0.99959	0
137	S	0.00031	0.00014	0.99955	0
138	C	0.00034	0.00014	0.99951	0
139	L	0.00037	0.00014	0.99949	0
140	L	0.00040	0.00014	0.99946	0
141	A	0.00043	0.00014	0.99943	0
142	P	0.00043	0.00014	0.99943	0
143	P	0.00043	0.00014	0.99943	0
144	N	0.00021	0.00015	0.99964	0
145	T	0.00014	0.00056	0.99930	0
146	K	0.00006	0.05614	0.94380	0
147	E	0.00001	0.97391	0.02608	0
148	C	0.00000	0.97405	0.02595	0
149	V	0.00000	0.97415	0.02585	0
150	G	0.00000	0.97817	0.02183	0
151	A	0.00000	0.98178	0.01822	0
152	T	0.00000	0.98975	0.01025	0
153	S	0.00000	0.99179	0.00821	0
154	G	0.00000	0.99647	0.00353	0
155	A	0.00000	0.99706	0.00294	0
156	S	0.00000	0.96948	0.03052	0
157	A	0.00000	0.19033	0.80967	0
158	N	0.00000	0.17098	0.82902	0
159	F	0.00000	0.13982	0.86018	0
160	P	0.00000	0.13943	0.86057	0
161	G	0.00000	0.13926	0.86074	0
162	T	0.00000	0.13926	0.86074	0
163	S	0.00000	0.13931	0.86069	0
164	G	0.00000	0.13943	0.86057	0
165	S	0.00000	0.13967	0.86033	0
166	S	0.00000	0.13968	0.86032	0
167	T	0.00000	0.13968	0.86032	0
168	L	0.00000	0.13968	0.86032	0
169	S	0.00000	0.13968	0.86032	0
170	P	0.00001	0.13968	0.86031	0
171	F	0.00001	0.13967	0.86033	0
172	Q	0.00010	0.13966	0.86024	0
173	H	0.00010	0.13966	0.86023	0
174	A	0.00011	0.13966	0.86023	0
175	H	0.00012	0.13966	0.86022	0
176	K	0.61229	0.13966	0.24805	0
177	E	0.78694	0.13966	0.07340	0
178	L	0.85019	0.1255	0.02431	0
179	S	0.85572	0.09131	0.05297	0
180	G	0.85995	0.04442	0.09563	0
181	Q	0.86030	0.03032	0.10939	0
182	G	0.86031	0.02635	0.11333	0
183	H	0.86031	0.02556	0.11412	0
184	L	0.86026	0.02444	0.11530	0
185	A	0.86026	0.02398	0.11576	0
186	T	0.86023	0.02303	0.11674	0
187	A	0.84784	0.01073	0.14143	0
188	L	0.58709	0.0002	0.41272	0
189	I	0.28467	0	0.71533	0
190	I	0.09137	0	0.90863	0
191	A	0.03067	0	0.96933	0
192	M	0.01032	0	0.98968	0
193	S	0.00483	0	0.99517	0
194	T	0.00202	0	0.99798	0
195	I	0.00011	0	0.99989	0
196	F	0.00003	0	0.99997	0
197	I	0.00001	0	0.99999	0
198	M	0.00022	0	0.99978	0
199	A	0.00453	0	0.99547	0
200	I	0.02041	0	0.97959	0
201	A	0.06376	0	0.93624	0
202	I	0.10455	0	0.89545	0
203	V	0.11060	0	0.88940	0
204	L	0.11301	1e-05	0.88699	0
205	I	0.11405	2e-05	0.88593	0
206	I	0.11410	9e-05	0.88581	0
207	M	0.11411	0.00012	0.88577	0
208	F	0.11411	0.00199	0.88390	0
209	Y	0.11417	0.03451	0.85132	0
210	I	0.11476	0.08617	0.79906	0
211	L	0.11923	0.26581	0.61496	0
212	K	0.13852	0.85129	0.01019	0
213	T	0.13903	0.85457	0.00640	0
214	K	0.13874	0.8598	0.00146	0
215	P	0.12669	0.85991	0.01339	0
216	S	0.03735	0.86003	0.10263	0
217	A	0.02559	0.86009	0.11432	0
218	P	0.02557	0.86019	0.11424	0
219	A	0.02557	0.86021	0.11422	0
220	C	0.02557	0.86022	0.11421	0
221	C	0.02557	0.86022	0.11421	0
222	T	0.02557	0.86022	0.11421	0
223	S	0.02557	0.86022	0.11421	0
224	H	0.02557	0.86022	0.11421	0
225	P	0.02557	0.86022	0.11421	0
226	G	0.02557	0.86022	0.11420	0
227	K	0.02567	0.86023	0.11410	0
228	S	0.02567	0.86023	0.11410	0
229	V	0.02567	0.86023	0.11410	0
230	E	0.02567	0.86025	0.11409	0
231	A	0.02567	0.86025	0.11409	0
232	Q	0.02567	0.86027	0.11406	0
233	V	0.02567	0.8603	0.11403	0
234	S	0.02567	0.86281	0.11153	0
235	K	0.02567	0.95761	0.01672	0
236	D	0.02567	0.97412	0.00021	0
237	E	0.02567	0.97432	0.00001	0
238	E	0.02567	0.97433	0.00000	0
239	K	0.02567	0.97433	0.00000	0
240	K	0.02567	0.97433	0.00000	0
241	E	0.02567	0.97433	0.00000	0
242	A	0.02567	0.97433	0.00000	0
243	P	0.02567	0.97433	0.00000	0
244	D	0.02567	0.97433	0.00000	0
245	N	0.02567	0.97433	0.00000	0
246	V	0.02567	0.97423	0.00010	0
247	V	0.02567	0.97421	0.00012	0
248	M	0.02567	0.97421	0.00013	0
249	F	0.02567	0.97421	0.00013	0
250	S	0.02567	0.97421	0.00013	0
251	E	0.02567	0.97421	0.00013	0
252	K	0.02567	0.97421	0.00013	0
253	D	0.02567	0.97421	0.00013	0
254	E	0.02567	0.97421	0.00013	0
255	F	0.02567	0.97421	0.00013	0
256	E	0.02567	0.97421	0.00013	0
257	K	0.02567	0.97421	0.00013	0
258	L	0.02567	0.97421	0.00013	0
259	T	0.02567	0.97421	0.00013	0
260	A	0.02567	0.97421	0.00013	0
261	T	0.02567	0.97421	0.00013	0
262	P	0.02567	0.97421	0.00013	0
263	A	0.02567	0.97421	0.00013	0
264	K	0.02567	0.97421	0.00013	0
265	P	0.02567	0.97421	0.00013	0
266	T	0.02567	0.97421	0.00013	0
267	K	0.02568	0.97421	0.00012	0
268	S	0.02574	0.97421	0.00005	0
269	E	0.02579	0.97421	0.00000	0
270	N	0.02579	0.97421	0.00000	0
271	D	0.02579	0.97421	0.00000	0
272	A	0.02579	0.97421	0.00000	0
273	S	0.02579	0.97421	0.00000	0
274	S	0.02579	0.97421	0.00000	0
275	E	0.02579	0.97421	0.00000	0
276	N	0.02579	0.97421	0.00000	0
277	E	0.02579	0.97421	0.00000	0
278	Q	0.02579	0.9742	0.00000	0
279	L	0.02579	0.9742	0.00000	0
280	L	0.02579	0.97418	0.00002	0
281	S	0.02579	0.97418	0.00002	0
282	R	0.02579	0.97418	0.00003	0
283	S	0.02579	0.97417	0.00004	0
284	V	0.02579	0.97414	0.00007	0
285	D	0.02579	0.97413	0.00007	0
286	S	0.02579	0.97412	0.00009	0
287	D	0.02579	0.97378	0.00042	0
288	E	0.02579	0.497	0.47720	0
289	E	0.02579	0.01479	0.95942	0
290	P	0.02579	0.00518	0.96903	0
291	A	0.02579	0.00021	0.97399	0
292	P	0.02579	0.0002	0.97401	0
293	D	0.02579	0.00019	0.97402	0
294	K	0.02579	0	0.97420	0
295	Q	0.02579	0	0.97420	0
296	G	0.02579	0	0.97420	0
297	S	0.02579	0	0.97420	0
298	P	0.02579	0	0.97420	0
299	E	0.02579	0	0.97420	0
300	L	0.02579	0	0.97420	0
301	C	0.02579	0	0.97421	0
302	L	0.02577	0	0.97422	0
303	L	0.02577	0	0.97422	0
304	S	0.02578	0	0.97422	0
305	L	0.02578	0	0.97422	0
306	V	0.02579	0	0.97421	0
307	H	0.02581	0	0.97419	0
308	L	0.02606	0	0.97394	0
309	A	0.05498	0	0.94502	0
310	R	0.79626	0	0.20374	0
311	E	0.98755	0	0.01245	0
312	K	0.99971	0	0.00029	0
313	S	0.99976	0	0.00024	0
314	A	0.99979	0	0.00021	0
315	T	0.99997	0	0.00003	0
316	S	0.99998	0	0.00002	0
317	N	0.99998	0	0.00002	0
318	K	0.99998	0	0.00002	0
319	S	0.99998	0	0.00002	0
320	A	0.99998	0	0.00002	0
321	G	0.99998	0	0.00002	0
322	I	0.99997	0	0.00002	0
323	Q	0.99996	2e-05	0.00003	0
324	S	0.99981	2e-05	0.00017	0
325	R	0.99962	2e-05	0.00036	0
326	R	0.00095	2e-05	0.99903	0
327	K	0.00095	2e-05	0.99903	0
328	K	0.00092	2e-05	0.99905	0
329	I	0.00088	2e-05	0.99910	0
330	L	0.00088	2e-05	0.99910	0
331	D	0.00088	2e-05	0.99910	0
332	V	0.00012	0	0.99988	0
333	Y	0.00010	0	0.99990	0
334	A	0.00010	0	0.99990	0
335	N	0.00010	0	0.99990	0
336	V	0.00010	0	0.99990	0
337	C	0.00010	0	0.99990	0
338	G	0.00010	0	0.99990	0
339	V	0.00010	0	0.99990	0
340	V	0.00010	0	0.99990	0
341	E	0.00010	0	0.99990	0
342	G	0.00010	0	0.99990	0
343	L	0.00010	0	0.99990	0
344	S	0.00010	0.00026	0.99964	0
345	P	0.00010	0.01089	0.98902	0
346	T	0.00010	0.06339	0.93651	0
347	E	0.00010	0.16256	0.83734	0
348	L	0.00010	0.17997	0.81993	0
349	P	0.00010	0.3037	0.69620	0
350	F	0.00010	0.3694	0.63050	0
351	D	0.00010	0.99818	0.00172	0
352	C	0.00010	0.99943	0.00047	0
353	L	0.00010	0.9995	0.00040	0
354	E	0.00012	0.99975	0.00012	0
355	K	0.00012	0.99977	0.00011	0
356	T	0.00012	0.99977	0.00011	0
357	S	0.00012	0.99977	0.00011	0
358	R	0.00012	0.99977	0.00011	0
359	M	0.00012	0.99977	0.00011	0
360	L	0.00012	0.99977	0.00011	0
361	S	0.00012	0.99977	0.00011	0
362	S	0.00012	0.99977	0.00011	0
363	T	0.00012	0.99973	0.00015	0
364	Y	0.00012	0.99973	0.00015	0
365	N	0.00012	0.99973	0.00015	0
366	S	0.00012	0.99973	0.00014	0
367	E	0.00022	0.99973	0.00005	0
368	K	0.00022	0.99973	0.00005	0
369	A	0.00022	0.99973	0.00005	0
370	V	0.00022	0.9997	0.00008	0
371	V	0.00022	0.99889	0.00089	0
372	K	0.00022	0.99878	0.00099	0
373	T	0.00022	0.99835	0.00142	0
374	W	0.00022	0.99824	0.00153	0
375	R	0.00023	0.99812	0.00165	0
376	H	0.00023	0.99809	0.00169	0
377	L	0.00023	0.99801	0.00177	0
378	A	0.00023	0.998	0.00177	0
379	E	0.00023	0.99801	0.00177	0
380	S	0.00023	0.99799	0.00178	0
381	F	0.00023	0.99739	0.00239	0
382	G	0.00023	0.99734	0.00243	0
383	L	0.00023	0.98847	0.01130	0
384	K	0.00026	0.98446	0.01529	0
385	R	0.00026	0.98014	0.01960	0
386	D	0.00027	0.97798	0.02175	0
387	E	0.00027	0.79515	0.20458	0
388	I	0.00027	0.16795	0.83178	0
389	G	0.00027	0.11115	0.88858	0
390	G	0.00027	0.08877	0.91097	0
391	M	0.00027	0.00061	0.99912	0
392	T	0.00027	0.00042	0.99931	0
393	D	0.00151	0.00042	0.99807	0
394	G	0.00163	0.00041	0.99796	0
395	M	0.00170	0.00041	0.99789	0
396	Q	0.00183	0.00039	0.99778	0
397	L	0.00184	0.00038	0.99779	0
398	F	0.00186	0.00038	0.99777	0
399	D	0.00202	0.00038	0.99761	0
400	R	0.00245	0.00038	0.99717	0
401	I	0.00245	0.00038	0.99717	0
402	S	0.00245	0.00038	0.99717	0
403	T	0.00245	0.00038	0.99717	0
404	A	0.00245	0.00038	0.99717	0
405	G	0.00245	0.00038	0.99717	0
406	Y	0.00594	0.00038	0.99368	0
407	S	0.01805	0.00038	0.98158	0
408	I	0.04536	0.00038	0.95427	0
409	P	0.24055	0.00038	0.75908	0
410	E	0.99953	0.00037	0.00010	0
411	L	0.99953	0.00037	0.00010	0
412	L	0.99953	0.00037	0.00010	0
413	T	0.99953	0.00037	0.00010	0
414	K	0.99955	0.00037	0.00008	0
415	L	0.99955	0.00036	0.00009	0
416	V	0.99955	0.00024	0.00021	0
417	Q	0.99957	0.00018	0.00025	0
418	I	0.99957	0.00011	0.00031	0
419	E	0.99958	0.00014	0.00028	0
420	R	0.99958	0.00014	0.00028	0
421	L	0.99958	3e-05	0.00039	0
422	D	0.99958	3e-05	0.00039	0
423	A	0.99958	1e-05	0.00041	0
424	V	0.99958	1e-05	0.00041	0
425	E	0.99958	1e-05	0.00041	0
426	S	0.99958	1e-05	0.00041	0
427	L	0.99958	0	0.00042	0
428	C	0.99958	0	0.00042	0
429	A	0.99958	0	0.00042	0
430	D	0.99958	0	0.00042	0
431	I	0.99958	0	0.00042	0
432	L	0.99958	0	0.00042	0
433	E	0.99959	0	0.00041	0
434	W	0.99959	0	0.00041	0
435	A	0.99959	0	0.00041	0
436	G	0.99959	0	0.00041	0
437	V	0.99959	0	0.00041	0
438	V	0.99959	0	0.00041	0
439	P	0.99984	0	0.00016	0
440	P	0.99985	0	0.00015	0
441	A	0.99989	0	0.00011	0
442	S	0.99995	0	0.00005	0
443	Q	0.99998	0	0.00002	0
444	P	0.99998	0	0.00002	0
445	H	0.99998	0	0.00002	0
446	A	0.99998	0	0.00002	0
447	A	0.99999	0	0.00001	0
448	S	1.00000	0	0.00000	0
