# UNNAMED
#pos	aa	i	o	M	S
1	M	0.00000	1	0.00000	0
2	T	0.00000	1	0.00000	0
3	D	0.00000	1	0.00000	0
4	S	0.00000	0.00797	0.99203	0
5	V	0.00000	2e-05	0.99998	0
6	I	0.00000	0	1.00000	0
7	Y	0.00000	0	1.00000	0
8	S	0.00000	0	1.00000	0
9	M	0.00000	0	1.00000	0
10	L	0.00000	0	1.00000	0
11	E	0.00000	0	1.00000	0
12	L	0.00000	0	1.00000	0
13	P	0.00000	0	1.00000	0
14	T	0.00000	0	1.00000	0
15	A	0.00000	0	1.00000	0
16	T	0.00000	0	1.00000	0
17	Q	0.00000	0	1.00000	0
18	A	0.00000	0	1.00000	0
19	Q	0.00000	0	1.00000	0
20	N	0.00000	0	1.00000	0
21	D	0.92041	0	0.07959	0
22	Y	0.97736	0	0.02264	0
23	G	0.99935	0	0.00065	0
24	P	1.00000	0	0.00000	0
25	Q	0.16531	0	0.83469	0
26	Q	0.02530	0	0.97470	0
27	K	0.00233	0	0.99767	0
28	S	0.00000	0	1.00000	0
29	S	0.00000	0	1.00000	0
30	S	0.00000	0	1.00000	0
31	S	0.00000	0	1.00000	0
32	R	0.00000	0	1.00000	0
33	P	0.00000	0	1.00000	0
34	S	0.00000	0	1.00000	0
35	C	0.00000	0	1.00000	0
36	S	0.00000	0	1.00000	0
37	C	0.00000	0	1.00000	0
38	L	0.00000	0	1.00000	0
39	V	0.00000	0	1.00000	0
40	A	0.00000	0	1.00000	0
41	I	0.00000	0	1.00000	0
42	A	0.00000	5e-05	0.99995	0
43	L	0.00000	0.91921	0.08079	0
44	G	0.00000	0.99012	0.00988	0
45	L	0.00000	0.99994	0.00006	0
46	L	0.00000	1	0.00000	0
47	T	0.00000	1	0.00000	0
48	A	0.00000	1	0.00000	0
49	V	0.00000	1	0.00000	0
50	L	0.00000	1	0.00000	0
51	L	0.00000	1	0.00000	0
52	S	0.00000	0.99997	0.00003	0
53	V	0.00000	0.08182	0.91818	0
54	L	0.00000	0.01054	0.98946	0
55	L	0.00000	6e-05	0.99994	0
56	Y	0.00000	0	1.00000	0
57	Q	0.00000	0	1.00000	0
58	W	0.00000	0	1.00000	0
59	I	0.00000	0	1.00000	0
60	L	0.00000	0	1.00000	0
61	C	0.00000	0	1.00000	0
62	Q	0.00000	0	1.00000	0
63	G	0.00000	0	1.00000	0
64	S	0.00000	0	1.00000	0
65	N	0.00000	0	1.00000	0
66	Y	0.00000	0	1.00000	0
67	S	0.00000	0	1.00000	0
68	T	0.00000	0	1.00000	0
69	C	0.00000	0	1.00000	0
70	A	0.00006	0	0.99994	0
71	S	0.64073	0	0.35927	0
72	C	0.90924	0	0.09076	0
73	P	1.00000	0	0.00000	0
74	S	1.00000	0	0.00000	0
75	C	1.00000	0	0.00000	0
76	P	1.00000	0	0.00000	0
77	D	1.00000	0	0.00000	0
78	R	1.00000	0	0.00000	0
79	W	1.00000	0	0.00000	0
80	M	1.00000	0	0.00000	0
81	K	1.00000	0	0.00000	0
82	Y	0.98326	0	0.01674	0
83	G	0.96373	0	0.03627	0
84	N	0.86866	0	0.13134	0
85	H	0.24518	0	0.75482	0
86	C	0.00023	0	0.99977	0
87	Y	0.00000	0	1.00000	0
88	Y	0.00000	0	1.00000	0
89	F	0.00000	0	1.00000	0
90	S	0.00000	0	1.00000	0
91	V	0.00000	0	1.00000	0
92	E	0.00000	0	1.00000	0
93	E	0.00000	0	1.00000	0
94	K	0.00000	0	1.00000	0
95	D	0.00000	0	1.00000	0
96	W	0.00000	0	1.00000	0
97	N	0.00000	0	1.00000	0
98	S	0.00000	0	1.00000	0
99	S	0.00000	0	1.00000	0
100	L	0.00000	3e-05	0.99997	0
101	E	0.00000	0.01988	0.98012	0
102	F	0.00000	0.0206	0.97940	0
103	C	0.00000	0.04585	0.95415	0
104	L	0.00000	0.06605	0.93395	0
105	A	0.00000	0.37192	0.62808	0
106	R	0.00000	0.99636	0.00364	0
107	D	0.00000	1	0.00000	0
108	S	0.00000	1	0.00000	0
109	H	0.00000	1	0.00000	0
110	L	0.00000	1	0.00000	0
111	L	0.00000	1	0.00000	0
112	V	0.00000	1	0.00000	0
113	I	0.00000	0.98117	0.01883	0
114	T	0.00000	0.98086	0.01914	0
115	D	0.00000	0.97584	0.02416	0
116	N	0.00000	0.96258	0.03742	0
117	Q	0.00000	0.91752	0.08248	0
118	E	0.00000	0.3491	0.65090	0
119	M	0.00000	0.00013	0.99987	0
120	S	0.00000	0	1.00000	0
121	L	0.00000	0	1.00000	0
122	L	0.00000	0	1.00000	0
123	Q	0.00000	0	1.00000	0
124	V	0.00000	0	1.00000	0
125	F	0.00000	0	1.00000	0
126	L	0.00000	0	1.00000	0
127	S	0.00000	0	1.00000	0
128	E	0.00000	0	1.00000	0
129	A	0.00000	0	1.00000	0
130	F	0.00000	0	1.00000	0
131	C	0.00000	0	1.00000	0
132	W	0.00000	0	1.00000	0
133	I	0.00001	0	0.99999	0
134	G	0.00086	0	0.99914	0
135	L	0.00308	0	0.99692	0
136	R	0.03855	0	0.96145	0
137	N	0.23912	0	0.76088	0
138	N	0.76134	0	0.23866	0
139	S	0.99144	0	0.00856	0
140	G	1.00000	0	0.00000	0
141	W	1.00000	0	0.00000	0
142	R	1.00000	0	0.00000	0
143	W	1.00000	0	0.00000	0
144	E	1.00000	0	0.00000	0
145	D	0.99999	0	0.00001	0
146	G	0.82603	0	0.17397	0
147	S	0.32903	0	0.67097	0
148	P	0.01222	0	0.98778	0
149	L	0.00000	0	1.00000	0
150	N	0.00000	0	1.00000	0
151	F	0.00000	0	1.00000	0
152	S	0.00000	0	1.00000	0
153	R	0.00000	0	1.00000	0
154	I	0.00000	0	1.00000	0
155	S	0.00000	0	1.00000	0
156	S	0.00000	0	1.00000	0
157	N	0.00000	0	1.00000	0
158	S	0.00000	0	1.00000	0
159	F	0.00000	0	1.00000	0
160	V	0.00000	0	1.00000	0
161	Q	0.00000	0	1.00000	0
162	T	0.00000	0	1.00000	0
163	C	0.00000	0.02012	0.97988	0
164	G	0.00000	0.18157	0.81843	0
165	A	0.00000	0.65327	0.34673	0
166	I	0.00000	0.82106	0.17894	0
167	N	0.00000	0.32728	0.67272	0
168	K	0.00000	1e-05	0.99999	0
169	N	0.00000	0	1.00000	0
170	G	0.00000	0	1.00000	0
171	L	0.00000	0	1.00000	0
172	Q	0.00000	0	1.00000	0
173	A	0.00000	0	1.00000	0
174	S	0.00000	0	1.00000	0
175	S	0.00000	0	1.00000	0
176	C	0.00000	0	1.00000	0
177	E	0.00000	0	1.00000	0
178	V	0.00000	0	1.00000	0
179	P	0.00000	0	1.00000	0
180	L	0.00000	0	1.00000	0
181	H	0.00000	0	1.00000	0
182	W	0.00000	0	1.00000	0
183	V	0.00001	0	0.99999	0
184	C	0.00167	0	0.99833	0
185	K	0.99997	0	0.00003	0
186	K	1.00000	0	0.00000	0
187	V	1.00000	0	0.00000	0
188	R	1.00000	0	0.00000	0
189	L	1.00000	0	0.00000	0
