# UNNAMED
#pos	aa	i	o	M	S
1	M	0.00000	0.99999	0.00000	1e-05
2	G	0.00000	0.99999	0.00000	1e-05
3	Q	0.00000	0.99999	0.00000	1e-05
4	T	0.00000	0.99999	0.00000	1e-05
5	N	0.00000	0.99999	0.00000	1e-05
6	V	0.00000	0.99999	0.00000	1e-05
7	T	0.00000	0.99999	0.00000	1e-05
8	S	0.00000	0.99999	0.00000	1e-05
9	W	0.00000	0.99999	0.00000	1e-05
10	R	0.00000	0.99999	0.00000	1e-05
11	D	0.00000	0.99999	0.00000	1e-05
12	F	0.00000	0.99999	0.00000	1e-05
13	V	0.00000	0.99996	0.00003	1e-05
14	F	0.00000	0.99995	0.00004	1e-05
15	L	0.00000	0.99994	0.00005	1e-05
16	G	0.00000	0.99994	0.00005	1e-05
17	F	0.00000	0.99993	0.00006	1e-05
18	S	0.00000	0.99993	0.00006	1e-05
19	S	0.00000	0.99993	0.00007	1e-05
20	S	0.00000	0.99983	0.00016	1e-05
21	G	0.00000	0.99939	0.00060	1e-05
22	E	0.00000	0.99833	0.00167	1e-05
23	L	0.00000	0.96212	0.03787	1e-05
24	Q	0.00000	0.90059	0.09942	0
25	L	0.00000	0.52394	0.47605	0
26	L	0.00000	0.32817	0.67183	0
27	L	0.00000	0.10239	0.89761	0
28	F	0.00000	0.02037	0.97963	0
29	A	0.00000	0.01438	0.98562	0
30	L	0.00000	0.01282	0.98718	0
31	F	0.00000	0.00038	0.99962	0
32	L	0.00000	4e-05	0.99996	0
33	S	0.00000	1e-05	0.99999	0
34	L	0.00000	0	1.00000	0
35	Y	0.00000	0	1.00000	0
36	L	0.00000	0	1.00000	0
37	V	0.00000	0	1.00000	0
38	T	0.00000	0	1.00000	0
39	L	0.00000	0	1.00000	0
40	T	0.00000	0	1.00000	0
41	S	0.00000	0	1.00000	0
42	N	0.00000	0	1.00000	0
43	V	0.00000	0	1.00000	0
44	F	0.00000	0	1.00000	0
45	I	0.00000	0	1.00000	0
46	I	0.00002	0	0.99998	0
47	I	0.00131	0	0.99869	0
48	A	0.09783	0	0.90217	0
49	I	0.24428	0	0.75572	0
50	R	0.97499	0	0.02501	0
51	L	0.98755	0	0.01245	0
52	D	0.99996	0	0.00004	0
53	S	1.00000	0	0.00000	0
54	H	1.00000	0	0.00000	0
55	L	1.00000	0	0.00000	0
56	H	1.00000	0	0.00000	0
57	T	1.00000	0	0.00000	0
58	P	1.00000	0	0.00000	0
59	M	0.15174	0	0.84826	0
60	Y	0.05475	0	0.94525	0
61	L	0.00723	0	0.99277	0
62	F	0.00008	0	0.99992	0
63	L	0.00000	0	1.00000	0
64	S	0.00000	0	1.00000	0
65	F	0.00000	0	1.00000	0
66	L	0.00000	0	1.00000	0
67	S	0.00000	0	1.00000	0
68	F	0.00000	0	1.00000	0
69	S	0.00000	0	1.00000	0
70	E	0.00000	0	1.00000	0
71	T	0.00000	0	1.00000	0
72	C	0.00000	0	1.00000	0
73	Y	0.00000	0	1.00000	0
74	T	0.00000	0	1.00000	0
75	L	0.00000	0	1.00000	0
76	G	0.00000	0	1.00000	0
77	I	0.00000	0	1.00000	0
78	I	0.00000	0.00471	0.99529	0
79	P	0.00000	0.05873	0.94127	0
80	R	0.00000	0.32627	0.67373	0
81	M	0.00000	0.42679	0.57321	0
82	L	0.00000	0.64431	0.35569	0
83	S	0.00000	0.97163	0.02837	0
84	G	0.00000	0.99995	0.00005	0
85	L	0.00000	0.99997	0.00003	0
86	A	0.00000	0.99999	0.00001	0
87	G	0.00000	0.99999	0.00001	0
88	G	0.00000	1	0.00000	0
89	D	0.00000	1	0.00000	0
90	Q	0.00000	1	0.00000	0
91	A	0.00000	0.99999	0.00001	0
92	I	0.00000	0.99994	0.00006	0
93	S	0.00000	0.99993	0.00007	0
94	Y	0.00000	0.99986	0.00014	0
95	V	0.00000	0.99972	0.00028	0
96	G	0.00000	0.99864	0.00136	0
97	C	0.00000	0.99551	0.00449	0
98	A	0.00000	0.85919	0.14081	0
99	A	0.00000	0.44418	0.55582	0
100	Q	0.00000	0.31405	0.68595	0
101	M	0.00000	0.0172	0.98280	0
102	F	0.00000	0.00051	0.99949	0
103	F	0.00000	2e-05	0.99998	0
104	S	0.00000	0	1.00000	0
105	A	0.00000	0	1.00000	0
106	S	0.00000	0	1.00000	0
107	W	0.00000	0	1.00000	0
108	A	0.00000	0	1.00000	0
109	C	0.00000	0	1.00000	0
110	T	0.00000	0	1.00000	0
111	N	0.00000	0	1.00000	0
112	C	0.00000	0	1.00000	0
113	F	0.00000	0	1.00000	0
114	L	0.00000	0	1.00000	0
115	L	0.00000	0	1.00000	0
116	A	0.00000	0	1.00000	0
117	A	0.00000	0	1.00000	0
118	M	0.00000	0	1.00000	0
119	G	0.00000	0	1.00000	0
120	F	0.00000	0	1.00000	0
121	D	0.00002	0	0.99998	0
122	R	0.00516	0	0.99484	0
123	Y	0.04527	0	0.95473	0
124	V	0.86120	0	0.13880	0
125	A	0.98585	0	0.01415	0
126	I	1.00000	0	0.00000	0
127	C	1.00000	0	0.00000	0
128	A	1.00000	0	0.00000	0
129	P	1.00000	0	0.00000	0
130	L	1.00000	0	0.00000	0
131	H	1.00000	0	0.00000	0
132	Y	1.00000	0	0.00000	0
133	A	1.00000	0	0.00000	0
134	S	1.00000	0	0.00000	0
135	H	1.00000	0	0.00000	0
136	M	1.00000	0	0.00000	0
137	N	0.99997	0	0.00003	0
138	P	0.99953	0	0.00047	0
139	T	0.97348	0	0.02652	0
140	L	0.52181	0	0.47819	0
141	C	0.06865	0	0.93135	0
142	A	0.05997	0	0.94003	0
143	Q	0.05556	0	0.94444	0
144	L	0.00642	0	0.99358	0
145	V	0.00166	0	0.99834	0
146	I	0.00084	0	0.99916	0
147	T	0.00024	0	0.99976	0
148	S	0.00011	0	0.99989	0
149	F	0.00000	0	1.00000	0
150	L	0.00000	0	1.00000	0
151	T	0.00000	0	1.00000	0
152	G	0.00000	0	1.00000	0
153	Y	0.00000	0	1.00000	0
154	L	0.00000	0	1.00000	0
155	F	0.00000	0	1.00000	0
156	G	0.00000	0	1.00000	0
157	L	0.00000	0	1.00000	0
158	G	0.00000	0.0002	0.99980	0
159	M	0.00000	0.0004	0.99960	0
160	T	0.00000	0.00651	0.99349	0
161	L	0.00000	0.01393	0.98607	0
162	V	0.00000	0.0956	0.90440	0
163	I	0.00000	0.22381	0.77619	0
164	F	0.00000	0.61019	0.38981	0
165	H	0.00000	0.9295	0.07050	0
166	L	0.00000	0.95824	0.04176	0
167	S	0.00000	0.98975	0.01025	0
168	F	0.00000	0.99426	0.00574	0
169	C	0.00000	0.99985	0.00015	0
170	S	0.00000	1	0.00000	0
171	S	0.00000	1	0.00000	0
172	H	0.00000	1	0.00000	0
173	E	0.00000	1	0.00000	0
174	I	0.00000	1	0.00000	0
175	Q	0.00000	1	0.00000	0
176	H	0.00000	1	0.00000	0
177	F	0.00000	1	0.00000	0
178	F	0.00000	1	0.00000	0
179	C	0.00000	1	0.00000	0
180	D	0.00000	1	0.00000	0
181	T	0.00000	1	0.00000	0
182	P	0.00000	1	0.00000	0
183	P	0.00000	1	0.00000	0
184	V	0.00000	1	0.00000	0
185	L	0.00000	1	0.00000	0
186	S	0.00000	1	0.00000	0
187	L	0.00000	1	0.00000	0
188	A	0.00000	1	0.00000	0
189	C	0.00000	1	0.00000	0
190	G	0.00000	1	0.00000	0
191	D	0.00000	1	0.00000	0
192	T	0.00000	1	0.00000	0
193	G	0.00000	0.9997	0.00030	0
194	P	0.00000	0.99966	0.00034	0
195	S	0.00000	0.99921	0.00079	0
196	E	0.00000	0.99743	0.00257	0
197	L	0.00000	0.94029	0.05971	0
198	R	0.00000	0.32443	0.67557	0
199	I	0.00000	0.08428	0.91572	0
200	F	0.00000	0.03627	0.96373	0
201	I	0.00000	0.00168	0.99832	0
202	L	0.00000	0.00097	0.99903	0
203	S	0.00000	0.00087	0.99913	0
204	L	0.00000	0.00021	0.99979	0
205	L	0.00000	0	1.00000	0
206	V	0.00000	0	1.00000	0
207	L	0.00000	0	1.00000	0
208	L	0.00000	0	1.00000	0
209	V	0.00000	0	1.00000	0
210	S	0.00000	0	1.00000	0
211	F	0.00000	0	1.00000	0
212	F	0.00000	0	1.00000	0
213	F	0.00000	0	1.00000	0
214	I	0.00000	0	1.00000	0
215	T	0.00000	0	1.00000	0
216	I	0.00001	0	0.99999	0
217	S	0.00005	0	0.99995	0
218	Y	0.00006	0	0.99994	0
219	A	0.00021	0	0.99979	0
220	Y	0.00063	0	0.99937	0
221	I	0.01264	0	0.98736	0
222	L	0.08729	0	0.91271	0
223	A	0.84125	0	0.15875	0
224	A	0.93223	0	0.06777	0
225	I	0.97026	0	0.02974	0
226	L	0.98520	0	0.01480	0
227	R	0.99962	0	0.00038	0
228	I	0.99981	0	0.00019	0
229	P	1.00000	0	0.00000	0
230	S	1.00000	0	0.00000	0
231	A	1.00000	0	0.00000	0
232	E	1.00000	0	0.00000	0
233	G	0.99998	0	0.00002	0
234	Q	0.99692	0	0.00308	0
235	K	0.97244	0	0.02756	0
236	K	0.83386	0	0.16614	0
237	A	0.75843	0	0.24157	0
238	F	0.29415	0	0.70585	0
239	S	0.01237	0	0.98763	0
240	T	0.01219	0	0.98781	0
241	C	0.00519	0	0.99481	0
242	A	0.00421	0	0.99579	0
243	S	0.00412	0	0.99588	0
244	H	0.00412	0	0.99588	0
245	L	0.00397	0	0.99603	0
246	T	0.00012	0	0.99988	0
247	V	0.00000	0	1.00000	0
248	V	0.00000	0	1.00000	0
249	I	0.00000	0	1.00000	0
250	I	0.00000	0	1.00000	0
251	H	0.00000	0	1.00000	0
252	Y	0.00000	0	1.00000	0
253	G	0.00000	1e-05	0.99999	0
254	C	0.00000	0.0001	0.99990	0
255	A	0.00000	0.00019	0.99981	0
256	S	0.00000	0.00158	0.99842	0
257	F	0.00000	0.00176	0.99824	0
258	V	0.00000	0.00243	0.99757	0
259	Y	0.00000	0.01078	0.98922	0
260	L	0.00000	0.1761	0.82390	0
261	R	0.00000	0.91209	0.08791	0
262	P	0.00000	0.97721	0.02279	0
263	K	0.00000	0.99549	0.00451	0
264	A	0.00000	0.99573	0.00427	0
265	S	0.00000	0.99609	0.00391	0
266	Y	0.00000	0.99729	0.00271	0
267	S	0.00000	0.99742	0.00258	0
268	L	0.00000	0.99657	0.00343	0
269	E	0.00000	0.99765	0.00235	0
270	R	0.00000	0.99337	0.00663	0
271	D	0.00000	0.98373	0.01627	0
272	Q	0.00000	0.55663	0.44337	0
273	L	0.00000	0.01804	0.98196	0
274	I	0.00000	0.00011	0.99989	0
275	A	0.00000	0	1.00000	0
276	M	0.00000	0	1.00000	0
277	T	0.00000	0	1.00000	0
278	Y	0.00000	0	1.00000	0
279	T	0.00000	0	1.00000	0
280	V	0.00000	0	1.00000	0
281	V	0.00000	0	1.00000	0
282	T	0.00000	0	1.00000	0
283	P	0.00000	0	1.00000	0
284	L	0.00000	0	1.00000	0
285	L	0.00000	0	1.00000	0
286	N	0.00000	0	1.00000	0
287	P	0.00000	0	1.00000	0
288	I	0.00001	0	0.99999	0
289	V	0.00007	0	0.99993	0
290	Y	0.00022	0	0.99978	0
291	S	0.00355	0	0.99645	0
292	L	0.08750	0	0.91250	0
293	R	1.00000	0	0.00000	0
294	N	1.00000	0	0.00000	0
295	R	1.00000	0	0.00000	0
296	A	1.00000	0	0.00000	0
297	I	1.00000	0	0.00000	0
298	Q	1.00000	0	0.00000	0
299	T	1.00000	0	0.00000	0
300	A	1.00000	0	0.00000	0
301	L	1.00000	0	0.00000	0
302	R	1.00000	0	0.00000	0
303	N	1.00000	0	0.00000	0
304	A	1.00000	0	0.00000	0
305	F	1.00000	0	0.00000	0
306	R	1.00000	0	0.00000	0
307	G	1.00000	0	0.00000	0
308	R	1.00000	0	0.00000	0
309	L	1.00000	0	0.00000	0
310	L	1.00000	0	0.00000	0
311	G	1.00000	0	0.00000	0
312	K	1.00000	0	0.00000	0
313	G	1.00000	0	0.00000	0
