# UNNAMED
#pos	aa	i	o	M	S
1	M	0.00000	0.93422	0.00000	0.06578
2	D	0.00000	0.93422	0.00000	0.06578
3	K	0.00000	0.93422	0.00000	0.06578
4	S	0.00000	0.93422	0.00000	0.06578
5	N	0.00000	0.93422	0.00000	0.06578
6	S	0.00000	0.93422	0.00000	0.06578
7	S	0.00000	0.93422	0.00000	0.06578
8	V	0.00000	0.93422	0.00000	0.06578
9	V	0.00000	0.93422	0.00000	0.06578
10	S	0.00000	0.93422	0.00000	0.06578
11	E	0.00000	0.93422	0.00000	0.06578
12	F	0.00000	0.93422	0.00000	0.06578
13	V	0.00000	0.93422	0.00000	0.06577
14	L	0.00000	0.93422	0.00000	0.06578
15	L	0.00000	0.93422	0.00000	0.06577
16	G	0.00000	0.93422	0.00000	0.06577
17	L	0.00000	0.93422	0.00000	0.06577
18	C	0.00000	0.93424	0.00000	0.06577
19	S	0.00000	0.93439	0.00000	0.06561
20	S	0.00000	0.93513	0.00000	0.06487
21	Q	0.00000	0.99942	0.00000	0.00057
22	K	0.00000	0.99993	0.00005	2e-05
23	L	0.00000	0.85237	0.14761	2e-05
24	Q	0.00000	0.62246	0.37752	2e-05
25	L	0.00000	0.42124	0.57874	2e-05
26	F	0.00000	0.16584	0.83416	0
27	Y	0.00000	0.04622	0.95378	0
28	F	0.00000	0.03444	0.96556	0
29	C	0.00000	0.0321	0.96790	0
30	F	0.00000	0.02606	0.97394	0
31	F	0.00000	0.00246	0.99754	0
32	S	0.00000	0.00068	0.99932	0
33	V	0.00000	3e-05	0.99997	0
34	L	0.00000	0	1.00000	0
35	Y	0.00000	0	1.00000	0
36	T	0.00000	0	1.00000	0
37	V	0.00000	0	1.00000	0
38	I	0.00000	0	1.00000	0
39	V	0.00000	0	1.00000	0
40	L	0.00000	0	1.00000	0
41	G	0.00000	0	1.00000	0
42	N	0.00000	0	1.00000	0
43	L	0.00000	0	1.00000	0
44	L	0.00000	0	1.00000	0
45	I	0.00001	0	0.99999	0
46	I	0.00020	0	0.99980	0
47	L	0.01695	0	0.98305	0
48	T	0.46385	0	0.53615	0
49	V	0.58683	0	0.41317	0
50	T	0.95275	0	0.04725	0
51	S	0.99551	0	0.00449	0
52	D	0.99992	0	0.00008	0
53	T	0.99998	0	0.00002	0
54	S	0.99999	0	0.00001	0
55	L	1.00000	0	0.00000	0
56	H	1.00000	0	0.00000	0
57	S	1.00000	0	0.00000	0
58	P	1.00000	0	0.00000	0
59	M	0.45198	0	0.54802	0
60	Y	0.32295	0	0.67705	0
61	F	0.03989	0	0.96011	0
62	L	0.00079	0	0.99921	0
63	L	0.00006	0	0.99994	0
64	G	0.00001	0	0.99999	0
65	N	0.00000	0	1.00000	0
66	L	0.00000	0	1.00000	0
67	S	0.00000	0	1.00000	0
68	F	0.00000	0	1.00000	0
69	V	0.00000	0	1.00000	0
70	D	0.00000	0	1.00000	0
71	I	0.00000	0	1.00000	0
72	C	0.00000	0	1.00000	0
73	Q	0.00000	0	1.00000	0
74	A	0.00000	0	1.00000	0
75	S	0.00000	0	1.00000	0
76	F	0.00000	0	1.00000	0
77	A	0.00000	0	1.00000	0
78	T	0.00000	0.00325	0.99675	0
79	P	0.00000	0.00438	0.99562	0
80	K	0.00000	0.01237	0.98763	0
81	M	0.00000	0.02801	0.97199	0
82	I	0.00000	0.08863	0.91137	0
83	A	0.00000	0.47595	0.52405	0
84	D	0.00000	0.99997	0.00003	0
85	F	0.00000	1	0.00000	0
86	L	0.00000	1	0.00000	0
87	S	0.00000	1	0.00000	0
88	A	0.00000	1	0.00000	0
89	H	0.00000	1	0.00000	0
90	E	0.00000	1	0.00000	0
91	T	0.00000	1	0.00000	0
92	I	0.00000	1	0.00000	0
93	S	0.00000	1	0.00000	0
94	F	0.00000	1	0.00000	0
95	S	0.00000	1	0.00000	0
96	G	0.00000	0.99999	0.00001	0
97	C	0.00000	0.99985	0.00015	0
98	I	0.00000	0.99364	0.00636	0
99	A	0.00000	0.987	0.01300	0
100	Q	0.00000	0.96955	0.03045	0
101	I	0.00000	0.17581	0.82419	0
102	F	0.00000	0.02749	0.97251	0
103	F	0.00000	0.00053	0.99947	0
104	I	0.00000	2e-05	0.99998	0
105	H	0.00000	0	1.00000	0
106	L	0.00000	0	1.00000	0
107	F	0.00000	0	1.00000	0
108	T	0.00000	0	1.00000	0
109	G	0.00000	0	1.00000	0
110	G	0.00000	0	1.00000	0
111	E	0.00000	0	1.00000	0
112	M	0.00000	0	1.00000	0
113	V	0.00000	0	1.00000	0
114	L	0.00000	0	1.00000	0
115	L	0.00000	0	1.00000	0
116	V	0.00000	0	1.00000	0
117	S	0.00000	0	1.00000	0
118	M	0.00000	0	1.00000	0
119	A	0.00000	0	1.00000	0
120	Y	0.00000	0	1.00000	0
121	D	0.00001	0	0.99999	0
122	R	0.00431	0	0.99569	0
123	Y	0.10637	0	0.89363	0
124	V	0.93356	0	0.06644	0
125	A	0.99771	0	0.00229	0
126	I	1.00000	0	0.00000	0
127	C	1.00000	0	0.00000	0
128	K	1.00000	0	0.00000	0
129	P	1.00000	0	0.00000	0
130	L	1.00000	0	0.00000	0
131	Y	1.00000	0	0.00000	0
132	Y	1.00000	0	0.00000	0
133	V	1.00000	0	0.00000	0
134	V	1.00000	0	0.00000	0
135	I	0.99999	0	0.00001	0
136	M	0.99998	0	0.00002	0
137	S	0.99995	0	0.00005	0
138	R	0.99986	0	0.00014	0
139	R	0.99649	0	0.00351	0
140	T	0.88951	0	0.11049	0
141	C	0.02029	0	0.97971	0
142	T	0.01459	0	0.98541	0
143	V	0.00015	0	0.99985	0
144	L	0.00001	0	0.99999	0
145	V	0.00000	0	1.00000	0
146	M	0.00000	0	1.00000	0
147	I	0.00000	0	1.00000	0
148	S	0.00000	0	1.00000	0
149	W	0.00000	0	1.00000	0
150	A	0.00000	0	1.00000	0
151	V	0.00000	0	1.00000	0
152	S	0.00000	0	1.00000	0
153	L	0.00000	0	1.00000	0
154	V	0.00000	0	1.00000	0
155	H	0.00000	0	1.00000	0
156	T	0.00000	1e-05	0.99999	0
157	L	0.00000	1e-05	0.99999	0
158	S	0.00000	0.00045	0.99955	0
159	Q	0.00000	0.01169	0.98831	0
160	L	0.00000	0.04956	0.95044	0
161	S	0.00000	0.13591	0.86409	0
162	F	0.00000	0.23996	0.76004	0
163	T	0.00000	0.71875	0.28125	0
164	V	0.00000	0.91742	0.08258	0
165	N	0.00000	0.99502	0.00498	0
166	L	0.00000	0.99726	0.00274	0
167	P	0.00000	0.99982	0.00018	0
168	F	0.00000	0.99993	0.00007	0
169	C	0.00000	1	0.00000	0
170	G	0.00000	1	0.00000	0
171	P	0.00000	1	0.00000	0
172	N	0.00000	1	0.00000	0
173	V	0.00000	1	0.00000	0
174	V	0.00000	1	0.00000	0
175	D	0.00000	1	0.00000	0
176	S	0.00000	1	0.00000	0
177	F	0.00000	1	0.00000	0
178	F	0.00000	1	0.00000	0
179	C	0.00000	1	0.00000	0
180	D	0.00000	1	0.00000	0
181	L	0.00000	1	0.00000	0
182	P	0.00000	1	0.00000	0
183	R	0.00000	1	0.00000	0
184	V	0.00000	1	0.00000	0
185	T	0.00000	1	0.00000	0
186	K	0.00000	1	0.00000	0
187	L	0.00000	1	0.00000	0
188	A	0.00000	1	0.00000	0
189	C	0.00000	1	0.00000	0
190	L	0.00000	1	0.00000	0
191	D	0.00000	0.99999	0.00001	0
192	S	0.00000	0.99994	0.00006	0
193	Y	0.00000	0.99978	0.00022	0
194	I	0.00000	0.99897	0.00103	0
195	I	0.00000	0.99649	0.00351	0
196	E	0.00000	0.995	0.00500	0
197	I	0.00000	0.30416	0.69584	0
198	L	0.00000	0.08915	0.91085	0
199	I	0.00000	0.0278	0.97220	0
200	V	0.00000	0.02747	0.97253	0
201	V	0.00000	0.02737	0.97263	0
202	N	0.00000	0.02553	0.97447	0
203	S	0.00000	0.02518	0.97482	0
204	G	0.00000	0.00506	0.99494	0
205	I	0.00000	0.00017	0.99983	0
206	L	0.00000	6e-05	0.99994	0
207	S	0.00000	0	1.00000	0
208	L	0.00000	0	1.00000	0
209	S	0.00000	0	1.00000	0
210	T	0.00000	0	1.00000	0
211	F	0.00000	0	1.00000	0
212	S	0.00000	0	1.00000	0
213	L	0.00000	0	1.00000	0
214	L	0.00000	0	1.00000	0
215	V	0.00000	0	1.00000	0
216	S	0.00002	0	0.99998	0
217	S	0.00003	0	0.99997	0
218	Y	0.00003	0	0.99997	0
219	I	0.00011	0	0.99989	0
220	I	0.00111	0	0.99889	0
221	I	0.00783	0	0.99217	0
222	L	0.09461	0	0.90539	0
223	V	0.67422	0	0.32578	0
224	T	0.88801	0	0.11199	0
225	V	0.90653	0	0.09347	0
226	W	0.92249	0	0.07751	0
227	L	0.95888	0	0.04112	0
228	K	0.99921	0	0.00079	0
229	S	0.99987	0	0.00013	0
230	S	0.99999	0	0.00001	0
231	A	0.99992	0	0.00008	0
232	A	0.99976	0	0.00024	0
233	M	0.98615	0	0.01385	0
234	A	0.98172	0	0.01828	0
235	K	0.98157	0	0.01843	0
236	A	0.94773	0	0.05227	0
237	F	0.62236	0	0.37764	0
238	S	0.26110	0	0.73890	0
239	T	0.25945	0	0.74055	0
240	L	0.22098	0	0.77902	0
241	A	0.19843	0	0.80157	0
242	S	0.18583	0	0.81417	0
243	H	0.18400	0	0.81600	0
244	I	0.07216	0	0.92784	0
245	A	0.02210	0	0.97790	0
246	V	0.01549	0	0.98451	0
247	V	0.00003	0	0.99997	0
248	I	0.00000	0	1.00000	0
249	L	0.00000	0	1.00000	0
250	F	0.00000	0	1.00000	0
251	F	0.00000	0	1.00000	0
252	G	0.00000	0	1.00000	0
253	P	0.00000	1e-05	0.99999	0
254	C	0.00000	1e-05	0.99999	0
255	I	0.00000	1e-05	0.99999	0
256	F	0.00000	2e-05	0.99998	0
257	I	0.00000	9e-05	0.99991	0
258	Y	0.00000	0.00094	0.99906	0
259	V	0.00000	0.00488	0.99512	0
260	W	0.00000	0.14925	0.85075	0
261	P	0.00000	0.37451	0.62549	0
262	F	0.00000	0.43583	0.56417	0
263	T	0.00000	0.69573	0.30427	0
264	I	0.00000	0.72584	0.27416	0
265	S	0.00000	0.82685	0.17315	0
266	P	0.00000	0.8744	0.12560	0
267	L	0.00000	0.83396	0.16604	0
268	D	0.00000	0.90733	0.09267	0
269	K	0.00000	0.66514	0.33486	0
270	F	0.00000	0.03591	0.96409	0
271	L	0.00000	0.00017	0.99983	0
272	A	0.00000	0	1.00000	0
273	I	0.00000	0	1.00000	0
274	F	0.00000	0	1.00000	0
275	Y	0.00000	0	1.00000	0
276	T	0.00000	0	1.00000	0
277	V	0.00000	0	1.00000	0
278	F	0.00000	0	1.00000	0
279	T	0.00000	0	1.00000	0
280	P	0.00000	0	1.00000	0
281	V	0.00000	0	1.00000	0
282	L	0.00000	0	1.00000	0
283	N	0.00000	0	1.00000	0
284	P	0.00000	0	1.00000	0
285	I	0.00000	0	1.00000	0
286	I	0.00012	0	0.99988	0
287	Y	0.00222	0	0.99778	0
288	T	0.01303	0	0.98697	0
289	L	0.08995	0	0.91005	0
290	R	1.00000	0	0.00000	0
291	N	1.00000	0	0.00000	0
292	R	1.00000	0	0.00000	0
293	D	1.00000	0	0.00000	0
294	M	1.00000	0	0.00000	0
295	K	1.00000	0	0.00000	0
296	A	1.00000	0	0.00000	0
297	A	1.00000	0	0.00000	0
298	V	1.00000	0	0.00000	0
299	R	1.00000	0	0.00000	0
300	K	1.00000	0	0.00000	0
301	I	1.00000	0	0.00000	0
302	V	1.00000	0	0.00000	0
303	N	1.00000	0	0.00000	0
304	H	1.00000	0	0.00000	0
305	Y	1.00000	0	0.00000	0
306	L	1.00000	0	0.00000	0
307	R	1.00000	0	0.00000	0
308	P	1.00000	0	0.00000	0
309	R	1.00000	0	0.00000	0
310	R	1.00000	0	0.00000	0
311	I	1.00000	0	0.00000	0
312	S	1.00000	0	0.00000	0
313	E	1.00000	0	0.00000	0
314	M	1.00000	0	0.00000	0
315	S	1.00000	0	0.00000	0
316	L	1.00000	0	0.00000	0
317	V	1.00000	0	0.00000	0
318	V	1.00000	0	0.00000	0
319	R	1.00000	0	0.00000	0
320	T	1.00000	0	0.00000	0
321	S	1.00000	0	0.00000	0
322	F	1.00000	0	0.00000	0
323	H	1.00000	0	0.00000	0
