# UNNAMED
#pos	aa	i	o	M	S
1	M	0.00000	0.99989	0.00000	0.00011
2	P	0.00000	0.99989	0.00000	0.00011
3	A	0.00000	0.99989	0.00000	0.00011
4	C	0.00000	0.99989	0.00000	0.00011
5	C	0.00000	0.99989	0.00000	0.00011
6	S	0.00000	0.99989	0.00000	0.00011
7	C	0.00000	0.99989	0.00000	0.00011
8	S	0.00000	0.99989	0.00000	0.00012
9	D	0.00000	0.99989	0.00000	0.00011
10	V	0.00000	0.99989	0.00000	0.00011
11	F	0.00000	0.99989	0.00000	0.00011
12	Q	0.00000	0.99989	0.00000	0.00011
13	Y	0.00000	1	0.00000	0
14	E	0.00000	1	0.00000	0
15	T	0.00000	1	0.00000	0
16	N	0.00000	1	0.00000	0
17	K	0.00000	1	0.00000	0
18	V	0.00000	1	0.00000	0
19	T	0.00000	1	0.00000	0
20	R	0.00000	1	0.00000	0
21	I	0.00000	1	0.00000	0
22	Q	0.00000	1	0.00000	0
23	S	0.00000	1	0.00000	0
24	M	0.00000	1	0.00000	0
25	N	0.00000	1	0.00000	0
26	Y	0.00000	1	0.00000	0
27	G	0.00000	1	0.00000	0
28	T	0.00000	1	0.00000	0
29	I	0.00000	1	0.00000	0
30	K	0.00000	1	0.00000	0
31	W	0.00000	1	0.00000	0
32	F	0.00000	1	0.00000	0
33	F	0.00000	1	0.00000	0
34	H	0.00000	1	0.00000	0
35	V	0.00000	1	0.00000	0
36	I	0.00000	1	0.00000	0
37	I	0.00000	1	0.00000	0
38	F	0.00000	1	0.00000	0
39	S	0.00000	1	0.00000	0
40	Y	0.00000	1	0.00000	0
41	V	0.00000	1	0.00000	0
42	C	0.00000	1	0.00000	0
43	F	0.00000	1	0.00000	0
44	A	0.00000	1	0.00000	0
45	L	0.00000	1	0.00000	0
46	V	0.00000	1	0.00000	0
47	S	0.00000	1	0.00000	0
48	D	0.00000	1	0.00000	0
49	K	0.00000	1	0.00000	0
50	L	0.00000	1	0.00000	0
51	Y	0.00000	1	0.00000	0
52	Q	0.00000	1	0.00000	0
53	R	0.00000	1	0.00000	0
54	K	0.00000	1	0.00000	0
55	E	0.00000	1	0.00000	0
56	P	0.00000	1	0.00000	0
57	V	0.00000	1	0.00000	0
58	I	0.00000	1	0.00000	0
59	S	0.00000	1	0.00000	0
60	S	0.00000	1	0.00000	0
61	V	0.00000	1	0.00000	0
62	H	0.00000	1	0.00000	0
63	T	0.00000	1	0.00000	0
64	K	0.00000	1	0.00000	0
65	V	0.00000	1	0.00000	0
66	K	0.00000	1	0.00000	0
67	G	0.00000	1	0.00000	0
68	I	0.00000	1	0.00000	0
69	A	0.00000	1	0.00000	0
70	E	0.00000	1	0.00000	0
71	V	0.00000	1	0.00000	0
72	K	0.00000	1	0.00000	0
73	E	0.00000	1	0.00000	0
74	E	0.00000	1	0.00000	0
75	I	0.00000	1	0.00000	0
76	V	0.00000	1	0.00000	0
77	E	0.00000	1	0.00000	0
78	N	0.00000	1	0.00000	0
79	G	0.00000	1	0.00000	0
80	V	0.00000	1	0.00000	0
81	K	0.00000	1	0.00000	0
82	K	0.00000	1	0.00000	0
83	L	0.00000	1	0.00000	0
84	V	0.00000	1	0.00000	0
85	H	0.00000	1	0.00000	0
86	S	0.00000	1	0.00000	0
87	V	0.00000	1	0.00000	0
88	F	0.00000	1	0.00000	0
89	D	0.00000	1	0.00000	0
90	T	0.00000	1	0.00000	0
91	A	0.00000	1	0.00000	0
92	D	0.00000	1	0.00000	0
93	Y	0.00000	1	0.00000	0
94	T	0.00000	1	0.00000	0
95	F	0.00000	1	0.00000	0
96	P	0.00000	1	0.00000	0
97	L	0.00000	1	0.00000	0
98	Q	0.00000	1	0.00000	0
99	G	0.00000	1	0.00000	0
100	N	0.00000	1	0.00000	0
101	S	0.00000	1	0.00000	0
102	F	0.00000	1	0.00000	0
103	F	0.00000	1	0.00000	0
104	V	0.00000	1	0.00000	0
105	M	0.00000	1	0.00000	0
106	T	0.00000	1	0.00000	0
107	N	0.00000	1	0.00000	0
108	F	0.00000	1	0.00000	0
109	L	0.00000	1	0.00000	0
110	K	0.00000	1	0.00000	0
111	T	0.00000	1	0.00000	0
112	E	0.00000	1	0.00000	0
113	G	0.00000	1	0.00000	0
114	Q	0.00000	1	0.00000	0
115	E	0.00000	1	0.00000	0
116	Q	0.00000	1	0.00000	0
117	R	0.00000	1	0.00000	0
118	L	0.00000	1	0.00000	0
119	C	0.00000	1	0.00000	0
120	P	0.00000	1	0.00000	0
121	E	0.00000	1	0.00000	0
122	Y	0.00000	1	0.00000	0
123	P	0.00000	1	0.00000	0
124	T	0.00000	1	0.00000	0
125	R	0.00000	1	0.00000	0
126	R	0.00000	1	0.00000	0
127	T	0.00000	1	0.00000	0
128	L	0.00000	1	0.00000	0
129	C	0.00000	1	0.00000	0
130	S	0.00000	1	0.00000	0
131	S	0.00000	1	0.00000	0
132	D	0.00000	1	0.00000	0
133	R	0.00000	1	0.00000	0
134	G	0.00000	1	0.00000	0
135	C	0.00000	1	0.00000	0
136	K	0.00000	1	0.00000	0
137	K	0.00000	1	0.00000	0
138	G	0.00000	1	0.00000	0
139	W	0.00000	1	0.00000	0
140	M	0.00000	1	0.00000	0
141	D	0.00000	1	0.00000	0
142	P	0.00000	1	0.00000	0
143	Q	0.00000	1	0.00000	0
144	S	0.00000	1	0.00000	0
145	K	0.00000	1	0.00000	0
146	G	0.00000	1	0.00000	0
147	I	0.00000	1	0.00000	0
148	Q	0.00000	1	0.00000	0
149	T	0.00000	1	0.00000	0
150	G	0.00000	1	0.00000	0
151	R	0.00000	1	0.00000	0
152	C	0.00000	1	0.00000	0
153	V	0.00000	1	0.00000	0
154	V	0.00000	1	0.00000	0
155	Y	0.00000	1	0.00000	0
156	E	0.00000	1	0.00000	0
157	G	0.00000	1	0.00000	0
158	N	0.00000	1	0.00000	0
159	Q	0.00000	1	0.00000	0
160	K	0.00000	1	0.00000	0
161	T	0.00000	1	0.00000	0
162	C	0.00000	1	0.00000	0
163	E	0.00000	1	0.00000	0
164	V	0.00000	1	0.00000	0
165	S	0.00000	1	0.00000	0
166	A	0.00000	1	0.00000	0
167	W	0.00000	1	0.00000	0
168	C	0.00000	1	0.00000	0
169	P	0.00000	1	0.00000	0
170	I	0.00000	1	0.00000	0
171	E	0.00000	1	0.00000	0
172	A	0.00000	1	0.00000	0
173	V	0.00000	1	0.00000	0
174	E	0.00000	1	0.00000	0
175	E	0.00000	1	0.00000	0
176	A	0.00000	1	0.00000	0
177	P	0.00000	1	0.00000	0
178	R	0.00000	1	0.00000	0
179	P	0.00000	1	0.00000	0
180	A	0.00000	1	0.00000	0
181	L	0.00000	1	0.00000	0
182	L	0.00000	1	0.00000	0
183	N	0.00000	1	0.00000	0
184	S	0.00000	1	0.00000	0
185	A	0.00000	1	0.00000	0
186	E	0.00000	1	0.00000	0
187	N	0.00000	1	0.00000	0
188	F	0.00000	1	0.00000	0
189	T	0.00000	0.99999	0.00001	0
190	V	0.00000	0.99999	0.00001	0
191	L	0.00000	0.99999	0.00001	0
192	I	0.00000	0.99999	0.00001	0
193	K	0.00000	0.99999	0.00001	0
194	N	0.00000	0.99999	0.00001	0
195	N	0.00000	0.99999	0.00001	0
196	I	0.00000	0.99999	0.00001	0
197	D	0.00000	0.99999	0.00001	0
198	F	0.00000	0.97519	0.02481	0
199	P	0.00000	0.80583	0.19417	0
200	G	0.00000	0.46351	0.53649	0
201	H	0.00000	0.2187	0.78130	0
202	N	0.00000	0.03434	0.96566	0
203	Y	0.00000	0.00233	0.99767	0
204	T	0.00000	0.00086	0.99914	0
205	T	0.00000	0.00083	0.99917	0
206	R	0.00000	0.00083	0.99917	0
207	N	0.00000	0.00082	0.99918	0
208	I	0.00000	0.00081	0.99919	0
209	L	0.00000	0.00081	0.99919	0
210	P	0.00000	0.00081	0.99919	0
211	G	0.00000	0.00081	0.99919	0
212	L	0.00000	0.00081	0.99919	0
213	N	0.00000	0.00081	0.99919	0
214	I	0.00000	0.00081	0.99919	0
215	T	0.00000	0.00081	0.99918	0
216	C	0.00000	0.00081	0.99918	0
217	T	0.00017	0.00081	0.99901	0
218	F	0.00085	0.00081	0.99833	0
219	H	0.20412	0.00081	0.79507	0
220	K	0.73054	0.00081	0.26865	0
221	T	0.88789	0.00081	0.11129	0
222	Q	0.98590	0.00081	0.01328	0
223	N	0.99831	0.00081	0.00088	0
224	P	0.99917	0.00081	0.00001	0
225	Q	0.99917	0.00081	0.00001	0
226	C	0.99917	0.00081	0.00001	0
227	P	0.99917	0.00081	0.00001	0
228	I	0.84824	0.00081	0.15094	0
229	F	0.84139	0.00081	0.15779	0
230	R	0.83729	0.00081	0.16190	0
231	L	0.05218	0.00081	0.94700	0
232	G	0.03697	0.00081	0.96222	0
233	D	0.01593	0.00081	0.98325	0
234	I	0.00033	0.00054	0.99913	0
235	F	0.00020	0.00052	0.99928	0
236	R	0.00020	0.00052	0.99928	0
237	E	0.00014	0.00052	0.99935	0
238	T	0.00002	0.00052	0.99946	0
239	G	0.00000	0.00052	0.99948	0
240	D	0.00000	0.00052	0.99948	0
241	N	0.00000	0.00052	0.99948	0
242	F	0.00000	0.00052	0.99948	0
243	S	0.00000	0.00052	0.99948	0
244	D	0.00000	0.00052	0.99948	0
245	V	0.00000	0.0002	0.99980	0
246	A	0.00000	0.0002	0.99980	0
247	I	0.00000	0.00022	0.99978	0
248	Q	0.00000	0.00047	0.99953	0
249	G	0.00000	0.00161	0.99839	0
250	G	0.00000	0.01279	0.98721	0
251	I	0.00000	0.0256	0.97440	0
252	M	0.00000	0.16966	0.83034	0
253	G	0.00000	0.73226	0.26774	0
254	I	0.00000	0.83159	0.16841	0
255	E	0.00000	0.98608	0.01392	0
256	I	0.00000	0.99023	0.00977	0
257	Y	0.00001	0.99746	0.00254	0
258	W	0.00003	0.99862	0.00136	0
259	D	0.00025	0.99936	0.00039	0
260	C	0.00026	0.99938	0.00036	0
261	N	0.00029	0.99938	0.00033	0
262	L	0.00031	0.99938	0.00031	0
263	D	0.00060	0.99938	0.00002	0
264	R	0.00060	0.99938	0.00002	0
265	W	0.00060	0.99938	0.00002	0
266	F	0.00060	0.99938	0.00002	0
267	H	0.00061	0.99938	0.00001	0
268	H	0.00062	0.99938	0.00000	0
269	C	0.00062	0.99938	0.00000	0
270	R	0.00062	0.99938	0.00000	0
271	P	0.00062	0.99938	0.00000	0
272	K	0.00041	0.99938	0.00021	0
273	Y	0.00009	0.99937	0.00054	0
274	S	0.00002	0.99937	0.00061	0
275	F	0.00000	0.99745	0.00255	0
276	R	0.00000	0.97475	0.02525	0
277	R	0.00000	0.97158	0.02842	0
278	L	0.00000	0.97125	0.02875	0
279	D	0.00000	0.97124	0.02875	0
280	D	0.00000	0.97124	0.02876	0
281	K	0.00000	0.97124	0.02876	0
282	T	0.00000	0.97124	0.02876	0
283	T	0.00000	0.97124	0.02876	0
284	N	0.00000	0.97123	0.02877	0
285	V	0.00000	0.96937	0.03063	0
286	S	0.00000	0.96876	0.03124	0
287	L	0.00000	0.96017	0.03983	0
288	Y	0.00000	0.96012	0.03988	0
289	P	0.00000	0.96008	0.03992	0
290	G	0.00000	0.68385	0.31615	0
291	Y	0.00000	0.32842	0.67158	0
292	N	0.00000	0.3162	0.68380	0
293	F	0.00000	0.28672	0.71328	0
294	R	0.00000	0.28665	0.71335	0
295	Y	0.00031	0.28601	0.71368	0
296	A	0.02163	0.28574	0.69264	0
297	K	0.02216	0.28574	0.69210	0
298	Y	0.02346	0.28574	0.69080	0
299	Y	0.02812	0.28574	0.68614	0
300	K	0.02814	0.28574	0.68613	0
301	E	0.02814	0.28574	0.68613	0
302	N	0.02814	0.28574	0.68613	0
303	N	0.02814	0.28574	0.68613	0
304	V	0.02814	0.28574	0.68613	0
305	E	0.02814	0.28574	0.68613	0
306	K	0.02821	0.28573	0.68606	0
307	R	0.02823	0.28569	0.68608	0
308	T	0.02940	0.28552	0.68508	0
309	L	0.03788	0.28535	0.67677	0
310	I	0.13843	0.28531	0.57625	0
311	K	0.62766	0.2853	0.08703	0
312	V	0.69978	0.11621	0.18401	0
313	F	0.69758	0.09934	0.20308	0
314	G	0.69695	0.01335	0.28970	0
315	I	0.69409	0.00033	0.30558	0
316	R	0.69386	0.0003	0.30584	0
317	F	0.68973	0.0003	0.30997	0
318	D	0.68945	0.0003	0.31025	0
319	I	0.68592	0.0003	0.31379	0
320	L	0.68612	0.0003	0.31358	0
321	V	0.68613	0.0003	0.31358	0
322	F	0.68613	0.0003	0.31358	0
323	G	0.68613	0.0003	0.31358	0
324	T	0.68613	0.0003	0.31357	0
325	G	0.68613	0.00029	0.31358	0
326	G	0.68617	0.00027	0.31356	0
327	K	0.68590	0.00027	0.31383	0
328	F	0.63510	1e-05	0.36490	0
329	D	0.61171	1e-05	0.38828	0
330	I	0.04693	1e-05	0.95306	0
331	I	0.01269	1e-05	0.98730	0
332	Q	0.07201	0.00057	0.92742	0
333	L	0.18040	0.00079	0.81881	0
334	V	0.28518	0.00183	0.71299	0
335	V	0.28523	0.00726	0.70751	0
336	Y	0.28524	0.01402	0.70074	0
337	I	0.28524	0.01792	0.69683	0
338	G	0.28524	0.02277	0.69198	0
339	S	0.28525	0.02461	0.69015	0
340	T	0.28524	0.02616	0.68859	0
341	L	0.28524	0.02715	0.68761	0
342	S	0.28521	0.02784	0.68694	0
343	Y	0.28246	0.02797	0.68957	0
344	F	0.28080	0.02804	0.69116	0
345	G	0.27875	0.02813	0.69312	0
346	L	0.25336	0.02813	0.71850	0
347	A	0.18212	0.02816	0.78972	0
348	A	0.04939	0.02891	0.92170	0
349	V	0.00497	0.03064	0.96438	0
350	F	0.00048	0.03915	0.96037	0
351	I	0.00030	0.19175	0.80795	0
352	D	0.00030	0.7059	0.29380	0
353	F	0.00030	0.70641	0.29329	0
354	L	0.00030	0.70735	0.29235	0
355	I	0.00030	0.71014	0.28956	0
356	D	0.00030	0.71445	0.28525	0
357	T	0.00030	0.71445	0.28525	0
358	Y	0.00030	0.71445	0.28525	0
359	S	0.00030	0.71445	0.28525	0
360	S	0.00030	0.71445	0.28525	0
361	N	0.00030	0.71447	0.28523	0
362	C	0.00001	0.71557	0.28442	0
363	C	0.00000	0.71795	0.28205	0
364	R	0.00000	0.71731	0.28269	0
365	S	0.00000	0.7173	0.28270	0
366	H	0.00000	0.71753	0.28247	0
367	I	0.00000	0.71769	0.28231	0
368	Y	0.00000	0.73251	0.26749	0
369	P	0.00000	0.98842	0.01158	0
370	W	0.00000	0.99227	0.00773	0
371	C	0.00000	0.99815	0.00185	0
372	K	0.00000	0.99818	0.00182	0
373	C	0.00000	0.99818	0.00182	0
374	C	0.00000	0.99818	0.00182	0
375	Q	0.00000	0.99818	0.00182	0
376	P	0.00000	0.99818	0.00182	0
377	C	0.00000	0.99818	0.00182	0
378	V	0.00000	0.99818	0.00182	0
379	V	0.00000	0.99818	0.00182	0
380	N	0.00000	0.99818	0.00182	0
381	E	0.00000	0.99787	0.00213	0
382	Y	0.00000	0.99239	0.00761	0
383	Y	0.00000	0.99246	0.00754	0
384	Y	0.00005	0.99257	0.00738	0
385	R	0.00074	0.99267	0.00660	0
386	K	0.00134	0.99267	0.00599	0
387	K	0.00146	0.99267	0.00587	0
388	C	0.00147	0.98856	0.00997	0
389	E	0.00152	0.9847	0.01378	0
390	S	0.00152	0.27179	0.72669	0
391	I	0.00152	0.24726	0.75122	0
392	V	0.00152	0.24722	0.75126	0
393	E	0.00152	0.24722	0.75126	0
394	P	0.00152	0.24715	0.75133	0
395	K	0.00152	0.24715	0.75133	0
396	P	0.00152	0.24713	0.75135	0
397	T	0.00151	0.24698	0.75150	0
398	L	0.00149	0.24698	0.75153	0
399	K	0.00149	0.24698	0.75154	0
400	Y	0.00137	0.23054	0.76810	0
401	V	0.00133	0.23032	0.76835	0
402	S	0.00133	0.23032	0.76835	0
403	F	0.00136	0.23032	0.76832	0
404	V	0.00363	0.23032	0.76605	0
405	D	0.00711	0.23032	0.76257	0
406	E	0.00714	0.23032	0.76254	0
407	S	0.00714	0.23032	0.76254	0
408	H	0.00714	0.23032	0.76254	0
409	I	0.00716	0.23032	0.76253	0
410	R	0.00913	0.23032	0.76055	0
411	M	0.01105	0.23032	0.75864	0
412	V	0.02785	0.23032	0.74183	0
413	N	0.74204	0.23032	0.02764	0
414	Q	0.75241	0.23032	0.01727	0
415	Q	0.75265	0.23032	0.01704	0
416	L	0.75265	0.23032	0.01704	0
417	L	0.75265	0.23032	0.01704	0
418	G	0.75266	0.23033	0.01701	0
419	R	0.75271	0.23039	0.01690	0
420	S	0.75276	0.23041	0.01683	0
421	L	0.75320	0.23042	0.01639	0
422	Q	0.76822	0.2305	0.00129	0
423	D	0.76938	0.23051	0.00011	0
424	V	0.76948	0.23051	0.00001	0
425	K	0.76949	0.2305	0.00001	0
426	G	0.76949	0.23036	0.00015	0
427	Q	0.76949	0.23027	0.00024	0
428	E	0.76949	0.23027	0.00024	0
429	V	0.76949	0.23019	0.00032	0
430	P	0.76949	0.22974	0.00077	0
431	R	0.76949	0.22974	0.00077	0
432	P	0.76949	0.22974	0.00077	0
433	A	0.76949	0.22944	0.00107	0
434	M	0.76949	0.22944	0.00107	0
435	D	0.76949	0.22944	0.00107	0
436	F	0.76949	0.22877	0.00174	0
437	T	0.76949	0.22876	0.00175	0
438	D	0.76949	0.2284	0.00211	0
439	L	0.76949	0.22771	0.00280	0
440	S	0.76949	0.22726	0.00325	0
441	R	0.76949	0.22719	0.00332	0
442	L	0.76946	0.15926	0.07128	0
443	P	0.76946	0.07464	0.15590	0
444	L	0.76946	0.07462	0.15592	0
445	A	0.76946	0.07461	0.15593	0
446	L	0.76947	0.07461	0.15592	0
447	H	0.76949	0.07461	0.15590	0
448	D	0.76955	0.07461	0.15584	0
449	T	0.76963	0.07461	0.15576	0
450	P	0.76983	0.07461	0.15556	0
451	P	0.77002	0.07461	0.15537	0
452	I	0.77012	0.07461	0.15527	0
453	P	0.77021	0.07461	0.15518	0
454	G	0.77023	0.07461	0.15516	0
455	Q	0.77031	0.07461	0.15508	0
456	P	0.77039	0.07461	0.15500	0
457	E	0.77053	0.07461	0.15486	0
458	E	0.77054	0.07461	0.15485	0
459	I	0.77054	0.07459	0.15486	0
460	Q	0.77063	0.07459	0.15478	0
461	L	0.77064	0.07459	0.15477	0
462	L	0.77141	0.07459	0.15400	0
463	R	0.84107	0.07462	0.08432	0
464	K	0.90068	0.07462	0.02470	0
465	E	0.91535	0.07462	0.01003	0
466	A	0.91846	0.07326	0.00828	0
467	T	0.92241	0.06927	0.00832	0
468	P	0.92419	0.06925	0.00656	0
469	R	0.92419	0.06909	0.00672	0
470	S	0.92419	0.06897	0.00684	0
471	R	0.92419	0.06878	0.00702	0
472	D	0.92419	0.06648	0.00933	0
473	S	0.92410	0.01895	0.05695	0
474	P	0.92409	0.00171	0.07420	0
475	V	0.92402	4e-05	0.07594	0
476	W	0.92402	3e-05	0.07595	0
477	C	0.92402	3e-05	0.07595	0
478	Q	0.92402	3e-05	0.07595	0
479	C	0.92402	3e-05	0.07596	0
480	G	0.92402	3e-05	0.07596	0
481	S	0.92402	3e-05	0.07596	0
482	C	0.92402	3e-05	0.07596	0
483	L	0.92402	3e-05	0.07595	0
484	P	0.92403	3e-05	0.07594	0
485	S	0.92403	3e-05	0.07594	0
486	Q	0.92405	3e-05	0.07592	0
487	L	0.92408	3e-05	0.07589	0
488	P	0.92586	0.00064	0.07351	0
489	E	0.92649	0.0011	0.07241	0
490	S	0.92718	0.00115	0.07167	0
491	H	0.92775	0.00119	0.07106	0
492	R	0.92827	0.00121	0.07052	0
493	C	0.92829	0.00122	0.07049	0
494	L	0.93043	0.00123	0.06834	0
495	E	0.98218	0.00135	0.01647	0
496	E	0.99845	0.00137	0.00018	0
497	L	0.99846	0.00137	0.00017	0
498	C	0.99845	0.00137	0.00018	0
499	C	0.99847	0.00137	0.00015	0
500	R	0.99855	0.00137	0.00007	0
501	K	0.99856	0.00137	0.00007	0
502	K	0.99856	0.00137	0.00007	0
503	P	0.99856	0.00137	0.00007	0
504	G	0.99856	0.00137	0.00007	0
505	A	0.99855	0.00137	0.00008	0
506	C	0.99855	0.00137	0.00008	0
507	I	0.99855	0.00137	0.00008	0
508	T	0.99855	0.00137	0.00008	0
509	T	0.99855	0.00137	0.00008	0
510	S	0.99855	0.00137	0.00008	0
511	E	0.99855	0.00137	0.00008	0
512	L	0.99326	0.00137	0.00537	0
513	F	0.99324	0.00137	0.00539	0
514	R	0.99261	0.00137	0.00602	0
515	K	0.97668	0.00137	0.02195	0
516	L	0.00082	0.00082	0.99836	0
517	V	0.00003	0.00075	0.99922	0
518	L	0.00003	0.00073	0.99924	0
519	S	0.00001	0.00079	0.99921	0
520	R	0.00001	0.00075	0.99924	0
521	H	0.00001	0.00064	0.99936	0
522	V	0.00001	0.00019	0.99980	0
523	L	0.00001	9e-05	0.99990	0
524	Q	0.00001	8e-05	0.99991	0
525	F	0.00000	8e-05	0.99992	0
526	L	0.00000	8e-05	0.99992	0
527	L	0.00000	8e-05	0.99992	0
528	L	0.00000	8e-05	0.99992	0
529	Y	0.00000	8e-05	0.99992	0
530	Q	0.00000	9e-05	0.99991	0
531	E	0.00000	0.00015	0.99985	0
532	P	0.00000	0.00018	0.99982	0
533	L	0.00000	0.00021	0.99979	0
534	L	0.00000	0.00066	0.99934	0
535	A	0.00000	0.00585	0.99415	0
536	L	0.00000	0.06832	0.93168	0
537	D	0.00013	0.94446	0.05541	0
538	V	0.00025	0.95545	0.04429	0
539	D	0.00063	0.99847	0.00090	0
540	S	0.00064	0.99858	0.00078	0
541	T	0.00065	0.99861	0.00074	0
542	N	0.00070	0.99862	0.00067	0
543	S	0.00102	0.99863	0.00035	0
544	R	0.00136	0.99863	0.00001	0
545	L	0.00136	0.99863	0.00001	0
546	R	0.00136	0.99863	0.00000	0
547	H	0.00136	0.99863	0.00000	0
548	C	0.00136	0.99863	0.00001	0
549	A	0.00136	0.99861	0.00002	0
550	Y	0.00136	0.99861	0.00003	0
551	R	0.00136	0.9986	0.00004	0
552	C	0.00136	0.99428	0.00436	0
553	Y	0.00136	0.34866	0.64998	0
554	A	0.00136	0.00263	0.99601	0
555	T	0.00136	1e-05	0.99863	0
556	W	0.00136	0	0.99864	0
557	R	0.00136	0	0.99864	0
558	F	0.00136	0	0.99864	0
559	G	0.00136	0	0.99864	0
560	S	0.00136	0	0.99864	0
561	Q	0.00136	0	0.99864	0
562	D	0.00136	0	0.99864	0
563	M	0.00136	0	0.99864	0
564	A	0.00136	0	0.99864	0
565	D	0.00136	0	0.99864	0
566	F	0.00136	0	0.99864	0
567	A	0.00137	0	0.99863	0
568	N	0.00137	0	0.99863	0
569	L	0.00137	0	0.99863	0
570	P	0.00137	0	0.99863	0
571	S	0.00165	0	0.99835	0
572	C	0.00324	0	0.99676	0
573	C	0.04262	0	0.95738	0
574	R	1.00000	0	0.00000	0
575	W	1.00000	0	0.00000	0
576	R	1.00000	0	0.00000	0
577	I	1.00000	0	0.00000	0
578	R	1.00000	0	0.00000	0
579	K	1.00000	0	0.00000	0
580	E	1.00000	0	0.00000	0
581	F	1.00000	0	0.00000	0
582	P	1.00000	0	0.00000	0
583	K	1.00000	0	0.00000	0
584	S	1.00000	0	0.00000	0
585	E	1.00000	0	0.00000	0
586	G	1.00000	0	0.00000	0
587	Q	1.00000	0	0.00000	0
588	Y	1.00000	0	0.00000	0
589	S	1.00000	0	0.00000	0
590	G	1.00000	0	0.00000	0
591	F	1.00000	0	0.00000	0
592	K	1.00000	0	0.00000	0
593	S	1.00000	0	0.00000	0
594	P	1.00000	0	0.00000	0
595	Y	1.00000	0	0.00000	0
