# UNNAMED
#pos	aa	i	o	M	S
1	M	0.00000	0.13829	0.00000	0.86171
2	R	0.00000	0.13829	0.00000	0.86171
3	G	0.00000	0.13829	0.00000	0.86171
4	S	0.00000	0.13829	0.00000	0.86171
5	G	0.00000	0.13829	0.00000	0.86171
6	P	0.00000	0.13829	0.00000	0.86171
7	R	0.00000	0.13829	0.00000	0.86171
8	G	0.00000	0.13829	0.00000	0.86171
9	A	0.00000	0.13829	0.00000	0.86171
10	G	0.00000	0.13829	0.00000	0.86171
11	R	0.00000	0.13829	0.00000	0.86171
12	R	0.00000	0.13829	0.00000	0.86171
13	R	0.00000	0.13829	0.00000	0.86171
14	P	0.00000	0.13829	0.00000	0.86171
15	P	0.00000	0.13829	0.00000	0.86171
16	S	0.00000	0.13829	0.00000	0.86171
17	G	0.00000	0.13829	0.00000	0.86171
18	G	0.00000	0.13829	0.00000	0.86171
19	G	0.00000	0.13829	0.00000	0.86171
20	D	0.00000	0.13829	0.00000	0.86171
21	T	0.00000	0.13829	0.00000	0.8617
22	P	0.00000	0.13829	0.00000	0.8617
23	I	0.00000	0.13829	0.00000	0.86171
24	T	0.00000	0.13829	0.00000	0.8617
25	P	0.00000	0.13829	0.00000	0.86171
26	A	0.00000	0.13829	0.00000	0.86171
27	S	0.00000	0.13829	0.00000	0.86171
28	L	0.00000	0.13829	0.00000	0.8617
29	A	0.00000	0.13829	0.00000	0.8617
30	G	0.00000	0.13829	0.00000	0.86171
31	C	0.00000	0.13829	0.00000	0.86171
32	Y	0.00000	0.13829	0.00000	0.86171
33	S	0.00000	0.13829	0.00000	0.86171
34	A	0.00000	0.13901	0.00000	0.86098
35	P	0.00000	0.13902	0.00000	0.86098
36	R	0.00000	0.13902	0.00000	0.86098
37	R	0.00000	0.13902	0.00000	0.86098
38	A	0.00000	0.13902	0.00000	0.86099
39	P	0.00000	0.13902	0.00000	0.86099
40	L	0.00000	0.13902	0.00000	0.86099
41	W	0.00000	0.1392	0.00000	0.8608
42	T	0.00000	0.1392	0.00000	0.8608
43	C	0.00000	0.13941	0.00000	0.86059
44	L	0.00000	0.13941	0.00000	0.86059
45	L	0.00000	0.13941	0.00000	0.86059
46	L	0.00000	0.13941	0.00000	0.86059
47	C	0.00000	0.13941	0.00000	0.8606
48	A	0.00000	0.13941	0.00000	0.86059
49	A	0.00000	0.13941	0.00000	0.86059
50	L	0.00000	0.13947	0.00000	0.86053
51	R	0.00000	0.13953	0.00000	0.86048
52	T	0.00000	0.13953	0.00000	0.86048
53	L	0.00000	0.14217	0.00000	0.85783
54	L	0.00000	0.14217	0.00000	0.85783
55	A	0.00000	0.1539	0.00000	0.84609
56	S	0.00000	0.99779	0.00000	0.0022
57	P	0.00000	0.99781	0.00000	0.00219
58	S	0.00000	0.99782	0.00000	0.00218
59	N	0.00000	0.99999	0.00000	1e-05
60	E	0.00000	0.99999	0.00000	1e-05
61	V	0.00000	0.99999	0.00000	1e-05
62	N	0.00000	0.99999	0.00000	1e-05
63	L	0.00000	0.99999	0.00000	1e-05
64	L	0.00000	0.99999	0.00000	1e-05
65	D	0.00000	1	0.00000	0
66	S	0.00000	1	0.00000	0
67	R	0.00000	1	0.00000	0
68	T	0.00000	1	0.00000	0
69	V	0.00000	1	0.00000	0
70	M	0.00000	1	0.00000	0
71	G	0.00000	1	0.00000	0
72	D	0.00000	1	0.00000	0
73	L	0.00000	1	0.00000	0
74	G	0.00000	1	0.00000	0
75	W	0.00000	1	0.00000	0
76	I	0.00000	1	0.00000	0
77	A	0.00000	1	0.00000	0
78	F	0.00000	1	0.00000	0
79	P	0.00000	1	0.00000	0
80	K	0.00000	1	0.00000	0
81	N	0.00000	1	0.00000	0
82	G	0.00000	1	0.00000	0
83	W	0.00000	1	0.00000	0
84	E	0.00000	1	0.00000	0
85	E	0.00000	1	0.00000	0
86	I	0.00000	1	0.00000	0
87	G	0.00000	1	0.00000	0
88	E	0.00000	1	0.00000	0
89	V	0.00000	1	0.00000	0
90	D	0.00000	1	0.00000	0
91	E	0.00000	1	0.00000	0
92	N	0.00000	1	0.00000	0
93	Y	0.00000	1	0.00000	0
94	A	0.00000	1	0.00000	0
95	P	0.00000	1	0.00000	0
96	I	0.00000	1	0.00000	0
97	H	0.00000	1	0.00000	0
98	T	0.00000	1	0.00000	0
99	Y	0.00000	1	0.00000	0
100	Q	0.00000	1	0.00000	0
101	V	0.00000	1	0.00000	0
102	C	0.00000	1	0.00000	0
103	K	0.00000	1	0.00000	0
104	V	0.00000	1	0.00000	0
105	M	0.00000	1	0.00000	0
106	E	0.00000	1	0.00000	0
107	Q	0.00000	1	0.00000	0
108	N	0.00000	1	0.00000	0
109	Q	0.00000	1	0.00000	0
110	N	0.00000	1	0.00000	0
111	N	0.00000	1	0.00000	0
112	W	0.00000	1	0.00000	0
113	L	0.00000	1	0.00000	0
114	L	0.00000	1	0.00000	0
115	T	0.00000	1	0.00000	0
116	S	0.00000	1	0.00000	0
117	W	0.00000	1	0.00000	0
118	I	0.00000	1	0.00000	0
119	S	0.00000	1	0.00000	0
120	N	0.00000	1	0.00000	0
121	E	0.00000	1	0.00000	0
122	G	0.00000	1	0.00000	0
123	A	0.00000	1	0.00000	0
124	S	0.00000	1	0.00000	0
125	R	0.00000	1	0.00000	0
126	I	0.00000	1	0.00000	0
127	F	0.00000	1	0.00000	0
128	I	0.00000	1	0.00000	0
129	E	0.00000	1	0.00000	0
130	L	0.00000	1	0.00000	0
131	K	0.00000	1	0.00000	0
132	F	0.00000	1	0.00000	0
133	T	0.00000	1	0.00000	0
134	L	0.00000	1	0.00000	0
135	R	0.00000	1	0.00000	0
136	D	0.00000	1	0.00000	0
137	C	0.00000	1	0.00000	0
138	N	0.00000	1	0.00000	0
139	S	0.00000	1	0.00000	0
140	L	0.00000	1	0.00000	0
141	P	0.00000	1	0.00000	0
142	G	0.00000	1	0.00000	0
143	G	0.00000	1	0.00000	0
144	L	0.00000	1	0.00000	0
145	G	0.00000	1	0.00000	0
146	T	0.00000	1	0.00000	0
147	C	0.00000	1	0.00000	0
148	K	0.00000	1	0.00000	0
149	E	0.00000	1	0.00000	0
150	T	0.00000	1	0.00000	0
151	F	0.00000	1	0.00000	0
152	N	0.00000	1	0.00000	0
153	M	0.00000	1	0.00000	0
154	Y	0.00000	1	0.00000	0
155	Y	0.00000	1	0.00000	0
156	F	0.00000	1	0.00000	0
157	E	0.00000	1	0.00000	0
158	S	0.00000	1	0.00000	0
159	D	0.00000	1	0.00000	0
160	D	0.00000	1	0.00000	0
161	Q	0.00000	1	0.00000	0
162	N	0.00000	1	0.00000	0
163	G	0.00000	1	0.00000	0
164	R	0.00000	1	0.00000	0
165	N	0.00000	1	0.00000	0
166	I	0.00000	1	0.00000	0
167	K	0.00000	1	0.00000	0
168	E	0.00000	1	0.00000	0
169	N	0.00000	1	0.00000	0
170	Q	0.00000	1	0.00000	0
171	Y	0.00000	1	0.00000	0
172	I	0.00000	1	0.00000	0
173	K	0.00000	1	0.00000	0
174	I	0.00000	1	0.00000	0
175	D	0.00000	1	0.00000	0
176	T	0.00000	1	0.00000	0
177	I	0.00000	1	0.00000	0
178	A	0.00000	1	0.00000	0
179	A	0.00000	1	0.00000	0
180	D	0.00000	1	0.00000	0
181	E	0.00000	1	0.00000	0
182	S	0.00000	1	0.00000	0
183	F	0.00000	1	0.00000	0
184	T	0.00000	1	0.00000	0
185	E	0.00000	1	0.00000	0
186	L	0.00000	1	0.00000	0
187	D	0.00000	1	0.00000	0
188	L	0.00000	1	0.00000	0
189	G	0.00000	1	0.00000	0
190	D	0.00000	1	0.00000	0
191	R	0.00000	1	0.00000	0
192	V	0.00000	1	0.00000	0
193	M	0.00000	1	0.00000	0
194	K	0.00000	1	0.00000	0
195	L	0.00000	1	0.00000	0
196	N	0.00000	1	0.00000	0
197	T	0.00000	1	0.00000	0
198	E	0.00000	1	0.00000	0
199	V	0.00000	1	0.00000	0
200	R	0.00000	1	0.00000	0
201	D	0.00000	1	0.00000	0
202	V	0.00000	1	0.00000	0
203	G	0.00000	1	0.00000	0
204	P	0.00000	1	0.00000	0
205	L	0.00000	1	0.00000	0
206	S	0.00000	1	0.00000	0
207	K	0.00000	1	0.00000	0
208	K	0.00000	1	0.00000	0
209	G	0.00000	1	0.00000	0
210	F	0.00000	1	0.00000	0
211	Y	0.00000	1	0.00000	0
212	L	0.00000	1	0.00000	0
213	A	0.00000	1	0.00000	0
214	F	0.00000	1	0.00000	0
215	Q	0.00000	1	0.00000	0
216	D	0.00000	1	0.00000	0
217	V	0.00000	1	0.00000	0
218	G	0.00000	1	0.00000	0
219	A	0.00000	1	0.00000	0
220	C	0.00000	1	0.00000	0
221	I	0.00000	1	0.00000	0
222	A	0.00000	1	0.00000	0
223	L	0.00000	1	0.00000	0
224	V	0.00000	1	0.00000	0
225	S	0.00000	1	0.00000	0
226	V	0.00000	1	0.00000	0
227	R	0.00000	1	0.00000	0
228	V	0.00000	1	0.00000	0
229	Y	0.00000	1	0.00000	0
230	Y	0.00000	1	0.00000	0
231	K	0.00000	1	0.00000	0
232	K	0.00000	1	0.00000	0
233	C	0.00000	1	0.00000	0
234	P	0.00000	1	0.00000	0
235	S	0.00000	1	0.00000	0
236	V	0.00000	1	0.00000	0
237	V	0.00000	1	0.00000	0
238	R	0.00000	1	0.00000	0
239	H	0.00000	1	0.00000	0
240	L	0.00000	1	0.00000	0
241	A	0.00000	1	0.00000	0
242	V	0.00000	1	0.00000	0
243	F	0.00000	1	0.00000	0
244	P	0.00000	1	0.00000	0
245	D	0.00000	1	0.00000	0
246	T	0.00000	1	0.00000	0
247	I	0.00000	1	0.00000	0
248	T	0.00000	1	0.00000	0
249	G	0.00000	1	0.00000	0
250	A	0.00000	1	0.00000	0
251	D	0.00000	1	0.00000	0
252	S	0.00000	1	0.00000	0
253	S	0.00000	1	0.00000	0
254	Q	0.00000	1	0.00000	0
255	L	0.00000	1	0.00000	0
256	L	0.00000	1	0.00000	0
257	E	0.00000	1	0.00000	0
258	V	0.00000	1	0.00000	0
259	S	0.00000	1	0.00000	0
260	G	0.00000	1	0.00000	0
261	S	0.00000	1	0.00000	0
262	C	0.00000	1	0.00000	0
263	V	0.00000	1	0.00000	0
264	N	0.00000	1	0.00000	0
265	H	0.00000	1	0.00000	0
266	S	0.00000	1	0.00000	0
267	V	0.00000	1	0.00000	0
268	T	0.00000	1	0.00000	0
269	D	0.00000	1	0.00000	0
270	E	0.00000	1	0.00000	0
271	P	0.00000	1	0.00000	0
272	P	0.00000	1	0.00000	0
273	K	0.00000	1	0.00000	0
274	M	0.00000	1	0.00000	0
275	H	0.00000	1	0.00000	0
276	C	0.00000	1	0.00000	0
277	S	0.00000	1	0.00000	0
278	A	0.00000	1	0.00000	0
279	E	0.00000	1	0.00000	0
280	G	0.00000	1	0.00000	0
281	E	0.00000	1	0.00000	0
282	W	0.00000	1	0.00000	0
283	L	0.00000	1	0.00000	0
284	V	0.00000	1	0.00000	0
285	P	0.00000	1	0.00000	0
286	I	0.00000	1	0.00000	0
287	G	0.00000	1	0.00000	0
288	K	0.00000	1	0.00000	0
289	C	0.00000	1	0.00000	0
290	M	0.00000	1	0.00000	0
291	C	0.00000	1	0.00000	0
292	K	0.00000	1	0.00000	0
293	A	0.00000	1	0.00000	0
294	G	0.00000	1	0.00000	0
295	Y	0.00000	1	0.00000	0
296	E	0.00000	1	0.00000	0
297	E	0.00000	1	0.00000	0
298	K	0.00000	1	0.00000	0
299	N	0.00000	1	0.00000	0
300	G	0.00000	1	0.00000	0
301	T	0.00000	1	0.00000	0
302	C	0.00000	1	0.00000	0
303	Q	0.00000	1	0.00000	0
304	V	0.00000	1	0.00000	0
305	C	0.00000	1	0.00000	0
306	R	0.00000	1	0.00000	0
307	P	0.00000	1	0.00000	0
308	G	0.00000	1	0.00000	0
309	F	0.00000	1	0.00000	0
310	F	0.00000	1	0.00000	0
311	K	0.00000	1	0.00000	0
312	A	0.00000	1	0.00000	0
313	S	0.00000	1	0.00000	0
314	P	0.00000	1	0.00000	0
315	H	0.00000	1	0.00000	0
316	I	0.00000	1	0.00000	0
317	Q	0.00000	1	0.00000	0
318	S	0.00000	1	0.00000	0
319	C	0.00000	1	0.00000	0
320	G	0.00000	1	0.00000	0
321	K	0.00000	1	0.00000	0
322	C	0.00000	1	0.00000	0
323	P	0.00000	1	0.00000	0
324	P	0.00000	1	0.00000	0
325	H	0.00000	1	0.00000	0
326	S	0.00000	1	0.00000	0
327	Y	0.00000	1	0.00000	0
328	T	0.00000	1	0.00000	0
329	H	0.00000	1	0.00000	0
330	E	0.00000	1	0.00000	0
331	E	0.00000	1	0.00000	0
332	A	0.00000	1	0.00000	0
333	S	0.00000	1	0.00000	0
334	T	0.00000	1	0.00000	0
335	S	0.00000	1	0.00000	0
336	C	0.00000	1	0.00000	0
337	V	0.00000	1	0.00000	0
338	C	0.00000	1	0.00000	0
339	E	0.00000	1	0.00000	0
340	K	0.00000	1	0.00000	0
341	D	0.00000	1	0.00000	0
342	Y	0.00000	1	0.00000	0
343	F	0.00000	1	0.00000	0
344	R	0.00000	1	0.00000	0
345	R	0.00000	1	0.00000	0
346	E	0.00000	1	0.00000	0
347	S	0.00000	1	0.00000	0
348	D	0.00000	1	0.00000	0
349	P	0.00000	1	0.00000	0
350	P	0.00000	1	0.00000	0
351	T	0.00000	1	0.00000	0
352	M	0.00000	1	0.00000	0
353	A	0.00000	1	0.00000	0
354	C	0.00000	1	0.00000	0
355	T	0.00000	1	0.00000	0
356	R	0.00000	1	0.00000	0
357	P	0.00000	1	0.00000	0
358	P	0.00000	1	0.00000	0
359	S	0.00000	1	0.00000	0
360	A	0.00000	1	0.00000	0
361	P	0.00000	1	0.00000	0
362	R	0.00000	1	0.00000	0
363	N	0.00000	1	0.00000	0
364	A	0.00000	1	0.00000	0
365	I	0.00000	1	0.00000	0
366	S	0.00000	1	0.00000	0
367	N	0.00000	1	0.00000	0
368	V	0.00000	1	0.00000	0
369	N	0.00000	1	0.00000	0
370	E	0.00000	1	0.00000	0
371	T	0.00000	1	0.00000	0
372	S	0.00000	1	0.00000	0
373	V	0.00000	1	0.00000	0
374	F	0.00000	1	0.00000	0
375	L	0.00000	1	0.00000	0
376	E	0.00000	1	0.00000	0
377	W	0.00000	1	0.00000	0
378	I	0.00000	1	0.00000	0
379	P	0.00000	1	0.00000	0
380	P	0.00000	1	0.00000	0
381	A	0.00000	1	0.00000	0
382	D	0.00000	1	0.00000	0
383	T	0.00000	1	0.00000	0
384	G	0.00000	1	0.00000	0
385	G	0.00000	1	0.00000	0
386	R	0.00000	1	0.00000	0
387	K	0.00000	1	0.00000	0
388	D	0.00000	1	0.00000	0
389	V	0.00000	1	0.00000	0
390	S	0.00000	1	0.00000	0
391	Y	0.00000	1	0.00000	0
392	Y	0.00000	1	0.00000	0
393	I	0.00000	1	0.00000	0
394	A	0.00000	1	0.00000	0
395	C	0.00000	1	0.00000	0
396	K	0.00000	1	0.00000	0
397	K	0.00000	1	0.00000	0
398	C	0.00000	1	0.00000	0
399	N	0.00000	1	0.00000	0
400	S	0.00000	1	0.00000	0
401	H	0.00000	1	0.00000	0
402	A	0.00000	1	0.00000	0
403	G	0.00000	1	0.00000	0
404	V	0.00000	1	0.00000	0
405	C	0.00000	1	0.00000	0
406	E	0.00000	1	0.00000	0
407	E	0.00000	1	0.00000	0
408	C	0.00000	1	0.00000	0
409	G	0.00000	1	0.00000	0
410	G	0.00000	1	0.00000	0
411	H	0.00000	1	0.00000	0
412	V	0.00000	1	0.00000	0
413	R	0.00000	1	0.00000	0
414	Y	0.00000	1	0.00000	0
415	L	0.00000	1	0.00000	0
416	P	0.00000	1	0.00000	0
417	R	0.00000	1	0.00000	0
418	Q	0.00000	1	0.00000	0
419	S	0.00000	1	0.00000	0
420	G	0.00000	1	0.00000	0
421	L	0.00000	1	0.00000	0
422	K	0.00000	1	0.00000	0
423	N	0.00000	1	0.00000	0
424	T	0.00000	1	0.00000	0
425	S	0.00000	1	0.00000	0
426	V	0.00000	1	0.00000	0
427	M	0.00000	1	0.00000	0
428	M	0.00000	1	0.00000	0
429	V	0.00000	1	0.00000	0
430	D	0.00000	1	0.00000	0
431	L	0.00000	1	0.00000	0
432	L	0.00000	1	0.00000	0
433	A	0.00000	1	0.00000	0
434	H	0.00000	1	0.00000	0
435	T	0.00000	1	0.00000	0
436	N	0.00000	1	0.00000	0
437	Y	0.00000	1	0.00000	0
438	T	0.00000	1	0.00000	0
439	F	0.00000	1	0.00000	0
440	E	0.00000	1	0.00000	0
441	I	0.00000	1	0.00000	0
442	E	0.00000	1	0.00000	0
443	A	0.00000	1	0.00000	0
444	V	0.00000	1	0.00000	0
445	N	0.00000	1	0.00000	0
446	G	0.00000	1	0.00000	0
447	V	0.00000	1	0.00000	0
448	S	0.00000	1	0.00000	0
449	D	0.00000	1	0.00000	0
450	L	0.00000	1	0.00000	0
451	S	0.00000	1	0.00000	0
452	P	0.00000	1	0.00000	0
453	G	0.00000	1	0.00000	0
454	A	0.00000	1	0.00000	0
455	R	0.00000	1	0.00000	0
456	Q	0.00000	1	0.00000	0
457	Y	0.00000	1	0.00000	0
458	V	0.00000	1	0.00000	0
459	S	0.00000	1	0.00000	0
460	V	0.00000	1	0.00000	0
461	N	0.00000	1	0.00000	0
462	V	0.00000	1	0.00000	0
463	T	0.00000	1	0.00000	0
464	T	0.00000	1	0.00000	0
465	N	0.00000	1	0.00000	0
466	Q	0.00000	1	0.00000	0
467	A	0.00000	1	0.00000	0
468	A	0.00000	1	0.00000	0
469	P	0.00000	1	0.00000	0
470	S	0.00000	1	0.00000	0
471	P	0.00000	1	0.00000	0
472	V	0.00000	1	0.00000	0
473	T	0.00000	1	0.00000	0
474	N	0.00000	1	0.00000	0
475	V	0.00000	1	0.00000	0
476	K	0.00000	1	0.00000	0
477	K	0.00000	1	0.00000	0
478	G	0.00000	1	0.00000	0
479	K	0.00000	1	0.00000	0
480	I	0.00000	1	0.00000	0
481	A	0.00000	1	0.00000	0
482	K	0.00000	1	0.00000	0
483	N	0.00000	1	0.00000	0
484	S	0.00000	1	0.00000	0
485	I	0.00000	1	0.00000	0
486	S	0.00000	1	0.00000	0
487	L	0.00000	1	0.00000	0
488	S	0.00000	1	0.00000	0
489	W	0.00000	1	0.00000	0
490	Q	0.00000	1	0.00000	0
491	E	0.00000	1	0.00000	0
492	P	0.00000	1	0.00000	0
493	D	0.00000	1	0.00000	0
494	R	0.00000	1	0.00000	0
495	P	0.00000	1	0.00000	0
496	N	0.00000	1	0.00000	0
497	G	0.00000	1	0.00000	0
498	I	0.00000	1	0.00000	0
499	I	0.00000	1	0.00000	0
500	L	0.00000	1	0.00000	0
501	E	0.00000	1	0.00000	0
502	Y	0.00000	1	0.00000	0
503	E	0.00000	1	0.00000	0
504	I	0.00000	1	0.00000	0
505	K	0.00000	1	0.00000	0
506	Y	0.00000	1	0.00000	0
507	F	0.00000	1	0.00000	0
508	E	0.00000	1	0.00000	0
509	K	0.00000	1	0.00000	0
510	D	0.00000	1	0.00000	0
511	Q	0.00000	1	0.00000	0
512	E	0.00000	1	0.00000	0
513	T	0.00000	1	0.00000	0
514	S	0.00000	1	0.00000	0
515	Y	0.00000	1	0.00000	0
516	T	0.00000	1	0.00000	0
517	I	0.00000	1	0.00000	0
518	I	0.00000	1	0.00000	0
519	K	0.00000	1	0.00000	0
520	S	0.00000	1	0.00000	0
521	K	0.00000	1	0.00000	0
522	E	0.00000	1	0.00000	0
523	T	0.00000	1	0.00000	0
524	T	0.00000	1	0.00000	0
525	I	0.00000	1	0.00000	0
526	T	0.00000	1	0.00000	0
527	A	0.00000	1	0.00000	0
528	E	0.00000	1	0.00000	0
529	G	0.00000	1	0.00000	0
530	L	0.00000	1	0.00000	0
531	K	0.00000	1	0.00000	0
532	P	0.00000	1	0.00000	0
533	A	0.00000	1	0.00000	0
534	S	0.00000	1	0.00000	0
535	V	0.00000	1	0.00000	0
536	Y	0.00000	1	0.00000	0
537	V	0.00000	1	0.00000	0
538	F	0.00000	1	0.00000	0
539	Q	0.00000	1	0.00000	0
540	I	0.00000	1	0.00000	0
541	R	0.00000	1	0.00000	0
542	A	0.00000	1	0.00000	0
543	R	0.00000	1	0.00000	0
544	T	0.00000	1	0.00000	0
545	A	0.00000	1	0.00000	0
546	A	0.00000	1	0.00000	0
547	G	0.00000	1	0.00000	0
548	Y	0.00000	1	0.00000	0
549	G	0.00000	1	0.00000	0
550	V	0.00000	1	0.00000	0
551	F	0.00000	1	0.00000	0
552	S	0.00000	1	0.00000	0
553	R	0.00000	1	0.00000	0
554	R	0.00000	1	0.00000	0
555	F	0.00000	1	0.00000	0
556	E	0.00000	1	0.00000	0
557	F	0.00000	1	0.00000	0
558	E	0.00000	1	0.00000	0
559	T	0.00000	1	0.00000	0
560	T	0.00000	0.99999	0.00001	0
561	P	0.00000	0.99999	0.00001	0
562	V	0.00000	0.99998	0.00002	0
563	F	0.00000	0.99998	0.00002	0
564	A	0.00000	0.99998	0.00002	0
565	A	0.00000	0.99998	0.00002	0
566	S	0.00000	0.99998	0.00002	0
567	S	0.00000	0.99998	0.00002	0
568	D	0.00000	0.99998	0.00002	0
569	Q	0.00000	0.98756	0.01244	0
570	S	0.00000	0.9323	0.06770	0
571	Q	0.00000	0.67982	0.32018	0
572	I	0.00000	0.08163	0.91837	0
573	P	0.00000	0.03174	0.96826	0
574	V	0.00000	0.00387	0.99613	0
575	I	0.00000	0.00046	0.99954	0
576	A	0.00000	0.0003	0.99970	0
577	V	0.00000	0.00029	0.99971	0
578	S	0.00000	0.00029	0.99971	0
579	V	0.00000	0.00029	0.99971	0
580	T	0.00000	0.00029	0.99971	0
581	V	0.00000	0.00029	0.99971	0
582	G	0.00000	0.00029	0.99971	0
583	V	0.00000	0.00029	0.99971	0
584	I	0.00000	0.00029	0.99971	0
585	L	0.00000	0.00029	0.99971	0
586	L	0.00000	0.00029	0.99971	0
587	A	0.00000	0.00029	0.99971	0
588	V	0.00005	0.00029	0.99966	0
589	V	0.00092	0.00029	0.99879	0
590	I	0.00882	0.00029	0.99089	0
591	G	0.19780	0.00029	0.80191	0
592	V	0.30692	0.00029	0.69279	0
593	L	0.57305	0.00029	0.42666	0
594	L	0.83721	0.00029	0.16250	0
595	S	0.99658	0.00029	0.00313	0
596	G	0.99844	0.00029	0.00127	0
597	S	0.98018	0.00029	0.01953	0
598	C	0.74098	0.00029	0.25873	0
599	C	0.38649	0.00029	0.61322	0
600	E	0.20243	0.00029	0.79728	0
601	C	0.00428	0.00029	0.99543	0
602	G	0.00086	0.00029	0.99885	0
603	C	0.00082	0.00029	0.99889	0
604	G	0.00082	0.00029	0.99889	0
605	R	0.00081	0.00029	0.99890	0
606	A	0.00030	0.00029	0.99941	0
607	S	0.00017	0.00029	0.99954	0
608	S	0.00004	0.00029	0.99967	0
609	L	0.00002	0.00029	0.99969	0
610	C	0.00000	0.00029	0.99971	0
611	A	0.00000	0.00029	0.99971	0
612	V	0.00000	0.00029	0.99971	0
613	A	0.00000	0.00029	0.99971	0
614	H	0.00000	0.00029	0.99971	0
615	P	0.00000	0.00029	0.99971	0
616	S	0.00000	0.00033	0.99967	0
617	L	0.00000	0.00046	0.99954	0
618	I	0.00000	0.00189	0.99811	0
619	W	0.00000	0.0334	0.96660	0
620	R	0.00000	0.99876	0.00124	0
621	C	0.00000	0.99915	0.00085	0
622	G	0.00000	0.99916	0.00084	0
623	Y	0.00000	0.99917	0.00083	0
624	S	0.00000	0.99918	0.00082	0
625	K	0.00000	0.99918	0.00082	0
626	A	0.00000	0.99918	0.00082	0
627	K	0.00000	0.99974	0.00026	0
628	Q	0.00000	0.99988	0.00012	0
629	D	0.00000	0.99996	0.00004	0
630	P	0.00000	1	0.00000	0
631	E	0.00000	1	0.00000	0
632	E	0.00000	1	0.00000	0
633	E	0.00000	1	0.00000	0
634	K	0.00000	1	0.00000	0
635	M	0.00000	1	0.00000	0
636	H	0.00000	1	0.00000	0
637	F	0.00000	1	0.00000	0
638	H	0.00000	1	0.00000	0
639	N	0.00000	1	0.00000	0
640	G	0.00000	1	0.00000	0
641	H	0.00000	1	0.00000	0
642	I	0.00000	1	0.00000	0
643	K	0.00000	1	0.00000	0
644	L	0.00000	1	0.00000	0
645	P	0.00000	1	0.00000	0
646	G	0.00000	1	0.00000	0
647	V	0.00000	1	0.00000	0
648	R	0.00000	1	0.00000	0
649	T	0.00000	1	0.00000	0
650	Y	0.00000	1	0.00000	0
651	I	0.00000	1	0.00000	0
652	D	0.00000	1	0.00000	0
653	P	0.00000	1	0.00000	0
654	H	0.00000	1	0.00000	0
655	T	0.00000	1	0.00000	0
656	Y	0.00000	1	0.00000	0
657	E	0.00000	1	0.00000	0
658	D	0.00000	0.99998	0.00001	0
659	P	0.00000	0.99991	0.00008	0
660	N	0.00000	0.99624	0.00376	0
661	Q	0.00000	0.99624	0.00376	0
662	A	0.00000	0.99624	0.00376	0
663	V	0.00000	0.99624	0.00376	0
664	H	0.00000	0.99624	0.00376	0
665	E	0.00000	0.99624	0.00376	0
666	F	0.00000	0.99624	0.00376	0
667	A	0.00000	0.99624	0.00376	0
668	K	0.00000	0.99624	0.00376	0
669	E	0.00000	0.99624	0.00376	0
670	I	0.00000	0.99624	0.00376	0
671	E	0.00000	0.99624	0.00376	0
672	A	0.00000	0.99621	0.00379	0
673	S	0.00000	0.99615	0.00385	0
674	C	0.00000	0.99615	0.00385	0
675	I	0.00000	0.99615	0.00385	0
676	T	0.00000	0.99615	0.00385	0
677	I	0.00000	0.99615	0.00385	0
678	E	0.00000	0.99615	0.00385	0
679	R	0.00009	0.51744	0.48247	0
680	V	0.00340	0.00221	0.99439	0
681	I	0.00358	0.00221	0.99422	0
682	G	0.00375	0.00221	0.99404	0
683	A	0.00376	0.00221	0.99403	0
684	G	0.00376	0.00221	0.99403	0
685	E	0.00376	0.00221	0.99403	0
686	F	0.00376	0.00221	0.99403	0
687	G	0.00376	0.00221	0.99403	0
688	E	0.00376	0.00221	0.99403	0
689	V	0.00376	0.00221	0.99403	0
690	C	0.00376	0.00221	0.99403	0
691	S	0.00376	0.00221	0.99403	0
692	G	0.00376	0.00221	0.99403	0
693	R	0.00376	0.00221	0.99403	0
694	L	0.00376	0.00221	0.99403	0
695	K	0.00376	0.00221	0.99402	0
696	L	0.00015	0.00212	0.99772	0
697	P	0.00037	0.00212	0.99751	0
698	G	0.00030	0.00212	0.99757	0
699	K	0.00030	0.00212	0.99757	0
700	R	0.00030	0.00212	0.99757	0
701	E	0.00030	0.00212	0.99757	0
702	L	0.00030	0.00037	0.99933	0
703	P	0.99402	0.00033	0.00565	0
704	V	0.99403	0.00032	0.00566	0
705	A	0.99403	0.00032	0.00565	0
706	I	0.99403	0.00032	0.00566	0
707	K	0.99403	0.00032	0.00566	0
708	T	0.99403	0.00032	0.00566	0
709	L	0.99403	0.00032	0.00566	0
710	K	0.99403	0.00032	0.00566	0
711	V	0.99403	0.00032	0.00566	0
712	G	0.99403	0.00032	0.00566	0
713	Y	0.99403	0.00032	0.00566	0
714	T	0.99403	0.00034	0.00563	0
715	E	0.99403	0.00303	0.00294	0
716	K	0.99403	0.00395	0.00202	0
717	Q	0.99400	0.004	0.00200	0
718	R	0.99280	0.00406	0.00314	0
719	R	0.98373	0.00406	0.01221	0
720	D	0.91253	0.00406	0.08342	0
721	F	0.01410	0.00406	0.98184	0
722	L	0.00222	0.00406	0.99372	0
723	G	0.00195	0.00406	0.99399	0
724	E	0.00190	0.00406	0.99404	0
725	A	0.00189	0.00406	0.99405	0
726	S	0.00189	0.00406	0.99405	0
727	I	0.00189	0.00406	0.99405	0
728	M	0.00189	0.00406	0.99405	0
729	G	0.00189	0.00406	0.99405	0
730	Q	0.00189	0.00406	0.99405	0
731	F	0.00189	0.00406	0.99405	0
732	D	0.00189	0.00406	0.99405	0
733	H	0.00189	0.00406	0.99405	0
734	P	0.00189	0.00405	0.99406	0
735	N	0.00169	0.00405	0.99426	0
736	I	0.00018	0.00405	0.99576	0
737	I	0.00001	0.00406	0.99593	0
738	H	0.00000	0.00569	0.99430	0
739	L	0.00000	0.00673	0.99327	0
740	E	0.00000	0.39141	0.60859	0
741	G	0.00001	0.50688	0.49310	0
742	V	0.00002	0.61748	0.38250	0
743	V	0.00002	0.95541	0.04457	0
744	T	0.00002	0.99173	0.00824	0
745	K	0.00002	0.99807	0.00191	0
746	S	0.00002	0.99808	0.00190	0
747	K	0.00002	0.99808	0.00190	0
748	P	0.00002	0.99808	0.00190	0
749	V	0.00002	0.99808	0.00190	0
750	M	0.00002	0.99808	0.00190	0
751	I	0.00002	0.99808	0.00190	0
752	V	0.00002	0.99808	0.00190	0
753	T	0.00002	0.99808	0.00190	0
754	E	0.00002	0.99812	0.00185	0
755	Y	0.00002	0.99815	0.00183	0
756	M	0.00002	0.99826	0.00171	0
757	E	0.00003	0.99991	0.00007	0
758	N	0.00003	0.99997	0.00001	0
759	G	0.00003	0.99997	0.00000	0
760	S	0.00003	0.99997	0.00000	0
761	L	0.00002	0.99995	0.00002	0
762	D	0.00002	0.99995	0.00003	0
763	T	0.00001	0.9999	0.00009	0
764	F	0.00000	0.99818	0.00181	0
765	L	0.00000	0.99818	0.00181	0
766	K	0.00000	0.99818	0.00181	0
767	K	0.00000	0.99818	0.00181	0
768	N	0.00000	0.99809	0.00191	0
769	D	0.00000	0.99764	0.00236	0
770	G	0.00000	0.98034	0.01966	0
771	Q	0.00000	0.84858	0.15141	0
772	F	0.00000	0.82436	0.17564	0
773	T	0.00000	0.79918	0.20082	0
774	V	0.00000	0.52644	0.47355	0
775	I	0.00000	0.51103	0.48896	0
776	Q	0.00000	0.5109	0.48910	0
777	L	0.00000	0.01967	0.98033	0
778	V	0.00000	0.01177	0.98823	0
779	G	0.00000	0.01176	0.98824	0
780	M	0.00000	0.01163	0.98837	0
781	L	0.00000	0.01163	0.98837	0
782	R	0.00000	0.01163	0.98837	0
783	G	0.00000	0.01163	0.98837	0
784	I	0.00000	0.01162	0.98837	0
785	S	0.00021	0.01164	0.98816	0
786	A	0.00056	0.01164	0.98780	0
787	G	0.00170	0.01164	0.98667	0
788	M	0.00171	0.01164	0.98665	0
789	K	0.00176	0.01164	0.98660	0
790	Y	0.00176	0.01164	0.98660	0
791	L	0.00220	0.01164	0.98616	0
792	S	0.03421	0.01164	0.95415	0
793	D	0.14496	0.01164	0.84340	0
794	M	0.15476	0.0108	0.83443	0
795	G	0.15770	0.00961	0.83268	0
796	Y	0.15857	0.00961	0.83182	0
797	V	0.17153	0.00961	0.81885	0
798	H	0.51172	0.00961	0.47866	0
799	R	0.89669	0.00955	0.09377	0
800	D	0.97312	0.00903	0.01784	0
801	L	0.97905	0.00299	0.01796	0
802	A	0.98466	0.00241	0.01293	0
803	A	0.98824	0.00222	0.00954	0
804	R	0.98835	0.00157	0.01009	0
805	N	0.98807	0.0005	0.01143	0
806	I	0.98806	0	0.01194	0
807	L	0.98806	0	0.01194	0
808	I	0.98806	0	0.01194	0
809	N	0.98807	0	0.01193	0
810	S	0.98807	0	0.01193	0
811	N	0.98807	0	0.01193	0
812	L	0.98807	0	0.01193	0
813	V	0.98807	0	0.01193	0
814	C	0.98807	0	0.01193	0
815	K	0.98810	0	0.01190	0
816	V	0.98814	0	0.01186	0
817	S	0.98933	0	0.01067	0
818	D	0.98992	0	0.01008	0
819	F	0.98993	0	0.01007	0
820	G	0.99008	0	0.00992	0
821	L	0.99009	0	0.00991	0
822	S	0.99030	0	0.00970	0
823	R	0.99089	0	0.00911	0
824	V	0.99097	1e-05	0.00903	0
825	L	0.99159	7e-05	0.00833	0
826	E	0.99906	0.00026	0.00068	0
827	D	0.99960	0.00028	0.00012	0
828	D	0.99971	0.00029	0.00000	0
829	P	0.99971	0.00029	0.00000	0
830	E	0.99971	0.00029	0.00000	0
831	A	0.99970	0.00029	0.00000	0
832	A	0.99969	0.00029	0.00002	0
833	Y	0.99969	0.00029	0.00002	0
834	T	0.99969	0.00029	0.00002	0
835	T	0.99969	0.00029	0.00002	0
836	R	0.99969	0.00029	0.00002	0
837	G	0.99969	0.00029	0.00002	0
838	G	0.99969	0.00029	0.00002	0
839	K	0.99969	0.00029	0.00002	0
840	I	0.99969	0.00029	0.00002	0
841	P	0.99969	0.00029	0.00002	0
842	I	0.99968	0.00029	0.00003	0
843	R	0.99968	0.00029	0.00003	0
844	W	0.99968	0.00029	0.00003	0
845	T	0.99968	0.00029	0.00003	0
846	A	0.99968	0.00029	0.00003	0
847	P	0.99968	0.00029	0.00003	0
848	E	0.99968	0.00029	0.00003	0
849	A	0.59217	0.00011	0.40772	0
850	I	0.43333	3e-05	0.56663	0
851	A	0.27109	1e-05	0.72890	0
852	F	0.09487	0	0.90512	0
853	R	0.09221	2e-05	0.90777	0
854	K	0.06107	2e-05	0.93890	0
855	F	0.00000	2e-05	0.99998	0
856	T	0.00000	2e-05	0.99998	0
857	S	0.00000	2e-05	0.99998	0
858	A	0.00000	2e-05	0.99998	0
859	S	0.00000	2e-05	0.99998	0
860	D	0.00000	2e-05	0.99998	0
861	V	0.00000	2e-05	0.99998	0
862	W	0.00000	2e-05	0.99998	0
863	S	0.00000	2e-05	0.99998	0
864	Y	0.00000	2e-05	0.99998	0
865	G	0.00000	2e-05	0.99998	0
866	I	0.00000	2e-05	0.99998	0
867	V	0.00000	2e-05	0.99998	0
868	M	0.00000	0.00035	0.99965	0
869	W	0.00000	0.03755	0.96245	0
870	E	0.00000	0.1024	0.89759	0
871	V	0.00019	0.11514	0.88466	0
872	V	0.00021	0.18947	0.81032	0
873	S	0.00023	0.55029	0.44949	0
874	Y	0.00024	0.69551	0.30425	0
875	G	0.00029	0.92223	0.07748	0
876	E	0.00029	0.99493	0.00478	0
877	R	0.00029	0.99909	0.00062	0
878	P	0.00029	0.99943	0.00028	0
879	Y	0.00029	0.99958	0.00012	0
880	W	0.00029	0.99963	0.00008	0
881	E	0.00029	0.99971	0.00000	0
882	M	0.00029	0.99971	0.00000	0
883	T	0.00029	0.99971	0.00000	0
884	N	0.00029	0.99971	0.00000	0
885	Q	0.00029	0.99969	0.00002	0
886	D	0.00029	0.99964	0.00006	0
887	V	0.00029	0.99627	0.00344	0
888	I	0.00029	0.98569	0.01402	0
889	K	0.00029	0.94963	0.05009	0
890	A	0.00028	0.92277	0.07695	0
891	V	0.00027	0.90467	0.09506	0
892	E	0.00022	0.68838	0.31140	0
893	E	0.00002	0.16889	0.83110	0
894	G	0.00000	0.07268	0.92732	0
895	Y	0.00000	0.00687	0.99312	0
896	R	0.00000	0.00363	0.99636	0
897	L	0.00000	2e-05	0.99998	0
898	P	0.00000	1e-05	0.99999	0
899	S	0.00000	1e-05	0.99999	0
900	P	0.00000	1e-05	0.99999	0
901	M	0.00000	1e-05	0.99999	0
902	D	0.00000	1e-05	0.99999	0
903	C	0.00000	1e-05	0.99999	0
904	P	0.00000	1e-05	0.99999	0
905	A	0.00001	1e-05	0.99999	0
906	A	0.00003	1e-05	0.99996	0
907	L	0.00005	1e-05	0.99994	0
908	Y	0.00118	1e-05	0.99881	0
909	Q	0.00286	1e-05	0.99713	0
910	L	0.00394	1e-05	0.99605	0
911	M	0.02556	1e-05	0.97442	0
912	L	0.16945	3e-05	0.83052	0
913	D	0.52067	0.0003	0.47903	0
914	C	0.54383	0.0003	0.45588	0
915	W	0.80614	0.0003	0.19357	0
916	Q	0.99525	0.0003	0.00445	0
917	K	0.99970	0.0003	0.00000	0
918	E	0.99970	0.0003	0.00000	0
919	R	0.99970	0.0003	0.00000	0
920	N	0.99970	0.0003	0.00000	0
921	S	0.99970	0.0003	0.00000	0
922	R	0.99970	0.0003	0.00000	0
923	P	0.99970	0.0003	0.00000	0
924	K	0.99970	0.0003	0.00000	0
925	F	0.99970	0.0003	0.00000	0
926	D	0.99970	0.0003	0.00000	0
927	E	0.99970	0.0003	0.00000	0
928	I	0.99970	0.00024	0.00006	0
929	V	0.99970	0.00024	0.00006	0
930	N	0.99970	0.00024	0.00006	0
931	M	0.99970	0.00024	0.00006	0
932	L	0.99970	0.00023	0.00006	0
933	D	0.99970	0.00023	0.00006	0
934	K	0.99970	0.0002	0.00009	0
935	L	0.99970	7e-05	0.00022	0
936	I	0.99970	7e-05	0.00023	0
937	R	0.99970	7e-05	0.00023	0
938	N	0.99970	2e-05	0.00028	0
939	P	0.99970	2e-05	0.00028	0
940	S	0.99970	2e-05	0.00028	0
941	S	0.99970	2e-05	0.00028	0
942	L	0.99970	2e-05	0.00028	0
943	K	0.99970	2e-05	0.00028	0
944	T	0.99970	1e-05	0.00029	0
945	L	0.99970	0	0.00029	0
946	V	0.99970	0	0.00030	0
947	N	0.99970	0	0.00030	0
948	A	0.99970	0	0.00030	0
949	S	0.99970	0	0.00030	0
950	C	0.99971	0	0.00029	0
951	R	0.99974	0	0.00026	0
952	V	0.99974	0	0.00025	0
953	S	0.99976	0	0.00024	0
954	N	0.99976	0	0.00024	0
955	L	0.99977	0	0.00023	0
956	L	0.99984	0	0.00016	0
957	A	0.99986	0	0.00014	0
958	E	0.99992	0	0.00008	0
959	H	0.99994	0	0.00006	0
960	S	0.99996	0	0.00004	0
961	P	0.99997	0	0.00003	0
962	L	0.99997	0	0.00003	0
963	G	0.99998	0	0.00002	0
964	S	0.99998	0	0.00002	0
965	G	0.99998	0	0.00002	0
966	A	0.99998	0	0.00002	0
967	Y	0.99998	0	0.00002	0
968	R	0.99999	0	0.00001	0
969	S	0.99999	0	0.00001	0
970	V	0.99999	0	0.00001	0
971	G	0.99999	0	0.00001	0
972	E	0.99999	0	0.00001	0
973	W	0.99999	0	0.00001	0
974	L	0.99999	0	0.00001	0
975	E	0.99999	0	0.00001	0
976	A	0.99997	0	0.00003	0
977	I	0.99972	0	0.00028	0
978	K	0.99971	0	0.00029	0
979	M	0.99971	0	0.00029	0
980	G	0.99971	0	0.00029	0
981	R	0.99971	0	0.00029	0
982	Y	0.99971	0	0.00029	0
983	T	0.99971	0	0.00029	0
984	E	0.99971	0	0.00029	0
985	I	0.99971	0	0.00029	0
986	F	0.99971	0	0.00029	0
987	M	0.99971	0	0.00029	0
988	E	0.99971	0	0.00029	0
989	N	0.99971	0	0.00029	0
990	G	0.99971	0	0.00029	0
991	Y	0.99971	0	0.00029	0
992	S	0.99971	0	0.00029	0
993	S	0.99971	0	0.00029	0
994	M	0.99971	0	0.00029	0
995	D	0.99971	0	0.00029	0
996	A	0.99971	0	0.00029	0
997	V	0.99971	0	0.00029	0
998	A	0.99971	1e-05	0.00028	0
999	Q	0.99971	6e-05	0.00023	0
1000	V	0.99971	7e-05	0.00022	0
1001	T	0.99971	0.00015	0.00014	0
1002	L	0.99971	0.00018	0.00011	0
1003	E	0.99971	0.00028	0.00001	0
1004	D	0.99971	0.00027	0.00001	0
1005	L	0.99971	0.00027	0.00002	0
1006	R	0.99971	0.00027	0.00002	0
1007	R	0.99971	0.00027	0.00002	0
1008	L	0.99971	0.00027	0.00002	0
1009	G	0.99971	0.00027	0.00002	0
1010	V	0.99971	0.00027	0.00002	0
1011	T	0.99971	0.00027	0.00002	0
1012	L	0.99971	0.00027	0.00002	0
1013	V	0.99971	0.00027	0.00002	0
1014	G	0.99971	0.00027	0.00002	0
1015	H	0.99972	0.00023	0.00005	0
1016	Q	0.99972	0.0001	0.00019	0
1017	K	0.99972	1e-05	0.00027	0
1018	K	0.99972	0	0.00028	0
1019	I	0.99972	0	0.00028	0
1020	M	0.99972	0	0.00028	0
1021	N	0.99972	0	0.00028	0
1022	S	0.99972	0	0.00028	0
1023	L	0.99972	0	0.00028	0
1024	Q	0.99973	0	0.00027	0
1025	E	0.99973	0	0.00027	0
1026	M	0.99973	0	0.00027	0
1027	K	0.99973	0	0.00027	0
1028	V	0.99973	0	0.00027	0
1029	Q	0.99973	0	0.00027	0
1030	L	0.99973	0	0.00027	0
1031	V	0.99973	0	0.00027	0
1032	N	0.99973	0	0.00027	0
1033	G	0.99973	0	0.00027	0
1034	M	0.99973	0	0.00027	0
1035	V	0.99974	0	0.00026	0
1036	P	0.99983	0	0.00017	0
1037	L	1.00000	0	0.00000	0
