# UNNAMED
#pos	aa	i	o	M	S
1	M	0.00000	0.0002	0.00000	0.9998
2	T	0.00000	0.0002	0.00000	0.9998
3	P	0.00000	0.0002	0.00000	0.9998
4	G	0.00000	0.0002	0.00000	0.9998
5	A	0.00000	0.0002	0.00000	0.9998
6	L	0.00000	0.0002	0.00000	0.9998
7	L	0.00000	0.0002	0.00000	0.99981
8	M	0.00000	0.0002	0.00000	0.9998
9	L	0.00000	0.0002	0.00000	0.9998
10	L	0.00000	0.0002	0.00000	0.9998
11	G	0.00000	0.0002	0.00000	0.9998
12	A	0.00000	0.0002	0.00000	0.9998
13	L	0.00000	0.0002	0.00000	0.9998
14	G	0.00000	0.0002	0.00000	0.99981
15	A	0.00000	0.00063	0.00000	0.99937
16	P	0.00000	0.00063	0.00000	0.99937
17	L	0.00000	0.00063	0.00000	0.99937
18	A	0.00000	0.00119	0.00000	0.99881
19	P	0.00000	0.00119	0.00000	0.99881
20	G	0.00000	0.00119	0.00000	0.99881
21	V	0.00000	0.04395	0.00000	0.95605
22	R	0.00000	0.04395	0.00000	0.95605
23	G	0.00000	0.04395	0.00000	0.95605
24	S	0.00000	0.98741	0.00000	0.01259
25	E	0.00000	0.98741	0.00000	0.01259
26	A	0.00000	0.9883	0.00000	0.0117
27	E	0.00000	0.99707	0.00000	0.00293
28	G	0.00000	0.99707	0.00000	0.00293
29	R	0.00000	1	0.00000	0
30	L	0.00000	1	0.00000	0
31	R	0.00000	1	0.00000	0
32	E	0.00000	1	0.00000	0
33	K	0.00000	1	0.00000	0
34	L	0.00000	1	0.00000	0
35	F	0.00000	1	0.00000	0
36	S	0.00000	1	0.00000	0
37	G	0.00000	1	0.00000	0
38	Y	0.00000	1	0.00000	0
39	D	0.00000	1	0.00000	0
40	S	0.00000	1	0.00000	0
41	S	0.00000	1	0.00000	0
42	V	0.00000	1	0.00000	0
43	R	0.00000	1	0.00000	0
44	P	0.00000	1	0.00000	0
45	A	0.00000	1	0.00000	0
46	R	0.00000	1	0.00000	0
47	E	0.00000	1	0.00000	0
48	V	0.00000	1	0.00000	0
49	G	0.00000	1	0.00000	0
50	D	0.00000	1	0.00000	0
51	R	0.00000	1	0.00000	0
52	V	0.00000	1	0.00000	0
53	R	0.00000	1	0.00000	0
54	V	0.00000	0.99999	0.00001	0
55	S	0.00000	0.99999	0.00001	0
56	V	0.00000	0.99998	0.00002	0
57	G	0.00000	0.99997	0.00003	0
58	L	0.00000	0.99996	0.00004	0
59	I	0.00000	0.99995	0.00005	0
60	L	0.00000	0.99995	0.00005	0
61	A	0.00000	0.99995	0.00005	0
62	Q	0.00000	0.99995	0.00005	0
63	L	0.00000	0.99995	0.00005	0
64	I	0.00000	0.99995	0.00005	0
65	S	0.00000	0.99995	0.00005	0
66	L	0.00000	0.99995	0.00005	0
67	N	0.00000	0.99995	0.00005	0
68	E	0.00000	0.99995	0.00005	0
69	K	0.00000	0.99995	0.00005	0
70	D	0.00000	0.99995	0.00005	0
71	E	0.00000	0.99995	0.00005	0
72	E	0.00000	0.99995	0.00005	0
73	M	0.00000	0.99995	0.00005	0
74	S	0.00000	0.99995	0.00005	0
75	T	0.00000	0.99995	0.00005	0
76	K	0.00000	0.99995	0.00005	0
77	V	0.00000	0.99995	0.00005	0
78	Y	0.00000	0.99995	0.00005	0
79	L	0.00000	0.99995	0.00005	0
80	D	0.00004	0.99995	0.00001	0
81	L	0.00005	0.99995	0.00000	0
82	E	0.00005	0.99995	0.00000	0
83	W	0.00005	0.99995	0.00000	0
84	T	0.00005	0.99995	0.00000	0
85	D	0.00005	0.99995	0.00000	0
86	Y	0.00005	0.99754	0.00241	0
87	R	0.00005	0.99754	0.00241	0
88	L	0.00005	0.99754	0.00241	0
89	S	0.00005	0.99754	0.00241	0
90	W	0.00005	0.99754	0.00241	0
91	D	0.00005	0.99754	0.00241	0
92	P	0.00005	0.99754	0.00241	0
93	A	0.00004	0.99754	0.00242	0
94	E	0.00001	0.99754	0.00244	0
95	H	0.00000	0.99754	0.00245	0
96	D	0.00000	0.99754	0.00245	0
97	G	0.00000	0.99754	0.00246	0
98	I	0.00000	0.99754	0.00246	0
99	D	0.00000	0.99754	0.00246	0
100	S	0.00000	0.99177	0.00823	0
101	L	0.00000	0.99129	0.00871	0
102	R	0.00000	0.99129	0.00871	0
103	I	0.00000	0.99129	0.00871	0
104	T	0.00002	0.99129	0.00869	0
105	A	0.00015	0.99129	0.00856	0
106	E	0.00227	0.99129	0.00643	0
107	S	0.00240	0.99129	0.00631	0
108	V	0.00240	0.99129	0.00631	0
109	W	0.00241	0.99129	0.00631	0
110	L	0.00241	0.99129	0.00630	0
111	P	0.00241	0.99129	0.00630	0
112	D	0.00241	0.99129	0.00630	0
113	V	0.00233	0.99129	0.00638	0
114	V	0.00183	0.9913	0.00687	0
115	L	0.00008	0.9913	0.00862	0
116	L	0.00003	0.99134	0.00863	0
117	N	0.00025	0.99134	0.00842	0
118	N	0.00403	0.99134	0.00463	0
119	N	0.00597	0.99134	0.00269	0
120	D	0.00626	0.99134	0.00241	0
121	G	0.00625	0.99134	0.00241	0
122	N	0.00620	0.99134	0.00247	0
123	F	0.00558	0.99134	0.00308	0
124	D	0.00549	0.99134	0.00318	0
125	V	0.00181	0.99134	0.00686	0
126	A	0.00099	0.99134	0.00767	0
127	L	0.00003	0.99134	0.00863	0
128	D	0.00001	0.99134	0.00866	0
129	I	0.00000	0.99134	0.00866	0
130	S	0.00000	0.99134	0.00866	0
131	V	0.00000	0.99134	0.00866	0
132	V	0.00000	0.99134	0.00866	0
133	V	0.00000	0.99134	0.00865	0
134	S	0.00000	0.99237	0.00763	0
135	S	0.00000	0.99278	0.00722	0
136	D	0.00000	0.99348	0.00651	0
137	G	0.00000	0.99352	0.00647	0
138	S	0.00000	0.99355	0.00645	0
139	V	0.00000	0.99355	0.00645	0
140	R	0.00000	0.99358	0.00642	0
141	W	0.00000	0.99359	0.00641	0
142	Q	0.00000	0.99372	0.00628	0
143	P	0.00000	0.99375	0.00625	0
144	P	0.00000	0.99446	0.00554	0
145	G	0.00000	0.99657	0.00343	0
146	I	0.00000	0.99925	0.00074	0
147	Y	0.00000	0.99999	0.00001	0
148	R	0.00000	1	0.00000	0
149	S	0.00000	1	0.00000	0
150	S	0.00000	1	0.00000	0
151	C	0.00000	1	0.00000	0
152	S	0.00000	1	0.00000	0
153	I	0.00000	0.99999	0.00001	0
154	Q	0.00000	0.99999	0.00001	0
155	V	0.00000	0.99997	0.00003	0
156	T	0.00000	0.99996	0.00004	0
157	Y	0.00000	0.99268	0.00732	0
158	F	0.00000	0.99173	0.00827	0
159	P	0.00000	0.99132	0.00868	0
160	F	0.00000	0.99129	0.00871	0
161	D	0.00000	0.99129	0.00871	0
162	W	0.00000	0.99129	0.00871	0
163	Q	0.00000	0.99129	0.00871	0
164	N	0.00000	0.99129	0.00871	0
165	C	0.00000	0.99129	0.00871	0
166	T	0.00000	0.99129	0.00871	0
167	M	0.00000	0.99129	0.00871	0
168	V	0.00000	0.99129	0.00871	0
169	F	0.00000	0.99129	0.00871	0
170	S	0.00000	0.99129	0.00871	0
171	S	0.00000	0.99129	0.00871	0
172	Y	0.00000	0.99129	0.00871	0
173	S	0.00000	0.99129	0.00871	0
174	Y	0.00000	0.99129	0.00871	0
175	D	0.00000	0.99129	0.00871	0
176	S	0.00003	0.99129	0.00868	0
177	S	0.00076	0.99129	0.00795	0
178	E	0.00093	0.99129	0.00778	0
179	V	0.00847	0.99129	0.00024	0
180	S	0.00871	0.99129	0.00000	0
181	L	0.00871	0.99129	0.00000	0
182	Q	0.00871	0.99129	0.00000	0
183	T	0.00871	0.99129	0.00000	0
184	G	0.00871	0.99129	0.00000	0
185	L	0.00871	0.99129	0.00000	0
186	G	0.00871	0.99129	0.00000	0
187	P	0.00871	0.99129	0.00000	0
188	D	0.00871	0.99129	0.00000	0
189	G	0.00871	0.99129	0.00000	0
190	Q	0.00871	0.99129	0.00000	0
191	G	0.00871	0.99129	0.00000	0
192	H	0.00869	0.99129	0.00002	0
193	Q	0.00867	0.99129	0.00004	0
194	E	0.00575	0.99129	0.00296	0
195	I	0.00008	0.99129	0.00863	0
196	H	0.00002	0.99129	0.00869	0
197	I	0.00000	0.99129	0.00870	0
198	H	0.00000	0.99129	0.00871	0
199	E	0.00000	0.99129	0.00871	0
200	G	0.00000	0.99129	0.00871	0
201	T	0.00000	0.99129	0.00871	0
202	F	0.00000	0.99129	0.00871	0
203	I	0.00000	0.99129	0.00871	0
204	E	0.00000	0.99129	0.00871	0
205	N	0.00000	0.99129	0.00871	0
206	G	0.00000	0.99129	0.00871	0
207	Q	0.00000	0.99129	0.00871	0
208	W	0.00000	0.99129	0.00871	0
209	E	0.00000	0.99129	0.00871	0
210	I	0.00000	0.99129	0.00871	0
211	I	0.00000	0.99129	0.00871	0
212	H	0.00000	0.99139	0.00861	0
213	K	0.00000	0.9939	0.00610	0
214	P	0.00000	0.99492	0.00508	0
215	S	0.00000	0.99692	0.00308	0
216	R	0.00000	0.99975	0.00025	0
217	L	0.00000	0.99993	0.00007	0
218	I	0.00000	0.99996	0.00004	0
219	Q	0.00000	0.99999	0.00001	0
220	P	0.00000	1	0.00000	0
221	P	0.00000	1	0.00000	0
222	G	0.00000	1	0.00000	0
223	D	0.00000	1	0.00000	0
224	P	0.00000	1	0.00000	0
225	R	0.00000	1	0.00000	0
226	G	0.00000	1	0.00000	0
227	G	0.00000	1	0.00000	0
228	R	0.00000	1	0.00000	0
229	E	0.00000	1	0.00000	0
230	G	0.00000	1	0.00000	0
231	Q	0.00000	1	0.00000	0
232	R	0.00000	1	0.00000	0
233	Q	0.00000	1	0.00000	0
234	E	0.00000	1	0.00000	0
235	V	0.00000	1	0.00000	0
236	I	0.00000	1	0.00000	0
237	F	0.00000	1	0.00000	0
238	Y	0.00000	1	0.00000	0
239	L	0.00000	1	0.00000	0
240	I	0.00000	1	0.00000	0
241	I	0.00000	1	0.00000	0
242	R	0.00000	1	0.00000	0
243	R	0.00000	0.99999	0.00001	0
244	K	0.00000	0.99483	0.00517	0
245	P	0.00000	0.80153	0.19847	0
246	L	0.00000	0.03922	0.96078	0
247	F	0.00000	0.00916	0.99084	0
248	Y	0.00000	0.00265	0.99735	0
249	L	0.00000	0.00053	0.99947	0
250	V	0.00000	0.00014	0.99986	0
251	N	0.00000	2e-05	0.99998	0
252	V	0.00000	0	1.00000	0
253	I	0.00000	0	1.00000	0
254	A	0.00000	0	1.00000	0
255	P	0.00000	0	1.00000	0
256	C	0.00000	0	1.00000	0
257	I	0.00000	0	1.00000	0
258	L	0.00000	0	1.00000	0
259	I	0.00000	0	1.00000	0
260	T	0.00000	0	1.00000	0
261	L	0.00000	0	1.00000	0
262	L	0.00000	0	1.00000	0
263	A	0.00000	0	1.00000	0
264	I	0.00000	0	1.00000	0
265	F	0.00006	0	0.99994	0
266	V	0.00306	0	0.99694	0
267	F	0.02311	0	0.97689	0
268	Y	0.18730	0	0.81270	0
269	L	0.59800	0	0.40200	0
270	P	0.99682	0	0.00318	0
271	P	0.99998	0	0.00002	0
272	D	1.00000	0	0.00000	0
273	A	0.99993	0	0.00007	0
274	G	0.99943	0	0.00057	0
275	E	0.99165	0	0.00835	0
276	K	0.97155	0	0.02845	0
277	M	0.11476	0	0.88524	0
278	G	0.01320	0	0.98680	0
279	L	0.00902	0	0.99098	0
280	S	0.00882	0	0.99118	0
281	I	0.00384	0	0.99616	0
282	F	0.00381	0	0.99619	0
283	A	0.00213	0	0.99787	0
284	L	0.00005	0	0.99995	0
285	L	0.00002	0	0.99998	0
286	T	0.00002	0	0.99998	0
287	L	0.00002	0	0.99998	0
288	T	0.00002	0	0.99998	0
289	V	0.00002	0	0.99998	0
290	F	0.00002	0	0.99998	0
291	L	0.00001	0	0.99999	0
292	L	0.00001	0	0.99999	0
293	L	0.00001	3e-05	0.99996	0
294	L	0.00001	0.00154	0.99845	0
295	A	0.00001	0.11928	0.88070	0
296	D	0.00001	0.85655	0.14344	0
297	K	0.00001	0.97872	0.02127	0
298	V	0.00001	0.98586	0.01413	0
299	P	0.00001	0.98839	0.01159	0
300	E	0.00001	0.99134	0.00865	0
301	T	0.00000	0.99154	0.00846	0
302	S	0.00000	0.99166	0.00833	0
303	L	0.00000	0.99175	0.00825	0
304	S	0.00000	0.99242	0.00757	0
305	V	0.00000	0.98743	0.01257	0
306	P	0.00000	0.97986	0.02014	0
307	I	0.00000	0.10666	0.89334	0
308	I	0.00000	0.01514	0.98486	0
309	I	0.00000	0.01191	0.98809	0
310	K	0.00000	0.01362	0.98638	0
311	Y	0.00000	0.00805	0.99195	0
312	L	0.00000	0.00225	0.99775	0
313	M	0.00000	0.00025	0.99975	0
314	F	0.00000	5e-05	0.99995	0
315	T	0.00000	1e-05	0.99999	0
316	M	0.00000	0	1.00000	0
317	V	0.00000	0	1.00000	0
318	L	0.00000	0	1.00000	0
319	V	0.00000	0	1.00000	0
320	T	0.00000	0	1.00000	0
321	F	0.00000	0	1.00000	0
322	S	0.00000	1e-05	0.99999	0
323	V	0.00000	1e-05	0.99999	0
324	I	0.00001	1e-05	0.99999	0
325	L	0.00024	1e-05	0.99975	0
326	S	0.03039	1e-05	0.96960	0
327	V	0.19465	0	0.80534	0
328	V	0.79924	0	0.20076	0
329	V	0.96470	0	0.03530	0
330	L	0.97901	0	0.02099	0
331	N	0.98935	0	0.01065	0
332	L	0.99222	0	0.00778	0
333	H	0.99618	0	0.00382	0
334	H	0.99834	0	0.00166	0
335	R	0.99998	0	0.00002	0
336	S	0.99998	0	0.00002	0
337	P	0.99998	0	0.00002	0
338	H	0.99906	0	0.00094	0
339	T	0.99813	0	0.00187	0
340	H	0.98893	0	0.01107	0
341	Q	0.97734	0	0.02266	0
342	M	0.87517	0	0.12483	0
343	P	0.38980	0	0.61020	0
344	L	0.01492	0	0.98508	0
345	W	0.00876	0	0.99124	0
346	V	0.00871	0	0.99129	0
347	R	0.00873	0	0.99127	0
348	Q	0.00872	0	0.99128	0
349	I	0.00871	0	0.99129	0
350	F	0.00871	0	0.99129	0
351	I	0.00871	0	0.99129	0
352	H	0.00871	0	0.99129	0
353	K	0.00871	0	0.99129	0
354	L	0.00871	0	0.99129	0
355	P	0.00871	0	0.99129	0
356	L	0.00871	0	0.99129	0
357	Y	0.00871	5e-05	0.99124	0
358	L	0.00871	0.00011	0.99118	0
359	R	0.00871	0.00145	0.98983	0
360	L	0.00871	0.00196	0.98933	0
361	K	0.00871	0.22624	0.76505	0
362	R	0.00871	0.52722	0.46407	0
363	P	0.00871	0.65151	0.33978	0
364	K	0.00871	0.99059	0.00070	0
365	P	0.00871	0.99107	0.00021	0
366	E	0.00871	0.99127	0.00002	0
367	R	0.00871	0.99128	0.00001	0
368	D	0.00871	0.99128	0.00001	0
369	L	0.00871	0.99128	0.00001	0
370	M	0.00871	0.99128	0.00001	0
371	P	0.00871	0.99129	0.00000	0
372	E	0.00871	0.99129	0.00000	0
373	P	0.00871	0.99128	0.00000	0
374	P	0.00871	0.99128	0.00001	0
375	H	0.00871	0.99128	0.00001	0
376	C	0.00871	0.99128	0.00001	0
377	S	0.00871	0.99128	0.00001	0
378	S	0.00871	0.99128	0.00001	0
379	P	0.00871	0.99128	0.00001	0
380	G	0.00871	0.99112	0.00017	0
381	S	0.00871	0.99106	0.00023	0
382	G	0.00871	0.99106	0.00023	0
383	W	0.00871	0.9909	0.00039	0
384	G	0.00871	0.99089	0.00039	0
385	R	0.00871	0.99089	0.00040	0
386	G	0.00871	0.99089	0.00040	0
387	T	0.00871	0.99089	0.00040	0
388	D	0.00871	0.99083	0.00046	0
389	E	0.00871	0.96886	0.02243	0
390	Y	0.00871	0.96598	0.02531	0
391	F	0.00871	0.96575	0.02554	0
392	I	0.00871	0.96575	0.02554	0
393	R	0.00871	0.96574	0.02555	0
394	K	0.00872	0.96574	0.02554	0
395	P	0.00872	0.96574	0.02554	0
396	P	0.00872	0.96574	0.02554	0
397	S	0.00872	0.96571	0.02557	0
398	D	0.00872	0.96541	0.02587	0
399	F	0.00872	0.96337	0.02791	0
400	L	0.00872	0.96336	0.02793	0
401	F	0.00872	0.96335	0.02793	0
402	P	0.00885	0.96335	0.02781	0
403	K	0.00897	0.96335	0.02769	0
404	P	0.00900	0.96335	0.02765	0
405	N	0.00902	0.96334	0.02764	0
406	R	0.00903	0.96334	0.02763	0
407	F	0.00903	0.96331	0.02767	0
408	Q	0.01102	0.96331	0.02567	0
409	P	0.01174	0.9633	0.02496	0
410	E	0.02743	0.96329	0.00928	0
411	L	0.03202	0.96329	0.00469	0
412	S	0.03289	0.96328	0.00383	0
413	A	0.03321	0.9632	0.00359	0
414	P	0.03390	0.9632	0.00290	0
415	D	0.03426	0.9632	0.00254	0
416	L	0.03426	0.82138	0.14437	0
417	R	0.03426	0.82133	0.14441	0
418	R	0.03426	0.82106	0.14468	0
419	F	0.03426	0.81901	0.14673	0
420	I	0.03433	0.79496	0.17071	0
421	D	0.03651	0.79465	0.16884	0
422	G	0.03664	0.69211	0.27124	0
423	P	0.03664	0.62559	0.33777	0
424	N	0.03662	0.61849	0.34489	0
425	R	0.03580	0.61455	0.34965	0
426	A	0.01116	0.09028	0.89856	0
427	V	0.01113	3e-05	0.98884	0
428	A	0.01113	3e-05	0.98885	0
429	L	0.01113	0	0.98887	0
430	L	0.01117	0	0.98883	0
431	P	0.01118	0	0.98882	0
432	E	0.01119	0	0.98881	0
433	L	0.01119	0	0.98881	0
434	R	0.01119	0	0.98881	0
435	E	0.01119	0	0.98881	0
436	V	0.01120	0	0.98880	0
437	V	0.01404	0	0.98596	0
438	S	0.09953	0	0.90046	0
439	S	0.14975	0	0.85025	0
440	I	0.14997	0	0.85003	0
441	S	0.15101	0	0.84899	0
442	Y	0.15114	0	0.84886	0
443	I	0.15198	0	0.84802	0
444	A	0.17757	3e-05	0.82240	0
445	R	0.35132	0.00435	0.64433	0
446	Q	0.43524	0.00752	0.55724	0
447	L	0.52196	0.01097	0.46708	0
448	Q	0.95559	0.02212	0.02229	0
449	E	0.97394	0.02545	0.00061	0
450	Q	0.97447	0.02553	0.00000	0
451	E	0.97447	0.02553	0.00000	0
452	D	0.97447	0.02553	0.00000	0
453	H	0.97447	0.02553	0.00000	0
454	D	0.97447	0.02553	0.00000	0
455	A	0.97447	0.02553	0.00000	0
456	L	0.97447	0.0254	0.00013	0
457	K	0.97447	0.02537	0.00015	0
458	E	0.97447	0.02532	0.00021	0
459	D	0.97447	0.02523	0.00029	0
460	W	0.06104	0.02492	0.91404	0
461	Q	0.02963	0.02486	0.94551	0
462	F	0.01014	0.02475	0.96512	0
463	V	0.00871	0.02468	0.96661	0
464	A	0.00871	0.02467	0.96662	0
465	M	0.00871	0.02392	0.96737	0
466	V	0.00871	0.02374	0.96755	0
467	V	0.00871	0.02369	0.96760	0
468	D	0.00871	0.02368	0.96761	0
469	R	0.00871	0.01171	0.97958	0
470	L	0.00871	0.00236	0.98892	0
471	F	0.00871	0.00111	0.99018	0
472	L	0.00871	0.00048	0.99081	0
473	W	0.00871	0.00025	0.99104	0
474	T	0.00871	0.00015	0.99114	0
475	F	0.00871	0	0.99128	0
476	I	0.00872	0	0.99128	0
477	I	0.00874	0	0.99126	0
478	F	0.00894	0.00347	0.98759	0
479	T	0.00897	0.64587	0.34516	0
480	S	0.00929	0.87272	0.11799	0
481	V	0.00936	0.36816	0.62248	0
482	G	0.00942	0.16568	0.82490	0
483	T	0.00945	0.00067	0.98988	0
484	L	0.00946	0	0.99054	0
485	V	0.00947	0	0.99053	0
486	I	0.00967	0	0.99033	0
487	F	0.00978	0	0.99022	0
488	L	0.01063	0	0.98937	0
489	D	0.02468	0	0.97532	0
490	A	0.02710	0	0.97290	0
491	T	0.02862	0	0.97138	0
492	Y	0.02965	0	0.97035	0
493	H	0.03066	0	0.96934	0
494	L	0.03098	0	0.96902	0
495	P	0.03211	0	0.96789	0
496	P	0.03346	0	0.96654	0
497	P	0.03416	0	0.96584	0
498	D	0.03424	0	0.96576	0
499	P	0.03446	0	0.96554	0
500	F	0.04272	0	0.95728	0
501	P	1.00000	0	0.00000	0
