# UNNAMED
#pos	aa	i	o	M	S
1	M	0.00000	1	0.00000	0
2	A	0.00000	1	0.00000	0
3	R	0.00000	1	0.00000	0
4	P	0.00000	0.54259	0.45741	0
5	H	0.00000	0.01982	0.98018	0
6	P	0.00000	0.00335	0.99665	0
7	W	0.00000	2e-05	0.99998	0
8	W	0.00000	0	1.00000	0
9	L	0.00000	0	1.00000	0
10	C	0.00000	0	1.00000	0
11	V	0.00000	0	1.00000	0
12	L	0.00000	0	1.00000	0
13	G	0.00000	0	1.00000	0
14	T	0.00000	0	1.00000	0
15	L	0.00000	0	1.00000	0
16	V	0.00000	0	1.00000	0
17	G	0.00000	0	1.00000	0
18	L	0.00000	0	1.00000	0
19	S	0.00000	0	1.00000	0
20	A	0.00000	0	1.00000	0
21	T	0.00157	0	0.99843	0
22	P	0.06311	0	0.93689	0
23	A	0.18829	0	0.81171	0
24	P	0.88158	0	0.11842	0
25	K	0.99695	0	0.00305	0
26	S	0.99949	0	0.00051	0
27	C	0.99971	0	0.00029	0
28	P	0.99999	0	0.00001	0
29	E	0.99703	0	0.00297	0
30	R	0.99103	0	0.00897	0
31	H	0.02893	0	0.97107	0
32	Y	0.00245	0	0.99755	0
33	W	0.00090	0	0.99910	0
34	A	0.00070	0	0.99930	0
35	Q	0.00067	0	0.99933	0
36	G	0.00067	0	0.99933	0
37	K	0.00066	0	0.99934	0
38	L	0.00006	0	0.99994	0
39	C	0.00001	0	0.99999	0
40	C	0.00000	0	1.00000	0
41	Q	0.00000	0	1.00000	0
42	M	0.00000	0	1.00000	0
43	C	0.00000	0	1.00000	0
44	E	0.00000	0	1.00000	0
45	P	0.00000	0	1.00000	0
46	G	0.00000	0	1.00000	0
47	T	0.00000	0	1.00000	0
48	F	0.00000	0	1.00000	0
49	L	0.00000	0.15813	0.84187	0
50	V	0.00000	0.99034	0.00966	0
51	K	0.00000	0.99653	0.00347	0
52	D	0.00000	0.99882	0.00118	0
53	C	0.00000	0.99933	0.00067	0
54	D	0.00000	0.99933	0.00067	0
55	Q	0.00000	0.99933	0.00067	0
56	H	0.00000	0.99933	0.00067	0
57	R	0.00000	0.99933	0.00067	0
58	K	0.00000	0.99933	0.00067	0
59	A	0.00000	0.87037	0.12963	0
60	A	0.00000	0.52046	0.47954	0
61	Q	0.00000	0.52008	0.47992	0
62	C	0.00000	0.52029	0.47971	0
63	D	0.00000	0.52029	0.47971	0
64	P	0.00000	0.52029	0.47971	0
65	C	0.00000	0.52029	0.47971	0
66	I	0.00000	0.52029	0.47971	0
67	P	0.00000	0.52029	0.47971	0
68	G	0.00000	0.52029	0.47971	0
69	V	0.00000	0.52029	0.47971	0
70	S	0.00000	0.52029	0.47971	0
71	F	0.00000	0.52029	0.47971	0
72	S	0.00000	0.52029	0.47971	0
73	P	0.00000	0.52029	0.47971	0
74	D	0.00000	0.51817	0.48183	0
75	H	0.00000	0.512	0.48800	0
76	H	0.00000	0.48523	0.51477	0
77	T	0.00000	0.48477	0.51523	0
78	R	0.00000	0.48477	0.51523	0
79	P	0.47971	0.48477	0.03552	0
80	H	0.47971	0.48477	0.03552	0
81	C	0.47971	0.48477	0.03552	0
82	E	0.47971	0.48477	0.03552	0
83	S	0.47971	0.48381	0.03648	0
84	C	0.47971	0.48378	0.03650	0
85	R	0.47971	0.48377	0.03652	0
86	H	0.47971	0.48376	0.03653	0
87	C	0.47971	0.48376	0.03653	0
88	N	0.47971	0.48375	0.03654	0
89	S	0.47971	0.48339	0.03690	0
90	G	0.37727	0.0064	0.61633	0
91	L	0.13644	2e-05	0.86354	0
92	L	0.07121	0	0.92879	0
93	V	0.00038	0	0.99962	0
94	R	0.00009	0	0.99991	0
95	N	0.00033	0	0.99967	0
96	C	0.00610	0	0.99390	0
97	T	0.01442	0	0.98558	0
98	I	0.03489	0	0.96511	0
99	T	0.03552	0	0.96448	0
100	A	0.03552	0	0.96448	0
101	N	0.03552	0	0.96448	0
102	A	0.03553	0	0.96447	0
103	E	0.03559	0	0.96441	0
104	C	0.03632	0	0.96368	0
105	A	0.03647	0	0.96353	0
106	C	0.03647	0	0.96353	0
107	R	0.03648	0	0.96352	0
108	N	0.03827	9e-05	0.96164	0
109	G	0.04739	0.00113	0.95149	0
110	W	0.06696	0.03639	0.89666	0
111	Q	0.30396	0.14205	0.55399	0
112	C	0.49087	0.47614	0.03299	0
113	R	0.49092	0.47942	0.02965	0
114	D	0.49094	0.47971	0.02935	0
115	K	0.49070	0.47971	0.02959	0
116	E	0.48860	0.47971	0.03169	0
117	C	0.48387	0.47971	0.03642	0
118	T	0.48384	0.47971	0.03645	0
119	E	0.48383	0.47971	0.03646	0
120	C	0.48383	0.47971	0.03646	0
121	D	0.48383	0.47971	0.03646	0
122	P	0.48383	0.47971	0.03646	0
123	L	0.48382	0.47971	0.03647	0
124	P	0.48382	0.47971	0.03647	0
125	N	0.48382	0.47968	0.03650	0
126	P	0.48338	0.30634	0.21028	0
127	S	0.12586	0.19774	0.67640	0
128	L	0.00148	0.15378	0.84474	0
129	T	0.00001	0.15252	0.84747	0
130	A	0.00000	0.1516	0.84840	0
131	R	0.00000	0.16649	0.83351	0
132	S	0.00000	0.16638	0.83362	0
133	S	0.00000	0.16155	0.83845	0
134	Q	0.00000	0.14847	0.85153	0
135	A	0.00000	0.03977	0.96023	0
136	L	0.00000	0.04047	0.95953	0
137	S	0.00000	0.04058	0.95942	0
138	P	0.00000	0.04242	0.95758	0
139	H	0.00000	0.04232	0.95768	0
140	P	0.00000	0.04234	0.95766	0
141	Q	0.00000	0.04167	0.95833	0
142	P	0.00000	0.04152	0.95848	0
143	T	0.00000	0.04136	0.95864	0
144	H	0.00000	0.04065	0.95935	0
145	L	0.00000	0.01206	0.98794	0
146	P	0.00000	0.13888	0.86111	0
147	Y	0.00001	0.24252	0.75747	0
148	V	0.00776	0.49236	0.49988	0
149	S	0.29860	0.49301	0.20839	0
150	E	0.30750	0.49135	0.20115	0
151	M	0.30800	0.49049	0.20151	0
152	L	0.31887	0.49045	0.19067	0
153	E	0.33098	0.49039	0.17863	0
154	A	0.33205	0.48653	0.18141	0
155	R	0.34967	0.48619	0.16414	0
156	T	0.35701	0.48463	0.15836	0
157	A	0.37288	0.48409	0.14303	0
158	G	0.41706	0.48384	0.09909	0
159	H	0.45701	0.48231	0.06068	0
160	M	0.46860	0.0011	0.53030	0
161	Q	0.46885	0.0011	0.53005	0
162	T	0.46888	0	0.53112	0
163	L	0.46890	0	0.53110	0
164	A	0.46976	0	0.53024	0
165	D	0.47013	0	0.52987	0
166	F	0.47025	0	0.52975	0
167	R	0.49133	0	0.50867	0
168	Q	0.49793	0	0.50207	0
169	L	0.49821	0	0.50179	0
170	P	0.50089	0	0.49911	0
171	A	0.50138	0	0.49862	0
172	R	0.50380	0	0.49620	0
173	T	0.50380	0	0.49620	0
174	L	0.50382	0	0.49618	0
175	S	0.50402	0	0.49598	0
176	T	0.50654	0	0.49346	0
177	H	0.50896	0	0.49104	0
178	W	0.50899	0	0.49100	0
179	P	0.55669	0.00033	0.44298	0
180	P	0.76359	0.00154	0.23486	0
181	Q	0.96529	0.00394	0.03077	0
182	R	0.99435	0.00489	0.00076	0
183	S	0.99444	0.0049	0.00066	0
184	L	0.99444	0.0049	0.00065	0
185	C	0.99444	0.00494	0.00062	0
186	S	0.99444	0.00504	0.00051	0
187	S	0.99444	0.00546	0.00010	0
188	D	0.99444	0.00542	0.00014	0
189	F	0.33660	0.00303	0.66037	0
190	I	0.31957	0.00132	0.67910	0
191	R	0.31400	0.00085	0.68515	0
192	I	0.01171	3e-05	0.98826	0
193	L	0.00007	0	0.99993	0
194	V	0.00000	0	1.00000	0
195	I	0.00000	0	1.00000	0
196	F	0.00000	0	1.00000	0
197	S	0.00000	0	1.00000	0
198	G	0.00000	0	1.00000	0
199	M	0.00000	0	1.00000	0
200	F	0.00000	0	1.00000	0
201	L	0.00000	0	1.00000	0
202	V	0.00000	0	1.00000	0
203	F	0.00000	0	1.00000	0
204	T	0.00000	0	1.00000	0
205	L	0.00000	0	1.00000	0
206	A	0.00000	0	1.00000	0
207	G	0.00002	0	0.99997	0
208	A	0.00020	2e-05	0.99979	0
209	L	0.00038	0.00039	0.99923	0
210	F	0.00091	0.00812	0.99096	0
211	L	0.00138	0.09001	0.90861	0
212	H	0.00412	0.49057	0.50531	0
213	Q	0.00551	0.93116	0.06333	0
214	R	0.00555	0.99106	0.00339	0
215	R	0.00555	0.99267	0.00179	0
216	K	0.00555	0.98868	0.00578	0
217	Y	0.00555	0.24291	0.75154	0
218	R	0.00555	0.1953	0.79915	0
219	S	0.00555	0.05213	0.94232	0
220	N	0.00555	0.05004	0.94442	0
221	K	0.00555	0.05004	0.94442	0
222	G	0.00555	0.05004	0.94442	0
223	E	0.00555	0.04989	0.94456	0
224	S	0.00555	0.04978	0.94467	0
225	P	0.00555	0.04902	0.94543	0
226	V	0.00555	0.00169	0.99277	0
227	E	0.00555	0.00062	0.99383	0
228	P	0.00555	0.0003	0.99416	0
229	A	0.00555	2e-05	0.99444	0
230	E	0.00555	0	0.99445	0
231	P	0.00555	0	0.99445	0
232	C	0.00555	0	0.99445	0
233	H	0.00555	0	0.99445	0
234	Y	0.00555	0	0.99445	0
235	S	0.00555	0	0.99445	0
236	C	0.00786	0	0.99214	0
237	P	0.13291	0	0.86709	0
238	R	0.94996	0	0.05004	0
239	E	0.94996	0	0.05004	0
240	E	0.94996	0	0.05004	0
241	E	0.94996	0	0.05004	0
242	G	0.94996	0	0.05004	0
243	S	0.94996	0	0.05004	0
244	T	0.94996	0	0.05004	0
245	I	0.94996	0	0.05004	0
246	P	0.94996	0	0.05004	0
247	I	0.95809	0	0.04191	0
248	Q	0.99541	0	0.00459	0
249	E	1.00000	0	0.00000	0
250	D	1.00000	0	0.00000	0
251	Y	1.00000	0	0.00000	0
252	R	1.00000	0	0.00000	0
253	K	1.00000	0	0.00000	0
254	P	1.00000	0	0.00000	0
255	E	1.00000	0	0.00000	0
256	P	1.00000	0	0.00000	0
257	A	1.00000	0	0.00000	0
258	C	1.00000	0	0.00000	0
259	S	1.00000	0	0.00000	0
260	P	1.00000	0	0.00000	0
