# UNNAMED
#pos	aa	i	o	M	S
1	M	0.00000	0.99996	0.00000	4e-05
2	N	0.00000	0.99996	0.00000	4e-05
3	N	0.00000	0.99996	0.00000	4e-05
4	N	0.00000	0.99996	0.00000	4e-05
5	T	0.00000	0.99996	0.00000	4e-05
6	T	0.00000	0.99996	0.00000	4e-05
7	C	0.00000	0.99996	0.00000	4e-05
8	I	0.00000	0.99996	0.00000	4e-05
9	Q	0.00000	0.99996	0.00000	4e-05
10	P	0.00000	0.99996	0.00000	4e-05
11	S	0.00000	0.99996	0.00000	4e-05
12	M	0.00000	0.99996	0.00000	4e-05
13	I	0.00000	0.99996	0.00000	4e-05
14	S	0.00000	0.99996	0.00000	4e-05
15	S	0.00000	0.99994	0.00002	3e-05
16	M	0.00000	0.99969	0.00027	3e-05
17	A	0.00000	0.99693	0.00303	4e-05
18	L	0.00000	0.83834	0.16163	3e-05
19	P	0.00000	0.59043	0.40953	3e-05
20	I	0.00000	0.0433	0.95666	4e-05
21	I	0.00000	0.00056	0.99941	4e-05
22	Y	0.00000	0.0001	0.99986	4e-05
23	I	0.00000	1e-05	0.99996	4e-05
24	L	0.00000	0	0.99996	4e-05
25	L	0.00000	0	0.99996	4e-05
26	C	0.00000	0	0.99996	4e-05
27	I	0.00000	0	0.99996	4e-05
28	V	0.00000	0	0.99996	4e-05
29	G	0.00000	0	0.99996	4e-05
30	V	0.00000	0	0.99996	3e-05
31	F	0.00000	0	0.99996	3e-05
32	G	0.00000	0	0.99996	4e-05
33	N	0.00000	3e-05	0.99996	1e-05
34	T	0.00000	3e-05	0.99996	1e-05
35	L	0.00000	3e-05	0.99996	1e-05
36	S	0.00000	3e-05	0.99996	0
37	Q	0.00000	4e-05	0.99996	0
38	W	0.00000	4e-05	0.99996	0
39	I	0.00005	4e-05	0.99991	0
40	F	0.00293	4e-05	0.99703	0
41	L	0.04638	4e-05	0.95358	0
42	T	0.68894	4e-05	0.31102	0
43	K	0.99958	4e-05	0.00038	0
44	I	0.99969	4e-05	0.00027	0
45	G	0.99994	4e-05	0.00002	0
46	K	0.99996	4e-05	0.00000	0
47	K	0.99996	4e-05	0.00000	0
48	T	0.99995	4e-05	0.00001	0
49	S	0.99891	4e-05	0.00105	0
50	T	0.97383	4e-05	0.02613	0
51	H	0.89316	4e-05	0.10680	0
52	I	0.07858	1e-05	0.92141	0
53	Y	0.00778	1e-05	0.99221	0
54	L	0.00010	0	0.99989	0
55	S	0.00001	0	0.99998	0
56	H	0.00001	0	0.99999	0
57	L	0.00000	0	1.00000	0
58	V	0.00000	0	1.00000	0
59	T	0.00000	0	1.00000	0
60	A	0.00000	0	1.00000	0
61	N	0.00000	0	1.00000	0
62	L	0.00000	0	1.00000	0
63	L	0.00000	0	1.00000	0
64	V	0.00000	0	1.00000	0
65	C	0.00000	0	1.00000	0
66	S	0.00000	0	1.00000	0
67	A	0.00000	0	1.00000	0
68	M	0.00000	0	1.00000	0
69	P	0.00000	0	1.00000	0
70	F	0.00000	0	1.00000	0
71	M	0.00000	0.003	0.99700	0
72	S	0.00000	0.22723	0.77277	0
73	I	0.00000	0.40044	0.59956	0
74	Y	0.00000	0.99673	0.00327	0
75	F	0.00000	0.99696	0.00304	0
76	L	0.00001	0.99751	0.00248	0
77	K	0.00003	0.99834	0.00162	0
78	G	0.00004	0.9991	0.00086	0
79	F	0.00004	0.99935	0.00061	0
80	Q	0.00004	0.99978	0.00018	0
81	W	0.00004	0.99985	0.00011	0
82	E	0.00004	0.99996	0.00000	0
83	Y	0.00004	0.99996	0.00000	0
84	Q	0.00004	0.99996	0.00000	0
85	S	0.00004	0.99996	0.00000	0
86	A	0.00004	0.99996	0.00000	0
87	Q	0.00004	0.99996	0.00000	0
88	C	0.00004	0.99996	0.00000	0
89	R	0.00004	0.99996	0.00000	0
90	V	0.00000	0.99996	0.00004	0
91	V	0.00000	0.99996	0.00004	0
92	N	0.00000	0.99996	0.00004	0
93	F	0.00000	0.99991	0.00009	0
94	L	0.00000	0.9999	0.00010	0
95	G	0.00000	0.99989	0.00011	0
96	T	0.00000	0.99895	0.00105	0
97	L	0.00000	0.99348	0.00652	0
98	S	0.00000	0.99188	0.00812	0
99	M	0.00000	0.98032	0.01968	0
100	H	0.00000	0.96245	0.03755	0
101	A	0.00000	0.86659	0.13341	0
102	S	0.00000	0.81978	0.18022	0
103	M	0.00000	0.51347	0.48653	0
104	F	0.00000	0.38176	0.61824	0
105	V	0.00000	0.29496	0.70504	0
106	S	0.00000	0.26766	0.73234	0
107	L	0.00000	0.24422	0.75578	0
108	L	0.00000	0.24276	0.75724	0
109	I	0.00000	0.2423	0.75770	0
110	L	0.00000	0.24229	0.75771	0
111	S	0.00000	0.2423	0.75770	0
112	W	0.00000	0.24228	0.75772	0
113	I	0.00000	0.19165	0.80835	0
114	A	0.00000	0.09479	0.90521	0
115	I	0.00000	0.03794	0.96205	0
116	S	0.00000	0.0321	0.96790	0
117	R	0.00000	0.01984	0.98015	0
118	Y	0.00000	0.01636	0.98364	0
119	A	0.00001	0.01151	0.98848	0
120	T	0.00002	0.01116	0.98883	0
121	L	0.00002	2e-05	0.99996	0
122	M	0.00003	0	0.99997	0
123	Q	0.00003	0	0.99997	0
124	K	0.00005	0	0.99995	0
125	D	0.00005	0	0.99995	0
126	S	0.00350	0	0.99650	0
127	S	0.01456	0	0.98544	0
128	Q	0.13198	0	0.86802	0
129	E	0.22747	0	0.77253	0
130	T	0.75539	0	0.24461	0
131	T	0.75552	0	0.24448	0
132	S	0.75575	0	0.24425	0
133	C	0.75819	0	0.24181	0
134	Y	0.75835	0	0.24165	0
135	E	0.75864	0	0.24136	0
136	K	0.77036	0	0.22964	0
137	I	0.77821	0	0.22179	0
138	F	0.79344	0	0.20656	0
139	Y	0.97523	0	0.02477	0
140	G	0.99763	0	0.00237	0
141	H	0.99971	0	0.00029	0
142	L	0.99990	0	0.00010	0
143	L	0.99997	0	0.00003	0
144	K	0.99998	0	0.00002	0
145	K	0.99998	0	0.00002	0
146	F	0.99997	0	0.00003	0
147	R	0.99997	0	0.00003	0
148	Q	0.99997	0	0.00003	0
149	P	0.99817	0	0.00183	0
150	N	0.87095	0	0.12905	0
151	F	0.69179	0	0.30821	0
152	A	0.65633	0	0.34366	0
153	R	0.65353	0	0.34646	0
154	K	0.60216	0	0.39784	0
155	L	0.08160	0	0.91839	0
156	C	0.00079	0	0.99921	0
157	I	0.00002	0	0.99997	0
158	Y	0.00000	0	1.00000	0
159	I	0.00000	0	1.00000	0
160	W	0.00000	0	1.00000	0
161	G	0.00000	0	1.00000	0
162	V	0.00000	0	1.00000	0
163	V	0.00000	1e-05	0.99999	0
164	L	0.00000	1e-05	0.99999	0
165	G	0.00000	1e-05	0.99999	0
166	I	0.00000	1e-05	0.99999	0
167	I	0.00000	2e-05	0.99998	0
168	I	0.00000	3e-05	0.99997	0
169	P	0.00000	0.00094	0.99906	0
170	V	0.00000	0.00393	0.99607	0
171	T	0.00000	0.05839	0.94161	0
172	V	0.00000	0.10807	0.89193	0
173	Y	0.00000	0.21956	0.78044	0
174	Y	0.00000	0.29031	0.70969	0
175	S	0.00000	0.39607	0.60393	0
176	V	0.00000	0.47039	0.52961	0
177	I	0.00000	0.64578	0.35422	0
178	E	0.00000	0.99889	0.00111	0
179	A	0.00000	0.99985	0.00015	0
180	T	0.00000	0.99998	0.00002	0
181	E	0.00000	1	0.00000	0
182	G	0.00000	1	0.00000	0
183	E	0.00000	1	0.00000	0
184	E	0.00000	1	0.00000	0
185	S	0.00000	1	0.00000	0
186	L	0.00000	1	0.00000	0
187	C	0.00000	1	0.00000	0
188	Y	0.00000	1	0.00000	0
189	N	0.00000	1	0.00000	0
190	R	0.00000	1	0.00000	0
191	Q	0.00000	1	0.00000	0
192	M	0.00000	0.99962	0.00038	0
193	E	0.00000	0.9996	0.00040	0
194	L	0.00000	0.97389	0.02611	0
195	G	0.00000	0.97038	0.02962	0
196	A	0.00000	0.96602	0.03398	0
197	M	0.00000	0.95267	0.04733	0
198	I	0.00000	0.87716	0.12284	0
199	S	0.00000	0.87664	0.12336	0
200	Q	0.00000	0.873	0.12700	0
201	I	0.00000	0.02272	0.97728	0
202	A	0.00000	0.00573	0.99427	0
203	G	0.00000	0.00167	0.99833	0
204	L	0.00000	0.00029	0.99971	0
205	I	0.00000	0.00022	0.99978	0
206	G	0.00000	4e-05	0.99996	0
207	T	0.00000	3e-05	0.99997	0
208	T	0.00000	0	1.00000	0
209	F	0.00000	0	1.00000	0
210	I	0.00000	0	1.00000	0
211	G	0.00000	0	1.00000	0
212	F	0.00000	0	1.00000	0
213	S	0.00000	0	1.00000	0
214	F	0.00000	0	1.00000	0
215	L	0.00000	0	1.00000	0
216	V	0.00001	0	0.99999	0
217	V	0.00020	0	0.99980	0
218	L	0.00176	0	0.99824	0
219	T	0.02120	0	0.97880	0
220	S	0.02728	0	0.97272	0
221	Y	0.02820	0	0.97180	0
222	Y	0.03255	0	0.96745	0
223	S	0.05432	0	0.94568	0
224	F	0.05879	0	0.94121	0
225	V	0.13948	0	0.86052	0
226	S	0.97384	0	0.02616	0
227	H	0.99528	0	0.00472	0
228	L	0.99613	0	0.00387	0
229	R	0.99988	0	0.00012	0
230	K	0.99998	0	0.00002	0
231	I	0.99998	0	0.00002	0
232	R	1.00000	0	0.00000	0
233	T	1.00000	0	0.00000	0
234	C	1.00000	0	0.00000	0
235	T	1.00000	0	0.00000	0
236	S	1.00000	0	0.00000	0
237	I	1.00000	0	0.00000	0
238	M	1.00000	0	0.00000	0
239	E	1.00000	0	0.00000	0
240	K	1.00000	0	0.00000	0
241	D	1.00000	0	0.00000	0
242	L	1.00000	0	0.00000	0
243	T	1.00000	0	0.00000	0
244	Y	0.99998	0	0.00002	0
245	S	0.99508	0	0.00492	0
246	S	0.99507	0	0.00493	0
247	V	0.99505	0	0.00495	0
248	K	0.99447	0	0.00553	0
249	R	0.99438	0	0.00562	0
250	H	0.44866	0	0.55134	0
251	L	0.15157	0	0.84843	0
252	L	0.12007	0	0.87993	0
253	V	0.11226	0	0.88774	0
254	I	0.10578	0	0.89422	0
255	Q	0.08980	0	0.91020	0
256	I	0.00005	0	0.99995	0
257	L	0.00000	0	1.00000	0
258	L	0.00000	0	1.00000	0
259	I	0.00000	0	1.00000	0
260	V	0.00000	0	1.00000	0
261	C	0.00000	0	1.00000	0
262	F	0.00000	0	1.00000	0
263	L	0.00000	0	1.00000	0
264	P	0.00000	0	1.00000	0
265	Y	0.00000	0	1.00000	0
266	S	0.00000	1e-05	0.99999	0
267	I	0.00000	0.00015	0.99985	0
268	F	0.00000	0.00085	0.99915	0
269	K	0.00000	0.00615	0.99385	0
270	P	0.00000	0.00676	0.99324	0
271	I	0.00000	0.007	0.99300	0
272	F	0.00000	0.0101	0.98990	0
273	Y	0.00000	0.03915	0.96085	0
274	V	0.00000	0.07744	0.92256	0
275	L	0.00000	0.15289	0.84711	0
276	H	0.00000	0.75992	0.24008	0
277	Q	0.00000	0.96701	0.03299	0
278	R	0.00000	0.99945	0.00055	0
279	D	0.00000	1	0.00000	0
280	N	0.00000	1	0.00000	0
281	C	0.00000	1	0.00000	0
282	Q	0.00000	1	0.00000	0
283	Q	0.00000	1	0.00000	0
284	L	0.00000	0.99998	0.00002	0
285	N	0.00000	0.99989	0.00011	0
286	Y	0.00000	0.99908	0.00092	0
287	L	0.00000	0.8693	0.13070	0
288	I	0.00000	0.82101	0.17899	0
289	E	0.00000	0.79233	0.20767	0
290	T	0.00000	0.60201	0.39799	0
291	K	0.00000	0.3533	0.64670	0
292	N	0.00000	0.1761	0.82390	0
293	I	0.00000	0.00408	0.99592	0
294	L	0.00000	0	1.00000	0
295	T	0.00000	0	1.00000	0
296	C	0.00000	0	1.00000	0
297	L	0.00000	0	1.00000	0
298	A	0.00000	0	1.00000	0
299	S	0.00000	0	1.00000	0
300	A	0.00000	0	1.00000	0
301	R	0.00000	0	1.00000	0
302	S	0.00000	0	1.00000	0
303	S	0.00000	0	1.00000	0
304	T	0.00000	0	1.00000	0
305	D	0.00000	0	1.00000	0
306	P	0.00000	0	1.00000	0
307	I	0.00000	0	1.00000	0
308	I	0.00004	0	0.99996	0
309	F	0.00092	0	0.99908	0
310	L	0.01081	0	0.98919	0
311	L	0.04375	0	0.95625	0
312	L	0.60014	0	0.39986	0
313	D	0.98323	0	0.01677	0
314	K	1.00000	0	0.00000	0
315	T	1.00000	0	0.00000	0
316	F	1.00000	0	0.00000	0
317	K	1.00000	0	0.00000	0
318	K	1.00000	0	0.00000	0
319	T	1.00000	0	0.00000	0
320	L	1.00000	0	0.00000	0
321	Y	1.00000	0	0.00000	0
322	N	1.00000	0	0.00000	0
323	L	1.00000	0	0.00000	0
324	F	1.00000	0	0.00000	0
325	T	1.00000	0	0.00000	0
326	K	1.00000	0	0.00000	0
327	S	1.00000	0	0.00000	0
328	N	1.00000	0	0.00000	0
329	S	1.00000	0	0.00000	0
330	A	1.00000	0	0.00000	0
331	H	1.00000	0	0.00000	0
332	M	1.00000	0	0.00000	0
333	Q	1.00000	0	0.00000	0
334	S	1.00000	0	0.00000	0
335	Y	1.00000	0	0.00000	0
336	G	1.00000	0	0.00000	0
