# UNNAMED
#pos	aa	i	o	M	S
1	M	0.00000	0.99842	0.00000	0.00158
2	E	0.00000	0.99842	0.00000	0.00157
3	R	0.00000	0.99842	0.00000	0.00158
4	Q	0.00000	0.99842	0.00000	0.00158
5	N	0.00000	0.99842	0.00000	0.00158
6	Q	0.00000	0.99842	0.00000	0.00158
7	S	0.00000	0.99842	0.00000	0.00158
8	C	0.00000	0.99842	0.00000	0.00157
9	V	0.00000	0.99842	0.00000	0.00158
10	V	0.00000	0.99842	0.00000	0.00158
11	E	0.00000	0.99842	0.00000	0.00157
12	F	0.00000	0.99842	0.00000	0.00158
13	I	0.00000	0.99842	0.00000	0.00158
14	L	0.00000	0.99842	0.00000	0.00158
15	L	0.00000	0.99842	0.00000	0.00158
16	G	0.00000	0.99842	0.00000	0.00158
17	F	0.00000	0.99849	0.00000	0.00151
18	S	0.00000	0.99849	0.00000	0.00151
19	N	0.00000	0.99902	0.00000	0.00098
20	Y	0.00000	0.99901	0.00001	0.00099
21	P	0.00000	0.999	0.00002	0.00098
22	E	0.00000	0.99896	0.00006	0.00098
23	L	0.00000	0.99753	0.00149	0.00098
24	Q	0.00000	0.99505	0.00397	0.00098
25	G	0.00000	0.9738	0.02522	0.00098
26	Q	0.00000	0.93075	0.06926	0
27	L	0.00000	0.48878	0.51122	0
28	F	0.00000	0.32065	0.67935	0
29	V	0.00000	0.2839	0.71610	0
30	A	0.00000	0.26873	0.73127	0
31	F	0.00000	0.01634	0.98366	0
32	L	0.00000	0.00213	0.99787	0
33	V	0.00000	0.0001	0.99990	0
34	I	0.00000	0	1.00000	0
35	Y	0.00000	0	1.00000	0
36	L	0.00000	0	1.00000	0
37	V	0.00000	0	1.00000	0
38	T	0.00000	0	1.00000	0
39	L	0.00000	0	1.00000	0
40	I	0.00000	0	1.00000	0
41	G	0.00000	0	1.00000	0
42	N	0.00000	0	1.00000	0
43	A	0.00000	0	1.00000	0
44	I	0.00000	0	1.00000	0
45	I	0.00000	0	1.00000	0
46	I	0.00000	0	1.00000	0
47	V	0.00012	0	0.99988	0
48	I	0.00641	0	0.99359	0
49	V	0.16407	0	0.83593	0
50	S	0.67601	0	0.32399	0
51	L	0.76634	0	0.23366	0
52	D	0.99764	0	0.00236	0
53	Q	0.99996	0	0.00004	0
54	S	0.99999	0	0.00001	0
55	L	1.00000	0	0.00000	0
56	H	1.00000	0	0.00000	0
57	V	1.00000	0	0.00000	0
58	P	1.00000	0	0.00000	0
59	M	0.79144	0	0.20856	0
60	Y	0.59818	0	0.40182	0
61	L	0.11224	0	0.88776	0
62	F	0.00209	0	0.99791	0
63	L	0.00007	0	0.99993	0
64	L	0.00000	0	1.00000	0
65	N	0.00000	0	1.00000	0
66	L	0.00000	0	1.00000	0
67	S	0.00000	0	1.00000	0
68	V	0.00000	0	1.00000	0
69	V	0.00000	0	1.00000	0
70	D	0.00000	0	1.00000	0
71	L	0.00000	0	1.00000	0
72	S	0.00000	0	1.00000	0
73	F	0.00000	0	1.00000	0
74	S	0.00000	0	1.00000	0
75	A	0.00000	0	1.00000	0
76	V	0.00000	0	1.00000	0
77	I	0.00000	0	1.00000	0
78	M	0.00000	0.00029	0.99971	0
79	P	0.00000	0.00483	0.99517	0
80	E	0.00000	0.10635	0.89365	0
81	M	0.00000	0.13318	0.86682	0
82	L	0.00000	0.26994	0.73006	0
83	V	0.00000	0.55069	0.44931	0
84	V	0.00000	0.99692	0.00308	0
85	L	0.00000	0.9978	0.00220	0
86	S	0.00000	0.99982	0.00018	0
87	T	0.00000	0.99996	0.00004	0
88	E	0.00000	1	0.00000	0
89	K	0.00000	1	0.00000	0
90	T	0.00000	1	0.00000	0
91	T	0.00000	1	0.00000	0
92	I	0.00000	1	0.00000	0
93	S	0.00000	1	0.00000	0
94	F	0.00000	0.99999	0.00001	0
95	G	0.00000	0.99998	0.00002	0
96	G	0.00000	0.99973	0.00027	0
97	C	0.00000	0.99896	0.00104	0
98	F	0.00000	0.91553	0.08447	0
99	A	0.00000	0.85291	0.14709	0
100	Q	0.00000	0.68841	0.31159	0
101	M	0.00000	0.16506	0.83494	0
102	Y	0.00000	0.07087	0.92913	0
103	F	0.00000	0.0036	0.99640	0
104	I	0.00000	0.00011	0.99989	0
105	L	0.00000	0	1.00000	0
106	L	0.00000	0	1.00000	0
107	F	0.00000	0	1.00000	0
108	G	0.00000	0	1.00000	0
109	G	0.00000	0	1.00000	0
110	A	0.00000	0	1.00000	0
111	E	0.00000	0	1.00000	0
112	C	0.00000	0	1.00000	0
113	F	0.00000	0	1.00000	0
114	L	0.00000	0	1.00000	0
115	L	0.00000	0	1.00000	0
116	G	0.00000	0	1.00000	0
117	A	0.00000	0	1.00000	0
118	M	0.00000	0	1.00000	0
119	A	0.00000	0	1.00000	0
120	Y	0.00000	0	1.00000	0
121	D	0.00001	0	0.99999	0
122	R	0.00925	0	0.99075	0
123	F	0.09475	0	0.90525	0
124	A	0.95112	0	0.04888	0
125	A	0.99796	0	0.00204	0
126	I	1.00000	0	0.00000	0
127	C	1.00000	0	0.00000	0
128	H	1.00000	0	0.00000	0
129	P	1.00000	0	0.00000	0
130	L	1.00000	0	0.00000	0
131	N	1.00000	0	0.00000	0
132	Y	1.00000	0	0.00000	0
133	Q	1.00000	0	0.00000	0
134	M	1.00000	0	0.00000	0
135	I	0.99997	0	0.00003	0
136	M	0.99993	0	0.00007	0
137	N	0.99973	0	0.00027	0
138	K	0.99804	0	0.00196	0
139	G	0.63206	0	0.36794	0
140	V	0.32329	0	0.67671	0
141	F	0.14732	0	0.85268	0
142	M	0.11398	0	0.88602	0
143	K	0.08813	0	0.91187	0
144	L	0.01270	0	0.98730	0
145	I	0.00115	0	0.99885	0
146	I	0.00010	0	0.99990	0
147	F	0.00000	0	1.00000	0
148	S	0.00000	0	1.00000	0
149	W	0.00000	0	1.00000	0
150	A	0.00000	0	1.00000	0
151	L	0.00000	0	1.00000	0
152	G	0.00000	0	1.00000	0
153	F	0.00000	0	1.00000	0
154	M	0.00000	0	1.00000	0
155	L	0.00000	0	1.00000	0
156	G	0.00000	3e-05	0.99997	0
157	T	0.00000	0.00011	0.99989	0
158	V	0.00000	0.00782	0.99218	0
159	Q	0.00000	0.26586	0.73414	0
160	T	0.00000	0.37502	0.62498	0
161	S	0.00000	0.49033	0.50967	0
162	W	0.00000	0.62163	0.37837	0
163	V	0.00000	0.73176	0.26824	0
164	S	0.00000	0.91637	0.08363	0
165	S	0.00000	0.94471	0.05529	0
166	F	0.00000	0.95514	0.04486	0
167	P	0.00000	0.9907	0.00930	0
168	F	0.00000	0.99457	0.00543	0
169	C	0.00000	0.99983	0.00017	0
170	G	0.00000	0.99999	0.00001	0
171	L	0.00000	1	0.00000	0
172	N	0.00000	1	0.00000	0
173	E	0.00000	1	0.00000	0
174	I	0.00000	1	0.00000	0
175	N	0.00000	1	0.00000	0
176	H	0.00000	1	0.00000	0
177	I	0.00000	1	0.00000	0
178	S	0.00000	1	0.00000	0
179	C	0.00000	1	0.00000	0
180	E	0.00000	1	0.00000	0
181	T	0.00000	1	0.00000	0
182	P	0.00000	1	0.00000	0
183	A	0.00000	1	0.00000	0
184	V	0.00000	1	0.00000	0
185	L	0.00000	1	0.00000	0
186	E	0.00000	1	0.00000	0
187	L	0.00000	1	0.00000	0
188	A	0.00000	1	0.00000	0
189	C	0.00000	1	0.00000	0
190	A	0.00000	0.99999	0.00001	0
191	D	0.00000	0.99868	0.00132	0
192	T	0.00000	0.99608	0.00392	0
193	F	0.00000	0.92074	0.07926	0
194	L	0.00000	0.89802	0.10198	0
195	F	0.00000	0.8943	0.10570	0
196	E	0.00000	0.89085	0.10915	0
197	I	0.00000	0.03068	0.96932	0
198	Y	0.00000	0.00849	0.99151	0
199	A	0.00000	0.00213	0.99787	0
200	F	0.00000	0.00097	0.99903	0
201	T	0.00000	0.00072	0.99928	0
202	G	0.00000	0.00055	0.99945	0
203	T	0.00000	0.00045	0.99955	0
204	F	0.00000	0.00015	0.99985	0
205	L	0.00000	0	1.00000	0
206	I	0.00000	0	1.00000	0
207	I	0.00000	0	1.00000	0
208	L	0.00000	0	1.00000	0
209	V	0.00000	0	1.00000	0
210	P	0.00000	0	1.00000	0
211	F	0.00000	0	1.00000	0
212	L	0.00000	0	1.00000	0
213	L	0.00000	0	1.00000	0
214	I	0.00000	0	1.00000	0
215	L	0.00003	0	0.99997	0
216	L	0.00365	0	0.99635	0
217	S	0.02950	0	0.97050	0
218	Y	0.03467	0	0.96533	0
219	I	0.06989	0	0.93011	0
220	R	0.29420	0	0.70580	0
221	V	0.31010	0	0.68990	0
222	L	0.36560	0	0.63440	0
223	F	0.70987	0	0.29013	0
224	A	0.94573	0	0.05427	0
225	I	0.99820	0	0.00180	0
226	L	0.99910	0	0.00090	0
227	K	0.99996	0	0.00004	0
228	M	0.99999	0	0.00001	0
229	P	1.00000	0	0.00000	0
230	S	1.00000	0	0.00000	0
231	T	0.99999	0	0.00001	0
232	T	0.99992	0	0.00008	0
233	G	0.99989	0	0.00011	0
234	R	0.99705	0	0.00295	0
235	Q	0.99234	0	0.00766	0
236	K	0.86288	0	0.13712	0
237	A	0.80247	0	0.19753	0
238	F	0.72725	0	0.27275	0
239	S	0.03148	0	0.96852	0
240	T	0.03101	0	0.96899	0
241	C	0.00978	0	0.99022	0
242	A	0.00021	0	0.99979	0
243	A	0.00003	0	0.99997	0
244	H	0.00002	0	0.99998	0
245	L	0.00001	0	0.99999	0
246	T	0.00001	0	0.99999	0
247	S	0.00000	0	1.00000	0
248	V	0.00000	0	1.00000	0
249	T	0.00000	0	1.00000	0
250	L	0.00000	0	1.00000	0
251	F	0.00000	0	1.00000	0
252	Y	0.00000	0	1.00000	0
253	G	0.00000	2e-05	0.99998	0
254	T	0.00000	5e-05	0.99995	0
255	A	0.00000	0.00016	0.99984	0
256	S	0.00000	0.00185	0.99815	0
257	M	0.00000	0.00482	0.99518	0
258	T	0.00000	0.01849	0.98151	0
259	Y	0.00000	0.05784	0.94216	0
260	L	0.00000	0.16593	0.83407	0
261	Q	0.00000	0.76058	0.23942	0
262	P	0.00000	0.9557	0.04430	0
263	K	0.00000	0.99932	0.00068	0
264	S	0.00000	0.99989	0.00011	0
265	G	0.00000	0.99996	0.00004	0
266	Y	0.00000	0.99998	0.00002	0
267	S	0.00000	0.99998	0.00002	0
268	P	0.00000	0.99917	0.00083	0
269	E	0.00000	0.97281	0.02719	0
270	T	0.00000	0.59437	0.40563	0
271	K	0.00000	0.52824	0.47176	0
272	K	0.00000	0.10759	0.89241	0
273	V	0.00000	0.00429	0.99571	0
274	M	0.00000	0	1.00000	0
275	S	0.00000	0	1.00000	0
276	L	0.00000	0	1.00000	0
277	S	0.00000	0	1.00000	0
278	Y	0.00000	0	1.00000	0
279	S	0.00000	0	1.00000	0
280	L	0.00000	0	1.00000	0
281	L	0.00000	0	1.00000	0
282	T	0.00000	0	1.00000	0
283	P	0.00000	0	1.00000	0
284	L	0.00000	0	1.00000	0
285	L	0.00000	0	1.00000	0
286	N	0.00000	0	1.00000	0
287	L	0.00000	0	1.00000	0
288	L	0.00000	0	1.00000	0
289	I	0.00006	0	0.99994	0
290	Y	0.00125	0	0.99875	0
291	S	0.03928	0	0.96072	0
292	L	0.24788	0	0.75212	0
293	R	1.00000	0	0.00000	0
294	N	1.00000	0	0.00000	0
295	S	1.00000	0	0.00000	0
296	E	1.00000	0	0.00000	0
297	M	1.00000	0	0.00000	0
298	K	1.00000	0	0.00000	0
299	R	1.00000	0	0.00000	0
300	A	1.00000	0	0.00000	0
301	L	1.00000	0	0.00000	0
302	M	1.00000	0	0.00000	0
303	K	1.00000	0	0.00000	0
304	L	1.00000	0	0.00000	0
305	W	1.00000	0	0.00000	0
306	R	1.00000	0	0.00000	0
307	R	1.00000	0	0.00000	0
308	R	1.00000	0	0.00000	0
309	V	1.00000	0	0.00000	0
310	V	1.00000	0	0.00000	0
311	L	1.00000	0	0.00000	0
312	H	1.00000	0	0.00000	0
313	T	1.00000	0	0.00000	0
314	I	1.00000	0	0.00000	0
