# UNNAMED
#pos	aa	i	o	M	S
1	M	0.00000	1	0.00000	0
2	A	0.00000	1	0.00000	0
3	P	0.00000	1	0.00000	0
4	A	0.00000	0.007	0.99300	0
5	R	0.00000	8e-05	0.99992	0
6	L	0.00000	1e-05	0.99999	0
7	F	0.00000	0	1.00000	0
8	A	0.00000	0	1.00000	0
9	L	0.00000	0	1.00000	0
10	L	0.00000	0	1.00000	0
11	L	0.00000	0	1.00000	0
12	F	0.00000	0	1.00000	0
13	F	0.00000	0	1.00000	0
14	V	0.00000	0	1.00000	0
15	G	0.00000	0	1.00000	0
16	G	0.00000	0	1.00000	0
17	V	0.00000	0	1.00000	0
18	A	0.00000	0	1.00000	0
19	E	0.00000	0	1.00000	0
20	S	0.00000	0	1.00000	0
21	I	0.00135	0	0.99865	0
22	R	0.99909	0	0.00091	0
23	E	0.99993	0	0.00007	0
24	T	0.99994	0	0.00006	0
25	E	0.99984	0	0.00016	0
26	V	0.01407	0	0.98593	0
27	I	0.00022	0	0.99978	0
28	D	0.00022	0	0.99978	0
29	P	0.00022	0	0.99978	0
30	Q	0.00010	0	0.99990	0
31	D	0.00008	0	0.99992	0
32	L	0.00004	0	0.99996	0
33	L	0.00001	0	0.99999	0
34	E	0.00000	0	1.00000	0
35	G	0.00000	0	1.00000	0
36	R	0.00000	0	1.00000	0
37	Y	0.00000	0	1.00000	0
38	F	0.00000	0	1.00000	0
39	S	0.00000	0	1.00000	0
40	G	0.00000	0	1.00000	0
41	A	0.00000	0	1.00000	0
42	L	0.00000	0	1.00000	0
43	P	0.00000	0.08013	0.91987	0
44	D	0.00000	0.99561	0.00439	0
45	D	0.00000	0.99978	0.00022	0
46	E	0.00000	0.99978	0.00022	0
47	D	0.00000	0.99987	0.00013	0
48	V	0.00000	0.99989	0.00011	0
49	V	0.00000	0.99989	0.00011	0
50	G	0.00000	0.99989	0.00011	0
51	P	0.00000	0.99989	0.00011	0
52	G	0.00000	0.99991	0.00009	0
53	Q	0.00000	0.93009	0.06991	0
54	E	0.00000	0.00704	0.99296	0
55	S	0.00000	0.00039	0.99961	0
56	D	0.00000	0.00022	0.99978	0
57	D	0.00000	0.00014	0.99986	0
58	F	0.00000	0.00011	0.99989	0
59	E	0.00000	0.00011	0.99989	0
60	L	0.00000	0.00011	0.99989	0
61	S	0.00000	0.00011	0.99989	0
62	G	0.00000	0.00011	0.99989	0
63	S	0.00000	9e-05	0.99991	0
64	G	0.00000	0	1.00000	0
65	D	0.00000	0	1.00000	0
66	L	0.00000	0	1.00000	0
67	D	0.00000	0	1.00000	0
68	D	0.00000	0	1.00000	0
69	L	0.00000	0	1.00000	0
70	E	0.00006	0	0.99994	0
71	D	0.00132	0	0.99868	0
72	S	0.99701	0	0.00299	0
73	M	0.99922	0	0.00078	0
74	I	0.99927	0	0.00073	0
75	G	0.99981	0	0.00019	0
76	P	0.99989	0	0.00011	0
77	E	0.99989	0	0.00011	0
78	V	0.99989	0	0.00011	0
79	V	0.99989	0	0.00011	0
80	H	0.99989	0	0.00011	0
81	P	0.99991	0	0.00009	0
82	L	0.99950	0	0.00050	0
83	V	0.93395	0	0.06605	0
84	P	0.82286	0	0.17714	0
85	L	0.08773	0	0.91227	0
86	D	0.08741	0	0.91259	0
87	N	0.08633	0	0.91367	0
88	H	0.00339	0	0.99661	0
89	I	0.00011	0	0.99989	0
90	P	0.00011	0	0.99989	0
91	E	0.00011	0	0.99989	0
92	R	0.00010	0	0.99990	0
93	A	0.00004	0	0.99996	0
94	G	0.00001	0	0.99999	0
95	S	0.00000	0	1.00000	0
96	G	0.00000	0	1.00000	0
97	S	0.00000	0	1.00000	0
98	Q	0.00000	0	1.00000	0
99	V	0.00000	0	1.00000	0
100	P	0.00000	0	1.00000	0
101	T	0.00000	0.00054	0.99946	0
102	E	0.00000	0.07287	0.92713	0
103	P	0.00000	0.23432	0.76568	0
104	K	0.00000	0.89075	0.10925	0
105	K	0.00000	0.91137	0.08863	0
106	L	0.00000	0.91245	0.08755	0
107	E	0.00000	0.99785	0.00215	0
108	E	0.00000	0.99958	0.00042	0
109	N	0.00000	0.99987	0.00013	0
110	E	0.00000	0.99989	0.00011	0
111	V	0.00000	0.9999	0.00010	0
112	I	0.00000	0.99991	0.00009	0
113	P	0.00000	1	0.00000	0
114	K	0.00000	1	0.00000	0
115	R	0.00000	0.98095	0.01905	0
116	I	0.00000	0.38384	0.61616	0
117	S	0.00000	0.37942	0.62058	0
118	P	0.00000	0.33031	0.66969	0
119	V	0.00000	0.01549	0.98451	0
120	E	0.00000	0.01542	0.98458	0
121	E	0.00000	0.01317	0.98683	0
122	S	0.00000	0.00736	0.99264	0
123	E	0.00000	0.00012	0.99988	0
124	D	0.00000	0.00011	0.99989	0
125	V	0.00000	0	1.00000	0
126	S	0.00000	0	1.00000	0
127	N	0.00000	0	1.00000	0
128	K	0.00000	0	1.00000	0
129	V	0.00000	0	1.00000	0
130	S	0.00000	0	1.00000	0
131	M	0.00000	0	1.00000	0
132	S	0.00000	0	1.00000	0
133	S	0.00000	0	1.00000	0
134	T	0.00000	0	1.00000	0
135	V	0.00018	0	0.99982	0
136	Q	0.16926	0	0.83074	0
137	G	0.22681	0	0.77319	0
138	S	0.51083	0	0.48917	0
139	N	0.66684	0	0.33316	0
140	I	0.69401	0	0.30599	0
141	F	0.70878	0	0.29122	0
142	E	0.99172	0	0.00828	0
143	R	0.99989	0	0.00011	0
144	T	0.99991	0	0.00009	0
145	E	0.99999	0	0.00001	0
146	V	0.99445	0	0.00555	0
147	L	0.80140	0	0.19860	0
148	A	0.45599	0	0.54401	0
149	A	0.30938	0	0.69062	0
150	L	0.30744	0	0.69256	0
151	I	0.11557	0	0.88443	0
152	V	0.00022	0	0.99978	0
153	G	0.00012	0	0.99988	0
154	G	0.00005	0	0.99995	0
155	I	0.00000	0	1.00000	0
156	V	0.00000	0	1.00000	0
157	G	0.00000	0	1.00000	0
158	I	0.00000	0	1.00000	0
159	L	0.00000	0	1.00000	0
160	F	0.00000	0	1.00000	0
161	A	0.00000	0	1.00000	0
162	V	0.00000	0	1.00000	0
163	F	0.00000	0	1.00000	0
164	L	0.00000	0	1.00000	0
165	I	0.00000	0	1.00000	0
166	L	0.00000	0	1.00000	0
167	L	0.00000	5e-05	0.99995	0
168	L	0.00000	0.0014	0.99860	0
169	M	0.00000	0.01859	0.98141	0
170	Y	0.00000	0.21955	0.78045	0
171	R	0.00000	0.64093	0.35907	0
172	M	0.00000	0.67532	0.32468	0
173	K	0.00000	0.99372	0.00628	0
174	K	0.00000	0.99747	0.00253	0
175	K	0.00000	0.99542	0.00458	0
176	D	0.00000	0.97249	0.02751	0
177	E	0.00000	0.77524	0.22476	0
178	G	0.00000	0.36357	0.63643	0
179	S	0.00000	0.29668	0.70332	0
180	Y	0.00000	0.00304	0.99696	0
181	D	0.00000	0	1.00000	0
182	L	0.00000	0	1.00000	0
183	G	0.00000	0	1.00000	0
184	K	0.00000	0	1.00000	0
185	K	0.00000	0	1.00000	0
186	P	0.00000	0	1.00000	0
187	I	0.00000	0	1.00000	0
188	Y	0.00000	0	1.00000	0
189	K	0.00001	0	0.99999	0
190	K	0.00001	0	0.99999	0
191	A	0.00001	0	0.99999	0
192	P	0.00001	0	0.99999	0
193	T	0.00001	0	0.99999	0
194	N	0.00001	0	0.99999	0
195	E	0.00143	0	0.99857	0
196	F	0.00174	0	0.99826	0
197	Y	0.02187	0	0.97813	0
198	A	1.00000	0	0.00000	0
