# UNNAMED
#pos	aa	i	o	M	S
1	M	0.00000	0.03746	0.00000	0.96254
2	E	0.00000	0.03746	0.00000	0.96253
3	T	0.00000	0.03746	0.00000	0.96254
4	L	0.00000	0.03746	0.00000	0.96254
5	C	0.00000	0.03746	0.00000	0.96254
6	L	0.00000	0.03746	0.00000	0.96253
7	R	0.00000	0.03746	0.00000	0.96254
8	A	0.00000	0.03746	0.00000	0.96254
9	S	0.00000	0.03746	0.00000	0.96253
10	F	0.00000	0.03746	0.00000	0.96253
11	W	0.00000	0.03746	0.00000	0.96253
12	L	0.00000	0.03746	0.00000	0.96253
13	A	0.00000	0.03746	0.00000	0.96254
14	L	0.00000	0.03746	0.00000	0.96253
15	V	0.00000	0.03747	0.00000	0.96254
16	G	0.00000	0.03747	0.00000	0.96254
17	C	0.00000	0.03747	0.00000	0.96253
18	V	0.00000	0.18749	0.00000	0.81251
19	I	0.00000	0.18749	0.00000	0.81251
20	S	0.00000	0.18749	0.00000	0.81251
21	D	0.00000	0.99953	0.00000	0.00047
22	N	0.00000	0.99955	0.00000	0.00044
23	P	0.00000	0.99956	0.00000	0.00044
24	E	0.00000	0.99956	0.00000	0.00044
25	R	0.00000	1	0.00000	0
26	Y	0.00000	1	0.00000	0
27	S	0.00000	1	0.00000	0
28	T	0.00000	1	0.00000	0
29	N	0.00000	1	0.00000	0
30	L	0.00000	1	0.00000	0
31	S	0.00000	1	0.00000	0
32	N	0.00000	1	0.00000	0
33	H	0.00000	1	0.00000	0
34	V	0.00000	1	0.00000	0
35	D	0.00000	1	0.00000	0
36	D	0.00000	1	0.00000	0
37	F	0.00000	1	0.00000	0
38	T	0.00000	1	0.00000	0
39	T	0.00000	1	0.00000	0
40	F	0.00000	1	0.00000	0
41	R	0.00000	1	0.00000	0
42	G	0.00000	1	0.00000	0
43	T	0.00000	1	0.00000	0
44	E	0.00000	1	0.00000	0
45	L	0.00000	1	0.00000	0
46	S	0.00000	1	0.00000	0
47	F	0.00000	1	0.00000	0
48	L	0.00000	1	0.00000	0
49	V	0.00000	1	0.00000	0
50	T	0.00000	1	0.00000	0
51	T	0.00000	1	0.00000	0
52	H	0.00000	1	0.00000	0
53	Q	0.00000	1	0.00000	0
54	P	0.00000	1	0.00000	0
55	T	0.00000	1	0.00000	0
56	N	0.00000	1	0.00000	0
57	L	0.00000	1	0.00000	0
58	V	0.00000	1	0.00000	0
59	L	0.00000	1	0.00000	0
60	P	0.00000	1	0.00000	0
61	S	0.00000	1	0.00000	0
62	N	0.00000	1	0.00000	0
63	G	0.00000	1	0.00000	0
64	S	0.00000	1	0.00000	0
65	M	0.00000	1	0.00000	0
66	H	0.00000	1	0.00000	0
67	N	0.00000	1	0.00000	0
68	Y	0.00000	1	0.00000	0
69	C	0.00000	1	0.00000	0
70	P	0.00000	1	0.00000	0
71	Q	0.00000	1	0.00000	0
72	Q	0.00000	1	0.00000	0
73	T	0.00000	1	0.00000	0
74	K	0.00000	1	0.00000	0
75	I	0.00000	0.99997	0.00003	0
76	T	0.00000	0.99992	0.00008	0
77	S	0.00000	0.99559	0.00441	0
78	A	0.00000	0.93737	0.06263	0
79	F	0.00000	0.93116	0.06884	0
80	K	0.00000	0.92638	0.07362	0
81	Y	0.00000	0.55348	0.44652	0
82	I	0.00000	0.246	0.75400	0
83	N	0.00000	0.22361	0.77639	0
84	T	0.00000	0.15108	0.84892	0
85	V	0.00000	0.06106	0.93894	0
86	I	0.00000	0.01841	0.98159	0
87	S	0.00000	0.01376	0.98624	0
88	C	0.00000	0.00607	0.99393	0
89	T	0.00000	6e-05	0.99994	0
90	I	0.00000	0	1.00000	0
91	F	0.00000	0	1.00000	0
92	I	0.00000	0	1.00000	0
93	V	0.00000	0	1.00000	0
94	G	0.00000	0	1.00000	0
95	M	0.00000	0	1.00000	0
96	V	0.00000	0	1.00000	0
97	G	0.00000	0	1.00000	0
98	N	0.00000	0	1.00000	0
99	A	0.00000	0	1.00000	0
100	T	0.00001	0	0.99999	0
101	L	0.00001	0	0.99999	0
102	L	0.00005	0	0.99995	0
103	R	0.00166	0	0.99834	0
104	I	0.00238	0	0.99762	0
105	I	0.01505	0	0.98495	0
106	Y	0.28141	0	0.71859	0
107	Q	0.97892	0	0.02108	0
108	N	0.99991	0	0.00009	0
109	K	1.00000	0	0.00000	0
110	C	1.00000	0	0.00000	0
111	M	1.00000	0	0.00000	0
112	R	1.00000	0	0.00000	0
113	N	1.00000	0	0.00000	0
114	G	1.00000	0	0.00000	0
115	P	1.00000	0	0.00000	0
116	N	0.59375	0	0.40625	0
117	A	0.49538	0	0.50462	0
118	L	0.00756	0	0.99244	0
119	I	0.00035	0	0.99965	0
120	A	0.00006	0	0.99994	0
121	S	0.00001	0	0.99999	0
122	L	0.00000	0	1.00000	0
123	A	0.00000	0	1.00000	0
124	L	0.00000	0	1.00000	0
125	G	0.00000	0	1.00000	0
126	D	0.00000	0	1.00000	0
127	L	0.00000	0	1.00000	0
128	I	0.00000	0	1.00000	0
129	Y	0.00000	0	1.00000	0
130	V	0.00000	0	1.00000	0
131	V	0.00000	0	1.00000	0
132	I	0.00000	0	1.00000	0
133	D	0.00000	1e-05	0.99999	0
134	L	0.00000	6e-05	0.99994	0
135	P	0.00000	0.00167	0.99833	0
136	I	0.00000	0.01051	0.98949	0
137	N	0.00000	0.06922	0.93078	0
138	V	0.00000	0.07485	0.92515	0
139	F	0.00000	0.20686	0.79314	0
140	K	0.00000	0.9973	0.00270	0
141	L	0.00000	0.9975	0.00250	0
142	L	0.00000	0.99778	0.00222	0
143	A	0.00000	0.99906	0.00094	0
144	G	0.00000	0.99977	0.00023	0
145	R	0.00000	0.99999	0.00001	0
146	W	0.00000	0.99999	0.00001	0
147	P	0.00000	0.99999	0.00001	0
148	F	0.00000	1	0.00000	0
149	D	0.00000	1	0.00000	0
150	H	0.00000	1	0.00000	0
151	N	0.00000	1	0.00000	0
152	D	0.00000	0.99993	0.00007	0
153	F	0.00000	0.99942	0.00058	0
154	G	0.00000	0.99941	0.00059	0
155	V	0.00000	0.99937	0.00063	0
156	F	0.00000	0.99934	0.00066	0
157	L	0.00000	0.99931	0.00069	0
158	C	0.00000	0.99929	0.00071	0
159	K	0.00000	0.99828	0.00172	0
160	L	0.00000	0.91126	0.08874	0
161	F	0.00000	0.57661	0.42339	0
162	P	0.00000	0.50898	0.49102	0
163	F	0.00000	0.1498	0.85020	0
164	L	0.00000	0.1372	0.86280	0
165	Q	0.00000	0.13154	0.86846	0
166	K	0.00000	0.12541	0.87459	0
167	S	0.00000	0.01012	0.98988	0
168	S	0.00000	0.00085	0.99915	0
169	V	0.00000	0	1.00000	0
170	G	0.00000	0	1.00000	0
171	I	0.00000	0	1.00000	0
172	T	0.00000	0	1.00000	0
173	V	0.00000	0	1.00000	0
174	L	0.00001	0	0.99999	0
175	N	0.00004	0	0.99996	0
176	L	0.00016	0	0.99984	0
177	C	0.00047	0	0.99953	0
178	A	0.00049	0	0.99951	0
179	L	0.00049	0	0.99951	0
180	S	0.00049	0	0.99951	0
181	V	0.00050	0	0.99950	0
182	D	0.00052	0	0.99948	0
183	R	0.00754	0	0.99246	0
184	Y	0.07926	0	0.92074	0
185	R	0.37826	0	0.62174	0
186	A	0.74374	0	0.25626	0
187	V	0.99919	0	0.00081	0
188	A	1.00000	0	0.00000	0
189	S	1.00000	0	0.00000	0
190	W	1.00000	0	0.00000	0
191	S	1.00000	0	0.00000	0
192	R	1.00000	0	0.00000	0
193	V	0.99996	0	0.00004	0
194	Q	0.99994	0	0.00006	0
195	G	0.99961	0	0.00039	0
196	I	0.99344	0	0.00656	0
197	G	0.98676	0	0.01324	0
198	I	0.97933	0	0.02067	0
199	P	0.97738	0	0.02262	0
200	L	0.95250	0	0.04750	0
201	V	0.94358	0	0.05642	0
202	T	0.93384	0	0.06616	0
203	A	0.84540	0	0.15460	0
204	I	0.75449	0	0.24551	0
205	E	0.73197	0	0.26803	0
206	I	0.10024	0	0.89976	0
207	V	0.00607	0	0.99393	0
208	S	0.00124	0	0.99876	0
209	I	0.00002	0	0.99998	0
210	W	0.00000	0	1.00000	0
211	I	0.00000	0	1.00000	0
212	L	0.00000	0	1.00000	0
213	S	0.00000	0	1.00000	0
214	F	0.00000	0	1.00000	0
215	I	0.00000	1e-05	0.99999	0
216	L	0.00000	7e-05	0.99993	0
217	A	0.00000	0.00085	0.99915	0
218	I	0.00000	0.00368	0.99632	0
219	P	0.00000	0.02203	0.97797	0
220	E	0.00000	0.03787	0.96213	0
221	A	0.00000	0.03935	0.96065	0
222	I	0.00000	0.0441	0.95590	0
223	G	0.00000	0.055	0.94500	0
224	F	0.00000	0.05897	0.94103	0
225	V	0.00000	0.09619	0.90381	0
226	M	0.00000	0.14531	0.85469	0
227	V	0.00000	0.31158	0.68842	0
228	P	0.00000	0.68504	0.31496	0
229	F	0.00000	0.81369	0.18631	0
230	E	0.00000	0.99821	0.00179	0
231	Y	0.00000	0.9998	0.00020	0
232	R	0.00000	1	0.00000	0
233	G	0.00000	1	0.00000	0
234	E	0.00000	1	0.00000	0
235	Q	0.00000	1	0.00000	0
236	H	0.00000	1	0.00000	0
237	K	0.00000	1	0.00000	0
238	T	0.00000	1	0.00000	0
239	C	0.00000	1	0.00000	0
240	M	0.00000	1	0.00000	0
241	L	0.00000	1	0.00000	0
242	N	0.00000	1	0.00000	0
243	A	0.00000	1	0.00000	0
244	T	0.00000	1	0.00000	0
245	S	0.00000	1	0.00000	0
246	K	0.00000	1	0.00000	0
247	F	0.00000	1	0.00000	0
248	M	0.00000	0.99999	0.00001	0
249	E	0.00000	0.99999	0.00001	0
250	F	0.00000	0.99991	0.00009	0
251	Y	0.00000	0.99986	0.00014	0
252	Q	0.00000	0.99986	0.00014	0
253	D	0.00000	0.99986	0.00014	0
254	V	0.00000	0.99982	0.00018	0
255	K	0.00000	0.99979	0.00021	0
256	D	0.00000	0.96397	0.03603	0
257	W	0.00000	0.80304	0.19696	0
258	W	0.00000	0.18015	0.81985	0
259	L	0.00000	0.084	0.91600	0
260	F	0.00000	0.01594	0.98406	0
261	G	0.00000	0.014	0.98600	0
262	F	0.00000	1e-05	0.99999	0
263	Y	0.00000	0	1.00000	0
264	F	0.00000	0	1.00000	0
265	C	0.00000	0	1.00000	0
266	M	0.00000	0	1.00000	0
267	P	0.00000	0	1.00000	0
268	L	0.00000	0	1.00000	0
269	V	0.00000	0	1.00000	0
270	C	0.00000	0	1.00000	0
271	T	0.00000	0	1.00000	0
272	A	0.00000	0	1.00000	0
273	I	0.00000	0	1.00000	0
274	F	0.00000	0	1.00000	0
275	Y	0.00001	0	0.99999	0
276	T	0.00009	0	0.99991	0
277	L	0.00032	0	0.99968	0
278	M	0.01219	0	0.98781	0
279	T	0.10674	0	0.89326	0
280	C	0.28463	0	0.71537	0
281	E	0.69941	0	0.30059	0
282	M	0.73621	0	0.26379	0
283	L	0.78161	0	0.21839	0
284	N	0.96430	0	0.03570	0
285	R	0.99844	0	0.00156	0
286	R	0.99995	0	0.00005	0
287	N	1.00000	0	0.00000	0
288	G	1.00000	0	0.00000	0
289	S	1.00000	0	0.00000	0
290	L	1.00000	0	0.00000	0
291	R	1.00000	0	0.00000	0
292	I	1.00000	0	0.00000	0
293	A	1.00000	0	0.00000	0
294	L	1.00000	0	0.00000	0
295	S	1.00000	0	0.00000	0
296	E	1.00000	0	0.00000	0
297	H	1.00000	0	0.00000	0
298	L	1.00000	0	0.00000	0
299	K	1.00000	0	0.00000	0
300	Q	1.00000	0	0.00000	0
301	R	1.00000	0	0.00000	0
302	R	1.00000	0	0.00000	0
303	E	0.99999	0	0.00001	0
304	V	0.61790	0	0.38210	0
305	A	0.09179	0	0.90821	0
306	K	0.09096	0	0.90904	0
307	T	0.02672	0	0.97328	0
308	V	0.00007	0	0.99993	0
309	F	0.00000	0	1.00000	0
310	C	0.00000	0	1.00000	0
311	L	0.00000	0	1.00000	0
312	V	0.00000	0	1.00000	0
313	V	0.00000	0	1.00000	0
314	I	0.00000	0	1.00000	0
315	F	0.00000	0	1.00000	0
316	A	0.00000	0	1.00000	0
317	L	0.00000	0	1.00000	0
318	C	0.00000	0	1.00000	0
319	W	0.00000	0	1.00000	0
320	F	0.00000	0	1.00000	0
321	P	0.00000	0	1.00000	0
322	L	0.00000	0	1.00000	0
323	H	0.00000	0.00013	0.99987	0
324	L	0.00000	0.00631	0.99369	0
325	S	0.00000	0.18142	0.81858	0
326	R	0.00000	0.44006	0.55994	0
327	I	0.00000	0.50292	0.49708	0
328	L	0.00000	0.84069	0.15931	0
329	K	0.00000	0.99776	0.00224	0
330	K	0.00000	0.99996	0.00004	0
331	T	0.00000	1	0.00000	0
332	V	0.00000	1	0.00000	0
333	Y	0.00000	1	0.00000	0
334	N	0.00000	1	0.00000	0
335	E	0.00000	1	0.00000	0
336	M	0.00000	1	0.00000	0
337	D	0.00000	1	0.00000	0
338	K	0.00000	1	0.00000	0
339	N	0.00000	1	0.00000	0
340	R	0.00000	1	0.00000	0
341	C	0.00000	0.99999	0.00001	0
342	E	0.00000	0.9999	0.00010	0
343	L	0.00000	0.99757	0.00243	0
344	L	0.00000	0.99375	0.00625	0
345	S	0.00000	0.98796	0.01204	0
346	F	0.00000	0.55696	0.44304	0
347	L	0.00000	0.34314	0.65686	0
348	L	0.00000	0.16291	0.83709	0
349	L	0.00000	0.05902	0.94098	0
350	M	0.00000	0.0542	0.94580	0
351	D	0.00000	0.05322	0.94678	0
352	Y	0.00000	0.03553	0.96447	0
353	I	0.00000	0.00549	0.99451	0
354	G	0.00000	0.00332	0.99668	0
355	I	0.00000	5e-05	0.99995	0
356	N	0.00000	0	1.00000	0
357	L	0.00000	0	1.00000	0
358	A	0.00000	0	1.00000	0
359	T	0.00000	0	1.00000	0
360	M	0.00000	0	1.00000	0
361	N	0.00000	0	1.00000	0
362	S	0.00000	0	1.00000	0
363	C	0.00000	0	1.00000	0
364	I	0.00000	0	1.00000	0
365	N	0.00004	0	0.99996	0
366	P	0.00007	0	0.99993	0
367	I	0.00014	0	0.99986	0
368	A	0.00048	0	0.99952	0
369	L	0.00109	0	0.99891	0
370	Y	0.00169	0	0.99831	0
371	F	0.01039	0	0.98961	0
372	V	0.14696	0	0.85304	0
373	S	0.42276	0	0.57724	0
374	K	1.00000	0	0.00000	0
375	K	1.00000	0	0.00000	0
376	F	1.00000	0	0.00000	0
377	K	1.00000	0	0.00000	0
378	N	1.00000	0	0.00000	0
379	C	1.00000	0	0.00000	0
380	F	1.00000	0	0.00000	0
381	Q	1.00000	0	0.00000	0
382	S	1.00000	0	0.00000	0
383	C	1.00000	0	0.00000	0
384	L	1.00000	0	0.00000	0
385	C	1.00000	0	0.00000	0
386	C	1.00000	0	0.00000	0
387	C	1.00000	0	0.00000	0
388	C	1.00000	0	0.00000	0
389	Y	1.00000	0	0.00000	0
390	Q	1.00000	0	0.00000	0
391	S	1.00000	0	0.00000	0
392	K	1.00000	0	0.00000	0
393	S	1.00000	0	0.00000	0
394	L	1.00000	0	0.00000	0
395	M	1.00000	0	0.00000	0
396	T	1.00000	0	0.00000	0
397	S	1.00000	0	0.00000	0
398	V	1.00000	0	0.00000	0
399	P	1.00000	0	0.00000	0
400	M	1.00000	0	0.00000	0
401	N	1.00000	0	0.00000	0
402	G	1.00000	0	0.00000	0
403	T	1.00000	0	0.00000	0
404	S	1.00000	0	0.00000	0
405	I	1.00000	0	0.00000	0
406	Q	1.00000	0	0.00000	0
407	W	1.00000	0	0.00000	0
408	K	1.00000	0	0.00000	0
409	N	1.00000	0	0.00000	0
410	H	1.00000	0	0.00000	0
411	D	1.00000	0	0.00000	0
412	Q	1.00000	0	0.00000	0
413	N	1.00000	0	0.00000	0
414	N	1.00000	0	0.00000	0
415	H	1.00000	0	0.00000	0
416	N	1.00000	0	0.00000	0
417	T	1.00000	0	0.00000	0
418	D	1.00000	0	0.00000	0
419	R	1.00000	0	0.00000	0
420	S	1.00000	0	0.00000	0
421	S	1.00000	0	0.00000	0
422	H	1.00000	0	0.00000	0
423	K	1.00000	0	0.00000	0
424	D	1.00000	0	0.00000	0
425	S	1.00000	0	0.00000	0
426	M	1.00000	0	0.00000	0
427	N	1.00000	0	0.00000	0
