# UNNAMED
#pos	aa	i	o	M	S
1	M	0.00000	1	0.00000	0
2	A	0.00000	1	0.00000	0
3	D	0.00000	1	0.00000	0
4	S	0.00000	1	0.00000	0
5	C	0.00000	1	0.00000	0
6	R	0.00000	1	0.00000	0
7	N	0.00000	1	0.00000	0
8	L	0.00000	0.99971	0.00029	0
9	T	0.00000	0.9995	0.00050	0
10	Y	0.00000	0.99933	0.00067	0
11	V	0.00000	0.99921	0.00079	0
12	R	0.00000	0.99917	0.00083	0
13	G	0.00000	0.98881	0.01119	0
14	S	0.00000	0.96154	0.03846	0
15	V	0.00000	0.72254	0.27746	0
16	G	0.00000	0.67891	0.32109	0
17	P	0.00000	0.52553	0.47447	0
18	A	0.00000	0.24913	0.75087	0
19	T	0.00000	0.16369	0.83631	0
20	S	0.00000	0.10319	0.89681	0
21	T	0.00000	0.01598	0.98402	0
22	L	0.00000	0.00064	0.99936	0
23	M	0.00000	0.00012	0.99988	0
24	F	0.00000	0	1.00000	0
25	V	0.00000	0	1.00000	0
26	A	0.00000	0	1.00000	0
27	G	0.00000	0	1.00000	0
28	V	0.00000	0	1.00000	0
29	V	0.00000	0	1.00000	0
30	G	0.00000	0	1.00000	0
31	N	0.00000	0	1.00000	0
32	G	0.00000	0	1.00000	0
33	L	0.00000	0	1.00000	0
34	A	0.00000	0	1.00000	0
35	L	0.00000	0	1.00000	0
36	G	0.00023	0	0.99977	0
37	I	0.00154	0	0.99846	0
38	L	0.09319	0	0.90681	0
39	S	0.57620	0	0.42380	0
40	A	0.71992	0	0.28008	0
41	R	0.96033	0	0.03967	0
42	R	0.99910	0	0.00090	0
43	P	0.99994	0	0.00006	0
44	A	0.99996	0	0.00004	0
45	R	1.00000	0	0.00000	0
46	P	1.00000	0	0.00000	0
47	S	0.99543	0	0.00457	0
48	A	0.87462	0	0.12538	0
49	F	0.24218	0	0.75782	0
50	A	0.19332	0	0.80668	0
51	V	0.10209	0	0.89791	0
52	L	0.00150	0	0.99850	0
53	V	0.00007	0	0.99993	0
54	T	0.00002	0	0.99998	0
55	G	0.00000	0	1.00000	0
56	L	0.00000	0	1.00000	0
57	A	0.00000	0	1.00000	0
58	A	0.00000	0	1.00000	0
59	T	0.00000	0	1.00000	0
60	D	0.00000	0	1.00000	0
61	L	0.00000	0	1.00000	0
62	L	0.00000	0	1.00000	0
63	G	0.00000	0	1.00000	0
64	T	0.00000	0	1.00000	0
65	S	0.00000	0	1.00000	0
66	F	0.00000	0	1.00000	0
67	L	0.00000	5e-05	0.99995	0
68	S	0.00000	0.00109	0.99891	0
69	P	0.00000	0.00137	0.99863	0
70	A	0.00000	0.00258	0.99742	0
71	V	0.00000	0.01171	0.98829	0
72	F	0.00000	0.03046	0.96954	0
73	V	0.00000	0.12129	0.87871	0
74	A	0.00000	0.9988	0.00120	0
75	Y	0.00000	0.99954	0.00046	0
76	A	0.00000	0.99984	0.00016	0
77	R	0.00000	0.99999	0.00001	0
78	N	0.00000	1	0.00000	0
79	S	0.00000	1	0.00000	0
80	S	0.00000	1	0.00000	0
81	L	0.00000	1	0.00000	0
82	L	0.00000	1	0.00000	0
83	G	0.00000	1	0.00000	0
84	L	0.00000	1	0.00000	0
85	A	0.00000	1	0.00000	0
86	R	0.00000	1	0.00000	0
87	G	0.00000	1	0.00000	0
88	G	0.00000	1	0.00000	0
89	P	0.00000	0.99993	0.00007	0
90	A	0.00000	0.99727	0.00273	0
91	L	0.00000	0.98739	0.01261	0
92	C	0.00000	0.98327	0.01673	0
93	D	0.00000	0.84937	0.15063	0
94	A	0.00000	0.34488	0.65512	0
95	F	0.00000	0.0445	0.95550	0
96	A	0.00000	0.02427	0.97573	0
97	F	0.00000	0.00419	0.99581	0
98	A	0.00000	0.00086	0.99914	0
99	M	0.00000	5e-05	0.99995	0
100	T	0.00000	1e-05	0.99999	0
101	F	0.00000	0	1.00000	0
102	F	0.00000	0	1.00000	0
103	G	0.00000	0	1.00000	0
104	L	0.00000	0	1.00000	0
105	A	0.00000	0	1.00000	0
106	S	0.00000	0	1.00000	0
107	M	0.00000	0	1.00000	0
108	L	0.00000	0	1.00000	0
109	I	0.00000	0	1.00000	0
110	L	0.00000	0	1.00000	0
111	F	0.00000	0	1.00000	0
112	A	0.00001	0	0.99999	0
113	M	0.00017	0	0.99983	0
114	A	0.00181	0	0.99819	0
115	V	0.00374	0	0.99626	0
116	E	0.01307	0	0.98693	0
117	R	0.16834	0	0.83166	0
118	C	0.59648	0	0.40352	0
119	L	0.95534	0	0.04466	0
120	A	0.99423	0	0.00577	0
121	L	0.99975	0	0.00025	0
122	S	1.00000	0	0.00000	0
123	H	1.00000	0	0.00000	0
124	P	1.00000	0	0.00000	0
125	Y	1.00000	0	0.00000	0
126	L	1.00000	0	0.00000	0
127	Y	1.00000	0	0.00000	0
128	A	1.00000	0	0.00000	0
129	Q	1.00000	0	0.00000	0
130	L	1.00000	0	0.00000	0
131	D	1.00000	0	0.00000	0
132	G	1.00000	0	0.00000	0
133	P	0.99982	0	0.00018	0
134	R	0.98103	0	0.01897	0
135	C	0.04915	0	0.95085	0
136	A	0.02757	0	0.97243	0
137	R	0.02626	0	0.97374	0
138	L	0.00395	0	0.99605	0
139	A	0.00126	0	0.99874	0
140	L	0.00081	0	0.99919	0
141	P	0.00049	0	0.99951	0
142	A	0.00001	0	0.99999	0
143	I	0.00000	0	1.00000	0
144	Y	0.00000	0	1.00000	0
145	A	0.00000	0	1.00000	0
146	F	0.00000	0	1.00000	0
147	C	0.00000	0	1.00000	0
148	V	0.00000	0	1.00000	0
149	L	0.00000	0	1.00000	0
150	F	0.00000	0	1.00000	0
151	C	0.00000	0	1.00000	0
152	A	0.00000	0	1.00000	0
153	L	0.00000	1e-05	0.99999	0
154	P	0.00000	0.00071	0.99929	0
155	L	0.00000	0.00256	0.99744	0
156	L	0.00000	0.02153	0.97847	0
157	G	0.00000	0.78424	0.21576	0
158	L	0.00000	0.86325	0.13675	0
159	G	0.00000	0.97532	0.02468	0
160	Q	0.00000	0.99792	0.00208	0
161	H	0.00000	0.99929	0.00071	0
162	Q	0.00000	0.99972	0.00028	0
163	Q	0.00000	0.99994	0.00006	0
164	Y	0.00000	0.99997	0.00003	0
165	C	0.00000	1	0.00000	0
166	P	0.00000	1	0.00000	0
167	G	0.00000	1	0.00000	0
168	S	0.00000	1	0.00000	0
169	W	0.00000	1	0.00000	0
170	C	0.00000	1	0.00000	0
171	F	0.00000	1	0.00000	0
172	L	0.00000	1	0.00000	0
173	R	0.00000	1	0.00000	0
174	M	0.00000	0.99877	0.00123	0
175	R	0.00000	0.99857	0.00143	0
176	W	0.00000	0.99352	0.00648	0
177	A	0.00000	0.99298	0.00702	0
178	Q	0.00000	0.99247	0.00753	0
179	P	0.00000	0.9906	0.00940	0
180	G	0.00000	0.91535	0.08465	0
181	G	0.00000	0.91257	0.08743	0
182	A	0.00000	0.87337	0.12663	0
183	A	0.00000	0.75045	0.24955	0
184	F	0.00000	0.64783	0.35217	0
185	S	0.00000	0.11466	0.88534	0
186	L	0.00000	0.09539	0.90461	0
187	A	0.00000	0.05389	0.94611	0
188	Y	0.00000	0.03886	0.96114	0
189	A	0.00000	0.03515	0.96485	0
190	G	0.00000	0.03353	0.96647	0
191	L	0.00000	0.00344	0.99656	0
192	V	0.00000	0.00054	0.99946	0
193	A	0.00000	1e-05	0.99999	0
194	L	0.00000	0	1.00000	0
195	L	0.00000	0	1.00000	0
196	V	0.00000	0	1.00000	0
197	A	0.00001	0	0.99999	0
198	A	0.00003	0	0.99997	0
199	I	0.00006	0	0.99994	0
200	F	0.00019	0	0.99981	0
201	L	0.00124	0	0.99876	0
202	C	0.00743	0	0.99257	0
203	N	0.06717	0	0.93283	0
204	G	0.08403	0	0.91597	0
205	S	0.09926	0	0.90074	0
206	V	0.10517	0	0.89483	0
207	T	0.14242	0	0.85758	0
208	L	0.16025	0	0.83975	0
209	S	0.26118	0	0.73882	0
210	L	0.29512	0	0.70488	0
211	C	0.52360	0	0.47640	0
212	R	0.91157	0	0.08843	0
213	M	0.92800	0	0.07200	0
214	Y	0.93496	0	0.06504	0
215	R	0.99762	0	0.00238	0
216	Q	0.99996	0	0.00004	0
217	Q	1.00000	0	0.00000	0
218	K	1.00000	0	0.00000	0
219	R	1.00000	0	0.00000	0
220	H	1.00000	0	0.00000	0
221	Q	1.00000	0	0.00000	0
222	G	1.00000	0	0.00000	0
223	S	1.00000	0	0.00000	0
224	L	1.00000	0	0.00000	0
225	G	1.00000	0	0.00000	0
226	P	1.00000	0	0.00000	0
227	R	1.00000	0	0.00000	0
228	P	1.00000	0	0.00000	0
229	R	1.00000	0	0.00000	0
230	T	1.00000	0	0.00000	0
231	G	1.00000	0	0.00000	0
232	E	1.00000	0	0.00000	0
233	D	1.00000	0	0.00000	0
234	E	1.00000	0	0.00000	0
235	V	1.00000	0	0.00000	0
236	D	1.00000	0	0.00000	0
237	H	0.98928	0	0.01072	0
238	L	0.93790	0	0.06210	0
239	I	0.21134	0	0.78866	0
240	L	0.04035	0	0.95965	0
241	L	0.01025	0	0.98975	0
242	A	0.00503	0	0.99497	0
243	L	0.00082	0	0.99918	0
244	M	0.00034	0	0.99966	0
245	T	0.00011	0	0.99989	0
246	V	0.00000	0	1.00000	0
247	V	0.00000	0	1.00000	0
248	M	0.00000	0	1.00000	0
249	A	0.00000	0	1.00000	0
250	V	0.00000	0	1.00000	0
251	C	0.00000	0	1.00000	0
252	S	0.00000	0	1.00000	0
253	L	0.00000	0	1.00000	0
254	P	0.00000	0	1.00000	0
255	L	0.00000	0	1.00000	0
256	T	0.00000	0	1.00000	0
257	I	0.00000	0.00058	0.99942	0
258	R	0.00000	0.04898	0.95102	0
259	C	0.00000	0.07168	0.92832	0
260	F	0.00000	0.09583	0.90417	0
261	T	0.00000	0.37402	0.62598	0
262	Q	0.00000	0.64705	0.35295	0
263	A	0.00000	0.70814	0.29186	0
264	V	0.00000	0.71369	0.28631	0
265	A	0.00000	0.81609	0.18391	0
266	P	0.00000	0.97025	0.02975	0
267	D	0.00000	0.99998	0.00002	0
268	S	0.00000	1	0.00000	0
269	S	0.00000	1	0.00000	0
270	S	0.00000	0.99999	0.00001	0
271	E	0.00000	0.99983	0.00017	0
272	M	0.00000	0.99833	0.00167	0
273	G	0.00000	0.99817	0.00183	0
274	D	0.00000	0.99674	0.00326	0
275	L	0.00000	0.03497	0.96503	0
276	L	0.00000	0.00057	0.99943	0
277	A	0.00000	0	1.00000	0
278	F	0.00000	0	1.00000	0
279	R	0.00000	0	1.00000	0
280	F	0.00000	0	1.00000	0
281	Y	0.00000	0	1.00000	0
282	A	0.00000	0	1.00000	0
283	F	0.00000	0	1.00000	0
284	N	0.00000	0	1.00000	0
285	P	0.00000	0	1.00000	0
286	I	0.00000	0	1.00000	0
287	L	0.00000	0	1.00000	0
288	D	0.00000	0	1.00000	0
289	P	0.00000	0	1.00000	0
290	W	0.00000	0	1.00000	0
291	V	0.00000	0	1.00000	0
292	F	0.00000	0	1.00000	0
293	I	0.00000	0	1.00000	0
294	L	0.00481	0	0.99519	0
295	F	0.81809	0	0.18191	0
296	R	1.00000	0	0.00000	0
297	K	1.00000	0	0.00000	0
298	A	1.00000	0	0.00000	0
299	V	1.00000	0	0.00000	0
300	F	1.00000	0	0.00000	0
301	Q	1.00000	0	0.00000	0
302	R	1.00000	0	0.00000	0
303	L	1.00000	0	0.00000	0
304	K	1.00000	0	0.00000	0
305	L	1.00000	0	0.00000	0
306	W	1.00000	0	0.00000	0
307	V	1.00000	0	0.00000	0
308	C	1.00000	0	0.00000	0
309	C	1.00000	0	0.00000	0
310	L	1.00000	0	0.00000	0
311	C	1.00000	0	0.00000	0
312	L	1.00000	0	0.00000	0
313	G	1.00000	0	0.00000	0
314	P	1.00000	0	0.00000	0
315	A	1.00000	0	0.00000	0
316	H	1.00000	0	0.00000	0
317	G	1.00000	0	0.00000	0
318	D	1.00000	0	0.00000	0
319	S	1.00000	0	0.00000	0
320	Q	1.00000	0	0.00000	0
321	T	1.00000	0	0.00000	0
322	P	1.00000	0	0.00000	0
323	L	1.00000	0	0.00000	0
324	S	1.00000	0	0.00000	0
325	Q	1.00000	0	0.00000	0
326	L	1.00000	0	0.00000	0
327	A	1.00000	0	0.00000	0
328	S	1.00000	0	0.00000	0
329	G	1.00000	0	0.00000	0
330	R	1.00000	0	0.00000	0
331	R	1.00000	0	0.00000	0
332	D	1.00000	0	0.00000	0
333	P	1.00000	0	0.00000	0
334	R	1.00000	0	0.00000	0
335	A	1.00000	0	0.00000	0
336	P	1.00000	0	0.00000	0
337	S	1.00000	0	0.00000	0
338	A	1.00000	0	0.00000	0
339	P	1.00000	0	0.00000	0
340	V	1.00000	0	0.00000	0
341	G	1.00000	0	0.00000	0
342	K	1.00000	0	0.00000	0
343	E	1.00000	0	0.00000	0
344	G	1.00000	0	0.00000	0
345	S	1.00000	0	0.00000	0
346	C	1.00000	0	0.00000	0
347	V	1.00000	0	0.00000	0
348	P	1.00000	0	0.00000	0
349	L	1.00000	0	0.00000	0
350	S	1.00000	0	0.00000	0
351	A	1.00000	0	0.00000	0
352	W	1.00000	0	0.00000	0
353	G	1.00000	0	0.00000	0
354	E	1.00000	0	0.00000	0
355	G	1.00000	0	0.00000	0
356	Q	1.00000	0	0.00000	0
357	V	1.00000	0	0.00000	0
358	E	1.00000	0	0.00000	0
359	P	1.00000	0	0.00000	0
360	L	1.00000	0	0.00000	0
361	P	1.00000	0	0.00000	0
362	P	1.00000	0	0.00000	0
363	T	1.00000	0	0.00000	0
364	Q	1.00000	0	0.00000	0
365	Q	1.00000	0	0.00000	0
366	S	1.00000	0	0.00000	0
367	S	1.00000	0	0.00000	0
368	G	1.00000	0	0.00000	0
369	S	1.00000	0	0.00000	0
370	A	1.00000	0	0.00000	0
371	V	1.00000	0	0.00000	0
372	G	1.00000	0	0.00000	0
373	T	1.00000	0	0.00000	0
374	S	1.00000	0	0.00000	0
375	S	1.00000	0	0.00000	0
376	K	1.00000	0	0.00000	0
377	A	1.00000	0	0.00000	0
378	E	1.00000	0	0.00000	0
379	A	1.00000	0	0.00000	0
380	S	1.00000	0	0.00000	0
381	V	1.00000	0	0.00000	0
382	A	1.00000	0	0.00000	0
383	C	1.00000	0	0.00000	0
384	S	1.00000	0	0.00000	0
385	L	1.00000	0	0.00000	0
386	C	1.00000	0	0.00000	0
