# UNNAMED
#pos	aa	i	o	M	S
1	M	0.00000	1	0.00000	0
2	A	0.00000	1	0.00000	0
3	L	0.00000	1	0.00000	0
4	N	0.00000	1	0.00000	0
5	D	0.00000	1	0.00000	0
6	C	0.00000	1	0.00000	0
7	F	0.00000	1	0.00000	0
8	L	0.00000	1	0.00000	0
9	L	0.00000	1	0.00000	0
10	N	0.00000	1	0.00000	0
11	L	0.00000	1	0.00000	0
12	E	0.00000	1	0.00000	0
13	V	0.00000	1	0.00000	0
14	D	0.00000	1	0.00000	0
15	H	0.00000	1	0.00000	0
16	F	0.00000	1	0.00000	0
17	M	0.00000	1	0.00000	0
18	H	0.00000	1	0.00000	0
19	C	0.00000	1	0.00000	0
20	N	0.00000	1	0.00000	0
21	I	0.00000	1	0.00000	0
22	S	0.00000	1	0.00000	0
23	S	0.00000	1	0.00000	0
24	H	0.00000	1	0.00000	0
25	S	0.00000	1	0.00000	0
26	A	0.00000	1	0.00000	0
27	D	0.00000	1	0.00000	0
28	L	0.00000	1	0.00000	0
29	P	0.00000	1	0.00000	0
30	V	0.00000	1	0.00000	0
31	N	0.00000	1	0.00000	0
32	D	0.00000	1	0.00000	0
33	D	0.00000	1	0.00000	0
34	W	0.00000	1	0.00000	0
35	S	0.00000	1	0.00000	0
36	H	0.00000	0.99998	0.00002	0
37	P	0.00000	0.99853	0.00147	0
38	G	0.00000	0.98856	0.01144	0
39	I	0.00000	0.91771	0.08229	0
40	L	0.00000	0.84914	0.15086	0
41	Y	0.00000	0.79627	0.20373	0
42	V	0.00000	0.77262	0.22738	0
43	I	0.00000	0.2797	0.72030	0
44	P	0.00000	0.24768	0.75232	0
45	A	0.00000	0.14909	0.85091	0
46	V	0.00000	0.03879	0.96121	0
47	Y	0.00000	0.00272	0.99728	0
48	G	0.00000	0.00092	0.99908	0
49	V	0.00000	1e-05	0.99999	0
50	I	0.00000	0	1.00000	0
51	I	0.00000	0	1.00000	0
52	L	0.00000	0	1.00000	0
53	I	0.00000	0	1.00000	0
54	G	0.00000	0	1.00000	0
55	L	0.00000	0	1.00000	0
56	I	0.00000	0	1.00000	0
57	G	0.00000	0	1.00000	0
58	N	0.00000	0	1.00000	0
59	I	0.00000	0	1.00000	0
60	T	0.00001	0	0.99999	0
61	L	0.00001	0	0.99999	0
62	I	0.00008	0	0.99992	0
63	K	0.00654	0	0.99346	0
64	I	0.00864	0	0.99136	0
65	F	0.02796	0	0.97204	0
66	C	0.33804	0	0.66196	0
67	T	0.93903	0	0.06097	0
68	V	0.99751	0	0.00249	0
69	K	0.99998	0	0.00002	0
70	S	1.00000	0	0.00000	0
71	M	1.00000	0	0.00000	0
72	R	1.00000	0	0.00000	0
73	N	1.00000	0	0.00000	0
74	V	1.00000	0	0.00000	0
75	P	1.00000	0	0.00000	0
76	N	0.22532	0	0.77468	0
77	L	0.04343	0	0.95657	0
78	F	0.00041	0	0.99959	0
79	I	0.00002	0	0.99998	0
80	S	0.00000	0	1.00000	0
81	S	0.00000	0	1.00000	0
82	L	0.00000	0	1.00000	0
83	A	0.00000	0	1.00000	0
84	L	0.00000	0	1.00000	0
85	G	0.00000	0	1.00000	0
86	D	0.00000	0	1.00000	0
87	L	0.00000	0	1.00000	0
88	L	0.00000	0	1.00000	0
89	L	0.00000	0	1.00000	0
90	L	0.00000	0	1.00000	0
91	I	0.00000	0	1.00000	0
92	T	0.00000	0	1.00000	0
93	C	0.00000	2e-05	0.99998	0
94	A	0.00000	4e-05	0.99996	0
95	P	0.00000	0.00041	0.99959	0
96	V	0.00000	0.00422	0.99578	0
97	D	0.00000	0.01782	0.98218	0
98	A	0.00000	0.01939	0.98061	0
99	S	0.00000	0.76804	0.23196	0
100	R	0.00000	0.99987	0.00013	0
101	Y	0.00000	0.9999	0.00010	0
102	L	0.00000	0.99991	0.00009	0
103	A	0.00000	0.99995	0.00005	0
104	D	0.00000	0.99999	0.00001	0
105	R	0.00000	1	0.00000	0
106	W	0.00000	1	0.00000	0
107	L	0.00000	1	0.00000	0
108	F	0.00000	1	0.00000	0
109	G	0.00000	1	0.00000	0
110	R	0.00000	1	0.00000	0
111	I	0.00000	1	0.00000	0
112	G	0.00000	1	0.00000	0
113	C	0.00000	0.99999	0.00001	0
114	K	0.00000	0.99958	0.00042	0
115	L	0.00000	0.91128	0.08872	0
116	I	0.00000	0.5938	0.40620	0
117	P	0.00000	0.51288	0.48712	0
118	F	0.00000	0.01466	0.98534	0
119	I	0.00000	0.00341	0.99659	0
120	Q	0.00000	0.0012	0.99880	0
121	L	0.00000	0.00011	0.99989	0
122	T	0.00000	0	1.00000	0
123	S	0.00000	0	1.00000	0
124	V	0.00000	0	1.00000	0
125	G	0.00000	0	1.00000	0
126	V	0.00000	0	1.00000	0
127	S	0.00000	0	1.00000	0
128	V	0.00000	0	1.00000	0
129	F	0.00000	0	1.00000	0
130	T	0.00000	0	1.00000	0
131	L	0.00000	0	1.00000	0
132	T	0.00000	0	1.00000	0
133	A	0.00000	0	1.00000	0
134	L	0.00000	0	1.00000	0
135	S	0.00000	0	1.00000	0
136	A	0.00000	0	1.00000	0
137	D	0.00002	0	0.99998	0
138	R	0.01320	0	0.98680	0
139	Y	0.23091	0	0.76909	0
140	K	0.94524	0	0.05476	0
141	A	0.98807	0	0.01193	0
142	I	1.00000	0	0.00000	0
143	V	1.00000	0	0.00000	0
144	R	1.00000	0	0.00000	0
145	P	1.00000	0	0.00000	0
146	M	1.00000	0	0.00000	0
147	D	1.00000	0	0.00000	0
148	I	1.00000	0	0.00000	0
149	Q	1.00000	0	0.00000	0
150	A	1.00000	0	0.00000	0
151	S	1.00000	0	0.00000	0
152	H	0.99956	0	0.00044	0
153	A	0.99277	0	0.00723	0
154	L	0.98366	0	0.01634	0
155	M	0.98283	0	0.01717	0
156	K	0.97074	0	0.02926	0
157	I	0.09870	0	0.90130	0
158	C	0.00045	0	0.99955	0
159	L	0.00007	0	0.99993	0
160	K	0.00004	0	0.99996	0
161	A	0.00000	0	1.00000	0
162	A	0.00000	0	1.00000	0
163	F	0.00000	0	1.00000	0
164	I	0.00000	0	1.00000	0
165	W	0.00000	0	1.00000	0
166	I	0.00000	0	1.00000	0
167	I	0.00000	0	1.00000	0
168	S	0.00000	0	1.00000	0
169	M	0.00000	0	1.00000	0
170	L	0.00000	0	1.00000	0
171	L	0.00000	0	1.00000	0
172	A	0.00000	2e-05	0.99998	0
173	I	0.00000	0.00055	0.99945	0
174	P	0.00000	0.01193	0.98807	0
175	E	0.00000	0.01708	0.98292	0
176	A	0.00000	0.01804	0.98196	0
177	V	0.00000	0.0386	0.96140	0
178	F	0.00000	0.13468	0.86532	0
179	S	0.00000	0.6884	0.31160	0
180	D	0.00000	0.9997	0.00030	0
181	L	0.00000	0.99987	0.00013	0
182	H	0.00000	0.99999	0.00001	0
183	P	0.00000	1	0.00000	0
184	F	0.00000	1	0.00000	0
185	H	0.00000	1	0.00000	0
186	E	0.00000	1	0.00000	0
187	E	0.00000	1	0.00000	0
188	S	0.00000	1	0.00000	0
189	T	0.00000	1	0.00000	0
190	N	0.00000	1	0.00000	0
191	Q	0.00000	1	0.00000	0
192	T	0.00000	1	0.00000	0
193	F	0.00000	1	0.00000	0
194	I	0.00000	1	0.00000	0
195	S	0.00000	1	0.00000	0
196	C	0.00000	1	0.00000	0
197	A	0.00000	1	0.00000	0
198	P	0.00000	1	0.00000	0
199	Y	0.00000	1	0.00000	0
200	P	0.00000	1	0.00000	0
201	H	0.00000	1	0.00000	0
202	S	0.00000	1	0.00000	0
203	N	0.00000	1	0.00000	0
204	E	0.00000	1	0.00000	0
205	L	0.00000	0.99986	0.00014	0
206	H	0.00000	0.99975	0.00025	0
207	P	0.00000	0.99937	0.00063	0
208	K	0.00000	0.99842	0.00158	0
209	I	0.00000	0.07237	0.92763	0
210	H	0.00000	0.06109	0.93891	0
211	S	0.00000	0.05084	0.94916	0
212	M	0.00000	0.00073	0.99927	0
213	A	0.00000	0.00028	0.99972	0
214	S	0.00000	9e-05	0.99991	0
215	F	0.00000	1e-05	0.99999	0
216	L	0.00000	0	1.00000	0
217	V	0.00000	0	1.00000	0
218	F	0.00000	0	1.00000	0
219	Y	0.00000	0	1.00000	0
220	V	0.00000	0	1.00000	0
221	I	0.00000	0	1.00000	0
222	P	0.00000	0	1.00000	0
223	L	0.00000	0	1.00000	0
224	S	0.00000	0	1.00000	0
225	I	0.00000	0	1.00000	0
226	I	0.00000	0	1.00000	0
227	S	0.00000	0	1.00000	0
228	V	0.00000	0	1.00000	0
229	Y	0.00000	0	1.00000	0
230	Y	0.00001	0	0.99999	0
231	Y	0.00021	0	0.99979	0
232	F	0.00388	0	0.99612	0
233	I	0.15171	0	0.84829	0
234	A	0.88637	0	0.11363	0
235	K	0.99907	0	0.00093	0
236	N	0.99978	0	0.00022	0
237	L	0.99980	0	0.00020	0
238	I	0.99984	0	0.00016	0
239	Q	1.00000	0	0.00000	0
240	S	1.00000	0	0.00000	0
241	A	1.00000	0	0.00000	0
242	Y	1.00000	0	0.00000	0
243	N	1.00000	0	0.00000	0
244	L	1.00000	0	0.00000	0
245	P	1.00000	0	0.00000	0
246	V	1.00000	0	0.00000	0
247	E	1.00000	0	0.00000	0
248	G	1.00000	0	0.00000	0
249	N	1.00000	0	0.00000	0
250	I	1.00000	0	0.00000	0
251	H	1.00000	0	0.00000	0
252	V	1.00000	0	0.00000	0
253	K	1.00000	0	0.00000	0
254	K	1.00000	0	0.00000	0
255	Q	1.00000	0	0.00000	0
256	I	1.00000	0	0.00000	0
257	E	1.00000	0	0.00000	0
258	S	0.99999	0	0.00001	0
259	R	0.99887	0	0.00113	0
260	K	0.87991	0	0.12009	0
261	R	0.50520	0	0.49480	0
262	L	0.47818	0	0.52182	0
263	A	0.12284	0	0.87716	0
264	K	0.11493	0	0.88507	0
265	T	0.05936	0	0.94064	0
266	V	0.00001	0	0.99999	0
267	L	0.00000	0	1.00000	0
268	V	0.00000	0	1.00000	0
269	F	0.00000	0	1.00000	0
270	V	0.00000	0	1.00000	0
271	G	0.00000	0	1.00000	0
272	L	0.00000	0	1.00000	0
273	F	0.00000	0	1.00000	0
274	A	0.00000	0	1.00000	0
275	F	0.00000	0	1.00000	0
276	C	0.00000	0	1.00000	0
277	W	0.00000	0	1.00000	0
278	L	0.00000	0	1.00000	0
279	P	0.00000	6e-05	0.99994	0
280	N	0.00000	0.00025	0.99975	0
281	H	0.00000	0.00038	0.99962	0
282	V	0.00000	0.00176	0.99824	0
283	I	0.00000	0.00973	0.99027	0
284	Y	0.00000	0.05403	0.94597	0
285	L	0.00000	0.20123	0.79877	0
286	Y	0.00000	0.91037	0.08963	0
287	R	0.00000	0.98863	0.01137	0
288	S	0.00000	0.99469	0.00531	0
289	Y	0.00000	0.99841	0.00159	0
290	H	0.00000	0.9996	0.00040	0
291	Y	0.00000	0.99992	0.00008	0
292	S	0.00000	1	0.00000	0
293	E	0.00000	1	0.00000	0
294	V	0.00000	0.99999	0.00001	0
295	D	0.00000	0.99999	0.00001	0
296	T	0.00000	0.99981	0.00019	0
297	S	0.00000	0.99907	0.00093	0
298	M	0.00000	0.9658	0.03420	0
299	L	0.00000	0.95068	0.04932	0
300	H	0.00000	0.94947	0.05053	0
301	F	0.00000	0.94011	0.05989	0
302	V	0.00000	0.93858	0.06142	0
303	T	0.00000	0.9381	0.06190	0
304	S	0.00000	0.87427	0.12573	0
305	I	0.00000	0.28296	0.71704	0
306	C	0.00000	0.10898	0.89102	0
307	A	0.00000	0.00715	0.99285	0
308	R	0.00000	0.0004	0.99960	0
309	L	0.00000	0	1.00000	0
310	L	0.00000	0	1.00000	0
311	A	0.00000	0	1.00000	0
312	F	0.00000	0	1.00000	0
313	T	0.00000	0	1.00000	0
314	N	0.00000	0	1.00000	0
315	S	0.00000	0	1.00000	0
316	C	0.00000	0	1.00000	0
317	V	0.00003	0	0.99997	0
318	N	0.00013	0	0.99987	0
319	P	0.00041	0	0.99959	0
320	F	0.00118	0	0.99882	0
321	A	0.00503	0	0.99497	0
322	L	0.00601	0	0.99399	0
323	Y	0.00673	0	0.99327	0
324	L	0.01016	0	0.98984	0
325	L	0.06259	0	0.93741	0
326	S	0.37317	0	0.62683	0
327	K	1.00000	0	0.00000	0
328	S	1.00000	0	0.00000	0
329	F	1.00000	0	0.00000	0
330	R	1.00000	0	0.00000	0
331	K	1.00000	0	0.00000	0
332	Q	1.00000	0	0.00000	0
333	F	1.00000	0	0.00000	0
334	N	1.00000	0	0.00000	0
335	T	1.00000	0	0.00000	0
336	Q	1.00000	0	0.00000	0
337	L	1.00000	0	0.00000	0
338	L	1.00000	0	0.00000	0
339	C	1.00000	0	0.00000	0
340	C	1.00000	0	0.00000	0
341	Q	1.00000	0	0.00000	0
342	P	1.00000	0	0.00000	0
343	G	1.00000	0	0.00000	0
344	L	1.00000	0	0.00000	0
345	I	1.00000	0	0.00000	0
346	I	1.00000	0	0.00000	0
347	R	1.00000	0	0.00000	0
348	S	1.00000	0	0.00000	0
349	H	1.00000	0	0.00000	0
350	S	1.00000	0	0.00000	0
351	T	1.00000	0	0.00000	0
352	G	1.00000	0	0.00000	0
353	R	1.00000	0	0.00000	0
354	S	1.00000	0	0.00000	0
355	T	1.00000	0	0.00000	0
356	T	1.00000	0	0.00000	0
357	C	1.00000	0	0.00000	0
358	M	1.00000	0	0.00000	0
359	T	1.00000	0	0.00000	0
360	S	1.00000	0	0.00000	0
361	L	1.00000	0	0.00000	0
362	K	1.00000	0	0.00000	0
363	S	1.00000	0	0.00000	0
364	T	1.00000	0	0.00000	0
365	N	1.00000	0	0.00000	0
366	P	1.00000	0	0.00000	0
367	S	1.00000	0	0.00000	0
368	V	1.00000	0	0.00000	0
369	A	1.00000	0	0.00000	0
370	T	1.00000	0	0.00000	0
371	F	1.00000	0	0.00000	0
372	S	1.00000	0	0.00000	0
373	L	1.00000	0	0.00000	0
374	I	1.00000	0	0.00000	0
375	N	1.00000	0	0.00000	0
376	G	1.00000	0	0.00000	0
377	N	1.00000	0	0.00000	0
378	I	1.00000	0	0.00000	0
379	C	1.00000	0	0.00000	0
380	H	1.00000	0	0.00000	0
381	E	1.00000	0	0.00000	0
382	R	1.00000	0	0.00000	0
383	Y	1.00000	0	0.00000	0
384	V	1.00000	0	0.00000	0
