# UNNAMED
#pos	aa	i	o	M	S
1	M	0.00000	0.99918	0.00000	0.00082
2	E	0.00000	0.99918	0.00000	0.00081
3	R	0.00000	0.99918	0.00000	0.00081
4	V	0.00000	0.99918	0.00000	0.00081
5	N	0.00000	0.99918	0.00000	0.00082
6	E	0.00000	0.99918	0.00000	0.00082
7	T	0.00000	0.99918	0.00000	0.00082
8	V	0.00000	0.99918	0.00000	0.00082
9	V	0.00000	0.99918	0.00000	0.00082
10	R	0.00000	0.99918	0.00000	0.00081
11	E	0.00000	0.99918	0.00000	0.00082
12	V	0.00000	0.99918	0.00000	0.00082
13	I	0.00000	0.99918	0.00000	0.00082
14	F	0.00000	0.99918	0.00000	0.00082
15	L	0.00000	0.99918	0.00000	0.00082
16	G	0.00000	0.99918	0.00000	0.00081
17	F	0.00000	0.99918	0.00000	0.00082
18	S	0.00000	0.99918	0.00000	0.00081
19	S	0.00000	0.99919	0.00000	0.00081
20	L	0.00000	0.99917	0.00002	0.00081
21	A	0.00000	0.99926	0.00007	0.00067
22	R	0.00000	0.99978	0.00012	0.0001
23	L	0.00000	0.99787	0.00203	0.0001
24	Q	0.00000	0.99492	0.00508	0
25	Q	0.00000	0.97046	0.02954	0
26	L	0.00000	0.63983	0.36017	0
27	L	0.00000	0.23209	0.76791	0
28	F	0.00000	0.05665	0.94335	0
29	V	0.00000	0.02809	0.97191	0
30	I	0.00000	0.02289	0.97711	0
31	F	0.00000	0.00184	0.99816	0
32	L	0.00000	0.00037	0.99963	0
33	L	0.00000	3e-05	0.99997	0
34	L	0.00000	0	1.00000	0
35	Y	0.00000	0	1.00000	0
36	L	0.00000	0	1.00000	0
37	F	0.00000	0	1.00000	0
38	T	0.00000	0	1.00000	0
39	L	0.00000	0	1.00000	0
40	G	0.00000	0	1.00000	0
41	T	0.00000	0	1.00000	0
42	N	0.00000	0	1.00000	0
43	A	0.00000	0	1.00000	0
44	I	0.00000	0	1.00000	0
45	I	0.00000	0	1.00000	0
46	I	0.00053	0	0.99947	0
47	S	0.04316	0	0.95684	0
48	T	0.13808	0	0.86192	0
49	I	0.17786	0	0.82214	0
50	V	0.40426	0	0.59574	0
51	L	0.70165	0	0.29835	0
52	D	0.99547	0	0.00453	0
53	R	0.99988	0	0.00012	0
54	A	0.99997	0	0.00003	0
55	L	0.99999	0	0.00001	0
56	H	1.00000	0	0.00000	0
57	I	1.00000	0	0.00000	0
58	P	1.00000	0	0.00000	0
59	M	0.21433	0	0.78567	0
60	Y	0.13777	0	0.86223	0
61	F	0.02361	0	0.97639	0
62	F	0.00051	0	0.99949	0
63	L	0.00002	0	0.99998	0
64	A	0.00000	0	1.00000	0
65	I	0.00000	0	1.00000	0
66	L	0.00000	0	1.00000	0
67	S	0.00000	0	1.00000	0
68	C	0.00000	0	1.00000	0
69	S	0.00000	0	1.00000	0
70	E	0.00000	0	1.00000	0
71	I	0.00000	0	1.00000	0
72	C	0.00000	0	1.00000	0
73	Y	0.00000	0	1.00000	0
74	T	0.00000	0	1.00000	0
75	F	0.00000	0	1.00000	0
76	I	0.00000	0	1.00000	0
77	I	0.00000	0	1.00000	0
78	V	0.00000	0.00424	0.99576	0
79	P	0.00000	0.04021	0.95979	0
80	K	0.00000	0.21833	0.78167	0
81	M	0.00000	0.26834	0.73166	0
82	L	0.00000	0.4219	0.57810	0
83	V	0.00000	0.65918	0.34082	0
84	D	0.00000	0.99999	0.00001	0
85	L	0.00000	1	0.00000	0
86	L	0.00000	1	0.00000	0
87	S	0.00000	1	0.00000	0
88	Q	0.00000	1	0.00000	0
89	K	0.00000	1	0.00000	0
90	K	0.00000	1	0.00000	0
91	T	0.00000	0.99992	0.00008	0
92	I	0.00000	0.99931	0.00069	0
93	S	0.00000	0.99928	0.00072	0
94	F	0.00000	0.9991	0.00090	0
95	L	0.00000	0.99884	0.00116	0
96	G	0.00000	0.99658	0.00342	0
97	C	0.00000	0.98998	0.01002	0
98	A	0.00000	0.70052	0.29948	0
99	I	0.00000	0.58547	0.41453	0
100	Q	0.00000	0.48885	0.51115	0
101	M	0.00000	0.16835	0.83165	0
102	F	0.00000	0.02894	0.97106	0
103	S	0.00000	0.01595	0.98405	0
104	F	0.00000	4e-05	0.99996	0
105	L	0.00000	0	1.00000	0
106	F	0.00000	0	1.00000	0
107	L	0.00000	0	1.00000	0
108	G	0.00000	0	1.00000	0
109	C	0.00000	0	1.00000	0
110	S	0.00000	0	1.00000	0
111	H	0.00000	0	1.00000	0
112	S	0.00000	0	1.00000	0
113	F	0.00000	0	1.00000	0
114	L	0.00002	0	0.99998	0
115	L	0.00011	0	0.99989	0
116	A	0.00068	0	0.99932	0
117	V	0.00068	0	0.99932	0
118	M	0.00068	0	0.99932	0
119	G	0.00069	0	0.99931	0
120	Y	0.00070	0	0.99930	0
121	D	0.00084	0	0.99916	0
122	R	0.02559	0	0.97441	0
123	Y	0.09940	0	0.90060	0
124	I	0.80909	0	0.19091	0
125	A	0.99385	0	0.00615	0
126	I	1.00000	0	0.00000	0
127	C	1.00000	0	0.00000	0
128	N	1.00000	0	0.00000	0
129	P	1.00000	0	0.00000	0
130	L	1.00000	0	0.00000	0
131	R	1.00000	0	0.00000	0
132	Y	1.00000	0	0.00000	0
133	S	1.00000	0	0.00000	0
134	V	0.99921	0	0.00079	0
135	L	0.99864	0	0.00136	0
136	M	0.99616	0	0.00384	0
137	G	0.99009	0	0.00991	0
138	H	0.95468	0	0.04532	0
139	G	0.85480	0	0.14520	0
140	V	0.36989	0	0.63011	0
141	C	0.04126	0	0.95874	0
142	M	0.03615	0	0.96385	0
143	G	0.02524	0	0.97476	0
144	L	0.00720	0	0.99280	0
145	V	0.00435	0	0.99565	0
146	A	0.00386	0	0.99614	0
147	A	0.00019	0	0.99981	0
148	A	0.00001	0	0.99999	0
149	C	0.00000	0	1.00000	0
150	A	0.00000	0	1.00000	0
151	C	0.00000	0	1.00000	0
152	G	0.00000	0	1.00000	0
153	F	0.00000	0	1.00000	0
154	T	0.00000	0	1.00000	0
155	V	0.00000	3e-05	0.99997	0
156	A	0.00000	0.0001	0.99990	0
157	Q	0.00000	0.00241	0.99759	0
158	I	0.00000	0.00397	0.99603	0
159	I	0.00000	0.01761	0.98239	0
160	T	0.00000	0.17718	0.82282	0
161	S	0.00000	0.40549	0.59451	0
162	L	0.00000	0.49054	0.50946	0
163	V	0.00000	0.60492	0.39508	0
164	F	0.00000	0.74129	0.25871	0
165	H	0.00000	0.95071	0.04929	0
166	L	0.00000	0.96834	0.03166	0
167	P	0.00000	0.99293	0.00707	0
168	F	0.00000	0.99485	0.00515	0
169	Y	0.00000	0.99859	0.00141	0
170	S	0.00000	0.99998	0.00002	0
171	S	0.00000	1	0.00000	0
172	N	0.00000	1	0.00000	0
173	Q	0.00000	1	0.00000	0
174	L	0.00000	1	0.00000	0
175	H	0.00000	1	0.00000	0
176	H	0.00000	1	0.00000	0
177	F	0.00000	1	0.00000	0
178	F	0.00000	1	0.00000	0
179	C	0.00000	1	0.00000	0
180	D	0.00000	1	0.00000	0
181	I	0.00000	1	0.00000	0
182	A	0.00000	1	0.00000	0
183	P	0.00000	1	0.00000	0
184	V	0.00000	1	0.00000	0
185	L	0.00000	1	0.00000	0
186	K	0.00000	1	0.00000	0
187	L	0.00000	1	0.00000	0
188	A	0.00000	0.99998	0.00002	0
189	S	0.00000	0.99998	0.00002	0
190	H	0.00000	0.99983	0.00017	0
191	H	0.00000	0.99952	0.00048	0
192	N	0.00000	0.99919	0.00081	0
193	H	0.00000	0.98496	0.01504	0
194	F	0.00000	0.97101	0.02899	0
195	S	0.00000	0.96532	0.03468	0
196	Q	0.00000	0.73869	0.26131	0
197	I	0.00000	0.58456	0.41544	0
198	V	0.00000	0.01534	0.98466	0
199	I	0.00000	0.00046	0.99954	0
200	F	0.00000	0.00015	0.99985	0
201	M	0.00000	1e-05	0.99999	0
202	L	0.00000	1e-05	0.99999	0
203	C	0.00000	1e-05	0.99999	0
204	T	0.00000	1e-05	0.99999	0
205	L	0.00000	0	1.00000	0
206	V	0.00000	0	1.00000	0
207	L	0.00000	0	1.00000	0
208	A	0.00000	0	1.00000	0
209	I	0.00000	0	1.00000	0
210	P	0.00000	0	1.00000	0
211	L	0.00000	0	1.00000	0
212	L	0.00000	0	1.00000	0
213	L	0.00000	0	1.00000	0
214	I	0.00000	0	1.00000	0
215	L	0.00001	0	0.99999	0
216	V	0.00092	0	0.99908	0
217	S	0.00726	0	0.99274	0
218	Y	0.00892	0	0.99108	0
219	V	0.02375	0	0.97625	0
220	H	0.09166	0	0.90834	0
221	I	0.12064	0	0.87936	0
222	L	0.23231	0	0.76769	0
223	S	0.98366	0	0.01634	0
224	A	0.99645	0	0.00355	0
225	I	0.99968	0	0.00032	0
226	L	0.99988	0	0.00012	0
227	Q	1.00000	0	0.00000	0
228	F	1.00000	0	0.00000	0
229	P	1.00000	0	0.00000	0
230	S	0.99998	0	0.00002	0
231	T	0.99979	0	0.00021	0
232	L	0.99445	0	0.00555	0
233	G	0.99403	0	0.00597	0
234	R	0.94448	0	0.05552	0
235	C	0.83620	0	0.16380	0
236	K	0.65580	0	0.34420	0
237	A	0.49351	0	0.50649	0
238	F	0.18473	0	0.81527	0
239	S	0.00213	0	0.99787	0
240	T	0.00202	0	0.99798	0
241	C	0.00182	0	0.99818	0
242	V	0.00179	0	0.99821	0
243	S	0.00173	0	0.99827	0
244	H	0.00169	0	0.99831	0
245	L	0.00042	0	0.99958	0
246	I	0.00000	0	1.00000	0
247	I	0.00000	0	1.00000	0
248	V	0.00000	0	1.00000	0
249	T	0.00000	0	1.00000	0
250	V	0.00000	0	1.00000	0
251	H	0.00000	5e-05	0.99995	0
252	Y	0.00000	0.00028	0.99972	0
253	G	0.00000	0.00173	0.99827	0
254	C	0.00000	0.00371	0.99629	0
255	A	0.00000	0.00449	0.99551	0
256	S	0.00000	0.0107	0.98930	0
257	F	0.00000	0.0112	0.98880	0
258	I	0.00000	0.0124	0.98760	0
259	Y	0.00000	0.02618	0.97382	0
260	L	0.00000	0.22427	0.77573	0
261	R	0.00000	0.92988	0.07012	0
262	P	0.00000	0.98327	0.01673	0
263	Q	0.00000	0.99639	0.00361	0
264	S	0.00000	0.99851	0.00149	0
265	N	0.00000	0.99935	0.00065	0
266	Y	0.00000	0.99981	0.00019	0
267	S	0.00000	0.99984	0.00016	0
268	S	0.00000	0.99971	0.00029	0
269	S	0.00000	0.9949	0.00510	0
270	Q	0.00000	0.94156	0.05844	0
271	D	0.00000	0.91603	0.08397	0
272	A	0.00000	0.02489	0.97511	0
273	L	0.00000	0.00083	0.99917	0
274	I	0.00000	1e-05	0.99999	0
275	S	0.00000	0	1.00000	0
276	V	0.00000	0	1.00000	0
277	S	0.00000	0	1.00000	0
278	Y	0.00000	0	1.00000	0
279	T	0.00000	0	1.00000	0
280	I	0.00000	0	1.00000	0
281	I	0.00000	0	1.00000	0
282	T	0.00000	0	1.00000	0
283	P	0.00000	0	1.00000	0
284	L	0.00000	0	1.00000	0
285	F	0.00000	0	1.00000	0
286	N	0.00000	0	1.00000	0
287	P	0.00000	0	1.00000	0
288	M	0.00000	0	1.00000	0
289	I	0.00004	0	0.99996	0
290	Y	0.00075	0	0.99925	0
291	S	0.00398	0	0.99602	0
292	L	0.04495	0	0.95505	0
293	R	1.00000	0	0.00000	0
294	N	1.00000	0	0.00000	0
295	K	1.00000	0	0.00000	0
296	E	1.00000	0	0.00000	0
297	F	1.00000	0	0.00000	0
298	K	1.00000	0	0.00000	0
299	S	1.00000	0	0.00000	0
300	A	1.00000	0	0.00000	0
301	L	1.00000	0	0.00000	0
302	C	1.00000	0	0.00000	0
303	K	1.00000	0	0.00000	0
304	I	1.00000	0	0.00000	0
305	V	1.00000	0	0.00000	0
306	R	1.00000	0	0.00000	0
307	R	1.00000	0	0.00000	0
308	T	1.00000	0	0.00000	0
309	I	1.00000	0	0.00000	0
310	S	1.00000	0	0.00000	0
311	L	1.00000	0	0.00000	0
312	L	1.00000	0	0.00000	0
