# UNNAMED
#pos	aa	i	o	M	S
1	M	0.00000	0	0.00000	1
2	A	0.00000	0	0.00000	1
3	W	0.00000	0	0.00000	1
4	R	0.00000	0	0.00000	1
5	G	0.00000	0	0.00000	1
6	A	0.00000	0	0.00000	1
7	G	0.00000	0	0.00000	1
8	P	0.00000	0	0.00000	1
9	S	0.00000	0	0.00000	1
10	V	0.00000	0	0.00000	1
11	P	0.00000	0	0.00000	1
12	G	0.00000	0	0.00000	1
13	A	0.00000	0	0.00000	1
14	P	0.00000	0	0.00000	1
15	G	0.00000	0	0.00000	1
16	G	0.00000	0	0.00000	1
17	V	0.00000	0	0.00000	0.99999
18	G	0.00000	0	0.00000	1
19	L	0.00000	0	0.00000	1
20	S	0.00000	0	0.00000	1
21	L	0.00000	0	0.00000	1
22	G	0.00000	0	0.00000	1
23	L	0.00000	0	0.00000	0.99999
24	L	0.00000	0	0.00000	1
25	L	0.00000	0	0.00000	1
26	Q	0.00000	0	0.00000	1
27	L	0.00000	0	0.00000	1
28	L	0.00000	0	0.00000	1
29	L	0.00000	0	0.00000	1
30	L	0.00000	0	0.00000	1
31	L	0.00000	1e-05	0.00000	1
32	G	0.00000	1e-05	0.00000	1
33	P	0.00000	1e-05	0.00000	0.99999
34	A	0.00000	1e-05	0.00000	0.99999
35	R	0.00000	0.00228	0.00000	0.99773
36	G	0.00000	0.00227	0.00000	0.99773
37	F	0.00000	0.99634	0.00000	0.00365
38	G	0.00000	0.99635	0.00000	0.00365
39	D	0.00000	0.99997	0.00000	3e-05
40	E	0.00000	0.99997	0.00000	3e-05
41	E	0.00000	1	0.00000	0
42	E	0.00000	1	0.00000	0
43	R	0.00000	1	0.00000	0
44	R	0.00000	1	0.00000	0
45	C	0.00000	1	0.00000	0
46	D	0.00000	1	0.00000	0
47	P	0.00000	1	0.00000	0
48	I	0.00000	1	0.00000	0
49	R	0.00000	1	0.00000	0
50	I	0.00000	1	0.00000	0
51	S	0.00000	1	0.00000	0
52	M	0.00000	1	0.00000	0
53	C	0.00000	1	0.00000	0
54	Q	0.00000	1	0.00000	0
55	N	0.00000	1	0.00000	0
56	L	0.00000	1	0.00000	0
57	G	0.00000	1	0.00000	0
58	Y	0.00000	1	0.00000	0
59	N	0.00000	1	0.00000	0
60	V	0.00000	1	0.00000	0
61	T	0.00000	1	0.00000	0
62	K	0.00000	1	0.00000	0
63	M	0.00000	1	0.00000	0
64	P	0.00000	1	0.00000	0
65	N	0.00000	1	0.00000	0
66	L	0.00000	1	0.00000	0
67	V	0.00000	1	0.00000	0
68	G	0.00000	1	0.00000	0
69	H	0.00000	1	0.00000	0
70	E	0.00000	1	0.00000	0
71	L	0.00000	1	0.00000	0
72	Q	0.00000	1	0.00000	0
73	T	0.00000	1	0.00000	0
74	D	0.00000	1	0.00000	0
75	A	0.00000	1	0.00000	0
76	E	0.00000	1	0.00000	0
77	L	0.00000	1	0.00000	0
78	Q	0.00000	1	0.00000	0
79	L	0.00000	1	0.00000	0
80	T	0.00000	1	0.00000	0
81	T	0.00000	1	0.00000	0
82	F	0.00000	1	0.00000	0
83	T	0.00000	1	0.00000	0
84	P	0.00000	1	0.00000	0
85	L	0.00000	1	0.00000	0
86	I	0.00000	1	0.00000	0
87	Q	0.00000	1	0.00000	0
88	Y	0.00000	1	0.00000	0
89	G	0.00000	1	0.00000	0
90	C	0.00000	1	0.00000	0
91	S	0.00000	1	0.00000	0
92	S	0.00000	1	0.00000	0
93	Q	0.00000	1	0.00000	0
94	L	0.00000	1	0.00000	0
95	Q	0.00000	1	0.00000	0
96	F	0.00000	1	0.00000	0
97	F	0.00000	1	0.00000	0
98	L	0.00000	1	0.00000	0
99	C	0.00000	1	0.00000	0
100	S	0.00000	1	0.00000	0
101	V	0.00000	1	0.00000	0
102	Y	0.00000	1	0.00000	0
103	V	0.00000	1	0.00000	0
104	P	0.00000	1	0.00000	0
105	M	0.00000	1	0.00000	0
106	C	0.00000	1	0.00000	0
107	T	0.00000	1	0.00000	0
108	E	0.00000	1	0.00000	0
109	K	0.00000	1	0.00000	0
110	I	0.00000	1	0.00000	0
111	N	0.00000	1	0.00000	0
112	I	0.00000	1	0.00000	0
113	P	0.00000	1	0.00000	0
114	I	0.00000	1	0.00000	0
115	G	0.00000	1	0.00000	0
116	P	0.00000	1	0.00000	0
117	C	0.00000	1	0.00000	0
118	G	0.00000	1	0.00000	0
119	G	0.00000	1	0.00000	0
120	M	0.00000	1	0.00000	0
121	C	0.00000	1	0.00000	0
122	L	0.00000	1	0.00000	0
123	S	0.00000	1	0.00000	0
124	V	0.00000	1	0.00000	0
125	K	0.00000	1	0.00000	0
126	R	0.00000	1	0.00000	0
127	R	0.00000	1	0.00000	0
128	C	0.00000	1	0.00000	0
129	E	0.00000	1	0.00000	0
130	P	0.00000	1	0.00000	0
131	V	0.00000	1	0.00000	0
132	L	0.00000	1	0.00000	0
133	K	0.00000	1	0.00000	0
134	E	0.00000	1	0.00000	0
135	F	0.00000	1	0.00000	0
136	G	0.00000	1	0.00000	0
137	F	0.00000	1	0.00000	0
138	A	0.00000	1	0.00000	0
139	W	0.00000	1	0.00000	0
140	P	0.00000	1	0.00000	0
141	E	0.00000	1	0.00000	0
142	S	0.00000	1	0.00000	0
143	L	0.00000	1	0.00000	0
144	N	0.00000	1	0.00000	0
145	C	0.00000	1	0.00000	0
146	S	0.00000	1	0.00000	0
147	K	0.00000	1	0.00000	0
148	F	0.00000	1	0.00000	0
149	P	0.00000	1	0.00000	0
150	P	0.00000	1	0.00000	0
151	Q	0.00000	1	0.00000	0
152	N	0.00000	1	0.00000	0
153	D	0.00000	1	0.00000	0
154	H	0.00000	1	0.00000	0
155	N	0.00000	1	0.00000	0
156	H	0.00000	1	0.00000	0
157	M	0.00000	1	0.00000	0
158	C	0.00000	1	0.00000	0
159	M	0.00000	1	0.00000	0
160	E	0.00000	1	0.00000	0
161	G	0.00000	1	0.00000	0
162	P	0.00000	1	0.00000	0
163	G	0.00000	1	0.00000	0
164	D	0.00000	1	0.00000	0
165	E	0.00000	1	0.00000	0
166	E	0.00000	1	0.00000	0
167	V	0.00000	1	0.00000	0
168	P	0.00000	1	0.00000	0
169	L	0.00000	1	0.00000	0
170	P	0.00000	1	0.00000	0
171	H	0.00000	1	0.00000	0
172	K	0.00000	1	0.00000	0
173	T	0.00000	1	0.00000	0
174	P	0.00000	1	0.00000	0
175	I	0.00000	1	0.00000	0
176	Q	0.00000	1	0.00000	0
177	P	0.00000	1	0.00000	0
178	G	0.00000	1	0.00000	0
179	E	0.00000	1	0.00000	0
180	E	0.00000	1	0.00000	0
181	C	0.00000	1	0.00000	0
182	H	0.00000	1	0.00000	0
183	S	0.00000	1	0.00000	0
184	V	0.00000	1	0.00000	0
185	G	0.00000	1	0.00000	0
186	T	0.00000	1	0.00000	0
187	N	0.00000	1	0.00000	0
188	S	0.00000	1	0.00000	0
189	D	0.00000	1	0.00000	0
190	Q	0.00000	1	0.00000	0
191	Y	0.00000	1	0.00000	0
192	I	0.00000	1	0.00000	0
193	W	0.00000	1	0.00000	0
194	V	0.00000	1	0.00000	0
195	K	0.00000	1	0.00000	0
196	R	0.00000	1	0.00000	0
197	S	0.00000	1	0.00000	0
198	L	0.00000	1	0.00000	0
199	N	0.00000	1	0.00000	0
200	C	0.00000	1	0.00000	0
201	V	0.00000	1	0.00000	0
202	L	0.00000	1	0.00000	0
203	K	0.00000	1	0.00000	0
204	C	0.00000	1	0.00000	0
205	G	0.00000	1	0.00000	0
206	Y	0.00000	1	0.00000	0
207	D	0.00000	1	0.00000	0
208	A	0.00000	1	0.00000	0
209	G	0.00000	1	0.00000	0
210	L	0.00000	1	0.00000	0
211	Y	0.00000	1	0.00000	0
212	S	0.00000	1	0.00000	0
213	R	0.00000	1	0.00000	0
214	S	0.00000	1	0.00000	0
215	A	0.00000	1	0.00000	0
216	K	0.00000	1	0.00000	0
217	E	0.00000	1	0.00000	0
218	F	0.00000	1	0.00000	0
219	T	0.00000	1	0.00000	0
220	D	0.00000	1	0.00000	0
221	I	0.00000	0.91337	0.08663	0
222	W	0.00000	0.14426	0.85574	0
223	M	0.00000	0.05822	0.94178	0
224	A	0.00000	0.00686	0.99314	0
225	V	0.00000	3e-05	0.99997	0
226	W	0.00000	0	1.00000	0
227	A	0.00000	0	1.00000	0
228	S	0.00000	0	1.00000	0
229	L	0.00000	0	1.00000	0
230	C	0.00000	0	1.00000	0
231	F	0.00000	0	1.00000	0
232	I	0.00000	0	1.00000	0
233	S	0.00000	0	1.00000	0
234	T	0.00000	0	1.00000	0
235	A	0.00000	0	1.00000	0
236	F	0.00000	0	1.00000	0
237	T	0.00000	0	1.00000	0
238	V	0.00000	0	1.00000	0
239	L	0.00000	0	1.00000	0
240	T	0.00001	0	0.99999	0
241	F	0.00006	0	0.99994	0
242	L	0.00207	0	0.99793	0
243	I	0.05527	0	0.94473	0
244	D	0.97551	0	0.02449	0
245	S	0.99346	0	0.00654	0
246	S	0.99952	0	0.00048	0
247	R	0.99998	0	0.00002	0
248	F	0.99999	0	0.00001	0
249	S	1.00000	0	0.00000	0
250	Y	1.00000	0	0.00000	0
251	P	1.00000	0	0.00000	0
252	E	1.00000	0	0.00000	0
253	R	1.00000	0	0.00000	0
254	P	0.99999	0	0.00001	0
255	I	0.09704	0	0.90296	0
256	I	0.00180	0	0.99820	0
257	F	0.00023	0	0.99977	0
258	L	0.00006	0	0.99994	0
259	S	0.00004	0	0.99996	0
260	M	0.00001	0	0.99999	0
261	C	0.00000	0	1.00000	0
262	Y	0.00000	0	1.00000	0
263	N	0.00000	0	1.00000	0
264	I	0.00000	0	1.00000	0
265	Y	0.00000	0	1.00000	0
266	S	0.00000	0	1.00000	0
267	I	0.00000	0	1.00000	0
268	A	0.00000	0	1.00000	0
269	Y	0.00000	0	1.00000	0
270	I	0.00000	0	1.00000	0
271	V	0.00000	0	1.00000	0
272	R	0.00000	4e-05	0.99996	0
273	L	0.00000	0.00103	0.99897	0
274	T	0.00000	0.07187	0.92813	0
275	V	0.00000	0.17604	0.82396	0
276	G	0.00000	0.56808	0.43192	0
277	R	0.00000	0.91465	0.08535	0
278	E	0.00000	0.98866	0.01134	0
279	R	0.00000	0.99579	0.00421	0
280	I	0.00000	0.99721	0.00279	0
281	S	0.00000	0.99985	0.00015	0
282	C	0.00000	1	0.00000	0
283	D	0.00000	1	0.00000	0
284	F	0.00000	1	0.00000	0
285	E	0.00000	1	0.00000	0
286	E	0.00000	1	0.00000	0
287	A	0.00000	1	0.00000	0
288	A	0.00000	1	0.00000	0
289	E	0.00000	1	0.00000	0
290	P	0.00000	1	0.00000	0
291	V	0.00000	1	0.00000	0
292	L	0.00000	1	0.00000	0
293	I	0.00000	1	0.00000	0
294	Q	0.00000	1	0.00000	0
295	E	0.00000	1	0.00000	0
296	G	0.00000	1	0.00000	0
297	L	0.00000	1	0.00000	0
298	K	0.00000	1	0.00000	0
299	N	0.00000	1	0.00000	0
300	T	0.00000	0.9997	0.00030	0
301	G	0.00000	0.99594	0.00406	0
302	C	0.00000	0.9728	0.02720	0
303	A	0.00000	0.63827	0.36173	0
304	I	0.00000	0.27474	0.72526	0
305	I	0.00000	0.18813	0.81187	0
306	F	0.00000	0.06115	0.93885	0
307	L	0.00000	0.01916	0.98084	0
308	L	0.00000	0.0025	0.99750	0
309	M	0.00000	0.00011	0.99989	0
310	Y	0.00000	1e-05	0.99999	0
311	F	0.00000	0	1.00000	0
312	F	0.00000	0	1.00000	0
313	G	0.00000	0	1.00000	0
314	M	0.00000	0	1.00000	0
315	A	0.00000	0	1.00000	0
316	S	0.00000	0	1.00000	0
317	S	0.00000	0	1.00000	0
318	I	0.00000	0	1.00000	0
319	W	0.00000	0	1.00000	0
320	W	0.00000	0	1.00000	0
321	V	0.00000	0	1.00000	0
322	I	0.00001	0	0.99999	0
323	L	0.00004	0	0.99996	0
324	T	0.00019	0	0.99981	0
325	L	0.00175	0	0.99825	0
326	T	0.04275	0	0.95725	0
327	W	0.15738	0	0.84262	0
328	F	0.25503	0	0.74497	0
329	L	0.61262	0	0.38738	0
330	A	0.98204	0	0.01796	0
331	A	0.99772	0	0.00228	0
332	G	0.99973	0	0.00027	0
333	L	1.00000	0	0.00000	0
334	K	1.00000	0	0.00000	0
335	W	1.00000	0	0.00000	0
336	G	1.00000	0	0.00000	0
337	H	1.00000	0	0.00000	0
338	E	1.00000	0	0.00000	0
339	A	1.00000	0	0.00000	0
340	I	1.00000	0	0.00000	0
341	E	1.00000	0	0.00000	0
342	M	0.99998	0	0.00002	0
343	H	0.99992	0	0.00008	0
344	S	0.98293	0	0.01707	0
345	S	0.89880	0	0.10120	0
346	Y	0.44603	0	0.55397	0
347	F	0.05107	0	0.94893	0
348	H	0.01660	0	0.98340	0
349	I	0.00010	0	0.99990	0
350	A	0.00000	0	1.00000	0
351	A	0.00000	0	1.00000	0
352	W	0.00000	0	1.00000	0
353	A	0.00000	0	1.00000	0
354	I	0.00000	0	1.00000	0
355	P	0.00000	0	1.00000	0
356	A	0.00000	0	1.00000	0
357	V	0.00000	0	1.00000	0
358	K	0.00000	0	1.00000	0
359	T	0.00000	0	1.00000	0
360	I	0.00000	0	1.00000	0
361	V	0.00000	0	1.00000	0
362	I	0.00000	0	1.00000	0
363	L	0.00000	1e-05	0.99999	0
364	I	0.00000	0.00034	0.99966	0
365	M	0.00000	0.00878	0.99122	0
366	R	0.00000	0.27723	0.72277	0
367	L	0.00000	0.31825	0.68175	0
368	V	0.00000	0.57062	0.42938	0
369	D	0.00000	0.99919	0.00081	0
370	A	0.00000	0.99972	0.00028	0
371	D	0.00000	1	0.00000	0
372	E	0.00000	1	0.00000	0
373	L	0.00000	1	0.00000	0
374	T	0.00000	1	0.00000	0
375	G	0.00000	1	0.00000	0
376	L	0.00000	1	0.00000	0
377	C	0.00000	1	0.00000	0
378	Y	0.00000	1	0.00000	0
379	V	0.00000	1	0.00000	0
380	G	0.00000	1	0.00000	0
381	N	0.00000	1	0.00000	0
382	Q	0.00000	1	0.00000	0
383	N	0.00000	1	0.00000	0
384	L	0.00000	0.9997	0.00030	0
385	D	0.00000	0.99969	0.00031	0
386	A	0.00000	0.97904	0.02096	0
387	L	0.00000	0.95673	0.04327	0
388	T	0.00000	0.94627	0.05373	0
389	G	0.00000	0.06233	0.93767	0
390	F	0.00000	0.03583	0.96417	0
391	V	0.00000	0.02213	0.97787	0
392	V	0.00000	0.00803	0.99197	0
393	A	0.00000	0.00121	0.99879	0
394	P	0.00000	0.00103	0.99897	0
395	L	0.00000	1e-05	0.99999	0
396	F	0.00000	0	1.00000	0
397	T	0.00000	0	1.00000	0
398	Y	0.00000	0	1.00000	0
399	L	0.00000	0	1.00000	0
400	V	0.00000	0	1.00000	0
401	I	0.00000	0	1.00000	0
402	G	0.00000	0	1.00000	0
403	T	0.00000	0	1.00000	0
404	L	0.00000	0	1.00000	0
405	F	0.00000	0	1.00000	0
406	I	0.00000	0	1.00000	0
407	A	0.00002	0	0.99998	0
408	A	0.00013	0	0.99987	0
409	G	0.00067	0	0.99933	0
410	L	0.00122	0	0.99878	0
411	V	0.00501	0	0.99499	0
412	A	0.02502	0	0.97498	0
413	L	0.04677	0	0.95323	0
414	F	0.11917	0	0.88083	0
415	K	0.95382	0	0.04618	0
416	I	0.97010	0	0.02990	0
417	R	0.99929	0	0.00071	0
418	S	0.99993	0	0.00007	0
419	N	0.99999	0	0.00001	0
420	L	1.00000	0	0.00000	0
421	Q	1.00000	0	0.00000	0
422	K	1.00000	0	0.00000	0
423	D	1.00000	0	0.00000	0
424	G	1.00000	0	0.00000	0
425	T	1.00000	0	0.00000	0
426	K	1.00000	0	0.00000	0
427	T	1.00000	0	0.00000	0
428	D	1.00000	0	0.00000	0
429	K	1.00000	0	0.00000	0
430	L	1.00000	0	0.00000	0
431	E	1.00000	0	0.00000	0
432	R	0.99798	0	0.00202	0
433	L	0.03079	0	0.96921	0
434	M	0.00420	0	0.99580	0
435	V	0.00369	0	0.99631	0
436	K	0.00129	0	0.99871	0
437	I	0.00050	0	0.99950	0
438	G	0.00050	0	0.99950	0
439	V	0.00002	0	0.99998	0
440	F	0.00001	0	0.99999	0
441	S	0.00000	0	1.00000	0
442	V	0.00000	0	1.00000	0
443	L	0.00000	0	1.00000	0
444	Y	0.00000	0	1.00000	0
445	T	0.00000	0	1.00000	0
446	V	0.00000	0	1.00000	0
447	P	0.00000	0	1.00000	0
448	A	0.00000	0	1.00000	0
449	T	0.00000	0	1.00000	0
450	C	0.00000	0	1.00000	0
451	V	0.00000	0	1.00000	0
452	I	0.00000	1e-05	0.99999	0
453	A	0.00000	0.0013	0.99870	0
454	C	0.00000	0.01156	0.98844	0
455	Y	0.00000	0.01466	0.98534	0
456	F	0.00000	0.06786	0.93214	0
457	Y	0.00000	0.42118	0.57882	0
458	E	0.00000	0.84123	0.15877	0
459	I	0.00000	0.8479	0.15210	0
460	S	0.00000	0.98731	0.01269	0
461	N	0.00000	0.99844	0.00156	0
462	W	0.00000	0.99911	0.00089	0
463	A	0.00000	0.99921	0.00079	0
464	L	0.00000	0.9993	0.00070	0
465	F	0.00000	0.99948	0.00052	0
466	R	0.00000	0.99998	0.00002	0
467	Y	0.00000	0.99999	0.00001	0
468	S	0.00000	1	0.00000	0
469	A	0.00000	1	0.00000	0
470	D	0.00000	1	0.00000	0
471	D	0.00000	1	0.00000	0
472	S	0.00000	0.99988	0.00012	0
473	N	0.00000	0.98938	0.01062	0
474	M	0.00000	0.86541	0.13459	0
475	A	0.00000	0.83401	0.16599	0
476	V	0.00000	0.20945	0.79055	0
477	E	0.00000	0.10995	0.89005	0
478	M	0.00000	0.00682	0.99318	0
479	L	0.00000	2e-05	0.99998	0
480	K	0.00000	0	1.00000	0
481	I	0.00000	0	1.00000	0
482	F	0.00000	0	1.00000	0
483	M	0.00000	0	1.00000	0
484	S	0.00000	0	1.00000	0
485	L	0.00000	0	1.00000	0
486	L	0.00000	0	1.00000	0
487	V	0.00000	0	1.00000	0
488	G	0.00000	0	1.00000	0
489	I	0.00000	0	1.00000	0
490	T	0.00000	0	1.00000	0
491	S	0.00000	0	1.00000	0
492	G	0.00001	0	0.99999	0
493	M	0.00023	0	0.99977	0
494	W	0.00129	0	0.99871	0
495	I	0.00305	0	0.99695	0
496	W	0.03703	0	0.96297	0
497	S	0.50694	0	0.49306	0
498	A	0.91062	0	0.08938	0
499	K	1.00000	0	0.00000	0
500	T	1.00000	0	0.00000	0
501	L	1.00000	0	0.00000	0
502	H	1.00000	0	0.00000	0
503	T	1.00000	0	0.00000	0
504	W	1.00000	0	0.00000	0
505	Q	1.00000	0	0.00000	0
506	K	1.00000	0	0.00000	0
507	C	1.00000	0	0.00000	0
508	S	1.00000	0	0.00000	0
509	N	1.00000	0	0.00000	0
510	R	1.00000	0	0.00000	0
511	L	1.00000	0	0.00000	0
512	V	1.00000	0	0.00000	0
513	N	1.00000	0	0.00000	0
514	S	1.00000	0	0.00000	0
515	G	1.00000	0	0.00000	0
516	K	1.00000	0	0.00000	0
517	V	1.00000	0	0.00000	0
518	K	1.00000	0	0.00000	0
519	R	1.00000	0	0.00000	0
520	E	1.00000	0	0.00000	0
521	K	1.00000	0	0.00000	0
522	R	1.00000	0	0.00000	0
523	G	1.00000	0	0.00000	0
524	N	1.00000	0	0.00000	0
525	G	1.00000	0	0.00000	0
526	W	1.00000	0	0.00000	0
527	V	1.00000	0	0.00000	0
528	K	1.00000	0	0.00000	0
529	P	1.00000	0	0.00000	0
530	G	1.00000	0	0.00000	0
531	K	1.00000	0	0.00000	0
532	G	1.00000	0	0.00000	0
533	S	1.00000	0	0.00000	0
534	E	1.00000	0	0.00000	0
535	T	1.00000	0	0.00000	0
536	V	1.00000	0	0.00000	0
537	V	1.00000	0	0.00000	0
