# UNNAMED
#pos	aa	i	o	M	S
1	M	0.00000	1	0.00000	0
2	E	0.00000	1	0.00000	0
3	G	0.00000	1	0.00000	0
4	I	0.00000	1	0.00000	0
5	N	0.00000	1	0.00000	0
6	K	0.00000	1	0.00000	0
7	T	0.00000	1	0.00000	0
8	A	0.00000	1	0.00000	0
9	K	0.00000	1	0.00000	0
10	M	0.00000	1	0.00000	0
11	Q	0.00000	1	0.00000	0
12	F	0.00000	1	0.00000	0
13	F	0.00000	1	0.00000	0
14	F	0.00000	1	0.00000	0
15	R	0.00000	1	0.00000	0
16	P	0.00000	1	0.00000	0
17	F	0.00000	1	0.00000	0
18	S	0.00000	1	0.00000	0
19	P	0.00000	1	0.00000	0
20	D	0.00000	1	0.00000	0
21	P	0.00000	0.99998	0.00002	0
22	E	0.00000	0.9999	0.00010	0
23	V	0.00000	0.99128	0.00872	0
24	Q	0.00000	0.9824	0.01760	0
25	M	0.00000	0.90532	0.09468	0
26	L	0.00000	0.51931	0.48069	0
27	I	0.00000	0.05189	0.94811	0
28	F	0.00000	0.00894	0.99106	0
29	V	0.00000	0.00417	0.99583	0
30	V	0.00000	0.00364	0.99636	0
31	F	0.00000	0.00024	0.99976	0
32	L	0.00000	6e-05	0.99994	0
33	M	0.00000	1e-05	0.99999	0
34	M	0.00000	0	1.00000	0
35	Y	0.00000	0	1.00000	0
36	L	0.00000	0	1.00000	0
37	T	0.00000	0	1.00000	0
38	S	0.00000	0	1.00000	0
39	L	0.00000	0	1.00000	0
40	G	0.00000	0	1.00000	0
41	G	0.00000	0	1.00000	0
42	N	0.00000	0	1.00000	0
43	A	0.00000	0	1.00000	0
44	T	0.00000	0	1.00000	0
45	I	0.00000	0	1.00000	0
46	A	0.00001	0	0.99999	0
47	V	0.00025	0	0.99975	0
48	I	0.00832	0	0.99168	0
49	V	0.14094	0	0.85906	0
50	Q	0.92015	0	0.07985	0
51	I	0.93217	0	0.06783	0
52	N	0.99775	0	0.00225	0
53	H	0.99975	0	0.00025	0
54	S	0.99998	0	0.00002	0
55	L	0.99999	0	0.00001	0
56	H	1.00000	0	0.00000	0
57	T	1.00000	0	0.00000	0
58	P	1.00000	0	0.00000	0
59	M	0.28413	0	0.71587	0
60	Y	0.21453	0	0.78547	0
61	F	0.03024	0	0.96976	0
62	F	0.00029	0	0.99971	0
63	L	0.00002	0	0.99998	0
64	A	0.00001	0	0.99999	0
65	N	0.00000	0	1.00000	0
66	L	0.00000	0	1.00000	0
67	A	0.00000	0	1.00000	0
68	V	0.00000	0	1.00000	0
69	L	0.00000	0	1.00000	0
70	E	0.00000	0	1.00000	0
71	I	0.00000	0	1.00000	0
72	F	0.00000	0	1.00000	0
73	Y	0.00000	0	1.00000	0
74	T	0.00000	0	1.00000	0
75	S	0.00000	0	1.00000	0
76	S	0.00000	0	1.00000	0
77	I	0.00000	1e-05	0.99999	0
78	T	0.00000	0.00024	0.99976	0
79	P	0.00000	0.00056	0.99944	0
80	L	0.00000	0.0022	0.99780	0
81	A	0.00000	0.03381	0.96619	0
82	L	0.00000	0.23344	0.76656	0
83	A	0.00000	0.56281	0.43719	0
84	N	0.00000	0.99954	0.00046	0
85	L	0.00000	0.99957	0.00043	0
86	L	0.00000	0.99963	0.00037	0
87	S	0.00000	0.99981	0.00019	0
88	M	0.00000	0.99984	0.00016	0
89	G	0.00000	0.99993	0.00007	0
90	K	0.00000	0.99999	0.00001	0
91	T	0.00000	1	0.00000	0
92	P	0.00000	1	0.00000	0
93	V	0.00000	0.99998	0.00002	0
94	S	0.00000	0.99998	0.00002	0
95	I	0.00000	0.99997	0.00003	0
96	T	0.00000	0.99997	0.00003	0
97	G	0.00000	0.99996	0.00004	0
98	C	0.00000	0.99992	0.00008	0
99	G	0.00000	0.9985	0.00150	0
100	T	0.00000	0.99016	0.00984	0
101	Q	0.00000	0.92702	0.07298	0
102	M	0.00000	0.28384	0.71616	0
103	F	0.00000	0.02294	0.97706	0
104	F	0.00000	0.00125	0.99875	0
105	F	0.00000	3e-05	0.99997	0
106	V	0.00000	0	1.00000	0
107	F	0.00000	0	1.00000	0
108	L	0.00000	0	1.00000	0
109	G	0.00000	0	1.00000	0
110	G	0.00000	0	1.00000	0
111	A	0.00000	0	1.00000	0
112	D	0.00000	0	1.00000	0
113	C	0.00000	0	1.00000	0
114	V	0.00000	0	1.00000	0
115	L	0.00000	0	1.00000	0
116	L	0.00000	0	1.00000	0
117	V	0.00003	0	0.99997	0
118	V	0.00003	0	0.99997	0
119	M	0.00003	0	0.99997	0
120	A	0.00003	0	0.99997	0
121	Y	0.00003	0	0.99997	0
122	D	0.00005	0	0.99995	0
123	Q	0.00578	0	0.99422	0
124	F	0.06279	0	0.93721	0
125	I	0.89748	0	0.10252	0
126	A	0.99650	0	0.00350	0
127	I	1.00000	0	0.00000	0
128	C	1.00000	0	0.00000	0
129	H	1.00000	0	0.00000	0
130	P	1.00000	0	0.00000	0
131	L	1.00000	0	0.00000	0
132	R	1.00000	0	0.00000	0
133	Y	1.00000	0	0.00000	0
134	R	1.00000	0	0.00000	0
135	L	0.99996	0	0.00004	0
136	I	0.99993	0	0.00007	0
137	M	0.99985	0	0.00015	0
138	S	0.99966	0	0.00034	0
139	W	0.99626	0	0.00374	0
140	S	0.98752	0	0.01248	0
141	L	0.67283	0	0.32717	0
142	C	0.02136	0	0.97864	0
143	V	0.00865	0	0.99135	0
144	E	0.00706	0	0.99294	0
145	L	0.00149	0	0.99851	0
146	L	0.00062	0	0.99938	0
147	V	0.00043	0	0.99957	0
148	G	0.00010	0	0.99990	0
149	S	0.00003	0	0.99997	0
150	L	0.00000	0	1.00000	0
151	V	0.00000	0	1.00000	0
152	L	0.00000	0	1.00000	0
153	G	0.00000	0	1.00000	0
154	F	0.00000	0	1.00000	0
155	L	0.00000	0	1.00000	0
156	L	0.00000	0	1.00000	0
157	S	0.00000	3e-05	0.99997	0
158	L	0.00000	5e-05	0.99995	0
159	P	0.00000	0.00048	0.99952	0
160	L	0.00000	0.00083	0.99917	0
161	T	0.00000	0.00539	0.99461	0
162	I	0.00000	0.01105	0.98895	0
163	L	0.00000	0.04629	0.95371	0
164	I	0.00000	0.15285	0.84715	0
165	F	0.00000	0.4942	0.50580	0
166	H	0.00000	0.93759	0.06241	0
167	L	0.00000	0.9706	0.02940	0
168	P	0.00000	0.99757	0.00243	0
169	F	0.00000	0.99879	0.00121	0
170	C	0.00000	0.99996	0.00004	0
171	H	0.00000	1	0.00000	0
172	N	0.00000	1	0.00000	0
173	D	0.00000	1	0.00000	0
174	E	0.00000	1	0.00000	0
175	I	0.00000	1	0.00000	0
176	Y	0.00000	1	0.00000	0
177	H	0.00000	1	0.00000	0
178	F	0.00000	1	0.00000	0
179	Y	0.00000	1	0.00000	0
180	C	0.00000	1	0.00000	0
181	D	0.00000	1	0.00000	0
182	M	0.00000	1	0.00000	0
183	P	0.00000	1	0.00000	0
184	A	0.00000	1	0.00000	0
185	V	0.00000	1	0.00000	0
186	M	0.00000	1	0.00000	0
187	R	0.00000	1	0.00000	0
188	L	0.00000	1	0.00000	0
189	A	0.00000	1	0.00000	0
190	C	0.00000	1	0.00000	0
191	A	0.00000	1	0.00000	0
192	D	0.00000	1	0.00000	0
193	T	0.00000	1	0.00000	0
194	R	0.00000	1	0.00000	0
195	V	0.00000	1	0.00000	0
196	H	0.00000	0.99996	0.00004	0
197	K	0.00000	0.99987	0.00013	0
198	T	0.00000	0.98541	0.01459	0
199	A	0.00000	0.08918	0.91082	0
200	L	0.00000	0.06185	0.93815	0
201	Y	0.00000	0.05375	0.94625	0
202	I	0.00000	0.01809	0.98191	0
203	I	0.00000	0.01651	0.98349	0
204	S	0.00000	0.00289	0.99711	0
205	F	0.00000	0.00231	0.99769	0
206	I	0.00000	1e-05	0.99999	0
207	V	0.00000	0	1.00000	0
208	L	0.00000	0	1.00000	0
209	S	0.00000	0	1.00000	0
210	I	0.00000	0	1.00000	0
211	P	0.00000	0	1.00000	0
212	L	0.00000	0	1.00000	0
213	S	0.00000	0	1.00000	0
214	L	0.00000	0	1.00000	0
215	I	0.00000	0	1.00000	0
216	S	0.00000	0	1.00000	0
217	I	0.00000	0	1.00000	0
218	S	0.00000	0	1.00000	0
219	Y	0.00000	0	1.00000	0
220	V	0.00000	0	1.00000	0
221	F	0.00006	0	0.99994	0
222	I	0.00448	0	0.99552	0
223	V	0.03543	0	0.96457	0
224	V	0.38250	0	0.61750	0
225	A	0.57784	0	0.42216	0
226	I	0.65356	0	0.34644	0
227	L	0.81769	0	0.18231	0
228	R	0.99270	0	0.00730	0
229	I	0.99541	0	0.00459	0
230	R	0.99989	0	0.00011	0
231	S	0.99999	0	0.00001	0
232	A	1.00000	0	0.00000	0
233	E	1.00000	0	0.00000	0
234	G	1.00000	0	0.00000	0
235	R	1.00000	0	0.00000	0
236	Q	0.99999	0	0.00001	0
237	Q	0.99963	0	0.00037	0
238	A	0.99298	0	0.00702	0
239	Y	0.98971	0	0.01029	0
240	S	0.96476	0	0.03524	0
241	T	0.96469	0	0.03531	0
242	C	0.96467	0	0.03533	0
243	S	0.96405	0	0.03595	0
244	S	0.96312	0	0.03688	0
245	H	0.96310	0	0.03690	0
246	I	0.95966	0	0.04034	0
247	L	0.00895	0	0.99105	0
248	V	0.00023	0	0.99977	0
249	V	0.00000	0	1.00000	0
250	L	0.00000	0	1.00000	0
251	L	0.00000	0	1.00000	0
252	Q	0.00000	0	1.00000	0
253	Y	0.00000	0	1.00000	0
254	G	0.00000	0	1.00000	0
255	C	0.00000	0	1.00000	0
256	T	0.00000	0	1.00000	0
257	S	0.00000	0	1.00000	0
258	F	0.00000	0	1.00000	0
259	I	0.00000	0	1.00000	0
260	Y	0.00000	8e-05	0.99992	0
261	L	0.00000	0.00187	0.99813	0
262	S	0.00000	0.01674	0.98326	0
263	P	0.00000	0.03	0.97000	0
264	S	0.00000	0.03406	0.96594	0
265	S	0.00000	0.03733	0.96267	0
266	S	0.00000	0.04692	0.95308	0
267	Y	0.00000	0.09287	0.90713	0
268	S	0.00000	0.36411	0.63589	0
269	P	0.00000	0.82788	0.17212	0
270	E	0.00000	0.97309	0.02691	0
271	M	0.00000	0.62694	0.37306	0
272	G	0.00000	0.62722	0.37278	0
273	R	0.00000	0.31986	0.68014	0
274	V	0.00000	0.01554	0.98446	0
275	V	0.00000	9e-05	0.99991	0
276	S	0.00000	0	1.00000	0
277	V	0.00000	0	1.00000	0
278	A	0.00000	0	1.00000	0
279	Y	0.00000	0	1.00000	0
280	T	0.00000	0	1.00000	0
281	F	0.00000	0	1.00000	0
282	I	0.00000	0	1.00000	0
283	T	0.00000	0	1.00000	0
284	P	0.00000	0	1.00000	0
285	I	0.00000	0	1.00000	0
286	L	0.00000	0	1.00000	0
287	N	0.00000	0	1.00000	0
288	P	0.00000	0	1.00000	0
289	L	0.00000	0	1.00000	0
290	I	0.00010	0	0.99990	0
291	Y	0.00115	0	0.99885	0
292	S	0.00862	0	0.99138	0
293	L	0.04745	0	0.95255	0
294	R	1.00000	0	0.00000	0
295	N	1.00000	0	0.00000	0
296	K	1.00000	0	0.00000	0
297	E	1.00000	0	0.00000	0
298	L	1.00000	0	0.00000	0
299	K	1.00000	0	0.00000	0
300	D	1.00000	0	0.00000	0
301	A	1.00000	0	0.00000	0
302	L	1.00000	0	0.00000	0
303	R	1.00000	0	0.00000	0
304	K	1.00000	0	0.00000	0
305	A	1.00000	0	0.00000	0
306	L	1.00000	0	0.00000	0
307	R	1.00000	0	0.00000	0
308	K	1.00000	0	0.00000	0
309	F	1.00000	0	0.00000	0
