# UNNAMED
#pos	aa	i	o	M	S
1	M	0.00000	0.45211	0.00000	0.54789
2	N	0.00000	0.45211	0.00000	0.54789
3	Q	0.00000	0.45211	0.00000	0.54789
4	V	0.00000	0.45211	0.00000	0.54789
5	T	0.00000	0.45211	0.00000	0.54789
6	I	0.00000	0.45211	0.00000	0.54789
7	Q	0.00000	0.45211	0.00000	0.54789
8	W	0.00000	0.45211	0.00000	0.54789
9	D	0.00000	0.45211	0.00000	0.54789
10	A	0.00000	0.45204	0.00007	0.54789
11	V	0.00000	0.4466	0.00551	0.54789
12	I	0.00000	0.44005	0.01206	0.54789
13	A	0.00000	0.43915	0.01297	0.54789
14	L	0.00000	0.45605	0.01454	0.5294
15	Y	0.00000	0.45603	0.01493	0.52905
16	I	0.00000	0.45031	0.02065	0.52905
17	L	0.00000	0.45025	0.02070	0.52905
18	F	0.00000	0.45003	0.02092	0.52905
19	S	0.00000	0.45003	0.02092	0.52905
20	W	0.00000	0.45005	0.02092	0.52903
21	C	0.00000	0.45005	0.02092	0.52903
22	H	0.00000	0.78077	0.02092	0.1983
23	G	0.00000	0.78078	0.02092	0.19831
24	G	0.00000	0.78199	0.02092	0.19709
25	I	0.00000	0.78202	0.02092	0.19706
26	T	0.00000	0.78202	0.02092	0.19706
27	N	0.00000	0.78511	0.02092	0.19397
28	I	0.00000	0.7875	0.02092	0.19157
29	N	0.00000	0.7875	0.02092	0.19157
30	C	0.00000	0.78751	0.02092	0.19156
31	S	0.00002	0.78768	0.02090	0.19139
32	G	0.00004	0.79306	0.02089	0.186
33	H	0.00013	0.97907	0.02080	0
34	I	0.00018	0.97907	0.02076	0
35	W	0.00237	0.97907	0.01856	0
36	V	0.00474	0.97907	0.01620	0
37	E	0.01970	0.97907	0.00123	0
38	P	0.02092	0.97907	0.00001	0
39	A	0.02092	0.97907	0.00002	0
40	T	0.02089	0.97907	0.00004	0
41	I	0.02087	0.97907	0.00007	0
42	F	0.02084	0.97907	0.00009	0
43	K	0.02078	0.97907	0.00016	0
44	M	0.00952	0.97907	0.01141	0
45	G	0.00820	0.97907	0.01273	0
46	M	0.00152	0.97907	0.01941	0
47	N	0.00001	0.97907	0.02093	0
48	I	0.00000	0.97907	0.02093	0
49	S	0.00000	0.97907	0.02093	0
50	I	0.00000	0.97907	0.02093	0
51	Y	0.00000	0.97907	0.02093	0
52	C	0.00000	0.97907	0.02093	0
53	Q	0.00001	0.97907	0.02093	0
54	A	0.00001	0.97907	0.02093	0
55	A	0.00001	0.97907	0.02093	0
56	I	0.00001	0.97907	0.02092	0
57	K	0.00001	0.97907	0.02092	0
58	N	0.00001	0.97909	0.02090	0
59	C	0.00001	0.9791	0.02089	0
60	Q	0.00001	0.9791	0.02089	0
61	P	0.00001	0.9791	0.02089	0
62	R	0.00001	0.97912	0.02087	0
63	K	0.00001	0.97912	0.02087	0
64	L	0.00001	0.97913	0.02087	0
65	H	0.00000	0.9998	0.00020	0
66	F	0.00000	0.99999	0.00001	0
67	Y	0.00000	0.99999	0.00001	0
68	K	0.00000	0.99999	0.00001	0
69	N	0.00000	0.99999	0.00001	0
70	G	0.00000	0.99999	0.00001	0
71	I	0.00000	0.99999	0.00001	0
72	K	0.00000	0.99999	0.00001	0
73	E	0.00000	0.99999	0.00001	0
74	R	0.00000	0.99999	0.00001	0
75	F	0.00000	0.99999	0.00001	0
76	Q	0.00000	0.99999	0.00001	0
77	I	0.00000	0.99999	0.00001	0
78	T	0.00000	0.99999	0.00001	0
79	R	0.00000	0.99999	0.00001	0
80	I	0.00000	0.99999	0.00001	0
81	N	0.00000	0.99999	0.00001	0
82	K	0.00000	0.99999	0.00001	0
83	T	0.00000	0.99994	0.00006	0
84	T	0.00000	0.99983	0.00017	0
85	A	0.00000	0.99661	0.00339	0
86	R	0.00000	0.99194	0.00806	0
87	L	0.00000	0.99167	0.00833	0
88	W	0.00000	0.99143	0.00857	0
89	Y	0.00000	0.99099	0.00901	0
90	K	0.00000	0.99099	0.00901	0
91	N	0.00000	0.99099	0.00901	0
92	F	0.00000	0.99099	0.00901	0
93	L	0.00000	0.99099	0.00901	0
94	E	0.00000	0.99099	0.00901	0
95	P	0.00000	0.99069	0.00930	0
96	H	0.00000	0.98705	0.01295	0
97	A	0.00000	0.987	0.01299	0
98	S	0.00000	0.987	0.01300	0
99	M	0.00000	0.987	0.01300	0
100	Y	0.00000	0.987	0.01300	0
101	C	0.00000	0.987	0.01300	0
102	T	0.00000	0.987	0.01300	0
103	A	0.00000	0.987	0.01300	0
104	E	0.00000	0.987	0.01300	0
105	C	0.00001	0.987	0.01299	0
106	P	0.00001	0.987	0.01299	0
107	K	0.00001	0.987	0.01299	0
108	H	0.00001	0.987	0.01299	0
109	F	0.00001	0.987	0.01299	0
110	Q	0.00001	0.987	0.01299	0
111	E	0.00001	0.987	0.01299	0
112	T	0.00877	0.987	0.00424	0
113	L	0.00901	0.987	0.00400	0
114	I	0.00902	0.987	0.00398	0
115	C	0.01091	0.987	0.00210	0
116	G	0.01153	0.987	0.00147	0
117	K	0.01166	0.987	0.00135	0
118	D	0.01171	0.987	0.00130	0
119	I	0.01298	0.987	0.00003	0
120	S	0.01300	0.987	0.00001	0
121	S	0.01300	0.987	0.00001	0
122	G	0.01300	0.987	0.00001	0
123	Y	0.01300	0.987	0.00001	0
124	P	0.01300	0.987	0.00001	0
125	P	0.01300	0.987	0.00001	0
126	D	0.01299	0.987	0.00001	0
127	I	0.01296	0.987	0.00004	0
128	P	0.01296	0.987	0.00005	0
129	D	0.01292	0.987	0.00009	0
130	E	0.01232	0.987	0.00069	0
131	V	0.00966	0.98448	0.00586	0
132	T	0.00782	0.97941	0.01278	0
133	C	0.00029	0.9794	0.02031	0
134	V	0.00001	0.97896	0.02103	0
135	I	0.00000	0.97893	0.02107	0
136	Y	0.00000	0.97893	0.02107	0
137	E	0.00000	0.97893	0.02107	0
138	Y	0.00000	0.97877	0.02123	0
139	S	0.00000	0.97877	0.02123	0
140	G	0.00000	0.97877	0.02123	0
141	N	0.00000	0.97877	0.02123	0
142	M	0.00000	0.97877	0.02123	0
143	T	0.00000	0.97877	0.02123	0
144	C	0.00000	0.97877	0.02123	0
145	T	0.00000	0.97877	0.02123	0
146	W	0.00000	0.97877	0.02123	0
147	N	0.00000	0.97879	0.02121	0
148	A	0.00000	0.97879	0.02121	0
149	G	0.00000	0.97882	0.02118	0
150	K	0.00000	0.97999	0.02001	0
151	L	0.00000	0.9801	0.01990	0
152	T	0.00000	0.98162	0.01838	0
153	Y	0.00000	0.983	0.01700	0
154	I	0.00002	0.98436	0.01562	0
155	D	0.00092	0.99176	0.00732	0
156	T	0.00421	0.99177	0.00403	0
157	K	0.00577	0.99177	0.00247	0
158	Y	0.00795	0.99176	0.00029	0
159	V	0.00818	0.99175	0.00007	0
160	V	0.00823	0.99175	0.00002	0
161	H	0.00823	0.99175	0.00002	0
162	V	0.00823	0.99175	0.00002	0
163	K	0.00823	0.99175	0.00002	0
164	S	0.00823	0.99175	0.00002	0
165	L	0.00823	0.99175	0.00002	0
166	E	0.00823	0.99175	0.00002	0
167	T	0.00823	0.99175	0.00003	0
168	E	0.00823	0.99175	0.00003	0
169	E	0.00816	0.99174	0.00010	0
170	E	0.00789	0.99156	0.00055	0
171	Q	0.00776	0.97979	0.01245	0
172	Q	0.00773	0.95187	0.04040	0
173	Y	0.00748	0.89945	0.09308	0
174	L	0.00565	0.44355	0.55080	0
175	T	0.00463	0.16798	0.82739	0
176	S	0.00228	0.1633	0.83442	0
177	S	0.00049	0.15809	0.84143	0
178	Y	0.00004	0.1573	0.84266	0
179	I	0.00001	0.1529	0.84709	0
180	N	0.00000	0.1529	0.84710	0
181	I	0.00000	0.1529	0.84710	0
182	S	0.00002	0.1529	0.84709	0
183	T	0.00002	0.15289	0.84708	0
184	D	0.00002	0.15289	0.84708	0
185	S	0.00002	0.15273	0.84725	0
186	L	0.00002	0.15271	0.84727	0
187	Q	0.00002	0.15271	0.84727	0
188	G	0.00002	0.15271	0.84727	0
189	G	0.00002	0.15271	0.84726	0
190	K	0.00002	0.15279	0.84719	0
191	K	0.00002	0.15073	0.84925	0
192	Y	0.00001	0.07644	0.92355	0
193	L	0.00003	0.05496	0.94501	0
194	V	0.00674	0.05213	0.94113	0
195	W	0.67442	0.05298	0.27260	0
196	V	0.80159	0.0543	0.14410	0
197	Q	0.83408	0.0582	0.10771	0
198	A	0.83415	0.05844	0.10742	0
199	A	0.83427	0.05889	0.10683	0
200	N	0.83450	0.0596	0.10590	0
201	A	0.83456	0.05963	0.10580	0
202	L	0.83470	0.05966	0.10564	0
203	G	0.83700	0.05966	0.10334	0
204	M	0.83806	0.05966	0.10228	0
205	E	0.83880	0.05966	0.10153	0
206	E	0.83878	0.05966	0.10155	0
207	S	0.83855	0.05963	0.10182	0
208	K	0.83765	0.05954	0.10281	0
209	Q	0.60181	0.03263	0.36555	0
210	L	0.02503	0.0083	0.96667	0
211	Q	0.01783	0.0083	0.97387	0
212	I	0.01624	0.00824	0.97553	0
213	H	0.10560	0.00826	0.88614	0
214	L	0.10709	0.00826	0.88466	0
215	D	0.11384	0.00826	0.87791	0
216	D	0.11387	0.00825	0.87789	0
217	I	0.11380	0.00708	0.87913	0
218	V	0.11377	0.0064	0.87983	0
219	I	0.11375	0.00599	0.88026	0
220	P	0.11375	0.00597	0.88028	0
221	S	0.05269	0.0057	0.94160	0
222	A	0.00600	0.00107	0.99293	0
223	A	0.00010	0.00071	0.99919	0
224	V	0.00001	0.00062	0.99938	0
225	I	0.00001	0.00092	0.99907	0
226	S	0.00003	0.00095	0.99903	0
227	R	0.00239	0.00299	0.99463	0
228	A	0.00524	0.01413	0.98063	0
229	E	0.03840	0.1682	0.79340	0
230	T	0.04140	0.19327	0.76532	0
231	I	0.04193	0.20648	0.75159	0
232	N	0.05140	0.51198	0.43661	0
233	A	0.05142	0.54132	0.40726	0
234	T	0.05143	0.60248	0.34610	0
235	V	0.05144	0.62864	0.31991	0
236	P	0.05148	0.69764	0.25088	0
237	K	0.05139	0.74601	0.20259	0
238	T	0.03437	0.76484	0.20079	0
239	I	0.00089	0.77212	0.22699	0
240	I	0.00039	0.8009	0.19871	0
241	Y	0.00035	0.9269	0.07275	0
242	W	0.00144	0.92894	0.06962	0
243	D	0.00602	0.93927	0.05471	0
244	S	0.00731	0.93936	0.05333	0
245	Q	0.00788	0.93947	0.05265	0
246	T	0.00792	0.9395	0.05258	0
247	T	0.00790	0.93951	0.05259	0
248	I	0.00790	0.93951	0.05259	0
249	E	0.00791	0.93954	0.05255	0
250	K	0.00791	0.93954	0.05255	0
251	V	0.00791	0.93954	0.05255	0
252	S	0.00791	0.93954	0.05255	0
253	C	0.00791	0.93954	0.05255	0
254	E	0.00791	0.93954	0.05255	0
255	M	0.00790	0.93941	0.05269	0
256	R	0.00790	0.93941	0.05270	0
257	Y	0.00790	0.93941	0.05269	0
258	K	0.00805	0.93946	0.05249	0
259	A	0.00904	0.952	0.03897	0
260	T	0.00912	0.98024	0.01064	0
261	T	0.00917	0.98803	0.00280	0
262	N	0.00917	0.99046	0.00037	0
263	Q	0.00917	0.99054	0.00029	0
264	T	0.00892	0.99054	0.00054	0
265	W	0.00880	0.99054	0.00066	0
266	N	0.00879	0.99055	0.00066	0
267	V	0.00879	0.99055	0.00066	0
268	K	0.00879	0.9906	0.00061	0
269	E	0.00879	0.9906	0.00061	0
270	F	0.00879	0.97228	0.01893	0
271	D	0.00879	0.97137	0.01984	0
272	T	0.00874	0.9637	0.02756	0
273	N	0.00811	0.95207	0.03982	0
274	F	0.00043	0.0691	0.93048	0
275	T	0.00036	0.01405	0.98560	0
276	Y	0.00040	0.01282	0.98678	0
277	V	0.00040	0.01282	0.98678	0
278	Q	0.00040	0.01285	0.98675	0
279	Q	0.00040	0.01287	0.98673	0
280	S	0.00040	0.01288	0.98672	0
281	E	0.00040	0.0129	0.98671	0
282	F	0.00040	0.0129	0.98671	0
283	Y	0.00040	0.0129	0.98670	0
284	L	0.00040	0.01294	0.98666	0
285	E	0.00040	0.01325	0.98636	0
286	P	0.00040	0.01327	0.98633	0
287	N	0.00040	0.01328	0.98632	0
288	I	0.00040	0.01328	0.98632	0
289	K	0.00040	0.01328	0.98632	0
290	Y	0.00040	0.01325	0.98635	0
291	V	0.00030	0.01325	0.98644	0
292	F	0.00561	0.01326	0.98113	0
293	Q	0.51781	0.01375	0.46844	0
294	V	0.92015	0.01456	0.06529	0
295	R	0.97004	0.02145	0.00851	0
296	C	0.97690	0.02171	0.00138	0
297	Q	0.97778	0.02177	0.00045	0
298	E	0.97802	0.02178	0.00020	0
299	T	0.97804	0.02178	0.00018	0
300	G	0.97801	0.02178	0.00020	0
301	K	0.97801	0.02178	0.00020	0
302	R	0.97801	0.02178	0.00020	0
303	Y	0.97801	0.02178	0.00021	0
304	W	0.97800	0.02178	0.00022	0
305	Q	0.97800	0.02178	0.00022	0
306	P	0.97760	0.02178	0.00063	0
307	W	0.96480	0.02178	0.01342	0
308	S	0.96007	0.02177	0.01816	0
309	S	0.84038	0.02173	0.13789	0
310	L	0.00703	0.02173	0.97124	0
311	F	0.00091	0.02173	0.97736	0
312	F	0.00091	0.02174	0.97734	0
313	H	0.00093	0.02183	0.97724	0
314	K	0.00094	0.02187	0.97719	0
315	T	0.00094	0.02187	0.97719	0
316	P	0.00094	0.02187	0.97719	0
317	E	0.00094	0.02187	0.97719	0
318	T	0.00094	0.02187	0.97719	0
319	V	0.00094	0.02187	0.97719	0
320	P	0.00094	0.02186	0.97721	0
321	Q	0.00093	0.02186	0.97721	0
322	V	0.00092	0.02186	0.97721	0
323	T	0.00048	0.02187	0.97764	0
324	S	0.00023	0.02189	0.97788	0
325	K	0.00000	0.02195	0.97805	0
326	A	0.00000	0.02202	0.97798	0
327	F	0.00000	0.02281	0.97719	0
328	Q	0.00001	0.0625	0.93749	0
329	H	0.00001	0.23628	0.76371	0
330	D	0.00004	0.9937	0.00626	0
331	T	0.00004	0.99712	0.00284	0
332	W	0.00004	0.99835	0.00161	0
333	N	0.00005	0.99897	0.00098	0
334	S	0.00006	0.99898	0.00097	0
335	G	0.00006	0.99898	0.00097	0
336	L	0.00006	0.99898	0.00097	0
337	T	0.00006	0.99898	0.00097	0
338	V	0.00006	0.99898	0.00097	0
339	A	0.00006	0.99898	0.00097	0
340	S	0.00006	0.99898	0.00096	0
341	I	0.00006	0.99898	0.00096	0
342	S	0.00007	0.99899	0.00095	0
343	T	0.00007	0.99902	0.00091	0
344	G	0.00007	0.99911	0.00082	0
345	H	0.00007	0.99916	0.00077	0
346	L	0.00007	0.99921	0.00072	0
347	T	0.00008	0.99953	0.00039	0
348	S	0.00008	0.9998	0.00012	0
349	D	0.00008	0.99992	0.00000	0
350	N	0.00008	0.99991	0.00000	0
351	R	0.00008	0.99991	0.00001	0
352	G	0.00008	0.99989	0.00003	0
353	D	0.00008	0.99967	0.00025	0
354	I	0.00001	0.03915	0.96084	0
355	G	0.00001	0.01479	0.98520	0
356	L	0.00001	0.00203	0.99796	0
357	L	0.00000	0.00016	0.99984	0
358	L	0.00000	2e-05	0.99998	0
359	G	0.00000	1e-05	0.99999	0
360	M	0.00000	0	1.00000	0
361	I	0.00000	0	1.00000	0
362	V	0.00000	0	1.00000	0
363	F	0.00000	0	1.00000	0
364	A	0.00000	0	1.00000	0
365	V	0.00000	0	1.00000	0
366	M	0.00000	0	1.00000	0
367	L	0.00000	0	1.00000	0
368	S	0.00000	0	1.00000	0
369	I	0.00000	0	1.00000	0
370	L	0.00000	0	1.00000	0
371	S	0.00000	0	1.00000	0
372	L	0.00000	0	1.00000	0
373	I	0.00000	0	1.00000	0
374	G	0.00005	0	0.99995	0
375	I	0.00041	0	0.99959	0
376	F	0.01087	1e-05	0.98913	0
377	N	0.78684	6e-05	0.21309	0
378	R	0.97628	7e-05	0.02364	0
379	S	0.98550	8e-05	0.01442	0
380	F	0.98839	8e-05	0.01154	0
381	R	0.99955	8e-05	0.00037	0
382	T	0.99986	8e-05	0.00006	0
383	G	0.99992	8e-05	0.00000	0
384	I	0.99992	8e-05	0.00000	0
385	K	0.99992	8e-05	0.00000	0
386	R	0.99987	8e-05	0.00005	0
387	R	0.99907	8e-05	0.00085	0
388	I	0.97744	8e-05	0.02247	0
389	L	0.97627	8e-05	0.02365	0
390	L	0.97578	8e-05	0.02414	0
391	L	0.97578	8e-05	0.02414	0
392	I	0.97573	8e-05	0.02419	0
393	P	0.97573	8e-05	0.02419	0
394	K	0.97573	8e-05	0.02419	0
395	W	0.97573	8e-05	0.02419	0
396	L	0.97573	8e-05	0.02419	0
397	Y	0.97573	8e-05	0.02419	0
398	E	0.97573	8e-05	0.02419	0
399	D	0.97573	8e-05	0.02419	0
400	I	0.97573	8e-05	0.02419	0
401	P	0.97573	8e-05	0.02419	0
402	N	0.97573	8e-05	0.02419	0
403	M	0.97573	8e-05	0.02419	0
404	K	0.97573	8e-05	0.02418	0
405	N	0.97573	9e-05	0.02418	0
406	S	0.97568	0.00015	0.02417	0
407	N	0.97568	0.00178	0.02254	0
408	V	0.03164	0.00323	0.96514	0
409	V	0.03097	0.00907	0.95997	0
410	K	0.03097	0.01767	0.95136	0
411	M	0.03097	0.0117	0.95733	0
412	L	0.03097	0.01279	0.95625	0
413	Q	0.03097	0.01667	0.95237	0
414	E	0.03097	0.0165	0.95253	0
415	N	0.03097	0.01237	0.95666	0
416	S	0.03097	0.00976	0.95927	0
417	E	0.03097	0.00814	0.96089	0
418	L	0.03095	0.00806	0.96099	0
419	M	0.03095	0.00806	0.96099	0
420	N	0.03095	0.00806	0.96099	0
421	N	0.03095	0.00806	0.96099	0
422	N	0.03095	0.00806	0.96099	0
423	S	0.03095	0.00806	0.96099	0
424	S	0.03095	0.00806	0.96099	0
425	E	0.03095	0.00806	0.96099	0
426	Q	0.02092	0.00807	0.97101	0
427	V	0.02092	0.00813	0.97095	0
428	L	0.02092	0.00993	0.96914	0
429	Y	0.02092	0.06498	0.91410	0
430	V	0.02092	0.29201	0.68707	0
431	D	0.02226	0.94915	0.02859	0
432	P	0.02656	0.95001	0.02343	0
433	M	0.02736	0.9503	0.02234	0
434	I	0.02832	0.95158	0.02010	0
435	T	0.02989	0.95243	0.01768	0
436	E	0.03711	0.95275	0.01014	0
437	I	0.03711	0.95277	0.01012	0
438	K	0.03713	0.95284	0.01003	0
439	E	0.03713	0.95284	0.01003	0
440	I	0.03713	0.95284	0.01003	0
441	F	0.03713	0.95284	0.01003	0
442	I	0.03713	0.95284	0.01003	0
443	P	0.03713	0.95285	0.01003	0
444	E	0.03713	0.95369	0.00918	0
445	H	0.03713	0.95505	0.00782	0
446	K	0.03713	0.96171	0.00117	0
447	P	0.03713	0.96205	0.00082	0
448	T	0.03713	0.96234	0.00053	0
449	D	0.03713	0.96287	0.00000	0
450	Y	0.03713	0.96287	0.00000	0
451	K	0.03713	0.96287	0.00000	0
452	K	0.03713	0.96287	0.00000	0
453	E	0.03713	0.96287	0.00000	0
454	N	0.03713	0.96286	0.00001	0
455	T	0.03713	0.96257	0.00030	0
456	G	0.03713	0.96205	0.00082	0
457	P	0.03713	0.60677	0.35611	0
458	L	0.03713	0.05471	0.90816	0
459	E	0.03713	0.01845	0.94443	0
460	T	0.03713	0.0169	0.94597	0
461	R	0.03713	0.01661	0.94626	0
462	D	0.03713	0.0162	0.94667	0
463	Y	0.03713	0.01519	0.94768	0
464	P	0.03713	0.01354	0.94933	0
465	Q	0.03713	0.00948	0.95339	0
466	N	0.03713	0.00878	0.95409	0
467	S	0.03713	0.00876	0.95411	0
468	L	0.03713	0.00873	0.95414	0
469	F	0.03713	0.00871	0.95416	0
470	D	0.03713	0.00869	0.95418	0
471	N	0.03713	0.00759	0.95529	0
472	T	0.03713	0.00497	0.95790	0
473	T	0.03713	0.00328	0.95960	0
474	V	0.03713	0.00321	0.95966	0
475	V	0.03713	0.00321	0.95966	0
476	Y	0.03722	0.00321	0.95956	0
477	I	0.05593	0.00321	0.94086	0
478	P	0.60280	0.00321	0.39399	0
479	D	0.96865	0.00321	0.02813	0
480	L	0.97851	0.00321	0.01828	0
481	N	0.98307	0.00321	0.01373	0
482	T	0.98321	0.00321	0.01359	0
483	G	0.98325	0.0032	0.01354	0
484	Y	0.98381	0.0032	0.01298	0
485	K	0.99124	0.0032	0.00556	0
486	P	0.99124	0.0032	0.00556	0
487	Q	0.99124	0.00318	0.00558	0
488	I	0.99124	0.00308	0.00568	0
489	S	0.99124	0.00308	0.00569	0
490	N	0.99124	0.00305	0.00572	0
491	F	0.99124	0.00305	0.00571	0
492	L	0.99132	0.00305	0.00563	0
493	P	0.99501	0.00305	0.00194	0
494	E	0.99678	0.00305	0.00017	0
495	G	0.99678	0.00305	0.00017	0
496	S	0.99678	0.00305	0.00017	0
497	H	0.99678	0.00305	0.00017	0
498	L	0.99678	0.00305	0.00017	0
499	S	0.99678	0.00305	0.00017	0
500	N	0.99679	0.00305	0.00017	0
501	N	0.99679	0.00305	0.00017	0
502	N	0.99679	0.00305	0.00016	0
503	E	0.99679	0.00305	0.00016	0
504	I	0.99679	0.00305	0.00016	0
505	T	0.99679	0.00305	0.00016	0
506	S	0.99679	0.00305	0.00016	0
507	L	0.99679	0.00305	0.00016	0
508	T	0.99679	0.00305	0.00016	0
509	L	0.99684	0.00305	0.00011	0
510	K	0.99695	0.00305	0.00000	0
511	P	0.99695	0.00305	0.00000	0
512	P	0.99695	0.00305	0.00000	0
513	V	0.99695	0.00305	0.00000	0
514	D	0.99695	0.00305	0.00000	0
515	S	0.99695	0.00305	0.00000	0
516	L	0.99695	0.00305	0.00000	0
517	D	0.99695	0.00305	0.00000	0
518	S	0.99695	0.00305	0.00000	0
519	G	0.99695	0.00305	0.00000	0
520	N	0.99695	0.00305	0.00000	0
521	N	0.99695	0.00304	0.00000	0
522	P	0.99695	0.00288	0.00017	0
523	R	0.99695	0.00178	0.00127	0
524	L	0.99695	0.0013	0.00175	0
525	Q	0.99695	0.00122	0.00183	0
526	K	0.99695	0.00101	0.00203	0
527	H	0.99695	0.00055	0.00250	0
528	P	0.99695	0.00017	0.00288	0
529	N	0.99695	0.00012	0.00293	0
530	F	0.99695	1e-05	0.00304	0
531	A	0.99695	0	0.00305	0
532	F	0.99695	0	0.00305	0
533	S	0.99695	0	0.00305	0
534	V	0.99695	0	0.00305	0
535	S	0.99695	0	0.00305	0
536	S	0.99695	0	0.00305	0
537	V	0.99695	0	0.00305	0
538	N	0.99695	0	0.00305	0
539	S	0.99695	0	0.00305	0
540	L	0.99695	0	0.00305	0
541	S	0.99695	0	0.00305	0
542	N	0.99696	0	0.00304	0
543	T	0.99696	0	0.00304	0
544	I	0.99705	0	0.00295	0
545	F	0.99760	0	0.00240	0
546	L	0.99806	0	0.00194	0
547	G	0.99860	0	0.00140	0
548	E	0.99987	0	0.00013	0
549	L	0.99987	0	0.00013	0
550	S	0.99987	0	0.00013	0
551	L	0.99987	0	0.00013	0
552	I	0.99987	0	0.00013	0
553	L	0.99987	0	0.00013	0
554	N	0.99999	0	0.00001	0
555	Q	1.00000	0	0.00000	0
556	G	1.00000	0	0.00000	0
557	E	1.00000	0	0.00000	0
558	C	1.00000	0	0.00000	0
559	S	1.00000	0	0.00000	0
560	S	1.00000	0	0.00000	0
561	P	1.00000	0	0.00000	0
562	D	1.00000	0	0.00000	0
563	I	1.00000	0	0.00000	0
564	Q	1.00000	0	0.00000	0
565	N	1.00000	0	0.00000	0
566	S	1.00000	0	0.00000	0
567	V	1.00000	0	0.00000	0
568	E	1.00000	0	0.00000	0
569	E	1.00000	0	0.00000	0
570	E	1.00000	0	0.00000	0
571	T	1.00000	0	0.00000	0
572	T	1.00000	0	0.00000	0
573	M	1.00000	0	0.00000	0
574	L	1.00000	0	0.00000	0
575	L	1.00000	0	0.00000	0
576	E	1.00000	0	0.00000	0
577	N	1.00000	0	0.00000	0
578	D	1.00000	0	0.00000	0
579	S	1.00000	0	0.00000	0
580	P	1.00000	0	0.00000	0
581	S	1.00000	0	0.00000	0
582	E	1.00000	0	0.00000	0
583	T	1.00000	0	0.00000	0
584	I	1.00000	0	0.00000	0
585	P	1.00000	0	0.00000	0
586	E	1.00000	0	0.00000	0
587	Q	1.00000	0	0.00000	0
588	T	1.00000	0	0.00000	0
589	L	1.00000	0	0.00000	0
590	L	1.00000	0	0.00000	0
591	P	1.00000	0	0.00000	0
592	D	1.00000	0	0.00000	0
593	E	1.00000	0	0.00000	0
594	F	1.00000	0	0.00000	0
595	V	1.00000	0	0.00000	0
596	S	1.00000	0	0.00000	0
597	C	1.00000	0	0.00000	0
598	L	1.00000	0	0.00000	0
599	G	1.00000	0	0.00000	0
600	I	1.00000	0	0.00000	0
601	V	1.00000	0	0.00000	0
602	N	1.00000	0	0.00000	0
603	E	1.00000	0	0.00000	0
604	E	1.00000	0	0.00000	0
605	L	1.00000	0	0.00000	0
606	P	1.00000	0	0.00000	0
607	S	1.00000	0	0.00000	0
608	I	1.00000	0	0.00000	0
609	N	1.00000	0	0.00000	0
610	T	1.00000	0	0.00000	0
611	Y	1.00000	0	0.00000	0
612	F	1.00000	0	0.00000	0
613	P	1.00000	0	0.00000	0
614	Q	1.00000	0	0.00000	0
615	N	1.00000	0	0.00000	0
616	I	1.00000	0	0.00000	0
617	L	1.00000	0	0.00000	0
618	E	1.00000	0	0.00000	0
619	S	1.00000	0	0.00000	0
620	H	1.00000	0	0.00000	0
621	F	1.00000	0	0.00000	0
622	N	1.00000	0	0.00000	0
623	R	1.00000	0	0.00000	0
624	I	1.00000	0	0.00000	0
625	S	1.00000	0	0.00000	0
626	L	1.00000	0	0.00000	0
627	L	1.00000	0	0.00000	0
628	E	1.00000	0	0.00000	0
629	K	1.00000	0	0.00000	0
