# UNNAMED
#pos	aa	i	o	M	S
1	M	0.00000	1	0.00000	0
2	I	0.00000	1	0.00000	0
3	L	0.00000	1	0.00000	0
4	N	0.00000	1	0.00000	0
5	S	0.00000	1	0.00000	0
6	S	0.00000	1	0.00000	0
7	T	0.00000	1	0.00000	0
8	E	0.00000	1	0.00000	0
9	D	0.00000	1	0.00000	0
10	G	0.00000	1	0.00000	0
11	I	0.00000	1	0.00000	0
12	K	0.00000	1	0.00000	0
13	R	0.00000	1	0.00000	0
14	I	0.00000	1	0.00000	0
15	Q	0.00000	1	0.00000	0
16	D	0.00000	1	0.00000	0
17	D	0.00000	1	0.00000	0
18	C	0.00000	1	0.00000	0
19	P	0.00000	1	0.00000	0
20	K	0.00000	1	0.00000	0
21	A	0.00000	1	0.00000	0
22	G	0.00000	1	0.00000	0
23	R	0.00000	1	0.00000	0
24	H	0.00000	0.99998	0.00002	0
25	N	0.00000	0.99992	0.00008	0
26	Y	0.00000	0.99811	0.00189	0
27	I	0.00000	0.99591	0.00409	0
28	F	0.00000	0.99345	0.00655	0
29	V	0.00000	0.9914	0.00860	0
30	M	0.00000	0.99058	0.00942	0
31	I	0.00000	0.78769	0.21231	0
32	P	0.00000	0.77092	0.22908	0
33	T	0.00000	0.63344	0.36656	0
34	L	0.00000	0.38275	0.61725	0
35	Y	0.00000	0.15093	0.84907	0
36	S	0.00000	0.09986	0.90014	0
37	I	0.00000	0.00209	0.99791	0
38	I	0.00000	0.00011	0.99989	0
39	F	0.00000	0	1.00000	0
40	V	0.00000	0	1.00000	0
41	V	0.00000	0	1.00000	0
42	G	0.00000	0	1.00000	0
43	I	0.00000	0	1.00000	0
44	F	0.00000	0	1.00000	0
45	G	0.00000	0	1.00000	0
46	N	0.00000	0	1.00000	0
47	S	0.00000	0	1.00000	0
48	L	0.00000	0	1.00000	0
49	V	0.00000	0	1.00000	0
50	V	0.00000	0	1.00000	0
51	I	0.00000	0	1.00000	0
52	V	0.00002	0	0.99998	0
53	I	0.00062	0	0.99938	0
54	Y	0.01187	0	0.98813	0
55	F	0.05379	0	0.94621	0
56	Y	0.34120	0	0.65880	0
57	M	0.79037	0	0.20963	0
58	K	0.99809	0	0.00191	0
59	L	0.99997	0	0.00003	0
60	K	1.00000	0	0.00000	0
61	T	1.00000	0	0.00000	0
62	V	0.99992	0	0.00008	0
63	A	0.99950	0	0.00050	0
64	S	0.99268	0	0.00732	0
65	V	0.59888	0	0.40112	0
66	F	0.00793	0	0.99207	0
67	L	0.00059	0	0.99941	0
68	L	0.00000	0	1.00000	0
69	N	0.00000	0	1.00000	0
70	L	0.00000	0	1.00000	0
71	A	0.00000	0	1.00000	0
72	L	0.00000	0	1.00000	0
73	A	0.00000	0	1.00000	0
74	D	0.00000	0	1.00000	0
75	L	0.00000	0	1.00000	0
76	C	0.00000	0	1.00000	0
77	F	0.00000	0	1.00000	0
78	L	0.00000	0	1.00000	0
79	L	0.00000	0	1.00000	0
80	T	0.00000	0	1.00000	0
81	L	0.00000	0	1.00000	0
82	P	0.00000	0	1.00000	0
83	L	0.00000	4e-05	0.99996	0
84	W	0.00000	0.00212	0.99788	0
85	A	0.00000	0.03222	0.96778	0
86	V	0.00000	0.16313	0.83687	0
87	Y	0.00000	0.99942	0.00058	0
88	T	0.00000	0.99974	0.00026	0
89	A	0.00000	0.99992	0.00008	0
90	M	0.00000	0.99993	0.00007	0
91	E	0.00000	1	0.00000	0
92	Y	0.00000	1	0.00000	0
93	R	0.00000	1	0.00000	0
94	W	0.00000	1	0.00000	0
95	P	0.00000	1	0.00000	0
96	F	0.00000	1	0.00000	0
97	G	0.00000	1	0.00000	0
98	N	0.00000	1	0.00000	0
99	Y	0.00000	0.99709	0.00291	0
100	L	0.00000	0.99236	0.00764	0
101	C	0.00000	0.99127	0.00873	0
102	K	0.00000	0.97787	0.02213	0
103	I	0.00000	0.66317	0.33683	0
104	A	0.00000	0.34191	0.65809	0
105	S	0.00000	0.28017	0.71983	0
106	A	0.00000	0.0053	0.99470	0
107	S	0.00000	0.00254	0.99746	0
108	V	0.00000	0.00046	0.99954	0
109	S	0.00000	6e-05	0.99994	0
110	F	0.00000	0	1.00000	0
111	N	0.00000	0	1.00000	0
112	L	0.00000	0	1.00000	0
113	Y	0.00000	0	1.00000	0
114	A	0.00000	0	1.00000	0
115	S	0.00000	0	1.00000	0
116	V	0.00000	0	1.00000	0
117	F	0.00000	0	1.00000	0
118	L	0.00000	0	1.00000	0
119	L	0.00000	0	1.00000	0
120	T	0.00000	0	1.00000	0
121	C	0.00000	0	1.00000	0
122	L	0.00000	0	1.00000	0
123	S	0.00001	0	0.99999	0
124	I	0.00002	0	0.99998	0
125	D	0.00010	0	0.99990	0
126	R	0.02533	0	0.97467	0
127	Y	0.53451	0	0.46549	0
128	L	0.93988	0	0.06012	0
129	A	0.99732	0	0.00268	0
130	I	1.00000	0	0.00000	0
131	V	1.00000	0	0.00000	0
132	H	1.00000	0	0.00000	0
133	P	1.00000	0	0.00000	0
134	M	1.00000	0	0.00000	0
135	K	1.00000	0	0.00000	0
136	S	1.00000	0	0.00000	0
137	R	1.00000	0	0.00000	0
138	L	1.00000	0	0.00000	0
139	R	1.00000	0	0.00000	0
140	R	0.99998	0	0.00002	0
141	T	0.99812	0	0.00188	0
142	M	0.73426	0	0.26574	0
143	L	0.26529	0	0.73471	0
144	V	0.02470	0	0.97530	0
145	A	0.01110	0	0.98890	0
146	K	0.00942	0	0.99058	0
147	V	0.00073	0	0.99927	0
148	T	0.00053	0	0.99947	0
149	C	0.00000	0	1.00000	0
150	I	0.00000	0	1.00000	0
151	I	0.00000	0	1.00000	0
152	I	0.00000	0	1.00000	0
153	W	0.00000	0	1.00000	0
154	L	0.00000	0	1.00000	0
155	L	0.00000	0	1.00000	0
156	A	0.00000	0	1.00000	0
157	G	0.00000	0	1.00000	0
158	L	0.00000	0	1.00000	0
159	A	0.00000	0	1.00000	0
160	S	0.00000	2e-05	0.99998	0
161	L	0.00000	0.0004	0.99960	0
162	P	0.00000	0.01382	0.98618	0
163	A	0.00000	0.04431	0.95569	0
164	I	0.00000	0.1528	0.84720	0
165	I	0.00000	0.3663	0.63370	0
166	H	0.00000	0.92402	0.07598	0
167	R	0.00000	0.9952	0.00480	0
168	N	0.00000	0.99872	0.00128	0
169	V	0.00000	0.9989	0.00110	0
170	F	0.00000	0.99919	0.00081	0
171	F	0.00000	0.99991	0.00009	0
172	I	0.00000	1	0.00000	0
173	E	0.00000	1	0.00000	0
174	N	0.00000	1	0.00000	0
175	T	0.00000	1	0.00000	0
176	N	0.00000	1	0.00000	0
177	I	0.00000	1	0.00000	0
178	T	0.00000	1	0.00000	0
179	V	0.00000	1	0.00000	0
180	C	0.00000	1	0.00000	0
181	A	0.00000	1	0.00000	0
182	F	0.00000	1	0.00000	0
183	H	0.00000	1	0.00000	0
184	Y	0.00000	1	0.00000	0
185	E	0.00000	1	0.00000	0
186	S	0.00000	1	0.00000	0
187	Q	0.00000	0.99991	0.00009	0
188	N	0.00000	0.9999	0.00010	0
189	S	0.00000	0.99728	0.00272	0
190	T	0.00000	0.9972	0.00280	0
191	L	0.00000	0.98238	0.01762	0
192	P	0.00000	0.98229	0.01771	0
193	I	0.00000	0.97662	0.02338	0
194	G	0.00000	0.15962	0.84038	0
195	L	0.00000	0.01631	0.98369	0
196	G	0.00000	0.01526	0.98474	0
197	L	0.00000	0.01414	0.98586	0
198	T	0.00000	0.00975	0.99025	0
199	K	0.00000	0.0097	0.99030	0
200	N	0.00000	0.00899	0.99101	0
201	I	0.00000	0.00555	0.99445	0
202	L	0.00000	0	1.00000	0
203	G	0.00000	0	1.00000	0
204	F	0.00000	0	1.00000	0
205	L	0.00000	0	1.00000	0
206	F	0.00000	0	1.00000	0
207	P	0.00000	0	1.00000	0
208	F	0.00000	0	1.00000	0
209	L	0.00000	0	1.00000	0
210	I	0.00000	0	1.00000	0
211	I	0.00000	0	1.00000	0
212	L	0.00002	0	0.99998	0
213	T	0.00212	0	0.99788	0
214	S	0.00332	0	0.99668	0
215	Y	0.00361	0	0.99639	0
216	T	0.00561	0	0.99439	0
217	L	0.00646	0	0.99354	0
218	I	0.01110	0	0.98890	0
219	W	0.05274	0	0.94726	0
220	K	0.98093	0	0.01907	0
221	A	0.98476	0	0.01524	0
222	L	0.98740	0	0.01260	0
223	K	0.99851	0	0.00149	0
224	K	0.99984	0	0.00016	0
225	A	0.99994	0	0.00006	0
226	Y	0.99996	0	0.00004	0
227	E	1.00000	0	0.00000	0
228	I	1.00000	0	0.00000	0
229	Q	1.00000	0	0.00000	0
230	K	1.00000	0	0.00000	0
231	N	1.00000	0	0.00000	0
232	K	1.00000	0	0.00000	0
233	P	1.00000	0	0.00000	0
234	R	1.00000	0	0.00000	0
235	N	1.00000	0	0.00000	0
236	D	1.00000	0	0.00000	0
237	D	1.00000	0	0.00000	0
238	I	0.25125	0	0.74875	0
239	F	0.14606	0	0.85394	0
240	K	0.14255	0	0.85745	0
241	I	0.00059	0	0.99941	0
242	I	0.00030	0	0.99970	0
243	M	0.00007	0	0.99993	0
244	A	0.00003	0	0.99997	0
245	I	0.00001	0	0.99999	0
246	V	0.00001	0	0.99999	0
247	L	0.00000	0	1.00000	0
248	F	0.00000	0	1.00000	0
249	F	0.00000	0	1.00000	0
250	F	0.00000	0	1.00000	0
251	F	0.00000	0	1.00000	0
252	S	0.00000	0	1.00000	0
253	W	0.00000	0	1.00000	0
254	I	0.00000	0	1.00000	0
255	P	0.00000	0	1.00000	0
256	H	0.00000	1e-05	0.99999	0
257	Q	0.00000	0.0002	0.99980	0
258	I	0.00000	0.00078	0.99922	0
259	F	0.00000	0.01104	0.98896	0
260	T	0.00000	0.15666	0.84334	0
261	F	0.00000	0.45901	0.54099	0
262	L	0.00000	0.60984	0.39016	0
263	D	0.00000	0.95577	0.04423	0
264	V	0.00000	0.95669	0.04331	0
265	L	0.00000	0.95856	0.04144	0
266	I	0.00000	0.96522	0.03478	0
267	Q	0.00000	0.97946	0.02054	0
268	L	0.00000	0.98078	0.01922	0
269	G	0.00000	0.99105	0.00895	0
270	I	0.00000	0.99286	0.00714	0
271	I	0.00000	0.99556	0.00444	0
272	R	0.00000	0.99996	0.00004	0
273	D	0.00000	1	0.00000	0
274	C	0.00000	1	0.00000	0
275	R	0.00000	0.99999	0.00001	0
276	I	0.00000	0.99973	0.00027	0
277	A	0.00000	0.99958	0.00042	0
278	D	0.00000	0.99918	0.00082	0
279	I	0.00000	0.97937	0.02063	0
280	V	0.00000	0.92403	0.07597	0
281	D	0.00000	0.91988	0.08012	0
282	T	0.00000	0.73194	0.26806	0
283	A	0.00000	0.30758	0.69242	0
284	M	0.00000	0.0229	0.97710	0
285	P	0.00000	0.01733	0.98267	0
286	I	0.00000	0.00072	0.99928	0
287	T	0.00000	8e-05	0.99992	0
288	I	0.00000	0	1.00000	0
289	C	0.00000	0	1.00000	0
290	I	0.00000	0	1.00000	0
291	A	0.00000	0	1.00000	0
292	Y	0.00000	0	1.00000	0
293	F	0.00000	0	1.00000	0
294	N	0.00000	0	1.00000	0
295	N	0.00000	0	1.00000	0
296	C	0.00000	0	1.00000	0
297	L	0.00000	0	1.00000	0
298	N	0.00001	0	0.99999	0
299	P	0.00001	0	0.99999	0
300	L	0.00003	0	0.99997	0
301	F	0.00013	0	0.99987	0
302	Y	0.00066	0	0.99934	0
303	G	0.00205	0	0.99795	0
304	F	0.01976	0	0.98024	0
305	L	0.37237	0	0.62763	0
306	G	0.94246	0	0.05754	0
307	K	1.00000	0	0.00000	0
308	K	1.00000	0	0.00000	0
309	F	1.00000	0	0.00000	0
310	K	1.00000	0	0.00000	0
311	R	1.00000	0	0.00000	0
312	Y	1.00000	0	0.00000	0
313	F	1.00000	0	0.00000	0
314	L	1.00000	0	0.00000	0
315	Q	1.00000	0	0.00000	0
316	L	1.00000	0	0.00000	0
317	L	1.00000	0	0.00000	0
318	K	1.00000	0	0.00000	0
319	Y	1.00000	0	0.00000	0
320	I	1.00000	0	0.00000	0
321	P	1.00000	0	0.00000	0
322	P	1.00000	0	0.00000	0
323	K	1.00000	0	0.00000	0
324	A	1.00000	0	0.00000	0
325	K	1.00000	0	0.00000	0
326	S	1.00000	0	0.00000	0
327	H	1.00000	0	0.00000	0
328	S	1.00000	0	0.00000	0
329	N	1.00000	0	0.00000	0
330	L	1.00000	0	0.00000	0
331	S	1.00000	0	0.00000	0
332	T	1.00000	0	0.00000	0
333	K	1.00000	0	0.00000	0
334	M	1.00000	0	0.00000	0
335	S	1.00000	0	0.00000	0
336	T	1.00000	0	0.00000	0
337	L	1.00000	0	0.00000	0
338	S	1.00000	0	0.00000	0
339	Y	1.00000	0	0.00000	0
340	R	1.00000	0	0.00000	0
341	P	1.00000	0	0.00000	0
342	S	1.00000	0	0.00000	0
343	D	1.00000	0	0.00000	0
344	N	1.00000	0	0.00000	0
345	V	1.00000	0	0.00000	0
346	S	1.00000	0	0.00000	0
347	S	1.00000	0	0.00000	0
348	S	1.00000	0	0.00000	0
349	T	1.00000	0	0.00000	0
350	K	1.00000	0	0.00000	0
351	K	1.00000	0	0.00000	0
352	P	1.00000	0	0.00000	0
353	A	1.00000	0	0.00000	0
354	P	1.00000	0	0.00000	0
355	C	1.00000	0	0.00000	0
356	F	1.00000	0	0.00000	0
357	E	1.00000	0	0.00000	0
358	V	1.00000	0	0.00000	0
359	E	1.00000	0	0.00000	0
