# UNNAMED
#pos	aa	i	o	M	S
1	M	0.00000	0.9865	0.00000	0.0135
2	V	0.00000	0.9865	0.00000	0.01349
3	F	0.00000	0.9865	0.00000	0.0135
4	S	0.00000	0.9865	0.00000	0.0135
5	V	0.00000	0.9865	0.00000	0.01349
6	R	0.00000	0.9865	0.00000	0.0135
7	Q	0.00000	0.9865	0.00000	0.0135
8	C	0.00000	0.9865	0.00000	0.01349
9	G	0.00000	0.9865	0.00000	0.01349
10	H	0.00000	0.9865	0.00000	0.01349
11	V	0.00000	0.9865	0.00000	0.0135
12	G	0.00000	0.9865	0.00000	0.0135
13	R	0.00000	0.9865	0.00000	0.01349
14	T	0.00000	0.9865	0.00000	0.01349
15	E	0.00000	0.9865	0.00000	0.0135
16	E	0.00000	0.9865	0.00000	0.0135
17	V	0.00000	0.98934	0.00000	0.01066
18	L	0.00000	0.98934	0.00000	0.01066
19	L	0.00000	0.98934	0.00000	0.01065
20	T	0.00000	0.98954	0.00000	0.01045
21	F	0.00000	0.98982	0.00000	0.01017
22	K	0.00000	0.98982	0.00000	0.01018
23	I	0.00000	0.98982	0.00000	0.01017
24	F	0.00000	0.98982	0.00000	0.01018
25	L	0.00000	0.98982	0.00000	0.01018
26	V	0.00000	0.98989	0.00000	0.01011
27	I	0.00000	0.98989	0.00000	0.01011
28	I	0.00000	0.98989	0.00000	0.0101
29	C	0.00000	0.98989	0.00000	0.0101
30	L	0.00000	0.99018	0.00000	0.00981
31	H	0.00000	0.99191	0.00000	0.00809
32	V	0.00000	0.99194	0.00000	0.00806
33	V	0.00000	0.99195	0.00000	0.00805
34	L	0.00000	0.99195	0.00000	0.00806
35	V	0.00000	0.99195	0.00000	0.00806
36	T	0.00000	0.99195	0.00000	0.00806
37	S	0.00000	0.99195	0.00000	0.00805
38	L	0.00000	0.99436	0.00000	0.00564
39	E	0.00000	0.99576	0.00000	0.00424
40	E	0.00000	0.99648	0.00000	0.00352
41	D	0.00000	0.99997	0.00000	3e-05
42	T	0.00000	0.99997	0.00000	3e-05
43	D	0.00000	0.99997	0.00000	3e-05
44	N	0.00000	0.99997	0.00000	3e-05
45	S	0.00000	0.99997	0.00000	2e-05
46	S	0.00000	0.99998	0.00000	2e-05
47	L	0.00000	1	0.00000	0
48	S	0.00000	1	0.00000	0
49	P	0.00000	1	0.00000	0
50	P	0.00000	1	0.00000	0
51	P	0.00000	1	0.00000	0
52	A	0.00000	1	0.00000	0
53	K	0.00000	1	0.00000	0
54	L	0.00000	1	0.00000	0
55	S	0.00000	1	0.00000	0
56	V	0.00000	1	0.00000	0
57	V	0.00000	1	0.00000	0
58	S	0.00000	1	0.00000	0
59	F	0.00000	1	0.00000	0
60	A	0.00000	1	0.00000	0
61	P	0.00000	1	0.00000	0
62	S	0.00000	1	0.00000	0
63	S	0.00000	1	0.00000	0
64	N	0.00000	1	0.00000	0
65	G	0.00000	1	0.00000	0
66	T	0.00000	1	0.00000	0
67	P	0.00000	1	0.00000	0
68	E	0.00000	1	0.00000	0
69	V	0.00000	1	0.00000	0
70	E	0.00000	1	0.00000	0
71	T	0.00000	1	0.00000	0
72	T	0.00000	1	0.00000	0
73	S	0.00000	1	0.00000	0
74	L	0.00000	1	0.00000	0
75	N	0.00000	1	0.00000	0
76	D	0.00000	1	0.00000	0
77	V	0.00000	1	0.00000	0
78	T	0.00000	1	0.00000	0
79	L	0.00000	1	0.00000	0
80	S	0.00000	1	0.00000	0
81	L	0.00000	1	0.00000	0
82	L	0.00000	1	0.00000	0
83	P	0.00000	1	0.00000	0
84	S	0.00000	1	0.00000	0
85	N	0.00000	1	0.00000	0
86	E	0.00000	1	0.00000	0
87	T	0.00000	1	0.00000	0
88	E	0.00000	1	0.00000	0
89	K	0.00000	1	0.00000	0
90	T	0.00000	1	0.00000	0
91	K	0.00000	1	0.00000	0
92	I	0.00000	1	0.00000	0
93	T	0.00000	1	0.00000	0
94	I	0.00000	1	0.00000	0
95	V	0.00000	1	0.00000	0
96	K	0.00000	1	0.00000	0
97	T	0.00000	1	0.00000	0
98	F	0.00000	1	0.00000	0
99	N	0.00000	1	0.00000	0
100	A	0.00000	1	0.00000	0
101	S	0.00000	1	0.00000	0
102	G	0.00000	1	0.00000	0
103	V	0.00000	1	0.00000	0
104	K	0.00000	1	0.00000	0
105	P	0.00000	1	0.00000	0
106	Q	0.00000	1	0.00000	0
107	R	0.00000	1	0.00000	0
108	N	0.00000	1	0.00000	0
109	I	0.00000	1	0.00000	0
110	C	0.00000	1	0.00000	0
111	N	0.00000	1	0.00000	0
112	L	0.00000	1	0.00000	0
113	S	0.00000	1	0.00000	0
114	S	0.00000	1	0.00000	0
115	I	0.00000	1	0.00000	0
116	C	0.00000	1	0.00000	0
117	N	0.00000	1	0.00000	0
118	D	0.00000	1	0.00000	0
119	S	0.00000	1	0.00000	0
120	A	0.00000	1	0.00000	0
121	F	0.00000	1	0.00000	0
122	F	0.00000	1	0.00000	0
123	R	0.00000	1	0.00000	0
124	G	0.00000	1	0.00000	0
125	E	0.00000	1	0.00000	0
126	I	0.00000	1	0.00000	0
127	M	0.00000	1	0.00000	0
128	F	0.00000	1	0.00000	0
129	Q	0.00000	1	0.00000	0
130	Y	0.00000	1	0.00000	0
131	D	0.00000	1	0.00000	0
132	K	0.00000	1	0.00000	0
133	E	0.00000	1	0.00000	0
134	S	0.00000	1	0.00000	0
135	T	0.00000	1	0.00000	0
136	V	0.00000	1	0.00000	0
137	P	0.00000	1	0.00000	0
138	Q	0.00000	1	0.00000	0
139	N	0.00000	1	0.00000	0
140	Q	0.00000	1	0.00000	0
141	H	0.00000	1	0.00000	0
142	I	0.00000	1	0.00000	0
143	T	0.00000	1	0.00000	0
144	N	0.00000	1	0.00000	0
145	G	0.00000	1	0.00000	0
146	T	0.00000	1	0.00000	0
147	L	0.00000	1	0.00000	0
148	T	0.00000	1	0.00000	0
149	G	0.00000	1	0.00000	0
150	V	0.00000	1	0.00000	0
151	L	0.00000	1	0.00000	0
152	S	0.00000	1	0.00000	0
153	L	0.00000	1	0.00000	0
154	S	0.00000	1	0.00000	0
155	E	0.00000	1	0.00000	0
156	L	0.00000	1	0.00000	0
157	K	0.00000	1	0.00000	0
158	R	0.00000	1	0.00000	0
159	S	0.00000	1	0.00000	0
160	E	0.00000	1	0.00000	0
161	L	0.00000	1	0.00000	0
162	N	0.00000	1	0.00000	0
163	K	0.00000	1	0.00000	0
164	T	0.00000	1	0.00000	0
165	L	0.00000	1	0.00000	0
166	Q	0.00000	1	0.00000	0
167	T	0.00000	1	0.00000	0
168	L	0.00000	1	0.00000	0
169	S	0.00000	1	0.00000	0
170	E	0.00000	1	0.00000	0
171	T	0.00000	1	0.00000	0
172	Y	0.00000	1	0.00000	0
173	F	0.00000	1	0.00000	0
174	I	0.00000	1	0.00000	0
175	M	0.00000	1	0.00000	0
176	C	0.00000	1	0.00000	0
177	A	0.00000	1	0.00000	0
178	T	0.00000	1	0.00000	0
179	A	0.00000	1	0.00000	0
180	E	0.00000	1	0.00000	0
181	A	0.00000	1	0.00000	0
182	Q	0.00000	1	0.00000	0
183	S	0.00000	1	0.00000	0
184	T	0.00000	1	0.00000	0
185	L	0.00000	1	0.00000	0
186	N	0.00000	1	0.00000	0
187	C	0.00000	1	0.00000	0
188	T	0.00000	1	0.00000	0
189	F	0.00000	1	0.00000	0
190	T	0.00000	1	0.00000	0
191	I	0.00000	1	0.00000	0
192	K	0.00000	1	0.00000	0
193	L	0.00000	1	0.00000	0
194	N	0.00000	1	0.00000	0
195	N	0.00000	1	0.00000	0
196	T	0.00000	1	0.00000	0
197	M	0.00000	1	0.00000	0
198	N	0.00000	1	0.00000	0
199	A	0.00000	1	0.00000	0
200	C	0.00000	1	0.00000	0
201	A	0.00000	1	0.00000	0
202	V	0.00000	1	0.00000	0
203	I	0.00000	1	0.00000	0
204	A	0.00000	1	0.00000	0
205	A	0.00000	1	0.00000	0
206	L	0.00000	1	0.00000	0
207	E	0.00000	1	0.00000	0
208	R	0.00000	1	0.00000	0
209	V	0.00000	1	0.00000	0
210	K	0.00000	1	0.00000	0
211	I	0.00000	1	0.00000	0
212	R	0.00000	1	0.00000	0
213	P	0.00000	1	0.00000	0
214	M	0.00000	1	0.00000	0
215	E	0.00000	1	0.00000	0
216	H	0.00000	1	0.00000	0
217	C	0.00000	1	0.00000	0
218	C	0.00000	1	0.00000	0
219	C	0.00000	1	0.00000	0
220	S	0.00000	1	0.00000	0
221	V	0.00000	1	0.00000	0
222	R	0.00000	1	0.00000	0
223	I	0.00000	1	0.00000	0
224	P	0.00000	1	0.00000	0
225	C	0.00000	1	0.00000	0
226	P	0.00000	1	0.00000	0
227	S	0.00000	1	0.00000	0
228	S	0.00000	1	0.00000	0
229	P	0.00000	1	0.00000	0
230	E	0.00000	1	0.00000	0
231	E	0.00000	1	0.00000	0
232	L	0.00000	1	0.00000	0
233	E	0.00000	1	0.00000	0
234	K	0.00000	1	0.00000	0
235	L	0.00000	1	0.00000	0
236	Q	0.00000	1	0.00000	0
237	C	0.00000	1	0.00000	0
238	D	0.00000	1	0.00000	0
239	L	0.00000	1	0.00000	0
240	Q	0.00000	1	0.00000	0
241	D	0.00000	1	0.00000	0
242	P	0.00000	1	0.00000	0
243	I	0.00000	1	0.00000	0
244	V	0.00000	1	0.00000	0
245	C	0.00000	1	0.00000	0
246	L	0.00000	1	0.00000	0
247	A	0.00000	1	0.00000	0
248	D	0.00000	1	0.00000	0
249	H	0.00000	1	0.00000	0
250	P	0.00000	1	0.00000	0
251	R	0.00000	1	0.00000	0
252	G	0.00000	1	0.00000	0
253	P	0.00000	1	0.00000	0
254	P	0.00000	1	0.00000	0
255	F	0.00000	1	0.00000	0
256	S	0.00000	1	0.00000	0
257	S	0.00000	1	0.00000	0
258	S	0.00000	1	0.00000	0
259	Q	0.00000	1	0.00000	0
260	S	0.00000	1	0.00000	0
261	I	0.00000	1	0.00000	0
262	P	0.00000	1	0.00000	0
263	V	0.00000	1	0.00000	0
264	V	0.00000	1	0.00000	0
265	P	0.00000	1	0.00000	0
266	R	0.00000	1	0.00000	0
267	A	0.00000	1	0.00000	0
268	T	0.00000	1	0.00000	0
269	V	0.00000	1	0.00000	0
270	L	0.00000	1	0.00000	0
271	S	0.00000	1	0.00000	0
272	Q	0.00000	1	0.00000	0
273	V	0.00000	1	0.00000	0
274	P	0.00000	1	0.00000	0
275	K	0.00000	1	0.00000	0
276	A	0.00000	1	0.00000	0
277	T	0.00000	1	0.00000	0
278	S	0.00000	1	0.00000	0
279	F	0.00000	1	0.00000	0
280	A	0.00000	1	0.00000	0
281	E	0.00000	1	0.00000	0
282	P	0.00000	1	0.00000	0
283	P	0.00000	1	0.00000	0
284	D	0.00000	1	0.00000	0
285	Y	0.00000	1	0.00000	0
286	S	0.00000	1	0.00000	0
287	P	0.00000	1	0.00000	0
288	V	0.00000	1	0.00000	0
289	T	0.00000	1	0.00000	0
290	H	0.00000	1	0.00000	0
291	N	0.00000	1	0.00000	0
292	V	0.00000	1	0.00000	0
293	P	0.00000	1	0.00000	0
294	S	0.00000	1	0.00000	0
295	P	0.00000	1	0.00000	0
296	I	0.00000	1	0.00000	0
297	G	0.00000	1	0.00000	0
298	E	0.00000	1	0.00000	0
299	I	0.00000	1	0.00000	0
300	Q	0.00000	1	0.00000	0
301	P	0.00000	1	0.00000	0
302	L	0.00000	1	0.00000	0
303	S	0.00000	1	0.00000	0
304	P	0.00000	1	0.00000	0
305	Q	0.00000	1	0.00000	0
306	P	0.00000	1	0.00000	0
307	S	0.00000	1	0.00000	0
308	A	0.00000	1	0.00000	0
309	P	0.00000	1	0.00000	0
310	I	0.00000	1	0.00000	0
311	A	0.00000	1	0.00000	0
312	S	0.00000	1	0.00000	0
313	S	0.00000	1	0.00000	0
314	P	0.00000	1	0.00000	0
315	A	0.00000	1	0.00000	0
316	I	0.00000	1	0.00000	0
317	D	0.00000	1	0.00000	0
318	M	0.00000	1	0.00000	0
319	P	0.00000	1	0.00000	0
320	P	0.00000	1	0.00000	0
321	Q	0.00000	1	0.00000	0
322	S	0.00000	1	0.00000	0
323	E	0.00000	1	0.00000	0
324	T	0.00000	1	0.00000	0
325	I	0.00000	1	0.00000	0
326	S	0.00000	1	0.00000	0
327	S	0.00000	1	0.00000	0
328	P	0.00000	1	0.00000	0
329	M	0.00000	1	0.00000	0
330	P	0.00000	1	0.00000	0
331	Q	0.00000	1	0.00000	0
332	T	0.00000	1	0.00000	0
333	H	0.00000	1	0.00000	0
334	V	0.00000	1	0.00000	0
335	S	0.00000	1	0.00000	0
336	G	0.00000	1	0.00000	0
337	T	0.00000	1	0.00000	0
338	P	0.00000	1	0.00000	0
339	P	0.00000	1	0.00000	0
340	P	0.00000	1	0.00000	0
341	V	0.00000	1	0.00000	0
342	K	0.00000	1	0.00000	0
343	A	0.00000	1	0.00000	0
344	S	0.00000	1	0.00000	0
345	F	0.00000	1	0.00000	0
346	S	0.00000	1	0.00000	0
347	S	0.00000	1	0.00000	0
348	P	0.00000	1	0.00000	0
349	T	0.00000	1	0.00000	0
350	V	0.00000	1	0.00000	0
351	S	0.00000	1	0.00000	0
352	A	0.00000	1	0.00000	0
353	P	0.00000	1	0.00000	0
354	A	0.00000	1	0.00000	0
355	N	0.00000	1	0.00000	0
356	V	0.00000	1	0.00000	0
357	N	0.00000	1	0.00000	0
358	T	0.00000	1	0.00000	0
359	T	0.00000	1	0.00000	0
360	S	0.00000	1	0.00000	0
361	A	0.00000	1	0.00000	0
362	P	0.00000	1	0.00000	0
363	P	0.00000	1	0.00000	0
364	V	0.00000	1	0.00000	0
365	Q	0.00000	1	0.00000	0
366	T	0.00000	1	0.00000	0
367	D	0.00000	1	0.00000	0
368	I	0.00000	1	0.00000	0
369	V	0.00000	1	0.00000	0
370	N	0.00000	1	0.00000	0
371	T	0.00000	1	0.00000	0
372	S	0.00000	1	0.00000	0
373	S	0.00000	1	0.00000	0
374	I	0.00000	1	0.00000	0
375	S	0.00000	1	0.00000	0
376	D	0.00000	1	0.00000	0
377	L	0.00000	1	0.00000	0
378	E	0.00000	1	0.00000	0
379	N	0.00000	1	0.00000	0
380	Q	0.00000	1	0.00000	0
381	V	0.00000	1	0.00000	0
382	L	0.00000	1	0.00000	0
383	Q	0.00000	1	0.00000	0
384	M	0.00000	1	0.00000	0
385	E	0.00000	1	0.00000	0
386	K	0.00000	1	0.00000	0
387	A	0.00000	1	0.00000	0
388	L	0.00000	1	0.00000	0
389	S	0.00000	1	0.00000	0
390	L	0.00000	1	0.00000	0
391	G	0.00000	1	0.00000	0
392	S	0.00000	1	0.00000	0
393	L	0.00000	1	0.00000	0
394	E	0.00000	1	0.00000	0
395	P	0.00000	1	0.00000	0
396	N	0.00000	1	0.00000	0
397	L	0.00000	1	0.00000	0
398	A	0.00000	1	0.00000	0
399	G	0.00000	1	0.00000	0
400	E	0.00000	1	0.00000	0
401	M	0.00000	1	0.00000	0
402	I	0.00000	1	0.00000	0
403	N	0.00000	1	0.00000	0
404	Q	0.00000	1	0.00000	0
405	V	0.00000	1	0.00000	0
406	S	0.00000	1	0.00000	0
407	R	0.00000	1	0.00000	0
408	L	0.00000	1	0.00000	0
409	L	0.00000	1	0.00000	0
410	H	0.00000	1	0.00000	0
411	S	0.00000	1	0.00000	0
412	P	0.00000	1	0.00000	0
413	P	0.00000	1	0.00000	0
414	D	0.00000	1	0.00000	0
415	M	0.00000	1	0.00000	0
416	L	0.00000	1	0.00000	0
417	A	0.00000	1	0.00000	0
418	P	0.00000	1	0.00000	0
419	L	0.00000	1	0.00000	0
420	A	0.00000	1	0.00000	0
421	Q	0.00000	1	0.00000	0
422	R	0.00000	1	0.00000	0
423	L	0.00000	1	0.00000	0
424	L	0.00000	1	0.00000	0
425	K	0.00000	1	0.00000	0
426	V	0.00000	1	0.00000	0
427	V	0.00000	1	0.00000	0
428	D	0.00000	1	0.00000	0
429	D	0.00000	1	0.00000	0
430	I	0.00000	1	0.00000	0
431	G	0.00000	1	0.00000	0
432	L	0.00000	1	0.00000	0
433	Q	0.00000	1	0.00000	0
434	L	0.00000	1	0.00000	0
435	N	0.00000	1	0.00000	0
436	F	0.00000	1	0.00000	0
437	S	0.00000	1	0.00000	0
438	N	0.00000	1	0.00000	0
439	T	0.00000	1	0.00000	0
440	T	0.00000	1	0.00000	0
441	I	0.00000	1	0.00000	0
442	S	0.00000	1	0.00000	0
443	L	0.00000	1	0.00000	0
444	T	0.00000	1	0.00000	0
445	S	0.00000	1	0.00000	0
446	P	0.00000	1	0.00000	0
447	S	0.00000	1	0.00000	0
448	L	0.00000	1	0.00000	0
449	A	0.00000	1	0.00000	0
450	L	0.00000	1	0.00000	0
451	A	0.00000	1	0.00000	0
452	V	0.00000	1	0.00000	0
453	I	0.00000	1	0.00000	0
454	R	0.00000	1	0.00000	0
455	V	0.00000	1	0.00000	0
456	N	0.00000	1	0.00000	0
457	A	0.00000	1	0.00000	0
458	S	0.00000	1	0.00000	0
459	S	0.00000	1	0.00000	0
460	F	0.00000	1	0.00000	0
461	N	0.00000	1	0.00000	0
462	T	0.00000	1	0.00000	0
463	T	0.00000	1	0.00000	0
464	T	0.00000	1	0.00000	0
465	F	0.00000	1	0.00000	0
466	V	0.00000	1	0.00000	0
467	A	0.00000	1	0.00000	0
468	Q	0.00000	1	0.00000	0
469	D	0.00000	1	0.00000	0
470	P	0.00000	1	0.00000	0
471	A	0.00000	1	0.00000	0
472	N	0.00000	1	0.00000	0
473	L	0.00000	1	0.00000	0
474	Q	0.00000	1	0.00000	0
475	V	0.00000	1	0.00000	0
476	S	0.00000	1	0.00000	0
477	L	0.00000	1	0.00000	0
478	E	0.00000	1	0.00000	0
479	T	0.00000	1	0.00000	0
480	Q	0.00000	1	0.00000	0
481	A	0.00000	1	0.00000	0
482	P	0.00000	1	0.00000	0
483	E	0.00000	1	0.00000	0
484	N	0.00000	1	0.00000	0
485	S	0.00000	1	0.00000	0
486	I	0.00000	1	0.00000	0
487	G	0.00000	1	0.00000	0
488	T	0.00000	1	0.00000	0
489	I	0.00000	1	0.00000	0
490	T	0.00000	1	0.00000	0
491	L	0.00000	1	0.00000	0
492	P	0.00000	1	0.00000	0
493	S	0.00000	1	0.00000	0
494	S	0.00000	1	0.00000	0
495	L	0.00000	1	0.00000	0
496	M	0.00000	1	0.00000	0
497	N	0.00000	1	0.00000	0
498	N	0.00000	1	0.00000	0
499	L	0.00000	1	0.00000	0
500	P	0.00000	1	0.00000	0
501	A	0.00000	1	0.00000	0
502	H	0.00000	1	0.00000	0
503	D	0.00000	1	0.00000	0
504	M	0.00000	1	0.00000	0
505	E	0.00000	1	0.00000	0
506	L	0.00000	1	0.00000	0
507	A	0.00000	1	0.00000	0
508	S	0.00000	1	0.00000	0
509	R	0.00000	1	0.00000	0
510	V	0.00000	1	0.00000	0
511	Q	0.00000	1	0.00000	0
512	F	0.00000	1	0.00000	0
513	N	0.00000	1	0.00000	0
514	F	0.00000	1	0.00000	0
515	F	0.00000	1	0.00000	0
516	E	0.00000	1	0.00000	0
517	T	0.00000	1	0.00000	0
518	P	0.00000	1	0.00000	0
519	A	0.00000	1	0.00000	0
520	L	0.00000	1	0.00000	0
521	F	0.00000	1	0.00000	0
522	Q	0.00000	1	0.00000	0
523	D	0.00000	1	0.00000	0
524	P	0.00000	1	0.00000	0
525	S	0.00000	1	0.00000	0
526	L	0.00000	1	0.00000	0
527	E	0.00000	1	0.00000	0
528	N	0.00000	1	0.00000	0
529	L	0.00000	1	0.00000	0
530	S	0.00000	1	0.00000	0
531	L	0.00000	1	0.00000	0
532	I	0.00000	1	0.00000	0
533	S	0.00000	1	0.00000	0
534	Y	0.00000	1	0.00000	0
535	V	0.00000	1	0.00000	0
536	I	0.00000	1	0.00000	0
537	S	0.00000	1	0.00000	0
538	S	0.00000	1	0.00000	0
539	S	0.00000	1	0.00000	0
540	V	0.00000	1	0.00000	0
541	A	0.00000	1	0.00000	0
542	N	0.00000	1	0.00000	0
543	L	0.00000	1	0.00000	0
544	T	0.00000	1	0.00000	0
545	V	0.00000	1	0.00000	0
546	R	0.00000	1	0.00000	0
547	N	0.00000	1	0.00000	0
548	L	0.00000	1	0.00000	0
549	T	0.00000	1	0.00000	0
550	R	0.00000	1	0.00000	0
551	N	0.00000	1	0.00000	0
552	V	0.00000	1	0.00000	0
553	T	0.00000	1	0.00000	0
554	V	0.00000	1	0.00000	0
555	T	0.00000	1	0.00000	0
556	L	0.00000	1	0.00000	0
557	K	0.00000	1	0.00000	0
558	H	0.00000	1	0.00000	0
559	I	0.00000	1	0.00000	0
560	N	0.00000	1	0.00000	0
561	P	0.00000	1	0.00000	0
562	S	0.00000	1	0.00000	0
563	Q	0.00000	1	0.00000	0
564	D	0.00000	1	0.00000	0
565	E	0.00000	1	0.00000	0
566	L	0.00000	1	0.00000	0
567	T	0.00000	1	0.00000	0
568	V	0.00000	1	0.00000	0
569	R	0.00000	1	0.00000	0
570	C	0.00000	1	0.00000	0
571	V	0.00000	1	0.00000	0
572	F	0.00000	1	0.00000	0
573	W	0.00000	1	0.00000	0
574	D	0.00000	1	0.00000	0
575	L	0.00000	1	0.00000	0
576	G	0.00000	1	0.00000	0
577	R	0.00000	1	0.00000	0
578	N	0.00000	1	0.00000	0
579	G	0.00000	1	0.00000	0
580	G	0.00000	1	0.00000	0
581	R	0.00000	1	0.00000	0
582	G	0.00000	1	0.00000	0
583	G	0.00000	1	0.00000	0
584	W	0.00000	1	0.00000	0
585	S	0.00000	1	0.00000	0
586	D	0.00000	1	0.00000	0
587	N	0.00000	1	0.00000	0
588	G	0.00000	1	0.00000	0
589	C	0.00000	1	0.00000	0
590	S	0.00000	1	0.00000	0
591	V	0.00000	1	0.00000	0
592	K	0.00000	1	0.00000	0
593	D	0.00000	1	0.00000	0
594	R	0.00000	1	0.00000	0
595	R	0.00000	1	0.00000	0
596	L	0.00000	1	0.00000	0
597	N	0.00000	1	0.00000	0
598	E	0.00000	1	0.00000	0
599	T	0.00000	1	0.00000	0
600	I	0.00000	1	0.00000	0
601	C	0.00000	1	0.00000	0
602	T	0.00000	1	0.00000	0
603	C	0.00000	1	0.00000	0
604	S	0.00000	1	0.00000	0
605	H	0.00000	1	0.00000	0
606	L	0.00000	1	0.00000	0
607	T	0.00000	1	0.00000	0
608	S	0.00000	1	0.00000	0
609	F	0.00000	1	0.00000	0
610	G	0.00000	1	0.00000	0
611	V	0.00000	1	0.00000	0
612	L	0.00000	1	0.00000	0
613	L	0.00000	1	0.00000	0
614	D	0.00000	1	0.00000	0
615	L	0.00000	1	0.00000	0
616	S	0.00000	1	0.00000	0
617	R	0.00000	1	0.00000	0
618	T	0.00000	1	0.00000	0
619	S	0.00000	1	0.00000	0
620	V	0.00000	1	0.00000	0
621	L	0.00000	1	0.00000	0
622	P	0.00000	1	0.00000	0
623	A	0.00000	1	0.00000	0
624	Q	0.00000	0.99999	0.00001	0
625	M	0.00000	0.99996	0.00004	0
626	M	0.00000	0.99965	0.00035	0
627	A	0.00000	0.99614	0.00386	0
628	L	0.00000	0.98851	0.01149	0
629	T	0.00000	0.68919	0.31081	0
630	F	0.00000	0.07238	0.92762	0
631	I	0.00000	0.00137	0.99863	0
632	T	0.00000	0.00027	0.99973	0
633	Y	0.00000	2e-05	0.99998	0
634	I	0.00000	0	1.00000	0
635	G	0.00000	0	1.00000	0
636	C	0.00000	0	1.00000	0
637	G	0.00000	0	1.00000	0
638	L	0.00000	0	1.00000	0
639	S	0.00000	0	1.00000	0
640	S	0.00000	0	1.00000	0
641	I	0.00000	0	1.00000	0
642	F	0.00000	0	1.00000	0
643	L	0.00000	0	1.00000	0
644	S	0.00000	0	1.00000	0
645	V	0.00000	0	1.00000	0
646	T	0.00000	0	1.00000	0
647	L	0.00000	0	1.00000	0
648	V	0.00000	0	1.00000	0
649	T	0.00003	0	0.99997	0
650	Y	0.00017	0	0.99983	0
651	I	0.00158	0	0.99842	0
652	A	0.06102	0	0.93898	0
653	F	0.19432	0	0.80568	0
654	E	0.95738	0	0.04262	0
655	K	0.99996	0	0.00004	0
656	I	0.99998	0	0.00002	0
657	R	1.00000	0	0.00000	0
658	R	1.00000	0	0.00000	0
659	D	1.00000	0	0.00000	0
660	Y	1.00000	0	0.00000	0
661	P	1.00000	0	0.00000	0
662	S	0.99916	0	0.00084	0
663	K	0.98520	0	0.01480	0
664	I	0.06443	0	0.93557	0
665	L	0.00138	0	0.99862	0
666	I	0.00003	0	0.99997	0
667	Q	0.00002	0	0.99998	0
668	L	0.00000	0	1.00000	0
669	C	0.00000	0	1.00000	0
670	A	0.00000	0	1.00000	0
671	A	0.00000	0	1.00000	0
672	L	0.00000	0	1.00000	0
673	L	0.00000	0	1.00000	0
674	L	0.00000	0	1.00000	0
675	L	0.00000	0	1.00000	0
676	N	0.00000	0	1.00000	0
677	L	0.00000	0	1.00000	0
678	V	0.00000	0	1.00000	0
679	F	0.00000	0	1.00000	0
680	L	0.00000	0	1.00000	0
681	L	0.00000	5e-05	0.99995	0
682	D	0.00000	0.01126	0.98874	0
683	S	0.00000	0.02054	0.97946	0
684	W	0.00000	0.02485	0.97515	0
685	I	0.00000	0.03495	0.96505	0
686	A	0.00000	0.08989	0.91011	0
687	L	0.00000	0.1592	0.84080	0
688	Y	0.00000	0.74264	0.25736	0
689	K	0.00000	0.99938	0.00062	0
690	M	0.00000	0.99995	0.00005	0
691	Q	0.00000	1	0.00000	0
692	G	0.00000	1	0.00000	0
693	L	0.00000	0.99998	0.00002	0
694	C	0.00000	0.99997	0.00003	0
695	I	0.00000	0.99913	0.00087	0
696	S	0.00000	0.99786	0.00214	0
697	V	0.00000	0.9892	0.01080	0
698	A	0.00000	0.86776	0.13224	0
699	V	0.00000	0.23585	0.76415	0
700	F	0.00000	0.01735	0.98265	0
701	L	0.00000	0.00162	0.99838	0
702	H	0.00000	0.00037	0.99963	0
703	Y	0.00000	1e-05	0.99999	0
704	F	0.00000	0	1.00000	0
705	L	0.00000	0	1.00000	0
706	L	0.00000	0	1.00000	0
707	V	0.00000	0	1.00000	0
708	S	0.00000	0	1.00000	0
709	F	0.00000	0	1.00000	0
710	T	0.00000	0	1.00000	0
711	W	0.00000	0	1.00000	0
712	M	0.00000	0	1.00000	0
713	G	0.00000	0	1.00000	0
714	L	0.00000	0	1.00000	0
715	E	0.00000	0	1.00000	0
716	A	0.00000	0	1.00000	0
717	F	0.00001	0	0.99999	0
718	H	0.00271	0	0.99729	0
719	M	0.12812	0	0.87188	0
720	Y	0.66404	0	0.33596	0
721	L	0.73267	0	0.26733	0
722	A	0.98580	0	0.01420	0
723	L	0.99870	0	0.00130	0
724	V	0.99954	0	0.00046	0
725	K	1.00000	0	0.00000	0
726	V	1.00000	0	0.00000	0
727	F	1.00000	0	0.00000	0
728	N	1.00000	0	0.00000	0
729	T	1.00000	0	0.00000	0
730	Y	1.00000	0	0.00000	0
731	I	1.00000	0	0.00000	0
732	R	1.00000	0	0.00000	0
733	K	0.99730	0	0.00270	0
734	Y	0.57913	0	0.42087	0
735	I	0.22469	0	0.77531	0
736	L	0.14854	0	0.85146	0
737	K	0.10681	0	0.89319	0
738	F	0.00285	0	0.99715	0
739	C	0.00000	0	1.00000	0
740	I	0.00000	0	1.00000	0
741	V	0.00000	0	1.00000	0
742	G	0.00000	0	1.00000	0
743	W	0.00000	0	1.00000	0
744	G	0.00000	0	1.00000	0
745	V	0.00000	0	1.00000	0
746	P	0.00000	0	1.00000	0
747	A	0.00000	0	1.00000	0
748	V	0.00000	0	1.00000	0
749	V	0.00000	0	1.00000	0
750	V	0.00000	0	1.00000	0
751	T	0.00000	0	1.00000	0
752	I	0.00000	0	1.00000	0
753	I	0.00000	0.0002	0.99980	0
754	L	0.00000	0.00996	0.99004	0
755	T	0.00000	0.17292	0.82708	0
756	I	0.00000	0.32141	0.67859	0
757	S	0.00000	0.75663	0.24337	0
758	P	0.00000	0.93249	0.06751	0
759	D	0.00000	0.99986	0.00014	0
760	N	0.00000	0.99999	0.00001	0
761	Y	0.00000	1	0.00000	0
762	G	0.00000	1	0.00000	0
763	L	0.00000	1	0.00000	0
764	G	0.00000	1	0.00000	0
765	S	0.00000	1	0.00000	0
766	Y	0.00000	1	0.00000	0
767	G	0.00000	1	0.00000	0
768	K	0.00000	1	0.00000	0
769	F	0.00000	1	0.00000	0
770	P	0.00000	1	0.00000	0
771	N	0.00000	1	0.00000	0
772	G	0.00000	1	0.00000	0
773	S	0.00000	1	0.00000	0
774	P	0.00000	1	0.00000	0
775	D	0.00000	1	0.00000	0
776	D	0.00000	1	0.00000	0
777	F	0.00000	1	0.00000	0
778	C	0.00000	1	0.00000	0
779	W	0.00000	1	0.00000	0
780	I	0.00000	0.99999	0.00001	0
781	N	0.00000	0.99998	0.00002	0
782	N	0.00000	0.99903	0.00097	0
783	N	0.00000	0.99286	0.00714	0
784	A	0.00000	0.55647	0.44353	0
785	V	0.00000	0.28511	0.71489	0
786	F	0.00000	0.16626	0.83374	0
787	Y	0.00000	0.02112	0.97888	0
788	I	0.00000	0.00549	0.99451	0
789	T	0.00000	0.00463	0.99537	0
790	V	0.00000	8e-05	0.99992	0
791	V	0.00000	1e-05	0.99999	0
792	G	0.00000	0	1.00000	0
793	Y	0.00000	0	1.00000	0
794	F	0.00000	0	1.00000	0
795	C	0.00000	0	1.00000	0
796	V	0.00000	0	1.00000	0
797	I	0.00000	0	1.00000	0
798	F	0.00000	0	1.00000	0
799	L	0.00000	0	1.00000	0
800	L	0.00000	0	1.00000	0
801	N	0.00000	0	1.00000	0
802	V	0.00000	0	1.00000	0
803	S	0.00000	0	1.00000	0
804	M	0.00000	0	1.00000	0
805	F	0.00000	0	1.00000	0
806	I	0.00003	0	0.99997	0
807	V	0.00071	0	0.99929	0
808	V	0.00517	0	0.99483	0
809	L	0.06316	0	0.93684	0
810	V	0.28617	0	0.71383	0
811	Q	0.96412	0	0.03588	0
812	L	0.97060	0	0.02940	0
813	C	0.98168	0	0.01832	0
814	R	0.99886	0	0.00114	0
815	I	0.99926	0	0.00074	0
816	K	0.99998	0	0.00002	0
817	K	1.00000	0	0.00000	0
818	K	1.00000	0	0.00000	0
819	K	1.00000	0	0.00000	0
820	Q	1.00000	0	0.00000	0
821	L	1.00000	0	0.00000	0
822	G	1.00000	0	0.00000	0
823	A	1.00000	0	0.00000	0
824	Q	1.00000	0	0.00000	0
825	R	1.00000	0	0.00000	0
826	K	1.00000	0	0.00000	0
827	T	1.00000	0	0.00000	0
828	S	1.00000	0	0.00000	0
829	I	1.00000	0	0.00000	0
830	Q	1.00000	0	0.00000	0
831	D	1.00000	0	0.00000	0
832	L	0.02491	0	0.97509	0
833	R	0.02474	0	0.97526	0
834	S	0.00186	0	0.99814	0
835	I	0.00024	0	0.99976	0
836	A	0.00023	0	0.99977	0
837	G	0.00022	0	0.99978	0
838	L	0.00000	0	1.00000	0
839	T	0.00000	0	1.00000	0
840	F	0.00000	0	1.00000	0
841	L	0.00000	0	1.00000	0
842	L	0.00000	0	1.00000	0
843	G	0.00000	0	1.00000	0
844	I	0.00000	0	1.00000	0
845	T	0.00000	0	1.00000	0
846	W	0.00000	0	1.00000	0
847	G	0.00000	0	1.00000	0
848	F	0.00000	0	1.00000	0
849	A	0.00000	0	1.00000	0
850	F	0.00000	0	1.00000	0
851	F	0.00000	0.00018	0.99982	0
852	A	0.00000	0.0107	0.98930	0
853	W	0.00000	0.2477	0.75230	0
854	G	0.00000	0.77879	0.22121	0
855	P	0.00000	0.92008	0.07992	0
856	V	0.00000	0.94449	0.05551	0
857	N	0.00000	0.95512	0.04488	0
858	V	0.00000	0.6992	0.30080	0
859	T	0.00000	0.47895	0.52105	0
860	F	0.00000	0.07636	0.92364	0
861	M	0.00000	0.00561	0.99439	0
862	Y	0.00000	0.00141	0.99859	0
863	L	0.00000	2e-05	0.99998	0
864	F	0.00000	0	1.00000	0
865	A	0.00000	0	1.00000	0
866	I	0.00000	0	1.00000	0
867	F	0.00000	0	1.00000	0
868	N	0.00000	0	1.00000	0
869	T	0.00000	0	1.00000	0
870	L	0.00000	0	1.00000	0
871	Q	0.00000	0	1.00000	0
872	G	0.00000	0	1.00000	0
873	F	0.00000	0	1.00000	0
874	F	0.00000	0	1.00000	0
875	I	0.00000	0	1.00000	0
876	F	0.00000	0	1.00000	0
877	I	0.00013	0	0.99987	0
878	F	0.00276	0	0.99724	0
879	Y	0.02051	0	0.97949	0
880	C	0.06982	0	0.93018	0
881	V	0.23465	0	0.76535	0
882	A	0.92249	0	0.07751	0
883	K	1.00000	0	0.00000	0
884	E	1.00000	0	0.00000	0
885	N	1.00000	0	0.00000	0
886	V	1.00000	0	0.00000	0
887	R	1.00000	0	0.00000	0
888	K	1.00000	0	0.00000	0
889	Q	1.00000	0	0.00000	0
890	W	1.00000	0	0.00000	0
891	R	1.00000	0	0.00000	0
892	R	1.00000	0	0.00000	0
893	Y	1.00000	0	0.00000	0
894	L	1.00000	0	0.00000	0
895	C	1.00000	0	0.00000	0
896	C	1.00000	0	0.00000	0
897	G	1.00000	0	0.00000	0
898	K	1.00000	0	0.00000	0
899	L	1.00000	0	0.00000	0
900	R	1.00000	0	0.00000	0
901	L	1.00000	0	0.00000	0
902	A	1.00000	0	0.00000	0
903	E	1.00000	0	0.00000	0
904	N	1.00000	0	0.00000	0
905	S	1.00000	0	0.00000	0
906	D	1.00000	0	0.00000	0
907	W	1.00000	0	0.00000	0
908	S	1.00000	0	0.00000	0
909	K	1.00000	0	0.00000	0
910	T	1.00000	0	0.00000	0
911	A	1.00000	0	0.00000	0
912	T	1.00000	0	0.00000	0
913	N	1.00000	0	0.00000	0
914	G	1.00000	0	0.00000	0
915	L	1.00000	0	0.00000	0
916	K	1.00000	0	0.00000	0
917	K	1.00000	0	0.00000	0
918	Q	1.00000	0	0.00000	0
919	T	1.00000	0	0.00000	0
920	V	1.00000	0	0.00000	0
921	N	1.00000	0	0.00000	0
922	Q	1.00000	0	0.00000	0
923	G	1.00000	0	0.00000	0
924	V	1.00000	0	0.00000	0
925	S	1.00000	0	0.00000	0
926	S	1.00000	0	0.00000	0
927	S	1.00000	0	0.00000	0
928	S	1.00000	0	0.00000	0
929	N	1.00000	0	0.00000	0
930	S	1.00000	0	0.00000	0
931	L	1.00000	0	0.00000	0
932	Q	1.00000	0	0.00000	0
933	S	1.00000	0	0.00000	0
934	S	1.00000	0	0.00000	0
935	S	1.00000	0	0.00000	0
936	N	1.00000	0	0.00000	0
937	S	1.00000	0	0.00000	0
938	T	1.00000	0	0.00000	0
939	N	1.00000	0	0.00000	0
940	S	1.00000	0	0.00000	0
941	T	1.00000	0	0.00000	0
942	T	1.00000	0	0.00000	0
943	L	1.00000	0	0.00000	0
944	L	1.00000	0	0.00000	0
945	V	1.00000	0	0.00000	0
946	N	1.00000	0	0.00000	0
947	N	1.00000	0	0.00000	0
948	D	1.00000	0	0.00000	0
949	C	1.00000	0	0.00000	0
950	S	1.00000	0	0.00000	0
951	V	1.00000	0	0.00000	0
952	H	1.00000	0	0.00000	0
953	A	1.00000	0	0.00000	0
954	S	1.00000	0	0.00000	0
955	G	1.00000	0	0.00000	0
956	N	1.00000	0	0.00000	0
957	G	1.00000	0	0.00000	0
958	N	1.00000	0	0.00000	0
959	A	1.00000	0	0.00000	0
960	S	1.00000	0	0.00000	0
961	T	1.00000	0	0.00000	0
962	E	1.00000	0	0.00000	0
963	R	1.00000	0	0.00000	0
964	N	1.00000	0	0.00000	0
965	G	1.00000	0	0.00000	0
966	V	1.00000	0	0.00000	0
967	S	1.00000	0	0.00000	0
968	F	1.00000	0	0.00000	0
969	S	1.00000	0	0.00000	0
970	V	1.00000	0	0.00000	0
971	Q	1.00000	0	0.00000	0
972	N	1.00000	0	0.00000	0
973	G	1.00000	0	0.00000	0
974	D	1.00000	0	0.00000	0
975	V	1.00000	0	0.00000	0
976	C	1.00000	0	0.00000	0
977	L	1.00000	0	0.00000	0
978	H	1.00000	0	0.00000	0
979	D	1.00000	0	0.00000	0
980	F	1.00000	0	0.00000	0
981	T	1.00000	0	0.00000	0
982	G	1.00000	0	0.00000	0
983	K	1.00000	0	0.00000	0
984	Q	1.00000	0	0.00000	0
985	H	1.00000	0	0.00000	0
986	M	1.00000	0	0.00000	0
987	F	1.00000	0	0.00000	0
988	N	1.00000	0	0.00000	0
989	E	1.00000	0	0.00000	0
990	K	1.00000	0	0.00000	0
991	E	1.00000	0	0.00000	0
992	D	1.00000	0	0.00000	0
993	S	1.00000	0	0.00000	0
994	C	1.00000	0	0.00000	0
995	N	1.00000	0	0.00000	0
996	G	1.00000	0	0.00000	0
997	K	1.00000	0	0.00000	0
998	G	1.00000	0	0.00000	0
999	R	1.00000	0	0.00000	0
1000	M	1.00000	0	0.00000	0
1001	A	1.00000	0	0.00000	0
1002	L	1.00000	0	0.00000	0
1003	R	1.00000	0	0.00000	0
1004	R	1.00000	0	0.00000	0
1005	T	1.00000	0	0.00000	0
1006	S	1.00000	0	0.00000	0
1007	K	1.00000	0	0.00000	0
1008	R	1.00000	0	0.00000	0
1009	G	1.00000	0	0.00000	0
1010	S	1.00000	0	0.00000	0
1011	L	1.00000	0	0.00000	0
1012	H	1.00000	0	0.00000	0
1013	F	1.00000	0	0.00000	0
1014	I	1.00000	0	0.00000	0
1015	E	1.00000	0	0.00000	0
1016	Q	1.00000	0	0.00000	0
1017	M	1.00000	0	0.00000	0
