# UNNAMED
#pos	aa	i	o	M	S
1	M	0.00000	0.00054	0.00000	0.99946
2	G	0.00000	0.00054	0.00000	0.99946
3	T	0.00000	0.00054	0.00000	0.99946
4	S	0.00000	0.00054	0.00000	0.99946
5	H	0.00000	0.00054	0.00000	0.99945
6	P	0.00000	0.00054	0.00000	0.99945
7	A	0.00000	0.00054	0.00000	0.99946
8	F	0.00000	0.00054	0.00000	0.99946
9	L	0.00000	0.00054	0.00000	0.99946
10	V	0.00000	0.00054	0.00000	0.99946
11	L	0.00000	0.00054	0.00000	0.99946
12	G	0.00000	0.00054	0.00000	0.99946
13	C	0.00000	0.00054	0.00000	0.99945
14	L	0.00000	0.00054	0.00000	0.99946
15	L	0.00000	0.00054	0.00000	0.99946
16	T	0.00000	0.00054	0.00000	0.99946
17	G	0.00000	0.00055	0.00000	0.99944
18	L	0.00000	0.00063	0.00000	0.99937
19	S	0.00000	0.0007	0.00000	0.9993
20	L	0.00000	0.00205	0.00000	0.99795
21	I	0.00000	0.0136	0.00000	0.98641
22	L	0.00000	0.01359	0.00000	0.9864
23	C	0.00000	0.01527	0.00000	0.98473
24	Q	0.00000	0.83708	0.00000	0.16292
25	L	0.00000	0.84386	0.00000	0.15613
26	S	0.00000	0.99348	0.00000	0.00651
27	L	0.00000	0.99353	0.00000	0.00647
28	P	0.00000	0.99356	0.00000	0.00645
29	S	0.00000	0.99359	0.00000	0.0064
30	I	0.00000	1	0.00000	0
31	L	0.00000	1	0.00000	0
32	P	0.00000	1	0.00000	0
33	N	0.00000	1	0.00000	0
34	E	0.00000	1	0.00000	0
35	N	0.00000	1	0.00000	0
36	E	0.00000	1	0.00000	0
37	K	0.00000	1	0.00000	0
38	V	0.00000	1	0.00000	0
39	V	0.00000	1	0.00000	0
40	Q	0.00000	1	0.00000	0
41	L	0.00000	1	0.00000	0
42	N	0.00000	1	0.00000	0
43	S	0.00000	1	0.00000	0
44	S	0.00000	1	0.00000	0
45	F	0.00000	1	0.00000	0
46	S	0.00000	1	0.00000	0
47	L	0.00000	1	0.00000	0
48	R	0.00000	1	0.00000	0
49	C	0.00000	1	0.00000	0
50	F	0.00000	1	0.00000	0
51	G	0.00000	1	0.00000	0
52	E	0.00000	1	0.00000	0
53	S	0.00000	1	0.00000	0
54	E	0.00000	1	0.00000	0
55	V	0.00000	1	0.00000	0
56	S	0.00000	1	0.00000	0
57	W	0.00000	1	0.00000	0
58	Q	0.00000	1	0.00000	0
59	Y	0.00000	1	0.00000	0
60	P	0.00000	1	0.00000	0
61	M	0.00000	1	0.00000	0
62	S	0.00000	1	0.00000	0
63	E	0.00000	1	0.00000	0
64	E	0.00000	1	0.00000	0
65	E	0.00000	1	0.00000	0
66	S	0.00000	1	0.00000	0
67	S	0.00000	1	0.00000	0
68	D	0.00000	1	0.00000	0
69	V	0.00000	1	0.00000	0
70	E	0.00000	1	0.00000	0
71	I	0.00000	1	0.00000	0
72	R	0.00000	1	0.00000	0
73	N	0.00000	1	0.00000	0
74	E	0.00000	1	0.00000	0
75	E	0.00000	1	0.00000	0
76	N	0.00000	1	0.00000	0
77	N	0.00000	1	0.00000	0
78	S	0.00000	1	0.00000	0
79	G	0.00000	1	0.00000	0
80	L	0.00000	1	0.00000	0
81	F	0.00000	1	0.00000	0
82	V	0.00000	1	0.00000	0
83	T	0.00000	1	0.00000	0
84	V	0.00000	1	0.00000	0
85	L	0.00000	1	0.00000	0
86	E	0.00000	1	0.00000	0
87	V	0.00000	1	0.00000	0
88	S	0.00000	1	0.00000	0
89	S	0.00000	1	0.00000	0
90	A	0.00000	1	0.00000	0
91	S	0.00000	1	0.00000	0
92	A	0.00000	1	0.00000	0
93	A	0.00000	1	0.00000	0
94	H	0.00000	1	0.00000	0
95	T	0.00000	1	0.00000	0
96	G	0.00000	1	0.00000	0
97	L	0.00000	1	0.00000	0
98	Y	0.00000	1	0.00000	0
99	T	0.00000	1	0.00000	0
100	C	0.00000	1	0.00000	0
101	Y	0.00000	1	0.00000	0
102	Y	0.00000	1	0.00000	0
103	N	0.00000	1	0.00000	0
104	H	0.00000	1	0.00000	0
105	T	0.00000	1	0.00000	0
106	Q	0.00000	1	0.00000	0
107	T	0.00000	1	0.00000	0
108	E	0.00000	1	0.00000	0
109	E	0.00000	1	0.00000	0
110	N	0.00000	1	0.00000	0
111	E	0.00000	1	0.00000	0
112	L	0.00000	1	0.00000	0
113	E	0.00000	1	0.00000	0
114	G	0.00000	1	0.00000	0
115	R	0.00000	1	0.00000	0
116	H	0.00000	1	0.00000	0
117	I	0.00000	1	0.00000	0
118	Y	0.00000	1	0.00000	0
119	I	0.00000	1	0.00000	0
120	Y	0.00000	1	0.00000	0
121	V	0.00000	1	0.00000	0
122	P	0.00000	1	0.00000	0
123	D	0.00000	1	0.00000	0
124	P	0.00000	1	0.00000	0
125	D	0.00000	1	0.00000	0
126	V	0.00000	1	0.00000	0
127	A	0.00000	1	0.00000	0
128	F	0.00000	1	0.00000	0
129	V	0.00000	1	0.00000	0
130	P	0.00000	1	0.00000	0
131	L	0.00000	1	0.00000	0
132	G	0.00000	1	0.00000	0
133	M	0.00000	1	0.00000	0
134	T	0.00000	1	0.00000	0
135	D	0.00000	1	0.00000	0
136	Y	0.00000	1	0.00000	0
137	L	0.00000	1	0.00000	0
138	V	0.00000	1	0.00000	0
139	I	0.00000	1	0.00000	0
140	V	0.00000	1	0.00000	0
141	E	0.00000	1	0.00000	0
142	D	0.00000	1	0.00000	0
143	D	0.00000	1	0.00000	0
144	D	0.00000	1	0.00000	0
145	S	0.00000	1	0.00000	0
146	A	0.00000	1	0.00000	0
147	I	0.00000	1	0.00000	0
148	I	0.00000	1	0.00000	0
149	P	0.00000	1	0.00000	0
150	C	0.00000	1	0.00000	0
151	R	0.00000	1	0.00000	0
152	T	0.00000	1	0.00000	0
153	T	0.00000	1	0.00000	0
154	D	0.00000	1	0.00000	0
155	P	0.00000	1	0.00000	0
156	E	0.00000	1	0.00000	0
157	T	0.00000	1	0.00000	0
158	P	0.00000	1	0.00000	0
159	V	0.00000	1	0.00000	0
160	T	0.00000	1	0.00000	0
161	L	0.00000	1	0.00000	0
162	H	0.00000	1	0.00000	0
163	N	0.00000	1	0.00000	0
164	S	0.00000	1	0.00000	0
165	E	0.00000	1	0.00000	0
166	G	0.00000	1	0.00000	0
167	V	0.00000	1	0.00000	0
168	V	0.00000	1	0.00000	0
169	P	0.00000	1	0.00000	0
170	A	0.00000	1	0.00000	0
171	S	0.00000	1	0.00000	0
172	Y	0.00000	1	0.00000	0
173	D	0.00000	1	0.00000	0
174	S	0.00000	1	0.00000	0
175	R	0.00000	1	0.00000	0
176	Q	0.00000	1	0.00000	0
177	G	0.00000	1	0.00000	0
178	F	0.00000	1	0.00000	0
179	N	0.00000	1	0.00000	0
180	G	0.00000	1	0.00000	0
181	T	0.00000	1	0.00000	0
182	F	0.00000	1	0.00000	0
183	T	0.00000	1	0.00000	0
184	V	0.00000	1	0.00000	0
185	G	0.00000	1	0.00000	0
186	P	0.00000	1	0.00000	0
187	Y	0.00000	1	0.00000	0
188	I	0.00000	1	0.00000	0
189	C	0.00000	1	0.00000	0
190	E	0.00000	1	0.00000	0
191	A	0.00000	1	0.00000	0
192	T	0.00000	1	0.00000	0
193	V	0.00000	1	0.00000	0
194	K	0.00000	1	0.00000	0
195	G	0.00000	1	0.00000	0
196	K	0.00000	1	0.00000	0
197	K	0.00000	1	0.00000	0
198	F	0.00000	1	0.00000	0
199	Q	0.00000	1	0.00000	0
200	T	0.00000	1	0.00000	0
201	I	0.00000	1	0.00000	0
202	P	0.00000	1	0.00000	0
203	F	0.00000	1	0.00000	0
204	N	0.00000	1	0.00000	0
205	V	0.00000	1	0.00000	0
206	Y	0.00000	1	0.00000	0
207	A	0.00000	1	0.00000	0
208	L	0.00000	1	0.00000	0
209	K	0.00000	1	0.00000	0
210	A	0.00000	1	0.00000	0
211	T	0.00000	1	0.00000	0
212	S	0.00000	1	0.00000	0
213	E	0.00000	1	0.00000	0
214	L	0.00000	1	0.00000	0
215	D	0.00000	1	0.00000	0
216	L	0.00000	1	0.00000	0
217	E	0.00000	1	0.00000	0
218	M	0.00000	1	0.00000	0
219	E	0.00000	1	0.00000	0
220	A	0.00000	1	0.00000	0
221	L	0.00000	1	0.00000	0
222	K	0.00000	1	0.00000	0
223	T	0.00000	1	0.00000	0
224	V	0.00000	1	0.00000	0
225	Y	0.00000	1	0.00000	0
226	K	0.00000	1	0.00000	0
227	S	0.00000	1	0.00000	0
228	G	0.00000	1	0.00000	0
229	E	0.00000	1	0.00000	0
230	T	0.00000	1	0.00000	0
231	I	0.00000	1	0.00000	0
232	V	0.00000	1	0.00000	0
233	V	0.00000	1	0.00000	0
234	T	0.00000	1	0.00000	0
235	C	0.00000	1	0.00000	0
236	A	0.00000	1	0.00000	0
237	V	0.00000	1	0.00000	0
238	F	0.00000	1	0.00000	0
239	N	0.00000	1	0.00000	0
240	N	0.00000	1	0.00000	0
241	E	0.00000	1	0.00000	0
242	V	0.00000	1	0.00000	0
243	V	0.00000	1	0.00000	0
244	D	0.00000	1	0.00000	0
245	L	0.00000	1	0.00000	0
246	Q	0.00000	1	0.00000	0
247	W	0.00000	1	0.00000	0
248	T	0.00000	1	0.00000	0
249	Y	0.00000	1	0.00000	0
250	P	0.00000	1	0.00000	0
251	G	0.00000	1	0.00000	0
252	E	0.00000	1	0.00000	0
253	V	0.00000	1	0.00000	0
254	K	0.00000	1	0.00000	0
255	G	0.00000	1	0.00000	0
256	K	0.00000	1	0.00000	0
257	G	0.00000	1	0.00000	0
258	I	0.00000	1	0.00000	0
259	T	0.00000	1	0.00000	0
260	M	0.00000	1	0.00000	0
261	L	0.00000	1	0.00000	0
262	E	0.00000	1	0.00000	0
263	E	0.00000	1	0.00000	0
264	I	0.00000	1	0.00000	0
265	K	0.00000	1	0.00000	0
266	V	0.00000	1	0.00000	0
267	P	0.00000	1	0.00000	0
268	S	0.00000	1	0.00000	0
269	I	0.00000	1	0.00000	0
270	K	0.00000	1	0.00000	0
271	L	0.00000	1	0.00000	0
272	V	0.00000	1	0.00000	0
273	Y	0.00000	1	0.00000	0
274	T	0.00000	1	0.00000	0
275	L	0.00000	1	0.00000	0
276	T	0.00000	1	0.00000	0
277	V	0.00000	1	0.00000	0
278	P	0.00000	1	0.00000	0
279	E	0.00000	1	0.00000	0
280	A	0.00000	1	0.00000	0
281	T	0.00000	1	0.00000	0
282	V	0.00000	1	0.00000	0
283	K	0.00000	1	0.00000	0
284	D	0.00000	1	0.00000	0
285	S	0.00000	1	0.00000	0
286	G	0.00000	1	0.00000	0
287	D	0.00000	1	0.00000	0
288	Y	0.00000	1	0.00000	0
289	E	0.00000	1	0.00000	0
290	C	0.00000	1	0.00000	0
291	A	0.00000	1	0.00000	0
292	A	0.00000	1	0.00000	0
293	R	0.00000	1	0.00000	0
294	Q	0.00000	1	0.00000	0
295	A	0.00000	1	0.00000	0
296	T	0.00000	1	0.00000	0
297	R	0.00000	1	0.00000	0
298	E	0.00000	1	0.00000	0
299	V	0.00000	1	0.00000	0
300	K	0.00000	1	0.00000	0
301	E	0.00000	1	0.00000	0
302	M	0.00000	1	0.00000	0
303	K	0.00000	1	0.00000	0
304	K	0.00000	1	0.00000	0
305	V	0.00000	1	0.00000	0
306	T	0.00000	1	0.00000	0
307	I	0.00000	1	0.00000	0
308	S	0.00000	1	0.00000	0
309	V	0.00000	1	0.00000	0
310	H	0.00000	1	0.00000	0
311	E	0.00000	1	0.00000	0
312	K	0.00000	1	0.00000	0
313	G	0.00000	1	0.00000	0
314	F	0.00000	1	0.00000	0
315	I	0.00000	1	0.00000	0
316	E	0.00000	1	0.00000	0
317	I	0.00000	1	0.00000	0
318	K	0.00000	1	0.00000	0
319	P	0.00000	1	0.00000	0
320	T	0.00000	1	0.00000	0
321	F	0.00000	1	0.00000	0
322	S	0.00000	1	0.00000	0
323	Q	0.00000	1	0.00000	0
324	L	0.00000	1	0.00000	0
325	E	0.00000	1	0.00000	0
326	A	0.00000	1	0.00000	0
327	V	0.00000	1	0.00000	0
328	N	0.00000	1	0.00000	0
329	L	0.00000	1	0.00000	0
330	H	0.00000	1	0.00000	0
331	E	0.00000	1	0.00000	0
332	V	0.00000	1	0.00000	0
333	K	0.00000	1	0.00000	0
334	H	0.00000	1	0.00000	0
335	F	0.00000	1	0.00000	0
336	V	0.00000	1	0.00000	0
337	V	0.00000	1	0.00000	0
338	E	0.00000	1	0.00000	0
339	V	0.00000	1	0.00000	0
340	R	0.00000	1	0.00000	0
341	A	0.00000	1	0.00000	0
342	Y	0.00000	1	0.00000	0
343	P	0.00000	1	0.00000	0
344	P	0.00000	1	0.00000	0
345	P	0.00000	1	0.00000	0
346	R	0.00000	1	0.00000	0
347	I	0.00000	1	0.00000	0
348	S	0.00000	1	0.00000	0
349	W	0.00000	1	0.00000	0
350	L	0.00000	1	0.00000	0
351	K	0.00000	1	0.00000	0
352	N	0.00000	1	0.00000	0
353	N	0.00000	1	0.00000	0
354	L	0.00000	1	0.00000	0
355	T	0.00000	1	0.00000	0
356	L	0.00000	1	0.00000	0
357	I	0.00000	1	0.00000	0
358	E	0.00000	1	0.00000	0
359	N	0.00000	1	0.00000	0
360	L	0.00000	1	0.00000	0
361	T	0.00000	1	0.00000	0
362	E	0.00000	1	0.00000	0
363	I	0.00000	1	0.00000	0
364	T	0.00000	1	0.00000	0
365	T	0.00000	1	0.00000	0
366	D	0.00000	1	0.00000	0
367	V	0.00000	1	0.00000	0
368	E	0.00000	1	0.00000	0
369	K	0.00000	1	0.00000	0
370	I	0.00000	1	0.00000	0
371	Q	0.00000	1	0.00000	0
372	E	0.00000	1	0.00000	0
373	I	0.00000	1	0.00000	0
374	R	0.00000	1	0.00000	0
375	Y	0.00000	1	0.00000	0
376	R	0.00000	1	0.00000	0
377	S	0.00000	1	0.00000	0
378	K	0.00000	1	0.00000	0
379	L	0.00000	1	0.00000	0
380	K	0.00000	1	0.00000	0
381	L	0.00000	1	0.00000	0
382	I	0.00000	1	0.00000	0
383	R	0.00000	1	0.00000	0
384	A	0.00000	1	0.00000	0
385	K	0.00000	1	0.00000	0
386	E	0.00000	1	0.00000	0
387	E	0.00000	1	0.00000	0
388	D	0.00000	1	0.00000	0
389	S	0.00000	0.99983	0.00017	0
390	G	0.00000	0.99964	0.00036	0
391	H	0.00000	0.99955	0.00045	0
392	Y	0.00000	0.99952	0.00048	0
393	T	0.00000	0.99951	0.00049	0
394	I	0.00000	0.99951	0.00049	0
395	V	0.00000	0.99951	0.00049	0
396	A	0.00000	0.99951	0.00049	0
397	Q	0.00000	0.99951	0.00049	0
398	N	0.00000	0.99951	0.00049	0
399	E	0.00000	0.99951	0.00049	0
400	D	0.00000	0.99951	0.00049	0
401	A	0.00000	0.9995	0.00050	0
402	V	0.00000	0.9995	0.00050	0
403	K	0.00000	0.9995	0.00050	0
404	S	0.00000	0.9995	0.00050	0
405	Y	0.00000	0.9995	0.00050	0
406	T	0.00000	0.9995	0.00050	0
407	F	0.00000	0.9995	0.00050	0
408	E	0.00020	0.9995	0.00030	0
409	L	0.00020	0.9995	0.00030	0
410	L	0.00037	0.9995	0.00013	0
411	T	0.00041	0.9995	0.00009	0
412	Q	0.00045	0.9995	0.00005	0
413	V	0.00046	0.99949	0.00005	0
414	P	0.00049	0.99949	0.00002	0
415	S	0.00048	0.9995	0.00003	0
416	S	0.00045	0.9995	0.00005	0
417	I	0.00040	0.9995	0.00010	0
418	L	0.00040	0.9995	0.00011	0
419	D	0.00040	0.9995	0.00011	0
420	L	0.00036	0.9995	0.00015	0
421	V	0.00016	0.9995	0.00035	0
422	D	0.00012	0.9995	0.00039	0
423	D	0.00006	0.9995	0.00044	0
424	H	0.00002	0.98584	0.01414	0
425	H	0.00001	0.97931	0.02068	0
426	G	0.00001	0.97602	0.02396	0
427	S	0.00001	0.96387	0.03613	0
428	T	0.00000	0.90188	0.09812	0
429	G	0.00000	0.8594	0.14060	0
430	G	0.00000	0.66551	0.33449	0
431	Q	0.00000	0.64748	0.35252	0
432	T	0.00000	0.6091	0.39090	0
433	V	0.00000	0.60575	0.39424	0
434	R	0.00000	0.60576	0.39424	0
435	C	0.00000	0.60577	0.39423	0
436	T	0.00000	0.60576	0.39423	0
437	A	0.00000	0.60576	0.39423	0
438	E	0.00000	0.60576	0.39423	0
439	G	0.00000	0.60576	0.39423	0
440	T	0.00000	0.60576	0.39423	0
441	P	0.00000	0.60577	0.39423	0
442	L	0.00001	0.60578	0.39421	0
443	P	0.00086	0.60588	0.39325	0
444	D	0.00249	0.60616	0.39135	0
445	I	0.00279	0.60617	0.39104	0
446	E	0.01393	0.60623	0.37985	0
447	W	0.01550	0.60623	0.37828	0
448	M	0.01901	0.60623	0.37476	0
449	I	0.02729	0.60623	0.36649	0
450	C	0.16318	0.60623	0.23059	0
451	K	0.34038	0.60623	0.05340	0
452	D	0.39354	0.60623	0.00023	0
453	I	0.39344	0.60623	0.00033	0
454	K	0.39355	0.60623	0.00022	0
455	K	0.38872	0.60623	0.00505	0
456	C	0.25493	0.60623	0.13884	0
457	N	0.22070	0.60623	0.17307	0
458	N	0.14403	0.60623	0.24975	0
459	E	0.14039	0.60623	0.25338	0
460	T	0.13562	0.60622	0.25817	0
461	S	0.12555	0.60622	0.26823	0
462	W	0.12358	0.60622	0.27021	0
463	T	0.11701	0.60622	0.27678	0
464	I	0.00164	0.60622	0.39214	0
465	L	0.00002	0.60622	0.39376	0
466	A	0.00001	0.60622	0.39377	0
467	N	0.00000	0.60622	0.39378	0
468	N	0.00000	0.60622	0.39378	0
469	V	0.00000	0.60622	0.39378	0
470	S	0.00000	0.60622	0.39378	0
471	N	0.00000	0.60622	0.39378	0
472	I	0.00000	0.60622	0.39378	0
473	I	0.00000	0.60623	0.39377	0
474	T	0.00000	0.60818	0.39182	0
475	E	0.00000	0.61478	0.38522	0
476	I	0.00000	0.62402	0.37598	0
477	H	0.00000	0.85437	0.14563	0
478	S	0.00000	0.86012	0.13987	0
479	R	0.00001	0.86437	0.13562	0
480	D	0.00001	0.87151	0.12848	0
481	R	0.00001	0.87344	0.12655	0
482	S	0.00001	0.87435	0.12564	0
483	T	0.00001	0.87951	0.12048	0
484	V	0.00001	0.90388	0.09611	0
485	E	0.00001	0.98162	0.01837	0
486	G	0.00001	0.99975	0.00024	0
487	R	0.00001	0.99992	0.00007	0
488	V	0.00000	0.99989	0.00011	0
489	T	0.00000	0.99982	0.00018	0
490	F	0.00000	0.99982	0.00018	0
491	A	0.00000	0.99982	0.00018	0
492	K	0.00000	0.99982	0.00018	0
493	V	0.00000	0.99982	0.00018	0
494	E	0.00000	0.99982	0.00018	0
495	E	0.00000	0.99982	0.00018	0
496	T	0.00000	0.61193	0.38807	0
497	I	0.00000	0.60582	0.39418	0
498	A	0.00000	0.60571	0.39429	0
499	V	0.00000	0.60571	0.39429	0
500	R	0.00000	0.60571	0.39429	0
501	C	0.00000	0.60571	0.39429	0
502	L	0.00000	0.60571	0.39429	0
503	A	0.00000	0.60571	0.39429	0
504	K	0.00000	0.60571	0.39429	0
505	N	0.00004	0.60571	0.39425	0
506	L	0.00004	0.60571	0.39425	0
507	L	0.00004	0.60571	0.39425	0
508	G	0.00006	0.60571	0.39422	0
509	A	0.00007	0.60572	0.39422	0
510	E	0.00007	0.60572	0.39421	0
511	N	0.00007	0.60572	0.39421	0
512	R	0.00007	0.60572	0.39421	0
513	E	0.00007	0.60572	0.39421	0
514	L	0.02661	0.60572	0.36767	0
515	K	0.26099	0.60572	0.13329	0
516	L	0.29127	0.60571	0.10302	0
517	V	0.39427	0.60571	0.00002	0
518	A	0.39428	0.60569	0.00003	0
519	P	0.39428	0.60568	0.00004	0
520	T	0.39428	0.60566	0.00006	0
521	L	0.39428	0.60564	0.00008	0
522	R	0.39428	0.60561	0.00011	0
523	S	0.39428	0.60362	0.00210	0
524	E	0.39428	0.5954	0.01033	0
525	L	0.39419	0.33629	0.26952	0
526	T	0.39321	0.1852	0.42159	0
527	V	0.29584	0.04549	0.65867	0
528	A	0.25504	0.01888	0.72608	0
529	A	0.16390	0.00383	0.83226	0
530	A	0.03315	0.00044	0.96641	0
531	V	0.00036	2e-05	0.99963	0
532	L	0.00002	0	0.99998	0
533	V	0.00000	0	1.00000	0
534	L	0.00000	0	1.00000	0
535	L	0.00000	0	1.00000	0
536	V	0.00000	0	1.00000	0
537	I	0.00000	0	1.00000	0
538	V	0.00000	0	1.00000	0
539	I	0.00000	0	1.00000	0
540	I	0.00000	0	1.00000	0
541	S	0.00000	0	1.00000	0
542	L	0.00000	0	1.00000	0
543	I	0.00000	0	1.00000	0
544	V	0.00001	0	0.99999	0
545	L	0.00001	0	0.99999	0
546	V	0.00006	4e-05	0.99990	0
547	V	0.00213	0.00169	0.99618	0
548	I	0.02124	0.01469	0.96407	0
549	W	0.23381	0.10376	0.66243	0
550	K	0.59420	0.38111	0.02469	0
551	Q	0.60548	0.39068	0.00384	0
552	K	0.60572	0.39421	0.00007	0
553	P	0.60572	0.39427	0.00001	0
554	R	0.60572	0.39428	0.00000	0
555	Y	0.60565	0.39428	0.00007	0
556	E	0.60563	0.39428	0.00009	0
557	I	0.60548	0.39428	0.00024	0
558	R	0.60541	0.39428	0.00031	0
559	W	0.59742	0.39428	0.00830	0
560	R	0.59480	0.39428	0.01092	0
561	V	0.04273	0.39428	0.56299	0
562	I	0.00000	0.39428	0.60572	0
563	E	0.00000	0.39428	0.60572	0
564	S	0.00000	0.39428	0.60572	0
565	I	0.00000	0.39428	0.60572	0
566	S	0.00000	0.39428	0.60572	0
567	P	0.00000	0.39428	0.60572	0
568	D	0.00000	0.39428	0.60572	0
569	G	0.00000	0.39428	0.60572	0
570	H	0.00000	0.39428	0.60572	0
571	E	0.00000	0.39428	0.60572	0
572	Y	0.00000	0.39428	0.60572	0
573	I	0.00000	0.39428	0.60572	0
574	Y	0.00000	0.39428	0.60572	0
575	V	0.00000	0.39429	0.60571	0
576	D	0.00000	0.39434	0.60566	0
577	P	0.00000	0.39436	0.60564	0
578	M	0.00000	0.39443	0.60557	0
579	Q	0.00000	0.39642	0.60358	0
580	L	0.00000	0.40169	0.59831	0
581	P	0.00000	0.43559	0.56441	0
582	Y	0.00000	0.99982	0.00018	0
583	D	0.00000	1	0.00000	0
584	S	0.00000	1	0.00000	0
585	R	0.00000	1	0.00000	0
586	W	0.00000	0.99926	0.00074	0
587	E	0.00000	0.99926	0.00074	0
588	F	0.00000	0.99926	0.00074	0
589	P	0.00000	0.99926	0.00074	0
590	R	0.00000	0.99926	0.00074	0
591	D	0.00000	0.99922	0.00078	0
592	G	0.00000	0.65426	0.34574	0
593	L	0.00000	0.53213	0.46787	0
594	V	0.00000	0.30558	0.69442	0
595	L	0.00000	0.17272	0.82728	0
596	G	0.00000	0.09329	0.90671	0
597	R	0.00000	0.0543	0.94570	0
598	V	0.00000	0.01825	0.98175	0
599	L	0.00000	0.01521	0.98479	0
600	G	0.00000	0.01477	0.98523	0
601	S	0.00000	0.01471	0.98529	0
602	G	0.00000	0.01471	0.98529	0
603	A	0.00000	0.0147	0.98530	0
604	F	0.00000	0.01469	0.98531	0
605	G	0.00000	0.01469	0.98531	0
606	K	0.00000	0.01469	0.98531	0
607	V	0.00000	0.01469	0.98531	0
608	V	0.00005	0.01469	0.98527	0
609	E	0.00066	0.01469	0.98466	0
610	G	0.00069	0.01466	0.98464	0
611	T	0.00074	0.01466	0.98460	0
612	A	0.00075	0.01466	0.98460	0
613	Y	0.00093	0.01336	0.98571	0
614	G	0.00970	0.01301	0.97729	0
615	L	0.02565	0.00856	0.96579	0
616	S	0.28697	0.00741	0.70562	0
617	R	0.40206	0.00178	0.59616	0
618	S	0.48617	0.00071	0.51312	0
619	Q	0.49652	0.00025	0.50323	0
620	P	0.98528	3e-05	0.01470	0
621	V	0.98528	0	0.01472	0
622	M	0.98529	0	0.01471	0
623	K	0.98529	0	0.01471	0
624	V	0.98529	0	0.01471	0
625	A	0.98529	0	0.01471	0
626	V	0.98530	0	0.01470	0
627	K	0.98531	0	0.01469	0
628	M	0.98531	0	0.01469	0
629	L	0.98531	0	0.01469	0
630	K	0.98531	0	0.01469	0
631	P	0.98534	0	0.01466	0
632	T	0.98532	0	0.01468	0
633	A	0.98531	0	0.01469	0
634	R	0.98529	0	0.01471	0
635	S	0.98505	0	0.01495	0
636	S	0.98441	0	0.01559	0
637	E	0.98117	0	0.01883	0
638	K	0.97009	0	0.02991	0
639	Q	0.90667	0	0.09333	0
640	A	0.63324	0	0.36676	0
641	L	0.53646	0	0.46354	0
642	M	0.45981	0	0.54019	0
643	S	0.41364	0	0.58636	0
644	E	0.40849	0	0.59151	0
645	L	0.01573	0	0.98427	0
646	K	0.01570	0	0.98430	0
647	I	0.01515	0	0.98485	0
648	M	0.01514	0	0.98486	0
649	T	0.01514	0	0.98486	0
650	H	0.01514	0	0.98486	0
651	L	0.01507	0	0.98493	0
652	G	0.01504	1e-05	0.98495	0
653	P	0.01465	3e-05	0.98532	0
654	H	0.00586	5e-05	0.99409	0
655	L	0.00132	0.00012	0.99856	0
656	N	0.00114	0.00023	0.99863	0
657	I	0.00011	0.00028	0.99961	0
658	V	0.00008	0.00249	0.99742	0
659	N	0.00008	0.08089	0.91903	0
660	L	0.00007	0.0848	0.91513	0
661	L	0.00006	0.12821	0.87173	0
662	G	0.00004	0.35457	0.64539	0
663	A	0.00000	0.42449	0.57551	0
664	C	0.00000	0.68885	0.31115	0
665	T	0.00000	0.8054	0.19460	0
666	K	0.00000	0.9759	0.02410	0
667	S	0.00000	0.95933	0.04067	0
668	G	0.00000	0.8577	0.14230	0
669	P	0.00000	0.63737	0.36263	0
670	I	0.00000	0.59569	0.40431	0
671	Y	0.00000	0.5959	0.40410	0
672	I	0.00000	0.59585	0.40415	0
673	I	0.00000	0.5963	0.40370	0
674	T	0.00000	0.60031	0.39969	0
675	E	0.00000	0.61205	0.38795	0
676	Y	0.00000	0.61281	0.38718	0
677	C	0.00000	0.61319	0.38681	0
678	F	0.00000	0.61325	0.38675	0
679	Y	0.00000	0.61367	0.38632	0
680	G	0.00000	0.61411	0.38589	0
681	D	0.00061	0.61418	0.38522	0
682	L	0.00064	0.61418	0.38518	0
683	V	0.00078	0.61418	0.38504	0
684	N	0.00085	0.6142	0.38496	0
685	Y	0.00085	0.6142	0.38495	0
686	L	0.00133	0.6142	0.38447	0
687	H	0.01557	0.61424	0.37019	0
688	K	0.38536	0.61425	0.00039	0
689	N	0.38536	0.61425	0.00039	0
690	R	0.38536	0.61425	0.00039	0
691	D	0.38536	0.61425	0.00039	0
692	S	0.38536	0.61425	0.00039	0
693	F	0.38536	0.61425	0.00039	0
694	L	0.38536	0.61425	0.00039	0
695	S	0.38536	0.61425	0.00039	0
696	H	0.38550	0.61425	0.00025	0
697	H	0.38567	0.61425	0.00008	0
698	P	0.38573	0.61425	0.00002	0
699	E	0.38575	0.61425	0.00000	0
700	K	0.38575	0.61425	0.00000	0
701	P	0.38575	0.61418	0.00007	0
702	K	0.38575	0.61395	0.00030	0
703	K	0.38575	0.61252	0.00173	0
704	E	0.38575	0.60676	0.00749	0
705	L	0.38575	0.60596	0.00830	0
706	D	0.38575	0.60588	0.00837	0
707	I	0.38575	0.60474	0.00951	0
708	F	0.38575	0.60474	0.00951	0
709	G	0.38575	0.6044	0.00985	0
710	L	0.38575	0.60434	0.00991	0
711	N	0.38575	0.60434	0.00991	0
712	P	0.38575	0.60434	0.00991	0
713	A	0.38575	0.60432	0.00993	0
714	D	0.38575	0.60428	0.00997	0
715	E	0.38575	0.60424	0.01002	0
716	S	0.38575	0.60422	0.01004	0
717	T	0.38575	0.60421	0.01004	0
718	R	0.38575	0.60421	0.01004	0
719	S	0.38575	0.60421	0.01004	0
720	Y	0.38575	0.60421	0.01004	0
721	V	0.38575	0.60415	0.01010	0
722	I	0.38575	0.60413	0.01012	0
723	L	0.38576	0.60412	0.01012	0
724	S	0.38754	0.60412	0.00834	0
725	F	0.39147	0.60412	0.00441	0
726	E	0.39421	0.60412	0.00167	0
727	N	0.39424	0.60412	0.00164	0
728	N	0.39432	0.60412	0.00156	0
729	G	0.39441	0.60412	0.00147	0
730	D	0.39495	0.60412	0.00093	0
731	Y	0.39498	0.60412	0.00091	0
732	M	0.39521	0.60412	0.00068	0
733	D	0.39563	0.60412	0.00025	0
734	M	0.39565	0.60412	0.00024	0
735	K	0.39578	0.60412	0.00010	0
736	Q	0.39579	0.60412	0.00010	0
737	A	0.39579	0.60412	0.00010	0
738	D	0.39579	0.60412	0.00010	0
739	T	0.39579	0.60412	0.00010	0
740	T	0.39579	0.60412	0.00009	0
741	Q	0.39579	0.60412	0.00009	0
742	Y	0.39579	0.60412	0.00009	0
743	V	0.39579	0.60412	0.00009	0
744	P	0.39580	0.60412	0.00008	0
745	M	0.39581	0.60412	0.00007	0
746	L	0.39582	0.60412	0.00006	0
747	E	0.39588	0.60412	0.00000	0
748	R	0.39588	0.60412	0.00000	0
749	K	0.39588	0.60412	0.00000	0
750	E	0.39588	0.60412	0.00000	0
751	V	0.39588	0.60412	0.00000	0
752	S	0.39588	0.60412	0.00000	0
753	K	0.39588	0.60412	0.00000	0
754	Y	0.39588	0.60412	0.00000	0
755	S	0.39588	0.60412	0.00000	0
756	D	0.39588	0.60412	0.00000	0
757	I	0.39588	0.60412	0.00000	0
758	Q	0.39588	0.60412	0.00000	0
759	R	0.39588	0.60412	0.00000	0
760	S	0.39588	0.60412	0.00000	0
761	L	0.39588	0.60412	0.00000	0
762	Y	0.39588	0.60412	0.00000	0
763	D	0.39588	0.60412	0.00000	0
764	R	0.39588	0.60412	0.00000	0
765	P	0.39588	0.60412	0.00000	0
766	A	0.39588	0.60412	0.00000	0
767	S	0.39588	0.60412	0.00000	0
768	Y	0.39588	0.60412	0.00000	0
769	K	0.39588	0.60412	0.00000	0
770	K	0.39588	0.60412	0.00000	0
771	K	0.39588	0.60412	0.00000	0
772	S	0.39588	0.60412	0.00000	0
773	M	0.39588	0.60412	0.00000	0
774	L	0.39588	0.60412	0.00000	0
775	D	0.39588	0.60412	0.00000	0
776	S	0.39588	0.60412	0.00000	0
777	E	0.39588	0.60411	0.00001	0
778	V	0.39588	0.60407	0.00005	0
779	K	0.39588	0.604	0.00012	0
780	N	0.39588	0.60309	0.00103	0
781	L	0.39588	0.60307	0.00105	0
782	L	0.39588	0.60307	0.00105	0
783	S	0.39588	0.60307	0.00105	0
784	D	0.39588	0.60307	0.00105	0
785	D	0.39588	0.60306	0.00105	0
786	N	0.39588	0.60295	0.00116	0
787	S	0.39588	0.60291	0.00120	0
788	E	0.39588	0.60288	0.00123	0
789	G	0.39425	0.00071	0.60504	0
790	L	0.39425	0.00064	0.60511	0
791	T	0.39425	0.00063	0.60512	0
792	L	0.39425	0.00023	0.60552	0
793	L	0.39425	0.00023	0.60552	0
794	D	0.39425	0.00023	0.60552	0
795	L	0.39425	2e-05	0.60573	0
796	L	0.39425	0	0.60575	0
797	S	0.39425	0	0.60575	0
798	F	0.39425	0	0.60575	0
799	T	0.39425	0	0.60575	0
800	Y	0.39427	0	0.60573	0
801	Q	0.39435	0	0.60565	0
802	V	0.39436	0	0.60564	0
803	A	0.39466	0	0.60534	0
804	R	0.39522	0	0.60478	0
805	G	0.39529	0	0.60471	0
806	M	0.39529	0	0.60471	0
807	E	0.39531	0	0.60469	0
808	F	0.39532	0	0.60468	0
809	L	0.40545	8e-05	0.59447	0
810	A	0.42265	0.00015	0.57720	0
811	S	0.72010	0.00114	0.27876	0
812	K	0.94838	0.00163	0.04999	0
813	N	0.96485	0.00164	0.03352	0
814	C	0.96759	0.00164	0.03077	0
815	V	0.97534	0.00164	0.02302	0
816	H	0.99131	0.00164	0.00705	0
817	R	0.99834	0.00164	0.00002	0
818	D	0.99836	0.00164	0.00001	0
819	L	0.99835	0.00164	0.00001	0
820	A	0.99835	0.00164	0.00001	0
821	A	0.99836	0.00164	0.00001	0
822	R	0.99836	0.00164	0.00001	0
823	N	0.99795	0.00164	0.00042	0
824	V	0.99493	0.00164	0.00343	0
825	L	0.99466	0.00164	0.00371	0
826	L	0.99465	0.00164	0.00371	0
827	A	0.99465	0.00164	0.00372	0
828	Q	0.99465	0.00164	0.00372	0
829	G	0.99465	0.00164	0.00372	0
830	K	0.99461	0.00164	0.00375	0
831	I	0.99447	0.00164	0.00389	0
832	V	0.99447	0.00164	0.00389	0
833	K	0.99447	0.00164	0.00389	0
834	I	0.99447	0.00164	0.00389	0
835	C	0.99447	0.00164	0.00389	0
836	D	0.99447	0.00164	0.00389	0
837	F	0.99097	0.00164	0.00739	0
838	G	0.99097	0.00164	0.00739	0
839	L	0.99097	0.00164	0.00739	0
840	A	0.99097	0.00164	0.00739	0
841	R	0.99097	0.00164	0.00738	0
842	D	0.99097	0.00167	0.00736	0
843	I	0.99097	0.00167	0.00736	0
844	M	0.99097	0.00175	0.00727	0
845	H	0.99097	0.004	0.00503	0
846	D	0.99097	0.00535	0.00367	0
847	S	0.99010	0.00535	0.00455	0
848	N	0.93138	0.00535	0.06326	0
849	Y	0.54253	0.00535	0.45212	0
850	V	0.46211	0.00536	0.53252	0
851	S	0.46095	0.00538	0.53367	0
852	K	0.46044	0.00551	0.53405	0
853	G	0.43976	0.00552	0.55473	0
854	S	0.43802	0.00552	0.55646	0
855	T	0.41761	0.00552	0.57687	0
856	F	0.39680	0.00552	0.59768	0
857	L	0.39457	0.00552	0.59990	0
858	P	0.39454	0.00574	0.59972	0
859	V	0.39429	0.0061	0.59961	0
860	K	0.39429	0.00824	0.59747	0
861	W	0.39429	0.00827	0.59744	0
862	M	0.39429	0.0083	0.59741	0
863	A	0.39429	0.00844	0.59728	0
864	P	0.39429	0.00891	0.59680	0
865	E	0.39429	0.00901	0.59670	0
866	S	0.39429	0.00901	0.59670	0
867	I	0.39429	0.00919	0.59652	0
868	F	0.39429	0.01985	0.58586	0
869	D	0.39429	0.37361	0.23210	0
870	N	0.39429	0.38199	0.22372	0
871	L	0.39429	0.38389	0.22182	0
872	Y	0.39429	0.4041	0.20161	0
873	T	0.39429	0.43627	0.16944	0
874	T	0.39429	0.45221	0.15350	0
875	L	0.39429	0.47654	0.12917	0
876	S	0.39429	0.56006	0.04565	0
877	D	0.39430	0.60506	0.00065	0
878	V	0.39430	0.60497	0.00074	0
879	W	0.39430	0.60507	0.00063	0
880	S	0.39430	0.60529	0.00041	0
881	Y	0.39430	0.60516	0.00054	0
882	G	0.39430	0.58642	0.01927	0
883	I	0.39430	0.06016	0.54554	0
884	L	0.39431	0.0063	0.59939	0
885	L	0.39431	0.00014	0.60555	0
886	W	0.39431	3e-05	0.60566	0
887	E	0.39431	0	0.60569	0
888	I	0.39431	0	0.60569	0
889	F	0.39431	0	0.60569	0
890	S	0.39431	0	0.60569	0
891	L	0.39431	0	0.60569	0
892	G	0.39431	0	0.60569	0
893	G	0.39431	0	0.60569	0
894	T	0.39431	0	0.60569	0
895	P	0.39431	0	0.60569	0
896	Y	0.39431	0	0.60569	0
897	P	0.39431	0	0.60569	0
898	G	0.39431	0	0.60569	0
899	M	0.39432	0	0.60568	0
900	M	0.39435	0	0.60565	0
901	V	0.39827	0	0.60173	0
902	D	0.47296	0	0.52704	0
903	S	0.77622	0	0.22378	0
904	T	0.89746	0	0.10254	0
905	F	0.93326	0	0.06674	0
906	Y	0.96478	0	0.03522	0
907	N	0.99022	0	0.00978	0
908	K	1.00000	0	0.00000	0
909	I	1.00000	0	0.00000	0
910	K	1.00000	0	0.00000	0
911	S	1.00000	0	0.00000	0
912	G	1.00000	0	0.00000	0
913	Y	1.00000	0	0.00000	0
914	R	1.00000	0	0.00000	0
915	M	1.00000	0	0.00000	0
916	A	1.00000	0	0.00000	0
917	K	1.00000	0	0.00000	0
918	P	1.00000	0	0.00000	0
919	D	1.00000	0	0.00000	0
920	H	1.00000	0	0.00000	0
921	A	1.00000	0	0.00000	0
922	T	1.00000	0	0.00000	0
923	S	1.00000	0	0.00000	0
924	E	1.00000	0	0.00000	0
925	V	1.00000	0	0.00000	0
926	Y	1.00000	0	0.00000	0
927	E	1.00000	0	0.00000	0
928	I	1.00000	0	0.00000	0
929	M	1.00000	0	0.00000	0
930	V	1.00000	0	0.00000	0
931	K	1.00000	0	0.00000	0
932	C	1.00000	0	0.00000	0
933	W	1.00000	0	0.00000	0
934	N	1.00000	0	0.00000	0
935	S	1.00000	0	0.00000	0
936	E	1.00000	0	0.00000	0
937	P	1.00000	0	0.00000	0
938	E	1.00000	0	0.00000	0
939	K	1.00000	0	0.00000	0
940	R	1.00000	0	0.00000	0
941	P	1.00000	0	0.00000	0
942	S	1.00000	0	0.00000	0
943	F	1.00000	0	0.00000	0
944	Y	1.00000	0	0.00000	0
945	H	1.00000	0	0.00000	0
946	L	1.00000	0	0.00000	0
947	S	1.00000	0	0.00000	0
948	E	1.00000	0	0.00000	0
949	I	1.00000	0	0.00000	0
950	V	1.00000	0	0.00000	0
951	E	1.00000	0	0.00000	0
952	N	1.00000	0	0.00000	0
953	L	1.00000	0	0.00000	0
954	L	1.00000	0	0.00000	0
955	P	1.00000	0	0.00000	0
956	G	1.00000	0	0.00000	0
957	Q	1.00000	0	0.00000	0
958	Y	1.00000	0	0.00000	0
959	K	1.00000	0	0.00000	0
960	K	1.00000	0	0.00000	0
961	S	1.00000	0	0.00000	0
962	Y	1.00000	0	0.00000	0
963	E	1.00000	0	0.00000	0
964	K	1.00000	0	0.00000	0
965	I	1.00000	0	0.00000	0
966	H	1.00000	0	0.00000	0
967	L	1.00000	0	0.00000	0
968	D	1.00000	0	0.00000	0
969	F	1.00000	0	0.00000	0
970	L	1.00000	0	0.00000	0
971	K	1.00000	0	0.00000	0
972	S	1.00000	0	0.00000	0
973	D	1.00000	0	0.00000	0
974	H	1.00000	0	0.00000	0
975	P	1.00000	0	0.00000	0
976	A	1.00000	0	0.00000	0
977	V	1.00000	0	0.00000	0
978	A	1.00000	0	0.00000	0
979	R	1.00000	0	0.00000	0
980	M	1.00000	0	0.00000	0
981	R	1.00000	0	0.00000	0
982	V	1.00000	0	0.00000	0
983	D	1.00000	0	0.00000	0
984	S	1.00000	0	0.00000	0
985	D	1.00000	0	0.00000	0
986	N	1.00000	0	0.00000	0
987	A	1.00000	0	0.00000	0
988	Y	1.00000	0	0.00000	0
989	I	1.00000	0	0.00000	0
990	G	1.00000	0	0.00000	0
991	V	1.00000	0	0.00000	0
992	T	1.00000	0	0.00000	0
993	Y	1.00000	0	0.00000	0
994	K	1.00000	0	0.00000	0
995	N	1.00000	0	0.00000	0
996	E	1.00000	0	0.00000	0
997	E	1.00000	0	0.00000	0
998	D	1.00000	0	0.00000	0
999	K	1.00000	0	0.00000	0
1000	L	1.00000	0	0.00000	0
1001	K	1.00000	0	0.00000	0
1002	D	1.00000	0	0.00000	0
1003	W	1.00000	0	0.00000	0
1004	E	1.00000	0	0.00000	0
1005	G	1.00000	0	0.00000	0
1006	G	1.00000	0	0.00000	0
1007	L	1.00000	0	0.00000	0
1008	D	1.00000	0	0.00000	0
1009	E	1.00000	0	0.00000	0
1010	Q	1.00000	0	0.00000	0
1011	R	1.00000	0	0.00000	0
1012	L	1.00000	0	0.00000	0
1013	S	1.00000	0	0.00000	0
1014	A	1.00000	0	0.00000	0
1015	D	1.00000	0	0.00000	0
1016	S	1.00000	0	0.00000	0
1017	G	1.00000	0	0.00000	0
1018	Y	1.00000	0	0.00000	0
1019	I	1.00000	0	0.00000	0
1020	I	1.00000	0	0.00000	0
1021	P	1.00000	0	0.00000	0
1022	L	1.00000	0	0.00000	0
1023	P	1.00000	0	0.00000	0
1024	D	1.00000	0	0.00000	0
1025	I	1.00000	0	0.00000	0
1026	D	1.00000	0	0.00000	0
1027	P	1.00000	0	0.00000	0
1028	V	1.00000	0	0.00000	0
1029	P	1.00000	0	0.00000	0
1030	E	1.00000	0	0.00000	0
1031	E	1.00000	0	0.00000	0
1032	E	1.00000	0	0.00000	0
1033	D	1.00000	0	0.00000	0
1034	L	1.00000	0	0.00000	0
1035	G	1.00000	0	0.00000	0
1036	K	1.00000	0	0.00000	0
1037	R	1.00000	0	0.00000	0
1038	N	1.00000	0	0.00000	0
1039	R	1.00000	0	0.00000	0
1040	H	1.00000	0	0.00000	0
1041	S	1.00000	0	0.00000	0
1042	S	1.00000	0	0.00000	0
1043	Q	1.00000	0	0.00000	0
1044	T	1.00000	0	0.00000	0
1045	S	1.00000	0	0.00000	0
1046	E	1.00000	0	0.00000	0
1047	E	1.00000	0	0.00000	0
1048	S	1.00000	0	0.00000	0
1049	A	1.00000	0	0.00000	0
1050	I	1.00000	0	0.00000	0
1051	E	1.00000	0	0.00000	0
1052	T	1.00000	0	0.00000	0
1053	G	1.00000	0	0.00000	0
1054	S	1.00000	0	0.00000	0
1055	S	1.00000	0	0.00000	0
1056	S	1.00000	0	0.00000	0
1057	S	1.00000	0	0.00000	0
1058	T	1.00000	0	0.00000	0
1059	F	1.00000	0	0.00000	0
1060	I	1.00000	0	0.00000	0
1061	K	1.00000	0	0.00000	0
1062	R	1.00000	0	0.00000	0
1063	E	1.00000	0	0.00000	0
1064	D	1.00000	0	0.00000	0
1065	E	1.00000	0	0.00000	0
1066	T	1.00000	0	0.00000	0
1067	I	1.00000	0	0.00000	0
1068	E	1.00000	0	0.00000	0
1069	D	1.00000	0	0.00000	0
1070	I	1.00000	0	0.00000	0
1071	D	1.00000	0	0.00000	0
1072	M	1.00000	0	0.00000	0
1073	M	1.00000	0	0.00000	0
1074	D	1.00000	0	0.00000	0
1075	D	1.00000	0	0.00000	0
1076	I	1.00000	0	0.00000	0
1077	G	1.00000	0	0.00000	0
1078	I	1.00000	0	0.00000	0
1079	D	1.00000	0	0.00000	0
1080	S	1.00000	0	0.00000	0
1081	S	1.00000	0	0.00000	0
1082	D	1.00000	0	0.00000	0
1083	L	1.00000	0	0.00000	0
1084	V	1.00000	0	0.00000	0
1085	E	1.00000	0	0.00000	0
1086	D	1.00000	0	0.00000	0
1087	S	1.00000	0	0.00000	0
1088	F	1.00000	0	0.00000	0
1089	L	1.00000	0	0.00000	0
