# UNNAMED
#pos	aa	i	o	M	S
1	M	0.00000	1	0.00000	0
2	D	0.00000	1	0.00000	0
3	K	0.00000	1	0.00000	0
4	E	0.00000	1	0.00000	0
5	N	0.00000	1	0.00000	0
6	S	0.00000	1	0.00000	0
7	S	0.00000	1	0.00000	0
8	M	0.00000	1	0.00000	0
9	V	0.00000	1	0.00000	0
10	T	0.00000	1	0.00000	0
11	E	0.00000	1	0.00000	0
12	F	0.00000	1	0.00000	0
13	I	0.00000	1	0.00000	0
14	F	0.00000	1	0.00000	0
15	M	0.00000	1	0.00000	0
16	G	0.00000	1	0.00000	0
17	I	0.00000	1	0.00000	0
18	T	0.00000	1	0.00000	0
19	Q	0.00000	1	0.00000	0
20	D	0.00000	1	0.00000	0
21	P	0.00000	0.99999	0.00001	0
22	Q	0.00000	0.9999	0.00010	0
23	M	0.00000	0.99837	0.00163	0
24	E	0.00000	0.98332	0.01668	0
25	I	0.00000	0.23207	0.76793	0
26	I	0.00000	0.06506	0.93494	0
27	F	0.00000	0.01581	0.98419	0
28	F	0.00000	0.00751	0.99249	0
29	V	0.00000	0.0042	0.99580	0
30	V	0.00000	0.00352	0.99648	0
31	F	0.00000	0.0001	0.99990	0
32	L	0.00000	1e-05	0.99999	0
33	I	0.00000	0	1.00000	0
34	V	0.00000	0	1.00000	0
35	Y	0.00000	0	1.00000	0
36	L	0.00000	0	1.00000	0
37	V	0.00000	0	1.00000	0
38	N	0.00000	0	1.00000	0
39	V	0.00000	0	1.00000	0
40	V	0.00000	0	1.00000	0
41	G	0.00000	0	1.00000	0
42	N	0.00000	0	1.00000	0
43	I	0.00000	0	1.00000	0
44	G	0.00000	0	1.00000	0
45	M	0.00000	0	1.00000	0
46	I	0.00000	0	1.00000	0
47	I	0.00012	0	0.99988	0
48	L	0.00991	0	0.99009	0
49	I	0.03719	0	0.96281	0
50	T	0.91814	0	0.08186	0
51	T	0.99433	0	0.00567	0
52	D	0.99998	0	0.00002	0
53	T	1.00000	0	0.00000	0
54	Q	1.00000	0	0.00000	0
55	L	1.00000	0	0.00000	0
56	H	1.00000	0	0.00000	0
57	T	1.00000	0	0.00000	0
58	P	1.00000	0	0.00000	0
59	M	0.66911	0	0.33089	0
60	Y	0.50481	0	0.49519	0
61	F	0.07025	0	0.92975	0
62	F	0.00116	0	0.99884	0
63	L	0.00008	0	0.99992	0
64	C	0.00000	0	1.00000	0
65	N	0.00000	0	1.00000	0
66	L	0.00000	0	1.00000	0
67	S	0.00000	0	1.00000	0
68	F	0.00000	0	1.00000	0
69	V	0.00000	0	1.00000	0
70	D	0.00000	0	1.00000	0
71	L	0.00000	0	1.00000	0
72	G	0.00000	0	1.00000	0
73	Y	0.00000	0	1.00000	0
74	S	0.00000	0	1.00000	0
75	S	0.00000	0	1.00000	0
76	A	0.00000	0	1.00000	0
77	I	0.00000	1e-05	0.99999	0
78	A	0.00000	0.00011	0.99989	0
79	P	0.00000	0.00058	0.99942	0
80	R	0.00000	0.00947	0.99053	0
81	M	0.00000	0.02236	0.97764	0
82	L	0.00000	0.1692	0.83080	0
83	A	0.00000	0.44756	0.55244	0
84	D	0.00000	0.99984	0.00016	0
85	F	0.00000	0.99987	0.00013	0
86	L	0.00000	0.99992	0.00008	0
87	T	0.00000	0.99998	0.00002	0
88	N	0.00000	1	0.00000	0
89	H	0.00000	1	0.00000	0
90	K	0.00000	1	0.00000	0
91	V	0.00000	1	0.00000	0
92	I	0.00000	1	0.00000	0
93	S	0.00000	1	0.00000	0
94	F	0.00000	1	0.00000	0
95	S	0.00000	1	0.00000	0
96	S	0.00000	0.99999	0.00001	0
97	C	0.00000	0.99982	0.00018	0
98	A	0.00000	0.99737	0.00263	0
99	T	0.00000	0.98964	0.01036	0
100	Q	0.00000	0.92806	0.07194	0
101	F	0.00000	0.27761	0.72239	0
102	A	0.00000	0.16764	0.83236	0
103	F	0.00000	0.08492	0.91508	0
104	F	0.00000	0.07332	0.92668	0
105	V	0.00000	0.00135	0.99865	0
106	G	0.00000	0	1.00000	0
107	F	0.00000	0	1.00000	0
108	V	0.00000	0	1.00000	0
109	D	0.00000	0	1.00000	0
110	A	0.00000	0	1.00000	0
111	E	0.00000	0	1.00000	0
112	C	0.00000	0	1.00000	0
113	Y	0.00000	0	1.00000	0
114	V	0.00000	0	1.00000	0
115	L	0.00000	0	1.00000	0
116	A	0.00000	0	1.00000	0
117	A	0.00000	0	1.00000	0
118	M	0.00000	0	1.00000	0
119	A	0.00000	0	1.00000	0
120	Y	0.00000	0	1.00000	0
121	G	0.00014	0	0.99986	0
122	R	0.00212	0	0.99788	0
123	F	0.03444	0	0.96556	0
124	V	0.89169	0	0.10831	0
125	A	0.98011	0	0.01989	0
126	I	0.98752	0	0.01248	0
127	C	1.00000	0	0.00000	0
128	R	1.00000	0	0.00000	0
129	P	1.00000	0	0.00000	0
130	L	1.00000	0	0.00000	0
131	H	1.00000	0	0.00000	0
132	Y	1.00000	0	0.00000	0
133	S	1.00000	0	0.00000	0
134	T	1.00000	0	0.00000	0
135	F	1.00000	0	0.00000	0
136	M	0.99999	0	0.00001	0
137	S	0.99996	0	0.00004	0
138	K	0.99966	0	0.00034	0
139	Q	0.98035	0	0.01965	0
140	V	0.40476	0	0.59524	0
141	C	0.00285	0	0.99715	0
142	L	0.00019	0	0.99981	0
143	A	0.00003	0	0.99997	0
144	L	0.00002	0	0.99998	0
145	M	0.00002	0	0.99998	0
146	L	0.00001	0	0.99999	0
147	G	0.00000	0	1.00000	0
148	S	0.00000	0	1.00000	0
149	Y	0.00000	0	1.00000	0
150	L	0.00000	0	1.00000	0
151	A	0.00000	0	1.00000	0
152	G	0.00000	0	1.00000	0
153	L	0.00000	0	1.00000	0
154	V	0.00000	0	1.00000	0
155	S	0.00000	0	1.00000	0
156	L	0.00000	0	1.00000	0
157	V	0.00000	0	1.00000	0
158	A	0.00000	0.00022	0.99978	0
159	H	0.00000	0.01749	0.98251	0
160	T	0.00000	0.09072	0.90928	0
161	T	0.00000	0.27251	0.72749	0
162	L	0.00000	0.40549	0.59451	0
163	T	0.00000	0.90864	0.09136	0
164	F	0.00000	0.98986	0.01014	0
165	S	0.00000	0.99845	0.00155	0
166	L	0.00000	0.99932	0.00068	0
167	S	0.00000	0.99995	0.00005	0
168	Y	0.00000	0.99999	0.00001	0
169	C	0.00000	1	0.00000	0
170	G	0.00000	1	0.00000	0
171	S	0.00000	1	0.00000	0
172	N	0.00000	1	0.00000	0
173	I	0.00000	1	0.00000	0
174	I	0.00000	1	0.00000	0
175	N	0.00000	1	0.00000	0
176	H	0.00000	1	0.00000	0
177	F	0.00000	1	0.00000	0
178	F	0.00000	1	0.00000	0
179	C	0.00000	1	0.00000	0
180	E	0.00000	1	0.00000	0
181	I	0.00000	1	0.00000	0
182	P	0.00000	1	0.00000	0
183	P	0.00000	1	0.00000	0
184	L	0.00000	1	0.00000	0
185	L	0.00000	1	0.00000	0
186	A	0.00000	1	0.00000	0
187	L	0.00000	1	0.00000	0
188	S	0.00000	1	0.00000	0
189	C	0.00000	1	0.00000	0
190	S	0.00000	1	0.00000	0
191	D	0.00000	0.99975	0.00025	0
192	T	0.00000	0.99931	0.00069	0
193	Y	0.00000	0.9987	0.00130	0
194	I	0.00000	0.99782	0.00218	0
195	S	0.00000	0.99666	0.00334	0
196	E	0.00000	0.90533	0.09467	0
197	I	0.00000	0.78524	0.21476	0
198	L	0.00000	0.20508	0.79492	0
199	L	0.00000	0.11442	0.88558	0
200	F	0.00000	0.11389	0.88611	0
201	S	0.00000	0.11378	0.88622	0
202	L	0.00000	0.00542	0.99458	0
203	C	0.00000	0.00535	0.99465	0
204	G	0.00000	0.00062	0.99938	0
205	F	0.00000	0	1.00000	0
206	I	0.00000	0	1.00000	0
207	E	0.00000	0	1.00000	0
208	F	0.00000	0	1.00000	0
209	S	0.00000	0	1.00000	0
210	T	0.00000	0	1.00000	0
211	I	0.00000	0	1.00000	0
212	L	0.00000	0	1.00000	0
213	I	0.00000	0	1.00000	0
214	I	0.00000	0	1.00000	0
215	F	0.00001	0	0.99999	0
216	I	0.00017	0	0.99983	0
217	S	0.00103	0	0.99897	0
218	Y	0.00130	0	0.99870	0
219	T	0.00427	0	0.99573	0
220	F	0.00564	0	0.99436	0
221	I	0.02197	0	0.97803	0
222	L	0.08534	0	0.91466	0
223	V	0.51757	0	0.48243	0
224	A	0.67529	0	0.32471	0
225	I	0.75831	0	0.24169	0
226	I	0.87916	0	0.12084	0
227	R	0.99856	0	0.00144	0
228	M	0.99986	0	0.00014	0
229	R	1.00000	0	0.00000	0
230	S	1.00000	0	0.00000	0
231	A	1.00000	0	0.00000	0
232	E	1.00000	0	0.00000	0
233	G	0.99956	0	0.00044	0
234	R	0.92175	0	0.07825	0
235	L	0.71111	0	0.28889	0
236	K	0.58764	0	0.41236	0
237	A	0.17928	0	0.82072	0
238	F	0.07436	0	0.92564	0
239	S	0.00340	0	0.99660	0
240	T	0.00335	0	0.99665	0
241	C	0.00141	0	0.99859	0
242	G	0.00060	0	0.99940	0
243	S	0.00060	0	0.99940	0
244	H	0.00052	0	0.99948	0
245	L	0.00044	0	0.99956	0
246	T	0.00042	0	0.99958	0
247	G	0.00010	0	0.99990	0
248	I	0.00000	0	1.00000	0
249	T	0.00000	0	1.00000	0
250	L	0.00000	0	1.00000	0
251	F	0.00000	0	1.00000	0
252	Y	0.00000	0	1.00000	0
253	G	0.00000	0	1.00000	0
254	T	0.00000	1e-05	0.99999	0
255	V	0.00000	3e-05	0.99997	0
256	M	0.00000	0.00022	0.99978	0
257	F	0.00000	0.00244	0.99756	0
258	M	0.00000	0.00769	0.99231	0
259	Y	0.00000	0.1023	0.89770	0
260	L	0.00000	0.23891	0.76109	0
261	R	0.00000	0.9721	0.02790	0
262	P	0.00000	0.99321	0.00679	0
263	T	0.00000	0.99802	0.00198	0
264	S	0.00000	0.99929	0.00071	0
265	S	0.00000	0.99944	0.00056	0
266	Y	0.00000	0.99955	0.00045	0
267	S	0.00000	0.99956	0.00044	0
268	L	0.00000	0.99959	0.00041	0
269	D	0.00000	0.99921	0.00079	0
270	Q	0.00000	0.98116	0.01884	0
271	D	0.00000	0.97269	0.02731	0
272	K	0.00000	0.67758	0.32242	0
273	W	0.00000	0.03758	0.96242	0
274	A	0.00000	0.00045	0.99955	0
275	S	0.00000	0	1.00000	0
276	V	0.00000	0	1.00000	0
277	F	0.00000	0	1.00000	0
278	Y	0.00000	0	1.00000	0
279	T	0.00000	0	1.00000	0
280	V	0.00000	0	1.00000	0
281	I	0.00000	0	1.00000	0
282	I	0.00000	0	1.00000	0
283	P	0.00000	0	1.00000	0
284	M	0.00000	0	1.00000	0
285	L	0.00000	0	1.00000	0
286	N	0.00000	0	1.00000	0
287	P	0.00000	0	1.00000	0
288	L	0.00000	0	1.00000	0
289	I	0.00001	0	0.99999	0
290	Y	0.00022	0	0.99978	0
291	S	0.00305	0	0.99695	0
292	L	0.01758	0	0.98242	0
293	R	1.00000	0	0.00000	0
294	N	1.00000	0	0.00000	0
295	K	1.00000	0	0.00000	0
296	D	1.00000	0	0.00000	0
297	V	1.00000	0	0.00000	0
298	K	1.00000	0	0.00000	0
299	A	1.00000	0	0.00000	0
300	A	1.00000	0	0.00000	0
301	F	1.00000	0	0.00000	0
302	K	1.00000	0	0.00000	0
303	K	1.00000	0	0.00000	0
304	L	1.00000	0	0.00000	0
305	I	1.00000	0	0.00000	0
306	G	1.00000	0	0.00000	0
307	K	1.00000	0	0.00000	0
308	K	1.00000	0	0.00000	0
309	S	1.00000	0	0.00000	0
310	Q	1.00000	0	0.00000	0
