# UNNAMED
#pos	aa	i	o	M	S
1	M	0.00000	5e-05	0.00000	0.99995
2	R	0.00000	5e-05	0.00000	0.99995
3	R	0.00000	5e-05	0.00000	0.99995
4	L	0.00000	5e-05	0.00000	0.99995
5	S	0.00000	5e-05	0.00000	0.99995
6	L	0.00000	5e-05	0.00000	0.99995
7	W	0.00000	5e-05	0.00000	0.99995
8	W	0.00000	5e-05	0.00000	0.99995
9	L	0.00000	5e-05	0.00000	0.99995
10	L	0.00000	5e-05	0.00000	0.99995
11	S	0.00000	5e-05	0.00000	0.99994
12	R	0.00000	5e-05	0.00000	0.99996
13	V	0.00000	5e-05	0.00000	0.99995
14	C	0.00000	5e-05	0.00000	0.99995
15	L	0.00000	5e-05	0.00000	0.99995
16	L	0.00000	0.00193	0.00000	0.99807
17	L	0.00000	0.00293	0.00000	0.99707
18	P	0.00000	0.00293	0.00000	0.99707
19	P	0.00000	0.00293	0.00000	0.99707
20	P	0.00000	0.00293	0.00000	0.99708
21	C	0.00000	0.00293	0.00000	0.99707
22	A	0.00000	0.00298	0.00000	0.99703
23	L	0.00000	0.00401	0.00000	0.996
24	V	0.00000	0.72494	0.00000	0.27506
25	L	0.00000	0.72499	0.00000	0.27501
26	A	0.00000	0.72501	0.00000	0.27499
27	G	0.00000	0.95581	0.00000	0.04419
28	V	0.00000	0.99697	0.00000	0.00303
29	P	0.00000	0.99697	0.00000	0.00303
30	S	0.00000	0.99697	0.00000	0.00303
31	S	0.00000	0.99875	0.00000	0.00125
32	S	0.00000	0.99875	0.00000	0.00125
33	S	0.00000	0.99926	0.00000	0.00075
34	H	0.00000	1	0.00000	0
35	P	0.00000	1	0.00000	0
36	Q	0.00000	1	0.00000	0
37	P	0.00000	1	0.00000	0
38	C	0.00000	1	0.00000	0
39	Q	0.00000	1	0.00000	0
40	I	0.00000	1	0.00000	0
41	L	0.00000	1	0.00000	0
42	K	0.00000	1	0.00000	0
43	R	0.00000	1	0.00000	0
44	I	0.00000	1	0.00000	0
45	G	0.00000	1	0.00000	0
46	H	0.00000	1	0.00000	0
47	A	0.00000	1	0.00000	0
48	V	0.00000	1	0.00000	0
49	R	0.00000	1	0.00000	0
50	V	0.00000	1	0.00000	0
51	G	0.00000	1	0.00000	0
52	A	0.00000	1	0.00000	0
53	V	0.00000	1	0.00000	0
54	H	0.00000	1	0.00000	0
55	L	0.00000	1	0.00000	0
56	Q	0.00000	1	0.00000	0
57	P	0.00000	1	0.00000	0
58	W	0.00000	1	0.00000	0
59	T	0.00000	1	0.00000	0
60	T	0.00000	1	0.00000	0
61	A	0.00000	1	0.00000	0
62	P	0.00000	1	0.00000	0
63	R	0.00000	1	0.00000	0
64	A	0.00000	1	0.00000	0
65	A	0.00000	1	0.00000	0
66	S	0.00000	1	0.00000	0
67	R	0.00000	1	0.00000	0
68	A	0.00000	1	0.00000	0
69	P	0.00000	1	0.00000	0
70	D	0.00000	1	0.00000	0
71	D	0.00000	1	0.00000	0
72	S	0.00000	1	0.00000	0
73	R	0.00000	1	0.00000	0
74	A	0.00000	1	0.00000	0
75	G	0.00000	1	0.00000	0
76	A	0.00000	1	0.00000	0
77	Q	0.00000	1	0.00000	0
78	R	0.00000	1	0.00000	0
79	D	0.00000	1	0.00000	0
80	E	0.00000	1	0.00000	0
81	P	0.00000	1	0.00000	0
82	E	0.00000	1	0.00000	0
83	P	0.00000	1	0.00000	0
84	G	0.00000	1	0.00000	0
85	T	0.00000	1	0.00000	0
86	R	0.00000	1	0.00000	0
87	R	0.00000	1	0.00000	0
88	S	0.00000	1	0.00000	0
89	P	0.00000	1	0.00000	0
90	A	0.00000	1	0.00000	0
91	P	0.00000	1	0.00000	0
92	S	0.00000	1	0.00000	0
93	P	0.00000	1	0.00000	0
94	G	0.00000	1	0.00000	0
95	A	0.00000	1	0.00000	0
96	R	0.00000	1	0.00000	0
97	W	0.00000	1	0.00000	0
98	L	0.00000	1	0.00000	0
99	G	0.00000	1	0.00000	0
100	S	0.00000	1	0.00000	0
101	T	0.00000	1	0.00000	0
102	L	0.00000	1	0.00000	0
103	H	0.00000	1	0.00000	0
104	G	0.00000	1	0.00000	0
105	R	0.00000	1	0.00000	0
106	G	0.00000	1	0.00000	0
107	P	0.00000	1	0.00000	0
108	P	0.00000	1	0.00000	0
109	G	0.00000	1	0.00000	0
110	S	0.00000	1	0.00000	0
111	R	0.00000	1	0.00000	0
112	K	0.00000	1	0.00000	0
113	P	0.00000	1	0.00000	0
114	G	0.00000	1	0.00000	0
115	E	0.00000	1	0.00000	0
116	G	0.00000	1	0.00000	0
117	A	0.00000	1	0.00000	0
118	R	0.00000	1	0.00000	0
119	A	0.00000	1	0.00000	0
120	E	0.00000	1	0.00000	0
121	A	0.00000	1	0.00000	0
122	L	0.00000	1	0.00000	0
123	W	0.00000	1	0.00000	0
124	P	0.00000	1	0.00000	0
125	R	0.00000	1	0.00000	0
126	D	0.00000	1	0.00000	0
127	A	0.00000	1	0.00000	0
128	L	0.00000	1	0.00000	0
129	L	0.00000	1	0.00000	0
130	F	0.00000	1	0.00000	0
131	A	0.00000	1	0.00000	0
132	V	0.00000	1	0.00000	0
133	D	0.00000	1	0.00000	0
134	N	0.00000	1	0.00000	0
135	L	0.00000	1	0.00000	0
136	N	0.00000	1	0.00000	0
137	R	0.00000	1	0.00000	0
138	V	0.00000	1	0.00000	0
139	E	0.00000	1	0.00000	0
140	G	0.00000	1	0.00000	0
141	L	0.00000	1	0.00000	0
142	L	0.00000	1	0.00000	0
143	P	0.00000	1	0.00000	0
144	Y	0.00000	1	0.00000	0
145	N	0.00000	1	0.00000	0
146	L	0.00000	1	0.00000	0
147	S	0.00000	1	0.00000	0
148	L	0.00000	1	0.00000	0
149	E	0.00000	1	0.00000	0
150	V	0.00000	1	0.00000	0
151	V	0.00000	1	0.00000	0
152	M	0.00000	1	0.00000	0
153	A	0.00000	1	0.00000	0
154	I	0.00000	1	0.00000	0
155	E	0.00000	1	0.00000	0
156	A	0.00000	1	0.00000	0
157	G	0.00000	1	0.00000	0
158	L	0.00000	1	0.00000	0
159	G	0.00000	1	0.00000	0
160	D	0.00000	1	0.00000	0
161	L	0.00000	1	0.00000	0
162	P	0.00000	1	0.00000	0
163	L	0.00000	1	0.00000	0
164	L	0.00000	1	0.00000	0
165	P	0.00000	1	0.00000	0
166	F	0.00000	1	0.00000	0
167	S	0.00000	1	0.00000	0
168	S	0.00000	1	0.00000	0
169	P	0.00000	1	0.00000	0
170	S	0.00000	1	0.00000	0
171	S	0.00000	1	0.00000	0
172	P	0.00000	1	0.00000	0
173	W	0.00000	1	0.00000	0
174	S	0.00000	1	0.00000	0
175	S	0.00000	1	0.00000	0
176	D	0.00000	1	0.00000	0
177	P	0.00000	1	0.00000	0
178	F	0.00000	1	0.00000	0
179	S	0.00000	1	0.00000	0
180	F	0.00000	1	0.00000	0
181	L	0.00000	1	0.00000	0
182	Q	0.00000	1	0.00000	0
183	S	0.00000	1	0.00000	0
184	V	0.00000	1	0.00000	0
185	C	0.00000	1	0.00000	0
186	H	0.00000	1	0.00000	0
187	T	0.00000	1	0.00000	0
188	V	0.00000	1	0.00000	0
189	V	0.00000	1	0.00000	0
190	V	0.00000	1	0.00000	0
191	Q	0.00000	1	0.00000	0
192	G	0.00000	1	0.00000	0
193	V	0.00000	1	0.00000	0
194	S	0.00000	1	0.00000	0
195	A	0.00000	1	0.00000	0
196	L	0.00000	1	0.00000	0
197	L	0.00000	1	0.00000	0
198	A	0.00000	1	0.00000	0
199	F	0.00000	1	0.00000	0
200	P	0.00000	1	0.00000	0
201	Q	0.00000	1	0.00000	0
202	S	0.00000	1	0.00000	0
203	Q	0.00000	1	0.00000	0
204	G	0.00000	1	0.00000	0
205	E	0.00000	1	0.00000	0
206	M	0.00000	1	0.00000	0
207	M	0.00000	1	0.00000	0
208	E	0.00000	1	0.00000	0
209	L	0.00000	1	0.00000	0
210	D	0.00000	1	0.00000	0
211	L	0.00000	1	0.00000	0
212	V	0.00000	1	0.00000	0
213	S	0.00000	1	0.00000	0
214	L	0.00000	1	0.00000	0
215	V	0.00000	1	0.00000	0
216	L	0.00000	1	0.00000	0
217	H	0.00000	1	0.00000	0
218	I	0.00000	1	0.00000	0
219	P	0.00000	1	0.00000	0
220	V	0.00000	1	0.00000	0
221	I	0.00000	1	0.00000	0
222	S	0.00000	1	0.00000	0
223	I	0.00000	1	0.00000	0
224	V	0.00000	1	0.00000	0
225	R	0.00000	1	0.00000	0
226	H	0.00000	1	0.00000	0
227	E	0.00000	1	0.00000	0
228	F	0.00000	1	0.00000	0
229	P	0.00000	1	0.00000	0
230	R	0.00000	1	0.00000	0
231	E	0.00000	1	0.00000	0
232	S	0.00000	1	0.00000	0
233	Q	0.00000	1	0.00000	0
234	N	0.00000	1	0.00000	0
235	P	0.00000	1	0.00000	0
236	L	0.00000	1	0.00000	0
237	H	0.00000	1	0.00000	0
238	L	0.00000	1	0.00000	0
239	Q	0.00000	1	0.00000	0
240	L	0.00000	1	0.00000	0
241	S	0.00000	1	0.00000	0
242	L	0.00000	1	0.00000	0
243	E	0.00000	1	0.00000	0
244	N	0.00000	1	0.00000	0
245	S	0.00000	1	0.00000	0
246	L	0.00000	1	0.00000	0
247	S	0.00000	1	0.00000	0
248	S	0.00000	1	0.00000	0
249	D	0.00000	1	0.00000	0
250	A	0.00000	1	0.00000	0
251	D	0.00000	1	0.00000	0
252	V	0.00000	1	0.00000	0
253	T	0.00000	1	0.00000	0
254	V	0.00000	1	0.00000	0
255	S	0.00000	1	0.00000	0
256	I	0.00000	1	0.00000	0
257	L	0.00000	1	0.00000	0
258	T	0.00000	1	0.00000	0
259	M	0.00000	1	0.00000	0
260	N	0.00000	1	0.00000	0
261	N	0.00000	1	0.00000	0
262	W	0.00000	1	0.00000	0
263	Y	0.00000	1	0.00000	0
264	N	0.00000	1	0.00000	0
265	F	0.00000	1	0.00000	0
266	S	0.00000	1	0.00000	0
267	L	0.00000	1	0.00000	0
268	L	0.00000	1	0.00000	0
269	L	0.00000	1	0.00000	0
270	C	0.00000	1	0.00000	0
271	Q	0.00000	1	0.00000	0
272	E	0.00000	1	0.00000	0
273	D	0.00000	1	0.00000	0
274	W	0.00000	1	0.00000	0
275	N	0.00000	1	0.00000	0
276	I	0.00000	1	0.00000	0
277	T	0.00000	1	0.00000	0
278	D	0.00000	1	0.00000	0
279	F	0.00000	1	0.00000	0
280	L	0.00000	1	0.00000	0
281	L	0.00000	1	0.00000	0
282	L	0.00000	1	0.00000	0
283	T	0.00000	1	0.00000	0
284	Q	0.00000	1	0.00000	0
285	N	0.00000	1	0.00000	0
286	N	0.00000	1	0.00000	0
287	S	0.00000	1	0.00000	0
288	K	0.00000	1	0.00000	0
289	F	0.00000	1	0.00000	0
290	H	0.00000	1	0.00000	0
291	L	0.00000	1	0.00000	0
292	G	0.00000	1	0.00000	0
293	S	0.00000	1	0.00000	0
294	I	0.00000	1	0.00000	0
295	I	0.00000	1	0.00000	0
296	N	0.00000	1	0.00000	0
297	I	0.00000	1	0.00000	0
298	T	0.00000	1	0.00000	0
299	A	0.00000	1	0.00000	0
300	N	0.00000	1	0.00000	0
301	L	0.00000	1	0.00000	0
302	P	0.00000	1	0.00000	0
303	S	0.00000	1	0.00000	0
304	T	0.00000	1	0.00000	0
305	Q	0.00000	1	0.00000	0
306	D	0.00000	1	0.00000	0
307	L	0.00000	1	0.00000	0
308	L	0.00000	1	0.00000	0
309	S	0.00000	1	0.00000	0
310	F	0.00000	1	0.00000	0
311	L	0.00000	1	0.00000	0
312	Q	0.00000	1	0.00000	0
313	I	0.00000	1	0.00000	0
314	Q	0.00000	1	0.00000	0
315	L	0.00000	1	0.00000	0
316	E	0.00000	1	0.00000	0
317	S	0.00000	1	0.00000	0
318	I	0.00000	1	0.00000	0
319	K	0.00000	1	0.00000	0
320	N	0.00000	1	0.00000	0
321	S	0.00000	1	0.00000	0
322	T	0.00000	1	0.00000	0
323	P	0.00000	1	0.00000	0
324	T	0.00000	1	0.00000	0
325	V	0.00000	1	0.00000	0
326	V	0.00000	1	0.00000	0
327	M	0.00000	1	0.00000	0
328	F	0.00000	1	0.00000	0
329	G	0.00000	1	0.00000	0
330	C	0.00000	1	0.00000	0
331	D	0.00000	1	0.00000	0
332	M	0.00000	1	0.00000	0
333	E	0.00000	1	0.00000	0
334	S	0.00000	1	0.00000	0
335	I	0.00000	1	0.00000	0
336	R	0.00000	1	0.00000	0
337	R	0.00000	1	0.00000	0
338	I	0.00000	1	0.00000	0
339	F	0.00000	1	0.00000	0
340	E	0.00000	1	0.00000	0
341	I	0.00000	1	0.00000	0
342	T	0.00000	1	0.00000	0
343	T	0.00000	1	0.00000	0
344	Q	0.00000	1	0.00000	0
345	F	0.00000	1	0.00000	0
346	G	0.00000	1	0.00000	0
347	V	0.00000	1	0.00000	0
348	M	0.00000	1	0.00000	0
349	P	0.00000	1	0.00000	0
350	P	0.00000	1	0.00000	0
351	E	0.00000	1	0.00000	0
352	L	0.00000	1	0.00000	0
353	R	0.00000	1	0.00000	0
354	W	0.00000	1	0.00000	0
355	V	0.00000	1	0.00000	0
356	L	0.00000	1	0.00000	0
357	G	0.00000	1	0.00000	0
358	D	0.00000	1	0.00000	0
359	S	0.00000	1	0.00000	0
360	Q	0.00000	1	0.00000	0
361	N	0.00000	1	0.00000	0
362	V	0.00000	1	0.00000	0
363	E	0.00000	1	0.00000	0
364	E	0.00000	1	0.00000	0
365	L	0.00000	1	0.00000	0
366	R	0.00000	1	0.00000	0
367	T	0.00000	1	0.00000	0
368	E	0.00000	1	0.00000	0
369	G	0.00000	1	0.00000	0
370	L	0.00000	1	0.00000	0
371	P	0.00000	1	0.00000	0
372	L	0.00000	1	0.00000	0
373	G	0.00000	1	0.00000	0
374	L	0.00000	1	0.00000	0
375	I	0.00000	1	0.00000	0
376	A	0.00000	1	0.00000	0
377	H	0.00000	1	0.00000	0
378	G	0.00000	1	0.00000	0
379	K	0.00000	1	0.00000	0
380	T	0.00000	1	0.00000	0
381	T	0.00000	1	0.00000	0
382	Q	0.00000	1	0.00000	0
383	S	0.00000	1	0.00000	0
384	V	0.00000	1	0.00000	0
385	F	0.00000	1	0.00000	0
386	E	0.00000	1	0.00000	0
387	H	0.00000	1	0.00000	0
388	Y	0.00000	1	0.00000	0
389	V	0.00000	1	0.00000	0
390	Q	0.00000	1	0.00000	0
391	D	0.00000	1	0.00000	0
392	A	0.00000	1	0.00000	0
393	M	0.00000	1	0.00000	0
394	E	0.00000	1	0.00000	0
395	L	0.00000	1	0.00000	0
396	V	0.00000	1	0.00000	0
397	A	0.00000	1	0.00000	0
398	R	0.00000	1	0.00000	0
399	A	0.00000	1	0.00000	0
400	V	0.00000	1	0.00000	0
401	A	0.00000	1	0.00000	0
402	T	0.00000	1	0.00000	0
403	A	0.00000	1	0.00000	0
404	T	0.00000	1	0.00000	0
405	M	0.00000	1	0.00000	0
406	I	0.00000	1	0.00000	0
407	Q	0.00000	1	0.00000	0
408	P	0.00000	1	0.00000	0
409	E	0.00000	1	0.00000	0
410	L	0.00000	1	0.00000	0
411	A	0.00000	1	0.00000	0
412	L	0.00000	1	0.00000	0
413	I	0.00000	1	0.00000	0
414	P	0.00000	1	0.00000	0
415	S	0.00000	1	0.00000	0
416	T	0.00000	1	0.00000	0
417	M	0.00000	1	0.00000	0
418	N	0.00000	1	0.00000	0
419	C	0.00000	1	0.00000	0
420	M	0.00000	1	0.00000	0
421	E	0.00000	1	0.00000	0
422	V	0.00000	1	0.00000	0
423	E	0.00000	1	0.00000	0
424	T	0.00000	1	0.00000	0
425	T	0.00000	1	0.00000	0
426	N	0.00000	1	0.00000	0
427	L	0.00000	1	0.00000	0
428	T	0.00000	1	0.00000	0
429	S	0.00000	1	0.00000	0
430	G	0.00000	1	0.00000	0
431	Q	0.00000	1	0.00000	0
432	Y	0.00000	1	0.00000	0
433	L	0.00000	1	0.00000	0
434	S	0.00000	1	0.00000	0
435	R	0.00000	1	0.00000	0
436	F	0.00000	1	0.00000	0
437	L	0.00000	1	0.00000	0
438	A	0.00000	1	0.00000	0
439	N	0.00000	1	0.00000	0
440	T	0.00000	1	0.00000	0
441	T	0.00000	1	0.00000	0
442	F	0.00000	1	0.00000	0
443	R	0.00000	1	0.00000	0
444	G	0.00000	1	0.00000	0
445	L	0.00000	1	0.00000	0
446	S	0.00000	1	0.00000	0
447	G	0.00000	1	0.00000	0
448	S	0.00000	1	0.00000	0
449	I	0.00000	1	0.00000	0
450	R	0.00000	1	0.00000	0
451	V	0.00000	1	0.00000	0
452	K	0.00000	1	0.00000	0
453	G	0.00000	1	0.00000	0
454	S	0.00000	1	0.00000	0
455	T	0.00000	1	0.00000	0
456	I	0.00000	1	0.00000	0
457	V	0.00000	1	0.00000	0
458	S	0.00000	1	0.00000	0
459	S	0.00000	1	0.00000	0
460	E	0.00000	1	0.00000	0
461	N	0.00000	1	0.00000	0
462	N	0.00000	1	0.00000	0
463	F	0.00000	1	0.00000	0
464	F	0.00000	1	0.00000	0
465	I	0.00000	1	0.00000	0
466	W	0.00000	1	0.00000	0
467	N	0.00000	1	0.00000	0
468	L	0.00000	1	0.00000	0
469	Q	0.00000	1	0.00000	0
470	H	0.00000	1	0.00000	0
471	D	0.00000	1	0.00000	0
472	P	0.00000	1	0.00000	0
473	M	0.00000	1	0.00000	0
474	G	0.00000	1	0.00000	0
475	K	0.00000	1	0.00000	0
476	P	0.00000	1	0.00000	0
477	M	0.00000	1	0.00000	0
478	W	0.00000	1	0.00000	0
479	T	0.00000	1	0.00000	0
480	R	0.00000	1	0.00000	0
481	L	0.00000	1	0.00000	0
482	G	0.00000	1	0.00000	0
483	S	0.00000	1	0.00000	0
484	W	0.00000	1	0.00000	0
485	Q	0.00000	1	0.00000	0
486	G	0.00000	1	0.00000	0
487	G	0.00000	1	0.00000	0
488	K	0.00000	1	0.00000	0
489	I	0.00000	1	0.00000	0
490	V	0.00000	1	0.00000	0
491	M	0.00000	1	0.00000	0
492	D	0.00000	1	0.00000	0
493	Y	0.00000	1	0.00000	0
494	G	0.00000	1	0.00000	0
495	I	0.00000	1	0.00000	0
496	W	0.00000	1	0.00000	0
497	P	0.00000	1	0.00000	0
498	E	0.00000	1	0.00000	0
499	Q	0.00000	1	0.00000	0
500	A	0.00000	1	0.00000	0
501	Q	0.00000	1	0.00000	0
502	R	0.00000	1	0.00000	0
503	H	0.00000	1	0.00000	0
504	K	0.00000	1	0.00000	0
505	T	0.00000	1	0.00000	0
506	H	0.00000	1	0.00000	0
507	F	0.00000	1	0.00000	0
508	Q	0.00000	1	0.00000	0
509	H	0.00000	1	0.00000	0
510	P	0.00000	1	0.00000	0
511	S	0.00000	1	0.00000	0
512	K	0.00000	1	0.00000	0
513	L	0.00000	1	0.00000	0
514	H	0.00000	1	0.00000	0
515	L	0.00000	1	0.00000	0
516	R	0.00000	1	0.00000	0
517	V	0.00000	1	0.00000	0
518	V	0.00000	1	0.00000	0
519	T	0.00000	1	0.00000	0
520	L	0.00000	1	0.00000	0
521	I	0.00000	1	0.00000	0
522	E	0.00000	1	0.00000	0
523	H	0.00000	1	0.00000	0
524	P	0.00000	1	0.00000	0
525	F	0.00000	1	0.00000	0
526	V	0.00000	1	0.00000	0
527	F	0.00000	1	0.00000	0
528	T	0.00000	1	0.00000	0
529	R	0.00000	1	0.00000	0
530	E	0.00000	1	0.00000	0
531	V	0.00000	1	0.00000	0
532	D	0.00000	1	0.00000	0
533	D	0.00000	1	0.00000	0
534	E	0.00000	1	0.00000	0
535	G	0.00000	1	0.00000	0
536	L	0.00000	1	0.00000	0
537	C	0.00000	1	0.00000	0
538	P	0.00000	1	0.00000	0
539	A	0.00000	1	0.00000	0
540	G	0.00000	1	0.00000	0
541	Q	0.00000	1	0.00000	0
542	L	0.00000	1	0.00000	0
543	C	0.00000	1	0.00000	0
544	L	0.00000	1	0.00000	0
545	D	0.00000	1	0.00000	0
546	P	0.00000	1	0.00000	0
547	M	0.00000	1	0.00000	0
548	T	0.00000	1	0.00000	0
549	N	0.00000	1	0.00000	0
550	D	0.00000	1	0.00000	0
551	S	0.00000	1	0.00000	0
552	S	0.00000	1	0.00000	0
553	T	0.00000	1	0.00000	0
554	L	0.00000	1	0.00000	0
555	D	0.00000	1	0.00000	0
556	S	0.00000	1	0.00000	0
557	L	0.00000	1	0.00000	0
558	F	0.00000	1	0.00000	0
559	S	0.00000	1	0.00000	0
560	S	0.00000	1	0.00000	0
561	L	0.00000	1	0.00000	0
562	H	0.00000	1	0.00000	0
563	S	0.00000	1	0.00000	0
564	S	0.00000	1	0.00000	0
565	N	0.00000	1	0.00000	0
566	D	0.00000	1	0.00000	0
567	T	0.00000	1	0.00000	0
568	V	0.00000	1	0.00000	0
569	P	0.00000	1	0.00000	0
570	I	0.00000	1	0.00000	0
571	K	0.00000	1	0.00000	0
572	F	0.00000	1	0.00000	0
573	K	0.00000	1	0.00000	0
574	K	0.00000	1	0.00000	0
575	C	0.00000	1	0.00000	0
576	C	0.00000	1	0.00000	0
577	Y	0.00000	1	0.00000	0
578	G	0.00000	1	0.00000	0
579	Y	0.00000	1	0.00000	0
580	C	0.00000	1	0.00000	0
581	I	0.00000	1	0.00000	0
582	D	0.00000	1	0.00000	0
583	L	0.00000	1	0.00000	0
584	L	0.00000	1	0.00000	0
585	E	0.00000	1	0.00000	0
586	K	0.00000	1	0.00000	0
587	I	0.00000	1	0.00000	0
588	A	0.00000	1	0.00000	0
589	E	0.00000	1	0.00000	0
590	D	0.00000	1	0.00000	0
591	M	0.00000	1	0.00000	0
592	N	0.00000	1	0.00000	0
593	F	0.00000	1	0.00000	0
594	D	0.00000	1	0.00000	0
595	F	0.00000	1	0.00000	0
596	D	0.00000	1	0.00000	0
597	L	0.00000	1	0.00000	0
598	Y	0.00000	1	0.00000	0
599	I	0.00000	1	0.00000	0
600	V	0.00000	1	0.00000	0
601	G	0.00000	1	0.00000	0
602	D	0.00000	1	0.00000	0
603	G	0.00000	1	0.00000	0
604	K	0.00000	1	0.00000	0
605	Y	0.00000	1	0.00000	0
606	G	0.00000	1	0.00000	0
607	A	0.00000	1	0.00000	0
608	W	0.00000	1	0.00000	0
609	K	0.00000	1	0.00000	0
610	N	0.00000	1	0.00000	0
611	G	0.00000	1	0.00000	0
612	H	0.00000	1	0.00000	0
613	W	0.00000	1	0.00000	0
614	T	0.00000	1	0.00000	0
615	G	0.00000	1	0.00000	0
616	L	0.00000	1	0.00000	0
617	V	0.00000	1	0.00000	0
618	G	0.00000	1	0.00000	0
619	D	0.00000	1	0.00000	0
620	L	0.00000	1	0.00000	0
621	L	0.00000	1	0.00000	0
622	R	0.00000	1	0.00000	0
623	G	0.00000	0.99991	0.00009	0
624	T	0.00000	0.99971	0.00029	0
625	A	0.00000	0.99926	0.00074	0
626	H	0.00000	0.99789	0.00211	0
627	M	0.00000	0.99624	0.00376	0
628	A	0.00000	0.97726	0.02274	0
629	V	0.00000	0.96502	0.03498	0
630	T	0.00000	0.94882	0.05118	0
631	S	0.00000	0.94719	0.05281	0
632	F	0.00000	0.93198	0.06802	0
633	S	0.00000	0.92726	0.07274	0
634	I	0.00000	0.83892	0.16108	0
635	N	0.00000	0.83305	0.16694	0
636	T	0.00000	0.53012	0.46988	0
637	A	0.00000	0.31391	0.68609	0
638	R	0.00000	0.0943	0.90569	0
639	S	0.00000	0.09423	0.90577	0
640	Q	0.00000	0.09407	0.90593	0
641	V	0.00000	0.09375	0.90625	0
642	I	0.00000	0.09375	0.90625	0
643	D	0.00000	0.09375	0.90625	0
644	F	0.00000	0.02221	0.97779	0
645	T	0.00000	0.01197	0.98803	0
646	S	0.00000	0.01068	0.98932	0
647	P	0.00000	0.00604	0.99396	0
648	F	0.00000	0.00093	0.99906	0
649	F	0.00000	0.00027	0.99973	0
650	S	0.00000	0.00023	0.99977	0
651	T	0.00000	0.0001	0.99990	0
652	S	0.00000	7e-05	0.99993	0
653	L	0.00000	6e-05	0.99994	0
654	G	0.00000	5e-05	0.99995	0
655	I	0.00000	4e-05	0.99995	0
656	L	0.00023	4e-05	0.99973	0
657	V	0.01021	4e-05	0.98975	0
658	R	0.57181	4e-05	0.42815	0
659	T	0.67158	5e-05	0.32838	0
660	R	0.89455	5e-05	0.10540	0
661	D	0.90710	5e-05	0.09285	0
662	T	0.91302	5e-05	0.08694	0
663	A	0.93327	5e-05	0.06668	0
664	A	0.94013	5e-05	0.05982	0
665	P	0.98330	5e-05	0.01666	0
666	I	0.98339	5e-05	0.01656	0
667	G	0.98496	5e-05	0.01500	0
668	A	0.98611	5e-05	0.01385	0
669	F	0.98757	4e-05	0.01238	0
670	M	0.99418	4e-05	0.00577	0
671	W	0.99867	4e-05	0.00128	0
672	P	0.99984	4e-05	0.00012	0
673	L	0.22276	4e-05	0.77720	0
674	H	0.04847	2e-05	0.95151	0
675	W	0.02496	0	0.97503	0
676	T	0.02217	0	0.97783	0
677	M	0.00722	0	0.99278	0
678	W	0.00266	0	0.99734	0
679	L	0.00029	0	0.99971	0
680	G	0.00025	0	0.99974	0
681	I	0.00013	0	0.99987	0
682	F	0.00001	0	0.99999	0
683	V	0.00000	0	1.00000	0
684	A	0.00000	0	1.00000	0
685	L	0.00000	0	1.00000	0
686	H	0.00000	0	1.00000	0
687	I	0.00000	0	1.00000	0
688	T	0.00000	0	1.00000	0
689	A	0.00000	0	1.00000	0
690	V	0.00000	0	1.00000	0
691	F	0.00000	5e-05	0.99995	0
692	L	0.00000	0.01104	0.98895	0
693	T	0.00000	0.08677	0.91323	0
694	L	0.00000	0.17714	0.82286	0
695	Y	0.00000	0.81002	0.18998	0
696	E	0.00003	0.96901	0.03096	0
697	W	0.00003	0.97592	0.02405	0
698	K	0.00004	0.99288	0.00707	0
699	S	0.00004	0.99789	0.00207	0
700	P	0.00005	0.99873	0.00123	0
701	F	0.00005	0.9991	0.00086	0
702	G	0.00005	0.99994	0.00002	0
703	L	0.00005	0.99995	0.00000	0
704	T	0.00005	0.99995	0.00000	0
705	P	0.00005	0.99995	0.00000	0
706	K	0.00005	0.99981	0.00014	0
707	G	0.00005	0.99677	0.00319	0
708	R	0.00004	0.99269	0.00726	0
709	N	0.00003	0.98455	0.01542	0
710	R	0.00003	0.19656	0.80341	0
711	S	0.00001	0.1419	0.85809	0
712	K	0.00001	0.09081	0.90919	0
713	V	0.00000	0.00178	0.99822	0
714	F	0.00000	5e-05	0.99995	0
715	S	0.00000	1e-05	0.99999	0
716	F	0.00000	0	1.00000	0
717	S	0.00000	0	1.00000	0
718	S	0.00000	0	1.00000	0
719	A	0.00000	0	1.00000	0
720	L	0.00000	0	1.00000	0
721	N	0.00000	0	1.00000	0
722	I	0.00000	0	1.00000	0
723	C	0.00000	0	1.00000	0
724	Y	0.00000	0	1.00000	0
725	A	0.00000	0	1.00000	0
726	L	0.00000	0	1.00000	0
727	L	0.00000	0	1.00000	0
728	F	0.00002	0	0.99998	0
729	G	0.02010	1e-05	0.97989	0
730	R	0.10845	2e-05	0.89153	0
731	T	0.75638	3e-05	0.24359	0
732	V	0.91532	4e-05	0.08464	0
733	A	0.94124	4e-05	0.05872	0
734	I	0.94746	4e-05	0.05250	0
735	K	0.99995	5e-05	0.00000	0
736	P	0.99995	5e-05	0.00000	0
737	P	0.99995	5e-05	0.00000	0
738	K	0.99995	5e-05	0.00000	0
739	C	0.99995	5e-05	0.00000	0
740	W	0.99995	4e-05	0.00000	0
741	T	0.99995	4e-05	0.00001	0
742	G	0.99995	1e-05	0.00004	0
743	R	0.99995	1e-05	0.00004	0
744	F	0.99958	0	0.00042	0
745	L	0.97967	0	0.02033	0
746	M	0.95763	0	0.04237	0
747	N	0.88099	0	0.11901	0
748	L	0.11872	0	0.88128	0
749	W	0.06821	0	0.93179	0
750	A	0.01038	0	0.98962	0
751	I	0.00004	0	0.99996	0
752	F	0.00000	0	1.00000	0
753	C	0.00000	0	1.00000	0
754	M	0.00000	0	1.00000	0
755	F	0.00000	0	1.00000	0
756	C	0.00000	0	1.00000	0
757	L	0.00000	0	1.00000	0
758	S	0.00000	0	1.00000	0
759	T	0.00000	0	1.00000	0
760	Y	0.00000	0	1.00000	0
761	T	0.00000	0	1.00000	0
762	A	0.00000	0	1.00000	0
763	N	0.00000	0	0.99999	0
764	L	0.00001	1e-05	0.99998	0
765	A	0.00004	0.00061	0.99935	0
766	A	0.00004	0.00202	0.99794	0
767	V	0.00004	0.0084	0.99156	0
768	M	0.00004	0.0302	0.96976	0
769	V	0.00004	0.25489	0.74507	0
770	G	0.00004	0.89374	0.10622	0
771	E	0.00004	0.99828	0.00168	0
772	K	0.00004	0.99991	0.00004	0
773	I	0.00004	0.99993	0.00002	0
774	Y	0.00004	0.99995	0.00001	0
775	E	0.00004	0.99995	0.00000	0
776	E	0.00005	0.99995	0.00000	0
777	L	0.00004	0.99995	0.00000	0
778	S	0.00004	0.99995	0.00000	0
779	G	0.00004	0.99995	0.00000	0
780	I	0.00004	0.99995	0.00000	0
781	H	0.00004	0.99995	0.00000	0
782	D	0.00004	0.99995	0.00000	0
783	P	0.00001	0.99995	0.00004	0
784	K	0.00000	0.99995	0.00004	0
785	L	0.00000	0.99995	0.00004	0
786	H	0.00000	0.99995	0.00004	0
787	H	0.00000	0.99995	0.00004	0
788	P	0.00000	0.99995	0.00004	0
789	S	0.00000	0.99995	0.00004	0
790	Q	0.00000	0.99995	0.00004	0
791	G	0.00000	0.99995	0.00004	0
792	F	0.00000	0.99995	0.00004	0
793	R	0.00000	0.99995	0.00004	0
794	F	0.00000	0.99995	0.00004	0
795	G	0.00000	0.99995	0.00004	0
796	T	0.00000	0.99995	0.00004	0
797	V	0.00000	0.99995	0.00004	0
798	R	0.00000	0.99996	0.00004	0
799	E	0.00000	0.99996	0.00004	0
800	S	0.00000	0.99996	0.00004	0
801	S	0.00000	0.99996	0.00004	0
802	A	0.00000	0.99996	0.00004	0
803	E	0.00000	1	0.00000	0
804	D	0.00000	1	0.00000	0
805	Y	0.00000	1	0.00000	0
806	V	0.00000	1	0.00000	0
807	R	0.00000	1	0.00000	0
808	Q	0.00000	1	0.00000	0
809	S	0.00000	1	0.00000	0
810	F	0.00000	1	0.00000	0
811	P	0.00000	1	0.00000	0
812	E	0.00000	1	0.00000	0
813	M	0.00000	1	0.00000	0
814	H	0.00000	1	0.00000	0
815	E	0.00000	1	0.00000	0
816	Y	0.00000	1	0.00000	0
817	M	0.00000	1	0.00000	0
818	R	0.00000	1	0.00000	0
819	R	0.00000	1	0.00000	0
820	Y	0.00000	1	0.00000	0
821	N	0.00000	1	0.00000	0
822	V	0.00000	1	0.00000	0
823	P	0.00000	1	0.00000	0
824	A	0.00000	1	0.00000	0
825	T	0.00000	1	0.00000	0
826	P	0.00000	1	0.00000	0
827	D	0.00000	1	0.00000	0
828	G	0.00000	1	0.00000	0
829	V	0.00000	1	0.00000	0
830	E	0.00000	1	0.00000	0
831	Y	0.00000	1	0.00000	0
832	L	0.00000	1	0.00000	0
833	K	0.00000	1	0.00000	0
834	N	0.00000	1	0.00000	0
835	D	0.00000	1	0.00000	0
836	P	0.00000	1	0.00000	0
837	E	0.00000	1	0.00000	0
838	K	0.00000	1	0.00000	0
839	L	0.00000	1	0.00000	0
840	D	0.00000	1	0.00000	0
841	A	0.00000	1	0.00000	0
842	F	0.00000	1	0.00000	0
843	I	0.00000	1	0.00000	0
844	M	0.00000	1	0.00000	0
845	D	0.00000	1	0.00000	0
846	K	0.00000	1	0.00000	0
847	A	0.00000	0.99999	0.00000	0
848	L	0.00000	0.99999	0.00000	0
849	L	0.00000	0.99999	0.00000	0
850	D	0.00000	0.99999	0.00000	0
851	Y	0.00000	0.99997	0.00003	0
852	E	0.00000	0.99997	0.00003	0
853	V	0.00000	0.99951	0.00048	0
854	S	0.00000	0.99951	0.00048	0
855	I	0.00000	0.99951	0.00049	0
856	D	0.00000	0.99951	0.00049	0
857	A	0.00000	0.99951	0.00049	0
858	D	0.00000	0.99951	0.00049	0
859	C	0.00000	0.99951	0.00049	0
860	K	0.00000	0.99924	0.00076	0
861	L	0.00000	0.22577	0.77423	0
862	L	0.00000	0.20984	0.79016	0
863	T	0.00000	0.20979	0.79021	0
864	V	0.00000	0.20953	0.79047	0
865	G	0.00000	0.20951	0.79049	0
866	K	0.00000	0.1871	0.81290	0
867	P	0.00000	0.08925	0.91075	0
868	F	0.00000	0.04478	0.95522	0
869	A	0.00000	0.00224	0.99776	0
870	I	0.00000	0.00214	0.99786	0
871	E	0.00000	0.00193	0.99807	0
872	G	0.00000	0.0019	0.99809	0
873	Y	0.00000	0.00027	0.99973	0
874	G	0.00000	0.00011	0.99988	0
875	I	0.00001	3e-05	0.99996	0
876	G	0.00005	3e-05	0.99992	0
877	L	0.00009	0	0.99991	0
878	P	0.00048	0	0.99952	0
879	P	0.00049	0	0.99951	0
880	N	0.00049	0	0.99951	0
881	S	0.00049	0	0.99951	0
882	P	0.00054	0	0.99946	0
883	L	0.00057	0	0.99943	0
884	T	0.00565	0	0.99435	0
885	A	0.04749	0	0.95251	0
886	N	0.10614	0	0.89385	0
887	I	0.12243	0	0.87757	0
888	S	0.75182	0	0.24817	0
889	E	0.81079	0	0.18921	0
890	L	0.81350	0	0.18650	0
891	I	0.82860	0	0.17139	0
892	S	0.97063	0	0.02937	0
893	Q	0.99337	0	0.00663	0
894	Y	0.99440	0	0.00560	0
895	K	0.99933	0	0.00066	0
896	S	0.99960	0	0.00040	0
897	H	0.99967	0	0.00033	0
898	G	0.99975	0	0.00025	0
899	F	0.99985	0	0.00014	0
900	M	0.99998	0	0.00001	0
901	D	1.00000	0	0.00000	0
902	M	1.00000	0	0.00000	0
903	L	1.00000	0	0.00000	0
904	H	1.00000	0	0.00000	0
905	D	1.00000	0	0.00000	0
906	K	0.99886	0	0.00113	0
907	W	0.99850	0	0.00149	0
908	Y	0.99850	0	0.00150	0
909	R	0.99850	0	0.00150	0
910	V	0.99850	0	0.00150	0
911	V	0.99850	0	0.00150	0
912	P	0.99849	0	0.00150	0
913	C	0.99849	0	0.00150	0
914	G	0.99849	0	0.00150	0
915	K	0.99849	0	0.00150	0
916	R	0.99849	0	0.00150	0
917	S	0.99849	0	0.00150	0
918	F	0.99849	0	0.00150	0
919	A	0.99849	0	0.00150	0
920	V	0.99849	0	0.00150	0
921	T	0.99849	0	0.00150	0
922	E	0.99849	0	0.00150	0
923	T	0.99846	0	0.00154	0
924	L	0.98592	0	0.01408	0
925	Q	0.36081	1e-05	0.63917	0
926	M	0.35086	3e-05	0.64911	0
927	G	0.28567	0.00051	0.71382	0
928	I	0.20742	0.00071	0.79187	0
929	K	0.20740	0.00148	0.79112	0
930	H	0.20731	0.00137	0.79132	0
931	F	0.14985	0.00073	0.84942	0
932	S	0.14967	0.0005	0.84982	0
933	G	0.14888	0.00015	0.85097	0
934	L	0.00409	0	0.99590	0
935	F	0.00383	0	0.99617	0
936	V	0.00002	0	0.99998	0
937	L	0.00001	0	0.99999	0
938	L	0.00000	0	1.00000	0
939	C	0.00000	0	1.00000	0
940	I	0.00000	0	1.00000	0
941	G	0.00000	0	1.00000	0
942	F	0.00000	0	1.00000	0
943	G	0.00000	0	1.00000	0
944	L	0.00000	0	1.00000	0
945	S	0.00000	0.00033	0.99967	0
946	I	0.00000	0.00114	0.99886	0
947	L	0.00000	0.01655	0.98345	0
948	T	0.00000	0.11949	0.88051	0
949	T	0.00000	0.27304	0.72696	0
950	I	0.00000	0.35537	0.64463	0
951	G	0.00013	0.70827	0.29160	0
952	E	0.00150	0.81409	0.18442	0
953	H	0.00150	0.81717	0.18133	0
954	I	0.00150	0.81836	0.18015	0
955	V	0.00150	0.82571	0.17279	0
956	Y	0.00150	0.8597	0.13880	0
957	R	0.00151	0.97229	0.02620	0
958	L	0.00151	0.9766	0.02189	0
959	L	0.00151	0.9779	0.02059	0
960	L	0.00151	0.98256	0.01594	0
961	P	0.00151	0.99749	0.00101	0
962	R	0.00151	0.99821	0.00029	0
963	I	0.00151	0.99821	0.00029	0
964	K	0.00151	0.99821	0.00029	0
965	N	0.00151	0.99819	0.00030	0
966	K	0.00151	0.99814	0.00036	0
967	S	0.00151	0.99767	0.00082	0
968	K	0.00151	0.76807	0.23042	0
969	L	0.00151	0.01277	0.98573	0
970	Q	0.00151	0.00077	0.99772	0
971	Y	0.00151	1e-05	0.99848	0
972	W	0.00151	1e-05	0.99848	0
973	L	0.00151	1e-05	0.99848	0
974	H	0.00154	1e-05	0.99845	0
975	T	0.00156	1e-05	0.99843	0
976	S	0.00171	1e-05	0.99829	0
977	Q	0.00179	1e-05	0.99820	0
978	R	0.00179	1e-05	0.99820	0
979	L	0.00179	1e-05	0.99820	0
980	H	0.00179	1e-05	0.99820	0
981	R	0.00179	1e-05	0.99820	0
982	A	0.00179	1e-05	0.99820	0
983	I	0.00179	1e-05	0.99820	0
984	N	0.00179	1e-05	0.99820	0
985	T	0.00179	1e-05	0.99820	0
986	S	0.00179	1e-05	0.99820	0
987	F	0.00190	1e-05	0.99809	0
988	I	0.04655	1e-05	0.95344	0
989	E	0.99999	1e-05	0.00000	0
990	E	0.99999	1e-05	0.00000	0
991	K	0.99999	1e-05	0.00000	0
992	Q	0.99999	1e-05	0.00000	0
993	Q	0.99999	1e-05	0.00000	0
994	H	0.99999	1e-05	0.00000	0
995	F	0.99999	1e-05	0.00000	0
996	K	0.99999	1e-05	0.00000	0
997	T	0.99999	1e-05	0.00000	0
998	K	0.99999	1e-05	0.00000	0
999	R	0.99999	0	0.00001	0
1000	V	0.99999	0	0.00001	0
1001	E	0.99999	0	0.00001	0
1002	K	0.99999	0	0.00001	0
1003	R	0.99999	0	0.00001	0
1004	S	0.99999	0	0.00001	0
1005	N	0.99999	0	0.00001	0
1006	V	0.99999	0	0.00001	0
1007	G	0.99999	0	0.00001	0
1008	P	0.99999	0	0.00001	0
1009	R	0.99999	0	0.00001	0
1010	Q	0.99999	0	0.00001	0
1011	L	0.99999	0	0.00001	0
1012	T	0.99999	0	0.00001	0
1013	V	0.99999	0	0.00001	0
1014	W	0.99999	0	0.00001	0
1015	N	0.99999	0	0.00001	0
1016	T	0.99999	0	0.00001	0
1017	S	0.99999	0	0.00001	0
1018	N	1.00000	0	0.00000	0
1019	L	1.00000	0	0.00000	0
1020	S	1.00000	0	0.00000	0
1021	H	1.00000	0	0.00000	0
1022	D	1.00000	0	0.00000	0
1023	N	1.00000	0	0.00000	0
1024	R	1.00000	0	0.00000	0
1025	R	1.00000	0	0.00000	0
1026	K	1.00000	0	0.00000	0
1027	Y	1.00000	0	0.00000	0
1028	I	1.00000	0	0.00000	0
1029	F	1.00000	0	0.00000	0
1030	S	1.00000	0	0.00000	0
1031	D	1.00000	0	0.00000	0
1032	E	1.00000	0	0.00000	0
1033	E	1.00000	0	0.00000	0
1034	G	1.00000	0	0.00000	0
1035	Q	1.00000	0	0.00000	0
1036	N	1.00000	0	0.00000	0
1037	Q	1.00000	0	0.00000	0
1038	L	1.00000	0	0.00000	0
1039	G	1.00000	0	0.00000	0
1040	I	1.00000	0	0.00000	0
1041	R	1.00000	0	0.00000	0
1042	I	1.00000	0	0.00000	0
1043	H	1.00000	0	0.00000	0
1044	Q	1.00000	0	0.00000	0
1045	D	1.00000	0	0.00000	0
1046	I	1.00000	0	0.00000	0
1047	P	1.00000	0	0.00000	0
1048	L	1.00000	0	0.00000	0
1049	P	1.00000	0	0.00000	0
1050	P	1.00000	0	0.00000	0
1051	R	1.00000	0	0.00000	0
1052	R	1.00000	0	0.00000	0
1053	R	1.00000	0	0.00000	0
1054	E	1.00000	0	0.00000	0
1055	L	1.00000	0	0.00000	0
1056	P	1.00000	0	0.00000	0
1057	A	1.00000	0	0.00000	0
1058	L	1.00000	0	0.00000	0
1059	R	1.00000	0	0.00000	0
1060	T	1.00000	0	0.00000	0
1061	T	1.00000	0	0.00000	0
1062	N	1.00000	0	0.00000	0
1063	G	1.00000	0	0.00000	0
1064	K	1.00000	0	0.00000	0
1065	A	1.00000	0	0.00000	0
1066	D	1.00000	0	0.00000	0
1067	S	1.00000	0	0.00000	0
1068	L	1.00000	0	0.00000	0
1069	N	1.00000	0	0.00000	0
1070	V	1.00000	0	0.00000	0
1071	S	1.00000	0	0.00000	0
1072	R	1.00000	0	0.00000	0
1073	N	1.00000	0	0.00000	0
1074	S	1.00000	0	0.00000	0
1075	V	1.00000	0	0.00000	0
1076	M	1.00000	0	0.00000	0
1077	Q	1.00000	0	0.00000	0
1078	E	1.00000	0	0.00000	0
1079	L	1.00000	0	0.00000	0
1080	S	1.00000	0	0.00000	0
1081	E	1.00000	0	0.00000	0
1082	L	1.00000	0	0.00000	0
1083	E	1.00000	0	0.00000	0
1084	K	1.00000	0	0.00000	0
1085	Q	1.00000	0	0.00000	0
1086	I	1.00000	0	0.00000	0
1087	Q	1.00000	0	0.00000	0
1088	V	1.00000	0	0.00000	0
1089	I	1.00000	0	0.00000	0
1090	R	1.00000	0	0.00000	0
1091	Q	1.00000	0	0.00000	0
1092	E	1.00000	0	0.00000	0
1093	L	1.00000	0	0.00000	0
1094	Q	1.00000	0	0.00000	0
1095	L	1.00000	0	0.00000	0
1096	A	1.00000	0	0.00000	0
1097	V	1.00000	0	0.00000	0
1098	S	1.00000	0	0.00000	0
1099	R	1.00000	0	0.00000	0
1100	K	1.00000	0	0.00000	0
1101	T	1.00000	0	0.00000	0
1102	E	1.00000	0	0.00000	0
1103	L	1.00000	0	0.00000	0
1104	E	1.00000	0	0.00000	0
1105	E	1.00000	0	0.00000	0
1106	Y	1.00000	0	0.00000	0
1107	Q	1.00000	0	0.00000	0
1108	R	1.00000	0	0.00000	0
1109	T	1.00000	0	0.00000	0
1110	S	1.00000	0	0.00000	0
1111	R	1.00000	0	0.00000	0
1112	T	1.00000	0	0.00000	0
1113	C	1.00000	0	0.00000	0
1114	E	1.00000	0	0.00000	0
1115	S	1.00000	0	0.00000	0
