# UNNAMED
#pos	aa	i	o	M	S
1	M	0.00000	0.99733	0.00000	0.00267
2	T	0.00000	0.99733	0.00000	0.00266
3	L	0.00000	0.99733	0.00000	0.00266
4	G	0.00000	0.99733	0.00000	0.00267
5	S	0.00000	0.99733	0.00000	0.00266
6	L	0.00000	0.99733	0.00000	0.00267
7	G	0.00000	0.99733	0.00000	0.00267
8	N	0.00000	0.99733	0.00000	0.00267
9	S	0.00000	0.99733	0.00000	0.00267
10	S	0.00000	0.99733	0.00000	0.00267
11	S	0.00000	0.99733	0.00000	0.00267
12	S	0.00000	0.99733	0.00000	0.00268
13	V	0.00000	0.99735	0.00000	0.00265
14	S	0.00000	0.99735	0.00000	0.00265
15	A	0.00000	0.99735	0.00000	0.00265
16	T	0.00000	0.99945	0.00000	0.00054
17	F	0.00000	0.99973	0.00000	0.00027
18	L	0.00000	0.99973	0.00000	0.00027
19	L	0.00000	0.99981	0.00000	0.0002
20	S	0.00000	0.9998	0.00000	0.0002
21	G	0.00000	0.99983	0.00000	0.00017
22	I	0.00000	0.99988	0.00000	0.00012
23	P	0.00000	0.99988	0.00000	0.00012
24	G	0.00000	0.99988	0.00000	0.00012
25	L	0.00000	1	0.00000	0
26	E	0.00000	1	0.00000	0
27	R	0.00000	0.99966	0.00034	0
28	M	0.00000	0.95453	0.04547	0
29	H	0.00000	0.85332	0.14668	0
30	I	0.00000	0.40619	0.59381	0
31	W	0.00000	0.06405	0.93595	0
32	I	0.00000	0.0105	0.98950	0
33	S	0.00000	0.0096	0.99040	0
34	I	0.00000	0.00586	0.99414	0
35	P	0.00000	0.00572	0.99428	0
36	L	0.00000	0.00027	0.99973	0
37	C	0.00000	7e-05	0.99993	0
38	F	0.00000	0	1.00000	0
39	M	0.00000	0	1.00000	0
40	Y	0.00000	0	1.00000	0
41	L	0.00000	0	1.00000	0
42	V	0.00000	0	1.00000	0
43	S	0.00000	0	1.00000	0
44	I	0.00000	0	1.00000	0
45	P	0.00000	0	1.00000	0
46	G	0.00000	0	1.00000	0
47	N	0.00000	0	1.00000	0
48	C	0.00000	0	1.00000	0
49	T	0.00000	0	1.00000	0
50	I	0.00000	0	1.00000	0
51	L	0.00000	0	1.00000	0
52	F	0.00013	0	0.99987	0
53	I	0.00681	0	0.99319	0
54	I	0.07122	0	0.92878	0
55	K	0.98747	0	0.01253	0
56	T	0.99878	0	0.00122	0
57	E	0.99998	0	0.00002	0
58	R	1.00000	0	0.00000	0
59	S	1.00000	0	0.00000	0
60	L	1.00000	0	0.00000	0
61	H	1.00000	0	0.00000	0
62	E	1.00000	0	0.00000	0
63	P	1.00000	0	0.00000	0
64	M	0.31177	0	0.68823	0
65	Y	0.19004	0	0.80996	0
66	L	0.03268	0	0.96732	0
67	F	0.00034	0	0.99966	0
68	L	0.00007	0	0.99993	0
69	S	0.00005	0	0.99995	0
70	M	0.00000	0	1.00000	0
71	L	0.00000	0	1.00000	0
72	A	0.00000	0	1.00000	0
73	L	0.00000	0	1.00000	0
74	I	0.00000	0	1.00000	0
75	D	0.00000	0	1.00000	0
76	L	0.00000	0	1.00000	0
77	G	0.00000	0	1.00000	0
78	L	0.00000	0	1.00000	0
79	S	0.00000	0	1.00000	0
80	L	0.00000	0	1.00000	0
81	C	0.00000	0	1.00000	0
82	T	0.00000	0	1.00000	0
83	L	0.00000	0	1.00000	0
84	P	0.00000	1e-05	0.99999	0
85	T	0.00000	0.00014	0.99986	0
86	V	0.00000	0.00025	0.99975	0
87	L	0.00000	0.12796	0.87204	0
88	G	0.00000	0.5817	0.41830	0
89	I	0.00000	0.99017	0.00983	0
90	F	0.00000	0.99113	0.00887	0
91	W	0.00000	0.99386	0.00614	0
92	V	0.00000	0.99589	0.00411	0
93	G	0.00000	0.99942	0.00058	0
94	A	0.00000	0.99989	0.00011	0
95	R	0.00000	1	0.00000	0
96	E	0.00000	1	0.00000	0
97	I	0.00000	1	0.00000	0
98	S	0.00000	1	0.00000	0
99	H	0.00000	1	0.00000	0
100	D	0.00000	1	0.00000	0
101	A	0.00000	0.9999	0.00010	0
102	C	0.00000	0.99969	0.00031	0
103	F	0.00000	0.99002	0.00998	0
104	A	0.00000	0.98256	0.01744	0
105	Q	0.00000	0.96243	0.03757	0
106	L	0.00000	0.02121	0.97879	0
107	F	0.00000	0.00343	0.99657	0
108	F	0.00000	5e-05	0.99995	0
109	I	0.00000	0	1.00000	0
110	H	0.00000	0	1.00000	0
111	C	0.00000	0	1.00000	0
112	F	0.00000	0	1.00000	0
113	S	0.00000	0	1.00000	0
114	F	0.00000	0	1.00000	0
115	L	0.00000	0	1.00000	0
116	E	0.00000	0	1.00000	0
117	S	0.00000	0	1.00000	0
118	S	0.00000	0	1.00000	0
119	V	0.00000	0	1.00000	0
120	L	0.00000	0	1.00000	0
121	L	0.00000	0	1.00000	0
122	S	0.00000	0	1.00000	0
123	M	0.00000	0	1.00000	0
124	A	0.00000	0	1.00000	0
125	F	0.00000	0	1.00000	0
126	D	0.00001	0	0.99999	0
127	R	0.00306	0	0.99694	0
128	F	0.06496	0	0.93504	0
129	V	0.92177	0	0.07823	0
130	A	0.98850	0	0.01150	0
131	I	1.00000	0	0.00000	0
132	C	1.00000	0	0.00000	0
133	H	1.00000	0	0.00000	0
134	P	1.00000	0	0.00000	0
135	L	1.00000	0	0.00000	0
136	H	1.00000	0	0.00000	0
137	Y	1.00000	0	0.00000	0
138	V	1.00000	0	0.00000	0
139	S	1.00000	0	0.00000	0
140	I	1.00000	0	0.00000	0
141	L	1.00000	0	0.00000	0
142	T	1.00000	0	0.00000	0
143	N	0.99999	0	0.00001	0
144	T	0.97471	0	0.02529	0
145	V	0.51140	0	0.48860	0
146	I	0.27359	0	0.72641	0
147	G	0.20010	0	0.79990	0
148	R	0.13388	0	0.86612	0
149	I	0.00081	0	0.99919	0
150	G	0.00031	0	0.99969	0
151	L	0.00026	0	0.99974	0
152	V	0.00000	0	1.00000	0
153	S	0.00000	0	1.00000	0
154	L	0.00000	0	1.00000	0
155	G	0.00000	0	1.00000	0
156	R	0.00000	0	1.00000	0
157	S	0.00000	0	1.00000	0
158	V	0.00000	0	1.00000	0
159	A	0.00000	0	1.00000	0
160	L	0.00000	0	1.00000	0
161	I	0.00000	0	1.00000	0
162	F	0.00000	0	1.00000	0
163	P	0.00000	9e-05	0.99991	0
164	L	0.00000	0.00068	0.99932	0
165	P	0.00000	0.01137	0.98863	0
166	F	0.00000	0.01915	0.98085	0
167	M	0.00000	0.0654	0.93460	0
168	L	0.00000	0.22206	0.77794	0
169	K	0.00000	0.99065	0.00935	0
170	R	0.00000	0.99769	0.00231	0
171	F	0.00000	0.9983	0.00170	0
172	P	0.00000	0.99976	0.00024	0
173	Y	0.00000	0.9999	0.00010	0
174	C	0.00000	1	0.00000	0
175	G	0.00000	1	0.00000	0
176	S	0.00000	1	0.00000	0
177	P	0.00000	1	0.00000	0
178	V	0.00000	1	0.00000	0
179	L	0.00000	1	0.00000	0
180	S	0.00000	1	0.00000	0
181	H	0.00000	1	0.00000	0
182	S	0.00000	1	0.00000	0
183	Y	0.00000	1	0.00000	0
184	C	0.00000	1	0.00000	0
185	L	0.00000	1	0.00000	0
186	H	0.00000	1	0.00000	0
187	Q	0.00000	1	0.00000	0
188	E	0.00000	1	0.00000	0
189	V	0.00000	1	0.00000	0
190	M	0.00000	1	0.00000	0
191	K	0.00000	1	0.00000	0
192	L	0.00000	1	0.00000	0
193	A	0.00000	1	0.00000	0
194	C	0.00000	1	0.00000	0
195	A	0.00000	1	0.00000	0
196	D	0.00000	1	0.00000	0
197	M	0.00000	0.99999	0.00001	0
198	K	0.00000	0.99996	0.00004	0
199	A	0.00000	0.95661	0.04339	0
200	N	0.00000	0.94742	0.05258	0
201	S	0.00000	0.92272	0.07728	0
202	I	0.00000	0.62134	0.37866	0
203	Y	0.00000	0.59716	0.40284	0
204	G	0.00000	0.53095	0.46905	0
205	M	0.00000	0.00452	0.99548	0
206	F	0.00000	0.00038	0.99962	0
207	V	0.00000	0.00022	0.99978	0
208	I	0.00000	6e-05	0.99994	0
209	V	0.00000	6e-05	0.99994	0
210	S	0.00000	0	1.00000	0
211	T	0.00000	0	1.00000	0
212	V	0.00000	0	1.00000	0
213	G	0.00000	0	1.00000	0
214	I	0.00000	0	1.00000	0
215	D	0.00000	0	1.00000	0
216	S	0.00000	0	1.00000	0
217	L	0.00000	0	1.00000	0
218	L	0.00000	0	1.00000	0
219	I	0.00000	0	1.00000	0
220	L	0.00000	0	1.00000	0
221	F	0.00004	0	0.99996	0
222	S	0.00305	0	0.99695	0
223	Y	0.00398	0	0.99602	0
224	A	0.01044	0	0.98956	0
225	L	0.01488	0	0.98512	0
226	I	0.02992	0	0.97008	0
227	L	0.10687	0	0.89313	0
228	R	0.97910	0	0.02090	0
229	T	0.98877	0	0.01123	0
230	V	0.99084	0	0.00916	0
231	L	0.99496	0	0.00504	0
232	S	0.99974	0	0.00026	0
233	I	0.99999	0	0.00001	0
234	A	1.00000	0	0.00000	0
235	S	1.00000	0	0.00000	0
236	R	1.00000	0	0.00000	0
237	A	1.00000	0	0.00000	0
238	E	1.00000	0	0.00000	0
239	R	0.99756	0	0.00244	0
240	F	0.88027	0	0.11973	0
241	K	0.80233	0	0.19767	0
242	A	0.72206	0	0.27794	0
243	L	0.52128	0	0.47872	0
244	N	0.39527	0	0.60473	0
245	T	0.38512	0	0.61488	0
246	C	0.06023	0	0.93977	0
247	V	0.03892	0	0.96108	0
248	S	0.02903	0	0.97097	0
249	H	0.02876	0	0.97124	0
250	I	0.00617	0	0.99383	0
251	C	0.00323	0	0.99677	0
252	A	0.00001	0	0.99999	0
253	V	0.00000	0	1.00000	0
254	L	0.00000	0	1.00000	0
255	L	0.00000	0	1.00000	0
256	F	0.00000	0	1.00000	0
257	Y	0.00000	0	1.00000	0
258	T	0.00000	0	1.00000	0
259	P	0.00000	3e-05	0.99997	0
260	M	0.00000	0.00014	0.99986	0
261	I	0.00000	0.00298	0.99702	0
262	G	0.00000	0.02789	0.97211	0
263	L	0.00000	0.03208	0.96792	0
264	S	0.00000	0.06143	0.93857	0
265	V	0.00000	0.10013	0.89987	0
266	I	0.00000	0.1724	0.82760	0
267	H	0.00000	0.51072	0.48928	0
268	R	0.00000	0.81442	0.18558	0
269	F	0.00000	0.83166	0.16834	0
270	G	0.00000	0.94958	0.05042	0
271	K	0.00000	0.99877	0.00123	0
272	Q	0.00000	0.99995	0.00005	0
273	A	0.00000	0.99966	0.00034	0
274	P	0.00000	0.99901	0.00099	0
275	H	0.00000	0.96872	0.03128	0
276	L	0.00000	0.55307	0.44693	0
277	V	0.00000	0.07149	0.92851	0
278	Q	0.00000	0.05461	0.94539	0
279	V	0.00000	0.01306	0.98694	0
280	V	0.00000	0.00054	0.99946	0
281	M	0.00000	0	1.00000	0
282	G	0.00000	0	1.00000	0
283	F	0.00000	0	1.00000	0
284	M	0.00000	0	1.00000	0
285	Y	0.00000	0	1.00000	0
286	L	0.00000	0	1.00000	0
287	L	0.00000	0	1.00000	0
288	F	0.00000	0	1.00000	0
289	P	0.00000	0	1.00000	0
290	P	0.00000	0	1.00000	0
291	V	0.00000	0	1.00000	0
292	M	0.00000	0	1.00000	0
293	N	0.00001	0	0.99999	0
294	P	0.00002	0	0.99998	0
295	I	0.00007	0	0.99993	0
296	V	0.00116	0	0.99884	0
297	Y	0.00427	0	0.99573	0
298	S	0.01879	0	0.98121	0
299	V	0.10979	0	0.89021	0
300	K	1.00000	0	0.00000	0
301	T	1.00000	0	0.00000	0
302	K	1.00000	0	0.00000	0
303	Q	1.00000	0	0.00000	0
304	I	1.00000	0	0.00000	0
305	R	1.00000	0	0.00000	0
306	D	1.00000	0	0.00000	0
307	R	1.00000	0	0.00000	0
308	V	1.00000	0	0.00000	0
309	T	1.00000	0	0.00000	0
310	H	1.00000	0	0.00000	0
311	A	1.00000	0	0.00000	0
312	F	1.00000	0	0.00000	0
313	C	1.00000	0	0.00000	0
314	Y	1.00000	0	0.00000	0
