# UNNAMED
#pos	aa	i	o	M	S
1	M	0.00000	1	0.00000	0
2	A	0.00000	1	0.00000	0
3	W	0.00000	1	0.00000	0
4	M	0.00000	0.32912	0.67088	0
5	L	0.00000	0.03825	0.96175	0
6	L	0.00000	0.00427	0.99573	0
7	L	0.00000	0.00306	0.99694	0
8	I	0.00000	0.0027	0.99730	0
9	L	0.00000	0.00172	0.99828	0
10	I	0.00000	8e-05	0.99992	0
11	M	0.00000	3e-05	0.99997	0
12	V	0.00000	0	1.00000	0
13	H	0.00000	0	1.00000	0
14	P	0.00000	0	1.00000	0
15	G	0.00000	0	1.00000	0
16	S	0.00000	0	1.00000	0
17	C	0.00000	0	1.00000	0
18	A	0.00000	0	1.00000	0
19	L	0.00000	0	1.00000	0
20	W	0.00000	0	1.00000	0
21	V	0.00016	0	0.99984	0
22	S	0.24251	0	0.75749	0
23	Q	0.77228	0	0.22772	0
24	P	0.94197	0	0.05803	0
25	P	0.99431	0	0.00569	0
26	E	0.99444	0	0.00556	0
27	I	0.98619	0	0.01381	0
28	R	0.98654	0	0.01346	0
29	T	0.84254	0	0.15746	0
30	L	0.46339	0	0.53661	0
31	E	0.45911	0	0.54089	0
32	G	0.42330	0	0.57670	0
33	S	0.20241	0	0.79759	0
34	S	0.20082	0	0.79918	0
35	A	0.19623	0	0.80377	0
36	F	0.19413	0	0.80587	0
37	L	0.19398	0	0.80602	0
38	P	0.19395	0	0.80605	0
39	C	0.00149	0	0.99851	0
40	S	0.00048	0	0.99952	0
41	F	0.00001	0	0.99999	0
42	N	0.00000	0	1.00000	0
43	A	0.00000	0	1.00000	0
44	S	0.00000	0	1.00000	0
45	Q	0.00000	2e-05	0.99998	0
46	G	0.00000	0.0005	0.99950	0
47	R	0.00000	0.00191	0.99809	0
48	L	0.00000	0.00543	0.99457	0
49	A	0.00000	0.06946	0.93054	0
50	I	0.00000	0.51684	0.48316	0
51	G	0.00000	0.53473	0.46527	0
52	S	0.00000	0.55052	0.44948	0
53	V	0.00000	0.55781	0.44219	0
54	T	0.00000	0.6053	0.39470	0
55	W	0.00000	0.65069	0.34931	0
56	F	0.00000	0.70358	0.29642	0
57	R	0.00000	0.78568	0.21432	0
58	D	0.00000	0.9718	0.02820	0
59	E	0.00000	0.99411	0.00589	0
60	V	0.00000	0.49251	0.50749	0
61	V	0.00000	0.4933	0.50670	0
62	P	0.00000	0.4943	0.50570	0
63	G	0.00000	0.49494	0.50506	0
64	K	0.00000	0.49495	0.50505	0
65	E	0.00000	0.49495	0.50505	0
66	V	0.00000	0.48519	0.51481	0
67	R	0.00000	0.48336	0.51664	0
68	N	0.00000	0.48336	0.51664	0
69	G	0.00000	0.48336	0.51664	0
70	T	0.00000	0.48335	0.51665	0
71	P	0.00000	0.48335	0.51665	0
72	E	0.00000	0.48335	0.51665	0
73	F	0.00000	0.00028	0.99972	0
74	R	0.00000	0	1.00000	0
75	G	0.00000	0	1.00000	0
76	R	0.00000	0	1.00000	0
77	L	0.00002	0	0.99998	0
78	A	0.02613	0	0.97387	0
79	P	0.50505	0	0.49495	0
80	L	0.50505	0	0.49495	0
81	A	0.50505	0	0.49495	0
82	S	0.50505	0	0.49495	0
83	S	0.50505	0	0.49495	0
84	R	0.50505	0	0.49495	0
85	F	0.50518	0	0.49482	0
86	L	0.50612	0	0.49388	0
87	H	0.51139	0	0.48861	0
88	D	0.51179	0	0.48821	0
89	H	0.51665	0	0.48335	0
90	Q	0.51681	0	0.48319	0
91	A	0.76861	0	0.23139	0
92	E	0.91563	0	0.08437	0
93	L	0.84430	0	0.15570	0
94	H	0.83161	0	0.16839	0
95	I	0.59347	0	0.40653	0
96	R	0.59334	0	0.40666	0
97	D	0.58652	0	0.41348	0
98	V	0.49494	0	0.50506	0
99	R	0.49252	0	0.50748	0
100	G	0.48871	0	0.51129	0
101	H	0.48371	0	0.51629	0
102	D	0.27308	0	0.72692	0
103	A	0.00355	0	0.99645	0
104	S	0.00026	0	0.99974	0
105	I	0.00000	0	1.00000	0
106	Y	0.00000	0	1.00000	0
107	V	0.00000	0	1.00000	0
108	C	0.00000	0	1.00000	0
109	R	0.00000	6e-05	0.99994	0
110	V	0.00000	0.00093	0.99907	0
111	E	0.00000	0.10413	0.89587	0
112	V	0.00000	0.1072	0.89280	0
113	L	0.00000	0.1224	0.87760	0
114	G	0.00000	0.40036	0.59964	0
115	L	0.00000	0.40332	0.59668	0
116	G	0.00000	0.40825	0.59175	0
117	V	0.00000	0.41751	0.58249	0
118	G	0.00000	0.49965	0.50035	0
119	T	0.00000	0.50716	0.49284	0
120	G	0.00000	0.7225	0.27750	0
121	N	0.00000	0.94739	0.05261	0
122	G	0.00000	0.99966	0.00034	0
123	T	0.00000	0.91957	0.08043	0
124	R	0.00000	0.90416	0.09584	0
125	L	0.00000	0.87946	0.12054	0
126	V	0.00000	0.68999	0.31001	0
127	V	0.00000	0.60242	0.39758	0
128	E	0.00000	0.60204	0.39796	0
129	K	0.00000	0.60197	0.39803	0
130	E	0.00000	0.52485	0.47515	0
131	H	0.00000	0.514	0.48600	0
132	P	0.00000	0.27849	0.72151	0
133	Q	0.00000	0.05719	0.94281	0
134	L	0.00000	0.00036	0.99964	0
135	G	0.00000	0.00018	0.99982	0
136	A	0.00000	1e-05	0.99999	0
137	G	0.00000	1e-05	0.99999	0
138	T	0.00000	0	1.00000	0
139	V	0.00000	0	1.00000	0
140	L	0.00000	0	1.00000	0
141	L	0.00000	0	1.00000	0
142	L	0.00040	0	0.99960	0
143	R	0.08630	0	0.91370	0
144	A	0.09183	0	0.90817	0
145	G	0.10516	0	0.89484	0
146	F	0.11023	0	0.88977	0
147	Y	0.17651	0	0.82349	0
148	A	0.39392	0	0.60608	0
149	V	0.40051	0	0.59949	0
150	S	0.46228	0	0.53772	0
151	F	0.48858	0	0.51142	0
152	L	0.85704	0	0.14296	0
153	S	0.86250	0	0.13750	0
154	V	0.89246	0	0.10754	0
155	A	0.89079	0	0.10921	0
156	V	0.83174	0	0.16826	0
157	G	0.78609	0	0.21391	0
158	S	0.60884	0	0.39116	0
159	T	0.54081	0	0.45919	0
160	V	0.51198	0	0.48802	0
161	Y	0.05992	0	0.94008	0
162	Y	0.05427	0	0.94573	0
163	Q	0.00312	0	0.99688	0
164	G	0.00019	0	0.99981	0
165	K	0.00000	0	1.00000	0
166	C	0.00000	0	1.00000	0
167	L	0.00000	0	1.00000	0
168	T	0.00000	0	1.00000	0
169	W	0.00000	0	1.00000	0
170	K	0.00000	0.0021	0.99790	0
171	G	0.00000	0.00339	0.99661	0
172	P	0.00000	0.04323	0.95677	0
173	R	0.00000	0.0976	0.90240	0
174	R	0.00000	0.11967	0.88033	0
175	Q	0.00000	0.12746	0.87254	0
176	L	0.00000	0.05334	0.94666	0
177	P	0.00000	0.18248	0.81752	0
178	A	0.00000	0.39129	0.60871	0
179	V	0.00000	0.54656	0.45344	0
180	V	0.00000	0.42018	0.57982	0
181	P	0.00000	0.24887	0.75113	0
182	A	0.00000	0.05197	0.94803	0
183	P	0.00000	0.0015	0.99850	0
184	L	0.00000	0	1.00000	0
185	P	0.00000	0	1.00000	0
186	P	0.00000	0	1.00000	0
187	P	0.00000	0	1.00000	0
188	C	0.00000	0	1.00000	0
189	G	0.00000	0	1.00000	0
190	S	0.00000	0	1.00000	0
191	S	0.00000	0	1.00000	0
192	A	0.00000	0	1.00000	0
193	H	0.00000	0	1.00000	0
194	L	0.00000	0	1.00000	0
195	L	0.00002	0	0.99998	0
196	P	0.00074	0	0.99926	0
197	P	0.00677	0	0.99323	0
198	V	0.03129	0	0.96871	0
199	P	0.12960	0	0.87040	0
200	G	0.30228	0	0.69772	0
201	G	1.00000	0	0.00000	0
