# UNNAMED
#pos	aa	i	o	M	S
1	M	0.00000	1	0.00000	0
2	D	0.00000	1	0.00000	0
3	S	0.00000	1	0.00000	0
4	G	0.00000	1	0.00000	0
5	P	0.00000	1	0.00000	0
6	L	0.00000	1	0.00000	0
7	W	0.00000	1	0.00000	0
8	D	0.00000	1	0.00000	0
9	A	0.00000	1	0.00000	0
10	N	0.00000	1	0.00000	0
11	P	0.00000	1	0.00000	0
12	T	0.00000	1	0.00000	0
13	P	0.00000	1	0.00000	0
14	R	0.00000	1	0.00000	0
15	G	0.00000	1	0.00000	0
16	T	0.00000	1	0.00000	0
17	L	0.00000	1	0.00000	0
18	S	0.00000	1	0.00000	0
19	A	0.00000	1	0.00000	0
20	P	0.00000	1	0.00000	0
21	N	0.00000	1	0.00000	0
22	A	0.00000	1	0.00000	0
23	T	0.00000	1	0.00000	0
24	T	0.00000	1	0.00000	0
25	P	0.00000	1	0.00000	0
26	W	0.00000	1	0.00000	0
27	L	0.00000	1	0.00000	0
28	G	0.00000	1	0.00000	0
29	R	0.00000	1	0.00000	0
30	D	0.00000	1	0.00000	0
31	E	0.00000	1	0.00000	0
32	E	0.00000	0.99982	0.00018	0
33	L	0.00000	0.99774	0.00226	0
34	A	0.00000	0.9938	0.00620	0
35	K	0.00000	0.99191	0.00809	0
36	V	0.00000	0.87689	0.12311	0
37	E	0.00000	0.84842	0.15158	0
38	I	0.00000	0.25183	0.74817	0
39	G	0.00000	0.1433	0.85670	0
40	V	0.00000	0.01502	0.98498	0
41	L	0.00000	0.00301	0.99699	0
42	A	0.00000	0.00054	0.99946	0
43	T	0.00000	0.0001	0.99990	0
44	V	0.00000	1e-05	0.99999	0
45	L	0.00000	0	1.00000	0
46	V	0.00000	0	1.00000	0
47	L	0.00000	0	1.00000	0
48	A	0.00000	0	1.00000	0
49	T	0.00000	0	1.00000	0
50	G	0.00000	0	1.00000	0
51	G	0.00000	0	1.00000	0
52	N	0.00000	0	1.00000	0
53	L	0.00000	0	1.00000	0
54	A	0.00000	0	1.00000	0
55	V	0.00000	0	1.00000	0
56	L	0.00001	0	0.99999	0
57	L	0.00115	0	0.99885	0
58	T	0.08820	0	0.91180	0
59	L	0.14989	0	0.85011	0
60	G	0.67912	0	0.32088	0
61	Q	0.95990	0	0.04010	0
62	L	0.96964	0	0.03036	0
63	G	0.99125	0	0.00875	0
64	R	0.99988	0	0.00012	0
65	K	1.00000	0	0.00000	0
66	R	1.00000	0	0.00000	0
67	S	0.99996	0	0.00004	0
68	R	0.99923	0	0.00077	0
69	M	0.90522	0	0.09478	0
70	H	0.82708	0	0.17292	0
71	L	0.15229	0	0.84771	0
72	F	0.00277	0	0.99723	0
73	V	0.00100	0	0.99900	0
74	L	0.00002	0	0.99998	0
75	H	0.00000	0	1.00000	0
76	L	0.00000	0	1.00000	0
77	A	0.00000	0	1.00000	0
78	L	0.00000	0	1.00000	0
79	T	0.00000	0	1.00000	0
80	D	0.00000	0	1.00000	0
81	L	0.00000	0	1.00000	0
82	A	0.00000	0	1.00000	0
83	V	0.00000	0	1.00000	0
84	A	0.00000	0	1.00000	0
85	L	0.00000	0	1.00000	0
86	F	0.00000	0	1.00000	0
87	Q	0.00000	1e-05	0.99999	0
88	V	0.00000	0.00016	0.99984	0
89	L	0.00000	0.00162	0.99838	0
90	P	0.00000	0.03064	0.96936	0
91	Q	0.00000	0.22837	0.77163	0
92	L	0.00000	0.33707	0.66293	0
93	L	0.00000	0.41713	0.58287	0
94	W	0.00000	0.58715	0.41285	0
95	D	0.00000	0.99997	0.00003	0
96	I	0.00000	0.99999	0.00001	0
97	T	0.00000	1	0.00000	0
98	Y	0.00000	1	0.00000	0
99	R	0.00000	1	0.00000	0
100	F	0.00000	1	0.00000	0
101	Q	0.00000	1	0.00000	0
102	G	0.00000	1	0.00000	0
103	P	0.00000	1	0.00000	0
104	D	0.00000	1	0.00000	0
105	L	0.00000	1	0.00000	0
106	L	0.00000	0.99998	0.00002	0
107	C	0.00000	0.99997	0.00003	0
108	R	0.00000	0.9988	0.00120	0
109	A	0.00000	0.99665	0.00335	0
110	V	0.00000	0.97567	0.02433	0
111	K	0.00000	0.95517	0.04483	0
112	Y	0.00000	0.11978	0.88022	0
113	L	0.00000	0.02147	0.97853	0
114	Q	0.00000	0.01341	0.98659	0
115	V	0.00000	0.00034	0.99966	0
116	L	0.00000	0	1.00000	0
117	S	0.00000	0	1.00000	0
118	M	0.00000	0	1.00000	0
119	F	0.00000	0	1.00000	0
120	A	0.00000	0	1.00000	0
121	S	0.00000	0	1.00000	0
122	T	0.00000	0	1.00000	0
123	Y	0.00000	0	1.00000	0
124	M	0.00000	0	1.00000	0
125	L	0.00000	0	1.00000	0
126	L	0.00000	0	1.00000	0
127	A	0.00000	0	1.00000	0
128	M	0.00000	0	1.00000	0
129	T	0.00000	0	1.00000	0
130	L	0.00000	0	1.00000	0
131	D	0.00000	0	1.00000	0
132	R	0.00120	0	0.99880	0
133	Y	0.04367	0	0.95633	0
134	L	0.62689	0	0.37311	0
135	A	0.89267	0	0.10733	0
136	V	0.99996	0	0.00004	0
137	C	1.00000	0	0.00000	0
138	H	1.00000	0	0.00000	0
139	P	1.00000	0	0.00000	0
140	L	1.00000	0	0.00000	0
141	R	1.00000	0	0.00000	0
142	S	1.00000	0	0.00000	0
143	L	1.00000	0	0.00000	0
144	Q	1.00000	0	0.00000	0
145	Q	1.00000	0	0.00000	0
146	P	1.00000	0	0.00000	0
147	G	1.00000	0	0.00000	0
148	Q	0.99998	0	0.00002	0
149	S	0.99289	0	0.00711	0
150	T	0.90005	0	0.09995	0
151	Y	0.40312	0	0.59688	0
152	L	0.00634	0	0.99366	0
153	L	0.00057	0	0.99943	0
154	I	0.00001	0	0.99999	0
155	A	0.00000	0	1.00000	0
156	A	0.00000	0	1.00000	0
157	P	0.00000	0	1.00000	0
158	W	0.00000	0	1.00000	0
159	L	0.00000	0	1.00000	0
160	L	0.00000	0	1.00000	0
161	A	0.00000	0	1.00000	0
162	A	0.00000	0	1.00000	0
163	I	0.00000	0	1.00000	0
164	F	0.00000	0	1.00000	0
165	S	0.00000	0	1.00000	0
166	L	0.00000	0	1.00000	0
167	P	0.00000	0	1.00000	0
168	Q	0.00000	1e-05	0.99999	0
169	V	0.00000	4e-05	0.99996	0
170	F	0.00000	0.00045	0.99955	0
171	I	0.00000	0.00963	0.99037	0
172	F	0.00000	0.0692	0.93080	0
173	S	0.00000	0.72448	0.27552	0
174	L	0.00000	0.81504	0.18496	0
175	R	0.00000	0.99775	0.00225	0
176	E	0.00000	0.99998	0.00002	0
177	V	0.00000	0.99999	0.00001	0
178	I	0.00000	1	0.00000	0
179	Q	0.00000	1	0.00000	0
180	G	0.00000	1	0.00000	0
181	S	0.00000	1	0.00000	0
182	G	0.00000	1	0.00000	0
183	V	0.00000	1	0.00000	0
184	L	0.00000	1	0.00000	0
185	D	0.00000	1	0.00000	0
186	C	0.00000	1	0.00000	0
187	W	0.00000	1	0.00000	0
188	A	0.00000	1	0.00000	0
189	D	0.00000	1	0.00000	0
190	F	0.00000	1	0.00000	0
191	G	0.00000	1	0.00000	0
192	F	0.00000	0.99997	0.00003	0
193	P	0.00000	0.99996	0.00004	0
194	W	0.00000	0.99989	0.00011	0
195	G	0.00000	0.99986	0.00014	0
196	P	0.00000	0.9977	0.00230	0
197	R	0.00000	0.98207	0.01793	0
198	A	0.00000	0.43721	0.56279	0
199	Y	0.00000	0.14163	0.85837	0
200	L	0.00000	0.10742	0.89258	0
201	T	0.00000	0.07735	0.92265	0
202	W	0.00000	0.06616	0.93384	0
203	T	0.00000	0.05919	0.94081	0
204	T	0.00000	0.02806	0.97194	0
205	L	0.00000	0.02403	0.97597	0
206	A	0.00000	6e-05	0.99994	0
207	I	0.00000	0	1.00000	0
208	F	0.00000	0	1.00000	0
209	V	0.00000	0	1.00000	0
210	L	0.00000	0	1.00000	0
211	P	0.00000	0	1.00000	0
212	V	0.00000	0	1.00000	0
213	T	0.00000	0	1.00000	0
214	M	0.00000	0	1.00000	0
215	L	0.00000	0	1.00000	0
216	T	0.00000	0	1.00000	0
217	A	0.00000	0	1.00000	0
218	C	0.00001	0	0.99999	0
219	Y	0.00008	0	0.99992	0
220	S	0.00289	0	0.99711	0
221	L	0.00469	0	0.99531	0
222	I	0.03112	0	0.96888	0
223	C	0.19564	0	0.80436	0
224	H	0.88192	0	0.11808	0
225	E	0.92113	0	0.07887	0
226	I	0.92324	0	0.07676	0
227	C	0.93429	0	0.06571	0
228	K	0.99414	0	0.00586	0
229	N	0.99969	0	0.00031	0
230	L	0.99975	0	0.00025	0
231	K	0.99998	0	0.00002	0
232	V	0.99998	0	0.00002	0
233	K	1.00000	0	0.00000	0
234	T	1.00000	0	0.00000	0
235	Q	1.00000	0	0.00000	0
236	A	1.00000	0	0.00000	0
237	W	1.00000	0	0.00000	0
238	R	1.00000	0	0.00000	0
239	V	1.00000	0	0.00000	0
240	G	1.00000	0	0.00000	0
241	G	1.00000	0	0.00000	0
242	G	1.00000	0	0.00000	0
243	G	1.00000	0	0.00000	0
244	W	1.00000	0	0.00000	0
245	R	1.00000	0	0.00000	0
246	T	1.00000	0	0.00000	0
247	W	1.00000	0	0.00000	0
248	D	1.00000	0	0.00000	0
249	R	1.00000	0	0.00000	0
250	P	1.00000	0	0.00000	0
251	S	1.00000	0	0.00000	0
252	P	1.00000	0	0.00000	0
253	S	1.00000	0	0.00000	0
254	T	1.00000	0	0.00000	0
255	L	1.00000	0	0.00000	0
256	A	1.00000	0	0.00000	0
257	A	1.00000	0	0.00000	0
258	T	1.00000	0	0.00000	0
259	T	1.00000	0	0.00000	0
260	R	1.00000	0	0.00000	0
261	G	1.00000	0	0.00000	0
262	L	1.00000	0	0.00000	0
263	P	1.00000	0	0.00000	0
264	S	1.00000	0	0.00000	0
265	R	1.00000	0	0.00000	0
266	V	1.00000	0	0.00000	0
267	S	1.00000	0	0.00000	0
268	S	1.00000	0	0.00000	0
269	I	1.00000	0	0.00000	0
270	N	1.00000	0	0.00000	0
271	T	1.00000	0	0.00000	0
272	I	1.00000	0	0.00000	0
273	S	1.00000	0	0.00000	0
274	R	0.99986	0	0.00014	0
275	A	0.99905	0	0.00095	0
276	K	0.99450	0	0.00550	0
277	I	0.71497	0	0.28503	0
278	R	0.61421	0	0.38579	0
279	T	0.58774	0	0.41226	0
280	V	0.30416	0	0.69584	0
281	K	0.30010	0	0.69990	0
282	M	0.08012	0	0.91988	0
283	T	0.07913	0	0.92087	0
284	F	0.04150	0	0.95850	0
285	V	0.00003	0	0.99997	0
286	I	0.00001	0	0.99999	0
287	V	0.00000	0	1.00000	0
288	L	0.00000	0	1.00000	0
289	A	0.00000	0	1.00000	0
290	Y	0.00000	0	1.00000	0
291	I	0.00000	0	1.00000	0
292	A	0.00000	0	1.00000	0
293	C	0.00000	0	1.00000	0
294	W	0.00000	0	1.00000	0
295	A	0.00000	0	1.00000	0
296	P	0.00000	1e-05	0.99999	0
297	F	0.00000	3e-05	0.99997	0
298	F	0.00000	0.00037	0.99963	0
299	S	0.00000	0.03834	0.96166	0
300	V	0.00000	0.07071	0.92929	0
301	Q	0.00000	0.14526	0.85474	0
302	M	0.00000	0.17473	0.82527	0
303	W	0.00000	0.33699	0.66301	0
304	S	0.00000	0.50101	0.49899	0
305	V	0.00000	0.60185	0.39815	0
306	W	0.00000	0.87365	0.12635	0
307	D	0.00000	0.99984	0.00016	0
308	K	0.00000	1	0.00000	0
309	N	0.00000	1	0.00000	0
310	A	0.00000	1	0.00000	0
311	P	0.00000	1	0.00000	0
312	D	0.00000	1	0.00000	0
313	E	0.00000	1	0.00000	0
314	D	0.00000	0.99994	0.00006	0
315	S	0.00000	0.99713	0.00287	0
316	T	0.00000	0.9494	0.05060	0
317	N	0.00000	0.78537	0.21463	0
318	V	0.00000	0.08638	0.91362	0
319	A	0.00000	0.05764	0.94236	0
320	F	0.00000	0.01497	0.98503	0
321	T	0.00000	0.00516	0.99484	0
322	I	0.00000	4e-05	0.99996	0
323	S	0.00000	1e-05	0.99999	0
324	M	0.00000	0	1.00000	0
325	L	0.00000	0	1.00000	0
326	L	0.00000	0	1.00000	0
327	G	0.00000	0	1.00000	0
328	N	0.00000	0	1.00000	0
329	L	0.00000	0	1.00000	0
330	N	0.00000	0	1.00000	0
331	S	0.00000	0	1.00000	0
332	C	0.00000	0	1.00000	0
333	C	0.00000	0	1.00000	0
334	N	0.00000	0	1.00000	0
335	P	0.00000	0	1.00000	0
336	W	0.00002	0	0.99998	0
337	I	0.00051	0	0.99949	0
338	Y	0.00256	0	0.99744	0
339	M	0.01544	0	0.98456	0
340	G	0.07890	0	0.92110	0
341	F	0.89173	0	0.10827	0
342	N	0.99370	0	0.00630	0
343	S	0.99972	0	0.00028	0
344	H	0.99998	0	0.00002	0
345	L	0.99999	0	0.00001	0
346	L	1.00000	0	0.00000	0
347	P	1.00000	0	0.00000	0
348	R	1.00000	0	0.00000	0
349	P	1.00000	0	0.00000	0
350	L	1.00000	0	0.00000	0
351	R	1.00000	0	0.00000	0
352	H	1.00000	0	0.00000	0
353	L	1.00000	0	0.00000	0
354	A	1.00000	0	0.00000	0
355	C	1.00000	0	0.00000	0
356	C	1.00000	0	0.00000	0
357	G	1.00000	0	0.00000	0
358	G	1.00000	0	0.00000	0
359	P	1.00000	0	0.00000	0
360	Q	1.00000	0	0.00000	0
361	P	1.00000	0	0.00000	0
362	R	1.00000	0	0.00000	0
363	M	1.00000	0	0.00000	0
364	R	1.00000	0	0.00000	0
365	R	1.00000	0	0.00000	0
366	R	1.00000	0	0.00000	0
367	L	1.00000	0	0.00000	0
368	S	1.00000	0	0.00000	0
369	D	1.00000	0	0.00000	0
370	G	1.00000	0	0.00000	0
371	S	1.00000	0	0.00000	0
372	L	1.00000	0	0.00000	0
373	S	1.00000	0	0.00000	0
374	S	1.00000	0	0.00000	0
375	R	1.00000	0	0.00000	0
376	H	1.00000	0	0.00000	0
377	T	1.00000	0	0.00000	0
378	T	1.00000	0	0.00000	0
379	L	1.00000	0	0.00000	0
380	L	1.00000	0	0.00000	0
381	T	1.00000	0	0.00000	0
382	R	1.00000	0	0.00000	0
383	S	1.00000	0	0.00000	0
384	S	1.00000	0	0.00000	0
385	C	1.00000	0	0.00000	0
386	P	1.00000	0	0.00000	0
387	A	1.00000	0	0.00000	0
388	T	1.00000	0	0.00000	0
389	L	1.00000	0	0.00000	0
390	S	1.00000	0	0.00000	0
391	L	1.00000	0	0.00000	0
392	S	1.00000	0	0.00000	0
393	L	1.00000	0	0.00000	0
394	S	1.00000	0	0.00000	0
395	L	1.00000	0	0.00000	0
396	T	1.00000	0	0.00000	0
397	L	1.00000	0	0.00000	0
398	S	1.00000	0	0.00000	0
399	G	1.00000	0	0.00000	0
400	R	1.00000	0	0.00000	0
401	P	1.00000	0	0.00000	0
402	R	1.00000	0	0.00000	0
403	P	1.00000	0	0.00000	0
404	E	1.00000	0	0.00000	0
405	E	1.00000	0	0.00000	0
406	S	1.00000	0	0.00000	0
407	P	1.00000	0	0.00000	0
408	R	1.00000	0	0.00000	0
409	D	1.00000	0	0.00000	0
410	L	1.00000	0	0.00000	0
411	E	1.00000	0	0.00000	0
412	L	1.00000	0	0.00000	0
413	A	1.00000	0	0.00000	0
414	D	1.00000	0	0.00000	0
415	G	1.00000	0	0.00000	0
416	E	1.00000	0	0.00000	0
417	G	1.00000	0	0.00000	0
418	T	1.00000	0	0.00000	0
419	A	1.00000	0	0.00000	0
420	E	1.00000	0	0.00000	0
421	T	1.00000	0	0.00000	0
422	I	1.00000	0	0.00000	0
423	I	1.00000	0	0.00000	0
424	F	1.00000	0	0.00000	0
