# UNNAMED
#pos	aa	i	o	M	S
1	M	0.00000	0.97984	0.00000	0.02016
2	M	0.00000	0.97984	0.00000	0.02016
3	D	0.00000	0.97984	0.00000	0.02016
4	Q	0.00000	0.97984	0.00000	0.02016
5	A	0.00000	0.97984	0.00000	0.02016
6	R	0.00000	0.97984	0.00000	0.02016
7	S	0.00000	0.97984	0.00000	0.02016
8	A	0.00000	0.97984	0.00000	0.02016
9	F	0.00000	0.97984	0.00000	0.02016
10	S	0.00000	0.97984	0.00000	0.02017
11	N	0.00000	0.97984	0.00000	0.02017
12	L	0.00000	0.97984	0.00000	0.02016
13	F	0.00000	0.97984	0.00000	0.02016
14	G	0.00000	0.97984	0.00000	0.02016
15	G	0.00000	0.97984	0.00000	0.02017
16	E	0.00000	0.97984	0.00000	0.02017
17	P	0.00000	0.97984	0.00000	0.02017
18	L	0.00000	0.97984	0.00000	0.02016
19	S	0.00000	0.97984	0.00000	0.02016
20	Y	0.00000	0.97987	0.00000	0.02013
21	T	0.00000	0.97988	0.00000	0.02013
22	R	0.00000	0.98209	0.00000	0.01792
23	F	0.00000	0.98208	0.00000	0.01791
24	S	0.00000	0.98214	0.00000	0.01786
25	L	0.00000	0.98215	0.00000	0.01785
26	A	0.00000	0.98215	0.00000	0.01785
27	R	0.00000	0.99676	0.00000	0.00324
28	Q	0.00000	0.99676	0.00000	0.00324
29	V	0.00000	0.99769	0.00000	0.00231
30	D	0.00000	0.99769	0.00000	0.00231
31	G	0.00000	0.99769	0.00000	0.00231
32	D	0.00000	1	0.00000	0
33	N	0.00000	1	0.00000	0
34	S	0.00000	1	0.00000	0
35	H	0.00000	1	0.00000	0
36	V	0.00000	1	0.00000	0
37	E	0.00000	1	0.00000	0
38	M	0.00000	1	0.00000	0
39	K	0.00000	1	0.00000	0
40	L	0.00000	1	0.00000	0
41	A	0.00000	1	0.00000	0
42	V	0.00000	1	0.00000	0
43	D	0.00000	1	0.00000	0
44	E	0.00000	1	0.00000	0
45	E	0.00000	1	0.00000	0
46	E	0.00000	1	0.00000	0
47	N	0.00000	1	0.00000	0
48	A	0.00000	1	0.00000	0
49	D	0.00000	1	0.00000	0
50	N	0.00000	1	0.00000	0
51	N	0.00000	1	0.00000	0
52	T	0.00000	1	0.00000	0
53	K	0.00000	1	0.00000	0
54	A	0.00000	1	0.00000	0
55	N	0.00000	1	0.00000	0
56	V	0.00000	1	0.00000	0
57	T	0.00000	1	0.00000	0
58	K	0.00000	1	0.00000	0
59	P	0.00000	1	0.00000	0
60	K	0.00000	1	0.00000	0
61	R	0.00000	1	0.00000	0
62	C	0.00000	1	0.00000	0
63	S	0.00000	1	0.00000	0
64	G	0.00000	1	0.00000	0
65	S	0.00000	1	0.00000	0
66	I	0.00000	1	0.00000	0
67	C	0.00000	1	0.00000	0
68	Y	0.00000	1	0.00000	0
69	G	0.00000	1	0.00000	0
70	T	0.00000	1	0.00000	0
71	I	0.00000	1	0.00000	0
72	A	0.00000	1	0.00000	0
73	V	0.00000	1	0.00000	0
74	I	0.00000	1	0.00000	0
75	V	0.00000	1	0.00000	0
76	F	0.00000	1	0.00000	0
77	F	0.00000	1	0.00000	0
78	L	0.00000	1	0.00000	0
79	I	0.00000	1	0.00000	0
80	G	0.00000	1	0.00000	0
81	F	0.00000	1	0.00000	0
82	M	0.00000	1	0.00000	0
83	I	0.00000	1	0.00000	0
84	G	0.00000	1	0.00000	0
85	Y	0.00000	1	0.00000	0
86	L	0.00000	1	0.00000	0
87	G	0.00000	1	0.00000	0
88	Y	0.00000	1	0.00000	0
89	C	0.00000	1	0.00000	0
90	K	0.00000	1	0.00000	0
91	G	0.00000	1	0.00000	0
92	V	0.00000	1	0.00000	0
93	E	0.00000	1	0.00000	0
94	P	0.00000	1	0.00000	0
95	K	0.00000	1	0.00000	0
96	T	0.00000	1	0.00000	0
97	E	0.00000	1	0.00000	0
98	C	0.00000	1	0.00000	0
99	E	0.00000	1	0.00000	0
100	R	0.00000	1	0.00000	0
101	L	0.00000	1	0.00000	0
102	A	0.00000	1	0.00000	0
103	G	0.00000	1	0.00000	0
104	T	0.00000	1	0.00000	0
105	E	0.00000	1	0.00000	0
106	S	0.00000	1	0.00000	0
107	P	0.00000	1	0.00000	0
108	V	0.00000	1	0.00000	0
109	R	0.00000	1	0.00000	0
110	E	0.00000	1	0.00000	0
111	E	0.00000	1	0.00000	0
112	P	0.00000	1	0.00000	0
113	G	0.00000	1	0.00000	0
114	E	0.00000	1	0.00000	0
115	D	0.00000	1	0.00000	0
116	F	0.00000	1	0.00000	0
117	P	0.00000	1	0.00000	0
118	A	0.00000	1	0.00000	0
119	A	0.00000	1	0.00000	0
120	R	0.00000	1	0.00000	0
121	R	0.00000	1	0.00000	0
122	L	0.00000	1	0.00000	0
123	Y	0.00000	1	0.00000	0
124	W	0.00000	1	0.00000	0
125	D	0.00000	1	0.00000	0
126	D	0.00000	1	0.00000	0
127	L	0.00000	1	0.00000	0
128	K	0.00000	1	0.00000	0
129	R	0.00000	1	0.00000	0
130	K	0.00000	1	0.00000	0
131	L	0.00000	1	0.00000	0
132	S	0.00000	1	0.00000	0
133	E	0.00000	1	0.00000	0
134	K	0.00000	1	0.00000	0
135	L	0.00000	1	0.00000	0
136	D	0.00000	1	0.00000	0
137	S	0.00000	1	0.00000	0
138	T	0.00000	1	0.00000	0
139	D	0.00000	1	0.00000	0
140	F	0.00000	1	0.00000	0
141	T	0.00000	1	0.00000	0
142	G	0.00000	1	0.00000	0
143	T	0.00000	1	0.00000	0
144	I	0.00000	1	0.00000	0
145	K	0.00000	1	0.00000	0
146	L	0.00000	1	0.00000	0
147	L	0.00000	1	0.00000	0
148	N	0.00000	1	0.00000	0
149	E	0.00000	1	0.00000	0
150	N	0.00000	1	0.00000	0
151	S	0.00000	1	0.00000	0
152	Y	0.00000	1	0.00000	0
153	V	0.00000	1	0.00000	0
154	P	0.00000	1	0.00000	0
155	R	0.00000	1	0.00000	0
156	E	0.00000	1	0.00000	0
157	A	0.00000	1	0.00000	0
158	G	0.00000	1	0.00000	0
159	S	0.00000	1	0.00000	0
160	Q	0.00000	1	0.00000	0
161	K	0.00000	1	0.00000	0
162	D	0.00000	1	0.00000	0
163	E	0.00000	1	0.00000	0
164	N	0.00000	1	0.00000	0
165	L	0.00000	1	0.00000	0
166	A	0.00000	1	0.00000	0
167	L	0.00000	1	0.00000	0
168	Y	0.00000	1	0.00000	0
169	V	0.00000	1	0.00000	0
170	E	0.00000	1	0.00000	0
171	N	0.00000	1	0.00000	0
172	Q	0.00000	1	0.00000	0
173	F	0.00000	1	0.00000	0
174	R	0.00000	1	0.00000	0
175	E	0.00000	1	0.00000	0
176	F	0.00000	1	0.00000	0
177	K	0.00000	1	0.00000	0
178	L	0.00000	1	0.00000	0
179	S	0.00000	1	0.00000	0
180	K	0.00000	1	0.00000	0
181	V	0.00000	1	0.00000	0
182	W	0.00000	1	0.00000	0
183	R	0.00000	1	0.00000	0
184	D	0.00000	1	0.00000	0
185	Q	0.00000	1	0.00000	0
186	H	0.00000	1	0.00000	0
187	F	0.00000	1	0.00000	0
188	V	0.00000	1	0.00000	0
189	K	0.00000	1	0.00000	0
190	I	0.00000	1	0.00000	0
191	Q	0.00000	1	0.00000	0
192	V	0.00000	1	0.00000	0
193	K	0.00000	1	0.00000	0
194	D	0.00000	1	0.00000	0
195	S	0.00000	1	0.00000	0
196	A	0.00000	1	0.00000	0
197	Q	0.00000	1	0.00000	0
198	N	0.00000	1	0.00000	0
199	S	0.00000	1	0.00000	0
200	V	0.00000	1	0.00000	0
201	I	0.00000	1	0.00000	0
202	I	0.00000	1	0.00000	0
203	V	0.00000	1	0.00000	0
204	D	0.00000	1	0.00000	0
205	K	0.00000	1	0.00000	0
206	N	0.00000	1	0.00000	0
207	G	0.00000	1	0.00000	0
208	R	0.00000	1	0.00000	0
209	L	0.00000	1	0.00000	0
210	V	0.00000	1	0.00000	0
211	Y	0.00000	1	0.00000	0
212	L	0.00000	1	0.00000	0
213	V	0.00000	1	0.00000	0
214	E	0.00000	1	0.00000	0
215	N	0.00000	1	0.00000	0
216	P	0.00000	1	0.00000	0
217	G	0.00000	1	0.00000	0
218	G	0.00000	1	0.00000	0
219	Y	0.00000	1	0.00000	0
220	V	0.00000	1	0.00000	0
221	A	0.00000	1	0.00000	0
222	Y	0.00000	1	0.00000	0
223	S	0.00000	1	0.00000	0
224	K	0.00000	1	0.00000	0
225	A	0.00000	1	0.00000	0
226	A	0.00000	1	0.00000	0
227	T	0.00000	1	0.00000	0
228	V	0.00000	1	0.00000	0
229	T	0.00000	1	0.00000	0
230	G	0.00000	1	0.00000	0
231	K	0.00000	1	0.00000	0
232	L	0.00000	1	0.00000	0
233	V	0.00000	1	0.00000	0
234	H	0.00000	1	0.00000	0
235	A	0.00000	1	0.00000	0
236	N	0.00000	1	0.00000	0
237	F	0.00000	1	0.00000	0
238	G	0.00000	1	0.00000	0
239	T	0.00000	1	0.00000	0
240	K	0.00000	1	0.00000	0
241	K	0.00000	1	0.00000	0
242	D	0.00000	1	0.00000	0
243	F	0.00000	1	0.00000	0
244	E	0.00000	1	0.00000	0
245	D	0.00000	1	0.00000	0
246	L	0.00000	0.99544	0.00456	0
247	Y	0.00000	0.9954	0.00460	0
248	T	0.00000	0.9954	0.00460	0
249	P	0.00000	0.9954	0.00460	0
250	V	0.00000	0.9954	0.00460	0
251	N	0.00000	0.9954	0.00460	0
252	G	0.00000	0.9954	0.00460	0
253	S	0.00000	0.99539	0.00461	0
254	I	0.00000	0.99525	0.00475	0
255	V	0.00000	0.99522	0.00478	0
256	I	0.00000	0.99521	0.00479	0
257	V	0.00000	0.9952	0.00480	0
258	R	0.00000	0.99518	0.00482	0
259	A	0.00000	0.99429	0.00571	0
260	G	0.00000	0.99292	0.00708	0
261	K	0.00000	0.99101	0.00899	0
262	I	0.00000	0.97583	0.02417	0
263	T	0.00000	0.96714	0.03286	0
264	F	0.00001	0.96411	0.03588	0
265	A	0.00034	0.96398	0.03568	0
266	E	0.00459	0.96398	0.03143	0
267	K	0.00460	0.96398	0.03143	0
268	V	0.00460	0.96398	0.03143	0
269	A	0.00460	0.96398	0.03143	0
270	N	0.00459	0.96398	0.03143	0
271	A	0.00448	0.96398	0.03154	0
272	E	0.00434	0.96398	0.03168	0
273	S	0.00157	0.96398	0.03445	0
274	L	0.00005	0.96398	0.03597	0
275	N	0.00003	0.96398	0.03599	0
276	A	0.00003	0.96398	0.03599	0
277	I	0.00002	0.96398	0.03600	0
278	G	0.00002	0.96398	0.03601	0
279	V	0.00000	0.96398	0.03602	0
280	L	0.00001	0.96398	0.03602	0
281	I	0.00017	0.96398	0.03585	0
282	Y	0.00366	0.96398	0.03236	0
283	M	0.01141	0.96398	0.02461	0
284	D	0.03129	0.96398	0.00474	0
285	Q	0.03142	0.96397	0.00461	0
286	T	0.03143	0.96396	0.00461	0
287	K	0.03143	0.96396	0.00461	0
288	F	0.03143	0.96396	0.00461	0
289	P	0.03143	0.96396	0.00461	0
290	I	0.01262	0.96397	0.02341	0
291	V	0.00728	0.96404	0.02868	0
292	N	0.00566	0.96803	0.02631	0
293	A	0.00424	0.96815	0.02760	0
294	E	0.00164	0.96853	0.02984	0
295	L	0.00053	0.96853	0.03095	0
296	S	0.00005	0.96853	0.03143	0
297	F	0.00000	0.96853	0.03147	0
298	F	0.00000	0.96853	0.03147	0
299	G	0.00000	0.96854	0.03146	0
300	H	0.00000	0.96856	0.03144	0
301	A	0.00000	0.96856	0.03144	0
302	H	0.00000	0.96856	0.03144	0
303	L	0.00000	0.96856	0.03144	0
304	G	0.00000	0.96856	0.03144	0
305	T	0.00001	0.96856	0.03143	0
306	G	0.00001	0.96856	0.03143	0
307	D	0.00001	0.96856	0.03142	0
308	P	0.00001	0.96862	0.03137	0
309	Y	0.00001	0.97058	0.02940	0
310	T	0.00001	0.97198	0.02800	0
311	P	0.00001	0.97406	0.02593	0
312	G	0.00001	0.97686	0.02312	0
313	F	0.00001	0.99869	0.00130	0
314	P	0.00001	0.99885	0.00114	0
315	S	0.00001	0.9995	0.00049	0
316	F	0.00000	0.99998	0.00002	0
317	N	0.00000	0.99999	0.00001	0
318	H	0.00000	0.99999	0.00001	0
319	T	0.00000	0.99999	0.00001	0
320	Q	0.00000	0.99999	0.00001	0
321	F	0.00000	0.99999	0.00001	0
322	P	0.00000	0.99999	0.00001	0
323	P	0.00000	0.99999	0.00001	0
324	S	0.00000	0.99999	0.00001	0
325	R	0.00000	0.99999	0.00001	0
326	S	0.00000	0.99999	0.00001	0
327	S	0.00000	0.99999	0.00001	0
328	G	0.00000	0.99999	0.00001	0
329	L	0.00000	0.99999	0.00001	0
330	P	0.00000	0.99999	0.00001	0
331	N	0.00000	0.99999	0.00001	0
332	I	0.00000	0.99999	0.00001	0
333	P	0.00000	0.99999	0.00001	0
334	V	0.00000	0.99999	0.00001	0
335	Q	0.00000	0.99999	0.00001	0
336	T	0.00000	0.99998	0.00002	0
337	I	0.00000	0.99995	0.00005	0
338	S	0.00000	0.99995	0.00005	0
339	R	0.00000	0.99995	0.00005	0
340	A	0.00000	0.99995	0.00005	0
341	A	0.00000	0.99995	0.00005	0
342	A	0.00000	0.99995	0.00005	0
343	E	0.00000	0.99995	0.00005	0
344	K	0.00000	0.99995	0.00005	0
345	L	0.00000	0.99995	0.00005	0
346	F	0.00000	0.99995	0.00005	0
347	G	0.00000	0.99995	0.00005	0
348	N	0.00000	0.99995	0.00005	0
349	M	0.00000	0.99995	0.00005	0
350	E	0.00000	0.99995	0.00005	0
351	G	0.00000	0.99995	0.00005	0
352	D	0.00000	0.99995	0.00005	0
353	C	0.00000	0.99995	0.00005	0
354	P	0.00000	0.99995	0.00005	0
355	S	0.00000	0.99995	0.00005	0
356	D	0.00000	0.99995	0.00005	0
357	W	0.00000	0.99995	0.00005	0
358	K	0.00000	0.99995	0.00005	0
359	T	0.00000	0.99995	0.00005	0
360	D	0.00000	0.99963	0.00037	0
361	S	0.00005	0.99849	0.00146	0
362	T	0.00005	0.98697	0.01297	0
363	C	0.00005	0.97814	0.02180	0
364	R	0.00005	0.96656	0.03338	0
365	M	0.00005	0.96656	0.03338	0
366	V	0.00005	0.96656	0.03338	0
367	T	0.00005	0.96656	0.03338	0
368	S	0.00005	0.96656	0.03338	0
369	E	0.00005	0.96656	0.03338	0
370	S	0.00005	0.96656	0.03338	0
371	K	0.00005	0.96656	0.03339	0
372	N	0.00005	0.96651	0.03344	0
373	V	0.00005	0.96372	0.03623	0
374	K	0.00005	0.96367	0.03628	0
375	L	0.00005	0.96361	0.03635	0
376	T	0.00004	0.96357	0.03639	0
377	V	0.00003	0.96355	0.03642	0
378	S	0.00002	0.96354	0.03644	0
379	N	0.00001	0.96353	0.03646	0
380	V	0.00001	0.96312	0.03687	0
381	L	0.00001	0.96173	0.03826	0
382	K	0.00001	0.95962	0.04037	0
383	E	0.00001	0.89378	0.10620	0
384	I	0.00086	0.77914	0.22000	0
385	K	0.02100	0.75714	0.22186	0
386	I	0.02718	0.02323	0.94959	0
387	L	0.03141	0.01285	0.95573	0
388	N	0.03307	0.01227	0.95466	0
389	I	0.03331	0.01147	0.95522	0
390	F	0.03337	0.0114	0.95522	0
391	G	0.03338	0.0114	0.95522	0
392	V	0.03342	0.01139	0.95519	0
393	I	0.03483	0.01139	0.95378	0
394	K	0.03611	0.01139	0.95250	0
395	G	0.03616	0.01139	0.95244	0
396	F	0.03617	0.01139	0.95244	0
397	V	0.03619	0.0114	0.95241	0
398	E	0.03633	0.01143	0.95224	0
399	P	0.03642	0.01143	0.95215	0
400	D	0.03629	0.01144	0.95228	0
401	H	0.03600	0.01144	0.95256	0
402	Y	0.03533	0.01144	0.95324	0
403	V	0.03372	0.01144	0.95485	0
404	V	0.03475	0.01144	0.95381	0
405	V	0.06656	0.01144	0.92201	0
406	G	0.92243	0.01144	0.06612	0
407	A	0.95450	0.01144	0.03405	0
408	Q	0.95607	0.01144	0.03249	0
409	R	0.95574	0.01144	0.03281	0
410	D	0.95550	0.01144	0.03306	0
411	A	0.95395	0.0114	0.03464	0
412	W	0.95337	0.01139	0.03524	0
413	G	0.95312	0.01138	0.03550	0
414	P	0.95245	0.01138	0.03618	0
415	G	0.41526	0.01137	0.57337	0
416	A	0.21565	0.01137	0.77298	0
417	A	0.13133	0.01137	0.85730	0
418	K	0.10082	0.01142	0.88776	0
419	S	0.03427	0.01159	0.95414	0
420	G	0.02400	0.01159	0.96441	0
421	V	0.01135	0.01162	0.97702	0
422	G	0.00868	0.01187	0.97945	0
423	T	0.00673	0.01199	0.98127	0
424	A	0.00086	0.01205	0.98708	0
425	L	0.00000	0.01222	0.98778	0
426	L	0.00000	0.0136	0.98640	0
427	L	0.00000	0.01873	0.98127	0
428	K	0.00000	0.04346	0.95654	0
429	L	0.00000	0.0436	0.95640	0
430	A	0.00000	0.04386	0.95614	0
431	Q	0.00002	0.04474	0.95524	0
432	M	0.00002	0.04505	0.95493	0
433	F	0.00005	0.17676	0.82319	0
434	S	0.00006	0.43214	0.56780	0
435	D	0.00007	0.71492	0.28501	0
436	M	0.00007	0.77552	0.22441	0
437	V	0.00007	0.83362	0.16631	0
438	L	0.00007	0.90294	0.09698	0
439	K	0.00009	0.9292	0.07072	0
440	D	0.00009	0.95787	0.04204	0
441	G	0.00009	0.97045	0.02946	0
442	F	0.00009	0.97678	0.02313	0
443	Q	0.00009	0.99153	0.00838	0
444	P	0.00009	0.99897	0.00094	0
445	S	0.00008	0.98476	0.01516	0
446	R	0.00008	0.73279	0.26713	0
447	S	0.00002	0.45247	0.54751	0
448	I	0.00000	0.14124	0.85876	0
449	I	0.00000	0.09418	0.90582	0
450	F	0.00000	0.09116	0.90884	0
451	A	0.00000	0.09072	0.90928	0
452	S	0.00000	0.08975	0.91025	0
453	W	0.00000	0.06565	0.93435	0
454	S	0.00000	0.04138	0.95862	0
455	A	0.00000	0.0172	0.98280	0
456	G	0.00000	0.01576	0.98424	0
457	D	0.00000	0.01183	0.98817	0
458	F	0.00000	0.00062	0.99938	0
459	G	0.00000	7e-05	0.99993	0
460	S	0.00000	0	1.00000	0
461	V	0.00000	0	1.00000	0
462	G	0.00000	0	1.00000	0
463	A	0.00000	0	1.00000	0
464	T	0.00001	0	0.99999	0
465	E	0.00001	0	0.99998	0
466	W	0.00002	1e-05	0.99997	0
467	L	0.00021	2e-05	0.99977	0
468	E	0.00706	6e-05	0.99287	0
469	G	0.26743	7e-05	0.73250	0
470	Y	0.72573	8e-05	0.27419	0
471	L	0.78716	9e-05	0.21275	0
472	S	0.89811	9e-05	0.10180	0
473	S	0.92699	9e-05	0.07292	0
474	L	0.93630	9e-05	0.06361	0
475	H	0.97443	9e-05	0.02548	0
476	L	0.97750	9e-05	0.02241	0
477	K	0.97957	9e-05	0.02035	0
478	A	0.98344	9e-05	0.01647	0
479	F	0.98523	9e-05	0.01468	0
480	T	0.99661	9e-05	0.00330	0
481	Y	0.99466	9e-05	0.00526	0
482	I	0.98831	9e-05	0.01160	0
483	N	0.98810	9e-05	0.01181	0
484	L	0.98306	9e-05	0.01685	0
485	D	0.97250	9e-05	0.02741	0
486	K	0.84636	8e-05	0.15355	0
487	A	0.06794	2e-05	0.93204	0
488	V	0.02357	0	0.97642	0
489	L	0.02327	0	0.97673	0
490	G	0.02320	0	0.97679	0
491	T	0.02110	0	0.97889	0
492	S	0.01841	0	0.98158	0
493	N	0.01601	0	0.98399	0
494	F	0.00044	0	0.99956	0
495	K	0.00011	0	0.99989	0
496	V	0.00004	0	0.99996	0
497	S	0.00003	1e-05	0.99996	0
498	A	0.00003	6e-05	0.99991	0
499	S	0.00002	0.00073	0.99925	0
500	P	0.00002	0.00098	0.99901	0
501	L	0.00000	0.00102	0.99898	0
502	L	0.00000	0.00118	0.99882	0
503	Y	0.00000	0.00433	0.99567	0
504	T	0.00000	0.00687	0.99313	0
505	L	0.00000	0.01197	0.98803	0
506	I	0.00000	0.04514	0.95486	0
507	E	0.00000	0.90177	0.09823	0
508	K	0.00000	0.97555	0.02445	0
509	T	0.00001	0.9759	0.02409	0
510	M	0.00003	0.97609	0.02389	0
511	Q	0.00007	0.97864	0.02129	0
512	N	0.00008	0.98102	0.01890	0
513	V	0.00009	0.98235	0.01756	0
514	K	0.00009	0.99918	0.00074	0
515	H	0.00009	0.9997	0.00022	0
516	P	0.00009	0.99983	0.00008	0
517	V	0.00009	0.99985	0.00007	0
518	T	0.00009	0.99987	0.00004	0
519	G	0.00009	0.99989	0.00002	0
520	Q	0.00009	0.99989	0.00002	0
521	F	0.00009	0.99989	0.00002	0
522	L	0.00009	0.9999	0.00002	0
523	Y	0.00009	0.99991	0.00001	0
524	Q	0.00009	0.99991	0.00000	0
525	D	0.00009	0.99991	0.00000	0
526	S	0.00009	0.99991	0.00000	0
527	N	0.00009	0.99991	0.00000	0
528	W	0.00009	0.9999	0.00001	0
529	A	0.00009	0.99983	0.00008	0
530	S	0.00008	0.99977	0.00014	0
531	K	0.00008	0.99923	0.00069	0
532	V	0.00006	0.9963	0.00364	0
533	E	0.00006	0.83714	0.16280	0
534	K	0.00005	0.78418	0.21578	0
535	L	0.00000	0.32301	0.67699	0
536	T	0.00000	0.23352	0.76648	0
537	L	0.00000	0.20302	0.79698	0
538	D	0.00000	0.16024	0.83976	0
539	N	0.00000	0.14188	0.85812	0
540	A	0.00000	0.12809	0.87191	0
541	A	0.00000	0.11316	0.88684	0
542	F	0.00000	0.08811	0.91189	0
543	P	0.00000	0.05982	0.94018	0
544	F	0.00000	0.00043	0.99957	0
545	L	0.00000	0.00033	0.99967	0
546	A	0.00000	0	1.00000	0
547	Y	0.00000	0	1.00000	0
548	S	0.00000	0	1.00000	0
549	G	0.00000	0	1.00000	0
550	I	0.00000	0	1.00000	0
551	P	0.00006	0	0.99994	0
552	A	0.00120	1e-05	0.99879	0
553	V	0.00141	1e-05	0.99858	0
554	S	0.00279	2e-05	0.99720	0
555	F	0.00342	2e-05	0.99656	0
556	C	0.00565	7e-05	0.99429	0
557	F	0.01754	7e-05	0.98239	0
558	C	0.15226	9e-05	0.84765	0
559	E	0.77934	9e-05	0.22057	0
560	D	0.85253	9e-05	0.14739	0
561	T	0.85678	9e-05	0.14313	0
562	D	0.86254	9e-05	0.13738	0
563	Y	0.86343	9e-05	0.13648	0
564	P	0.88085	9e-05	0.11906	0
565	Y	0.88163	9e-05	0.11828	0
566	L	0.88850	9e-05	0.11142	0
567	G	0.95965	9e-05	0.04026	0
568	T	0.99394	9e-05	0.00597	0
569	T	0.99563	9e-05	0.00428	0
570	M	0.99957	9e-05	0.00034	0
571	D	0.99991	9e-05	0.00000	0
572	T	0.99991	9e-05	0.00000	0
573	Y	0.99991	9e-05	0.00000	0
574	K	0.99991	9e-05	0.00000	0
575	E	0.99991	9e-05	0.00000	0
576	L	0.99991	9e-05	0.00000	0
577	I	0.99991	9e-05	0.00000	0
578	E	0.99991	9e-05	0.00000	0
579	R	0.99991	9e-05	0.00001	0
580	I	0.99989	8e-05	0.00004	0
581	P	0.99987	8e-05	0.00005	0
582	E	0.99964	8e-05	0.00028	0
583	L	0.77729	7e-05	0.22264	0
584	N	0.74377	7e-05	0.25616	0
585	K	0.31925	7e-05	0.68068	0
586	V	0.04593	7e-05	0.95400	0
587	A	0.03646	5e-05	0.96349	0
588	R	0.03646	5e-05	0.96349	0
589	A	0.03646	5e-05	0.96350	0
590	A	0.03646	5e-05	0.96350	0
591	A	0.03646	5e-05	0.96350	0
592	E	0.03646	5e-05	0.96350	0
593	V	0.03645	5e-05	0.96350	0
594	A	0.03645	5e-05	0.96350	0
595	G	0.03645	5e-05	0.96350	0
596	Q	0.03645	5e-05	0.96350	0
597	F	0.03643	5e-05	0.96352	0
598	V	0.03640	5e-05	0.96355	0
599	I	0.03640	5e-05	0.96355	0
600	K	0.03640	7e-05	0.96353	0
601	L	0.03640	0.00015	0.96345	0
602	T	0.03640	0.01119	0.95241	0
603	H	0.03641	0.09575	0.86784	0
604	D	0.03642	0.53324	0.43034	0
605	V	0.03642	0.54592	0.41766	0
606	E	0.03642	0.71529	0.24830	0
607	L	0.03642	0.73301	0.23057	0
608	N	0.03643	0.91467	0.04890	0
609	L	0.03643	0.88768	0.07589	0
610	D	0.03644	0.93091	0.03265	0
611	Y	0.03644	0.93058	0.03299	0
612	E	0.03644	0.93064	0.03292	0
613	R	0.03644	0.93065	0.03291	0
614	Y	0.03644	0.93065	0.03291	0
615	N	0.03644	0.93064	0.03292	0
616	S	0.03644	0.93064	0.03292	0
617	Q	0.03644	0.9306	0.03296	0
618	L	0.03644	0.93018	0.03338	0
619	L	0.03644	0.92419	0.03937	0
620	S	0.03644	0.92382	0.03974	0
621	F	0.03644	0.92075	0.04280	0
622	V	0.03644	0.91996	0.04360	0
623	R	0.03723	0.91973	0.04304	0
624	D	0.03723	0.91889	0.04388	0
625	L	0.03723	0.06432	0.89845	0
626	N	0.03723	0.02062	0.94215	0
627	Q	0.03723	0.01535	0.94743	0
628	Y	0.03723	0.00694	0.95584	0
629	R	0.06930	0.00557	0.92512	0
630	A	0.06930	0.00544	0.92526	0
631	D	0.06930	0.00543	0.92527	0
632	I	0.06930	0.00542	0.92528	0
633	K	0.06930	0.00541	0.92529	0
634	E	0.06930	0.0054	0.92529	0
635	M	0.06891	0.00522	0.92586	0
636	G	0.06891	0.00522	0.92587	0
637	L	0.06891	0.00486	0.92622	0
638	S	0.06891	0.00464	0.92645	0
639	L	0.06891	0.00211	0.92898	0
640	Q	0.07442	0.00204	0.92354	0
641	W	0.07478	0.00192	0.92330	0
642	L	0.07584	0.00029	0.92388	0
643	Y	0.07657	0.00027	0.92316	0
644	S	0.10234	0.00027	0.89739	0
645	A	0.13462	0.00027	0.86512	0
646	R	0.98315	0.00027	0.01658	0
647	G	0.98320	0.00027	0.01653	0
648	D	0.98342	0.00027	0.01632	0
649	F	0.98342	0.00027	0.01631	0
650	F	0.98384	0.00026	0.01590	0
651	R	0.99410	0.00026	0.00564	0
652	A	0.99412	0.00026	0.00562	0
653	T	0.99417	0.00026	0.00557	0
654	S	0.99419	0.0003	0.00551	0
655	R	0.99423	0.00054	0.00522	0
656	L	0.99429	0.0006	0.00510	0
657	T	0.99432	0.00063	0.00505	0
658	T	0.99435	0.00064	0.00500	0
659	D	0.99439	0.00065	0.00496	0
660	F	0.99439	0.00065	0.00495	0
661	G	0.99655	0.00065	0.00280	0
662	N	0.99751	0.00065	0.00184	0
663	A	0.99858	0.00065	0.00077	0
664	E	0.99934	0.00065	0.00000	0
665	K	0.99934	0.00065	0.00000	0
666	T	0.99934	0.00065	0.00000	0
667	D	0.99934	0.00065	0.00000	0
668	R	0.99934	0.00065	0.00000	0
669	F	0.99934	0.00064	0.00002	0
670	V	0.99934	0.00064	0.00002	0
671	M	0.99934	0.00064	0.00002	0
672	K	0.99935	0.00064	0.00002	0
673	K	0.99935	0.00064	0.00002	0
674	L	0.99935	0.00064	0.00002	0
675	N	0.99935	0.00064	0.00002	0
676	D	0.99935	0.00064	0.00002	0
677	R	0.99896	0.00063	0.00041	0
678	V	0.99896	0.0006	0.00044	0
679	M	0.99896	0.00052	0.00052	0
680	R	0.99896	0.00052	0.00052	0
681	V	0.99896	0.00047	0.00057	0
682	E	0.99896	0.00044	0.00060	0
683	Y	0.99895	0.00042	0.00063	0
684	H	0.99895	0.00042	0.00063	0
685	F	0.99895	0.00041	0.00064	0
686	L	0.99894	0.00041	0.00064	0
687	S	0.99894	0.00041	0.00064	0
688	P	0.99895	0.00041	0.00064	0
689	Y	0.99894	0.00041	0.00064	0
690	V	0.99895	0.0004	0.00065	0
691	S	0.99895	0.0004	0.00064	0
692	P	0.99896	0.0004	0.00064	0
693	K	0.99896	0.0004	0.00064	0
694	E	0.99896	0.00029	0.00075	0
695	S	0.99634	0.00026	0.00340	0
696	P	0.99617	0.00026	0.00357	0
697	F	0.99189	0.00026	0.00785	0
698	R	0.99078	0.00035	0.00887	0
699	H	0.99055	0.00036	0.00909	0
700	V	0.98807	0.00036	0.01157	0
701	F	0.98806	0.00037	0.01157	0
702	W	0.98806	0.00052	0.01142	0
703	G	0.98811	0.00065	0.01124	0
704	S	0.98818	0.00066	0.01116	0
705	G	0.98822	0.00066	0.01112	0
706	S	0.98828	0.00066	0.01107	0
707	H	0.98828	0.00066	0.01106	0
708	T	0.98828	0.00066	0.01106	0
709	L	0.98828	0.00066	0.01106	0
710	P	0.98828	0.00066	0.01106	0
711	A	0.98828	0.00066	0.01106	0
712	L	0.98828	0.00066	0.01106	0
713	L	0.98830	0.00066	0.01104	0
714	E	0.98844	0.00109	0.01047	0
715	N	0.98844	0.00126	0.01030	0
716	L	0.98838	0.00155	0.01007	0
717	K	0.98838	0.00603	0.00559	0
718	L	0.98838	0.00625	0.00537	0
719	R	0.98838	0.01053	0.00109	0
720	K	0.98838	0.0115	0.00012	0
721	Q	0.98838	0.01154	0.00008	0
722	N	0.98838	0.01156	0.00006	0
723	N	0.98838	0.01156	0.00006	0
724	G	0.98838	0.01156	0.00006	0
725	A	0.98838	0.01156	0.00006	0
726	F	0.98838	0.01156	0.00006	0
727	N	0.98838	0.01156	0.00006	0
728	E	0.98838	0.0115	0.00012	0
729	T	0.98838	0.0113	0.00032	0
730	L	0.98838	0.01091	0.00071	0
731	F	0.98838	0.01076	0.00087	0
732	R	0.98838	0.01072	0.00090	0
733	N	0.98838	0.01056	0.00107	0
734	Q	0.98838	0.01036	0.00126	0
735	L	0.98838	0.00987	0.00175	0
736	A	0.98838	0.0024	0.00922	0
737	L	0.98838	0.00019	0.01143	0
738	A	0.98838	4e-05	0.01158	0
739	T	0.98838	0	0.01162	0
740	W	0.98838	0	0.01162	0
741	T	0.98838	0	0.01162	0
742	I	0.98838	0	0.01162	0
743	Q	0.98838	0	0.01162	0
744	G	0.98838	0	0.01162	0
745	A	0.98838	0	0.01162	0
746	A	0.98838	0	0.01162	0
747	N	0.98838	0	0.01162	0
748	A	0.98838	0	0.01162	0
749	L	0.98839	0	0.01161	0
750	S	0.98843	0	0.01157	0
751	G	0.98851	0	0.01149	0
752	D	0.98887	0	0.01113	0
753	V	0.98893	0	0.01107	0
754	W	0.98924	0	0.01076	0
755	D	0.98988	0	0.01012	0
756	I	0.99054	0	0.00946	0
757	D	0.99695	0	0.00305	0
758	N	0.99947	0	0.00053	0
759	E	1.00000	0	0.00000	0
760	F	1.00000	0	0.00000	0
