# UNNAMED
#pos	aa	i	o	M	S
1	M	0.00000	0.99999	0.00000	1e-05
2	D	0.00000	0.99999	0.00000	1e-05
3	T	0.00000	0.99999	0.00000	1e-05
4	G	0.00000	0.99999	0.00000	1e-05
5	N	0.00000	0.99999	0.00000	1e-05
6	K	0.00000	0.99999	0.00000	1e-05
7	T	0.00000	0.99999	0.00000	1e-05
8	L	0.00000	0.99999	0.00000	1e-05
9	P	0.00000	0.99999	0.00000	1e-05
10	Q	0.00000	0.99999	0.00000	1e-05
11	D	0.00000	0.99999	0.00000	1e-05
12	F	0.00000	0.99999	0.00000	1e-05
13	L	0.00000	0.99999	0.00000	1e-05
14	L	0.00000	0.99999	0.00000	1e-05
15	L	0.00000	0.99999	0.00001	1e-05
16	G	0.00000	0.99998	0.00001	1e-05
17	F	0.00000	0.99997	0.00002	1e-05
18	P	0.00000	0.99995	0.00004	1e-05
19	G	0.00000	0.99986	0.00013	1e-05
20	S	0.00000	0.99906	0.00093	1e-05
21	Q	0.00000	0.99536	0.00463	1e-05
22	T	0.00000	0.9807	0.01929	1e-05
23	L	0.00000	0.9663	0.03369	1e-05
24	Q	0.00000	0.94168	0.05831	1e-05
25	L	0.00000	0.83601	0.16399	0
26	S	0.00000	0.78056	0.21944	0
27	L	0.00000	0.41762	0.58238	0
28	F	0.00000	0.28405	0.71595	0
29	M	0.00000	0.25668	0.74332	0
30	L	0.00000	0.23144	0.76856	0
31	F	0.00000	0.01933	0.98067	0
32	L	0.00000	0.00101	0.99899	0
33	V	0.00000	0.0001	0.99990	0
34	M	0.00000	4e-05	0.99996	0
35	Y	0.00000	0	1.00000	0
36	I	0.00000	0	1.00000	0
37	L	0.00000	0	1.00000	0
38	T	0.00000	0	1.00000	0
39	V	0.00000	0	1.00000	0
40	S	0.00000	0	1.00000	0
41	G	0.00000	0	1.00000	0
42	N	0.00000	0	1.00000	0
43	V	0.00000	0	1.00000	0
44	A	0.00000	0	1.00000	0
45	I	0.00000	0	1.00000	0
46	L	0.00010	0	0.99990	0
47	M	0.00365	0	0.99635	0
48	L	0.03330	0	0.96670	0
49	V	0.16515	0	0.83485	0
50	S	0.84852	0	0.15148	0
51	T	0.96493	0	0.03507	0
52	S	0.99614	0	0.00386	0
53	H	0.99891	0	0.00109	0
54	Q	0.99994	0	0.00006	0
55	L	0.99996	0	0.00004	0
56	H	0.99999	0	0.00001	0
57	T	1.00000	0	0.00000	0
58	P	1.00000	0	0.00000	0
59	M	0.38885	0	0.61115	0
60	Y	0.29014	0	0.70986	0
61	F	0.04001	0	0.95999	0
62	F	0.00071	0	0.99929	0
63	L	0.00009	0	0.99991	0
64	S	0.00005	0	0.99995	0
65	N	0.00000	0	1.00000	0
66	L	0.00000	0	1.00000	0
67	S	0.00000	0	1.00000	0
68	F	0.00000	0	1.00000	0
69	L	0.00000	0	1.00000	0
70	E	0.00000	0	1.00000	0
71	I	0.00000	0	1.00000	0
72	W	0.00000	0	1.00000	0
73	Y	0.00000	0	1.00000	0
74	T	0.00000	0	1.00000	0
75	T	0.00000	0	1.00000	0
76	A	0.00000	1e-05	0.99999	0
77	A	0.00000	0.00102	0.99898	0
78	V	0.00000	0.00237	0.99763	0
79	P	0.00000	0.01417	0.98583	0
80	K	0.00000	0.07526	0.92474	0
81	A	0.00000	0.11063	0.88937	0
82	L	0.00000	0.20355	0.79645	0
83	A	0.00000	0.66803	0.33197	0
84	I	0.00000	0.99886	0.00114	0
85	L	0.00000	0.99966	0.00034	0
86	L	0.00000	0.99972	0.00028	0
87	G	0.00000	0.9999	0.00010	0
88	R	0.00000	0.99999	0.00001	0
89	S	0.00000	1	0.00000	0
90	Q	0.00000	1	0.00000	0
91	T	0.00000	0.99999	0.00001	0
92	I	0.00000	0.99997	0.00003	0
93	S	0.00000	0.99997	0.00003	0
94	F	0.00000	0.99996	0.00004	0
95	T	0.00000	0.99996	0.00004	0
96	S	0.00000	0.99988	0.00012	0
97	C	0.00000	0.99938	0.00062	0
98	L	0.00000	0.94541	0.05459	0
99	L	0.00000	0.8772	0.12280	0
100	Q	0.00000	0.77974	0.22026	0
101	M	0.00000	0.05793	0.94207	0
102	Y	0.00000	0.01675	0.98325	0
103	F	0.00000	0.00115	0.99885	0
104	V	0.00000	0	1.00000	0
105	F	0.00000	0	1.00000	0
106	S	0.00000	0	1.00000	0
107	L	0.00000	0	1.00000	0
108	G	0.00000	0	1.00000	0
109	C	0.00000	0	1.00000	0
110	T	0.00000	0	1.00000	0
111	E	0.00000	0	1.00000	0
112	Y	0.00000	0	1.00000	0
113	F	0.00000	0	1.00000	0
114	L	0.00000	0	1.00000	0
115	L	0.00000	0	1.00000	0
116	A	0.00004	0	0.99996	0
117	A	0.00004	0	0.99996	0
118	M	0.00004	0	0.99996	0
119	A	0.00004	0	0.99996	0
120	Y	0.00005	0	0.99995	0
121	D	0.00007	0	0.99993	0
122	R	0.00805	0	0.99195	0
123	C	0.11825	0	0.88175	0
124	L	0.76830	0	0.23170	0
125	A	0.98481	0	0.01519	0
126	I	0.99999	0	0.00001	0
127	C	1.00000	0	0.00000	0
128	Y	1.00000	0	0.00000	0
129	P	1.00000	0	0.00000	0
130	L	1.00000	0	0.00000	0
131	H	1.00000	0	0.00000	0
132	Y	1.00000	0	0.00000	0
133	G	0.99999	0	0.00001	0
134	A	0.99997	0	0.00003	0
135	I	0.99947	0	0.00053	0
136	M	0.99827	0	0.00173	0
137	S	0.99530	0	0.00470	0
138	S	0.97107	0	0.02893	0
139	L	0.90425	0	0.09575	0
140	L	0.86554	0	0.13446	0
141	S	0.81307	0	0.18693	0
142	A	0.60841	0	0.39159	0
143	Q	0.54529	0	0.45471	0
144	L	0.14745	0	0.85255	0
145	A	0.05762	0	0.94238	0
146	L	0.00452	0	0.99548	0
147	G	0.00062	0	0.99938	0
148	S	0.00009	0	0.99991	0
149	W	0.00001	0	0.99999	0
150	V	0.00000	0	1.00000	0
151	C	0.00000	0	1.00000	0
152	G	0.00000	0	1.00000	0
153	F	0.00000	0	1.00000	0
154	V	0.00000	0	1.00000	0
155	A	0.00000	0	1.00000	0
156	I	0.00000	0	1.00000	0
157	A	0.00000	0.00024	0.99976	0
158	V	0.00000	0.00413	0.99587	0
159	P	0.00000	0.03571	0.96429	0
160	T	0.00000	0.05992	0.94008	0
161	A	0.00000	0.07036	0.92964	0
162	L	0.00000	0.09459	0.90541	0
163	I	0.00000	0.15512	0.84488	0
164	S	0.00000	0.39694	0.60306	0
165	G	0.00000	0.67695	0.32305	0
166	L	0.00000	0.75965	0.24035	0
167	S	0.00000	0.91145	0.08855	0
168	F	0.00000	0.94243	0.05757	0
169	C	0.00000	0.99747	0.00253	0
170	G	0.00000	0.99968	0.00032	0
171	P	0.00000	0.99998	0.00002	0
172	R	0.00000	1	0.00000	0
173	A	0.00000	1	0.00000	0
174	I	0.00000	1	0.00000	0
175	N	0.00000	1	0.00000	0
176	H	0.00000	1	0.00000	0
177	F	0.00000	1	0.00000	0
178	F	0.00000	1	0.00000	0
179	C	0.00000	1	0.00000	0
180	D	0.00000	1	0.00000	0
181	I	0.00000	1	0.00000	0
182	A	0.00000	1	0.00000	0
183	P	0.00000	1	0.00000	0
184	W	0.00000	1	0.00000	0
185	I	0.00000	1	0.00000	0
186	A	0.00000	1	0.00000	0
187	L	0.00000	1	0.00000	0
188	A	0.00000	1	0.00000	0
189	C	0.00000	1	0.00000	0
190	T	0.00000	1	0.00000	0
191	N	0.00000	0.99945	0.00055	0
192	T	0.00000	0.99943	0.00057	0
193	Q	0.00000	0.99846	0.00154	0
194	A	0.00000	0.98364	0.01636	0
195	V	0.00000	0.97412	0.02588	0
196	E	0.00000	0.94537	0.05463	0
197	L	0.00000	0.58571	0.41429	0
198	V	0.00000	0.24379	0.75621	0
199	A	0.00000	0.04109	0.95891	0
200	F	0.00000	0.00219	0.99781	0
201	V	0.00000	4e-05	0.99996	0
202	I	0.00000	1e-05	0.99999	0
203	A	0.00000	1e-05	0.99999	0
204	V	0.00000	0	1.00000	0
205	V	0.00000	0	1.00000	0
206	V	0.00000	0	1.00000	0
207	I	0.00000	0	1.00000	0
208	L	0.00000	0	1.00000	0
209	S	0.00000	0	1.00000	0
210	S	0.00000	0	1.00000	0
211	C	0.00000	0	1.00000	0
212	L	0.00000	0	1.00000	0
213	I	0.00000	0	1.00000	0
214	T	0.00000	0	1.00000	0
215	F	0.00000	0	1.00000	0
216	V	0.00007	0	0.99993	0
217	S	0.00038	0	0.99962	0
218	Y	0.00043	0	0.99957	0
219	V	0.00073	0	0.99927	0
220	Y	0.00326	0	0.99674	0
221	I	0.02390	0	0.97610	0
222	I	0.11140	0	0.88860	0
223	S	0.97935	0	0.02065	0
224	T	0.99705	0	0.00295	0
225	I	0.99901	0	0.00099	0
226	L	0.99960	0	0.00040	0
227	R	0.99999	0	0.00001	0
228	I	1.00000	0	0.00000	0
229	P	1.00000	0	0.00000	0
230	S	1.00000	0	0.00000	0
231	A	1.00000	0	0.00000	0
232	S	0.99996	0	0.00004	0
233	G	0.99986	0	0.00014	0
234	R	0.98569	0	0.01431	0
235	S	0.95665	0	0.04335	0
236	K	0.72826	0	0.27174	0
237	A	0.25476	0	0.74524	0
238	F	0.09301	0	0.90699	0
239	S	0.00462	0	0.99538	0
240	T	0.00457	0	0.99543	0
241	C	0.00221	0	0.99779	0
242	S	0.00172	0	0.99828	0
243	S	0.00116	0	0.99884	0
244	H	0.00115	0	0.99885	0
245	L	0.00008	0	0.99992	0
246	T	0.00001	0	0.99999	0
247	V	0.00000	0	1.00000	0
248	V	0.00000	0	1.00000	0
249	L	0.00000	0	1.00000	0
250	I	0.00000	0	1.00000	0
251	W	0.00000	0	1.00000	0
252	Y	0.00000	0	1.00000	0
253	G	0.00000	1e-05	0.99999	0
254	S	0.00000	5e-05	0.99995	0
255	T	0.00000	0.00017	0.99983	0
256	V	0.00000	0.00052	0.99948	0
257	F	0.00000	0.00382	0.99618	0
258	L	0.00000	0.01615	0.98385	0
259	H	0.00000	0.24988	0.75012	0
260	V	0.00000	0.41757	0.58243	0
261	R	0.00000	0.94872	0.05128	0
262	T	0.00000	0.9804	0.01960	0
263	S	0.00000	0.99355	0.00645	0
264	I	0.00000	0.99824	0.00176	0
265	K	0.00000	0.99993	0.00007	0
266	D	0.00000	0.99999	0.00001	0
267	A	0.00000	0.9995	0.00050	0
268	L	0.00000	0.96981	0.03019	0
269	D	0.00000	0.96083	0.03917	0
270	L	0.00000	0.29749	0.70251	0
271	I	0.00000	0.19962	0.80038	0
272	K	0.00000	0.1548	0.84520	0
273	A	0.00000	0.00796	0.99204	0
274	V	0.00000	4e-05	0.99996	0
275	H	0.00000	0	1.00000	0
276	V	0.00000	0	1.00000	0
277	L	0.00000	0	1.00000	0
278	N	0.00000	0	1.00000	0
279	T	0.00000	0	1.00000	0
280	V	0.00000	0	1.00000	0
281	V	0.00000	0	1.00000	0
282	T	0.00000	0	1.00000	0
283	P	0.00000	0	1.00000	0
284	V	0.00000	0	1.00000	0
285	L	0.00000	0	1.00000	0
286	N	0.00000	0	1.00000	0
287	P	0.00000	0	1.00000	0
288	F	0.00000	0	1.00000	0
289	I	0.00006	0	0.99994	0
290	Y	0.00106	0	0.99894	0
291	T	0.02694	0	0.97306	0
292	L	0.28985	0	0.71015	0
293	R	1.00000	0	0.00000	0
294	N	1.00000	0	0.00000	0
295	K	1.00000	0	0.00000	0
296	E	1.00000	0	0.00000	0
297	V	1.00000	0	0.00000	0
298	R	1.00000	0	0.00000	0
299	E	1.00000	0	0.00000	0
300	T	1.00000	0	0.00000	0
301	L	1.00000	0	0.00000	0
302	L	1.00000	0	0.00000	0
303	K	1.00000	0	0.00000	0
304	K	1.00000	0	0.00000	0
305	W	1.00000	0	0.00000	0
306	K	1.00000	0	0.00000	0
307	G	1.00000	0	0.00000	0
308	K	1.00000	0	0.00000	0
