# UNNAMED
#pos	aa	i	o	M	S
1	M	0.00000	1	0.00000	0
2	L	0.00000	1	0.00000	0
3	P	0.00000	1	0.00000	0
4	D	0.00000	1	0.00000	0
5	W	0.00000	1	0.00000	0
6	K	0.00000	1	0.00000	0
7	S	0.00000	0.9999	0.00010	0
8	S	0.00000	0.99946	0.00054	0
9	L	0.00000	0.9971	0.00290	0
10	I	0.00000	0.88423	0.11577	0
11	L	0.00000	0.83741	0.16259	0
12	M	0.00000	0.77143	0.22857	0
13	A	0.00000	0.37815	0.62185	0
14	Y	0.00000	0.02771	0.97229	0
15	I	0.00000	0.00145	0.99855	0
16	I	0.00000	1e-05	0.99999	0
17	I	0.00000	0	1.00000	0
18	F	0.00000	0	1.00000	0
19	L	0.00000	0	1.00000	0
20	T	0.00000	0	1.00000	0
21	G	0.00000	0	1.00000	0
22	L	0.00000	0	1.00000	0
23	P	0.00000	0	1.00000	0
24	A	0.00000	0	1.00000	0
25	N	0.00000	0	1.00000	0
26	L	0.00000	0	1.00000	0
27	L	0.00000	0	1.00000	0
28	A	0.00000	0	1.00000	0
29	L	0.00001	0	0.99999	0
30	R	0.00029	0	0.99971	0
31	A	0.00065	0	0.99935	0
32	F	0.00292	0	0.99708	0
33	V	0.05640	0	0.94360	0
34	G	0.58807	0	0.41193	0
35	R	0.99236	0	0.00764	0
36	I	0.99324	0	0.00676	0
37	R	0.99992	0	0.00008	0
38	Q	1.00000	0	0.00000	0
39	P	1.00000	0	0.00000	0
40	Q	1.00000	0	0.00000	0
41	P	1.00000	0	0.00000	0
42	A	1.00000	0	0.00000	0
43	P	1.00000	0	0.00000	0
44	V	0.64094	0	0.35906	0
45	H	0.05026	0	0.94974	0
46	I	0.00322	0	0.99678	0
47	L	0.00006	0	0.99994	0
48	L	0.00000	0	1.00000	0
49	L	0.00000	0	1.00000	0
50	S	0.00000	0	1.00000	0
51	L	0.00000	0	1.00000	0
52	T	0.00000	0	1.00000	0
53	L	0.00000	0	1.00000	0
54	A	0.00000	0	1.00000	0
55	D	0.00000	0	1.00000	0
56	L	0.00000	0	1.00000	0
57	L	0.00000	0	1.00000	0
58	L	0.00000	0	1.00000	0
59	L	0.00000	0	1.00000	0
60	L	0.00000	0	1.00000	0
61	L	0.00000	0	1.00000	0
62	L	0.00000	0	1.00000	0
63	P	0.00000	0.00021	0.99979	0
64	F	0.00000	0.00282	0.99718	0
65	K	0.00000	0.03877	0.96123	0
66	I	0.00000	0.06333	0.93667	0
67	I	0.00000	0.21978	0.78022	0
68	E	0.00000	0.99993	0.00007	0
69	A	0.00000	0.99998	0.00002	0
70	A	0.00000	1	0.00000	0
71	S	0.00000	1	0.00000	0
72	N	0.00000	1	0.00000	0
73	F	0.00000	1	0.00000	0
74	R	0.00000	1	0.00000	0
75	W	0.00000	1	0.00000	0
76	Y	0.00000	1	0.00000	0
77	L	0.00000	1	0.00000	0
78	P	0.00000	1	0.00000	0
79	K	0.00000	0.99993	0.00007	0
80	V	0.00000	0.98649	0.01351	0
81	V	0.00000	0.98142	0.01858	0
82	C	0.00000	0.98041	0.01959	0
83	A	0.00000	0.9412	0.05880	0
84	L	0.00000	0.88405	0.11595	0
85	T	0.00000	0.83741	0.16259	0
86	S	0.00000	0.30999	0.69001	0
87	F	0.00000	0.01386	0.98614	0
88	G	0.00000	0.00765	0.99235	0
89	F	0.00000	0.00135	0.99865	0
90	Y	0.00000	1e-05	0.99999	0
91	S	0.00000	0	1.00000	0
92	S	0.00000	0	1.00000	0
93	I	0.00000	0	1.00000	0
94	Y	0.00000	0	1.00000	0
95	C	0.00000	0	1.00000	0
96	S	0.00000	0	1.00000	0
97	T	0.00000	0	1.00000	0
98	W	0.00000	0	1.00000	0
99	L	0.00000	0	1.00000	0
100	L	0.00000	0	1.00000	0
101	A	0.00000	0	1.00000	0
102	G	0.00001	0	0.99999	0
103	I	0.00002	0	0.99998	0
104	S	0.00011	0	0.99989	0
105	I	0.00026	0	0.99974	0
106	E	0.00037	0	0.99963	0
107	R	0.01346	0	0.98654	0
108	Y	0.56270	0	0.43730	0
109	L	0.89176	0	0.10824	0
110	G	0.97267	0	0.02733	0
111	V	0.99969	0	0.00031	0
112	A	1.00000	0	0.00000	0
113	F	1.00000	0	0.00000	0
114	P	1.00000	0	0.00000	0
115	V	1.00000	0	0.00000	0
116	Q	1.00000	0	0.00000	0
117	Y	1.00000	0	0.00000	0
118	K	1.00000	0	0.00000	0
119	L	1.00000	0	0.00000	0
120	S	1.00000	0	0.00000	0
121	R	1.00000	0	0.00000	0
122	R	0.99998	0	0.00002	0
123	P	0.99684	0	0.00316	0
124	L	0.76503	0	0.23497	0
125	Y	0.44303	0	0.55697	0
126	G	0.15901	0	0.84099	0
127	V	0.00744	0	0.99256	0
128	I	0.00100	0	0.99900	0
129	A	0.00040	0	0.99960	0
130	A	0.00004	0	0.99996	0
131	L	0.00000	0	1.00000	0
132	V	0.00000	0	1.00000	0
133	A	0.00000	0	1.00000	0
134	W	0.00000	0	1.00000	0
135	V	0.00000	0	1.00000	0
136	M	0.00000	0	1.00000	0
137	S	0.00000	0	1.00000	0
138	F	0.00000	0	1.00000	0
139	G	0.00000	0	1.00000	0
140	H	0.00000	0	1.00000	0
141	C	0.00000	0	1.00000	0
142	T	0.00000	0	1.00000	0
143	I	0.00000	6e-05	0.99994	0
144	V	0.00000	0.00176	0.99824	0
145	I	0.00000	0.03077	0.96923	0
146	I	0.00000	0.04201	0.95799	0
147	V	0.00000	0.35608	0.64392	0
148	Q	0.00000	0.89809	0.10191	0
149	Y	0.00000	0.94628	0.05372	0
150	L	0.00000	0.9693	0.03070	0
151	N	0.00000	0.99905	0.00095	0
152	T	0.00000	0.9999	0.00010	0
153	T	0.00000	1	0.00000	0
154	E	0.00000	1	0.00000	0
155	Q	0.00000	1	0.00000	0
156	V	0.00000	1	0.00000	0
157	R	0.00000	1	0.00000	0
158	S	0.00000	1	0.00000	0
159	G	0.00000	1	0.00000	0
160	N	0.00000	1	0.00000	0
161	E	0.00000	1	0.00000	0
162	I	0.00000	1	0.00000	0
163	T	0.00000	1	0.00000	0
164	C	0.00000	1	0.00000	0
165	Y	0.00000	1	0.00000	0
166	E	0.00000	1	0.00000	0
167	N	0.00000	1	0.00000	0
168	F	0.00000	1	0.00000	0
169	T	0.00000	1	0.00000	0
170	D	0.00000	1	0.00000	0
171	N	0.00000	1	0.00000	0
172	Q	0.00000	1	0.00000	0
173	L	0.00000	0.99997	0.00003	0
174	D	0.00000	0.99997	0.00003	0
175	V	0.00000	0.82774	0.17226	0
176	V	0.00000	0.82648	0.17352	0
177	L	0.00000	0.09272	0.90728	0
178	P	0.00000	0.09224	0.90776	0
179	V	0.00000	0.06446	0.93554	0
180	R	0.00000	0.06428	0.93572	0
181	L	0.00000	0.03738	0.96262	0
182	E	0.00000	0.0367	0.96330	0
183	L	0.00000	0.01102	0.98898	0
184	C	0.00000	0.009	0.99100	0
185	L	0.00000	0.00593	0.99407	0
186	V	0.00000	4e-05	0.99996	0
187	L	0.00000	0	1.00000	0
188	F	0.00000	0	1.00000	0
189	F	0.00000	0	1.00000	0
190	I	0.00000	0	1.00000	0
191	P	0.00000	0	1.00000	0
192	M	0.00000	0	1.00000	0
193	A	0.00000	0	1.00000	0
194	V	0.00000	0	1.00000	0
195	T	0.00000	0	1.00000	0
196	I	0.00000	0	1.00000	0
197	F	0.00001	0	0.99999	0
198	C	0.00028	0	0.99972	0
199	Y	0.00230	0	0.99770	0
200	W	0.01834	0	0.98166	0
201	R	0.41904	0	0.58096	0
202	F	0.43355	0	0.56645	0
203	V	0.51043	0	0.48957	0
204	W	0.66759	0	0.33241	0
205	I	0.80265	0	0.19735	0
206	M	0.98929	0	0.01071	0
207	L	0.99066	0	0.00934	0
208	S	0.99819	0	0.00181	0
209	Q	0.99997	0	0.00003	0
210	P	1.00000	0	0.00000	0
211	L	1.00000	0	0.00000	0
212	V	1.00000	0	0.00000	0
213	G	1.00000	0	0.00000	0
214	A	1.00000	0	0.00000	0
215	Q	0.99999	0	0.00001	0
216	R	0.99950	0	0.00050	0
217	R	0.98992	0	0.01008	0
218	R	0.98980	0	0.01020	0
219	R	0.96027	0	0.03973	0
220	A	0.48765	0	0.51235	0
221	V	0.12755	0	0.87245	0
222	G	0.00576	0	0.99424	0
223	L	0.00113	0	0.99887	0
224	A	0.00029	0	0.99971	0
225	V	0.00001	0	0.99999	0
226	V	0.00000	0	1.00000	0
227	T	0.00000	0	1.00000	0
228	L	0.00000	0	1.00000	0
229	L	0.00000	0	1.00000	0
230	N	0.00000	0	1.00000	0
231	F	0.00000	0	1.00000	0
232	L	0.00000	0	1.00000	0
233	V	0.00000	0	1.00000	0
234	C	0.00000	0	1.00000	0
235	F	0.00000	0	1.00000	0
236	G	0.00000	5e-05	0.99995	0
237	P	0.00000	0.00017	0.99983	0
238	Y	0.00000	0.00033	0.99967	0
239	N	0.00000	0.00104	0.99896	0
240	V	0.00000	0.00438	0.99562	0
241	S	0.00000	0.03306	0.96694	0
242	H	0.00000	0.10857	0.89143	0
243	L	0.00000	0.20628	0.79372	0
244	V	0.00000	0.37057	0.62943	0
245	G	0.00000	0.75251	0.24749	0
246	Y	0.00000	0.86808	0.13192	0
247	H	0.00000	0.99772	0.00228	0
248	Q	0.00000	0.99982	0.00018	0
249	R	0.00000	0.99999	0.00001	0
250	K	0.00000	1	0.00000	0
251	S	0.00000	0.9956	0.00440	0
252	P	0.00000	0.98718	0.01282	0
253	W	0.00000	0.85783	0.14217	0
254	W	0.00000	0.8121	0.18790	0
255	R	0.00000	0.77521	0.22479	0
256	S	0.00000	0.59576	0.40424	0
257	I	0.00000	0.00947	0.99053	0
258	A	0.00000	0.00028	0.99972	0
259	V	0.00000	4e-05	0.99996	0
260	V	0.00000	0	1.00000	0
261	F	0.00000	0	1.00000	0
262	S	0.00000	0	1.00000	0
263	S	0.00000	0	1.00000	0
264	L	0.00000	0	1.00000	0
265	N	0.00000	0	1.00000	0
266	A	0.00000	0	1.00000	0
267	S	0.00000	0	1.00000	0
268	L	0.00000	0	1.00000	0
269	D	0.00000	0	1.00000	0
270	P	0.00000	0	1.00000	0
271	L	0.00000	0	1.00000	0
272	L	0.00002	0	0.99998	0
273	F	0.00021	0	0.99979	0
274	Y	0.00162	0	0.99838	0
275	F	0.01779	0	0.98221	0
276	S	0.22351	0	0.77649	0
277	S	0.48999	0	0.51001	0
278	S	0.86576	0	0.13424	0
279	V	0.95259	0	0.04741	0
280	V	0.98868	0	0.01132	0
281	R	1.00000	0	0.00000	0
282	R	1.00000	0	0.00000	0
283	A	1.00000	0	0.00000	0
284	F	1.00000	0	0.00000	0
285	G	1.00000	0	0.00000	0
286	R	1.00000	0	0.00000	0
287	G	1.00000	0	0.00000	0
288	L	1.00000	0	0.00000	0
289	Q	1.00000	0	0.00000	0
290	V	1.00000	0	0.00000	0
291	L	1.00000	0	0.00000	0
292	R	1.00000	0	0.00000	0
293	N	1.00000	0	0.00000	0
294	Q	1.00000	0	0.00000	0
295	G	1.00000	0	0.00000	0
296	S	1.00000	0	0.00000	0
297	S	1.00000	0	0.00000	0
298	L	1.00000	0	0.00000	0
299	L	1.00000	0	0.00000	0
300	G	1.00000	0	0.00000	0
301	R	1.00000	0	0.00000	0
302	R	1.00000	0	0.00000	0
303	G	1.00000	0	0.00000	0
304	K	1.00000	0	0.00000	0
305	D	1.00000	0	0.00000	0
306	T	1.00000	0	0.00000	0
307	A	1.00000	0	0.00000	0
308	E	1.00000	0	0.00000	0
309	G	1.00000	0	0.00000	0
310	T	1.00000	0	0.00000	0
311	N	1.00000	0	0.00000	0
312	E	1.00000	0	0.00000	0
313	D	1.00000	0	0.00000	0
314	R	1.00000	0	0.00000	0
315	G	1.00000	0	0.00000	0
316	V	1.00000	0	0.00000	0
317	G	1.00000	0	0.00000	0
318	Q	1.00000	0	0.00000	0
319	G	1.00000	0	0.00000	0
320	E	1.00000	0	0.00000	0
321	G	1.00000	0	0.00000	0
322	M	1.00000	0	0.00000	0
323	P	1.00000	0	0.00000	0
324	S	1.00000	0	0.00000	0
325	S	1.00000	0	0.00000	0
326	D	1.00000	0	0.00000	0
327	F	1.00000	0	0.00000	0
328	T	1.00000	0	0.00000	0
329	T	1.00000	0	0.00000	0
330	E	1.00000	0	0.00000	0
