# UNNAMED
#pos	aa	i	o	M	S
1	M	0.00000	0.16321	0.00000	0.83679
2	V	0.00000	0.16321	0.00000	0.83679
3	N	0.00000	0.16321	0.00000	0.83679
4	L	0.00000	0.16321	0.00000	0.83679
5	R	0.00000	0.16321	0.00000	0.8368
6	N	0.00000	0.16321	0.00000	0.83679
7	A	0.00000	0.16321	0.00000	0.8368
8	V	0.00000	0.16321	0.00000	0.8368
9	H	0.00000	0.16321	0.00000	0.83679
10	S	0.00000	0.16321	0.00000	0.83679
11	F	0.00000	0.16321	0.00000	0.8368
12	L	0.00000	0.16321	0.00000	0.83679
13	V	0.00000	0.16321	0.00000	0.83679
14	H	0.00000	0.16321	0.00000	0.83679
15	L	0.00000	0.16321	0.00000	0.8368
16	I	0.00000	0.16321	0.00000	0.83679
17	G	0.00000	0.16321	0.00000	0.83679
18	L	0.00000	0.16321	0.00000	0.83679
19	L	0.00000	0.16321	0.00000	0.83679
20	V	0.00000	0.16361	0.00000	0.83639
21	W	0.00000	0.16362	0.00000	0.83639
22	Q	0.00000	0.16362	0.00000	0.83638
23	C	0.00000	0.21229	0.00000	0.78772
24	D	0.00000	0.21239	0.00000	0.7876
25	I	0.00000	0.2124	0.00000	0.7876
26	S	0.00000	0.21242	0.00000	0.78758
27	V	0.00000	0.21359	0.00000	0.78641
28	S	0.00000	0.21536	0.00000	0.78465
29	P	0.00000	0.21535	0.00000	0.78465
30	V	0.00000	0.21711	0.00000	0.78289
31	A	0.00000	0.21713	0.00000	0.78287
32	A	0.00000	0.21713	0.00000	0.78287
33	I	0.00000	0.99991	0.00000	8e-05
34	V	0.00000	1	0.00000	0
35	T	0.00000	1	0.00000	0
36	D	0.00000	1	0.00000	0
37	I	0.00000	1	0.00000	0
38	F	0.00000	1	0.00000	0
39	N	0.00000	1	0.00000	0
40	T	0.00000	1	0.00000	0
41	S	0.00000	1	0.00000	0
42	D	0.00000	1	0.00000	0
43	G	0.00000	1	0.00000	0
44	G	0.00000	1	0.00000	0
45	R	0.00000	1	0.00000	0
46	F	0.00000	1	0.00000	0
47	K	0.00000	1	0.00000	0
48	F	0.00000	1	0.00000	0
49	P	0.00000	1	0.00000	0
50	D	0.00000	1	0.00000	0
51	G	0.00000	0.99971	0.00029	0
52	V	0.00000	0.99587	0.00413	0
53	Q	0.00000	0.99409	0.00591	0
54	N	0.00000	0.98538	0.01462	0
55	W	0.00000	0.87609	0.12391	0
56	P	0.00000	0.82537	0.17463	0
57	A	0.00000	0.66091	0.33909	0
58	L	0.00000	0.46066	0.53934	0
59	S	0.00000	0.3315	0.66850	0
60	I	0.00000	0.02158	0.97842	0
61	V	0.00000	0.00069	0.99931	0
62	I	0.00000	1e-05	0.99999	0
63	I	0.00000	0	1.00000	0
64	I	0.00000	0	1.00000	0
65	I	0.00000	0	1.00000	0
66	M	0.00000	0	1.00000	0
67	T	0.00000	0	1.00000	0
68	I	0.00000	0	1.00000	0
69	G	0.00000	0	1.00000	0
70	G	0.00000	0	1.00000	0
71	N	0.00000	0	1.00000	0
72	I	0.00000	0	1.00000	0
73	L	0.00000	0	1.00000	0
74	V	0.00000	0	1.00000	0
75	I	0.00001	0	0.99999	0
76	M	0.00213	0	0.99787	0
77	A	0.03153	0	0.96847	0
78	V	0.10730	0	0.89270	0
79	S	0.68235	0	0.31765	0
80	M	0.86686	0	0.13314	0
81	E	0.99745	0	0.00255	0
82	K	0.99995	0	0.00005	0
83	K	1.00000	0	0.00000	0
84	L	0.99997	0	0.00003	0
85	H	0.99984	0	0.00016	0
86	N	0.99898	0	0.00102	0
87	A	0.99641	0	0.00359	0
88	T	0.96910	0	0.03090	0
89	N	0.21169	0	0.78831	0
90	Y	0.07030	0	0.92970	0
91	F	0.00082	0	0.99918	0
92	L	0.00012	0	0.99988	0
93	M	0.00000	0	1.00000	0
94	S	0.00000	0	1.00000	0
95	L	0.00000	0	1.00000	0
96	A	0.00000	0	1.00000	0
97	I	0.00000	0	1.00000	0
98	A	0.00000	0	1.00000	0
99	D	0.00000	0	1.00000	0
100	M	0.00000	0	1.00000	0
101	L	0.00000	0	1.00000	0
102	V	0.00000	0	1.00000	0
103	G	0.00000	0	1.00000	0
104	L	0.00000	0	1.00000	0
105	L	0.00000	0	1.00000	0
106	V	0.00000	1e-05	0.99999	0
107	M	0.00000	0.00032	0.99968	0
108	P	0.00000	0.00942	0.99058	0
109	L	0.00000	0.03594	0.96406	0
110	S	0.00000	0.27385	0.72615	0
111	L	0.00000	0.3738	0.62620	0
112	L	0.00000	0.60513	0.39487	0
113	A	0.00000	0.98696	0.01304	0
114	I	0.00000	0.98731	0.01269	0
115	L	0.00000	0.98851	0.01149	0
116	Y	0.00000	0.99753	0.00247	0
117	D	0.00000	0.99985	0.00015	0
118	Y	0.00000	0.99994	0.00006	0
119	V	0.00000	0.99997	0.00003	0
120	W	0.00000	0.99998	0.00002	0
121	P	0.00000	0.99999	0.00001	0
122	L	0.00000	0.99999	0.00001	0
123	P	0.00000	1	0.00000	0
124	R	0.00000	1	0.00000	0
125	Y	0.00000	0.99999	0.00001	0
126	L	0.00000	0.99999	0.00001	0
127	C	0.00000	0.99999	0.00001	0
128	P	0.00000	0.99996	0.00004	0
129	V	0.00000	0.99903	0.00097	0
130	W	0.00000	0.90954	0.09046	0
131	I	0.00000	0.41645	0.58355	0
132	S	0.00000	0.32907	0.67093	0
133	L	0.00000	0.01518	0.98482	0
134	D	0.00000	0.00505	0.99495	0
135	V	0.00000	0.00015	0.99985	0
136	L	0.00000	0	1.00000	0
137	F	0.00000	0	1.00000	0
138	S	0.00000	0	1.00000	0
139	T	0.00000	0	1.00000	0
140	A	0.00000	0	1.00000	0
141	S	0.00000	0	1.00000	0
142	I	0.00000	0	1.00000	0
143	M	0.00000	0	1.00000	0
144	H	0.00000	0	1.00000	0
145	L	0.00000	0	1.00000	0
146	C	0.00000	0	1.00000	0
147	A	0.00000	0	1.00000	0
148	I	0.00000	0	1.00000	0
149	S	0.00000	0	1.00000	0
150	L	0.00000	0	1.00000	0
151	D	0.00001	0	0.99999	0
152	R	0.02088	0	0.97912	0
153	Y	0.23068	0	0.76932	0
154	V	0.76437	0	0.23563	0
155	A	0.85019	0	0.14981	0
156	I	0.99999	0	0.00001	0
157	R	1.00000	0	0.00000	0
158	N	1.00000	0	0.00000	0
159	P	1.00000	0	0.00000	0
160	I	1.00000	0	0.00000	0
161	E	1.00000	0	0.00000	0
162	H	1.00000	0	0.00000	0
163	S	1.00000	0	0.00000	0
164	R	1.00000	0	0.00000	0
165	F	1.00000	0	0.00000	0
166	N	1.00000	0	0.00000	0
167	S	1.00000	0	0.00000	0
168	R	1.00000	0	0.00000	0
169	T	0.99992	0	0.00008	0
170	K	0.99808	0	0.00192	0
171	A	0.55855	0	0.44145	0
172	I	0.13324	0	0.86676	0
173	M	0.08087	0	0.91913	0
174	K	0.06819	0	0.93181	0
175	I	0.00025	0	0.99975	0
176	A	0.00000	0	1.00000	0
177	I	0.00000	0	1.00000	0
178	V	0.00000	0	1.00000	0
179	W	0.00000	0	1.00000	0
180	A	0.00000	0	1.00000	0
181	I	0.00000	0	1.00000	0
182	S	0.00000	0	1.00000	0
183	I	0.00000	0	1.00000	0
184	G	0.00000	0	1.00000	0
185	V	0.00000	0	1.00000	0
186	S	0.00000	0	1.00000	0
187	V	0.00000	0	1.00000	0
188	P	0.00000	0	1.00000	0
189	I	0.00000	1e-05	0.99999	0
190	P	0.00000	0.00187	0.99813	0
191	V	0.00000	0.00933	0.99067	0
192	I	0.00000	0.08614	0.91386	0
193	G	0.00000	0.46592	0.53408	0
194	L	0.00000	0.62405	0.37595	0
195	R	0.00000	0.97823	0.02177	0
196	D	0.00000	0.99997	0.00003	0
197	E	0.00000	1	0.00000	0
198	E	0.00000	1	0.00000	0
199	K	0.00000	1	0.00000	0
200	V	0.00000	1	0.00000	0
201	F	0.00000	1	0.00000	0
202	V	0.00000	1	0.00000	0
203	N	0.00000	1	0.00000	0
204	N	0.00000	1	0.00000	0
205	T	0.00000	1	0.00000	0
206	T	0.00000	1	0.00000	0
207	C	0.00000	1	0.00000	0
208	V	0.00000	1	0.00000	0
209	L	0.00000	1	0.00000	0
210	N	0.00000	1	0.00000	0
211	D	0.00000	1	0.00000	0
212	P	0.00000	0.99959	0.00041	0
213	N	0.00000	0.89355	0.10645	0
214	F	0.00000	0.09234	0.90766	0
215	V	0.00000	0.07351	0.92649	0
216	L	0.00000	0.02571	0.97429	0
217	I	0.00000	0.01375	0.98625	0
218	G	0.00000	0.01184	0.98816	0
219	S	0.00000	0.00753	0.99247	0
220	F	0.00000	0.00483	0.99517	0
221	V	0.00000	0	1.00000	0
222	A	0.00000	0	1.00000	0
223	F	0.00000	0	1.00000	0
224	F	0.00000	0	1.00000	0
225	I	0.00000	0	1.00000	0
226	P	0.00000	0	1.00000	0
227	L	0.00000	0	1.00000	0
228	T	0.00000	0	1.00000	0
229	I	0.00000	0	1.00000	0
230	M	0.00000	0	1.00000	0
231	V	0.00000	0	1.00000	0
232	I	0.00000	0	1.00000	0
233	T	0.00000	0	1.00000	0
234	Y	0.00000	0	1.00000	0
235	C	0.00010	0	0.99990	0
236	L	0.00245	0	0.99755	0
237	T	0.02538	0	0.97462	0
238	I	0.03551	0	0.96449	0
239	Y	0.13828	0	0.86172	0
240	V	0.23817	0	0.76183	0
241	L	0.50713	0	0.49287	0
242	R	0.97844	0	0.02156	0
243	R	0.99928	0	0.00072	0
244	Q	0.99998	0	0.00002	0
245	A	0.99999	0	0.00001	0
246	L	0.99999	0	0.00001	0
247	M	1.00000	0	0.00000	0
248	L	1.00000	0	0.00000	0
249	L	1.00000	0	0.00000	0
250	H	1.00000	0	0.00000	0
251	G	1.00000	0	0.00000	0
252	H	1.00000	0	0.00000	0
253	T	1.00000	0	0.00000	0
254	E	1.00000	0	0.00000	0
255	E	1.00000	0	0.00000	0
256	P	1.00000	0	0.00000	0
257	P	1.00000	0	0.00000	0
258	G	1.00000	0	0.00000	0
259	L	1.00000	0	0.00000	0
260	S	1.00000	0	0.00000	0
261	L	1.00000	0	0.00000	0
262	D	1.00000	0	0.00000	0
263	F	1.00000	0	0.00000	0
264	L	1.00000	0	0.00000	0
265	K	1.00000	0	0.00000	0
266	C	1.00000	0	0.00000	0
267	C	1.00000	0	0.00000	0
268	K	1.00000	0	0.00000	0
269	R	1.00000	0	0.00000	0
270	N	1.00000	0	0.00000	0
271	T	1.00000	0	0.00000	0
272	A	1.00000	0	0.00000	0
273	E	1.00000	0	0.00000	0
274	E	1.00000	0	0.00000	0
275	E	1.00000	0	0.00000	0
276	N	1.00000	0	0.00000	0
277	S	1.00000	0	0.00000	0
278	A	1.00000	0	0.00000	0
279	N	1.00000	0	0.00000	0
280	P	1.00000	0	0.00000	0
281	N	1.00000	0	0.00000	0
282	Q	1.00000	0	0.00000	0
283	D	1.00000	0	0.00000	0
284	Q	1.00000	0	0.00000	0
285	N	1.00000	0	0.00000	0
286	A	1.00000	0	0.00000	0
287	R	1.00000	0	0.00000	0
288	R	1.00000	0	0.00000	0
289	R	1.00000	0	0.00000	0
290	K	1.00000	0	0.00000	0
291	K	1.00000	0	0.00000	0
292	K	1.00000	0	0.00000	0
293	E	1.00000	0	0.00000	0
294	R	1.00000	0	0.00000	0
295	R	1.00000	0	0.00000	0
296	P	1.00000	0	0.00000	0
297	R	1.00000	0	0.00000	0
298	G	1.00000	0	0.00000	0
299	T	1.00000	0	0.00000	0
300	M	1.00000	0	0.00000	0
301	Q	1.00000	0	0.00000	0
302	A	1.00000	0	0.00000	0
303	I	1.00000	0	0.00000	0
304	N	1.00000	0	0.00000	0
305	N	1.00000	0	0.00000	0
306	E	1.00000	0	0.00000	0
307	R	0.99245	0	0.00755	0
308	K	0.99170	0	0.00830	0
309	A	0.42338	0	0.57662	0
310	S	0.42048	0	0.57952	0
311	K	0.05867	0	0.94133	0
312	V	0.01097	0	0.98903	0
313	L	0.00594	0	0.99406	0
314	G	0.00042	0	0.99958	0
315	I	0.00001	0	0.99999	0
316	V	0.00000	0	1.00000	0
317	F	0.00000	0	1.00000	0
318	F	0.00000	0	1.00000	0
319	V	0.00000	0	1.00000	0
320	F	0.00000	0	1.00000	0
321	L	0.00000	0	1.00000	0
322	I	0.00000	0	1.00000	0
323	M	0.00000	0	1.00000	0
324	W	0.00000	0	1.00000	0
325	C	0.00000	0	1.00000	0
326	P	0.00000	0	1.00000	0
327	F	0.00000	0	1.00000	0
328	F	0.00000	1e-05	0.99999	0
329	I	0.00000	0.00014	0.99986	0
330	T	0.00000	0.00206	0.99794	0
331	N	0.00000	0.02603	0.97397	0
332	I	0.00000	0.03688	0.96312	0
333	L	0.00000	0.08078	0.91922	0
334	S	0.00000	0.26334	0.73666	0
335	V	0.00000	0.34867	0.65133	0
336	L	0.00000	0.52128	0.47872	0
337	C	0.00000	0.96628	0.03372	0
338	E	0.00000	0.99947	0.00053	0
339	K	0.00000	0.99999	0.00001	0
340	S	0.00000	1	0.00000	0
341	C	0.00000	1	0.00000	0
342	N	0.00000	1	0.00000	0
343	Q	0.00000	1	0.00000	0
344	K	0.00000	0.99996	0.00004	0
345	L	0.00000	0.9985	0.00150	0
346	M	0.00000	0.99697	0.00303	0
347	E	0.00000	0.99661	0.00339	0
348	K	0.00000	0.99165	0.00835	0
349	L	0.00000	0.94626	0.05374	0
350	L	0.00000	0.92274	0.07726	0
351	N	0.00000	0.4882	0.51180	0
352	V	0.00000	0.0035	0.99650	0
353	F	0.00000	0.00013	0.99987	0
354	V	0.00000	0	1.00000	0
355	W	0.00000	0	1.00000	0
356	I	0.00000	0	1.00000	0
357	G	0.00000	0	1.00000	0
358	Y	0.00000	0	1.00000	0
359	V	0.00000	0	1.00000	0
360	C	0.00000	0	1.00000	0
361	S	0.00000	0	1.00000	0
362	G	0.00000	0	1.00000	0
363	I	0.00000	0	1.00000	0
364	N	0.00000	0	1.00000	0
365	P	0.00000	0	1.00000	0
366	L	0.00000	0	1.00000	0
367	V	0.00002	0	0.99998	0
368	Y	0.00008	0	0.99992	0
369	T	0.00023	0	0.99977	0
370	L	0.00162	0	0.99838	0
371	F	0.09670	0	0.90330	0
372	N	0.59584	0	0.40416	0
373	K	1.00000	0	0.00000	0
374	I	1.00000	0	0.00000	0
375	Y	1.00000	0	0.00000	0
376	R	1.00000	0	0.00000	0
377	R	1.00000	0	0.00000	0
378	A	1.00000	0	0.00000	0
379	F	1.00000	0	0.00000	0
380	S	1.00000	0	0.00000	0
381	N	1.00000	0	0.00000	0
382	Y	1.00000	0	0.00000	0
383	L	1.00000	0	0.00000	0
384	R	1.00000	0	0.00000	0
385	C	1.00000	0	0.00000	0
386	N	1.00000	0	0.00000	0
387	Y	1.00000	0	0.00000	0
388	K	1.00000	0	0.00000	0
389	V	1.00000	0	0.00000	0
390	E	1.00000	0	0.00000	0
391	K	1.00000	0	0.00000	0
392	K	1.00000	0	0.00000	0
393	P	1.00000	0	0.00000	0
394	P	1.00000	0	0.00000	0
395	V	1.00000	0	0.00000	0
396	R	1.00000	0	0.00000	0
397	Q	1.00000	0	0.00000	0
398	I	1.00000	0	0.00000	0
399	P	1.00000	0	0.00000	0
400	R	1.00000	0	0.00000	0
401	V	1.00000	0	0.00000	0
402	A	1.00000	0	0.00000	0
403	A	1.00000	0	0.00000	0
404	T	1.00000	0	0.00000	0
405	A	1.00000	0	0.00000	0
406	L	1.00000	0	0.00000	0
407	S	1.00000	0	0.00000	0
408	G	1.00000	0	0.00000	0
409	R	1.00000	0	0.00000	0
410	E	1.00000	0	0.00000	0
411	L	1.00000	0	0.00000	0
412	N	1.00000	0	0.00000	0
413	V	1.00000	0	0.00000	0
414	N	1.00000	0	0.00000	0
415	I	1.00000	0	0.00000	0
416	Y	1.00000	0	0.00000	0
417	R	1.00000	0	0.00000	0
418	H	1.00000	0	0.00000	0
419	T	1.00000	0	0.00000	0
420	N	1.00000	0	0.00000	0
421	E	1.00000	0	0.00000	0
422	P	1.00000	0	0.00000	0
423	V	1.00000	0	0.00000	0
424	I	1.00000	0	0.00000	0
425	E	1.00000	0	0.00000	0
426	K	1.00000	0	0.00000	0
427	A	1.00000	0	0.00000	0
428	S	1.00000	0	0.00000	0
429	D	1.00000	0	0.00000	0
430	N	1.00000	0	0.00000	0
431	E	1.00000	0	0.00000	0
432	P	1.00000	0	0.00000	0
433	G	1.00000	0	0.00000	0
434	I	1.00000	0	0.00000	0
435	E	1.00000	0	0.00000	0
436	M	1.00000	0	0.00000	0
437	Q	1.00000	0	0.00000	0
438	V	1.00000	0	0.00000	0
439	E	1.00000	0	0.00000	0
440	N	1.00000	0	0.00000	0
441	L	1.00000	0	0.00000	0
442	E	1.00000	0	0.00000	0
443	L	1.00000	0	0.00000	0
444	P	1.00000	0	0.00000	0
445	V	1.00000	0	0.00000	0
446	N	1.00000	0	0.00000	0
447	P	1.00000	0	0.00000	0
448	S	1.00000	0	0.00000	0
449	S	1.00000	0	0.00000	0
450	V	1.00000	0	0.00000	0
451	V	1.00000	0	0.00000	0
452	S	1.00000	0	0.00000	0
453	E	1.00000	0	0.00000	0
454	R	1.00000	0	0.00000	0
455	I	1.00000	0	0.00000	0
456	S	1.00000	0	0.00000	0
457	S	1.00000	0	0.00000	0
458	V	1.00000	0	0.00000	0
