# UNNAMED
#pos	aa	i	o	M	S
1	M	0.00000	0.00252	0.00000	0.99748
2	A	0.00000	0.00252	0.00000	0.99748
3	T	0.00000	0.00252	0.00000	0.99748
4	E	0.00000	0.00252	0.00000	0.99748
5	G	0.00000	0.00252	0.00000	0.99748
6	A	0.00000	0.00252	0.00000	0.99748
7	A	0.00000	0.00252	0.00000	0.99748
8	Q	0.00000	0.00252	0.00000	0.99748
9	L	0.00000	0.00252	0.00000	0.99748
10	G	0.00000	0.00252	0.00000	0.99748
11	N	0.00000	0.00252	0.00000	0.99748
12	R	0.00000	0.00252	0.00000	0.99749
13	V	0.00000	0.00252	0.00000	0.99749
14	A	0.00000	0.00252	0.00000	0.99748
15	G	0.00000	0.00252	0.00000	0.99748
16	M	0.00000	0.00252	0.00000	0.99749
17	V	0.00000	0.00252	0.00000	0.99748
18	C	0.00000	0.00252	0.00000	0.99748
19	S	0.00000	0.00252	0.00000	0.99748
20	L	0.00000	0.00252	0.00000	0.99748
21	W	0.00000	0.00252	0.00000	0.99749
22	V	0.00000	0.00252	0.00000	0.99748
23	L	0.00000	0.00252	0.00000	0.99748
24	L	0.00000	0.00252	0.00000	0.99748
25	L	0.00000	0.00252	0.00000	0.99748
26	V	0.00000	0.00252	0.00000	0.99748
27	S	0.00000	0.00252	0.00000	0.99748
28	S	0.00000	0.00252	0.00000	0.99748
29	V	0.00000	0.00464	0.00000	0.99537
30	L	0.00000	0.00463	0.00000	0.99537
31	A	0.00000	0.00463	0.00000	0.99536
32	L	0.00000	0.94353	0.00000	0.05647
33	E	0.00000	0.95774	0.00000	0.04226
34	E	0.00000	0.96538	0.00000	0.03461
35	V	0.00000	0.971	0.00000	0.029
36	L	0.00000	0.971	0.00000	0.02899
37	L	0.00000	0.971	0.00000	0.029
38	D	0.00000	0.99947	0.00000	0.00052
39	T	0.00000	0.99948	0.00000	0.00052
40	T	0.00000	0.99954	0.00000	0.00047
41	G	0.00000	0.99953	0.00000	0.00047
42	E	0.00000	0.99999	0.00000	1e-05
43	T	0.00000	1	0.00000	0
44	S	0.00000	1	0.00000	0
45	E	0.00000	1	0.00000	0
46	I	0.00000	1	0.00000	0
47	G	0.00000	1	0.00000	0
48	W	0.00000	1	0.00000	0
49	L	0.00000	1	0.00000	0
50	T	0.00000	1	0.00000	0
51	Y	0.00000	1	0.00000	0
52	P	0.00000	1	0.00000	0
53	P	0.00000	1	0.00000	0
54	G	0.00000	1	0.00000	0
55	G	0.00000	1	0.00000	0
56	W	0.00000	1	0.00000	0
57	D	0.00000	1	0.00000	0
58	E	0.00000	1	0.00000	0
59	V	0.00000	1	0.00000	0
60	S	0.00000	1	0.00000	0
61	V	0.00000	1	0.00000	0
62	L	0.00000	1	0.00000	0
63	D	0.00000	1	0.00000	0
64	D	0.00000	1	0.00000	0
65	Q	0.00000	1	0.00000	0
66	R	0.00000	1	0.00000	0
67	R	0.00000	1	0.00000	0
68	L	0.00000	1	0.00000	0
69	T	0.00000	1	0.00000	0
70	R	0.00000	1	0.00000	0
71	T	0.00000	1	0.00000	0
72	F	0.00000	1	0.00000	0
73	E	0.00000	1	0.00000	0
74	A	0.00000	1	0.00000	0
75	C	0.00000	1	0.00000	0
76	H	0.00000	1	0.00000	0
77	V	0.00000	1	0.00000	0
78	A	0.00000	1	0.00000	0
79	G	0.00000	1	0.00000	0
80	A	0.00000	1	0.00000	0
81	P	0.00000	1	0.00000	0
82	P	0.00000	1	0.00000	0
83	G	0.00000	1	0.00000	0
84	T	0.00000	1	0.00000	0
85	G	0.00000	1	0.00000	0
86	Q	0.00000	1	0.00000	0
87	D	0.00000	1	0.00000	0
88	N	0.00000	1	0.00000	0
89	W	0.00000	1	0.00000	0
90	L	0.00000	1	0.00000	0
91	Q	0.00000	1	0.00000	0
92	T	0.00000	1	0.00000	0
93	H	0.00000	1	0.00000	0
94	F	0.00000	1	0.00000	0
95	V	0.00000	1	0.00000	0
96	E	0.00000	1	0.00000	0
97	R	0.00000	1	0.00000	0
98	R	0.00000	1	0.00000	0
99	G	0.00000	1	0.00000	0
100	A	0.00000	1	0.00000	0
101	Q	0.00000	1	0.00000	0
102	R	0.00000	1	0.00000	0
103	A	0.00000	1	0.00000	0
104	H	0.00000	1	0.00000	0
105	I	0.00000	1	0.00000	0
106	R	0.00000	1	0.00000	0
107	L	0.00000	1	0.00000	0
108	H	0.00000	1	0.00000	0
109	F	0.00000	1	0.00000	0
110	S	0.00000	1	0.00000	0
111	V	0.00000	1	0.00000	0
112	R	0.00000	1	0.00000	0
113	A	0.00000	1	0.00000	0
114	C	0.00000	1	0.00000	0
115	S	0.00000	1	0.00000	0
116	S	0.00000	1	0.00000	0
117	L	0.00000	1	0.00000	0
118	G	0.00000	1	0.00000	0
119	V	0.00000	1	0.00000	0
120	S	0.00000	1	0.00000	0
121	G	0.00000	1	0.00000	0
122	G	0.00000	1	0.00000	0
123	T	0.00000	1	0.00000	0
124	C	0.00000	1	0.00000	0
125	R	0.00000	1	0.00000	0
126	E	0.00000	1	0.00000	0
127	T	0.00000	1	0.00000	0
128	F	0.00000	1	0.00000	0
129	T	0.00000	1	0.00000	0
130	L	0.00000	1	0.00000	0
131	Y	0.00000	1	0.00000	0
132	Y	0.00000	1	0.00000	0
133	R	0.00000	1	0.00000	0
134	Q	0.00000	1	0.00000	0
135	A	0.00000	1	0.00000	0
136	E	0.00000	1	0.00000	0
137	E	0.00000	1	0.00000	0
138	P	0.00000	1	0.00000	0
139	D	0.00000	1	0.00000	0
140	S	0.00000	1	0.00000	0
141	P	0.00000	1	0.00000	0
142	D	0.00000	1	0.00000	0
143	S	0.00000	1	0.00000	0
144	V	0.00000	1	0.00000	0
145	S	0.00000	1	0.00000	0
146	S	0.00000	1	0.00000	0
147	W	0.00000	1	0.00000	0
148	H	0.00000	1	0.00000	0
149	L	0.00000	1	0.00000	0
150	K	0.00000	1	0.00000	0
151	R	0.00000	1	0.00000	0
152	W	0.00000	1	0.00000	0
153	T	0.00000	1	0.00000	0
154	K	0.00000	1	0.00000	0
155	V	0.00000	1	0.00000	0
156	D	0.00000	1	0.00000	0
157	T	0.00000	1	0.00000	0
158	I	0.00000	1	0.00000	0
159	A	0.00000	1	0.00000	0
160	A	0.00000	1	0.00000	0
161	D	0.00000	1	0.00000	0
162	E	0.00000	1	0.00000	0
163	S	0.00000	1	0.00000	0
164	F	0.00000	1	0.00000	0
165	P	0.00000	1	0.00000	0
166	S	0.00000	1	0.00000	0
167	S	0.00000	1	0.00000	0
168	S	0.00000	1	0.00000	0
169	S	0.00000	1	0.00000	0
170	S	0.00000	1	0.00000	0
171	S	0.00000	1	0.00000	0
172	S	0.00000	1	0.00000	0
173	S	0.00000	1	0.00000	0
174	S	0.00000	1	0.00000	0
175	S	0.00000	1	0.00000	0
176	S	0.00000	1	0.00000	0
177	A	0.00000	1	0.00000	0
178	A	0.00000	1	0.00000	0
179	W	0.00000	1	0.00000	0
180	A	0.00000	1	0.00000	0
181	V	0.00000	1	0.00000	0
182	G	0.00000	1	0.00000	0
183	P	0.00000	1	0.00000	0
184	H	0.00000	1	0.00000	0
185	G	0.00000	1	0.00000	0
186	A	0.00000	1	0.00000	0
187	G	0.00000	1	0.00000	0
188	Q	0.00000	1	0.00000	0
189	R	0.00000	1	0.00000	0
190	A	0.00000	1	0.00000	0
191	G	0.00000	1	0.00000	0
192	L	0.00000	1	0.00000	0
193	Q	0.00000	1	0.00000	0
194	L	0.00000	1	0.00000	0
195	N	0.00000	1	0.00000	0
196	V	0.00000	1	0.00000	0
197	K	0.00000	1	0.00000	0
198	E	0.00000	1	0.00000	0
199	R	0.00000	1	0.00000	0
200	S	0.00000	1	0.00000	0
201	F	0.00000	1	0.00000	0
202	G	0.00000	1	0.00000	0
203	P	0.00000	1	0.00000	0
204	L	0.00000	1	0.00000	0
205	T	0.00000	1	0.00000	0
206	Q	0.00000	1	0.00000	0
207	R	0.00000	1	0.00000	0
208	G	0.00000	1	0.00000	0
209	F	0.00000	1	0.00000	0
210	Y	0.00000	1	0.00000	0
211	V	0.00000	1	0.00000	0
212	A	0.00000	1	0.00000	0
213	F	0.00000	1	0.00000	0
214	Q	0.00000	1	0.00000	0
215	D	0.00000	1	0.00000	0
216	T	0.00000	1	0.00000	0
217	G	0.00000	1	0.00000	0
218	A	0.00000	1	0.00000	0
219	C	0.00000	1	0.00000	0
220	L	0.00000	1	0.00000	0
221	A	0.00000	1	0.00000	0
222	L	0.00000	1	0.00000	0
223	V	0.00000	1	0.00000	0
224	A	0.00000	1	0.00000	0
225	V	0.00000	1	0.00000	0
226	R	0.00000	1	0.00000	0
227	L	0.00000	1	0.00000	0
228	F	0.00000	1	0.00000	0
229	S	0.00000	1	0.00000	0
230	Y	0.00000	1	0.00000	0
231	T	0.00000	1	0.00000	0
232	C	0.00000	1	0.00000	0
233	P	0.00000	1	0.00000	0
234	A	0.00000	1	0.00000	0
235	V	0.00000	1	0.00000	0
236	L	0.00000	1	0.00000	0
237	R	0.00000	1	0.00000	0
238	S	0.00000	1	0.00000	0
239	F	0.00000	1	0.00000	0
240	A	0.00000	1	0.00000	0
241	S	0.00000	1	0.00000	0
242	F	0.00000	1	0.00000	0
243	P	0.00000	1	0.00000	0
244	E	0.00000	1	0.00000	0
245	T	0.00000	1	0.00000	0
246	Q	0.00000	1	0.00000	0
247	A	0.00000	1	0.00000	0
248	S	0.00000	1	0.00000	0
249	G	0.00000	1	0.00000	0
250	A	0.00000	1	0.00000	0
251	G	0.00000	1	0.00000	0
252	G	0.00000	1	0.00000	0
253	A	0.00000	1	0.00000	0
254	S	0.00000	1	0.00000	0
255	L	0.00000	1	0.00000	0
256	V	0.00000	1	0.00000	0
257	A	0.00000	1	0.00000	0
258	A	0.00000	1	0.00000	0
259	V	0.00000	1	0.00000	0
260	G	0.00000	1	0.00000	0
261	T	0.00000	1	0.00000	0
262	C	0.00000	1	0.00000	0
263	V	0.00000	1	0.00000	0
264	A	0.00000	1	0.00000	0
265	H	0.00000	1	0.00000	0
266	A	0.00000	1	0.00000	0
267	E	0.00000	1	0.00000	0
268	P	0.00000	1	0.00000	0
269	E	0.00000	1	0.00000	0
270	E	0.00000	1	0.00000	0
271	D	0.00000	1	0.00000	0
272	G	0.00000	1	0.00000	0
273	V	0.00000	1	0.00000	0
274	G	0.00000	1	0.00000	0
275	G	0.00000	1	0.00000	0
276	Q	0.00000	1	0.00000	0
277	A	0.00000	1	0.00000	0
278	G	0.00000	1	0.00000	0
279	G	0.00000	1	0.00000	0
280	S	0.00000	1	0.00000	0
281	P	0.00000	1	0.00000	0
282	P	0.00000	1	0.00000	0
283	R	0.00000	1	0.00000	0
284	L	0.00000	1	0.00000	0
285	H	0.00000	1	0.00000	0
286	C	0.00000	1	0.00000	0
287	N	0.00000	1	0.00000	0
288	G	0.00000	1	0.00000	0
289	E	0.00000	1	0.00000	0
290	G	0.00000	1	0.00000	0
291	K	0.00000	1	0.00000	0
292	W	0.00000	1	0.00000	0
293	M	0.00000	1	0.00000	0
294	V	0.00000	1	0.00000	0
295	A	0.00000	1	0.00000	0
296	V	0.00000	1	0.00000	0
297	G	0.00000	1	0.00000	0
298	G	0.00000	1	0.00000	0
299	C	0.00000	1	0.00000	0
300	R	0.00000	1	0.00000	0
301	C	0.00000	1	0.00000	0
302	Q	0.00000	1	0.00000	0
303	P	0.00000	1	0.00000	0
304	G	0.00000	1	0.00000	0
305	Y	0.00000	1	0.00000	0
306	Q	0.00000	1	0.00000	0
307	P	0.00000	1	0.00000	0
308	A	0.00000	1	0.00000	0
309	R	0.00000	1	0.00000	0
310	G	0.00000	1	0.00000	0
311	D	0.00000	1	0.00000	0
312	K	0.00000	1	0.00000	0
313	A	0.00000	1	0.00000	0
314	C	0.00000	1	0.00000	0
315	Q	0.00000	1	0.00000	0
316	A	0.00000	1	0.00000	0
317	C	0.00000	1	0.00000	0
318	P	0.00000	1	0.00000	0
319	R	0.00000	1	0.00000	0
320	G	0.00000	1	0.00000	0
321	L	0.00000	1	0.00000	0
322	Y	0.00000	1	0.00000	0
323	K	0.00000	1	0.00000	0
324	S	0.00000	1	0.00000	0
325	S	0.00000	1	0.00000	0
326	A	0.00000	1	0.00000	0
327	G	0.00000	1	0.00000	0
328	N	0.00000	1	0.00000	0
329	A	0.00000	1	0.00000	0
330	P	0.00000	1	0.00000	0
331	C	0.00000	1	0.00000	0
332	S	0.00000	1	0.00000	0
333	P	0.00000	1	0.00000	0
334	C	0.00000	1	0.00000	0
335	P	0.00000	1	0.00000	0
336	A	0.00000	1	0.00000	0
337	R	0.00000	1	0.00000	0
338	S	0.00000	1	0.00000	0
339	H	0.00000	1	0.00000	0
340	A	0.00000	1	0.00000	0
341	P	0.00000	1	0.00000	0
342	N	0.00000	1	0.00000	0
343	P	0.00000	1	0.00000	0
344	A	0.00000	1	0.00000	0
345	A	0.00000	1	0.00000	0
346	P	0.00000	1	0.00000	0
347	V	0.00000	1	0.00000	0
348	C	0.00000	1	0.00000	0
349	P	0.00000	1	0.00000	0
350	C	0.00000	1	0.00000	0
351	L	0.00000	1	0.00000	0
352	E	0.00000	1	0.00000	0
353	G	0.00000	1	0.00000	0
354	F	0.00000	1	0.00000	0
355	Y	0.00000	1	0.00000	0
356	R	0.00000	1	0.00000	0
357	A	0.00000	1	0.00000	0
358	S	0.00000	1	0.00000	0
359	S	0.00000	1	0.00000	0
360	D	0.00000	1	0.00000	0
361	P	0.00000	1	0.00000	0
362	P	0.00000	1	0.00000	0
363	E	0.00000	1	0.00000	0
364	A	0.00000	1	0.00000	0
365	P	0.00000	1	0.00000	0
366	C	0.00000	1	0.00000	0
367	T	0.00000	1	0.00000	0
368	G	0.00000	1	0.00000	0
369	P	0.00000	1	0.00000	0
370	P	0.00000	1	0.00000	0
371	S	0.00000	1	0.00000	0
372	A	0.00000	1	0.00000	0
373	P	0.00000	1	0.00000	0
374	Q	0.00000	1	0.00000	0
375	E	0.00000	1	0.00000	0
376	L	0.00000	1	0.00000	0
377	W	0.00000	1	0.00000	0
378	F	0.00000	1	0.00000	0
379	E	0.00000	1	0.00000	0
380	V	0.00000	1	0.00000	0
381	Q	0.00000	1	0.00000	0
382	G	0.00000	1	0.00000	0
383	S	0.00000	1	0.00000	0
384	A	0.00000	1	0.00000	0
385	L	0.00000	1	0.00000	0
386	M	0.00000	1	0.00000	0
387	L	0.00000	1	0.00000	0
388	H	0.00000	1	0.00000	0
389	W	0.00000	1	0.00000	0
390	R	0.00000	1	0.00000	0
391	L	0.00000	1	0.00000	0
392	P	0.00000	1	0.00000	0
393	R	0.00000	1	0.00000	0
394	E	0.00000	1	0.00000	0
395	L	0.00000	1	0.00000	0
396	G	0.00000	1	0.00000	0
397	G	0.00000	1	0.00000	0
398	R	0.00000	1	0.00000	0
399	G	0.00000	1	0.00000	0
400	D	0.00000	1	0.00000	0
401	L	0.00000	1	0.00000	0
402	L	0.00000	1	0.00000	0
403	F	0.00000	1	0.00000	0
404	N	0.00000	1	0.00000	0
405	V	0.00000	1	0.00000	0
406	V	0.00000	1	0.00000	0
407	C	0.00000	1	0.00000	0
408	K	0.00000	1	0.00000	0
409	E	0.00000	1	0.00000	0
410	C	0.00000	1	0.00000	0
411	E	0.00000	1	0.00000	0
412	G	0.00000	1	0.00000	0
413	R	0.00000	1	0.00000	0
414	Q	0.00000	1	0.00000	0
415	E	0.00000	1	0.00000	0
416	P	0.00000	1	0.00000	0
417	A	0.00000	1	0.00000	0
418	S	0.00000	1	0.00000	0
419	G	0.00000	1	0.00000	0
420	G	0.00000	1	0.00000	0
421	G	0.00000	1	0.00000	0
422	G	0.00000	1	0.00000	0
423	T	0.00000	1	0.00000	0
424	C	0.00000	1	0.00000	0
425	H	0.00000	1	0.00000	0
426	R	0.00000	1	0.00000	0
427	C	0.00000	1	0.00000	0
428	R	0.00000	1	0.00000	0
429	D	0.00000	1	0.00000	0
430	E	0.00000	1	0.00000	0
431	V	0.00000	1	0.00000	0
432	H	0.00000	1	0.00000	0
433	F	0.00000	1	0.00000	0
434	D	0.00000	1	0.00000	0
435	P	0.00000	1	0.00000	0
436	R	0.00000	1	0.00000	0
437	Q	0.00000	1	0.00000	0
438	R	0.00000	1	0.00000	0
439	G	0.00000	1	0.00000	0
440	L	0.00000	1	0.00000	0
441	T	0.00000	1	0.00000	0
442	E	0.00000	1	0.00000	0
443	S	0.00000	1	0.00000	0
444	R	0.00000	1	0.00000	0
445	V	0.00000	1	0.00000	0
446	L	0.00000	1	0.00000	0
447	V	0.00000	1	0.00000	0
448	G	0.00000	1	0.00000	0
449	G	0.00000	1	0.00000	0
450	L	0.00000	1	0.00000	0
451	R	0.00000	1	0.00000	0
452	A	0.00000	1	0.00000	0
453	H	0.00000	1	0.00000	0
454	V	0.00000	1	0.00000	0
455	P	0.00000	1	0.00000	0
456	Y	0.00000	1	0.00000	0
457	I	0.00000	1	0.00000	0
458	L	0.00000	1	0.00000	0
459	E	0.00000	1	0.00000	0
460	V	0.00000	1	0.00000	0
461	Q	0.00000	1	0.00000	0
462	A	0.00000	1	0.00000	0
463	V	0.00000	1	0.00000	0
464	N	0.00000	1	0.00000	0
465	G	0.00000	1	0.00000	0
466	V	0.00000	1	0.00000	0
467	S	0.00000	1	0.00000	0
468	E	0.00000	1	0.00000	0
469	L	0.00000	1	0.00000	0
470	S	0.00000	1	0.00000	0
471	P	0.00000	1	0.00000	0
472	D	0.00000	1	0.00000	0
473	P	0.00000	1	0.00000	0
474	P	0.00000	1	0.00000	0
475	Q	0.00000	1	0.00000	0
476	A	0.00000	1	0.00000	0
477	A	0.00000	1	0.00000	0
478	A	0.00000	1	0.00000	0
479	I	0.00000	1	0.00000	0
480	N	0.00000	1	0.00000	0
481	V	0.00000	1	0.00000	0
482	S	0.00000	1	0.00000	0
483	T	0.00000	1	0.00000	0
484	S	0.00000	1	0.00000	0
485	H	0.00000	1	0.00000	0
486	E	0.00000	1	0.00000	0
487	V	0.00000	1	0.00000	0
488	P	0.00000	1	0.00000	0
489	S	0.00000	1	0.00000	0
490	A	0.00000	1	0.00000	0
491	V	0.00000	1	0.00000	0
492	P	0.00000	1	0.00000	0
493	V	0.00000	1	0.00000	0
494	V	0.00000	1	0.00000	0
495	H	0.00000	1	0.00000	0
496	Q	0.00000	1	0.00000	0
497	V	0.00000	1	0.00000	0
498	S	0.00000	1	0.00000	0
499	R	0.00000	1	0.00000	0
500	A	0.00000	1	0.00000	0
501	S	0.00000	1	0.00000	0
502	N	0.00000	1	0.00000	0
503	S	0.00000	1	0.00000	0
504	I	0.00000	1	0.00000	0
505	T	0.00000	1	0.00000	0
506	V	0.00000	1	0.00000	0
507	S	0.00000	1	0.00000	0
508	W	0.00000	1	0.00000	0
509	P	0.00000	1	0.00000	0
510	Q	0.00000	1	0.00000	0
511	P	0.00000	1	0.00000	0
512	D	0.00000	1	0.00000	0
513	Q	0.00000	1	0.00000	0
514	T	0.00000	1	0.00000	0
515	N	0.00000	1	0.00000	0
516	G	0.00000	1	0.00000	0
517	N	0.00000	1	0.00000	0
518	I	0.00000	1	0.00000	0
519	L	0.00000	1	0.00000	0
520	D	0.00000	1	0.00000	0
521	Y	0.00000	1	0.00000	0
522	Q	0.00000	1	0.00000	0
523	L	0.00000	1	0.00000	0
524	R	0.00000	1	0.00000	0
525	Y	0.00000	1	0.00000	0
526	Y	0.00000	1	0.00000	0
527	D	0.00000	1	0.00000	0
528	Q	0.00000	1	0.00000	0
529	A	0.00000	1	0.00000	0
530	E	0.00000	1	0.00000	0
531	D	0.00000	1	0.00000	0
532	E	0.00000	1	0.00000	0
533	S	0.00000	1	0.00000	0
534	H	0.00000	1	0.00000	0
535	S	0.00000	1	0.00000	0
536	F	0.00000	1	0.00000	0
537	T	0.00000	1	0.00000	0
538	L	0.00000	1	0.00000	0
539	T	0.00000	1	0.00000	0
540	S	0.00000	1	0.00000	0
541	E	0.00000	1	0.00000	0
542	T	0.00000	1	0.00000	0
543	N	0.00000	1	0.00000	0
544	T	0.00000	1	0.00000	0
545	A	0.00000	1	0.00000	0
546	T	0.00000	1	0.00000	0
547	V	0.00000	1	0.00000	0
548	T	0.00000	1	0.00000	0
549	Q	0.00000	1	0.00000	0
550	L	0.00000	1	0.00000	0
551	S	0.00000	1	0.00000	0
552	P	0.00000	1	0.00000	0
553	G	0.00000	1	0.00000	0
554	H	0.00000	1	0.00000	0
555	I	0.00000	1	0.00000	0
556	Y	0.00000	1	0.00000	0
557	G	0.00000	1	0.00000	0
558	F	0.00000	1	0.00000	0
559	Q	0.00000	1	0.00000	0
560	V	0.00000	1	0.00000	0
561	R	0.00000	1	0.00000	0
562	A	0.00000	1	0.00000	0
563	R	0.00000	1	0.00000	0
564	T	0.00000	1	0.00000	0
565	A	0.00000	1	0.00000	0
566	A	0.00000	1	0.00000	0
567	G	0.00000	1	0.00000	0
568	H	0.00000	1	0.00000	0
569	G	0.00000	1	0.00000	0
570	P	0.00000	1	0.00000	0
571	Y	0.00000	1	0.00000	0
572	G	0.00000	1	0.00000	0
573	G	0.00000	1	0.00000	0
574	K	0.00000	1	0.00000	0
575	V	0.00000	1	0.00000	0
576	Y	0.00000	1	0.00000	0
577	F	0.00000	1	0.00000	0
578	Q	0.00000	1	0.00000	0
579	T	0.00000	1	0.00000	0
580	L	0.00000	1	0.00000	0
581	P	0.00000	1	0.00000	0
582	Q	0.00000	1	0.00000	0
583	G	0.00000	1	0.00000	0
584	E	0.00000	1	0.00000	0
585	L	0.00000	1	0.00000	0
586	S	0.00000	1	0.00000	0
587	S	0.00000	1	0.00000	0
588	Q	0.00000	0.99999	0.00000	0
589	L	0.00000	0.99997	0.00003	0
590	P	0.00000	0.99996	0.00004	0
591	E	0.00000	0.99992	0.00008	0
592	R	0.00000	0.99751	0.00249	0
593	L	0.00000	0.71311	0.28689	0
594	S	0.00000	0.6038	0.39620	0
595	L	0.00000	0.39863	0.60137	0
596	V	0.00000	0.08847	0.91153	0
597	I	0.00000	0.01223	0.98777	0
598	G	0.00000	0.00824	0.99176	0
599	S	0.00000	0.00418	0.99582	0
600	I	0.00000	0.00017	0.99983	0
601	L	0.00000	5e-05	0.99995	0
602	G	0.00000	4e-05	0.99996	0
603	A	0.00000	4e-05	0.99996	0
604	L	0.00000	4e-05	0.99996	0
605	A	0.00000	4e-05	0.99996	0
606	F	0.00000	4e-05	0.99996	0
607	L	0.00000	4e-05	0.99996	0
608	L	0.00000	4e-05	0.99996	0
609	L	0.00000	4e-05	0.99996	0
610	A	0.00000	4e-05	0.99996	0
611	A	0.00000	4e-05	0.99996	0
612	I	0.00000	4e-05	0.99995	0
613	T	0.00028	4e-05	0.99967	0
614	V	0.00050	4e-05	0.99946	0
615	L	0.00180	4e-05	0.99815	0
616	A	0.00919	4e-05	0.99077	0
617	V	0.02380	4e-05	0.97616	0
618	V	0.05154	4e-05	0.94842	0
619	F	0.20773	4e-05	0.79223	0
620	Q	0.97885	4e-05	0.02111	0
621	R	0.99930	4e-05	0.00066	0
622	K	0.99995	4e-05	0.00001	0
623	R	0.99995	4e-05	0.00001	0
624	R	0.99695	4e-05	0.00300	0
625	G	0.96294	4e-05	0.03702	0
626	T	0.95866	4e-05	0.04129	0
627	G	0.91417	4e-05	0.08579	0
628	Y	0.75828	4e-05	0.24168	0
629	T	0.72866	4e-05	0.27129	0
630	E	0.66908	4e-05	0.33088	0
631	Q	0.14294	4e-05	0.85702	0
632	L	0.00111	4e-05	0.99885	0
633	Q	0.00000	4e-05	0.99995	0
634	Q	0.00000	4e-05	0.99995	0
635	Y	0.00000	4e-05	0.99995	0
636	S	0.00000	4e-05	0.99995	0
637	S	0.00000	4e-05	0.99995	0
638	P	0.00000	4e-05	0.99995	0
639	G	0.00000	4e-05	0.99996	0
640	L	0.00000	4e-05	0.99996	0
641	G	0.00000	4e-05	0.99996	0
642	V	0.00000	7e-05	0.99993	0
643	K	0.00000	0.03822	0.96178	0
644	Y	0.00000	0.03847	0.96153	0
645	Y	0.00000	0.03953	0.96047	0
646	I	0.00000	0.05055	0.94945	0
647	D	0.00000	0.22589	0.77411	0
648	P	0.00000	0.27999	0.72001	0
649	S	0.00000	0.36372	0.63628	0
650	T	0.00000	0.51404	0.48596	0
651	Y	0.00000	0.75859	0.24141	0
652	E	0.00000	0.89536	0.10464	0
653	D	0.00000	0.99992	0.00008	0
654	P	0.00000	0.99993	0.00007	0
655	C	0.00000	1	0.00000	0
656	Q	0.00000	1	0.00000	0
657	A	0.00000	1	0.00000	0
658	I	0.00000	1	0.00000	0
659	R	0.00000	1	0.00000	0
660	E	0.00000	1	0.00000	0
661	L	0.00000	1	0.00000	0
662	A	0.00000	1	0.00000	0
663	R	0.00000	1	0.00000	0
664	E	0.00000	1	0.00000	0
665	V	0.00000	0.99616	0.00384	0
666	D	0.00000	0.99527	0.00473	0
667	P	0.00000	0.99433	0.00567	0
668	A	0.00000	0.98443	0.01557	0
669	Y	0.00000	0.98443	0.01557	0
670	I	0.00000	0.98443	0.01557	0
671	K	0.00000	0.98443	0.01557	0
672	I	0.00000	0.98443	0.01557	0
673	E	0.00000	0.98443	0.01557	0
674	E	0.00000	0.98443	0.01557	0
675	V	0.00000	0.98443	0.01557	0
676	I	0.00000	0.98443	0.01557	0
677	G	0.00000	0.98443	0.01557	0
678	T	0.00000	0.98443	0.01557	0
679	G	0.00000	0.98443	0.01557	0
680	S	0.00000	0.98443	0.01557	0
681	F	0.00000	0.98443	0.01557	0
682	G	0.00000	0.98443	0.01557	0
683	E	0.00000	0.98443	0.01557	0
684	V	0.00002	0.98443	0.01556	0
685	R	0.00050	0.98443	0.01508	0
686	Q	0.00312	0.98443	0.01245	0
687	G	0.00410	0.98443	0.01147	0
688	R	0.01315	0.98443	0.00243	0
689	L	0.01449	0.98443	0.00109	0
690	Q	0.01557	0.98443	0.00000	0
691	P	0.01557	0.98437	0.00005	0
692	R	0.01557	0.98437	0.00005	0
693	G	0.01557	0.98437	0.00005	0
694	R	0.01557	0.98437	0.00005	0
695	R	0.01557	0.98437	0.00005	0
696	E	0.01557	0.98437	0.00005	0
697	Q	0.01556	0.91028	0.07416	0
698	T	0.01540	0.31419	0.67041	0
699	V	0.01457	0.02315	0.96228	0
700	A	0.01427	0.00129	0.98444	0
701	I	0.01365	0.00012	0.98623	0
702	Q	0.01297	6e-05	0.98697	0
703	A	0.00151	1e-05	0.99848	0
704	L	0.00012	0	0.99988	0
705	W	0.00003	0	0.99997	0
706	A	0.00001	0	0.99999	0
707	G	0.00000	0	1.00000	0
708	G	0.00000	0	1.00000	0
709	A	0.00000	0	1.00000	0
710	E	0.00000	0	1.00000	0
711	S	0.00000	0	1.00000	0
712	L	0.00000	0	1.00000	0
713	Q	0.00000	0	1.00000	0
714	M	0.00002	0	0.99998	0
715	T	0.00004	0	0.99996	0
716	F	0.00007	0	0.99993	0
717	L	0.01032	0	0.98967	0
718	G	0.32517	0.00027	0.67456	0
719	R	0.36405	0.00058	0.63537	0
720	A	0.71040	0.00061	0.28900	0
721	A	0.94712	0.0007	0.05218	0
722	V	0.97259	0.00089	0.02652	0
723	L	0.97682	0.00156	0.02162	0
724	G	0.98442	0.01529	0.00029	0
725	Q	0.98442	0.0155	0.00008	0
726	F	0.98442	0.01552	0.00006	0
727	Q	0.98442	0.01556	0.00001	0
728	H	0.98443	0.01557	0.00000	0
729	P	0.98439	0.01557	0.00003	0
730	N	0.97812	0.01557	0.00630	0
731	I	0.86991	0.01557	0.11451	0
732	L	0.84734	0.01557	0.13708	0
733	R	0.84418	0.01557	0.14025	0
734	L	0.78262	0.01557	0.20181	0
735	E	0.77786	0.01557	0.20656	0
736	G	0.42368	0.01557	0.56075	0
737	V	0.27341	0.01544	0.71115	0
738	V	0.01048	0.01539	0.97413	0
739	T	0.01040	0.01539	0.97421	0
740	K	0.01018	0.01539	0.97443	0
741	S	0.00706	0.01539	0.97755	0
742	R	0.00607	0.01539	0.97854	0
743	P	0.00301	0.01539	0.98160	0
744	L	0.00001	0.01538	0.98461	0
745	M	0.00000	0.01538	0.98462	0
746	V	0.00000	0.01538	0.98462	0
747	L	0.00000	0.01538	0.98462	0
748	T	0.00000	0.01541	0.98459	0
749	E	0.00000	0.01582	0.98418	0
750	F	0.00000	0.01613	0.98387	0
751	M	0.00000	0.02308	0.97692	0
752	E	0.00000	0.14058	0.85942	0
753	L	0.00000	0.14519	0.85481	0
754	G	0.00000	0.19583	0.80417	0
755	P	0.00000	0.23926	0.76074	0
756	L	0.00000	0.30977	0.69023	0
757	D	0.00000	0.97074	0.02926	0
758	S	0.00000	0.97395	0.02605	0
759	F	0.00000	0.97551	0.02448	0
760	L	0.00000	0.981	0.01899	0
761	R	0.00017	0.99266	0.00717	0
762	Q	0.00018	0.99371	0.00611	0
763	R	0.00018	0.99798	0.00184	0
764	E	0.00019	0.99968	0.00013	0
765	G	0.00019	0.99978	0.00003	0
766	Q	0.00019	0.9998	0.00001	0
767	F	0.00019	0.99979	0.00002	0
768	S	0.00019	0.99975	0.00006	0
769	S	0.00019	0.99961	0.00020	0
770	L	0.00019	0.99682	0.00299	0
771	Q	0.00019	0.99607	0.00374	0
772	L	0.00019	0.09782	0.90200	0
773	V	0.00018	0.04573	0.95409	0
774	A	0.00018	0.04492	0.95490	0
775	M	0.00018	0.0448	0.95502	0
776	Q	0.00018	0.04479	0.95503	0
777	R	0.00018	0.04477	0.95504	0
778	G	0.00018	0.04358	0.95624	0
779	V	0.00001	0.03657	0.96342	0
780	A	0.00000	0.02934	0.97066	0
781	A	0.00000	0.02901	0.97099	0
782	A	0.00000	0.02726	0.97274	0
783	M	0.00000	0.02704	0.97296	0
784	Q	0.00000	0.02703	0.97296	0
785	Y	0.00000	0.02698	0.97302	0
786	L	0.00000	0.02695	0.97305	0
787	S	0.00000	0.02693	0.97306	0
788	S	0.00000	0.02642	0.97358	0
789	F	0.00000	0.00061	0.99938	0
790	A	0.00000	2e-05	0.99998	0
791	F	0.00000	2e-05	0.99998	0
792	V	0.00022	1e-05	0.99977	0
793	H	0.06117	2e-05	0.93882	0
794	R	0.59055	2e-05	0.40943	0
795	S	0.70501	1e-05	0.29498	0
796	L	0.74257	1e-05	0.25743	0
797	S	0.93051	1e-05	0.06948	0
798	A	0.95441	2e-05	0.04557	0
799	H	0.95511	3e-05	0.04486	0
800	S	0.95511	3e-05	0.04485	0
801	V	0.95512	4e-05	0.04484	0
802	L	0.95524	4e-05	0.04472	0
803	V	0.95782	0.0001	0.04208	0
804	N	0.97218	0.00019	0.02763	0
805	S	0.97230	0.00019	0.02751	0
806	H	0.97236	0.00019	0.02745	0
807	L	0.97115	0.00019	0.02866	0
808	V	0.92900	0.00019	0.07081	0
809	C	0.92841	0.00019	0.07140	0
810	K	0.88800	0.00019	0.11181	0
811	V	0.84613	0.00019	0.15368	0
812	A	0.85042	0.00019	0.14939	0
813	R	0.85740	0.00019	0.14241	0
814	L	0.85770	0.00019	0.14211	0
815	G	0.85878	0.00019	0.14104	0
816	H	0.85881	0.00019	0.14100	0
817	S	0.85882	0.00019	0.14100	0
818	P	0.85882	0.00019	0.14099	0
819	Q	0.85882	0.00019	0.14099	0
820	G	0.85882	0.00019	0.14099	0
821	P	0.85882	0.00019	0.14100	0
822	S	0.85873	0.00019	0.14109	0
823	C	0.85858	0.00018	0.14124	0
824	L	0.85831	0.00011	0.14158	0
825	L	0.85823	8e-05	0.14169	0
826	R	0.85823	8e-05	0.14169	0
827	W	0.85823	5e-05	0.14172	0
828	A	0.85823	7e-05	0.14170	0
829	A	0.85823	0.00497	0.13680	0
830	P	0.85823	0.05465	0.08712	0
831	E	0.85823	0.11774	0.02403	0
832	V	0.84960	0.11794	0.03247	0
833	I	0.41418	0.11898	0.46684	0
834	A	0.41289	0.12389	0.46322	0
835	H	0.41224	0.13325	0.45451	0
836	G	0.24262	0.13955	0.61783	0
837	K	0.16199	0.14056	0.69744	0
838	H	0.00011	0.14057	0.85931	0
839	T	0.00011	0.14058	0.85932	0
840	T	0.00011	0.14058	0.85931	0
841	S	0.00011	0.14058	0.85931	0
842	S	0.00011	0.14061	0.85928	0
843	D	0.00011	0.1407	0.85919	0
844	V	0.00000	0.1407	0.85930	0
845	W	0.00000	0.1407	0.85930	0
846	S	0.00000	0.1407	0.85930	0
847	F	0.00000	0.1407	0.85930	0
848	G	0.00001	0.14071	0.85929	0
849	I	0.00012	0.14071	0.85917	0
850	L	0.00018	0.14073	0.85909	0
851	M	0.00019	0.14078	0.85903	0
852	W	0.00031	0.14192	0.85777	0
853	E	0.00060	0.15307	0.84633	0
854	V	0.00060	0.15656	0.84284	0
855	M	0.00060	0.18204	0.81736	0
856	S	0.00060	0.4349	0.56450	0
857	Y	0.00060	0.5565	0.44290	0
858	G	0.00060	0.84738	0.15202	0
859	E	0.00061	0.9886	0.01080	0
860	R	0.00061	0.99845	0.00094	0
861	P	0.00061	0.9989	0.00049	0
862	Y	0.00061	0.99912	0.00028	0
863	W	0.00061	0.99918	0.00021	0
864	D	0.00061	0.99939	0.00001	0
865	M	0.00061	0.99939	0.00001	0
866	S	0.00061	0.99939	0.00001	0
867	E	0.00061	0.99937	0.00002	0
868	Q	0.00061	0.99928	0.00011	0
869	E	0.00061	0.9989	0.00049	0
870	V	0.00061	0.99665	0.00274	0
871	L	0.00061	0.98927	0.01012	0
872	N	0.00061	0.98685	0.01254	0
873	A	0.00061	0.94264	0.05676	0
874	I	0.00061	0.92143	0.07796	0
875	E	0.00061	0.64046	0.35893	0
876	Q	0.00061	0.07707	0.92233	0
877	E	0.00061	0.00892	0.99047	0
878	F	0.00061	9e-05	0.99930	0
879	R	0.00061	1e-05	0.99939	0
880	L	0.00061	0	0.99939	0
881	P	0.00061	0	0.99939	0
882	P	0.00061	0	0.99939	0
883	P	0.00061	0	0.99939	0
884	P	0.00061	0	0.99939	0
885	G	0.00061	0	0.99939	0
886	C	0.00061	0	0.99939	0
887	P	0.00061	0	0.99939	0
888	P	0.00061	0	0.99939	0
889	G	0.00061	0	0.99938	0
890	L	0.00068	0	0.99931	0
891	H	0.00133	0	0.99867	0
892	L	0.00153	0	0.99847	0
893	L	0.00254	0	0.99746	0
894	M	0.03274	0	0.96726	0
895	L	0.16412	0	0.83588	0
896	D	0.67631	0	0.32368	0
897	T	0.81194	0	0.18806	0
898	W	0.92274	0	0.07725	0
899	Q	0.99911	0	0.00089	0
900	K	1.00000	0	0.00000	0
901	D	1.00000	0	0.00000	0
902	R	1.00000	0	0.00000	0
903	A	1.00000	0	0.00000	0
904	R	1.00000	0	0.00000	0
905	R	1.00000	0	0.00000	0
906	P	1.00000	0	0.00000	0
907	H	1.00000	0	0.00000	0
908	F	1.00000	0	0.00000	0
909	D	1.00000	0	0.00000	0
910	Q	1.00000	0	0.00000	0
911	L	1.00000	0	0.00000	0
912	V	1.00000	0	0.00000	0
913	A	1.00000	0	0.00000	0
914	A	1.00000	0	0.00000	0
915	F	1.00000	0	0.00000	0
916	D	1.00000	0	0.00000	0
917	K	1.00000	0	0.00000	0
918	M	1.00000	0	0.00000	0
919	I	1.00000	0	0.00000	0
920	R	1.00000	0	0.00000	0
921	K	1.00000	0	0.00000	0
922	P	1.00000	0	0.00000	0
923	D	1.00000	0	0.00000	0
924	T	1.00000	0	0.00000	0
925	L	1.00000	0	0.00000	0
926	Q	1.00000	0	0.00000	0
927	A	1.00000	0	0.00000	0
928	G	1.00000	0	0.00000	0
929	G	1.00000	0	0.00000	0
930	D	1.00000	0	0.00000	0
931	P	1.00000	0	0.00000	0
932	G	1.00000	0	0.00000	0
933	E	1.00000	0	0.00000	0
934	R	1.00000	0	0.00000	0
935	P	1.00000	0	0.00000	0
936	S	0.99998	0	0.00001	0
937	Q	0.99997	0	0.00003	0
938	A	0.99996	0	0.00004	0
939	L	0.99996	0	0.00004	0
940	L	0.99996	0	0.00004	0
941	T	0.99996	0	0.00004	0
942	P	0.99996	0	0.00004	0
943	V	0.99996	0	0.00004	0
944	A	0.99996	0	0.00004	0
945	L	0.99996	0	0.00004	0
946	D	0.99996	0	0.00004	0
947	F	0.99996	0	0.00004	0
948	P	0.99996	0	0.00004	0
949	C	0.99996	0	0.00004	0
950	L	0.99996	0	0.00004	0
951	D	0.99996	0	0.00004	0
952	S	0.99996	0	0.00004	0
953	P	0.99996	0	0.00004	0
954	Q	0.99996	0	0.00004	0
955	A	0.99996	0	0.00004	0
956	W	0.99996	0	0.00004	0
957	L	0.99996	0	0.00004	0
958	S	0.99996	0	0.00004	0
959	A	0.99996	0	0.00004	0
960	I	0.99996	1e-05	0.00004	0
961	G	0.99996	2e-05	0.00002	0
962	L	0.99996	3e-05	0.00002	0
963	E	0.99996	4e-05	0.00000	0
964	C	0.99996	4e-05	0.00000	0
965	Y	0.99996	4e-05	0.00000	0
966	Q	0.99996	4e-05	0.00000	0
967	D	0.99996	4e-05	0.00000	0
968	N	0.99996	4e-05	0.00000	0
969	F	0.99996	4e-05	0.00000	0
970	S	0.99996	4e-05	0.00000	0
971	K	0.99996	4e-05	0.00000	0
972	F	0.99996	3e-05	0.00001	0
973	G	0.99996	2e-05	0.00002	0
974	L	0.99996	1e-05	0.00003	0
975	C	0.99996	1e-05	0.00003	0
976	T	0.99996	0	0.00004	0
977	F	0.99996	0	0.00004	0
978	S	0.99996	0	0.00004	0
979	D	0.99996	0	0.00004	0
980	V	0.99996	0	0.00004	0
981	A	0.99996	0	0.00004	0
982	Q	0.99996	0	0.00004	0
983	L	0.99996	0	0.00004	0
984	S	0.99996	0	0.00004	0
985	L	0.99996	0	0.00004	0
986	E	0.99996	0	0.00004	0
987	D	0.99996	0	0.00004	0
988	L	0.99996	0	0.00004	0
989	P	0.99996	0	0.00004	0
990	A	0.99996	0	0.00004	0
991	L	0.99996	0	0.00004	0
992	G	0.99996	0	0.00004	0
993	I	0.99996	0	0.00004	0
994	T	0.99996	0	0.00004	0
995	L	0.99997	0	0.00003	0
996	A	0.99999	0	0.00001	0
997	G	0.99999	0	0.00001	0
998	H	1.00000	0	0.00000	0
999	Q	1.00000	0	0.00000	0
1000	K	1.00000	0	0.00000	0
1001	K	1.00000	0	0.00000	0
1002	L	1.00000	0	0.00000	0
1003	L	1.00000	0	0.00000	0
1004	H	1.00000	0	0.00000	0
1005	H	1.00000	0	0.00000	0
1006	I	1.00000	0	0.00000	0
1007	Q	1.00000	0	0.00000	0
1008	L	1.00000	0	0.00000	0
1009	L	1.00000	0	0.00000	0
1010	Q	1.00000	0	0.00000	0
1011	Q	1.00000	0	0.00000	0
1012	H	1.00000	0	0.00000	0
1013	L	1.00000	0	0.00000	0
1014	R	1.00000	0	0.00000	0
1015	Q	1.00000	0	0.00000	0
1016	Q	1.00000	0	0.00000	0
1017	G	1.00000	0	0.00000	0
1018	S	1.00000	0	0.00000	0
1019	V	1.00000	0	0.00000	0
1020	E	1.00000	0	0.00000	0
1021	V	1.00000	0	0.00000	0
