# UNNAMED
#pos	aa	i	o	M	S
1	M	0.00000	1	0.00000	0
2	R	0.00000	1	0.00000	0
3	N	0.00000	1	0.00000	0
4	K	0.00000	1	0.00000	0
5	K	0.00000	1	0.00000	0
6	I	0.00000	1	0.00000	0
7	L	0.00000	1	0.00000	0
8	K	0.00000	1	0.00000	0
9	E	0.00000	1	0.00000	0
10	D	0.00000	1	0.00000	0
11	E	0.00000	1	0.00000	0
12	L	0.00000	1	0.00000	0
13	L	0.00000	1	0.00000	0
14	S	0.00000	1	0.00000	0
15	E	0.00000	1	0.00000	0
16	T	0.00000	1	0.00000	0
17	Q	0.00000	1	0.00000	0
18	Q	0.00000	1	0.00000	0
19	A	0.00000	1	0.00000	0
20	A	0.00000	1	0.00000	0
21	F	0.00000	1	0.00000	0
22	H	0.00000	1	0.00000	0
23	Q	0.00000	1	0.00000	0
24	I	0.00000	1	0.00000	0
25	A	0.00000	1	0.00000	0
26	M	0.00000	1	0.00000	0
27	E	0.00000	1	0.00000	0
28	P	0.00000	1	0.00000	0
29	F	0.00000	1	0.00000	0
30	E	0.00000	1	0.00000	0
31	I	0.00000	1	0.00000	0
32	N	0.00000	1	0.00000	0
33	V	0.00000	1	0.00000	0
34	P	0.00000	1	0.00000	0
35	K	0.00000	1	0.00000	0
36	P	0.00000	1	0.00000	0
37	K	0.00000	1	0.00000	0
38	R	0.00000	1	0.00000	0
39	R	0.00000	1	0.00000	0
40	N	0.00000	0.99988	0.00012	0
41	G	0.00000	0.99805	0.00195	0
42	V	0.00000	0.99481	0.00519	0
43	N	0.00000	0.99364	0.00636	0
44	F	0.00000	0.95839	0.04161	0
45	S	0.00000	0.94838	0.05162	0
46	L	0.00000	0.91574	0.08426	0
47	A	0.00000	0.88487	0.11513	0
48	V	0.00000	0.109	0.89100	0
49	V	0.00000	0.02182	0.97818	0
50	V	0.00000	0.00121	0.99879	0
51	I	0.00000	3e-05	0.99997	0
52	Y	0.00000	0	1.00000	0
53	L	0.00000	0	1.00000	0
54	I	0.00000	0	1.00000	0
55	L	0.00000	0	1.00000	0
56	L	0.00000	0	1.00000	0
57	T	0.00000	0	1.00000	0
58	A	0.00000	0	1.00000	0
59	G	0.00000	0	1.00000	0
60	A	0.00000	0	1.00000	0
61	G	0.00000	0	1.00000	0
62	L	0.00000	0	1.00000	0
63	L	0.00001	0	0.99999	0
64	V	0.00009	0	0.99990	0
65	V	0.00330	0	0.99670	0
66	Q	0.03407	0	0.96592	0
67	V	0.04853	0	0.95147	0
68	L	0.17547	0	0.82453	0
69	N	0.84983	0	0.15017	0
70	L	0.90293	0	0.09707	0
71	Q	0.99538	0	0.00462	0
72	A	0.99881	0	0.00119	0
73	R	0.99998	0	0.00002	0
74	L	0.99986	0	0.00014	0
75	R	0.99966	0	0.00034	0
76	V	0.76020	0	0.23980	0
77	L	0.42531	0	0.57469	0
78	E	0.37824	0	0.62176	0
79	M	0.00881	0	0.99119	0
80	Y	0.00050	0	0.99950	0
81	F	0.00002	0	0.99998	0
82	L	0.00000	0	1.00000	0
83	N	0.00000	0	1.00000	0
84	D	0.00000	0	1.00000	0
85	T	0.00000	0	1.00000	0
86	L	0.00000	0	1.00000	0
87	A	0.00000	0	1.00000	0
88	A	0.00000	0	1.00000	0
89	E	0.00000	0	1.00000	0
90	D	0.00000	0	1.00000	0
91	S	0.00000	0	1.00000	0
92	P	0.00000	0	1.00000	0
93	S	0.00000	0	1.00000	0
94	F	0.00000	5e-05	0.99995	0
95	S	0.00000	0.00288	0.99711	0
96	L	0.00000	0.02033	0.97967	0
97	L	0.00000	0.85628	0.14372	0
98	Q	0.00000	0.86624	0.13376	0
99	S	0.00000	0.91746	0.08253	0
100	A	0.00000	0.92891	0.07109	0
101	H	0.00000	0.99723	0.00277	0
102	P	0.00000	0.99833	0.00167	0
103	G	0.00000	0.99989	0.00011	0
104	E	0.00000	0.99999	0.00001	0
105	H	0.00000	0.99999	0.00001	0
106	L	0.00000	0.99996	0.00003	0
107	A	0.00000	0.9999	0.00010	0
108	Q	0.00000	0.94244	0.05756	0
109	G	0.00000	0.88345	0.11655	0
110	A	0.00000	0.81017	0.18983	0
111	S	0.00000	0.79949	0.20051	0
112	R	0.00000	0.77046	0.22954	0
113	L	0.00000	0.53416	0.46584	0
114	Q	0.00000	0.49683	0.50317	0
115	V	0.00000	0.03087	0.96913	0
116	L	0.00000	0.00055	0.99945	0
117	Q	0.00000	0.00011	0.99989	0
118	A	0.00000	8e-05	0.99992	0
119	Q	0.00000	8e-05	0.99992	0
120	L	0.00000	0	1.00000	0
121	T	0.00000	0	1.00000	0
122	W	0.00000	0	1.00000	0
123	V	0.00000	0	1.00000	0
124	R	0.00000	0	1.00000	0
125	V	0.00000	0	1.00000	0
126	S	0.00000	0	1.00000	0
127	H	0.00015	0	0.99985	0
128	E	0.00321	0	0.99679	0
129	H	0.18723	0	0.81277	0
130	L	0.18827	0	0.81173	0
131	L	0.18846	0	0.81153	0
132	Q	0.19430	0	0.80569	0
133	R	0.20561	0	0.79439	0
134	V	0.22606	0	0.77393	0
135	D	0.23048	0	0.76952	0
136	N	0.92735	0	0.07265	0
137	F	0.99184	0	0.00816	0
138	T	0.99998	0	0.00002	0
139	Q	0.99998	0	0.00001	0
140	N	1.00000	0	0.00000	0
141	P	0.99998	0	0.00002	0
142	G	0.99788	0	0.00212	0
143	M	0.86038	0	0.13962	0
144	F	0.83100	0	0.16900	0
145	R	0.82807	0	0.17193	0
146	I	0.81466	0	0.18534	0
147	K	0.81439	0	0.18561	0
148	G	0.81105	0	0.18895	0
149	E	0.81099	0	0.18901	0
150	Q	0.81070	0	0.18930	0
151	G	0.80954	0	0.19046	0
152	A	0.80879	0	0.19121	0
153	P	0.80871	0	0.19129	0
154	G	0.77562	0	0.22438	0
155	L	0.03820	0	0.96180	0
156	Q	0.02611	0	0.97389	0
157	G	0.00288	0	0.99712	0
158	H	0.00117	0	0.99883	0
159	K	0.00079	0	0.99921	0
160	G	0.00000	0	1.00000	0
161	A	0.00000	1e-05	0.99999	0
162	M	0.00000	0.00098	0.99902	0
163	G	0.00000	0.11939	0.88061	0
164	M	0.00000	0.12644	0.87356	0
165	P	0.00000	0.16051	0.83949	0
166	G	0.00000	0.17938	0.82062	0
167	A	0.00000	0.1827	0.81729	0
168	P	0.00000	0.18655	0.81345	0
169	G	0.00000	0.18867	0.81133	0
170	P	0.00000	0.18904	0.81095	0
171	P	0.00000	0.18962	0.81038	0
172	G	0.00000	0.19065	0.80935	0
173	P	0.00000	0.19137	0.80863	0
174	P	0.00000	0.20011	0.79988	0
175	A	0.00000	0.25176	0.74823	0
176	E	0.00000	0.94086	0.05914	0
177	K	0.00000	0.99455	0.00545	0
178	G	0.00000	0.9959	0.00409	0
179	A	0.00000	0.99666	0.00334	0
180	K	0.00000	0.99987	0.00013	0
181	G	0.00000	0.83365	0.16635	0
182	A	0.00000	0.83051	0.16949	0
183	M	0.00000	0.83047	0.16953	0
184	G	0.00000	0.83048	0.16952	0
185	R	0.00000	0.83043	0.16957	0
186	D	0.00000	0.8303	0.16970	0
187	G	0.00000	0.82824	0.17176	0
188	A	0.00000	0.82664	0.17336	0
189	T	0.00000	0.82636	0.17364	0
190	G	0.00000	0.8263	0.17370	0
191	P	0.00000	0.82469	0.17531	0
192	S	0.00000	0.82108	0.17892	0
193	G	0.00000	0.81915	0.18085	0
194	P	0.00000	0.81829	0.18171	0
195	Q	0.00000	0.81813	0.18187	0
196	G	0.00000	0.60285	0.39715	0
197	P	0.00000	0.58972	0.41028	0
198	P	0.00000	0.45735	0.54265	0
199	G	0.00000	0.45624	0.54376	0
200	V	0.00000	0.44342	0.55658	0
201	K	0.00008	0.44341	0.55651	0
202	G	0.00031	0.43838	0.56130	0
203	E	0.01550	0.41879	0.56571	0
204	A	0.03622	0.3028	0.66098	0
205	G	0.11392	0.30072	0.58537	0
206	L	0.15620	0.27383	0.56997	0
207	Q	0.16943	0.27363	0.55695	0
208	G	0.17011	0.26152	0.56837	0
209	P	0.17227	0.25849	0.56924	0
210	Q	0.17297	0.22107	0.60596	0
211	G	0.17307	0.22061	0.60632	0
212	A	0.17319	0.21898	0.60783	0
213	P	0.17373	0.21896	0.60731	0
214	G	0.17396	0.21884	0.60720	0
215	K	0.17927	0.2172	0.60354	0
216	Q	0.18066	0.21326	0.60607	0
217	G	0.18064	0.14189	0.67747	0
218	A	0.18253	0.13083	0.68663	0
219	T	0.28553	0.13026	0.58421	0
220	G	0.48712	0.13024	0.38264	0
221	T	0.51191	0.13008	0.35800	0
222	P	0.54457	0.12904	0.32639	0
223	G	0.55231	0.1261	0.32159	0
224	P	0.57341	0.12606	0.30053	0
225	Q	0.60614	0.12606	0.26780	0
226	G	0.61690	0.12595	0.25715	0
227	E	0.65429	0.12595	0.21976	0
228	K	0.64882	0.12584	0.22534	0
229	G	0.65247	0.12583	0.22171	0
230	S	0.68647	0.12582	0.18770	0
231	K	0.71589	0.12583	0.15828	0
232	G	0.72711	0.12583	0.14706	0
233	D	0.74534	0.12582	0.12884	0
234	G	0.74539	0.1251	0.12950	0
235	G	0.74551	0.12026	0.13423	0
236	L	0.74528	0.12017	0.13455	0
237	I	0.74542	0.12016	0.13442	0
238	G	0.75920	0.12036	0.12045	0
239	P	0.80469	0.12076	0.07456	0
240	K	0.82732	0.12117	0.05151	0
241	G	0.83158	0.12117	0.04724	0
242	E	0.83457	0.12118	0.04425	0
243	T	0.83465	0.12117	0.04418	0
244	G	0.83477	0.12117	0.04406	0
245	T	0.83851	0.12117	0.04032	0
246	K	0.83884	0.12473	0.03643	0
247	G	0.83891	0.13197	0.02913	0
248	E	0.83902	0.15139	0.00959	0
249	K	0.83905	0.15437	0.00658	0
250	G	0.83907	0.15456	0.00637	0
251	D	0.83914	0.15465	0.00622	0
252	L	0.83913	0.15463	0.00623	0
253	G	0.83914	0.15463	0.00623	0
254	L	0.83915	0.1546	0.00625	0
255	P	0.83953	0.15461	0.00586	0
256	G	0.84043	0.15467	0.00489	0
257	S	0.84308	0.15472	0.00220	0
258	K	0.84449	0.15483	0.00068	0
259	G	0.84469	0.15388	0.00143	0
260	D	0.84479	0.12789	0.02732	0
261	R	0.18056	0.00988	0.80955	0
262	G	0.18057	0.00949	0.80995	0
263	M	0.18058	0.00782	0.81160	0
264	K	0.18058	0.00782	0.81160	0
265	G	0.18058	0.00781	0.81161	0
266	D	0.18058	0.00742	0.81200	0
267	A	0.17529	0.00488	0.81983	0
268	G	0.17524	0.00452	0.82025	0
269	V	0.17521	0.00368	0.82111	0
270	M	0.17521	0.00364	0.82115	0
271	G	0.17520	0.00364	0.82117	0
272	P	0.17520	0.00357	0.82123	0
273	P	0.17516	0.00353	0.82131	0
274	G	0.17225	0.00351	0.82425	0
275	A	0.04838	0.00036	0.95126	0
276	Q	0.00021	0.0003	0.99949	0
277	G	0.00022	0.00029	0.99950	0
278	S	0.00038	0.00028	0.99934	0
279	K	0.02799	0.06775	0.90426	0
280	G	0.02800	0.20698	0.76502	0
281	D	0.02819	0.57725	0.39457	0
282	F	0.02835	0.57911	0.39253	0
283	G	0.05013	0.6279	0.32197	0
284	R	0.14647	0.66113	0.19240	0
285	P	0.14732	0.66266	0.19002	0
286	G	0.14744	0.6633	0.18926	0
287	P	0.14754	0.66115	0.19131	0
288	P	0.14763	0.65929	0.19308	0
289	G	0.14769	0.64508	0.20723	0
290	L	0.14805	0.62743	0.22452	0
291	A	0.14975	0.62722	0.22303	0
292	G	0.15016	0.62779	0.22204	0
293	F	0.15032	0.58586	0.26382	0
294	P	0.15172	0.58946	0.25882	0
295	G	0.15275	0.606	0.24125	0
296	A	0.15403	0.48719	0.35879	0
297	K	0.15464	0.58665	0.25871	0
298	G	0.15464	0.51568	0.32968	0
299	D	0.15464	0.43441	0.41095	0
300	Q	0.15463	0.33559	0.50978	0
301	G	0.03937	0.19138	0.76925	0
302	Q	0.03565	0.00448	0.95987	0
303	P	0.03540	0.00333	0.96127	0
304	G	0.03502	0.00332	0.96165	0
305	L	0.03500	0.00331	0.96169	0
306	Q	0.03510	0.00331	0.96159	0
307	G	0.03514	0.00331	0.96154	0
308	V	0.03588	0.00331	0.96081	0
309	P	0.04418	0.00331	0.95251	0
310	G	0.04921	0.00331	0.94748	0
311	P	0.05314	0.00331	0.94355	0
312	P	0.06565	0.00331	0.93104	0
313	G	0.08089	0.00331	0.91580	0
314	A	0.09138	0.00331	0.90531	0
315	V	0.09934	0.00332	0.89733	0
316	G	0.10482	0.00345	0.89173	0
317	H	0.11899	0.00355	0.87745	0
318	P	0.18924	0.00364	0.80712	0
319	G	0.25841	0.00381	0.73778	0
320	A	0.47374	0.00663	0.51963	0
321	K	0.87662	0.10976	0.01362	0
322	G	0.87662	0.12196	0.00142	0
323	E	0.87662	0.12131	0.00207	0
324	P	0.87662	0.11991	0.00347	0
325	G	0.87662	0.11718	0.00620	0
326	S	0.87662	0.11185	0.01153	0
327	A	0.87661	0.1088	0.01459	0
328	G	0.87661	0.05523	0.06816	0
329	S	0.87661	0.00068	0.12271	0
330	P	0.87662	0	0.12338	0
331	G	0.87661	0	0.12339	0
332	R	0.87662	0	0.12338	0
333	A	0.87662	0	0.12338	0
334	G	0.87662	0	0.12338	0
335	L	0.87662	0	0.12338	0
336	P	0.87662	0	0.12338	0
337	G	0.87662	0	0.12338	0
338	S	0.87662	0	0.12338	0
339	P	0.87664	0	0.12336	0
340	G	0.87666	0	0.12334	0
341	S	0.87668	0	0.12332	0
342	P	0.87672	0	0.12328	0
343	G	0.87677	0	0.12323	0
344	A	0.87697	0	0.12303	0
345	T	0.87733	0	0.12267	0
346	G	0.87772	0	0.12228	0
347	L	0.87967	0	0.12033	0
348	K	0.99987	1e-05	0.00012	0
349	G	0.99990	1e-05	0.00009	0
350	S	0.99995	1e-05	0.00004	0
351	K	0.99997	2e-05	0.00001	0
352	G	0.99998	2e-05	0.00000	0
353	D	0.99998	2e-05	0.00000	0
354	T	0.99998	2e-05	0.00000	0
355	G	0.99998	2e-05	0.00000	0
356	L	0.99998	2e-05	0.00000	0
357	Q	0.99998	2e-05	0.00000	0
358	G	0.99998	2e-05	0.00000	0
359	Q	0.99998	2e-05	0.00000	0
360	Q	0.99998	2e-05	0.00000	0
361	G	0.99998	2e-05	0.00000	0
362	R	0.99998	2e-05	0.00000	0
363	K	0.99998	2e-05	0.00000	0
364	G	0.99998	2e-05	0.00000	0
365	E	0.99998	2e-05	0.00000	0
366	S	0.99998	2e-05	0.00000	0
367	G	0.99998	2e-05	0.00000	0
368	V	0.99998	2e-05	0.00000	0
369	P	0.99998	2e-05	0.00000	0
370	G	0.99998	2e-05	0.00000	0
371	P	0.99990	2e-05	0.00008	0
372	A	0.99985	2e-05	0.00013	0
373	G	0.99985	2e-05	0.00013	0
374	V	0.99985	2e-05	0.00013	0
375	K	0.99985	2e-05	0.00013	0
376	G	0.99985	2e-05	0.00013	0
377	E	0.99985	2e-05	0.00013	0
378	Q	0.99985	2e-05	0.00013	0
379	G	0.99985	2e-05	0.00013	0
380	S	0.99985	2e-05	0.00013	0
381	P	0.99985	2e-05	0.00013	0
382	G	0.99985	2e-05	0.00013	0
383	L	0.99985	2e-05	0.00013	0
384	A	0.99985	2e-05	0.00013	0
385	G	0.99985	2e-05	0.00013	0
386	P	0.99985	2e-05	0.00013	0
387	K	0.99985	2e-05	0.00013	0
388	G	0.99985	2e-05	0.00013	0
389	A	0.99985	2e-05	0.00013	0
390	P	0.99985	2e-05	0.00013	0
391	G	0.99985	2e-05	0.00012	0
392	Q	0.99985	4e-05	0.00010	0
393	A	0.99985	5e-05	0.00010	0
394	G	0.99985	0.00012	0.00003	0
395	Q	0.99985	0.00014	0.00001	0
396	K	0.99985	0.00015	0.00000	0
397	G	0.99985	0.00015	0.00000	0
398	D	0.99985	0.00015	0.00000	0
399	Q	0.99985	0.00015	0.00000	0
400	G	0.99985	0.00015	0.00000	0
401	V	0.99985	0.00015	0.00000	0
402	K	0.99985	0.00015	0.00000	0
403	G	0.99985	0.00015	0.00000	0
404	S	0.99985	0.00015	0.00000	0
405	S	0.99985	0.00015	0.00000	0
406	G	0.99985	0.00015	0.00000	0
407	E	0.99985	0.00015	0.00000	0
408	Q	0.99985	0.00015	0.00000	0
409	G	0.99985	0.00015	0.00000	0
410	V	0.99985	0.00015	0.00000	0
411	K	0.99985	0.00015	0.00000	0
412	G	0.99985	0.00015	0.00000	0
413	E	0.99985	0.00015	0.00000	0
414	K	0.99985	0.00015	0.00000	0
415	G	0.99985	0.00015	0.00000	0
416	E	0.99985	0.00015	0.00000	0
417	R	0.99985	0.00015	0.00000	0
418	G	0.99985	0.00015	0.00000	0
419	E	0.99985	0.00015	0.00000	0
420	N	0.99985	0.00015	0.00000	0
421	S	0.99985	0.00015	0.00000	0
422	V	0.99982	0.00014	0.00004	0
423	S	0.99981	0.00014	0.00005	0
424	V	0.99980	0.00014	0.00006	0
425	R	0.99980	0.00014	0.00006	0
426	I	0.99980	0.00014	0.00006	0
427	V	0.99980	0.00014	0.00006	0
428	G	0.99980	0.00014	0.00006	0
429	S	0.99980	0.00014	0.00006	0
430	S	0.99980	0.00014	0.00006	0
431	N	0.99980	0.00014	0.00006	0
432	R	0.99980	0.00014	0.00006	0
433	G	0.99980	0.00014	0.00006	0
434	R	0.99980	0.00014	0.00006	0
435	A	0.99980	0.00013	0.00007	0
436	E	0.99980	0.00013	0.00007	0
437	V	0.99980	0.00013	0.00007	0
438	Y	0.99980	0.00013	0.00007	0
439	Y	0.99980	8e-05	0.00012	0
440	S	0.99980	7e-05	0.00013	0
441	G	0.99980	6e-05	0.00014	0
442	T	0.99980	5e-05	0.00015	0
443	W	0.99980	6e-05	0.00014	0
444	G	0.99980	7e-05	0.00013	0
445	T	0.99980	8e-05	0.00012	0
446	I	0.99980	8e-05	0.00012	0
447	C	0.99980	9e-05	0.00011	0
448	D	0.99981	9e-05	0.00010	0
449	D	0.99981	9e-05	0.00010	0
450	E	0.99981	9e-05	0.00010	0
451	W	0.99981	9e-05	0.00010	0
452	Q	0.99981	9e-05	0.00010	0
453	N	0.99981	9e-05	0.00010	0
454	S	0.99981	9e-05	0.00010	0
455	D	0.99981	9e-05	0.00010	0
456	A	0.99981	9e-05	0.00010	0
457	I	0.99981	9e-05	0.00010	0
458	V	0.99981	9e-05	0.00011	0
459	F	0.99981	9e-05	0.00011	0
460	C	0.99983	9e-05	0.00009	0
461	R	0.99990	9e-05	0.00002	0
462	M	0.99990	9e-05	0.00002	0
463	L	0.99990	9e-05	0.00002	0
464	G	0.99990	9e-05	0.00002	0
465	Y	0.99990	8e-05	0.00002	0
466	S	0.99990	8e-05	0.00002	0
467	K	0.99991	8e-05	0.00001	0
468	G	0.99991	7e-05	0.00002	0
469	R	0.99991	2e-05	0.00007	0
470	A	0.99991	0	0.00009	0
471	L	0.99991	0	0.00009	0
472	Y	0.99991	0	0.00009	0
473	K	0.99991	0	0.00009	0
474	V	0.99991	0	0.00009	0
475	G	0.99991	0	0.00009	0
476	A	0.99991	0	0.00009	0
477	G	0.99991	0	0.00009	0
478	T	0.99991	0	0.00009	0
479	G	0.99991	0	0.00009	0
480	Q	0.99991	0	0.00009	0
481	I	0.99991	0	0.00009	0
482	W	0.99991	0	0.00009	0
483	L	0.99991	0	0.00009	0
484	D	0.99991	0	0.00009	0
485	N	0.99991	0	0.00009	0
486	V	0.99992	0	0.00008	0
487	Q	0.99996	0	0.00004	0
488	C	0.99996	0	0.00004	0
489	R	1.00000	0	0.00000	0
490	G	1.00000	0	0.00000	0
491	T	1.00000	0	0.00000	0
492	E	1.00000	0	0.00000	0
493	S	1.00000	0	0.00000	0
494	T	1.00000	0	0.00000	0
495	L	1.00000	0	0.00000	0
496	W	1.00000	0	0.00000	0
497	S	1.00000	0	0.00000	0
498	C	1.00000	0	0.00000	0
499	T	1.00000	0	0.00000	0
500	K	1.00000	0	0.00000	0
501	N	1.00000	0	0.00000	0
502	S	1.00000	0	0.00000	0
503	W	1.00000	0	0.00000	0
504	G	1.00000	0	0.00000	0
505	H	1.00000	0	0.00000	0
506	H	1.00000	0	0.00000	0
507	D	1.00000	0	0.00000	0
508	C	1.00000	0	0.00000	0
509	S	1.00000	0	0.00000	0
510	H	1.00000	0	0.00000	0
511	E	1.00000	0	0.00000	0
512	E	1.00000	0	0.00000	0
513	D	1.00000	0	0.00000	0
514	A	1.00000	0	0.00000	0
515	G	1.00000	0	0.00000	0
516	V	1.00000	0	0.00000	0
517	E	1.00000	0	0.00000	0
518	C	1.00000	0	0.00000	0
519	S	1.00000	0	0.00000	0
520	V	1.00000	0	0.00000	0
