# UNNAMED
#pos	aa	i	o	M	S
1	M	0.00000	0.00303	0.00000	0.99697
2	L	0.00000	0.00303	0.00000	0.99696
3	G	0.00000	0.00303	0.00000	0.99697
4	V	0.00000	0.00303	0.00000	0.99697
5	L	0.00000	0.00303	0.00000	0.99697
6	V	0.00000	0.00303	0.00000	0.99697
7	L	0.00000	0.00303	0.00000	0.99697
8	G	0.00000	0.00303	0.00000	0.99696
9	A	0.00000	0.00303	0.00000	0.99697
10	L	0.00000	0.00303	0.00000	0.99696
11	A	0.00000	0.00303	0.00000	0.99696
12	L	0.00000	0.00303	0.00000	0.99697
13	A	0.00000	0.00305	0.00000	0.99695
14	G	0.00000	0.05506	0.00000	0.94495
15	L	0.00000	0.06719	0.00000	0.93282
16	G	0.00000	0.06836	0.00000	0.93164
17	F	0.00000	0.47501	0.00000	0.52498
18	P	0.00000	0.47501	0.00000	0.52499
19	A	0.00000	0.47517	0.00000	0.52482
20	P	0.00000	0.47517	0.00000	0.52482
21	A	0.00000	0.47517	0.00000	0.52483
22	E	0.00000	0.99979	0.00000	0.00021
23	P	0.00000	0.99979	0.00000	0.00021
24	Q	0.00000	0.99987	0.00000	0.00013
25	P	0.00000	0.99987	0.00000	0.00013
26	G	0.00000	0.99987	0.00000	0.00013
27	G	0.00000	0.99987	0.00000	0.00013
28	S	0.00000	0.99987	0.00000	0.00013
29	Q	0.00000	1	0.00000	0
30	C	0.00000	1	0.00000	0
31	V	0.00000	1	0.00000	0
32	E	0.00000	1	0.00000	0
33	H	0.00000	1	0.00000	0
34	D	0.00000	1	0.00000	0
35	C	0.00000	0.98828	0.01172	0
36	F	0.00000	0.5274	0.47260	0
37	A	0.00000	0.46549	0.53451	0
38	L	0.00000	0.2453	0.75470	0
39	Y	0.00000	0.14876	0.85124	0
40	P	0.00000	0.11694	0.88306	0
41	G	0.00000	0.03518	0.96482	0
42	P	0.00000	0.00224	0.99776	0
43	A	0.00000	0.00035	0.99965	0
44	T	0.00000	8e-05	0.99992	0
45	F	0.00000	7e-05	0.99993	0
46	L	0.00000	7e-05	0.99993	0
47	N	0.00000	7e-05	0.99993	0
48	A	0.00000	7e-05	0.99993	0
49	S	0.00000	7e-05	0.99993	0
50	Q	0.00000	7e-05	0.99993	0
51	I	0.00000	7e-05	0.99993	0
52	C	0.00000	7e-05	0.99993	0
53	D	0.00001	7e-05	0.99992	0
54	G	0.00002	7e-05	0.99991	0
55	L	0.00048	7e-05	0.99945	0
56	R	0.04468	7e-05	0.95525	0
57	G	0.05144	7e-05	0.94849	0
58	H	0.06044	7e-05	0.93949	0
59	L	0.08187	7e-05	0.91806	0
60	M	0.49872	7e-05	0.50121	0
61	T	0.94175	7e-05	0.05818	0
62	V	0.94666	7e-05	0.05327	0
63	R	0.99981	7e-05	0.00012	0
64	S	0.99979	7e-05	0.00014	0
65	S	0.99966	7e-05	0.00027	0
66	V	0.99896	7e-05	0.00097	0
67	A	0.99634	7e-05	0.00359	0
68	A	0.99276	7e-05	0.00717	0
69	D	0.96550	7e-05	0.03443	0
70	V	0.62585	7e-05	0.37408	0
71	I	0.24972	7e-05	0.75021	0
72	S	0.13996	7e-05	0.85997	0
73	L	0.00284	7e-05	0.99709	0
74	L	0.00007	7e-05	0.99986	0
75	L	0.00000	7e-05	0.99993	0
76	N	0.00000	7e-05	0.99993	0
77	G	0.00000	7e-05	0.99993	0
78	D	0.00000	7e-05	0.99993	0
79	G	0.00000	7e-05	0.99993	0
80	G	0.00000	7e-05	0.99993	0
81	V	0.00000	7e-05	0.99993	0
82	G	0.00000	9e-05	0.99991	0
83	R	0.00000	0.00011	0.99989	0
84	R	0.00000	0.00021	0.99979	0
85	R	0.00000	0.00025	0.99975	0
86	L	0.00000	0.00026	0.99974	0
87	W	0.00000	0.00035	0.99965	0
88	I	0.00000	0.00071	0.99929	0
89	G	0.00000	0.00904	0.99096	0
90	L	0.00000	0.03823	0.96177	0
91	Q	0.00000	0.26894	0.73106	0
92	L	0.00000	0.54457	0.45543	0
93	P	0.00000	0.64585	0.35415	0
94	P	0.00000	0.77986	0.22014	0
95	G	0.00000	0.88704	0.11296	0
96	C	0.00000	0.99991	0.00009	0
97	G	0.00000	0.99996	0.00004	0
98	D	0.00000	1	0.00000	0
99	P	0.00000	1	0.00000	0
100	K	0.00000	1	0.00000	0
101	R	0.00000	0.99999	0.00001	0
102	L	0.00000	0.99931	0.00069	0
103	G	0.00000	0.99927	0.00073	0
104	P	0.00000	0.99924	0.00076	0
105	L	0.00000	0.99883	0.00117	0
106	R	0.00000	0.99883	0.00117	0
107	G	0.00000	0.99883	0.00117	0
108	F	0.00000	0.99883	0.00117	0
109	Q	0.00000	0.99883	0.00117	0
110	W	0.00000	0.99883	0.00117	0
111	V	0.00000	0.99883	0.00117	0
112	T	0.00000	0.99883	0.00117	0
113	G	0.00000	0.99883	0.00117	0
114	D	0.00000	0.99883	0.00117	0
115	N	0.00000	0.99883	0.00117	0
116	N	0.00000	0.99883	0.00117	0
117	T	0.00000	0.99883	0.00117	0
118	S	0.00000	0.99883	0.00117	0
119	Y	0.00001	0.99883	0.00116	0
120	S	0.00003	0.99839	0.00158	0
121	R	0.00039	0.9967	0.00291	0
122	W	0.00047	0.56069	0.43884	0
123	A	0.00068	0.02612	0.97321	0
124	R	0.00111	0.01985	0.97904	0
125	L	0.00116	0.01744	0.98140	0
126	D	0.00117	0.01727	0.98155	0
127	L	0.00117	0.01702	0.98181	0
128	N	0.00117	0.017	0.98182	0
129	G	0.00117	0.017	0.98183	0
130	A	0.00117	0.01699	0.98184	0
131	P	0.00117	0.01698	0.98185	0
132	L	0.00107	0.0166	0.98233	0
133	C	0.00073	0.01659	0.98268	0
134	G	0.00071	0.01616	0.98313	0
135	P	0.00064	0.01579	0.98357	0
136	L	0.00004	0.00125	0.99871	0
137	C	0.00000	0.00075	0.99924	0
138	V	0.00000	9e-05	0.99991	0
139	A	0.00000	7e-05	0.99993	0
140	V	0.00000	7e-05	0.99993	0
141	S	0.00001	7e-05	0.99992	0
142	A	0.00021	7e-05	0.99972	0
143	A	0.02194	7e-05	0.97799	0
144	E	0.03001	7e-05	0.96992	0
145	A	0.88227	7e-05	0.11766	0
146	T	0.93245	7e-05	0.06748	0
147	V	0.94464	7e-05	0.05529	0
148	P	0.98183	7e-05	0.01810	0
149	S	0.98183	7e-05	0.01810	0
150	E	0.98183	7e-05	0.01810	0
151	P	0.98183	7e-05	0.01810	0
152	I	0.98183	7e-05	0.01810	0
153	W	0.98183	0.00015	0.01802	0
154	E	0.98183	0.00063	0.01754	0
155	E	0.98183	0.00104	0.01713	0
156	Q	0.98183	0.00113	0.01704	0
157	Q	0.98415	0.00122	0.01463	0
158	C	0.99563	0.00124	0.00313	0
159	E	0.99660	0.00124	0.00216	0
160	V	0.99598	0.00124	0.00278	0
161	K	0.99578	0.00124	0.00298	0
162	A	0.99530	0.00124	0.00346	0
163	D	0.99528	0.00124	0.00347	0
164	G	0.97673	0.00124	0.02202	0
165	F	0.87238	0.00124	0.12637	0
166	L	0.08251	0.00124	0.91625	0
167	C	0.01703	0.00124	0.98173	0
168	E	0.01702	0.00124	0.98174	0
169	F	0.01694	0.00124	0.98182	0
170	H	0.01693	0.00124	0.98183	0
171	F	0.01693	0.00116	0.98190	0
172	P	0.01689	0.00115	0.98196	0
173	A	0.01481	0.00115	0.98404	0
174	T	0.01284	0.00115	0.98601	0
175	C	0.00427	0.00115	0.99458	0
176	R	0.00422	0.00081	0.99497	0
177	P	0.00201	0.00032	0.99768	0
178	L	0.00006	8e-05	0.99987	0
179	A	0.00000	0.00012	0.99988	0
180	V	0.00000	0.00025	0.99975	0
181	E	0.00000	0.0035	0.99650	0
182	P	0.00000	0.00351	0.99649	0
183	G	0.00000	0.00361	0.99639	0
184	A	0.00000	0.00397	0.99603	0
185	A	0.00000	0.00647	0.99353	0
186	A	0.00000	0.02483	0.97517	0
187	A	0.00000	0.07207	0.92793	0
188	A	0.00000	0.27077	0.72923	0
189	V	0.00000	0.7426	0.25740	0
190	S	0.00000	0.96436	0.03564	0
191	I	0.00000	0.97756	0.02244	0
192	T	0.00000	0.98191	0.01809	0
193	Y	0.00000	0.9828	0.01720	0
194	G	0.00004	0.98533	0.01463	0
195	T	0.00006	0.98856	0.01138	0
196	P	0.00009	0.99251	0.00740	0
197	F	0.00009	0.99353	0.00638	0
198	A	0.00026	0.99642	0.00332	0
199	A	0.00037	0.99744	0.00220	0
200	R	0.00078	0.99876	0.00046	0
201	G	0.00083	0.99875	0.00042	0
202	A	0.00107	0.99873	0.00021	0
203	D	0.00117	0.99735	0.00148	0
204	F	0.00117	0.97927	0.01956	0
205	Q	0.00117	0.96741	0.03142	0
206	A	0.00117	0.95748	0.04135	0
207	L	0.00117	0.95372	0.04511	0
208	P	0.00117	0.95348	0.04535	0
209	V	0.00114	0.95074	0.04811	0
210	G	0.00110	0.94703	0.05187	0
211	S	0.00101	0.93181	0.06718	0
212	S	0.00056	0.09488	0.90456	0
213	A	0.00055	0.08661	0.91284	0
214	A	0.00019	0.00029	0.99952	0
215	V	0.00019	0.00018	0.99963	0
216	A	0.00003	5e-05	0.99993	0
217	P	0.00003	5e-05	0.99993	0
218	L	0.00000	4e-05	0.99996	0
219	G	0.00000	4e-05	0.99996	0
220	L	0.00000	4e-05	0.99996	0
221	Q	0.00001	4e-05	0.99995	0
222	L	0.00001	4e-05	0.99995	0
223	M	0.00001	4e-05	0.99994	0
224	C	0.00003	4e-05	0.99993	0
225	T	0.00107	4e-05	0.99888	0
226	A	0.00376	4e-05	0.99619	0
227	P	0.03000	4e-05	0.96995	0
228	P	0.03492	4e-05	0.96504	0
229	G	0.03567	4e-05	0.96428	0
230	A	0.03638	5e-05	0.96357	0
231	V	0.03760	5e-05	0.96234	0
232	Q	0.04119	0.00011	0.95870	0
233	G	0.04196	0.00017	0.95787	0
234	H	0.05349	0.00026	0.94625	0
235	W	0.07874	0.00038	0.92088	0
236	A	0.55932	0.00053	0.44016	0
237	R	0.95852	0.00118	0.04029	0
238	E	0.99737	0.00121	0.00142	0
239	A	0.99860	0.00121	0.00019	0
240	P	0.99863	0.00121	0.00015	0
241	G	0.99862	0.00122	0.00016	0
242	A	0.99862	0.00122	0.00017	0
243	W	0.99862	0.00122	0.00017	0
244	D	0.99861	0.00122	0.00017	0
245	C	0.99861	0.00122	0.00018	0
246	S	0.99861	0.00122	0.00018	0
247	V	0.99861	0.00122	0.00018	0
248	E	0.99861	0.00122	0.00018	0
249	N	0.99861	0.00122	0.00018	0
250	G	0.99861	0.00122	0.00018	0
251	G	0.99860	0.00122	0.00018	0
252	C	0.99860	0.00122	0.00018	0
253	E	0.99860	0.00122	0.00018	0
254	H	0.99725	0.00122	0.00153	0
255	A	0.16343	0.00122	0.83536	0
256	C	0.14247	0.00122	0.85631	0
257	N	0.14239	0.00122	0.85640	0
258	A	0.14223	0.00122	0.85656	0
259	I	0.14219	0.00122	0.85659	0
260	P	0.14215	0.00124	0.85661	0
261	G	0.11999	0.00124	0.87877	0
262	A	0.11805	0.00127	0.88068	0
263	P	0.11798	0.00135	0.88066	0
264	R	0.11787	0.00139	0.88074	0
265	C	0.11580	0.00139	0.88280	0
266	Q	0.11577	0.00139	0.88283	0
267	C	0.11556	0.00139	0.88304	0
268	P	0.11556	0.00139	0.88304	0
269	A	0.06163	0.00139	0.93698	0
270	G	0.06154	0.00139	0.93706	0
271	A	0.06038	0.00139	0.93823	0
272	A	0.06038	0.00139	0.93823	0
273	L	0.06038	0.00142	0.93820	0
274	Q	0.06038	0.02082	0.91880	0
275	A	0.06038	0.05003	0.88959	0
276	D	0.06038	0.85288	0.08674	0
277	G	0.05284	0.85636	0.09080	0
278	R	0.01092	0.85764	0.13144	0
279	S	0.00795	0.85772	0.13433	0
280	C	0.00493	0.85782	0.13725	0
281	T	0.00015	0.8579	0.14195	0
282	A	0.00003	0.85869	0.14128	0
283	S	0.00002	0.87018	0.12980	0
284	A	0.00002	0.87055	0.12943	0
285	T	0.00001	0.87223	0.12775	0
286	Q	0.00001	0.88182	0.11817	0
287	S	0.00001	0.8841	0.11589	0
288	C	0.00001	0.89766	0.10232	0
289	N	0.00001	0.92591	0.07408	0
290	D	0.00001	0.93835	0.06164	0
291	L	0.00001	0.93837	0.06162	0
292	C	0.00001	0.93879	0.06119	0
293	E	0.00001	0.93891	0.06108	0
294	H	0.00001	0.93895	0.06103	0
295	F	0.00000	0.93897	0.06103	0
296	C	0.00000	0.93921	0.06079	0
297	V	0.00000	0.93932	0.06067	0
298	P	0.00001	0.96483	0.03515	0
299	N	0.00004	0.99386	0.00610	0
300	P	0.00004	0.99549	0.00446	0
301	D	0.00004	0.99879	0.00116	0
302	Q	0.00004	0.99911	0.00085	0
303	P	0.00004	0.99927	0.00069	0
304	G	0.00004	0.99945	0.00050	0
305	S	0.00004	0.99952	0.00044	0
306	Y	0.00004	0.99958	0.00038	0
307	S	0.00004	0.99978	0.00018	0
308	C	0.00003	0.99981	0.00016	0
309	M	0.00003	0.99981	0.00016	0
310	C	0.00003	0.99985	0.00012	0
311	E	0.00011	0.99985	0.00004	0
312	T	0.00010	0.99985	0.00005	0
313	G	0.00010	0.99985	0.00005	0
314	Y	0.00009	0.99985	0.00006	0
315	R	0.00009	0.99985	0.00006	0
316	L	0.00009	0.99985	0.00006	0
317	A	0.00009	0.99985	0.00006	0
318	A	0.00009	0.99985	0.00006	0
319	D	0.00009	0.99986	0.00004	0
320	Q	0.00009	0.99986	0.00004	0
321	H	0.00009	0.99986	0.00004	0
322	R	0.00009	0.99986	0.00004	0
323	C	0.00009	0.99986	0.00004	0
324	E	0.00009	0.99986	0.00004	0
325	D	0.00009	0.99986	0.00004	0
326	V	0.00009	0.99986	0.00004	0
327	D	0.00009	0.99986	0.00004	0
328	D	0.00009	0.99986	0.00004	0
329	C	0.00009	0.99986	0.00004	0
330	I	0.00009	0.99986	0.00004	0
331	L	0.00009	0.99986	0.00004	0
332	E	0.00009	0.99986	0.00004	0
333	P	0.00009	0.99986	0.00004	0
334	S	0.00009	0.99986	0.00004	0
335	P	0.00009	0.99989	0.00002	0
336	C	0.00009	0.9999	0.00000	0
337	P	0.00009	0.9999	0.00001	0
338	Q	0.00009	0.9999	0.00001	0
339	R	0.00009	0.99989	0.00001	0
340	C	0.00009	0.99989	0.00001	0
341	V	0.00009	0.99989	0.00002	0
342	N	0.00009	0.99989	0.00002	0
343	T	0.00009	0.99989	0.00002	0
344	Q	0.00009	0.99989	0.00002	0
345	G	0.00009	0.99989	0.00002	0
346	G	0.00009	0.99989	0.00002	0
347	F	0.00009	0.99989	0.00002	0
348	E	0.00009	0.99989	0.00002	0
349	C	0.00009	0.99989	0.00002	0
350	H	0.00009	0.99989	0.00002	0
351	C	0.00009	0.99989	0.00002	0
352	Y	0.00009	0.99989	0.00002	0
353	P	0.00009	0.99989	0.00002	0
354	N	0.00009	0.99989	0.00002	0
355	Y	0.00009	0.99989	0.00002	0
356	D	0.00009	0.99989	0.00002	0
357	L	0.00009	0.99989	0.00002	0
358	V	0.00009	0.99989	0.00002	0
359	D	0.00010	0.99989	0.00001	0
360	G	0.00011	0.99989	0.00000	0
361	E	0.00011	0.99989	0.00000	0
362	C	0.00011	0.99989	0.00000	0
363	V	0.00011	0.99989	0.00000	0
364	E	0.00011	0.99989	0.00000	0
365	P	0.00011	0.99989	0.00000	0
366	V	0.00011	0.99989	0.00000	0
367	D	0.00011	0.99985	0.00004	0
368	P	0.00011	0.99983	0.00006	0
369	C	0.00011	0.99978	0.00011	0
370	F	0.00011	0.99976	0.00013	0
371	R	0.00011	0.99974	0.00015	0
372	A	0.00011	0.99972	0.00017	0
373	N	0.00011	0.9997	0.00019	0
374	C	0.00011	0.99968	0.00022	0
375	E	0.00011	0.99954	0.00035	0
376	Y	0.00010	0.99947	0.00043	0
377	Q	0.00010	0.99926	0.00063	0
378	C	0.00010	0.99892	0.00098	0
379	Q	0.00010	0.99855	0.00136	0
380	P	0.00010	0.99834	0.00157	0
381	L	0.00010	0.99832	0.00158	0
382	N	0.00010	0.99832	0.00158	0
383	Q	0.00010	0.99832	0.00158	0
384	T	0.00009	0.99832	0.00158	0
385	S	0.00009	0.99832	0.00158	0
386	Y	0.00010	0.99832	0.00158	0
387	L	0.00012	0.99832	0.00155	0
388	C	0.00015	0.99832	0.00153	0
389	V	0.00015	0.99832	0.00153	0
390	C	0.00016	0.99832	0.00152	0
391	A	0.00024	0.99832	0.00144	0
392	E	0.00026	0.99832	0.00142	0
393	G	0.00026	0.99832	0.00142	0
394	F	0.00026	0.99832	0.00142	0
395	A	0.00026	0.99832	0.00142	0
396	P	0.00026	0.99833	0.00141	0
397	I	0.00026	0.99833	0.00141	0
398	P	0.00039	0.99833	0.00128	0
399	H	0.00145	0.99834	0.00021	0
400	E	0.00166	0.99834	0.00000	0
401	P	0.00166	0.99834	0.00000	0
402	H	0.00166	0.99834	0.00000	0
403	R	0.00166	0.99834	0.00000	0
404	C	0.00161	0.99834	0.00005	0
405	Q	0.00161	0.99834	0.00005	0
406	M	0.00161	0.99834	0.00006	0
407	F	0.00161	0.99834	0.00005	0
408	C	0.00161	0.99834	0.00005	0
409	N	0.00161	0.99834	0.00005	0
410	Q	0.00161	0.99834	0.00005	0
411	T	0.00161	0.99834	0.00005	0
412	A	0.00161	0.99834	0.00005	0
413	C	0.00161	0.99834	0.00005	0
414	P	0.00161	0.99834	0.00005	0
415	A	0.00161	0.99834	0.00005	0
416	D	0.00161	0.99834	0.00005	0
417	C	0.00161	0.99834	0.00005	0
418	D	0.00161	0.99834	0.00005	0
419	P	0.00161	0.99834	0.00006	0
420	N	0.00161	0.99834	0.00006	0
421	T	0.00161	0.99834	0.00006	0
422	Q	0.00161	0.99834	0.00006	0
423	A	0.00161	0.99834	0.00006	0
424	S	0.00161	0.99835	0.00004	0
425	C	0.00161	0.99839	0.00001	0
426	E	0.00161	0.99839	0.00000	0
427	C	0.00161	0.99839	0.00000	0
428	P	0.00161	0.99839	0.00000	0
429	E	0.00161	0.99839	0.00000	0
430	G	0.00161	0.99839	0.00000	0
431	Y	0.00161	0.99839	0.00001	0
432	I	0.00161	0.99839	0.00001	0
433	L	0.00161	0.99839	0.00001	0
434	D	0.00161	0.99839	0.00001	0
435	D	0.00161	0.99839	0.00001	0
436	G	0.00161	0.99839	0.00001	0
437	F	0.00161	0.99838	0.00001	0
438	I	0.00161	0.99838	0.00001	0
439	C	0.00161	0.99838	0.00001	0
440	T	0.00161	0.99837	0.00002	0
441	D	0.00161	0.99837	0.00003	0
442	I	0.00161	0.99806	0.00033	0
443	D	0.00161	0.99804	0.00035	0
444	E	0.00161	0.99803	0.00036	0
445	C	0.00161	0.99803	0.00036	0
446	E	0.00161	0.99802	0.00037	0
447	N	0.00161	0.99802	0.00037	0
448	G	0.00161	0.99802	0.00038	0
449	G	0.00161	0.99801	0.00038	0
450	F	0.00161	0.99801	0.00038	0
451	C	0.00161	0.99801	0.00038	0
452	S	0.00161	0.998	0.00039	0
453	G	0.00161	0.998	0.00039	0
454	V	0.00161	0.99796	0.00043	0
455	C	0.00161	0.99796	0.00043	0
456	H	0.00161	0.99796	0.00043	0
457	N	0.00161	0.99796	0.00043	0
458	L	0.00162	0.99794	0.00044	0
459	P	0.00162	0.99794	0.00044	0
460	G	0.00162	0.99794	0.00044	0
461	T	0.00162	0.99794	0.00044	0
462	F	0.00165	0.99794	0.00041	0
463	E	0.00197	0.99794	0.00009	0
464	C	0.00197	0.99794	0.00009	0
465	I	0.00197	0.99794	0.00009	0
466	C	0.00197	0.99794	0.00009	0
467	G	0.00197	0.99794	0.00009	0
468	P	0.00197	0.99794	0.00009	0
469	D	0.00198	0.99794	0.00008	0
470	S	0.00199	0.99794	0.00007	0
471	A	0.00199	0.99794	0.00007	0
472	L	0.00199	0.99794	0.00007	0
473	A	0.00199	0.99794	0.00007	0
474	R	0.00200	0.99794	0.00006	0
475	H	0.00200	0.99794	0.00006	0
476	I	0.00200	0.99794	0.00006	0
477	G	0.00202	0.99794	0.00004	0
478	T	0.00204	0.99794	0.00002	0
479	D	0.00206	0.99794	0.00000	0
480	C	0.00206	0.99794	0.00000	0
481	D	0.00206	0.99794	0.00000	0
482	S	0.00206	0.99794	0.00000	0
483	G	0.00206	0.99794	0.00000	0
484	K	0.00206	0.99794	0.00000	0
485	V	0.00206	0.99794	0.00000	0
486	D	0.00206	0.99794	0.00000	0
487	G	0.00206	0.99794	0.00000	0
488	G	0.00206	0.99794	0.00000	0
489	D	0.00206	0.99794	0.00000	0
490	S	0.00206	0.99794	0.00000	0
491	G	0.00206	0.99794	0.00000	0
492	S	0.00206	0.99794	0.00000	0
493	G	0.00206	0.99794	0.00000	0
494	E	0.00206	0.99794	0.00000	0
495	P	0.00205	0.99794	0.00001	0
496	P	0.00205	0.99794	0.00001	0
497	P	0.00204	0.99794	0.00002	0
498	S	0.00201	0.99794	0.00006	0
499	P	0.00200	0.99794	0.00006	0
500	T	0.00200	0.99793	0.00007	0
501	P	0.00200	0.99791	0.00009	0
502	G	0.00200	0.99767	0.00033	0
503	S	0.00200	0.99703	0.00098	0
504	T	0.00200	0.99596	0.00205	0
505	L	0.00200	0.99371	0.00429	0
506	T	0.00200	0.99152	0.00648	0
507	P	0.00200	0.99093	0.00708	0
508	P	0.00200	0.97929	0.01871	0
509	A	0.00199	0.72266	0.27534	0
510	V	0.00199	0.60644	0.39156	0
511	G	0.00199	0.60198	0.39603	0
512	L	0.00199	0.59465	0.40335	0
513	V	0.00199	0.59039	0.40762	0
514	H	0.00199	0.58665	0.41136	0
515	S	0.00199	0.56407	0.43394	0
516	G	0.00199	0.5362	0.46181	0
517	L	0.00199	0.01745	0.98056	0
518	L	0.00199	0.00253	0.99547	0
519	I	0.00199	0.00024	0.99777	0
520	G	0.00199	7e-05	0.99794	0
521	I	0.00199	0	0.99801	0
522	S	0.00200	0	0.99800	0
523	I	0.00205	0	0.99795	0
524	A	0.00216	0	0.99784	0
525	S	0.00222	0	0.99778	0
526	L	0.00230	0	0.99770	0
527	C	0.00249	0	0.99751	0
528	L	0.00429	0	0.99571	0
529	V	0.00679	0	0.99321	0
530	V	0.02456	0	0.97544	0
531	A	0.18772	0	0.81228	0
532	L	0.23009	0	0.76991	0
533	L	0.32436	0	0.67564	0
534	A	0.37019	0	0.62981	0
535	L	0.38675	0	0.61325	0
536	L	0.39470	0	0.60529	0
537	C	0.40719	0	0.59280	0
538	H	0.42817	0	0.57183	0
539	L	0.46161	0	0.53838	0
540	R	0.99999	1e-05	0.00000	0
541	K	0.99999	1e-05	0.00000	0
542	K	0.99999	1e-05	0.00000	0
543	Q	0.99999	1e-05	0.00000	0
544	G	0.99999	1e-05	0.00000	0
545	A	0.99999	0	0.00000	0
546	A	0.99999	0	0.00000	0
547	R	0.99999	0	0.00000	0
548	A	0.99999	0	0.00000	0
549	K	0.99999	0	0.00001	0
550	M	0.99999	0	0.00001	0
551	E	0.99999	0	0.00001	0
552	Y	0.99999	0	0.00001	0
553	K	0.99999	0	0.00001	0
554	C	0.99999	0	0.00001	0
555	A	0.99999	0	0.00001	0
556	A	0.99999	0	0.00001	0
557	P	0.99999	0	0.00001	0
558	S	0.99999	0	0.00001	0
559	K	0.99999	0	0.00001	0
560	E	0.99999	0	0.00001	0
561	V	0.99999	0	0.00001	0
562	V	0.99999	0	0.00001	0
563	L	0.99999	0	0.00001	0
564	Q	0.99999	0	0.00001	0
565	H	0.99999	0	0.00001	0
566	V	1.00000	0	0.00000	0
567	R	1.00000	0	0.00000	0
568	T	1.00000	0	0.00000	0
569	E	1.00000	0	0.00000	0
570	R	1.00000	0	0.00000	0
571	T	1.00000	0	0.00000	0
572	P	1.00000	0	0.00000	0
573	Q	1.00000	0	0.00000	0
574	R	1.00000	0	0.00000	0
575	L	1.00000	0	0.00000	0
