# UNNAMED
#pos	aa	i	o	M	S
1	M	0.00000	1	0.00000	0
2	G	0.00000	1	0.00000	0
3	D	0.00000	1	0.00000	0
4	V	0.00000	1	0.00000	0
5	N	0.00000	1	0.00000	0
6	Q	0.00000	1	0.00000	0
7	S	0.00000	1	0.00000	0
8	V	0.00000	1	0.00000	0
9	A	0.00000	1	0.00000	0
10	S	0.00000	1	0.00000	0
11	D	0.00000	1	0.00000	0
12	F	0.00000	1	0.00000	0
13	I	0.00000	1	0.00000	0
14	L	0.00000	1	0.00000	0
15	V	0.00000	1	0.00000	0
16	G	0.00000	1	0.00000	0
17	L	0.00000	1	0.00000	0
18	F	0.00000	1	0.00000	0
19	S	0.00000	1	0.00000	0
20	H	0.00000	0.99999	0.00001	0
21	S	0.00000	0.99995	0.00005	0
22	G	0.00000	0.99978	0.00022	0
23	S	0.00000	0.99938	0.00062	0
24	R	0.00000	0.99542	0.00458	0
25	Q	0.00000	0.90895	0.09105	0
26	L	0.00000	0.51609	0.48391	0
27	L	0.00000	0.21104	0.78896	0
28	F	0.00000	0.06898	0.93102	0
29	S	0.00000	0.03915	0.96085	0
30	L	0.00000	0.0103	0.98970	0
31	V	0.00000	0.00097	0.99903	0
32	A	0.00000	0.00022	0.99978	0
33	V	0.00000	0	1.00000	0
34	M	0.00000	0	1.00000	0
35	F	0.00000	0	1.00000	0
36	V	0.00000	0	1.00000	0
37	I	0.00000	0	1.00000	0
38	G	0.00000	0	1.00000	0
39	L	0.00000	0	1.00000	0
40	L	0.00000	0	1.00000	0
41	G	0.00000	0	1.00000	0
42	N	0.00000	0	1.00000	0
43	T	0.00000	0	1.00000	0
44	V	0.00000	0	1.00000	0
45	L	0.00000	0	1.00000	0
46	L	0.00000	0	1.00000	0
47	F	0.00017	0	0.99983	0
48	L	0.01233	0	0.98767	0
49	I	0.12528	0	0.87472	0
50	R	0.94318	0	0.05682	0
51	V	0.96676	0	0.03324	0
52	D	0.99990	0	0.00010	0
53	S	1.00000	0	0.00000	0
54	R	1.00000	0	0.00000	0
55	L	1.00000	0	0.00000	0
56	H	1.00000	0	0.00000	0
57	T	1.00000	0	0.00000	0
58	P	1.00000	0	0.00000	0
59	M	0.04189	0	0.95811	0
60	Y	0.00424	0	0.99576	0
61	F	0.00014	0	0.99986	0
62	L	0.00000	0	1.00000	0
63	L	0.00000	0	1.00000	0
64	S	0.00000	0	1.00000	0
65	Q	0.00000	0	1.00000	0
66	L	0.00000	0	1.00000	0
67	S	0.00000	0	1.00000	0
68	L	0.00000	0	1.00000	0
69	F	0.00000	0	1.00000	0
70	D	0.00000	0	1.00000	0
71	I	0.00000	0	1.00000	0
72	G	0.00000	0	1.00000	0
73	C	0.00000	0	1.00000	0
74	P	0.00000	0	1.00000	0
75	M	0.00000	0	1.00000	0
76	V	0.00000	0	1.00000	0
77	T	0.00000	8e-05	0.99992	0
78	I	0.00000	0.00026	0.99974	0
79	P	0.00000	0.98697	0.01303	0
80	K	0.00000	0.99051	0.00949	0
81	M	0.00000	0.99141	0.00859	0
82	A	0.00000	0.99472	0.00528	0
83	S	0.00000	0.99957	0.00043	0
84	D	0.00000	1	0.00000	0
85	F	0.00000	1	0.00000	0
86	L	0.00000	1	0.00000	0
87	R	0.00000	1	0.00000	0
88	G	0.00000	1	0.00000	0
89	E	0.00000	1	0.00000	0
90	G	0.00000	1	0.00000	0
91	A	0.00000	1	0.00000	0
92	T	0.00000	1	0.00000	0
93	S	0.00000	1	0.00000	0
94	Y	0.00000	0.99996	0.00004	0
95	G	0.00000	0.9999	0.00010	0
96	G	0.00000	0.99801	0.00199	0
97	G	0.00000	0.98226	0.01774	0
98	A	0.00000	0.88255	0.11745	0
99	A	0.00000	0.61915	0.38085	0
100	Q	0.00000	0.37214	0.62786	0
101	I	0.00000	0.05736	0.94264	0
102	F	0.00000	0.00318	0.99682	0
103	F	0.00000	0.00017	0.99983	0
104	L	0.00000	2e-05	0.99998	0
105	T	0.00000	0	1.00000	0
106	L	0.00000	0	1.00000	0
107	M	0.00000	0	1.00000	0
108	G	0.00000	0	1.00000	0
109	V	0.00000	0	1.00000	0
110	A	0.00000	0	1.00000	0
111	E	0.00000	0	1.00000	0
112	G	0.00000	0	1.00000	0
113	V	0.00000	0	1.00000	0
114	L	0.00000	0	1.00000	0
115	L	0.00000	0	1.00000	0
116	V	0.00000	0	1.00000	0
117	L	0.00000	0	1.00000	0
118	M	0.00000	0	1.00000	0
119	S	0.00000	0	1.00000	0
120	Y	0.00002	0	0.99998	0
121	D	0.00034	0	0.99966	0
122	R	0.03138	0	0.96862	0
123	Y	0.21040	0	0.78960	0
124	V	0.95587	0	0.04413	0
125	A	0.99898	0	0.00102	0
126	V	1.00000	0	0.00000	0
127	C	1.00000	0	0.00000	0
128	Q	1.00000	0	0.00000	0
129	P	1.00000	0	0.00000	0
130	L	1.00000	0	0.00000	0
131	Q	1.00000	0	0.00000	0
132	Y	1.00000	0	0.00000	0
133	P	1.00000	0	0.00000	0
134	V	1.00000	0	0.00000	0
135	L	1.00000	0	0.00000	0
136	M	0.99999	0	0.00001	0
137	R	0.99998	0	0.00002	0
138	R	0.99917	0	0.00083	0
139	Q	0.97328	0	0.02672	0
140	V	0.22625	0	0.77375	0
141	C	0.00081	0	0.99919	0
142	L	0.00002	0	0.99998	0
143	L	0.00000	0	1.00000	0
144	M	0.00000	0	1.00000	0
145	M	0.00000	0	1.00000	0
146	G	0.00000	0	1.00000	0
147	S	0.00000	0	1.00000	0
148	S	0.00000	0	1.00000	0
149	W	0.00000	0	1.00000	0
150	V	0.00000	0	1.00000	0
151	V	0.00000	0	1.00000	0
152	G	0.00000	0	1.00000	0
153	V	0.00000	0	1.00000	0
154	L	0.00000	0	1.00000	0
155	N	0.00000	0	1.00000	0
156	A	0.00000	0	1.00000	0
157	S	0.00000	1e-05	0.99999	0
158	I	0.00000	0.00043	0.99957	0
159	Q	0.00000	0.08853	0.91147	0
160	T	0.00000	0.2466	0.75340	0
161	S	0.00000	0.48422	0.51578	0
162	I	0.00000	0.5784	0.42160	0
163	T	0.00000	0.87922	0.12078	0
164	L	0.00000	0.95421	0.04579	0
165	H	0.00000	0.99445	0.00555	0
166	F	0.00000	0.99722	0.00278	0
167	P	0.00000	0.99988	0.00012	0
168	Y	0.00000	0.99999	0.00001	0
169	C	0.00000	1	0.00000	0
170	A	0.00000	1	0.00000	0
171	S	0.00000	1	0.00000	0
172	R	0.00000	1	0.00000	0
173	I	0.00000	1	0.00000	0
174	V	0.00000	1	0.00000	0
175	D	0.00000	1	0.00000	0
176	H	0.00000	1	0.00000	0
177	F	0.00000	1	0.00000	0
178	F	0.00000	1	0.00000	0
179	C	0.00000	1	0.00000	0
180	E	0.00000	1	0.00000	0
181	V	0.00000	1	0.00000	0
182	P	0.00000	1	0.00000	0
183	A	0.00000	1	0.00000	0
184	L	0.00000	1	0.00000	0
185	L	0.00000	1	0.00000	0
186	K	0.00000	1	0.00000	0
187	L	0.00000	1	0.00000	0
188	S	0.00000	1	0.00000	0
189	C	0.00000	1	0.00000	0
190	A	0.00000	0.99999	0.00001	0
191	D	0.00000	0.99996	0.00004	0
192	T	0.00000	0.99928	0.00072	0
193	C	0.00000	0.99877	0.00123	0
194	A	0.00000	0.99754	0.00246	0
195	Y	0.00000	0.97664	0.02336	0
196	E	0.00000	0.97282	0.02718	0
197	M	0.00000	0.17121	0.82879	0
198	A	0.00000	0.00392	0.99608	0
199	L	0.00000	0.00022	0.99978	0
200	S	0.00000	0.00016	0.99984	0
201	T	0.00000	0.0001	0.99990	0
202	S	0.00000	9e-05	0.99991	0
203	G	0.00000	4e-05	0.99996	0
204	V	0.00000	4e-05	0.99996	0
205	L	0.00000	0	1.00000	0
206	I	0.00000	0	1.00000	0
207	L	0.00000	0	1.00000	0
208	M	0.00000	0	1.00000	0
209	L	0.00000	0	1.00000	0
210	P	0.00000	0	1.00000	0
211	L	0.00000	0	1.00000	0
212	S	0.00000	0	1.00000	0
213	L	0.00000	0	1.00000	0
214	I	0.00001	0	0.99999	0
215	A	0.00003	0	0.99997	0
216	T	0.00090	0	0.99910	0
217	S	0.00172	0	0.99828	0
218	Y	0.00312	0	0.99688	0
219	G	0.03387	0	0.96613	0
220	H	0.06832	0	0.93168	0
221	V	0.08664	0	0.91336	0
222	L	0.21086	0	0.78914	0
223	Q	0.99771	0	0.00229	0
224	A	0.99907	0	0.00093	0
225	V	0.99987	0	0.00013	0
226	L	0.99992	0	0.00008	0
227	S	0.99998	0	0.00002	0
228	M	0.99999	0	0.00001	0
229	R	1.00000	0	0.00000	0
230	S	1.00000	0	0.00000	0
231	E	1.00000	0	0.00000	0
232	E	1.00000	0	0.00000	0
233	A	0.99999	0	0.00001	0
234	R	0.99997	0	0.00003	0
235	H	0.99967	0	0.00033	0
236	K	0.84598	0	0.15402	0
237	A	0.41704	0	0.58296	0
238	V	0.20910	0	0.79090	0
239	T	0.03707	0	0.96293	0
240	T	0.03688	0	0.96312	0
241	C	0.03239	0	0.96761	0
242	S	0.03107	0	0.96893	0
243	S	0.02945	0	0.97055	0
244	H	0.02078	0	0.97922	0
245	I	0.01863	0	0.98137	0
246	T	0.01756	0	0.98244	0
247	V	0.00062	0	0.99938	0
248	V	0.00000	0	1.00000	0
249	G	0.00000	0	1.00000	0
250	L	0.00000	0	1.00000	0
251	F	0.00000	0	1.00000	0
252	Y	0.00000	0	1.00000	0
253	G	0.00000	0	1.00000	0
254	A	0.00000	0	1.00000	0
255	A	0.00000	0	1.00000	0
256	V	0.00000	2e-05	0.99998	0
257	F	0.00000	0.00028	0.99972	0
258	M	0.00000	0.00149	0.99851	0
259	Y	0.00000	0.0348	0.96520	0
260	M	0.00000	0.07458	0.92542	0
261	V	0.00000	0.26384	0.73616	0
262	P	0.00000	0.82668	0.17332	0
263	C	0.00000	0.9594	0.04060	0
264	A	0.00000	0.96636	0.03364	0
265	Y	0.00000	0.97083	0.02917	0
266	H	0.00000	0.97469	0.02531	0
267	S	0.00000	0.9771	0.02290	0
268	P	0.00000	0.9812	0.01880	0
269	Q	0.00000	0.99424	0.00576	0
270	Q	0.00000	0.95421	0.04579	0
271	D	0.00000	0.93519	0.06481	0
272	N	0.00000	0.43954	0.56046	0
273	V	0.00000	0.0187	0.98130	0
274	V	0.00000	0.00041	0.99959	0
275	S	0.00000	0.0004	0.99960	0
276	L	0.00000	0.00036	0.99964	0
277	F	0.00000	0.0003	0.99970	0
278	Y	0.00000	0.00025	0.99975	0
279	S	0.00000	0.00024	0.99976	0
280	L	0.00000	7e-05	0.99993	0
281	V	0.00000	1e-05	0.99999	0
282	T	0.00000	0	1.00000	0
283	P	0.00000	0	1.00000	0
284	T	0.00000	0	1.00000	0
285	L	0.00000	0	1.00000	0
286	N	0.00000	0	1.00000	0
287	P	0.00000	0	1.00000	0
288	L	0.00000	0	1.00000	0
289	I	0.00005	0	0.99995	0
290	Y	0.00104	0	0.99896	0
291	S	0.01117	0	0.98883	0
292	L	0.04011	0	0.95989	0
293	R	0.99958	0	0.00042	0
294	N	0.99958	0	0.00042	0
295	P	0.99958	0	0.00042	0
296	E	0.99958	0	0.00042	0
297	V	0.99958	0	0.00042	0
298	W	0.99958	0	0.00042	0
299	M	0.99958	0	0.00042	0
300	A	0.99958	0	0.00042	0
301	L	0.99958	0	0.00042	0
302	V	0.99981	0	0.00019	0
303	K	1.00000	0	0.00000	0
304	V	1.00000	0	0.00000	0
305	L	1.00000	0	0.00000	0
306	S	1.00000	0	0.00000	0
307	R	1.00000	0	0.00000	0
308	A	1.00000	0	0.00000	0
309	G	1.00000	0	0.00000	0
310	L	1.00000	0	0.00000	0
311	R	1.00000	0	0.00000	0
312	Q	1.00000	0	0.00000	0
313	M	1.00000	0	0.00000	0
314	C	1.00000	0	0.00000	0
