# UNNAMED
#pos	aa	i	o	M	S
1	M	0.00000	0.09788	0.00000	0.90212
2	I	0.00000	0.09788	0.00000	0.90211
3	V	0.00000	0.09788	0.00000	0.90211
4	F	0.00000	0.09788	0.00000	0.90212
5	I	0.00000	0.09788	0.00000	0.90212
6	F	0.00000	0.09788	0.00000	0.90211
7	L	0.00000	0.09788	0.00000	0.90211
8	A	0.00000	0.09788	0.00000	0.90212
9	M	0.00000	0.09788	0.00000	0.90212
10	G	0.00000	0.09788	0.00000	0.90211
11	L	0.00000	0.09788	0.00000	0.90212
12	S	0.00000	0.09788	0.00000	0.90212
13	L	0.00000	0.10072	0.00000	0.89928
14	E	0.00000	0.77833	0.00000	0.22167
15	N	0.00000	0.94026	0.00000	0.05974
16	E	0.00000	0.94035	0.00000	0.05965
17	Y	0.00000	0.94035	0.00000	0.05965
18	T	0.00000	0.94051	0.00000	0.05949
19	S	0.00000	0.94061	0.00000	0.05939
20	Q	0.00000	0.94229	0.00000	0.0577
21	T	0.00000	0.99264	0.00000	0.00736
22	N	0.00000	0.99989	0.00000	0.00011
23	N	0.00000	0.99988	0.00000	0.00011
24	C	0.00000	0.99988	0.00000	0.00011
25	T	0.00000	0.99988	0.00000	0.00011
26	Y	0.00000	1	0.00000	0
27	L	0.00000	1	0.00000	0
28	R	0.00000	1	0.00000	0
29	E	0.00000	1	0.00000	0
30	Q	0.00000	1	0.00000	0
31	C	0.00000	1	0.00000	0
32	L	0.00000	1	0.00000	0
33	R	0.00000	1	0.00000	0
34	D	0.00000	1	0.00000	0
35	A	0.00000	1	0.00000	0
36	N	0.00000	1	0.00000	0
37	G	0.00000	1	0.00000	0
38	C	0.00000	1	0.00000	0
39	K	0.00000	1	0.00000	0
40	H	0.00000	1	0.00000	0
41	A	0.00000	1	0.00000	0
42	W	0.00000	1	0.00000	0
43	R	0.00000	1	0.00000	0
44	V	0.00000	1	0.00000	0
45	M	0.00000	1	0.00000	0
46	E	0.00000	1	0.00000	0
47	D	0.00000	1	0.00000	0
48	A	0.00000	1	0.00000	0
49	C	0.00000	1	0.00000	0
50	N	0.00000	1	0.00000	0
51	D	0.00000	1	0.00000	0
52	S	0.00000	1	0.00000	0
53	D	0.00000	1	0.00000	0
54	P	0.00000	1	0.00000	0
55	G	0.00000	1	0.00000	0
56	D	0.00000	1	0.00000	0
57	P	0.00000	1	0.00000	0
58	C	0.00000	1	0.00000	0
59	K	0.00000	1	0.00000	0
60	M	0.00000	1	0.00000	0
61	R	0.00000	1	0.00000	0
62	N	0.00000	1	0.00000	0
63	S	0.00000	1	0.00000	0
64	S	0.00000	1	0.00000	0
65	Y	0.00000	0.99999	0.00001	0
66	C	0.00000	0.99999	0.00001	0
67	N	0.00000	0.99999	0.00001	0
68	L	0.00000	0.99901	0.00099	0
69	S	0.00000	0.99844	0.00156	0
70	I	0.00000	0.99552	0.00448	0
71	Q	0.00000	0.9954	0.00460	0
72	Y	0.00000	0.99513	0.00487	0
73	L	0.00000	0.99513	0.00487	0
74	V	0.00000	0.99512	0.00488	0
75	E	0.00000	0.99512	0.00488	0
76	S	0.00000	0.995	0.00499	0
77	N	0.00000	0.99252	0.00747	0
78	F	0.00000	0.98075	0.01925	0
79	Q	0.00000	0.98045	0.01955	0
80	F	0.00000	0.97954	0.02046	0
81	K	0.00000	0.97951	0.02049	0
82	E	0.00000	0.97764	0.02236	0
83	C	0.00000	0.97764	0.02236	0
84	L	0.00000	0.97764	0.02236	0
85	C	0.00000	0.97764	0.02236	0
86	T	0.00005	0.97764	0.02232	0
87	D	0.00005	0.97764	0.02231	0
88	D	0.00006	0.97763	0.02231	0
89	F	0.00006	0.00639	0.99356	0
90	Y	0.00006	0.00222	0.99773	0
91	C	0.00007	0.00159	0.99834	0
92	T	0.00012	0.00153	0.99835	0
93	V	0.00021	0.00153	0.99826	0
94	N	0.00352	0.00153	0.99496	0
95	K	0.00453	0.0015	0.99397	0
96	L	0.00450	0.00011	0.99539	0
97	L	0.00456	8e-05	0.99536	0
98	G	0.00738	8e-05	0.99254	0
99	K	0.01265	8e-05	0.98727	0
100	K	0.01493	8e-05	0.98499	0
101	C	0.01491	7e-05	0.98502	0
102	I	0.01493	7e-05	0.98500	0
103	N	0.01663	7e-05	0.98330	0
104	K	0.02223	7e-05	0.97770	0
105	S	0.02225	7e-05	0.97768	0
106	D	0.02243	7e-05	0.97750	0
107	N	0.02481	7e-05	0.97512	0
108	V	0.03119	7e-05	0.96873	0
109	K	0.99315	7e-05	0.00678	0
110	E	0.99596	7e-05	0.00396	0
111	D	0.99459	7e-05	0.00534	0
112	K	0.98941	7e-05	0.01052	0
113	F	0.98332	5e-05	0.01663	0
114	K	0.98388	6e-05	0.01607	0
115	W	0.98382	4e-05	0.01614	0
116	N	0.98441	5e-05	0.01554	0
117	L	0.98473	7e-05	0.01520	0
118	T	0.98478	7e-05	0.01515	0
119	T	0.98472	0.00011	0.01516	0
120	R	0.98451	0.00012	0.01537	0
121	S	0.94998	0.00011	0.04990	0
122	H	0.11478	0.00011	0.88512	0
123	H	0.06032	0.0001	0.93957	0
124	G	0.04660	0.0001	0.95330	0
125	F	0.00406	0.0001	0.99584	0
126	K	0.00371	0.0001	0.99618	0
127	G	0.00213	0.0001	0.99776	0
128	M	0.00023	0.00011	0.99966	0
129	W	0.00006	0.00045	0.99949	0
130	S	0.00001	0.00457	0.99542	0
131	C	0.00000	0.01422	0.98577	0
132	L	0.00000	0.01423	0.98576	0
133	E	0.00003	0.01429	0.98567	0
134	V	0.00004	0.0143	0.98567	0
135	A	0.00004	0.0143	0.98566	0
136	E	0.00004	0.01431	0.98565	0
137	A	0.00004	0.01461	0.98535	0
138	C	0.00004	0.01506	0.98490	0
139	V	0.00005	0.01506	0.98489	0
140	G	0.00007	0.01507	0.98486	0
141	D	0.00005	0.01528	0.98467	0
142	V	0.00004	0.01534	0.98462	0
143	V	0.00002	0.01597	0.98401	0
144	C	0.00000	0.9258	0.07420	0
145	N	0.00000	0.92795	0.07205	0
146	A	0.00000	0.92803	0.07197	0
147	Q	0.00000	0.92854	0.07146	0
148	L	0.00000	0.92867	0.07133	0
149	A	0.00000	0.92884	0.07115	0
150	S	0.00000	0.97985	0.02015	0
151	Y	0.00000	0.99338	0.00662	0
152	L	0.00000	0.99806	0.00194	0
153	K	0.00000	0.9994	0.00060	0
154	A	0.00000	0.99966	0.00033	0
155	C	0.00000	0.99993	0.00007	0
156	S	0.00000	0.99993	0.00007	0
157	A	0.00000	0.99993	0.00007	0
158	N	0.00000	0.99993	0.00007	0
159	G	0.00000	0.99993	0.00007	0
160	N	0.00000	0.99993	0.00007	0
161	P	0.00000	0.99993	0.00006	0
162	C	0.00000	1	0.00000	0
163	D	0.00000	1	0.00000	0
164	L	0.00000	0.99999	0.00000	0
165	K	0.00000	0.99999	0.00000	0
166	Q	0.00000	0.99999	0.00001	0
167	C	0.00000	0.99996	0.00004	0
168	Q	0.00000	0.874	0.12600	0
169	A	0.00000	0.59844	0.40156	0
170	A	0.00000	0.43565	0.56435	0
171	I	0.00000	0.18654	0.81346	0
172	R	0.00000	0.00236	0.99764	0
173	F	0.00000	0.00029	0.99971	0
174	F	0.00000	1e-05	0.99999	0
175	Y	0.00000	0	1.00000	0
176	Q	0.00000	0	1.00000	0
177	N	0.00000	0	1.00000	0
178	I	0.00000	0	1.00000	0
179	P	0.00000	0	1.00000	0
180	F	0.00000	0	1.00000	0
181	N	0.00000	0	1.00000	0
182	I	0.00000	0	1.00000	0
183	A	0.00000	0	1.00000	0
184	Q	0.00000	0	1.00000	0
185	M	0.00000	0	1.00000	0
186	L	0.00000	0	1.00000	0
187	A	0.00143	0	0.99857	0
188	F	0.01478	0	0.98522	0
189	C	0.22667	0	0.77333	0
190	D	0.23936	0	0.76064	0
191	C	0.39616	0	0.60384	0
192	A	0.77853	0	0.22147	0
193	Q	0.81506	0	0.18493	0
194	S	0.91679	0	0.08320	0
195	D	0.99928	0	0.00071	0
196	I	0.99973	0	0.00027	0
197	P	1.00000	0	0.00000	0
198	C	1.00000	0	0.00000	0
199	Q	1.00000	0	0.00000	0
200	Q	1.00000	0	0.00000	0
201	S	1.00000	0	0.00000	0
202	K	1.00000	0	0.00000	0
203	E	0.99998	0	0.00002	0
204	A	0.69050	0	0.30950	0
205	L	0.54765	0	0.45234	0
206	H	0.52591	0	0.47408	0
207	S	0.49111	0	0.50888	0
208	K	0.46630	0	0.53369	0
209	T	0.12597	0	0.87403	0
210	C	0.00015	0	0.99985	0
211	A	0.00000	0	1.00000	0
212	V	0.00000	0	1.00000	0
213	N	0.00000	0	1.00000	0
214	M	0.00000	0	1.00000	0
215	V	0.00000	0	1.00000	0
216	P	0.00000	0	1.00000	0
217	P	0.00000	0	1.00000	0
218	P	0.00000	0	1.00000	0
219	T	0.00000	0	1.00000	0
220	C	0.00000	0	1.00000	0
221	L	0.00000	0	1.00000	0
222	S	0.00000	0	1.00000	0
223	V	0.00000	0.00021	0.99979	0
224	I	0.00000	0.01656	0.98344	0
225	R	0.00000	0.23385	0.76615	0
226	S	0.00000	0.40282	0.59718	0
227	C	0.00000	0.4986	0.50140	0
228	Q	0.00000	0.599	0.40100	0
229	N	0.00000	0.83717	0.16283	0
230	D	0.00000	0.99994	0.00006	0
231	E	0.00000	0.99997	0.00003	0
232	L	0.00000	0.99997	0.00003	0
233	C	0.00000	1	0.00000	0
234	R	0.00000	1	0.00000	0
235	R	0.00000	1	0.00000	0
236	H	0.00000	1	0.00000	0
237	Y	0.00000	1	0.00000	0
238	R	0.00000	1	0.00000	0
239	T	0.00000	1	0.00000	0
240	F	0.00000	1	0.00000	0
241	Q	0.00000	1	0.00000	0
242	S	0.00000	1	0.00000	0
243	K	0.00000	1	0.00000	0
244	C	0.00000	1	0.00000	0
245	W	0.00000	1	0.00000	0
246	Q	0.00000	1	0.00000	0
247	R	0.00000	1	0.00000	0
248	V	0.00000	1	0.00000	0
249	T	0.00000	1	0.00000	0
250	R	0.00000	1	0.00000	0
251	K	0.00000	1	0.00000	0
252	C	0.00000	1	0.00000	0
253	H	0.00000	1	0.00000	0
254	E	0.00000	1	0.00000	0
255	D	0.00000	1	0.00000	0
256	E	0.00000	1	0.00000	0
257	N	0.00000	1	0.00000	0
258	C	0.00000	1	0.00000	0
259	I	0.00000	0.99999	0.00001	0
260	S	0.00000	0.99999	0.00001	0
261	T	0.00000	0.99999	0.00001	0
262	L	0.00000	0.99999	0.00001	0
263	S	0.00000	0.99999	0.00001	0
264	K	0.00000	0.99999	0.00001	0
265	Q	0.00000	0.99999	0.00001	0
266	D	0.00000	0.99999	0.00001	0
267	L	0.00000	0.99999	0.00001	0
268	T	0.00000	0.99997	0.00003	0
269	C	0.00000	0.99997	0.00003	0
270	S	0.00000	0.99997	0.00003	0
271	G	0.00000	0.99997	0.00003	0
272	S	0.00000	0.99997	0.00003	0
273	D	0.00000	0.99997	0.00003	0
274	D	0.00000	0.99996	0.00004	0
275	C	0.00000	0.99953	0.00047	0
276	K	0.00000	0.00176	0.99824	0
277	A	0.00000	2e-05	0.99998	0
278	A	0.00000	0	1.00000	0
279	Y	0.00000	0	1.00000	0
280	I	0.00000	0	1.00000	0
281	D	0.00001	0	0.99999	0
282	I	0.00001	0	0.99999	0
283	L	0.00001	0	0.99999	0
284	G	0.00001	0	0.99999	0
285	T	0.00001	0	0.99999	0
286	V	0.00001	0	0.99999	0
287	L	0.00001	0	0.99999	0
288	Q	0.00001	0	0.99999	0
289	V	0.00001	0	0.99999	0
290	Q	0.00002	0	0.99998	0
291	C	0.00002	0	0.99998	0
292	T	0.00002	0	0.99998	0
293	C	0.00002	0	0.99998	0
294	R	0.00003	0	0.99997	0
295	T	0.00005	0	0.99995	0
296	I	0.00187	0	0.99813	0
297	T	0.22959	0	0.77041	0
298	Q	0.96480	0	0.03520	0
299	S	0.99992	0	0.00008	0
300	E	1.00000	0	0.00000	0
301	E	1.00000	0	0.00000	0
302	S	1.00000	0	0.00000	0
303	L	1.00000	0	0.00000	0
304	C	1.00000	0	0.00000	0
305	K	1.00000	0	0.00000	0
306	I	1.00000	0	0.00000	0
307	F	1.00000	0	0.00000	0
308	Q	1.00000	0	0.00000	0
309	H	0.99990	0	0.00010	0
310	M	0.06718	0	0.93282	0
311	L	0.00515	0	0.99485	0
312	H	0.00506	0	0.99494	0
313	R	0.00463	0	0.99537	0
314	K	0.00181	0	0.99819	0
315	S	0.00180	0	0.99820	0
316	C	0.00180	0	0.99820	0
317	F	0.00180	0	0.99820	0
318	N	0.00180	0	0.99820	0
319	Y	0.00180	0	0.99820	0
320	P	0.00180	0	0.99820	0
321	T	0.00180	0	0.99820	0
322	L	0.00180	0	0.99820	0
323	S	0.00180	0	0.99820	0
324	N	0.00180	0	0.99820	0
325	V	0.00180	0	0.99820	0
326	K	0.00179	0	0.99821	0
327	G	0.00179	0	0.99821	0
328	M	0.00175	0	0.99825	0
329	A	0.00163	0.00017	0.99820	0
330	L	0.00000	0.00511	0.99489	0
331	Y	0.00000	0.13034	0.86966	0
332	T	0.00000	0.41302	0.58698	0
333	R	0.00000	0.97565	0.02435	0
334	K	0.00000	0.99787	0.00213	0
335	H	0.00000	0.9977	0.00230	0
336	A	0.00000	0.99495	0.00505	0
337	N	0.00000	0.98984	0.01016	0
338	K	0.00000	0.96765	0.03235	0
339	I	0.00000	0.94537	0.05463	0
340	T	0.00000	0.93499	0.06501	0
341	L	0.00000	0.92318	0.07682	0
342	T	0.00000	0.92279	0.07721	0
343	G	0.00000	0.92271	0.07729	0
344	F	0.00000	0.92102	0.07898	0
345	H	0.00000	0.9203	0.07970	0
346	S	0.00000	0.91996	0.08004	0
347	P	0.00000	0.9002	0.09980	0
348	F	0.00000	0.58915	0.41085	0
349	N	0.00000	0.51962	0.48038	0
350	G	0.00000	0.41884	0.58116	0
351	E	0.00000	0.14775	0.85225	0
352	V	0.00000	0.01142	0.98858	0
353	I	0.00000	1e-05	0.99999	0
354	Y	0.00000	0	1.00000	0
355	A	0.00000	0	1.00000	0
356	A	0.00000	0	1.00000	0
357	M	0.00038	0	0.99962	0
358	C	0.00317	0	0.99683	0
359	M	0.00857	0	0.99143	0
360	T	0.01614	0	0.98386	0
361	V	0.02618	0	0.97382	0
362	T	0.04755	0	0.95245	0
363	C	0.05930	0	0.94070	0
364	G	0.07125	0	0.92875	0
365	I	0.07277	0	0.92723	0
366	L	0.07390	0	0.92610	0
367	L	0.07620	0	0.92380	0
368	L	0.09000	0	0.91000	0
369	V	0.21471	0	0.78529	0
370	M	0.49885	0	0.50115	0
371	V	0.68395	0	0.31605	0
372	K	1.00000	0	0.00000	0
373	L	1.00000	0	0.00000	0
374	R	1.00000	0	0.00000	0
375	T	1.00000	0	0.00000	0
376	S	1.00000	0	0.00000	0
377	R	1.00000	0	0.00000	0
378	I	1.00000	0	0.00000	0
379	S	1.00000	0	0.00000	0
380	S	1.00000	0	0.00000	0
381	K	1.00000	0	0.00000	0
382	A	1.00000	0	0.00000	0
383	R	1.00000	0	0.00000	0
384	D	1.00000	0	0.00000	0
385	P	1.00000	0	0.00000	0
386	S	1.00000	0	0.00000	0
387	S	1.00000	0	0.00000	0
388	I	1.00000	0	0.00000	0
389	Q	1.00000	0	0.00000	0
390	I	1.00000	0	0.00000	0
391	P	1.00000	0	0.00000	0
392	G	1.00000	0	0.00000	0
393	E	1.00000	0	0.00000	0
394	L	1.00000	0	0.00000	0
