# UNNAMED
#pos	aa	i	o	M	S
1	M	0.00000	0.9996	0.00000	0.0004
2	S	0.00000	0.9996	0.00000	0.0004
3	F	0.00000	0.9996	0.00000	0.0004
4	L	0.00000	0.9996	0.00000	0.0004
5	N	0.00000	0.9996	0.00000	0.0004
6	G	0.00000	0.9996	0.00000	0.0004
7	T	0.00000	0.9996	0.00000	0.0004
8	S	0.00000	0.9996	0.00000	0.0004
9	L	0.00000	0.9996	0.00000	0.00039
10	T	0.00000	0.9996	0.00000	0.0004
11	P	0.00000	0.9996	0.00000	0.0004
12	A	0.00000	0.9996	0.00000	0.0004
13	S	0.00000	0.9996	0.00000	0.0004
14	F	0.00000	0.9996	0.00000	0.0004
15	I	0.00000	0.99961	0.00000	0.00039
16	L	0.00000	0.99961	0.00000	0.00039
17	N	0.00000	0.99961	0.00000	0.00039
18	G	0.00000	0.99961	0.00000	0.00039
19	I	0.00000	0.99961	0.00000	0.00038
20	P	0.00000	0.99961	0.00000	0.00038
21	G	0.00000	0.99961	0.00000	0.00038
22	L	0.00000	0.99997	0.00000	2e-05
23	E	0.00000	0.99998	0.00000	2e-05
24	D	0.00000	1	0.00000	0
25	V	0.00000	0.87508	0.12491	0
26	H	0.00000	0.84286	0.15714	0
27	L	0.00000	0.71164	0.28836	0
28	W	0.00000	0.23839	0.76160	0
29	I	0.00000	0.15177	0.84823	0
30	S	0.00000	0.14996	0.85004	0
31	F	0.00000	0.13963	0.86037	0
32	P	0.00000	0.13845	0.86155	0
33	L	0.00000	0.03892	0.96108	0
34	C	0.00000	0.02993	0.97007	0
35	T	0.00000	0.00133	0.99867	0
36	M	0.00000	4e-05	0.99996	0
37	Y	0.00000	0	1.00000	0
38	S	0.00000	0	1.00000	0
39	I	0.00000	0	1.00000	0
40	A	0.00000	0	1.00000	0
41	I	0.00000	0	1.00000	0
42	T	0.00000	0	1.00000	0
43	G	0.00000	0	1.00000	0
44	N	0.00000	0	1.00000	0
45	F	0.00000	0	1.00000	0
46	G	0.00000	0	1.00000	0
47	L	0.00000	0	1.00000	0
48	M	0.00003	0	0.99997	0
49	Y	0.00022	0	0.99978	0
50	L	0.00411	0	0.99589	0
51	I	0.01356	0	0.98644	0
52	Y	0.27121	0	0.72879	0
53	C	0.71164	0	0.28836	0
54	D	0.99994	0	0.00006	0
55	E	1.00000	0	0.00000	0
56	A	1.00000	0	0.00000	0
57	L	1.00000	0	0.00000	0
58	H	1.00000	0	0.00000	0
59	R	1.00000	0	0.00000	0
60	P	1.00000	0	0.00000	0
61	M	0.30754	0	0.69246	0
62	Y	0.21992	0	0.78008	0
63	V	0.13001	0	0.86999	0
64	F	0.00378	0	0.99622	0
65	L	0.00059	0	0.99941	0
66	A	0.00017	0	0.99983	0
67	L	0.00000	0	1.00000	0
68	L	0.00000	0	1.00000	0
69	S	0.00000	0	1.00000	0
70	F	0.00000	0	1.00000	0
71	T	0.00000	0	1.00000	0
72	D	0.00000	0	1.00000	0
73	V	0.00000	0	1.00000	0
74	L	0.00000	0	1.00000	0
75	M	0.00000	0	1.00000	0
76	C	0.00000	0	1.00000	0
77	T	0.00000	0	1.00000	0
78	S	0.00000	0	1.00000	0
79	T	0.00000	0	1.00000	0
80	L	0.00000	1e-05	0.99999	0
81	P	0.00000	0.0001	0.99990	0
82	N	0.00000	0.11514	0.88486	0
83	T	0.00000	0.13441	0.86559	0
84	L	0.00000	0.17628	0.82372	0
85	F	0.00000	0.32735	0.67265	0
86	I	0.00000	0.96132	0.03868	0
87	L	0.00000	0.96285	0.03715	0
88	W	0.00000	0.9689	0.03110	0
89	F	0.00000	0.97767	0.02233	0
90	N	0.00000	0.99919	0.00081	0
91	L	0.00000	0.9997	0.00030	0
92	K	0.00000	0.99998	0.00002	0
93	E	0.00000	1	0.00000	0
94	I	0.00000	1	0.00000	0
95	D	0.00000	1	0.00000	0
96	F	0.00000	1	0.00000	0
97	K	0.00000	1	0.00000	0
98	A	0.00000	0.99988	0.00012	0
99	C	0.00000	0.99971	0.00029	0
100	L	0.00000	0.9928	0.00720	0
101	A	0.00000	0.9851	0.01490	0
102	Q	0.00000	0.96233	0.03767	0
103	M	0.00000	0.07144	0.92856	0
104	F	0.00000	0.01013	0.98987	0
105	F	0.00000	0.0002	0.99980	0
106	V	0.00000	1e-05	0.99999	0
107	H	0.00000	0	1.00000	0
108	T	0.00000	0	1.00000	0
109	F	0.00000	0	1.00000	0
110	T	0.00000	0	1.00000	0
111	G	0.00000	0	1.00000	0
112	M	0.00000	0	1.00000	0
113	E	0.00000	0	1.00000	0
114	S	0.00000	0	1.00000	0
115	G	0.00000	0	1.00000	0
116	V	0.00000	0	1.00000	0
117	L	0.00000	0	1.00000	0
118	M	0.00000	0	1.00000	0
119	L	0.00000	0	1.00000	0
120	M	0.00000	0	1.00000	0
121	A	0.00000	0	1.00000	0
122	L	0.00000	0	1.00000	0
123	D	0.00002	0	0.99998	0
124	H	0.03975	0	0.96025	0
125	C	0.41520	0	0.58480	0
126	V	0.95600	0	0.04400	0
127	A	0.99130	0	0.00870	0
128	I	1.00000	0	0.00000	0
129	C	1.00000	0	0.00000	0
130	F	1.00000	0	0.00000	0
131	P	1.00000	0	0.00000	0
132	L	1.00000	0	0.00000	0
133	R	1.00000	0	0.00000	0
134	Y	1.00000	0	0.00000	0
135	A	1.00000	0	0.00000	0
136	T	0.99991	0	0.00009	0
137	I	0.99878	0	0.00122	0
138	L	0.99772	0	0.00228	0
139	T	0.99742	0	0.00258	0
140	N	0.99622	0	0.00378	0
141	S	0.90178	0	0.09822	0
142	V	0.27681	0	0.72319	0
143	I	0.07149	0	0.92851	0
144	A	0.03467	0	0.96533	0
145	K	0.02660	0	0.97340	0
146	A	0.00142	0	0.99858	0
147	G	0.00069	0	0.99931	0
148	F	0.00056	0	0.99944	0
149	L	0.00001	0	0.99999	0
150	T	0.00000	0	1.00000	0
151	F	0.00000	0	1.00000	0
152	L	0.00000	0	1.00000	0
153	R	0.00000	0	1.00000	0
154	G	0.00000	0	1.00000	0
155	V	0.00000	0	1.00000	0
156	M	0.00000	0	1.00000	0
157	L	0.00000	7e-05	0.99993	0
158	V	0.00000	0.00107	0.99893	0
159	I	0.00000	0.00124	0.99876	0
160	P	0.00000	0.00575	0.99425	0
161	S	0.00000	0.02422	0.97578	0
162	T	0.00000	0.05046	0.94954	0
163	F	0.00000	0.08012	0.91988	0
164	L	0.00000	0.2504	0.74960	0
165	T	0.00000	0.74685	0.25315	0
166	K	0.00000	0.99668	0.00332	0
167	R	0.00000	0.999	0.00100	0
168	L	0.00000	0.9991	0.00090	0
169	P	0.00000	0.99957	0.00043	0
170	Y	0.00000	0.99978	0.00022	0
171	C	0.00000	0.99999	0.00001	0
172	K	0.00000	1	0.00000	0
173	G	0.00000	1	0.00000	0
174	N	0.00000	1	0.00000	0
175	V	0.00000	1	0.00000	0
176	I	0.00000	1	0.00000	0
177	P	0.00000	1	0.00000	0
178	H	0.00000	1	0.00000	0
179	T	0.00000	1	0.00000	0
180	Y	0.00000	1	0.00000	0
181	C	0.00000	1	0.00000	0
182	D	0.00000	1	0.00000	0
183	H	0.00000	1	0.00000	0
184	M	0.00000	1	0.00000	0
185	S	0.00000	1	0.00000	0
186	V	0.00000	1	0.00000	0
187	A	0.00000	1	0.00000	0
188	K	0.00000	1	0.00000	0
189	I	0.00000	1	0.00000	0
190	S	0.00000	0.99999	0.00001	0
191	C	0.00000	0.99998	0.00002	0
192	G	0.00000	0.99959	0.00041	0
193	N	0.00000	0.9994	0.00060	0
194	V	0.00000	0.99867	0.00133	0
195	R	0.00000	0.99535	0.00465	0
196	V	0.00000	0.36067	0.63933	0
197	N	0.00000	0.35708	0.64292	0
198	A	0.00000	0.27631	0.72369	0
199	I	0.00000	0.09129	0.90871	0
200	Y	0.00000	0.04007	0.95993	0
201	G	0.00000	0.02968	0.97032	0
202	L	0.00000	0.01016	0.98984	0
203	I	0.00000	0.00766	0.99234	0
204	V	0.00000	0.00141	0.99859	0
205	A	0.00000	0.00066	0.99934	0
206	L	0.00000	0.00065	0.99935	0
207	L	0.00000	0	1.00000	0
208	I	0.00000	0	1.00000	0
209	G	0.00000	0	1.00000	0
210	G	0.00000	0	1.00000	0
211	F	0.00000	0	1.00000	0
212	D	0.00000	0	1.00000	0
213	I	0.00000	0	1.00000	0
214	L	0.00000	0	1.00000	0
215	C	0.00000	0	1.00000	0
216	I	0.00009	0	0.99991	0
217	T	0.00472	0	0.99528	0
218	I	0.01315	0	0.98685	0
219	S	0.12405	0	0.87595	0
220	Y	0.15736	0	0.84264	0
221	T	0.40031	0	0.59969	0
222	M	0.44418	0	0.55582	0
223	I	0.49036	0	0.50964	0
224	L	0.58023	0	0.41977	0
225	Q	0.99120	0	0.00880	0
226	A	0.99194	0	0.00806	0
227	V	0.99261	0	0.00739	0
228	V	0.99463	0	0.00537	0
229	S	0.99856	0	0.00144	0
230	L	0.99888	0	0.00112	0
231	S	0.99995	0	0.00005	0
232	S	1.00000	0	0.00000	0
233	A	1.00000	0	0.00000	0
234	D	1.00000	0	0.00000	0
235	A	0.99994	0	0.00006	0
236	R	0.99800	0	0.00200	0
237	Q	0.99424	0	0.00576	0
238	K	0.87730	0	0.12270	0
239	A	0.75538	0	0.24462	0
240	F	0.69596	0	0.30404	0
241	S	0.03999	0	0.96001	0
242	T	0.03802	0	0.96198	0
243	C	0.02180	0	0.97820	0
244	T	0.02055	0	0.97945	0
245	A	0.02038	0	0.97962	0
246	H	0.01873	0	0.98127	0
247	F	0.01680	0	0.98320	0
248	C	0.00447	0	0.99553	0
249	A	0.00005	0	0.99995	0
250	I	0.00000	0	1.00000	0
251	V	0.00000	0	1.00000	0
252	L	0.00000	0	1.00000	0
253	T	0.00000	0	1.00000	0
254	Y	0.00000	0	1.00000	0
255	V	0.00000	0	1.00000	0
256	P	0.00000	0	1.00000	0
257	A	0.00000	0	1.00000	0
258	F	0.00000	4e-05	0.99996	0
259	F	0.00000	0.00078	0.99922	0
260	T	0.00000	0.00358	0.99642	0
261	F	0.00000	0.00758	0.99242	0
262	F	0.00000	0.08573	0.91427	0
263	T	0.00000	0.4936	0.50640	0
264	H	0.00000	0.76536	0.23464	0
265	H	0.00000	0.8536	0.14640	0
266	F	0.00000	0.88062	0.11938	0
267	G	0.00000	0.96604	0.03396	0
268	G	0.00000	0.98649	0.01351	0
269	H	0.00000	0.99855	0.00145	0
270	T	0.00000	0.99854	0.00146	0
271	I	0.00000	0.99427	0.00573	0
272	P	0.00000	0.99149	0.00851	0
273	L	0.00000	0.92465	0.07535	0
274	H	0.00000	0.88958	0.11042	0
275	I	0.00000	0.37599	0.62401	0
276	H	0.00000	0.24333	0.75667	0
277	I	0.00000	0.03987	0.96013	0
278	I	0.00000	0.0019	0.99810	0
279	M	0.00000	1e-05	0.99999	0
280	A	0.00000	0	1.00000	0
281	N	0.00000	0	1.00000	0
282	L	0.00000	0	1.00000	0
283	Y	0.00000	0	1.00000	0
284	L	0.00000	0	1.00000	0
285	L	0.00000	0	1.00000	0
286	M	0.00000	0	1.00000	0
287	P	0.00000	0	1.00000	0
288	P	0.00000	0	1.00000	0
289	T	0.00001	0	0.99999	0
290	M	0.00001	0	0.99999	0
291	N	0.00001	0	0.99999	0
292	P	0.00001	0	0.99999	0
293	I	0.00002	0	0.99998	0
294	V	0.00017	0	0.99983	0
295	Y	0.00181	0	0.99819	0
296	G	0.00868	0	0.99132	0
297	V	0.05926	0	0.94074	0
298	K	1.00000	0	0.00000	0
299	T	1.00000	0	0.00000	0
300	R	1.00000	0	0.00000	0
301	Q	1.00000	0	0.00000	0
302	V	1.00000	0	0.00000	0
303	R	1.00000	0	0.00000	0
304	E	1.00000	0	0.00000	0
305	S	1.00000	0	0.00000	0
306	V	1.00000	0	0.00000	0
307	I	1.00000	0	0.00000	0
308	R	1.00000	0	0.00000	0
309	F	1.00000	0	0.00000	0
310	F	1.00000	0	0.00000	0
311	L	1.00000	0	0.00000	0
312	K	1.00000	0	0.00000	0
313	G	1.00000	0	0.00000	0
314	K	1.00000	0	0.00000	0
315	D	1.00000	0	0.00000	0
316	N	1.00000	0	0.00000	0
317	S	1.00000	0	0.00000	0
318	H	1.00000	0	0.00000	0
319	N	1.00000	0	0.00000	0
320	F	1.00000	0	0.00000	0
