# UNNAMED
#pos	aa	i	o	M	S
1	M	0.00000	9e-05	0.00000	0.99991
2	G	0.00000	9e-05	0.00000	0.99991
3	T	0.00000	9e-05	0.00000	0.99991
4	A	0.00000	9e-05	0.00000	0.99991
5	R	0.00000	9e-05	0.00000	0.99991
6	I	0.00000	9e-05	0.00000	0.9999
7	A	0.00000	9e-05	0.00000	0.99991
8	P	0.00000	9e-05	0.00000	0.9999
9	G	0.00000	9e-05	0.00000	0.99991
10	L	0.00000	9e-05	0.00000	0.99991
11	A	0.00000	9e-05	0.00000	0.9999
12	L	0.00000	9e-05	0.00000	0.99991
13	L	0.00000	9e-05	0.00000	0.99991
14	L	0.00000	9e-05	0.00000	0.9999
15	C	0.00000	9e-05	0.00000	0.9999
16	C	0.00000	9e-05	0.00000	0.99991
17	P	0.00000	9e-05	0.00000	0.99991
18	V	0.00000	9e-05	0.00000	0.99991
19	L	0.00000	9e-05	0.00000	0.9999
20	S	0.00000	9e-05	0.00000	0.99991
21	S	0.00000	0.02865	0.00000	0.97135
22	A	0.00000	0.12605	0.00000	0.87395
23	Y	0.00000	0.22796	0.00000	0.77204
24	A	0.00000	0.22798	0.00000	0.77202
25	L	0.00000	0.72591	0.00000	0.27409
26	V	0.00000	0.72593	0.00000	0.27407
27	D	0.00000	0.72595	0.00000	0.27405
28	A	0.00000	0.72595	0.00000	0.27405
29	D	0.00000	0.99987	0.00000	0.00013
30	D	0.00000	0.99987	0.00000	0.00013
31	V	0.00000	0.99987	0.00000	0.00012
32	M	0.00000	0.99988	0.00000	0.00012
33	T	0.00000	0.99988	0.00000	0.00012
34	K	0.00000	1	0.00000	0
35	E	0.00000	1	0.00000	0
36	E	0.00000	1	0.00000	0
37	Q	0.00000	1	0.00000	0
38	I	0.00000	1	0.00000	0
39	F	0.00000	1	0.00000	0
40	L	0.00000	1	0.00000	0
41	L	0.00000	1	0.00000	0
42	H	0.00000	1	0.00000	0
43	R	0.00000	1	0.00000	0
44	A	0.00000	1	0.00000	0
45	Q	0.00000	1	0.00000	0
46	A	0.00000	1	0.00000	0
47	Q	0.00000	1	0.00000	0
48	C	0.00000	1	0.00000	0
49	E	0.00000	1	0.00000	0
50	K	0.00000	1	0.00000	0
51	R	0.00000	1	0.00000	0
52	L	0.00000	1	0.00000	0
53	K	0.00000	1	0.00000	0
54	E	0.00000	1	0.00000	0
55	V	0.00000	1	0.00000	0
56	L	0.00000	1	0.00000	0
57	Q	0.00000	1	0.00000	0
58	R	0.00000	1	0.00000	0
59	P	0.00000	1	0.00000	0
60	A	0.00000	1	0.00000	0
61	S	0.00000	1	0.00000	0
62	I	0.00000	1	0.00000	0
63	M	0.00000	1	0.00000	0
64	E	0.00000	1	0.00000	0
65	S	0.00000	1	0.00000	0
66	D	0.00000	1	0.00000	0
67	K	0.00000	1	0.00000	0
68	G	0.00000	1	0.00000	0
69	W	0.00000	1	0.00000	0
70	T	0.00000	1	0.00000	0
71	S	0.00000	1	0.00000	0
72	A	0.00000	1	0.00000	0
73	S	0.00000	1	0.00000	0
74	T	0.00000	1	0.00000	0
75	S	0.00000	1	0.00000	0
76	G	0.00000	1	0.00000	0
77	K	0.00000	1	0.00000	0
78	P	0.00000	1	0.00000	0
79	R	0.00000	1	0.00000	0
80	K	0.00000	1	0.00000	0
81	D	0.00000	1	0.00000	0
82	K	0.00000	1	0.00000	0
83	A	0.00000	1	0.00000	0
84	S	0.00000	1	0.00000	0
85	G	0.00000	1	0.00000	0
86	K	0.00000	1	0.00000	0
87	L	0.00000	1	0.00000	0
88	Y	0.00000	1	0.00000	0
89	P	0.00000	1	0.00000	0
90	E	0.00000	1	0.00000	0
91	S	0.00000	1	0.00000	0
92	E	0.00000	1	0.00000	0
93	E	0.00000	1	0.00000	0
94	D	0.00000	1	0.00000	0
95	K	0.00000	1	0.00000	0
96	E	0.00000	1	0.00000	0
97	A	0.00000	1	0.00000	0
98	P	0.00000	1	0.00000	0
99	T	0.00000	1	0.00000	0
100	G	0.00000	1	0.00000	0
101	S	0.00000	1	0.00000	0
102	R	0.00000	1	0.00000	0
103	Y	0.00000	1	0.00000	0
104	R	0.00000	1	0.00000	0
105	G	0.00000	1	0.00000	0
106	R	0.00000	1	0.00000	0
107	P	0.00000	1	0.00000	0
108	C	0.00000	1	0.00000	0
109	L	0.00000	1	0.00000	0
110	P	0.00000	1	0.00000	0
111	E	0.00000	1	0.00000	0
112	W	0.00000	1	0.00000	0
113	D	0.00000	1	0.00000	0
114	H	0.00000	1	0.00000	0
115	I	0.00000	1	0.00000	0
116	L	0.00000	1	0.00000	0
117	C	0.00000	1	0.00000	0
118	W	0.00000	1	0.00000	0
119	P	0.00000	1	0.00000	0
120	L	0.00000	1	0.00000	0
121	G	0.00000	1	0.00000	0
122	A	0.00000	1	0.00000	0
123	P	0.00000	1	0.00000	0
124	G	0.00000	1	0.00000	0
125	E	0.00000	1	0.00000	0
126	V	0.00000	1	0.00000	0
127	V	0.00000	1	0.00000	0
128	A	0.00000	1	0.00000	0
129	V	0.00000	1	0.00000	0
130	P	0.00000	1	0.00000	0
131	C	0.00000	1	0.00000	0
132	P	0.00000	1	0.00000	0
133	D	0.00000	1	0.00000	0
134	Y	0.00000	1	0.00000	0
135	I	0.00000	1	0.00000	0
136	Y	0.00000	1	0.00000	0
137	D	0.00000	1	0.00000	0
138	F	0.00000	1	0.00000	0
139	N	0.00000	1	0.00000	0
140	H	0.00000	1	0.00000	0
141	K	0.00000	1	0.00000	0
142	G	0.00000	1	0.00000	0
143	H	0.00000	1	0.00000	0
144	A	0.00000	1	0.00000	0
145	Y	0.00000	1	0.00000	0
146	R	0.00000	1	0.00000	0
147	R	0.00000	1	0.00000	0
148	C	0.00000	1	0.00000	0
149	D	0.00000	1	0.00000	0
150	R	0.00000	1	0.00000	0
151	N	0.00000	1	0.00000	0
152	G	0.00000	1	0.00000	0
153	S	0.00000	1	0.00000	0
154	W	0.00000	1	0.00000	0
155	E	0.00000	1	0.00000	0
156	L	0.00000	1	0.00000	0
157	V	0.00000	1	0.00000	0
158	P	0.00000	1	0.00000	0
159	G	0.00000	1	0.00000	0
160	H	0.00000	1	0.00000	0
161	N	0.00000	1	0.00000	0
162	R	0.00000	1	0.00000	0
163	T	0.00000	1	0.00000	0
164	W	0.00000	1	0.00000	0
165	A	0.00000	1	0.00000	0
166	N	0.00000	1	0.00000	0
167	Y	0.00000	1	0.00000	0
168	S	0.00000	1	0.00000	0
169	E	0.00000	1	0.00000	0
170	C	0.00000	1	0.00000	0
171	V	0.00000	1	0.00000	0
172	K	0.00000	1	0.00000	0
173	F	0.00000	1	0.00000	0
174	L	0.00000	1	0.00000	0
175	T	0.00000	1	0.00000	0
176	N	0.00000	1	0.00000	0
177	E	0.00000	1	0.00000	0
178	T	0.00000	1	0.00000	0
179	R	0.00000	1	0.00000	0
180	E	0.00000	1	0.00000	0
181	R	0.00000	1	0.00000	0
182	E	0.00000	1	0.00000	0
183	V	0.00000	1	0.00000	0
184	F	0.00000	1	0.00000	0
185	D	0.00000	1	0.00000	0
186	R	0.00000	0.99999	0.00001	0
187	L	0.00000	0.97712	0.02288	0
188	G	0.00000	0.94492	0.05508	0
189	M	0.00000	0.86343	0.13657	0
190	I	0.00000	0.74617	0.25383	0
191	Y	0.00000	0.07034	0.92966	0
192	T	0.00000	0.02054	0.97946	0
193	V	0.00000	0.00073	0.99927	0
194	G	0.00000	7e-05	0.99993	0
195	Y	0.00000	0	1.00000	0
196	S	0.00000	0	1.00000	0
197	V	0.00000	0	1.00000	0
198	S	0.00000	0	1.00000	0
199	L	0.00000	0	1.00000	0
200	A	0.00000	0	1.00000	0
201	S	0.00000	0	1.00000	0
202	L	0.00000	0	1.00000	0
203	T	0.00000	0	1.00000	0
204	V	0.00000	0	1.00000	0
205	A	0.00000	0	1.00000	0
206	V	0.00000	0	1.00000	0
207	L	0.00000	0	1.00000	0
208	I	0.00001	0	0.99999	0
209	L	0.00064	0	0.99936	0
210	A	0.00677	0	0.99323	0
211	Y	0.03609	0	0.96391	0
212	F	0.15265	0	0.84735	0
213	R	0.98381	0	0.01619	0
214	R	0.99933	0	0.00067	0
215	L	0.99963	0	0.00037	0
216	H	1.00000	0	0.00000	0
217	C	1.00000	0	0.00000	0
218	T	1.00000	0	0.00000	0
219	R	0.99998	0	0.00002	0
220	N	0.98271	0	0.01729	0
221	Y	0.50870	0	0.49130	0
222	I	0.08262	0	0.91738	0
223	H	0.02554	0	0.97446	0
224	M	0.00143	0	0.99857	0
225	H	0.00026	0	0.99974	0
226	L	0.00004	0	0.99996	0
227	F	0.00000	0	1.00000	0
228	L	0.00000	0	1.00000	0
229	S	0.00000	0	1.00000	0
230	F	0.00000	0	1.00000	0
231	M	0.00000	0	1.00000	0
232	L	0.00000	0	1.00000	0
233	R	0.00000	0	1.00000	0
234	A	0.00000	0	1.00000	0
235	V	0.00000	0	1.00000	0
236	S	0.00000	0	1.00000	0
237	I	0.00000	0	1.00000	0
238	F	0.00000	1e-05	0.99999	0
239	V	0.00000	0.00129	0.99871	0
240	K	0.00000	0.08037	0.91963	0
241	D	0.00000	0.15943	0.84057	0
242	A	0.00000	0.21698	0.78302	0
243	V	0.00000	0.29605	0.70395	0
244	L	0.00000	0.50036	0.49964	0
245	Y	0.00000	0.96893	0.03107	0
246	S	0.00000	0.97605	0.02395	0
247	G	0.00000	0.98313	0.01687	0
248	A	0.00000	0.99079	0.00921	0
249	T	0.00000	0.9954	0.00460	0
250	L	0.00000	0.99721	0.00279	0
251	D	0.00000	0.99963	0.00037	0
252	E	0.00000	0.99999	0.00001	0
253	A	0.00000	0.99999	0.00001	0
254	E	0.00000	1	0.00000	0
255	R	0.00000	1	0.00000	0
256	L	0.00000	1	0.00000	0
257	T	0.00000	1	0.00000	0
258	E	0.00000	1	0.00000	0
259	E	0.00000	1	0.00000	0
260	E	0.00000	1	0.00000	0
261	L	0.00000	1	0.00000	0
262	R	0.00000	1	0.00000	0
263	A	0.00000	1	0.00000	0
264	I	0.00000	1	0.00000	0
265	A	0.00000	1	0.00000	0
266	Q	0.00000	1	0.00000	0
267	A	0.00000	1	0.00000	0
268	P	0.00000	1	0.00000	0
269	P	0.00000	1	0.00000	0
270	P	0.00000	1	0.00000	0
271	P	0.00000	1	0.00000	0
272	A	0.00000	1	0.00000	0
273	T	0.00000	0.99999	0.00001	0
274	A	0.00000	0.99979	0.00021	0
275	A	0.00000	0.99962	0.00038	0
276	A	0.00000	0.99938	0.00062	0
277	G	0.00000	0.99936	0.00064	0
278	Y	0.00000	0.96732	0.03268	0
279	A	0.00000	0.90873	0.09127	0
280	G	0.00000	0.88842	0.11158	0
281	C	0.00000	0.81908	0.18092	0
282	R	0.00000	0.59945	0.40055	0
283	V	0.00000	0.23218	0.76782	0
284	A	0.00000	0.0947	0.90530	0
285	V	0.00000	0.04922	0.95078	0
286	T	0.00000	0.029	0.97100	0
287	F	0.00000	0.00146	0.99854	0
288	F	0.00000	4e-05	0.99996	0
289	L	0.00000	0	1.00000	0
290	Y	0.00000	0	1.00000	0
291	F	0.00000	0	1.00000	0
292	L	0.00000	0	1.00000	0
293	A	0.00000	0	1.00000	0
294	T	0.00000	0	1.00000	0
295	N	0.00000	0	1.00000	0
296	Y	0.00000	0	1.00000	0
297	Y	0.00001	0	0.99999	0
298	W	0.00002	0	0.99998	0
299	I	0.00034	0	0.99966	0
300	L	0.00504	0	0.99496	0
301	V	0.07341	0	0.92659	0
302	E	0.09035	0	0.90965	0
303	G	0.13556	0	0.86444	0
304	L	0.22106	0	0.77894	0
305	Y	0.30363	0	0.69637	0
306	L	0.81305	0	0.18695	0
307	H	0.96124	0	0.03876	0
308	S	0.96882	0	0.03118	0
309	L	0.99336	0	0.00664	0
310	I	0.99983	0	0.00017	0
311	F	0.99993	0	0.00007	0
312	M	1.00000	0	0.00000	0
313	A	1.00000	0	0.00000	0
314	F	1.00000	0	0.00000	0
315	F	1.00000	0	0.00000	0
316	S	1.00000	0	0.00000	0
317	E	1.00000	0	0.00000	0
318	K	0.99990	0	0.00010	0
319	K	0.99734	0	0.00266	0
320	Y	0.60770	0	0.39230	0
321	L	0.23698	0	0.76302	0
322	W	0.13917	0	0.86083	0
323	G	0.02944	0	0.97056	0
324	F	0.00669	0	0.99331	0
325	T	0.00372	0	0.99628	0
326	V	0.00056	0	0.99944	0
327	F	0.00000	0	1.00000	0
328	G	0.00000	0	1.00000	0
329	W	0.00000	0	1.00000	0
330	G	0.00000	0	1.00000	0
331	L	0.00000	0	1.00000	0
332	P	0.00000	0	1.00000	0
333	A	0.00000	0	1.00000	0
334	V	0.00000	0	1.00000	0
335	F	0.00000	0	1.00000	0
336	V	0.00000	0	1.00000	0
337	A	0.00000	0	1.00000	0
338	V	0.00000	3e-05	0.99997	0
339	W	0.00000	0.00275	0.99725	0
340	V	0.00000	0.04316	0.95684	0
341	S	0.00000	0.33344	0.66656	0
342	V	0.00000	0.56339	0.43661	0
343	R	0.00000	0.92674	0.07326	0
344	A	0.00000	0.94524	0.05476	0
345	T	0.00000	0.97435	0.02565	0
346	L	0.00000	0.98195	0.01805	0
347	A	0.00000	0.99391	0.00609	0
348	N	0.00000	1	0.00000	0
349	T	0.00000	1	0.00000	0
350	G	0.00000	1	0.00000	0
351	C	0.00000	1	0.00000	0
352	W	0.00000	1	0.00000	0
353	D	0.00000	1	0.00000	0
354	L	0.00000	1	0.00000	0
355	S	0.00000	1	0.00000	0
356	S	0.00000	1	0.00000	0
357	G	0.00000	1	0.00000	0
358	N	0.00000	1	0.00000	0
359	K	0.00000	0.99999	0.00001	0
360	K	0.00000	0.9992	0.00080	0
361	W	0.00000	0.03939	0.96061	0
362	I	0.00000	0.02993	0.97007	0
363	I	0.00000	0.02858	0.97142	0
364	Q	0.00000	0.02721	0.97279	0
365	V	0.00000	0.00017	0.99983	0
366	P	0.00000	9e-05	0.99991	0
367	I	0.00000	0	1.00000	0
368	L	0.00000	0	1.00000	0
369	A	0.00000	0	1.00000	0
370	S	0.00000	0	1.00000	0
371	I	0.00000	0	1.00000	0
372	V	0.00000	0	1.00000	0
373	L	0.00000	0	1.00000	0
374	N	0.00000	0	1.00000	0
375	F	0.00000	0	1.00000	0
376	I	0.00000	0	1.00000	0
377	L	0.00000	0	1.00000	0
378	F	0.00000	0	1.00000	0
379	I	0.00000	0	1.00000	0
380	N	0.00000	0	1.00000	0
381	I	0.00003	0	0.99997	0
382	V	0.00290	0	0.99710	0
383	R	0.09287	0	0.90713	0
384	V	0.11041	0	0.88959	0
385	L	0.20636	0	0.79364	0
386	A	0.71040	0	0.28960	0
387	T	0.95943	0	0.04057	0
388	K	0.99995	0	0.00005	0
389	L	0.99996	0	0.00004	0
390	R	1.00000	0	0.00000	0
391	E	1.00000	0	0.00000	0
392	T	1.00000	0	0.00000	0
393	N	1.00000	0	0.00000	0
394	A	1.00000	0	0.00000	0
395	G	1.00000	0	0.00000	0
396	R	1.00000	0	0.00000	0
397	C	1.00000	0	0.00000	0
398	D	1.00000	0	0.00000	0
399	T	1.00000	0	0.00000	0
400	R	1.00000	0	0.00000	0
401	Q	1.00000	0	0.00000	0
402	Q	1.00000	0	0.00000	0
403	Y	0.99427	0	0.00573	0
404	R	0.47212	0	0.52788	0
405	K	0.12180	0	0.87820	0
406	L	0.11249	0	0.88751	0
407	L	0.02753	0	0.97247	0
408	K	0.02739	0	0.97261	0
409	S	0.00988	0	0.99012	0
410	T	0.00001	0	0.99999	0
411	L	0.00001	0	0.99999	0
412	V	0.00001	0	0.99999	0
413	L	0.00000	0	1.00000	0
414	M	0.00000	0	1.00000	0
415	P	0.00000	0	1.00000	0
416	L	0.00000	0	1.00000	0
417	F	0.00000	0	1.00000	0
418	G	0.00000	0	1.00000	0
419	V	0.00000	0	1.00000	0
420	H	0.00000	0	1.00000	0
421	Y	0.00000	0	1.00000	0
422	I	0.00000	0	1.00000	0
423	V	0.00000	6e-05	0.99994	0
424	F	0.00000	0.0044	0.99560	0
425	M	0.00000	0.13404	0.86596	0
426	A	0.00000	0.30842	0.69158	0
427	T	0.00000	0.54762	0.45238	0
428	P	0.00000	0.76262	0.23738	0
429	Y	0.00000	0.85581	0.14419	0
430	T	0.00000	0.95818	0.04182	0
431	E	0.00000	0.99493	0.00507	0
432	V	0.00000	0.99574	0.00426	0
433	S	0.00000	0.99788	0.00212	0
434	G	0.00000	0.99973	0.00027	0
435	T	0.00000	0.9992	0.00080	0
436	L	0.00000	0.9968	0.00320	0
437	W	0.00000	0.9929	0.00710	0
438	Q	0.00000	0.99085	0.00915	0
439	V	0.00000	0.97294	0.02706	0
440	Q	0.00000	0.91674	0.08326	0
441	M	0.00000	0.25882	0.74118	0
442	H	0.00000	0.15952	0.84048	0
443	Y	0.00000	0.03946	0.96054	0
444	E	0.00000	0.00284	0.99716	0
445	M	0.00000	3e-05	0.99997	0
446	L	0.00000	0	1.00000	0
447	F	0.00000	0	1.00000	0
448	N	0.00000	0	1.00000	0
449	S	0.00000	0	1.00000	0
450	F	0.00000	0	1.00000	0
451	Q	0.00000	0	1.00000	0
452	G	0.00000	0	1.00000	0
453	F	0.00000	0	1.00000	0
454	F	0.00000	0	1.00000	0
455	V	0.00000	0	1.00000	0
456	A	0.00000	0	1.00000	0
457	I	0.00005	0	0.99995	0
458	I	0.00065	0	0.99935	0
459	Y	0.00102	0	0.99898	0
460	C	0.00496	0	0.99504	0
461	F	0.00749	0	0.99251	0
462	C	0.11091	0	0.88909	0
463	N	0.84640	0	0.15360	0
464	G	0.93993	0	0.06007	0
465	E	1.00000	0	0.00000	0
466	V	1.00000	0	0.00000	0
467	Q	1.00000	0	0.00000	0
468	A	1.00000	0	0.00000	0
469	E	1.00000	0	0.00000	0
470	I	1.00000	0	0.00000	0
471	K	1.00000	0	0.00000	0
472	K	1.00000	0	0.00000	0
473	S	1.00000	0	0.00000	0
474	W	1.00000	0	0.00000	0
475	S	1.00000	0	0.00000	0
476	R	1.00000	0	0.00000	0
477	W	1.00000	0	0.00000	0
478	T	1.00000	0	0.00000	0
479	L	1.00000	0	0.00000	0
480	A	1.00000	0	0.00000	0
481	L	1.00000	0	0.00000	0
482	D	1.00000	0	0.00000	0
483	F	1.00000	0	0.00000	0
484	K	1.00000	0	0.00000	0
485	R	1.00000	0	0.00000	0
486	K	1.00000	0	0.00000	0
487	A	1.00000	0	0.00000	0
488	R	1.00000	0	0.00000	0
489	S	1.00000	0	0.00000	0
490	G	1.00000	0	0.00000	0
491	S	1.00000	0	0.00000	0
492	S	1.00000	0	0.00000	0
493	S	1.00000	0	0.00000	0
494	Y	1.00000	0	0.00000	0
495	S	1.00000	0	0.00000	0
496	Y	1.00000	0	0.00000	0
497	G	1.00000	0	0.00000	0
498	P	1.00000	0	0.00000	0
499	M	1.00000	0	0.00000	0
500	V	1.00000	0	0.00000	0
501	S	1.00000	0	0.00000	0
502	H	1.00000	0	0.00000	0
503	T	1.00000	0	0.00000	0
504	S	1.00000	0	0.00000	0
505	V	1.00000	0	0.00000	0
506	T	1.00000	0	0.00000	0
507	N	1.00000	0	0.00000	0
508	V	1.00000	0	0.00000	0
509	G	1.00000	0	0.00000	0
510	P	1.00000	0	0.00000	0
511	R	1.00000	0	0.00000	0
512	V	1.00000	0	0.00000	0
513	G	1.00000	0	0.00000	0
514	L	1.00000	0	0.00000	0
515	G	1.00000	0	0.00000	0
516	L	1.00000	0	0.00000	0
517	P	1.00000	0	0.00000	0
518	L	1.00000	0	0.00000	0
519	S	1.00000	0	0.00000	0
520	P	1.00000	0	0.00000	0
521	R	1.00000	0	0.00000	0
522	L	1.00000	0	0.00000	0
523	L	1.00000	0	0.00000	0
524	P	1.00000	0	0.00000	0
525	T	1.00000	0	0.00000	0
526	A	1.00000	0	0.00000	0
527	T	1.00000	0	0.00000	0
528	T	1.00000	0	0.00000	0
529	N	1.00000	0	0.00000	0
530	G	1.00000	0	0.00000	0
531	H	1.00000	0	0.00000	0
532	P	1.00000	0	0.00000	0
533	Q	1.00000	0	0.00000	0
534	L	1.00000	0	0.00000	0
535	P	1.00000	0	0.00000	0
536	G	1.00000	0	0.00000	0
537	H	1.00000	0	0.00000	0
538	A	1.00000	0	0.00000	0
539	K	1.00000	0	0.00000	0
540	P	1.00000	0	0.00000	0
541	G	1.00000	0	0.00000	0
542	T	1.00000	0	0.00000	0
543	P	1.00000	0	0.00000	0
544	A	1.00000	0	0.00000	0
545	L	1.00000	0	0.00000	0
546	E	1.00000	0	0.00000	0
547	T	1.00000	0	0.00000	0
548	L	1.00000	0	0.00000	0
549	E	1.00000	0	0.00000	0
550	T	1.00000	0	0.00000	0
551	T	1.00000	0	0.00000	0
552	P	1.00000	0	0.00000	0
553	P	1.00000	0	0.00000	0
554	A	1.00000	0	0.00000	0
555	M	1.00000	0	0.00000	0
556	A	1.00000	0	0.00000	0
557	A	1.00000	0	0.00000	0
558	P	1.00000	0	0.00000	0
559	K	1.00000	0	0.00000	0
560	D	1.00000	0	0.00000	0
561	D	1.00000	0	0.00000	0
562	G	1.00000	0	0.00000	0
563	F	1.00000	0	0.00000	0
564	L	1.00000	0	0.00000	0
565	N	1.00000	0	0.00000	0
566	G	1.00000	0	0.00000	0
567	S	1.00000	0	0.00000	0
568	C	1.00000	0	0.00000	0
569	S	1.00000	0	0.00000	0
570	G	1.00000	0	0.00000	0
571	L	1.00000	0	0.00000	0
572	D	1.00000	0	0.00000	0
573	E	1.00000	0	0.00000	0
574	E	1.00000	0	0.00000	0
575	A	1.00000	0	0.00000	0
576	S	1.00000	0	0.00000	0
577	G	1.00000	0	0.00000	0
578	P	1.00000	0	0.00000	0
579	E	1.00000	0	0.00000	0
580	R	1.00000	0	0.00000	0
581	P	1.00000	0	0.00000	0
582	P	1.00000	0	0.00000	0
583	A	1.00000	0	0.00000	0
584	L	1.00000	0	0.00000	0
585	L	1.00000	0	0.00000	0
586	Q	1.00000	0	0.00000	0
587	E	1.00000	0	0.00000	0
588	E	1.00000	0	0.00000	0
589	W	1.00000	0	0.00000	0
590	E	1.00000	0	0.00000	0
591	T	1.00000	0	0.00000	0
592	V	1.00000	0	0.00000	0
593	M	1.00000	0	0.00000	0
