# UNNAMED
#pos	aa	i	o	M	S
1	M	0.00000	0.92563	0.00000	0.07437
2	K	0.00000	0.92563	0.00000	0.07437
3	R	0.00000	0.92563	0.00000	0.07437
4	K	0.00000	0.92563	0.00000	0.07437
5	N	0.00000	0.92563	0.00000	0.07437
6	F	0.00000	0.92563	0.00000	0.07437
7	T	0.00000	0.92563	0.00000	0.07438
8	E	0.00000	0.92563	0.00000	0.07437
9	V	0.00000	0.92563	0.00000	0.07437
10	S	0.00000	0.92563	0.00000	0.07437
11	E	0.00000	0.92563	0.00000	0.07437
12	F	0.00000	0.92563	0.00000	0.07437
13	I	0.00000	0.92563	0.00000	0.07438
14	F	0.00000	0.92563	0.00000	0.07437
15	L	0.00000	0.92563	0.00000	0.07437
16	G	0.00000	0.92563	0.00000	0.07438
17	F	0.00000	0.92563	0.00000	0.07438
18	S	0.00000	0.92563	0.00000	0.07437
19	S	0.00000	0.92662	0.00000	0.07338
20	F	0.00000	0.9266	0.00002	0.07338
21	G	0.00000	0.9266	0.00004	0.07337
22	K	0.00000	0.99983	0.00016	1e-05
23	H	0.00000	0.99237	0.00762	1e-05
24	Q	0.00000	0.95897	0.04103	0
25	I	0.00000	0.63642	0.36358	0
26	T	0.00000	0.55404	0.44596	0
27	L	0.00000	0.38434	0.61566	0
28	F	0.00000	0.29669	0.70331	0
29	V	0.00000	0.2527	0.74730	0
30	V	0.00000	0.2369	0.76310	0
31	F	0.00000	0.05229	0.94771	0
32	L	0.00000	0.00551	0.99449	0
33	T	0.00000	0.00069	0.99931	0
34	V	0.00000	1e-05	0.99999	0
35	Y	0.00000	0	1.00000	0
36	I	0.00000	0	1.00000	0
37	L	0.00000	0	1.00000	0
38	T	0.00000	0	1.00000	0
39	L	0.00000	0	1.00000	0
40	V	0.00000	0	1.00000	0
41	A	0.00000	0	1.00000	0
42	N	0.00000	0	1.00000	0
43	I	0.00000	0	1.00000	0
44	I	0.00000	0	1.00000	0
45	I	0.00001	0	0.99999	0
46	V	0.00024	0	0.99976	0
47	T	0.00275	0	0.99725	0
48	I	0.00728	0	0.99272	0
49	I	0.03879	0	0.96121	0
50	C	0.19692	0	0.80308	0
51	I	0.34011	0	0.65989	0
52	D	0.98933	0	0.01067	0
53	H	0.99818	0	0.00182	0
54	H	0.99968	0	0.00032	0
55	L	0.99987	0	0.00013	0
56	H	0.99999	0	0.00001	0
57	T	1.00000	0	0.00000	0
58	P	1.00000	0	0.00000	0
59	M	0.43340	0	0.56660	0
60	Y	0.30083	0	0.69917	0
61	F	0.05721	0	0.94279	0
62	F	0.00075	0	0.99925	0
63	L	0.00002	0	0.99998	0
64	S	0.00000	0	1.00000	0
65	M	0.00000	0	1.00000	0
66	L	0.00000	0	1.00000	0
67	A	0.00000	0	1.00000	0
68	S	0.00000	0	1.00000	0
69	S	0.00000	0	1.00000	0
70	E	0.00000	0	1.00000	0
71	T	0.00000	0	1.00000	0
72	V	0.00000	0	1.00000	0
73	Y	0.00000	0	1.00000	0
74	T	0.00000	0	1.00000	0
75	L	0.00000	0	1.00000	0
76	V	0.00000	0	1.00000	0
77	I	0.00000	5e-05	0.99995	0
78	V	0.00000	0.00193	0.99807	0
79	P	0.00000	0.01853	0.98147	0
80	R	0.00000	0.1068	0.89320	0
81	M	0.00000	0.14368	0.85632	0
82	L	0.00000	0.29314	0.70686	0
83	L	0.00000	0.55262	0.44738	0
84	S	0.00000	0.99936	0.00064	0
85	L	0.00000	0.99942	0.00058	0
86	I	0.00000	0.99953	0.00047	0
87	F	0.00000	0.99966	0.00034	0
88	H	0.00000	1	0.00000	0
89	N	0.00000	1	0.00000	0
90	Q	0.00000	1	0.00000	0
91	P	0.00000	1	0.00000	0
92	I	0.00000	1	0.00000	0
93	S	0.00000	1	0.00000	0
94	L	0.00000	1	0.00000	0
95	A	0.00000	1	0.00000	0
96	G	0.00000	0.99998	0.00002	0
97	C	0.00000	0.99993	0.00007	0
98	A	0.00000	0.99754	0.00246	0
99	T	0.00000	0.99017	0.00983	0
100	Q	0.00000	0.93209	0.06791	0
101	M	0.00000	0.3171	0.68290	0
102	F	0.00000	0.02673	0.97327	0
103	F	0.00000	0.00091	0.99909	0
104	F	0.00000	1e-05	0.99999	0
105	V	0.00000	0	1.00000	0
106	I	0.00000	0	1.00000	0
107	L	0.00000	0	1.00000	0
108	A	0.00000	0	1.00000	0
109	T	0.00000	0	1.00000	0
110	N	0.00000	0	1.00000	0
111	N	0.00000	0	1.00000	0
112	C	0.00000	0	1.00000	0
113	F	0.00000	0	1.00000	0
114	L	0.00000	0	1.00000	0
115	L	0.00000	0	1.00000	0
116	T	0.00000	0	1.00000	0
117	A	0.00000	0	1.00000	0
118	M	0.00000	0	1.00000	0
119	G	0.00000	0	1.00000	0
120	Y	0.00000	0	1.00000	0
121	D	0.00000	0	1.00000	0
122	R	0.00322	0	0.99678	0
123	Y	0.05757	0	0.94243	0
124	V	0.82624	0	0.17376	0
125	A	0.99449	0	0.00551	0
126	I	1.00000	0	0.00000	0
127	C	1.00000	0	0.00000	0
128	R	1.00000	0	0.00000	0
129	P	1.00000	0	0.00000	0
130	L	1.00000	0	0.00000	0
131	R	1.00000	0	0.00000	0
132	Y	1.00000	0	0.00000	0
133	T	1.00000	0	0.00000	0
134	V	0.99999	0	0.00001	0
135	I	0.99996	0	0.00004	0
136	M	0.99985	0	0.00015	0
137	S	0.99952	0	0.00048	0
138	K	0.99598	0	0.00402	0
139	G	0.92578	0	0.07422	0
140	L	0.50314	0	0.49686	0
141	C	0.00836	0	0.99164	0
142	A	0.00388	0	0.99612	0
143	Q	0.00271	0	0.99729	0
144	L	0.00017	0	0.99983	0
145	V	0.00001	0	0.99999	0
146	C	0.00000	0	1.00000	0
147	G	0.00000	0	1.00000	0
148	S	0.00000	0	1.00000	0
149	F	0.00000	0	1.00000	0
150	G	0.00000	0	1.00000	0
151	I	0.00000	0	1.00000	0
152	G	0.00000	0	1.00000	0
153	L	0.00000	0	1.00000	0
154	T	0.00000	0	1.00000	0
155	M	0.00000	0	1.00000	0
156	A	0.00000	0	1.00000	0
157	V	0.00000	2e-05	0.99998	0
158	L	0.00000	0.00052	0.99948	0
159	H	0.00000	0.02271	0.97729	0
160	V	0.00000	0.06676	0.93324	0
161	T	0.00000	0.24406	0.75594	0
162	A	0.00000	0.32974	0.67026	0
163	M	0.00000	0.50966	0.49034	0
164	F	0.00000	0.94939	0.05061	0
165	N	0.00000	0.99689	0.00311	0
166	L	0.00000	0.99846	0.00154	0
167	P	0.00000	0.99991	0.00009	0
168	F	0.00000	0.99997	0.00003	0
169	C	0.00000	1	0.00000	0
170	G	0.00000	1	0.00000	0
171	T	0.00000	1	0.00000	0
172	V	0.00000	1	0.00000	0
173	V	0.00000	1	0.00000	0
174	D	0.00000	1	0.00000	0
175	H	0.00000	1	0.00000	0
176	F	0.00000	1	0.00000	0
177	F	0.00000	1	0.00000	0
178	C	0.00000	1	0.00000	0
179	D	0.00000	1	0.00000	0
180	I	0.00000	1	0.00000	0
181	Y	0.00000	1	0.00000	0
182	P	0.00000	1	0.00000	0
183	V	0.00000	1	0.00000	0
184	M	0.00000	1	0.00000	0
185	K	0.00000	1	0.00000	0
186	L	0.00000	1	0.00000	0
187	S	0.00000	1	0.00000	0
188	C	0.00000	1	0.00000	0
189	I	0.00000	1	0.00000	0
190	D	0.00000	1	0.00000	0
191	T	0.00000	1	0.00000	0
192	T	0.00000	0.99999	0.00001	0
193	I	0.00000	0.99826	0.00174	0
194	N	0.00000	0.99773	0.00227	0
195	E	0.00000	0.91812	0.08188	0
196	I	0.00000	0.63163	0.36837	0
197	I	0.00000	0.1486	0.85140	0
198	N	0.00000	0.05937	0.94063	0
199	Y	0.00000	0.04146	0.95854	0
200	G	0.00000	0.0242	0.97580	0
201	V	0.00000	0.02091	0.97909	0
202	S	0.00000	0.02019	0.97981	0
203	S	0.00000	0.01777	0.98223	0
204	F	0.00000	3e-05	0.99997	0
205	V	0.00000	2e-05	0.99998	0
206	I	0.00000	0	1.00000	0
207	F	0.00000	0	1.00000	0
208	V	0.00000	0	1.00000	0
209	P	0.00000	0	1.00000	0
210	I	0.00000	0	1.00000	0
211	G	0.00000	0	1.00000	0
212	L	0.00000	0	1.00000	0
213	I	0.00000	0	1.00000	0
214	F	0.00000	0	1.00000	0
215	I	0.00000	0	1.00000	0
216	S	0.00002	0	0.99998	0
217	Y	0.00005	0	0.99995	0
218	V	0.00057	0	0.99943	0
219	L	0.00428	0	0.99572	0
220	V	0.02840	0	0.97160	0
221	I	0.11196	0	0.88804	0
222	S	0.95347	0	0.04653	0
223	S	0.97129	0	0.02871	0
224	I	0.97270	0	0.02730	0
225	L	0.97678	0	0.02322	0
226	Q	0.99496	0	0.00504	0
227	I	0.99535	0	0.00465	0
228	A	0.99853	0	0.00147	0
229	S	1.00000	0	0.00000	0
230	A	1.00000	0	0.00000	0
231	E	1.00000	0	0.00000	0
232	G	0.99998	0	0.00002	0
233	R	0.99938	0	0.00062	0
234	K	0.97668	0	0.02332	0
235	K	0.84913	0	0.15087	0
236	T	0.73252	0	0.26748	0
237	F	0.27179	0	0.72821	0
238	A	0.00110	0	0.99890	0
239	T	0.00107	0	0.99893	0
240	C	0.00010	0	0.99990	0
241	V	0.00001	0	0.99999	0
242	S	0.00001	0	0.99999	0
243	H	0.00001	0	0.99999	0
244	L	0.00000	0	1.00000	0
245	T	0.00000	0	1.00000	0
246	V	0.00000	0	1.00000	0
247	V	0.00000	0	1.00000	0
248	I	0.00000	0	1.00000	0
249	V	0.00000	0	1.00000	0
250	H	0.00000	0	1.00000	0
251	C	0.00000	0	1.00000	0
252	G	0.00000	0	1.00000	0
253	C	0.00000	0	1.00000	0
254	A	0.00000	0	1.00000	0
255	S	0.00000	6e-05	0.99994	0
256	I	0.00000	7e-05	0.99993	0
257	A	0.00000	0.00078	0.99922	0
258	Y	0.00000	0.00976	0.99024	0
259	L	0.00000	0.18899	0.81101	0
260	K	0.00000	0.97879	0.02121	0
261	P	0.00000	0.99472	0.00528	0
262	K	0.00000	0.99996	0.00004	0
263	S	0.00000	0.99999	0.00001	0
264	E	0.00000	1	0.00000	0
265	S	0.00000	0.99997	0.00003	0
266	S	0.00000	0.99979	0.00021	0
267	I	0.00000	0.99623	0.00377	0
268	E	0.00000	0.9921	0.00790	0
269	K	0.00000	0.96107	0.03893	0
270	D	0.00000	0.93597	0.06403	0
271	L	0.00000	0.07871	0.92129	0
272	V	0.00000	0.00324	0.99676	0
273	L	0.00000	1e-05	0.99999	0
274	S	0.00000	0	1.00000	0
275	V	0.00000	0	1.00000	0
276	T	0.00000	0	1.00000	0
277	Y	0.00000	0	1.00000	0
278	T	0.00000	0	1.00000	0
279	I	0.00000	0	1.00000	0
280	I	0.00000	0	1.00000	0
281	T	0.00000	0	1.00000	0
282	P	0.00000	0	1.00000	0
283	L	0.00000	0	1.00000	0
284	L	0.00000	0	1.00000	0
285	N	0.00000	0	1.00000	0
286	P	0.00000	0	1.00000	0
287	V	0.00001	0	0.99999	0
288	V	0.00048	0	0.99952	0
289	Y	0.00224	0	0.99776	0
290	S	0.01244	0	0.98756	0
291	L	0.05003	0	0.94997	0
292	R	1.00000	0	0.00000	0
293	N	1.00000	0	0.00000	0
294	K	1.00000	0	0.00000	0
295	E	1.00000	0	0.00000	0
296	V	1.00000	0	0.00000	0
297	K	1.00000	0	0.00000	0
298	D	1.00000	0	0.00000	0
299	A	1.00000	0	0.00000	0
300	L	1.00000	0	0.00000	0
301	C	1.00000	0	0.00000	0
302	R	1.00000	0	0.00000	0
303	V	1.00000	0	0.00000	0
304	V	1.00000	0	0.00000	0
305	G	1.00000	0	0.00000	0
306	R	1.00000	0	0.00000	0
307	N	1.00000	0	0.00000	0
308	I	1.00000	0	0.00000	0
309	S	1.00000	0	0.00000	0
