# UNNAMED
#pos	aa	i	o	M	S
1	M	0.00000	0.64209	0.00000	0.35791
2	M	0.00000	0.64209	0.00000	0.35791
3	D	0.00000	0.64209	0.00000	0.35791
4	I	0.00000	0.64209	0.00000	0.35791
5	Y	0.00000	0.64209	0.00000	0.35791
6	V	0.00000	0.64209	0.00000	0.35791
7	C	0.00000	0.64209	0.00000	0.35791
8	L	0.00000	0.64209	0.00000	0.35791
9	K	0.00000	0.64209	0.00000	0.35791
10	R	0.00000	0.64209	0.00000	0.35791
11	P	0.00000	0.64209	0.00000	0.35791
12	S	0.00000	0.64209	0.00000	0.35791
13	W	0.00000	0.64209	0.00000	0.35791
14	M	0.00000	0.64209	0.00000	0.35791
15	V	0.00000	0.64209	0.00000	0.35791
16	D	0.00000	0.64209	0.00000	0.35791
17	N	0.00000	0.64209	0.00000	0.35791
18	K	0.00000	0.64209	0.00000	0.35791
19	R	0.00000	0.64209	0.00000	0.3579
20	M	0.00000	0.64209	0.00000	0.35791
21	R	0.00000	0.64209	0.00000	0.3579
22	T	0.00000	0.64209	0.00000	0.3579
23	A	0.00000	0.64209	0.00000	0.3579
24	S	0.00000	0.64209	0.00000	0.3579
25	N	0.00000	0.64209	0.00000	0.35791
26	F	0.00000	0.64209	0.00000	0.35791
27	Q	0.00000	0.64209	0.00000	0.35791
28	W	0.00000	0.64209	0.00000	0.35791
29	L	0.00000	0.64209	0.00000	0.3579
30	L	0.00000	0.64209	0.00000	0.3579
31	S	0.00000	0.64209	0.00000	0.35791
32	T	0.00000	0.64209	0.00000	0.35791
33	F	0.00000	0.64209	0.00000	0.35791
34	I	0.00000	0.6421	0.00000	0.3579
35	L	0.00000	0.6421	0.00000	0.3579
36	L	0.00000	0.6421	0.00000	0.3579
37	Y	0.00000	0.66531	0.00000	0.33469
38	L	0.00000	0.66532	0.00000	0.33468
39	M	0.00000	0.66533	0.00000	0.33467
40	N	0.00000	0.66534	0.00000	0.33467
41	Q	0.00000	0.66693	0.00000	0.33307
42	V	0.00000	0.66693	0.00000	0.33307
43	N	0.00000	0.66699	0.00000	0.33301
44	S	0.00000	0.667	0.00000	0.333
45	Q	0.00000	0.70236	0.00000	0.29764
46	K	0.00000	0.99935	0.00000	0.00065
47	K	0.00000	0.99939	0.00000	0.00061
48	G	0.00000	0.99939	0.00000	0.00061
49	A	0.00000	1	0.00000	0
50	P	0.00000	1	0.00000	0
51	H	0.00000	1	0.00000	0
52	D	0.00000	1	0.00000	0
53	L	0.00000	1	0.00000	0
54	K	0.00000	1	0.00000	0
55	C	0.00000	1	0.00000	0
56	V	0.00000	1	0.00000	0
57	T	0.00000	1	0.00000	0
58	N	0.00000	1	0.00000	0
59	N	0.00000	1	0.00000	0
60	L	0.00000	1	0.00000	0
61	Q	0.00000	1	0.00000	0
62	V	0.00000	1	0.00000	0
63	W	0.00000	1	0.00000	0
64	N	0.00000	1	0.00000	0
65	C	0.00000	1	0.00000	0
66	S	0.00000	1	0.00000	0
67	W	0.00000	1	0.00000	0
68	K	0.00000	1	0.00000	0
69	A	0.00000	1	0.00000	0
70	P	0.00000	1	0.00000	0
71	S	0.00000	1	0.00000	0
72	G	0.00000	1	0.00000	0
73	T	0.00000	1	0.00000	0
74	G	0.00000	1	0.00000	0
75	R	0.00000	1	0.00000	0
76	G	0.00000	1	0.00000	0
77	T	0.00000	1	0.00000	0
78	D	0.00000	1	0.00000	0
79	Y	0.00000	1	0.00000	0
80	E	0.00000	1	0.00000	0
81	V	0.00000	1	0.00000	0
82	C	0.00000	1	0.00000	0
83	I	0.00000	1	0.00000	0
84	E	0.00000	1	0.00000	0
85	N	0.00000	1	0.00000	0
86	R	0.00000	1	0.00000	0
87	S	0.00000	1	0.00000	0
88	R	0.00000	1	0.00000	0
89	S	0.00000	1	0.00000	0
90	C	0.00000	1	0.00000	0
91	Y	0.00000	1	0.00000	0
92	Q	0.00000	1	0.00000	0
93	L	0.00000	1	0.00000	0
94	E	0.00000	1	0.00000	0
95	K	0.00000	1	0.00000	0
96	T	0.00000	1	0.00000	0
97	S	0.00000	1	0.00000	0
98	I	0.00000	1	0.00000	0
99	K	0.00000	1	0.00000	0
100	I	0.00000	1	0.00000	0
101	P	0.00000	1	0.00000	0
102	A	0.00000	1	0.00000	0
103	L	0.00000	1	0.00000	0
104	S	0.00000	1	0.00000	0
105	H	0.00000	1	0.00000	0
106	G	0.00000	1	0.00000	0
107	D	0.00000	1	0.00000	0
108	Y	0.00000	1	0.00000	0
109	E	0.00000	1	0.00000	0
110	I	0.00000	1	0.00000	0
111	T	0.00000	1	0.00000	0
112	I	0.00000	1	0.00000	0
113	N	0.00000	1	0.00000	0
114	S	0.00000	1	0.00000	0
115	L	0.00000	1	0.00000	0
116	H	0.00000	1	0.00000	0
117	D	0.00000	1	0.00000	0
118	F	0.00000	1	0.00000	0
119	G	0.00000	1	0.00000	0
120	S	0.00000	1	0.00000	0
121	S	0.00000	1	0.00000	0
122	T	0.00000	1	0.00000	0
123	S	0.00000	1	0.00000	0
124	K	0.00000	1	0.00000	0
125	F	0.00000	1	0.00000	0
126	T	0.00000	1	0.00000	0
127	L	0.00000	1	0.00000	0
128	N	0.00000	1	0.00000	0
129	E	0.00000	1	0.00000	0
130	Q	0.00000	1	0.00000	0
131	N	0.00000	1	0.00000	0
132	V	0.00000	1	0.00000	0
133	S	0.00000	1	0.00000	0
134	L	0.00000	1	0.00000	0
135	I	0.00000	1	0.00000	0
136	P	0.00000	1	0.00000	0
137	D	0.00000	1	0.00000	0
138	T	0.00000	1	0.00000	0
139	P	0.00000	1	0.00000	0
140	E	0.00000	1	0.00000	0
141	I	0.00000	1	0.00000	0
142	L	0.00000	1	0.00000	0
143	N	0.00000	1	0.00000	0
144	L	0.00000	1	0.00000	0
145	S	0.00000	1	0.00000	0
146	A	0.00000	1	0.00000	0
147	D	0.00000	1	0.00000	0
148	F	0.00000	1	0.00000	0
149	S	0.00000	1	0.00000	0
150	T	0.00000	1	0.00000	0
151	S	0.00000	1	0.00000	0
152	T	0.00000	1	0.00000	0
153	L	0.00000	1	0.00000	0
154	Y	0.00000	1	0.00000	0
155	L	0.00000	1	0.00000	0
156	K	0.00000	1	0.00000	0
157	W	0.00000	1	0.00000	0
158	N	0.00000	1	0.00000	0
159	D	0.00000	1	0.00000	0
160	R	0.00000	1	0.00000	0
161	G	0.00000	1	0.00000	0
162	S	0.00000	1	0.00000	0
163	V	0.00000	1	0.00000	0
164	F	0.00000	1	0.00000	0
165	P	0.00000	1	0.00000	0
166	H	0.00000	1	0.00000	0
167	R	0.00000	1	0.00000	0
168	S	0.00000	1	0.00000	0
169	N	0.00000	1	0.00000	0
170	V	0.00000	1	0.00000	0
171	I	0.00000	1	0.00000	0
172	W	0.00000	1	0.00000	0
173	E	0.00000	1	0.00000	0
174	I	0.00000	1	0.00000	0
175	K	0.00000	1	0.00000	0
176	V	0.00000	1	0.00000	0
177	L	0.00000	1	0.00000	0
178	R	0.00000	1	0.00000	0
179	K	0.00000	1	0.00000	0
180	E	0.00000	1	0.00000	0
181	S	0.00000	1	0.00000	0
182	M	0.00000	1	0.00000	0
183	E	0.00000	1	0.00000	0
184	L	0.00000	1	0.00000	0
185	V	0.00000	1	0.00000	0
186	K	0.00000	1	0.00000	0
187	L	0.00000	1	0.00000	0
188	V	0.00000	1	0.00000	0
189	T	0.00000	1	0.00000	0
190	H	0.00000	1	0.00000	0
191	N	0.00000	1	0.00000	0
192	T	0.00000	1	0.00000	0
193	T	0.00000	1	0.00000	0
194	L	0.00000	1	0.00000	0
195	N	0.00000	1	0.00000	0
196	G	0.00000	1	0.00000	0
197	K	0.00000	1	0.00000	0
198	D	0.00000	1	0.00000	0
199	T	0.00000	1	0.00000	0
200	L	0.00000	1	0.00000	0
201	H	0.00000	1	0.00000	0
202	H	0.00000	1	0.00000	0
203	W	0.00000	1	0.00000	0
204	S	0.00000	1	0.00000	0
205	W	0.00000	1	0.00000	0
206	A	0.00000	1	0.00000	0
207	S	0.00000	1	0.00000	0
208	D	0.00000	1	0.00000	0
209	M	0.00000	1	0.00000	0
210	P	0.00000	1	0.00000	0
211	L	0.00000	1	0.00000	0
212	E	0.00000	1	0.00000	0
213	C	0.00000	1	0.00000	0
214	A	0.00000	1	0.00000	0
215	I	0.00000	1	0.00000	0
216	H	0.00000	1	0.00000	0
217	F	0.00000	1	0.00000	0
218	V	0.00000	1	0.00000	0
219	E	0.00000	1	0.00000	0
220	I	0.00000	1	0.00000	0
221	R	0.00000	1	0.00000	0
222	C	0.00000	1	0.00000	0
223	Y	0.00000	1	0.00000	0
224	I	0.00000	1	0.00000	0
225	D	0.00000	1	0.00000	0
226	N	0.00000	1	0.00000	0
227	L	0.00000	1	0.00000	0
228	H	0.00000	1	0.00000	0
229	F	0.00000	1	0.00000	0
230	S	0.00000	1	0.00000	0
231	G	0.00000	1	0.00000	0
232	L	0.00000	1	0.00000	0
233	E	0.00000	1	0.00000	0
234	E	0.00000	1	0.00000	0
235	W	0.00000	1	0.00000	0
236	S	0.00000	1	0.00000	0
237	D	0.00000	1	0.00000	0
238	W	0.00000	1	0.00000	0
239	S	0.00000	1	0.00000	0
240	P	0.00000	1	0.00000	0
241	V	0.00000	1	0.00000	0
242	K	0.00000	1	0.00000	0
243	N	0.00000	1	0.00000	0
244	I	0.00000	1	0.00000	0
245	S	0.00000	1	0.00000	0
246	W	0.00000	1	0.00000	0
247	I	0.00000	1	0.00000	0
248	P	0.00000	1	0.00000	0
249	D	0.00000	1	0.00000	0
250	S	0.00000	1	0.00000	0
251	Q	0.00000	1	0.00000	0
252	T	0.00000	1	0.00000	0
253	K	0.00000	1	0.00000	0
254	V	0.00000	1	0.00000	0
255	F	0.00000	1	0.00000	0
256	P	0.00000	1	0.00000	0
257	Q	0.00000	1	0.00000	0
258	D	0.00000	1	0.00000	0
259	K	0.00000	1	0.00000	0
260	V	0.00000	1	0.00000	0
261	I	0.00000	1	0.00000	0
262	L	0.00000	1	0.00000	0
263	V	0.00000	1	0.00000	0
264	G	0.00000	1	0.00000	0
265	S	0.00000	1	0.00000	0
266	D	0.00000	1	0.00000	0
267	I	0.00000	1	0.00000	0
268	T	0.00000	1	0.00000	0
269	F	0.00000	1	0.00000	0
270	C	0.00000	1	0.00000	0
271	C	0.00000	1	0.00000	0
272	V	0.00000	1	0.00000	0
273	S	0.00000	1	0.00000	0
274	Q	0.00000	1	0.00000	0
275	E	0.00000	1	0.00000	0
276	K	0.00000	1	0.00000	0
277	V	0.00000	1	0.00000	0
278	L	0.00000	1	0.00000	0
279	S	0.00000	1	0.00000	0
280	A	0.00000	1	0.00000	0
281	L	0.00000	1	0.00000	0
282	I	0.00000	1	0.00000	0
283	G	0.00000	1	0.00000	0
284	H	0.00000	1	0.00000	0
285	T	0.00000	1	0.00000	0
286	N	0.00000	1	0.00000	0
287	C	0.00000	1	0.00000	0
288	P	0.00000	1	0.00000	0
289	L	0.00000	1	0.00000	0
290	I	0.00000	1	0.00000	0
291	H	0.00000	1	0.00000	0
292	L	0.00000	1	0.00000	0
293	D	0.00000	1	0.00000	0
294	G	0.00000	1	0.00000	0
295	E	0.00000	1	0.00000	0
296	N	0.00000	1	0.00000	0
297	V	0.00000	1	0.00000	0
298	A	0.00000	1	0.00000	0
299	I	0.00000	1	0.00000	0
300	K	0.00000	1	0.00000	0
301	I	0.00000	1	0.00000	0
302	R	0.00000	1	0.00000	0
303	N	0.00000	1	0.00000	0
304	I	0.00000	1	0.00000	0
305	S	0.00000	1	0.00000	0
306	V	0.00000	1	0.00000	0
307	S	0.00000	1	0.00000	0
308	A	0.00000	1	0.00000	0
309	S	0.00000	1	0.00000	0
310	S	0.00000	1	0.00000	0
311	G	0.00000	1	0.00000	0
312	T	0.00000	1	0.00000	0
313	N	0.00000	1	0.00000	0
314	V	0.00000	1	0.00000	0
315	V	0.00000	1	0.00000	0
316	F	0.00000	1	0.00000	0
317	T	0.00000	1	0.00000	0
318	T	0.00000	1	0.00000	0
319	E	0.00000	1	0.00000	0
320	D	0.00000	1	0.00000	0
321	N	0.00000	1	0.00000	0
322	I	0.00000	1	0.00000	0
323	F	0.00000	1	0.00000	0
324	G	0.00000	1	0.00000	0
325	T	0.00000	1	0.00000	0
326	V	0.00000	1	0.00000	0
327	I	0.00000	1	0.00000	0
328	F	0.00000	1	0.00000	0
329	A	0.00000	1	0.00000	0
330	G	0.00000	1	0.00000	0
331	Y	0.00000	1	0.00000	0
332	P	0.00000	1	0.00000	0
333	P	0.00000	1	0.00000	0
334	D	0.00000	1	0.00000	0
335	T	0.00000	1	0.00000	0
336	P	0.00000	1	0.00000	0
337	Q	0.00000	1	0.00000	0
338	Q	0.00000	1	0.00000	0
339	L	0.00000	1	0.00000	0
340	N	0.00000	1	0.00000	0
341	C	0.00000	1	0.00000	0
342	E	0.00000	1	0.00000	0
343	T	0.00000	1	0.00000	0
344	H	0.00000	1	0.00000	0
345	D	0.00000	1	0.00000	0
346	L	0.00000	1	0.00000	0
347	K	0.00000	1	0.00000	0
348	E	0.00000	1	0.00000	0
349	I	0.00000	1	0.00000	0
350	I	0.00000	1	0.00000	0
351	C	0.00000	1	0.00000	0
352	S	0.00000	1	0.00000	0
353	W	0.00000	1	0.00000	0
354	N	0.00000	1	0.00000	0
355	P	0.00000	1	0.00000	0
356	G	0.00000	1	0.00000	0
357	R	0.00000	1	0.00000	0
358	V	0.00000	1	0.00000	0
359	T	0.00000	1	0.00000	0
360	A	0.00000	1	0.00000	0
361	L	0.00000	1	0.00000	0
362	V	0.00000	1	0.00000	0
363	G	0.00000	1	0.00000	0
364	P	0.00000	1	0.00000	0
365	R	0.00000	1	0.00000	0
366	A	0.00000	1	0.00000	0
367	T	0.00000	1	0.00000	0
368	S	0.00000	1	0.00000	0
369	Y	0.00000	1	0.00000	0
370	T	0.00000	1	0.00000	0
371	L	0.00000	1	0.00000	0
372	V	0.00000	1	0.00000	0
373	E	0.00000	1	0.00000	0
374	S	0.00000	1	0.00000	0
375	F	0.00000	1	0.00000	0
376	S	0.00000	1	0.00000	0
377	G	0.00000	1	0.00000	0
378	K	0.00000	1	0.00000	0
379	Y	0.00000	1	0.00000	0
380	V	0.00000	1	0.00000	0
381	R	0.00000	1	0.00000	0
382	L	0.00000	1	0.00000	0
383	K	0.00000	1	0.00000	0
384	R	0.00000	1	0.00000	0
385	A	0.00000	1	0.00000	0
386	E	0.00000	1	0.00000	0
387	A	0.00000	1	0.00000	0
388	P	0.00000	1	0.00000	0
389	T	0.00000	1	0.00000	0
390	N	0.00000	1	0.00000	0
391	E	0.00000	1	0.00000	0
392	S	0.00000	1	0.00000	0
393	Y	0.00000	1	0.00000	0
394	Q	0.00000	1	0.00000	0
395	L	0.00000	1	0.00000	0
396	L	0.00000	1	0.00000	0
397	F	0.00000	1	0.00000	0
398	Q	0.00000	1	0.00000	0
399	M	0.00000	1	0.00000	0
400	L	0.00000	1	0.00000	0
401	P	0.00000	1	0.00000	0
402	N	0.00000	1	0.00000	0
403	Q	0.00000	1	0.00000	0
404	E	0.00000	1	0.00000	0
405	I	0.00000	1	0.00000	0
406	Y	0.00000	1	0.00000	0
407	N	0.00000	1	0.00000	0
408	F	0.00000	1	0.00000	0
409	T	0.00000	1	0.00000	0
410	L	0.00000	1	0.00000	0
411	N	0.00000	1	0.00000	0
412	A	0.00000	1	0.00000	0
413	H	0.00000	1	0.00000	0
414	N	0.00000	1	0.00000	0
415	P	0.00000	1	0.00000	0
416	L	0.00000	1	0.00000	0
417	G	0.00000	1	0.00000	0
418	R	0.00000	1	0.00000	0
419	S	0.00000	1	0.00000	0
420	Q	0.00000	1	0.00000	0
421	S	0.00000	1	0.00000	0
422	T	0.00000	1	0.00000	0
423	I	0.00000	1	0.00000	0
424	L	0.00000	1	0.00000	0
425	V	0.00000	1	0.00000	0
426	N	0.00000	1	0.00000	0
427	I	0.00000	1	0.00000	0
428	T	0.00000	1	0.00000	0
429	E	0.00000	1	0.00000	0
430	K	0.00000	1	0.00000	0
431	V	0.00000	1	0.00000	0
432	Y	0.00000	1	0.00000	0
433	P	0.00000	1	0.00000	0
434	H	0.00000	1	0.00000	0
435	T	0.00000	1	0.00000	0
436	P	0.00000	1	0.00000	0
437	T	0.00000	1	0.00000	0
438	S	0.00000	1	0.00000	0
439	F	0.00000	1	0.00000	0
440	K	0.00000	1	0.00000	0
441	V	0.00000	1	0.00000	0
442	K	0.00000	1	0.00000	0
443	D	0.00000	1	0.00000	0
444	I	0.00000	1	0.00000	0
445	N	0.00000	0.99999	0.00001	0
446	S	0.00000	0.99997	0.00003	0
447	T	0.00000	0.99993	0.00007	0
448	A	0.00000	0.99992	0.00008	0
449	V	0.00000	0.99955	0.00045	0
450	K	0.00000	0.99798	0.00202	0
451	L	0.00000	0.98002	0.01998	0
452	S	0.00000	0.96974	0.03026	0
453	W	0.00000	0.96814	0.03186	0
454	H	0.00000	0.96814	0.03186	0
455	L	0.00000	0.96813	0.03187	0
456	P	0.00000	0.96813	0.03187	0
457	G	0.00000	0.96813	0.03187	0
458	N	0.00000	0.96813	0.03187	0
459	F	0.00000	0.96813	0.03187	0
460	A	0.00000	0.96814	0.03186	0
461	K	0.00000	0.96814	0.03186	0
462	I	0.00000	0.96814	0.03186	0
463	N	0.00000	0.96814	0.03186	0
464	F	0.00000	0.96814	0.03186	0
465	L	0.00000	0.96814	0.03186	0
466	C	0.00001	0.96814	0.03186	0
467	E	0.00001	0.96814	0.03185	0
468	I	0.00001	0.96814	0.03185	0
469	E	0.00098	0.96814	0.03088	0
470	I	0.00142	0.96814	0.03045	0
471	K	0.02792	0.96814	0.00394	0
472	K	0.03062	0.96814	0.00124	0
473	S	0.03162	0.96814	0.00024	0
474	N	0.03177	0.96814	0.00009	0
475	S	0.03185	0.96812	0.00003	0
476	V	0.03186	0.96796	0.00017	0
477	Q	0.03186	0.96796	0.00018	0
478	E	0.03186	0.96796	0.00018	0
479	Q	0.03186	0.96795	0.00019	0
480	R	0.03183	0.96795	0.00021	0
481	N	0.00968	0.96795	0.02237	0
482	V	0.00437	0.96795	0.02768	0
483	T	0.00296	0.96795	0.02909	0
484	I	0.00067	0.96795	0.03137	0
485	K	0.00041	0.96795	0.03164	0
486	G	0.00005	0.96795	0.03200	0
487	V	0.00001	0.96795	0.03203	0
488	E	0.00001	0.96795	0.03204	0
489	N	0.00000	0.96795	0.03205	0
490	S	0.00000	0.96795	0.03205	0
491	S	0.00000	0.96795	0.03205	0
492	Y	0.00000	0.96795	0.03205	0
493	L	0.00000	0.96795	0.03205	0
494	V	0.00000	0.96795	0.03205	0
495	A	0.00000	0.96795	0.03204	0
496	L	0.00003	0.96795	0.03202	0
497	D	0.00018	0.96795	0.03186	0
498	K	0.00018	0.96795	0.03186	0
499	L	0.00018	0.96799	0.03183	0
500	N	0.00018	0.96906	0.03076	0
501	P	0.00018	0.96983	0.02998	0
502	Y	0.00009	0.97481	0.02510	0
503	T	0.00003	0.99351	0.00646	0
504	L	0.00000	0.99406	0.00594	0
505	Y	0.00000	0.99702	0.00298	0
506	T	0.00000	0.99979	0.00021	0
507	F	0.00000	0.99979	0.00021	0
508	R	0.00000	0.9998	0.00020	0
509	I	0.00000	0.9998	0.00020	0
510	R	0.00000	0.99981	0.00019	0
511	C	0.00000	0.99981	0.00019	0
512	S	0.00000	0.99981	0.00019	0
513	T	0.00000	0.99981	0.00019	0
514	E	0.00000	0.99981	0.00019	0
515	T	0.00000	0.99981	0.00019	0
516	F	0.00000	0.99981	0.00019	0
517	W	0.00000	0.99981	0.00019	0
518	K	0.00000	0.99981	0.00019	0
519	W	0.00000	0.99981	0.00019	0
520	S	0.00000	0.99982	0.00018	0
521	K	0.00000	0.99987	0.00013	0
522	W	0.00000	0.99994	0.00006	0
523	S	0.00000	0.99999	0.00001	0
524	N	0.00000	1	0.00000	0
525	K	0.00000	1	0.00000	0
526	K	0.00000	1	0.00000	0
527	Q	0.00000	1	0.00000	0
528	H	0.00000	1	0.00000	0
529	L	0.00000	1	0.00000	0
530	T	0.00000	1	0.00000	0
531	T	0.00000	1	0.00000	0
532	E	0.00000	1	0.00000	0
533	A	0.00000	1	0.00000	0
534	S	0.00000	1	0.00000	0
535	P	0.00000	1	0.00000	0
536	S	0.00000	1	0.00000	0
537	K	0.00000	1	0.00000	0
538	G	0.00000	1	0.00000	0
539	P	0.00000	1	0.00000	0
540	D	0.00000	1	0.00000	0
541	T	0.00000	1	0.00000	0
542	W	0.00000	1	0.00000	0
543	R	0.00000	1	0.00000	0
544	E	0.00000	1	0.00000	0
545	W	0.00000	1	0.00000	0
546	S	0.00000	1	0.00000	0
547	S	0.00000	1	0.00000	0
548	D	0.00000	1	0.00000	0
549	G	0.00000	1	0.00000	0
550	K	0.00000	1	0.00000	0
551	N	0.00000	0.99999	0.00001	0
552	L	0.00000	0.99958	0.00042	0
553	I	0.00000	0.99926	0.00074	0
554	I	0.00000	0.99903	0.00097	0
555	Y	0.00000	0.9989	0.00110	0
556	W	0.00000	0.99869	0.00131	0
557	K	0.00000	0.99714	0.00286	0
558	P	0.00000	0.99342	0.00658	0
559	L	0.00000	0.99342	0.00658	0
560	P	0.00000	0.99342	0.00658	0
561	I	0.00000	0.99342	0.00658	0
562	N	0.00000	0.99342	0.00658	0
563	E	0.00000	0.99342	0.00658	0
564	A	0.00000	0.96812	0.03188	0
565	N	0.00000	0.96797	0.03203	0
566	G	0.00000	0.9679	0.03210	0
567	K	0.00000	0.96436	0.03564	0
568	I	0.00000	0.95879	0.04121	0
569	L	0.00000	0.95852	0.04148	0
570	S	0.00000	0.95851	0.04149	0
571	Y	0.00000	0.95851	0.04149	0
572	N	0.00000	0.95851	0.04149	0
573	V	0.00000	0.95851	0.04149	0
574	S	0.00000	0.95851	0.04149	0
575	C	0.00000	0.95851	0.04149	0
576	S	0.00000	0.95851	0.04149	0
577	S	0.00000	0.95851	0.04149	0
578	D	0.00000	0.95851	0.04149	0
579	E	0.00000	0.95851	0.04149	0
580	E	0.00001	0.95851	0.04148	0
581	T	0.00127	0.95851	0.04022	0
582	Q	0.00153	0.95851	0.03996	0
583	S	0.03193	0.95851	0.00955	0
584	L	0.03200	0.95851	0.00949	0
585	S	0.03201	0.95851	0.00948	0
586	E	0.03204	0.95851	0.00945	0
587	I	0.03211	0.95851	0.00938	0
588	P	0.03844	0.95851	0.00305	0
589	D	0.04138	0.95851	0.00010	0
590	P	0.04147	0.95851	0.00002	0
591	Q	0.04148	0.95851	0.00000	0
592	H	0.04148	0.95851	0.00000	0
593	K	0.04149	0.95851	0.00000	0
594	A	0.04149	0.95851	0.00000	0
595	E	0.04149	0.95851	0.00000	0
596	I	0.04148	0.95851	0.00000	0
597	R	0.04148	0.95851	0.00000	0
598	L	0.04147	0.95851	0.00002	0
599	D	0.04145	0.95851	0.00003	0
600	K	0.04124	0.95851	0.00025	0
601	N	0.03233	0.95851	0.00916	0
602	D	0.02968	0.95851	0.01181	0
603	Y	0.00798	0.12806	0.86396	0
604	I	0.00023	0.00602	0.99375	0
605	I	0.00001	0.00107	0.99891	0
606	S	0.00000	3e-05	0.99997	0
607	V	0.00000	1e-05	0.99999	0
608	V	0.00000	1e-05	0.99999	0
609	A	0.00000	1e-05	0.99999	0
610	K	0.00000	1e-05	0.99999	0
611	N	0.00000	1e-05	0.99999	0
612	S	0.00000	1e-05	0.99999	0
613	V	0.00000	1e-05	0.99999	0
614	G	0.00000	1e-05	0.99999	0
615	S	0.00000	1e-05	0.99999	0
616	S	0.00000	1e-05	0.99999	0
617	P	0.00000	1e-05	0.99999	0
618	P	0.00000	1e-05	0.99999	0
619	S	0.00000	6e-05	0.99994	0
620	K	0.00001	0.00011	0.99989	0
621	I	0.00009	0.00035	0.99956	0
622	A	0.02894	0.00949	0.96157	0
623	S	0.31630	0.01048	0.67322	0
624	M	0.49302	0.01301	0.49397	0
625	E	0.95713	0.04006	0.00281	0
626	I	0.95747	0.04054	0.00199	0
627	P	0.95848	0.04143	0.00009	0
628	N	0.94647	0.04149	0.01203	0
629	D	0.92824	0.04149	0.03027	0
630	D	0.89032	0.04149	0.06818	0
631	L	0.63696	0.04149	0.32154	0
632	K	0.60735	0.04149	0.35116	0
633	I	0.15012	0.04149	0.80839	0
634	E	0.14023	0.04149	0.81827	0
635	Q	0.04664	0.04149	0.91187	0
636	V	0.01252	0.04149	0.94599	0
637	V	0.00072	0.04149	0.95779	0
638	G	0.00062	0.04149	0.95789	0
639	M	0.00032	0.04149	0.95819	0
640	G	0.00025	0.04149	0.95826	0
641	K	0.00016	0.04149	0.95835	0
642	G	0.00007	0.04149	0.95844	0
643	I	0.00000	0.04149	0.95851	0
644	L	0.00000	0.04149	0.95851	0
645	L	0.00000	0.04151	0.95849	0
646	T	0.00000	0.04723	0.95277	0
647	W	0.00000	0.05013	0.94987	0
648	H	0.00000	0.10198	0.89802	0
649	Y	0.00000	0.11621	0.88379	0
650	D	0.00000	0.19268	0.80732	0
651	P	0.00000	0.22365	0.77635	0
652	N	0.00000	0.50172	0.49828	0
653	M	0.00000	0.50717	0.49283	0
654	T	0.00000	0.80359	0.19640	0
655	C	0.00000	0.99214	0.00786	0
656	D	0.00000	0.99749	0.00251	0
657	Y	0.00000	0.99692	0.00308	0
658	V	0.00000	0.99691	0.00309	0
659	I	0.00000	0.99691	0.00309	0
660	K	0.00000	0.99692	0.00308	0
661	W	0.00000	0.99725	0.00274	0
662	C	0.00000	0.99778	0.00222	0
663	N	0.00000	0.99778	0.00221	0
664	S	0.00000	0.99778	0.00221	0
665	S	0.00000	0.99778	0.00221	0
666	R	0.00000	0.99778	0.00221	0
667	S	0.00000	0.99778	0.00221	0
668	E	0.00000	0.99778	0.00221	0
669	P	0.00000	0.99775	0.00224	0
670	C	0.00000	0.99759	0.00241	0
671	L	0.00000	0.1229	0.87710	0
672	M	0.00000	0.0444	0.95559	0
673	D	0.00000	0.03467	0.96532	0
674	W	0.00000	0.03206	0.96793	0
675	R	0.00001	0.03205	0.96794	0
676	K	0.00011	0.03205	0.96784	0
677	V	0.00031	0.03205	0.96763	0
678	P	0.00222	0.03205	0.96573	0
679	S	0.00221	0.03205	0.96573	0
680	N	0.00221	0.03205	0.96573	0
681	S	0.00221	0.03205	0.96573	0
682	T	0.00221	0.03205	0.96573	0
683	E	0.00221	0.03205	0.96573	0
684	T	0.00221	0.03205	0.96573	0
685	V	0.00221	0.03205	0.96573	0
686	I	0.00221	0.03205	0.96573	0
687	E	0.00221	0.03205	0.96573	0
688	S	0.00221	0.03205	0.96573	0
689	D	0.00221	0.03205	0.96573	0
690	E	0.00224	0.03205	0.96570	0
691	F	0.03727	0.03205	0.93068	0
692	R	0.52811	0.03205	0.43984	0
693	P	0.96792	0.03205	0.00002	0
694	G	0.96779	0.03205	0.00015	0
695	I	0.96746	0.03205	0.00049	0
696	R	0.96740	0.03205	0.00054	0
697	Y	0.96595	0.03205	0.00199	0
698	N	0.96579	0.03205	0.00215	0
699	F	0.96573	0.03205	0.00222	0
700	F	0.96573	0.03205	0.00222	0
701	L	0.96573	0.03205	0.00222	0
702	Y	0.96573	0.03205	0.00222	0
703	G	0.96573	0.03205	0.00222	0
704	C	0.96573	0.03205	0.00222	0
705	R	0.96573	0.03205	0.00222	0
706	N	0.96570	0.03205	0.00224	0
707	Q	0.96541	0.03205	0.00253	0
708	G	0.96197	0.01947	0.01856	0
709	Y	0.88395	0.00888	0.10716	0
710	Q	0.74536	0.00649	0.24815	0
711	L	0.07717	0.00587	0.91696	0
712	L	0.00595	0.00508	0.98897	0
713	R	0.00509	0.00511	0.98980	0
714	S	0.00018	0.00514	0.99468	0
715	M	0.00000	0.00274	0.99726	0
716	I	0.00000	0.00233	0.99767	0
717	G	0.00000	0.00344	0.99655	0
718	Y	0.00000	0.00415	0.99585	0
719	I	0.00000	0.004	0.99600	0
720	E	0.00000	0.00414	0.99586	0
721	E	0.00000	0.00411	0.99589	0
722	L	0.00000	0.00377	0.99623	0
723	A	0.00000	0.00333	0.99667	0
724	P	0.00000	0.00332	0.99667	0
725	I	0.00000	0.00332	0.99667	0
726	V	0.00000	0.00334	0.99666	0
727	A	0.00000	0.00397	0.99603	0
728	P	0.00001	0.04638	0.95361	0
729	N	0.00001	0.07768	0.92231	0
730	F	0.00013	0.0892	0.91067	0
731	T	0.00358	0.32683	0.66959	0
732	V	0.00593	0.59617	0.39790	0
733	E	0.02025	0.95719	0.02256	0
734	D	0.02671	0.96903	0.00427	0
735	T	0.02689	0.96904	0.00406	0
736	S	0.02708	0.96905	0.00388	0
737	A	0.02746	0.96905	0.00349	0
738	D	0.02860	0.96905	0.00235	0
739	S	0.02864	0.96904	0.00232	0
740	I	0.02865	0.95579	0.01556	0
741	L	0.02871	0.90065	0.07064	0
742	V	0.02912	0.90065	0.07023	0
743	K	0.02994	0.90053	0.06952	0
744	W	0.02996	0.90034	0.06970	0
745	E	0.03089	0.89221	0.07690	0
746	D	0.03094	0.80145	0.16762	0
747	I	0.03094	0.79652	0.17254	0
748	P	0.03095	0.66834	0.30071	0
749	V	0.03095	0.65405	0.31501	0
750	E	0.03095	0.65403	0.31502	0
751	E	0.03095	0.654	0.31505	0
752	L	0.03095	0.15667	0.81238	0
753	R	0.03095	0.11659	0.85246	0
754	G	0.03095	0.02252	0.94653	0
755	F	0.03095	0.00417	0.96488	0
756	L	0.03095	0.00298	0.96607	0
757	R	0.03095	0.00286	0.96619	0
758	G	0.03095	0.00284	0.96621	0
759	Y	0.03095	0.00278	0.96627	0
760	L	0.03095	0.00274	0.96632	0
761	F	0.03096	0.00274	0.96630	0
762	Y	0.03275	0.00274	0.96451	0
763	F	0.03372	0.00274	0.96354	0
764	G	0.08829	0.00274	0.90897	0
765	K	0.10027	0.00274	0.89699	0
766	G	0.10624	0.00274	0.89102	0
767	E	0.22060	0.00274	0.77666	0
768	R	0.25409	0.00274	0.74317	0
769	D	0.31319	0.00274	0.68407	0
770	T	0.33797	0.00274	0.65929	0
771	S	0.34259	0.00274	0.65467	0
772	K	0.42237	0.00274	0.57489	0
773	M	0.51315	0.00274	0.48412	0
774	R	0.52502	0.00274	0.47225	0
775	V	0.52698	0.00273	0.47030	0
776	L	0.55667	0.00273	0.44061	0
777	E	0.99548	0.00273	0.00179	0
778	S	0.99685	0.00273	0.00042	0
779	G	0.99720	0.00273	0.00008	0
780	R	0.99721	0.00273	0.00006	0
781	S	0.99723	0.00273	0.00005	0
782	D	0.99724	0.00273	0.00003	0
783	I	0.99724	0.00273	0.00003	0
784	K	0.99726	0.00273	0.00002	0
785	V	0.99726	0.00273	0.00002	0
786	K	0.99726	0.00273	0.00001	0
787	N	0.99726	0.00273	0.00002	0
788	I	0.99726	0.00273	0.00002	0
789	T	0.99726	0.00271	0.00003	0
790	D	0.99726	0.00271	0.00003	0
791	I	0.99726	0.00271	0.00003	0
792	S	0.99716	0.00269	0.00015	0
793	Q	0.99714	0.00269	0.00017	0
794	K	0.99601	0.00269	0.00130	0
795	T	0.95084	1e-05	0.04915	0
796	L	0.95084	1e-05	0.04915	0
797	R	0.95084	1e-05	0.04915	0
798	I	0.95084	1e-05	0.04915	0
799	A	0.95085	1e-05	0.04914	0
800	D	0.95085	1e-05	0.04914	0
801	L	0.95084	1e-05	0.04916	0
802	Q	0.95083	1e-05	0.04916	0
803	G	0.95082	1e-05	0.04917	0
804	K	0.95082	1e-05	0.04917	0
805	T	0.95082	1e-05	0.04917	0
806	S	0.95082	1e-05	0.04917	0
807	Y	0.95041	0	0.04959	0
808	H	0.94865	0	0.05135	0
809	L	0.00577	0	0.99422	0
810	V	0.00170	0	0.99830	0
811	L	0.00006	0	0.99994	0
812	R	0.00008	0.00012	0.99980	0
813	A	0.00008	0.0002	0.99972	0
814	Y	0.00008	0.00102	0.99890	0
815	T	0.00038	0.01201	0.98761	0
816	D	0.00249	0.04623	0.95129	0
817	G	0.00276	0.04642	0.95082	0
818	G	0.00277	0.04642	0.95081	0
819	V	0.00277	0.04643	0.95080	0
820	G	0.00278	0.04643	0.95080	0
821	P	0.00278	0.04643	0.95079	0
822	E	0.00278	0.04644	0.95078	0
823	K	0.00278	0.04644	0.95078	0
824	S	0.00278	0.04644	0.95078	0
825	M	0.00278	0.04643	0.95079	0
826	Y	0.00278	0.04639	0.95083	0
827	V	0.00278	0.04508	0.95214	0
828	V	0.00278	0.05419	0.94303	0
829	T	0.00279	0.27641	0.72080	0
830	K	0.00279	0.98378	0.01344	0
831	E	0.00279	0.99409	0.00312	0
832	N	0.00279	0.98372	0.01349	0
833	S	0.00275	0.94423	0.05302	0
834	V	0.00029	0.65357	0.34614	0
835	G	0.00017	0.60625	0.39357	0
836	L	0.00008	0.1464	0.85352	0
837	I	0.00003	0.02742	0.97255	0
838	I	0.00000	0.00068	0.99932	0
839	A	0.00000	0.00019	0.99981	0
840	I	0.00000	0	0.99999	0
841	L	0.00000	0	1.00000	0
842	I	0.00000	0	1.00000	0
843	P	0.00000	0	1.00000	0
844	V	0.00000	0	1.00000	0
845	A	0.00000	0	1.00000	0
846	V	0.00000	0	1.00000	0
847	A	0.00000	0	1.00000	0
848	V	0.00000	0	1.00000	0
849	I	0.00001	0	0.99999	0
850	V	0.00008	0	0.99992	0
851	G	0.00061	0	0.99939	0
852	V	0.00167	0	0.99833	0
853	V	0.01444	0	0.98556	0
854	T	0.05186	1e-05	0.94813	0
855	S	0.18868	3e-05	0.81129	0
856	I	0.37111	6e-05	0.62884	0
857	L	0.62517	0.00039	0.37444	0
858	C	0.77213	0.00234	0.22553	0
859	Y	0.91919	0.00257	0.07824	0
860	R	0.99721	0.00278	0.00001	0
861	K	0.99721	0.00279	0.00000	0
862	R	0.99721	0.00278	0.00000	0
863	E	0.99721	0.00254	0.00024	0
864	W	0.99721	0.00132	0.00147	0
865	I	0.99721	0.00095	0.00184	0
866	K	0.99721	0.00088	0.00190	0
867	E	0.99721	0.00088	0.00191	0
868	T	0.99721	0.00088	0.00191	0
869	F	0.99721	0.00088	0.00191	0
870	Y	0.99721	0.00088	0.00191	0
871	P	0.99721	0.00088	0.00191	0
872	D	0.99721	0.00088	0.00191	0
873	I	0.99721	0.00088	0.00191	0
874	P	0.99721	0.00088	0.00191	0
875	N	0.99721	0.00088	0.00191	0
876	P	0.99721	0.00088	0.00191	0
877	E	0.99721	0.00087	0.00191	0
878	N	0.99721	0.00087	0.00191	0
879	C	0.99721	0.00087	0.00191	0
880	K	0.99721	0.00087	0.00191	0
881	A	0.99721	0.00086	0.00193	0
882	L	0.99721	0.00034	0.00244	0
883	Q	0.99721	0.00032	0.00246	0
884	F	0.99721	0.00018	0.00261	0
885	Q	0.99721	0.00017	0.00262	0
886	K	0.99912	5e-05	0.00083	0
887	S	0.99912	1e-05	0.00086	0
888	V	0.99912	0	0.00088	0
889	C	0.99912	0	0.00088	0
890	E	0.99912	0	0.00088	0
891	G	0.99912	0	0.00088	0
892	S	0.99912	0	0.00088	0
893	S	0.99912	0	0.00088	0
894	A	0.99912	0	0.00088	0
895	L	0.99912	0	0.00088	0
896	K	0.99913	0	0.00087	0
897	T	0.99913	0	0.00087	0
898	L	0.99913	0	0.00087	0
899	E	0.99913	0	0.00087	0
900	M	0.99913	0	0.00087	0
901	N	0.99913	0	0.00087	0
902	P	0.99913	0	0.00087	0
903	C	0.99913	0	0.00087	0
904	T	0.99913	0	0.00087	0
905	P	0.99953	0	0.00047	0
906	N	0.99977	0	0.00023	0
907	N	0.99989	0	0.00011	0
908	V	0.99994	0	0.00006	0
909	E	1.00000	0	0.00000	0
910	V	1.00000	0	0.00000	0
911	L	1.00000	0	0.00000	0
912	E	1.00000	0	0.00000	0
913	T	1.00000	0	0.00000	0
914	R	1.00000	0	0.00000	0
915	S	1.00000	0	0.00000	0
916	A	1.00000	0	0.00000	0
917	F	1.00000	0	0.00000	0
918	P	1.00000	0	0.00000	0
919	K	1.00000	0	0.00000	0
920	I	1.00000	0	0.00000	0
921	E	1.00000	0	0.00000	0
922	D	1.00000	0	0.00000	0
923	T	1.00000	0	0.00000	0
924	E	1.00000	0	0.00000	0
925	I	1.00000	0	0.00000	0
926	I	1.00000	0	0.00000	0
927	S	1.00000	0	0.00000	0
928	P	1.00000	0	0.00000	0
929	V	1.00000	0	0.00000	0
930	A	1.00000	0	0.00000	0
931	E	1.00000	0	0.00000	0
932	R	1.00000	0	0.00000	0
933	P	1.00000	0	0.00000	0
934	E	1.00000	0	0.00000	0
935	D	1.00000	0	0.00000	0
936	R	1.00000	0	0.00000	0
937	S	1.00000	0	0.00000	0
938	D	1.00000	0	0.00000	0
939	A	1.00000	0	0.00000	0
940	E	1.00000	0	0.00000	0
941	P	1.00000	0	0.00000	0
942	E	1.00000	0	0.00000	0
943	N	1.00000	0	0.00000	0
944	H	1.00000	0	0.00000	0
945	V	1.00000	0	0.00000	0
946	V	1.00000	0	0.00000	0
947	V	1.00000	0	0.00000	0
948	S	1.00000	0	0.00000	0
949	Y	1.00000	0	0.00000	0
950	C	1.00000	0	0.00000	0
951	P	1.00000	0	0.00000	0
952	P	1.00000	0	0.00000	0
953	I	1.00000	0	0.00000	0
954	I	1.00000	0	0.00000	0
955	E	1.00000	0	0.00000	0
956	E	1.00000	0	0.00000	0
957	E	1.00000	0	0.00000	0
958	I	1.00000	0	0.00000	0
959	P	1.00000	0	0.00000	0
960	N	1.00000	0	0.00000	0
961	P	1.00000	0	0.00000	0
962	A	1.00000	0	0.00000	0
963	A	1.00000	0	0.00000	0
964	D	1.00000	0	0.00000	0
965	E	1.00000	0	0.00000	0
966	A	1.00000	0	0.00000	0
967	G	1.00000	0	0.00000	0
968	G	1.00000	0	0.00000	0
969	T	1.00000	0	0.00000	0
970	A	1.00000	0	0.00000	0
971	Q	1.00000	0	0.00000	0
972	V	1.00000	0	0.00000	0
973	I	1.00000	0	0.00000	0
974	Y	1.00000	0	0.00000	0
975	I	1.00000	0	0.00000	0
976	D	1.00000	0	0.00000	0
977	V	1.00000	0	0.00000	0
978	Q	1.00000	0	0.00000	0
979	S	1.00000	0	0.00000	0
980	M	1.00000	0	0.00000	0
981	Y	1.00000	0	0.00000	0
982	Q	1.00000	0	0.00000	0
983	P	1.00000	0	0.00000	0
984	Q	1.00000	0	0.00000	0
985	A	1.00000	0	0.00000	0
986	K	1.00000	0	0.00000	0
987	P	1.00000	0	0.00000	0
988	E	1.00000	0	0.00000	0
989	E	1.00000	0	0.00000	0
990	E	1.00000	0	0.00000	0
991	Q	1.00000	0	0.00000	0
992	E	1.00000	0	0.00000	0
993	N	1.00000	0	0.00000	0
994	D	1.00000	0	0.00000	0
995	P	1.00000	0	0.00000	0
996	V	1.00000	0	0.00000	0
997	G	1.00000	0	0.00000	0
998	G	1.00000	0	0.00000	0
999	A	1.00000	0	0.00000	0
1000	G	1.00000	0	0.00000	0
1001	Y	1.00000	0	0.00000	0
1002	K	1.00000	0	0.00000	0
1003	P	1.00000	0	0.00000	0
1004	Q	1.00000	0	0.00000	0
1005	M	1.00000	0	0.00000	0
1006	H	1.00000	0	0.00000	0
1007	L	1.00000	0	0.00000	0
1008	P	1.00000	0	0.00000	0
1009	I	1.00000	0	0.00000	0
1010	N	1.00000	0	0.00000	0
1011	S	1.00000	0	0.00000	0
1012	T	1.00000	0	0.00000	0
1013	V	1.00000	0	0.00000	0
1014	E	1.00000	0	0.00000	0
1015	D	1.00000	0	0.00000	0
1016	I	1.00000	0	0.00000	0
1017	A	1.00000	0	0.00000	0
1018	A	1.00000	0	0.00000	0
1019	E	1.00000	0	0.00000	0
1020	E	1.00000	0	0.00000	0
1021	D	1.00000	0	0.00000	0
1022	L	1.00000	0	0.00000	0
1023	D	1.00000	0	0.00000	0
1024	K	1.00000	0	0.00000	0
1025	T	1.00000	0	0.00000	0
1026	A	1.00000	0	0.00000	0
1027	G	1.00000	0	0.00000	0
1028	Y	1.00000	0	0.00000	0
1029	R	1.00000	0	0.00000	0
1030	P	1.00000	0	0.00000	0
1031	Q	1.00000	0	0.00000	0
1032	A	1.00000	0	0.00000	0
1033	N	1.00000	0	0.00000	0
1034	V	1.00000	0	0.00000	0
1035	N	1.00000	0	0.00000	0
1036	T	1.00000	0	0.00000	0
1037	W	1.00000	0	0.00000	0
1038	N	1.00000	0	0.00000	0
1039	L	1.00000	0	0.00000	0
1040	V	1.00000	0	0.00000	0
1041	S	1.00000	0	0.00000	0
1042	P	1.00000	0	0.00000	0
1043	D	1.00000	0	0.00000	0
1044	S	1.00000	0	0.00000	0
1045	P	1.00000	0	0.00000	0
1046	R	1.00000	0	0.00000	0
1047	S	1.00000	0	0.00000	0
1048	I	1.00000	0	0.00000	0
1049	D	1.00000	0	0.00000	0
1050	S	1.00000	0	0.00000	0
1051	N	1.00000	0	0.00000	0
1052	S	1.00000	0	0.00000	0
1053	E	1.00000	0	0.00000	0
1054	I	1.00000	0	0.00000	0
1055	V	1.00000	0	0.00000	0
1056	S	1.00000	0	0.00000	0
1057	F	1.00000	0	0.00000	0
1058	G	1.00000	0	0.00000	0
1059	S	1.00000	0	0.00000	0
1060	P	1.00000	0	0.00000	0
1061	C	1.00000	0	0.00000	0
1062	S	1.00000	0	0.00000	0
1063	I	1.00000	0	0.00000	0
1064	N	1.00000	0	0.00000	0
1065	S	1.00000	0	0.00000	0
1066	R	1.00000	0	0.00000	0
1067	Q	1.00000	0	0.00000	0
1068	F	1.00000	0	0.00000	0
1069	L	1.00000	0	0.00000	0
1070	I	1.00000	0	0.00000	0
1071	P	1.00000	0	0.00000	0
1072	P	1.00000	0	0.00000	0
1073	K	1.00000	0	0.00000	0
1074	D	1.00000	0	0.00000	0
1075	E	1.00000	0	0.00000	0
1076	D	1.00000	0	0.00000	0
1077	S	1.00000	0	0.00000	0
1078	P	1.00000	0	0.00000	0
1079	K	1.00000	0	0.00000	0
1080	S	1.00000	0	0.00000	0
1081	N	1.00000	0	0.00000	0
1082	G	1.00000	0	0.00000	0
1083	G	1.00000	0	0.00000	0
1084	G	1.00000	0	0.00000	0
1085	W	1.00000	0	0.00000	0
1086	S	1.00000	0	0.00000	0
1087	F	1.00000	0	0.00000	0
1088	T	1.00000	0	0.00000	0
1089	N	1.00000	0	0.00000	0
1090	F	1.00000	0	0.00000	0
1091	F	1.00000	0	0.00000	0
1092	Q	1.00000	0	0.00000	0
1093	N	1.00000	0	0.00000	0
1094	K	1.00000	0	0.00000	0
1095	P	1.00000	0	0.00000	0
1096	N	1.00000	0	0.00000	0
1097	D	1.00000	0	0.00000	0
