# UNNAMED
#pos	aa	i	o	M	S
1	M	0.00000	0.99986	0.00000	0.00014
2	N	0.00000	0.99986	0.00000	0.00014
3	P	0.00000	0.99986	0.00000	0.00014
4	F	0.00000	0.99986	0.00000	0.00014
5	H	0.00000	0.99986	0.00000	0.00014
6	A	0.00000	0.99986	0.00000	0.00014
7	S	0.00000	0.99986	0.00000	0.00014
8	C	0.00000	0.99986	0.00000	0.00014
9	W	0.00000	0.99986	0.00000	0.00014
10	N	0.00000	0.99986	0.00000	0.00014
11	T	0.00000	0.99986	0.00000	0.00014
12	S	0.00000	0.99986	0.00000	0.00014
13	A	0.00000	0.99986	0.00000	0.00014
14	E	0.00000	0.99987	0.00000	0.00013
15	L	0.00000	0.99988	0.00000	0.00011
16	L	0.00000	0.99994	0.00000	6e-05
17	N	0.00000	0.99994	0.00000	6e-05
18	K	0.00000	0.99994	0.00000	6e-05
19	S	0.00000	0.99994	0.00000	6e-05
20	W	0.00000	1	0.00000	0
21	N	0.00000	1	0.00000	0
22	K	0.00000	1	0.00000	0
23	E	0.00000	1	0.00000	0
24	F	0.00000	0.99999	0.00001	0
25	A	0.00000	0.99999	0.00001	0
26	Y	0.00000	0.99998	0.00002	0
27	Q	0.00000	0.99998	0.00002	0
28	T	0.00000	0.99992	0.00008	0
29	A	0.00000	0.99992	0.00008	0
30	S	0.00000	0.99992	0.00008	0
31	V	0.00000	0.99992	0.00008	0
32	V	0.00000	0.99992	0.00008	0
33	D	0.00000	0.99992	0.00008	0
34	T	0.00000	0.56225	0.43775	0
35	V	0.00000	0.33754	0.66246	0
36	I	0.00000	0.27442	0.72558	0
37	L	0.00000	0.25115	0.74885	0
38	P	0.00000	0.24477	0.75523	0
39	S	0.00000	0.20775	0.79225	0
40	M	0.00000	0.03348	0.96652	0
41	I	0.00000	0.00062	0.99938	0
42	G	0.00000	0.00015	0.99985	0
43	I	0.00000	0	1.00000	0
44	I	0.00000	0	1.00000	0
45	C	0.00000	0	1.00000	0
46	S	0.00000	0	1.00000	0
47	T	0.00000	0	1.00000	0
48	G	0.00000	0	1.00000	0
49	L	0.00000	0	1.00000	0
50	V	0.00000	0	1.00000	0
51	G	0.00000	0	1.00000	0
52	N	0.00000	0	1.00000	0
53	I	0.00000	0	1.00000	0
54	L	0.00000	0	1.00000	0
55	I	0.00000	0	1.00000	0
56	V	0.00006	0	0.99994	0
57	F	0.00205	0	0.99795	0
58	T	0.11250	0	0.88750	0
59	I	0.13135	0	0.86865	0
60	I	0.29068	0	0.70932	0
61	R	0.98303	0	0.01697	0
62	S	0.99907	0	0.00093	0
63	R	0.99998	0	0.00002	0
64	K	1.00000	0	0.00000	0
65	K	1.00000	0	0.00000	0
66	T	1.00000	0	0.00000	0
67	V	1.00000	0	0.00000	0
68	P	1.00000	0	0.00000	0
69	D	0.97559	0	0.02441	0
70	I	0.06293	0	0.93707	0
71	Y	0.00089	0	0.99911	0
72	I	0.00000	0	1.00000	0
73	C	0.00000	0	1.00000	0
74	N	0.00000	0	1.00000	0
75	L	0.00000	0	1.00000	0
76	A	0.00000	0	1.00000	0
77	V	0.00000	0	1.00000	0
78	A	0.00000	0	1.00000	0
79	D	0.00000	0	1.00000	0
80	L	0.00000	0	1.00000	0
81	V	0.00000	0	1.00000	0
82	H	0.00000	0	1.00000	0
83	I	0.00000	0	1.00000	0
84	V	0.00000	0	1.00000	0
85	G	0.00000	0	1.00000	0
86	M	0.00000	0	1.00000	0
87	P	0.00000	0	1.00000	0
88	F	0.00000	0.00115	0.99885	0
89	L	0.00000	0.02964	0.97036	0
90	I	0.00000	0.2564	0.74360	0
91	H	0.00000	0.99113	0.00887	0
92	Q	0.00000	0.99999	0.00001	0
93	W	0.00000	0.99999	0.00001	0
94	A	0.00000	0.99999	0.00001	0
95	R	0.00000	1	0.00000	0
96	G	0.00000	1	0.00000	0
97	G	0.00000	1	0.00000	0
98	E	0.00000	1	0.00000	0
99	W	0.00000	1	0.00000	0
100	V	0.00000	1	0.00000	0
101	F	0.00000	1	0.00000	0
102	G	0.00000	1	0.00000	0
103	G	0.00000	1	0.00000	0
104	P	0.00000	0.99999	0.00001	0
105	L	0.00000	0.99906	0.00094	0
106	C	0.00000	0.99873	0.00127	0
107	T	0.00000	0.99691	0.00309	0
108	I	0.00000	0.989	0.01100	0
109	I	0.00000	0.13224	0.86776	0
110	T	0.00000	0.02267	0.97733	0
111	S	0.00000	0.00469	0.99531	0
112	L	0.00000	0.00353	0.99647	0
113	D	0.00000	0.00241	0.99759	0
114	T	0.00000	0.00037	0.99963	0
115	C	0.00000	1e-05	0.99999	0
116	N	0.00000	0	1.00000	0
117	Q	0.00000	0	1.00000	0
118	F	0.00000	0	1.00000	0
119	A	0.00000	0	1.00000	0
120	C	0.00000	0	1.00000	0
121	S	0.00000	0	1.00000	0
122	A	0.00000	0	1.00000	0
123	I	0.00000	0	1.00000	0
124	M	0.00000	0	1.00000	0
125	T	0.00000	0	1.00000	0
126	V	0.00000	0	1.00000	0
127	M	0.00000	0	1.00000	0
128	S	0.00000	0	1.00000	0
129	V	0.00000	0	1.00000	0
130	D	0.00007	0	0.99993	0
131	R	0.01547	0	0.98453	0
132	Y	0.11621	0	0.88379	0
133	F	0.69154	0	0.30846	0
134	A	0.97881	0	0.02119	0
135	L	0.99998	0	0.00002	0
136	V	1.00000	0	0.00000	0
137	Q	1.00000	0	0.00000	0
138	P	1.00000	0	0.00000	0
139	F	1.00000	0	0.00000	0
140	R	1.00000	0	0.00000	0
141	L	1.00000	0	0.00000	0
142	T	1.00000	0	0.00000	0
143	R	1.00000	0	0.00000	0
144	W	1.00000	0	0.00000	0
145	R	1.00000	0	0.00000	0
146	T	1.00000	0	0.00000	0
147	R	0.99998	0	0.00002	0
148	Y	0.95025	0	0.04975	0
149	K	0.93150	0	0.06850	0
150	T	0.43534	0	0.56466	0
151	I	0.01912	0	0.98088	0
152	R	0.01274	0	0.98726	0
153	I	0.00047	0	0.99953	0
154	N	0.00022	0	0.99978	0
155	L	0.00000	0	1.00000	0
156	G	0.00000	0	1.00000	0
157	L	0.00000	0	1.00000	0
158	W	0.00000	0	1.00000	0
159	A	0.00000	0	1.00000	0
160	A	0.00000	0	1.00000	0
161	S	0.00000	0	1.00000	0
162	F	0.00000	0	1.00000	0
163	I	0.00000	0	1.00000	0
164	L	0.00000	0	1.00000	0
165	A	0.00000	0	1.00000	0
166	L	0.00000	0	1.00000	0
167	P	0.00000	0.00049	0.99951	0
168	V	0.00000	0.00227	0.99773	0
169	W	0.00000	0.02024	0.97976	0
170	V	0.00000	0.08041	0.91959	0
171	Y	0.00000	0.33441	0.66559	0
172	S	0.00000	0.70873	0.29127	0
173	K	0.00000	0.99301	0.00699	0
174	V	0.00000	0.99504	0.00496	0
175	I	0.00000	0.99713	0.00287	0
176	K	0.00000	0.99999	0.00001	0
177	F	0.00000	1	0.00000	0
178	K	0.00000	1	0.00000	0
179	D	0.00000	1	0.00000	0
180	G	0.00000	1	0.00000	0
181	V	0.00000	1	0.00000	0
182	E	0.00000	1	0.00000	0
183	S	0.00000	1	0.00000	0
184	C	0.00000	1	0.00000	0
185	A	0.00000	1	0.00000	0
186	F	0.00000	1	0.00000	0
187	D	0.00000	1	0.00000	0
188	L	0.00000	1	0.00000	0
189	T	0.00000	1	0.00000	0
190	S	0.00000	1	0.00000	0
191	P	0.00000	1	0.00000	0
192	D	0.00000	1	0.00000	0
193	D	0.00000	0.99998	0.00002	0
194	V	0.00000	0.99608	0.00392	0
195	L	0.00000	0.90752	0.09248	0
196	W	0.00000	0.89873	0.10127	0
197	Y	0.00000	0.77926	0.22074	0
198	T	0.00000	0.73703	0.26297	0
199	L	0.00000	0.25814	0.74186	0
200	Y	0.00000	0.11391	0.88609	0
201	L	0.00000	0.07257	0.92743	0
202	T	0.00000	0.06374	0.93626	0
203	I	0.00000	0.05366	0.94634	0
204	T	0.00000	0.00771	0.99229	0
205	T	0.00000	0.00756	0.99244	0
206	F	0.00000	0	1.00000	0
207	F	0.00000	0	1.00000	0
208	F	0.00000	0	1.00000	0
209	P	0.00000	0	1.00000	0
210	L	0.00000	0	1.00000	0
211	P	0.00000	0	1.00000	0
212	L	0.00000	0	1.00000	0
213	I	0.00000	0	1.00000	0
214	L	0.00000	0	1.00000	0
215	V	0.00000	0	1.00000	0
216	C	0.00000	0	1.00000	0
217	Y	0.00001	0	0.99999	0
218	I	0.00020	0	0.99980	0
219	L	0.00161	0	0.99839	0
220	I	0.00793	0	0.99207	0
221	L	0.03368	0	0.96632	0
222	C	0.13674	0	0.86326	0
223	Y	0.20956	0	0.79044	0
224	T	0.51785	0	0.48215	0
225	W	0.58269	0	0.41731	0
226	E	0.97021	0	0.02979	0
227	M	0.97737	0	0.02263	0
228	Y	0.98632	0	0.01368	0
229	Q	0.99950	0	0.00050	0
230	Q	0.99999	0	0.00001	0
231	N	1.00000	0	0.00000	0
232	K	1.00000	0	0.00000	0
233	D	1.00000	0	0.00000	0
234	A	1.00000	0	0.00000	0
235	R	1.00000	0	0.00000	0
236	C	1.00000	0	0.00000	0
237	C	1.00000	0	0.00000	0
238	N	1.00000	0	0.00000	0
239	P	1.00000	0	0.00000	0
240	S	1.00000	0	0.00000	0
241	V	1.00000	0	0.00000	0
242	P	1.00000	0	0.00000	0
243	K	1.00000	0	0.00000	0
244	Q	1.00000	0	0.00000	0
245	R	0.99774	0	0.00226	0
246	V	0.92699	0	0.07301	0
247	M	0.44422	0	0.55578	0
248	K	0.19620	0	0.80380	0
249	L	0.18865	0	0.81135	0
250	T	0.11036	0	0.88964	0
251	K	0.10935	0	0.89065	0
252	M	0.01848	0	0.98152	0
253	V	0.00250	0	0.99750	0
254	L	0.00002	0	0.99998	0
255	V	0.00000	0	1.00000	0
256	L	0.00000	0	1.00000	0
257	V	0.00000	0	1.00000	0
258	V	0.00000	0	1.00000	0
259	V	0.00000	0	1.00000	0
260	F	0.00000	0	1.00000	0
261	I	0.00000	0	1.00000	0
262	L	0.00000	0	1.00000	0
263	S	0.00000	0	1.00000	0
264	A	0.00000	0	1.00000	0
265	A	0.00000	9e-05	0.99991	0
266	P	0.00000	0.00313	0.99687	0
267	Y	0.00000	0.01118	0.98882	0
268	H	0.00000	0.04686	0.95314	0
269	V	0.00000	0.08929	0.91071	0
270	I	0.00000	0.21225	0.78775	0
271	Q	0.00000	0.57968	0.42032	0
272	L	0.00000	0.71745	0.28255	0
273	V	0.00000	0.90361	0.09639	0
274	N	0.00000	0.94594	0.05406	0
275	L	0.00000	0.95296	0.04704	0
276	Q	0.00000	0.98852	0.01148	0
277	M	0.00000	0.99074	0.00926	0
278	E	0.00000	0.99955	0.00045	0
279	Q	0.00000	0.99967	0.00033	0
280	P	0.00000	0.99883	0.00117	0
281	T	0.00000	0.96493	0.03507	0
282	L	0.00000	0.59517	0.40483	0
283	A	0.00000	0.56763	0.43237	0
284	F	0.00000	0.50681	0.49319	0
285	Y	0.00000	0.45013	0.54987	0
286	V	0.00000	0.19498	0.80502	0
287	G	0.00000	0.18373	0.81627	0
288	Y	0.00000	0.05565	0.94435	0
289	Y	0.00000	0.02769	0.97231	0
290	L	0.00000	0.00105	0.99895	0
291	S	0.00000	0.00083	0.99917	0
292	I	0.00000	8e-05	0.99991	0
293	C	0.00002	1e-05	0.99997	0
294	L	0.00005	0	0.99995	0
295	S	0.00010	0	0.99990	0
296	Y	0.00012	0	0.99988	0
297	A	0.00020	0	0.99980	0
298	S	0.00021	0	0.99979	0
299	S	0.00022	0	0.99978	0
300	S	0.00023	0	0.99977	0
301	I	0.00027	0	0.99973	0
302	N	0.00051	0	0.99949	0
303	P	0.00128	0	0.99872	0
304	F	0.00196	0	0.99804	0
305	L	0.00691	0	0.99309	0
306	Y	0.03545	0	0.96455	0
307	I	0.05195	0	0.94805	0
308	L	0.17937	0	0.82063	0
309	L	0.74998	0	0.25002	0
310	S	0.96420	0	0.03580	0
311	G	0.99186	0	0.00814	0
312	N	0.99650	0	0.00350	0
313	F	0.99844	0	0.00156	0
314	Q	0.99996	0	0.00004	0
315	K	1.00000	0	0.00000	0
316	R	1.00000	0	0.00000	0
317	L	1.00000	0	0.00000	0
318	P	1.00000	0	0.00000	0
319	Q	1.00000	0	0.00000	0
320	I	1.00000	0	0.00000	0
321	Q	1.00000	0	0.00000	0
322	R	1.00000	0	0.00000	0
323	R	1.00000	0	0.00000	0
324	A	1.00000	0	0.00000	0
325	T	1.00000	0	0.00000	0
326	E	1.00000	0	0.00000	0
327	K	1.00000	0	0.00000	0
328	E	1.00000	0	0.00000	0
329	I	1.00000	0	0.00000	0
330	N	1.00000	0	0.00000	0
331	N	1.00000	0	0.00000	0
332	M	1.00000	0	0.00000	0
333	G	1.00000	0	0.00000	0
334	N	1.00000	0	0.00000	0
335	T	1.00000	0	0.00000	0
336	L	1.00000	0	0.00000	0
337	K	1.00000	0	0.00000	0
338	S	1.00000	0	0.00000	0
339	H	1.00000	0	0.00000	0
340	F	1.00000	0	0.00000	0
