# UNNAMED
#pos	aa	i	o	M	S
1	M	0.00000	1	0.00000	0
2	Q	0.00000	1	0.00000	0
3	S	0.00000	1	0.00000	0
4	G	0.00000	0.50039	0.49961	0
5	T	0.00000	0.07374	0.92626	0
6	H	0.00000	0.0045	0.99550	0
7	W	0.00000	8e-05	0.99992	0
8	R	0.00000	6e-05	0.99994	0
9	V	0.00000	1e-05	0.99999	0
10	L	0.00000	0	1.00000	0
11	G	0.00000	0	1.00000	0
12	L	0.00000	0	1.00000	0
13	C	0.00000	0	1.00000	0
14	L	0.00000	0	1.00000	0
15	L	0.00000	0	1.00000	0
16	S	0.00000	0	1.00000	0
17	V	0.00000	0	1.00000	0
18	G	0.00000	0	1.00000	0
19	V	0.00000	0	1.00000	0
20	W	0.00000	0	1.00000	0
21	G	0.00017	0	0.99983	0
22	Q	0.17397	0	0.82603	0
23	D	0.42117	0	0.57883	0
24	G	0.60263	0	0.39737	0
25	N	0.99718	0	0.00282	0
26	E	0.99925	0	0.00075	0
27	E	0.99977	0	0.00023	0
28	M	0.99980	0	0.00020	0
29	G	0.99982	0	0.00018	0
30	G	0.99984	0	0.00016	0
31	I	0.99985	0	0.00015	0
32	T	0.99993	0	0.00007	0
33	Q	0.99993	0	0.00007	0
34	T	0.99993	0	0.00007	0
35	P	0.99992	0	0.00008	0
36	Y	0.00593	0	0.99407	0
37	K	0.00022	0	0.99978	0
38	V	0.00000	0	1.00000	0
39	S	0.00000	0	1.00000	0
40	I	0.00000	0	1.00000	0
41	S	0.00000	0	1.00000	0
42	G	0.00000	0	1.00000	0
43	T	0.00000	0	1.00000	0
44	T	0.00000	0	1.00000	0
45	V	0.00000	0	1.00000	0
46	I	0.00000	0	1.00000	0
47	L	0.00000	3e-05	0.99997	0
48	T	0.00000	4e-05	0.99996	0
49	C	0.00000	6e-05	0.99994	0
50	P	0.00000	7e-05	0.99993	0
51	Q	0.00000	7e-05	0.99993	0
52	Y	0.00000	7e-05	0.99993	0
53	P	0.00000	7e-05	0.99993	0
54	G	0.00000	0.00077	0.99923	0
55	S	0.00000	1	0.00000	0
56	E	0.00000	1	0.00000	0
57	I	0.00000	0.99998	0.00002	0
58	L	0.00000	0.99998	0.00002	0
59	W	0.00000	0.99998	0.00002	0
60	Q	0.00000	0.99997	0.00003	0
61	H	0.00000	0.99997	0.00003	0
62	N	0.00000	0.99997	0.00003	0
63	D	0.00000	0.99997	0.00003	0
64	K	0.00000	0.99997	0.00003	0
65	N	0.00000	0	1.00000	0
66	I	0.00000	0	1.00000	0
67	G	0.00000	0	1.00000	0
68	G	0.00000	0	1.00000	0
69	D	0.00000	0	1.00000	0
70	E	0.00000	0	1.00000	0
71	D	0.00000	0	1.00000	0
72	D	0.00000	0	1.00000	0
73	K	0.00000	0	1.00000	0
74	N	0.00001	0	0.99999	0
75	I	0.00002	0	0.99998	0
76	G	0.00002	0	0.99998	0
77	S	0.00002	0	0.99998	0
78	D	0.00002	0	0.99998	0
79	E	0.00002	0	0.99998	0
80	D	0.00002	0	0.99998	0
81	H	0.00003	0	0.99997	0
82	L	0.00026	0	0.99974	0
83	S	0.98806	0	0.01194	0
84	L	0.99984	0	0.00016	0
85	K	1.00000	0	0.00000	0
86	E	1.00000	0	0.00000	0
87	F	1.00000	0	0.00000	0
88	S	1.00000	0	0.00000	0
89	E	1.00000	0	0.00000	0
90	L	1.00000	0	0.00000	0
91	E	1.00000	0	0.00000	0
92	Q	1.00000	0	0.00000	0
93	S	0.99999	0	0.00001	0
94	G	0.98668	0	0.01332	0
95	Y	0.18597	0	0.81403	0
96	Y	0.16568	0	0.83432	0
97	V	0.00150	0	0.99850	0
98	C	0.00000	0	1.00000	0
99	Y	0.00000	0	1.00000	0
100	P	0.00000	0	1.00000	0
101	R	0.00000	0	1.00000	0
102	G	0.00000	0	1.00000	0
103	S	0.00000	0	1.00000	0
104	K	0.00000	0	1.00000	0
105	P	0.00000	0	1.00000	0
106	E	0.00000	0	1.00000	0
107	D	0.00000	0	1.00000	0
108	A	0.00000	0	1.00000	0
109	N	0.00000	0	1.00000	0
110	F	0.00000	0	1.00000	0
111	Y	0.00000	0	1.00000	0
112	L	0.00000	0	1.00000	0
113	Y	0.00000	0.0016	0.99840	0
114	L	0.00000	0.05432	0.94568	0
115	R	0.00000	0.83414	0.16586	0
116	A	0.00000	0.88391	0.11609	0
117	R	0.00000	0.9922	0.00780	0
118	V	0.00000	0.99816	0.00184	0
119	C	0.00000	0.99997	0.00003	0
120	E	0.00000	1	0.00000	0
121	N	0.00000	1	0.00000	0
122	C	0.00000	1	0.00000	0
123	M	0.00000	1	0.00000	0
124	E	0.00000	1	0.00000	0
125	M	0.00000	1	0.00000	0
126	D	0.00000	0.99998	0.00002	0
127	V	0.00000	0.48372	0.51628	0
128	M	0.00000	0.35391	0.64609	0
129	S	0.00000	0.23491	0.76509	0
130	V	0.00000	0.19771	0.80229	0
131	A	0.00000	0.18334	0.81666	0
132	T	0.00000	0	1.00000	0
133	I	0.00000	0	1.00000	0
134	V	0.00000	0	1.00000	0
135	I	0.00000	0	1.00000	0
136	V	0.00000	0	1.00000	0
137	D	0.00000	0	1.00000	0
138	I	0.00000	0	1.00000	0
139	C	0.00000	0	1.00000	0
140	I	0.00000	0	1.00000	0
141	T	0.00000	0	1.00000	0
142	G	0.00000	0	1.00000	0
143	G	0.00000	0	1.00000	0
144	L	0.00000	0	1.00000	0
145	L	0.00000	0	1.00000	0
146	L	0.00001	0	0.99999	0
147	L	0.00369	0	0.99631	0
148	V	0.01228	0	0.98772	0
149	Y	0.03900	0	0.96100	0
150	Y	0.17602	0	0.82398	0
151	W	0.29882	0	0.70118	0
152	S	0.85485	0	0.14515	0
153	K	0.99977	0	0.00023	0
154	N	1.00000	0	0.00000	0
155	R	1.00000	0	0.00000	0
156	K	0.99642	0	0.00358	0
157	A	0.98859	0	0.01141	0
158	K	0.98063	0	0.01937	0
159	A	0.85128	0	0.14872	0
160	K	0.76725	0	0.23275	0
161	P	0.76446	0	0.23554	0
162	V	0.00758	0	0.99242	0
163	T	0.00449	0	0.99551	0
164	R	0.00026	0	0.99974	0
165	G	0.00006	0	0.99994	0
166	A	0.00003	0	0.99997	0
167	G	0.00000	0	1.00000	0
168	A	0.00000	0	1.00000	0
169	G	0.00000	0	1.00000	0
170	G	0.00000	0	1.00000	0
171	R	0.00000	0	1.00000	0
172	Q	0.00000	0	1.00000	0
173	R	0.00000	0	1.00000	0
174	G	0.00000	2e-05	0.99998	0
175	Q	0.00000	0.00101	0.99899	0
176	N	0.00000	0.02104	0.97896	0
177	K	0.00000	0.11891	0.88109	0
178	E	0.00000	0.22125	0.77875	0
179	R	0.00000	0.2238	0.77620	0
180	P	0.00000	0.26405	0.73595	0
181	P	0.00000	0.45081	0.54919	0
182	P	0.00000	0.7086	0.29140	0
183	V	0.00000	0.67151	0.32849	0
184	P	0.00000	0.62247	0.37753	0
185	N	0.00000	0.01269	0.98731	0
186	P	0.00000	0.00138	0.99862	0
187	D	0.00000	0.00039	0.99961	0
188	Y	0.00000	0	1.00000	0
189	E	0.00000	0	1.00000	0
190	P	0.00000	0	1.00000	0
191	I	0.00000	0	1.00000	0
192	R	0.00000	0	1.00000	0
193	K	0.00000	0	1.00000	0
194	G	0.00000	0	1.00000	0
195	Q	0.00000	0	1.00000	0
196	R	0.00000	0	1.00000	0
197	D	0.00000	0	1.00000	0
198	L	0.00000	0	1.00000	0
199	Y	0.00000	0	1.00000	0
200	S	0.00000	0	1.00000	0
201	G	0.00000	0	1.00000	0
202	L	0.00970	0	0.99030	0
203	N	0.27877	0	0.72123	0
204	Q	0.94249	0	0.05751	0
205	R	1.00000	0	0.00000	0
206	R	1.00000	0	0.00000	0
207	I	1.00000	0	0.00000	0
