# UNNAMED
#pos	aa	i	o	M	S
1	M	0.00000	0.81851	0.00000	0.18149
2	A	0.00000	0.81851	0.00000	0.18149
3	M	0.00000	0.81851	0.00000	0.18149
4	A	0.00000	0.81851	0.00000	0.18149
5	Q	0.00000	0.81851	0.00000	0.18149
6	K	0.00000	0.81851	0.00000	0.1815
7	L	0.00000	0.81851	0.00000	0.18149
8	S	0.00000	0.81851	0.00000	0.1815
9	H	0.00000	0.81851	0.00000	0.1815
10	L	0.00000	0.81851	0.00000	0.18149
11	L	0.00000	0.81851	0.00000	0.18149
12	P	0.00000	0.81851	0.00000	0.18149
13	S	0.00000	0.81851	0.00000	0.18149
14	L	0.00000	0.81851	0.00000	0.18149
15	R	0.00000	0.81851	0.00000	0.18149
16	Q	0.00000	0.81851	0.00000	0.18149
17	V	0.00000	0.83467	0.00000	0.16533
18	I	0.00000	0.83467	0.00000	0.16533
19	Q	0.00000	0.83467	0.00000	0.16533
20	E	0.00000	0.95582	0.00000	0.04417
21	P	0.00000	0.95582	0.00000	0.04418
22	Q	0.00000	0.95582	0.00000	0.04418
23	L	0.00000	0.95582	0.00000	0.04418
24	S	0.00000	0.95583	0.00000	0.04417
25	L	0.00000	0.95586	0.00000	0.04414
26	Q	0.00000	0.99968	0.00000	0.00032
27	P	0.00000	0.99968	0.00000	0.00032
28	E	0.00000	0.99968	0.00000	0.00031
29	P	0.00000	0.99969	0.00000	0.00031
30	V	0.00000	0.99969	0.00000	0.00031
31	F	0.00000	0.99969	0.00000	0.00031
32	T	0.00000	0.99969	0.00000	0.00031
33	V	0.00000	1	0.00000	0
34	D	0.00000	1	0.00000	0
35	R	0.00000	1	0.00000	0
36	A	0.00000	1	0.00000	0
37	E	0.00000	1	0.00000	0
38	V	0.00000	1	0.00000	0
39	P	0.00000	1	0.00000	0
40	P	0.00000	1	0.00000	0
41	L	0.00000	1	0.00000	0
42	F	0.00000	1	0.00000	0
43	W	0.00000	1	0.00000	0
44	K	0.00000	1	0.00000	0
45	P	0.00000	1	0.00000	0
46	Y	0.00000	1	0.00000	0
47	I	0.00000	1	0.00000	0
48	Y	0.00000	1	0.00000	0
49	A	0.00000	1	0.00000	0
50	G	0.00000	1	0.00000	0
51	Y	0.00000	1	0.00000	0
52	R	0.00000	1	0.00000	0
53	P	0.00000	1	0.00000	0
54	L	0.00000	1	0.00000	0
55	H	0.00000	1	0.00000	0
56	Q	0.00000	1	0.00000	0
57	T	0.00000	1	0.00000	0
58	W	0.00000	1	0.00000	0
59	R	0.00000	1	0.00000	0
60	F	0.00000	1	0.00000	0
61	Y	0.00000	1	0.00000	0
62	F	0.00000	1	0.00000	0
63	R	0.00000	1	0.00000	0
64	T	0.00000	1	0.00000	0
65	L	0.00000	0.99997	0.00003	0
66	F	0.00000	0.99997	0.00003	0
67	Q	0.00000	0.99997	0.00003	0
68	Q	0.00000	0.99997	0.00003	0
69	H	0.00000	0.99996	0.00004	0
70	N	0.00000	0.99996	0.00004	0
71	E	0.00000	0.99993	0.00007	0
72	A	0.00000	0.95639	0.04361	0
73	V	0.00000	0.92095	0.07905	0
74	N	0.00000	0.79955	0.20045	0
75	V	0.00000	0.09055	0.90945	0
76	W	0.00000	0.01176	0.98824	0
77	T	0.00000	0.00455	0.99545	0
78	H	0.00000	0.00198	0.99802	0
79	L	0.00000	0.00061	0.99939	0
80	L	0.00000	0.00015	0.99985	0
81	A	0.00000	9e-05	0.99991	0
82	A	0.00000	9e-05	0.99991	0
83	L	0.00000	9e-05	0.99991	0
84	V	0.00000	9e-05	0.99991	0
85	L	0.00000	9e-05	0.99991	0
86	L	0.00000	9e-05	0.99991	0
87	L	0.00000	9e-05	0.99991	0
88	R	0.00000	9e-05	0.99991	0
89	L	0.00000	9e-05	0.99991	0
90	A	0.00000	9e-05	0.99991	0
91	L	0.00001	9e-05	0.99990	0
92	F	0.00093	9e-05	0.99899	0
93	V	0.11825	9e-05	0.88167	0
94	E	0.38642	9e-05	0.61350	0
95	T	0.46526	9e-05	0.53466	0
96	V	0.53445	9e-05	0.46546	0
97	D	0.91425	9e-05	0.08567	0
98	F	0.91790	9e-05	0.08202	0
99	W	0.93203	9e-05	0.06789	0
100	G	0.98628	9e-05	0.01363	0
101	D	0.99989	9e-05	0.00003	0
102	P	0.99991	8e-05	0.00000	0
103	H	0.99991	8e-05	0.00001	0
104	A	0.99990	7e-05	0.00003	0
105	L	0.99988	5e-05	0.00007	0
106	P	0.99987	4e-05	0.00009	0
107	L	0.10889	1e-05	0.89111	0
108	F	0.00060	0	0.99940	0
109	I	0.00000	0	1.00000	0
110	I	0.00000	0	1.00000	0
111	V	0.00000	0	1.00000	0
112	L	0.00000	0	1.00000	0
113	A	0.00000	0	1.00000	0
114	S	0.00000	0	1.00000	0
115	F	0.00000	0	1.00000	0
116	T	0.00000	0	1.00000	0
117	Y	0.00000	0	1.00000	0
118	L	0.00000	0	1.00000	0
119	S	0.00000	0	1.00000	0
120	F	0.00000	0	1.00000	0
121	S	0.00000	0	1.00000	0
122	A	0.00000	0	1.00000	0
123	L	0.00000	0	1.00000	0
124	A	0.00000	6e-05	0.99994	0
125	H	0.00001	0.04411	0.95588	0
126	L	0.00001	0.04815	0.95184	0
127	L	0.00003	0.18011	0.81986	0
128	Q	0.00008	0.86428	0.13563	0
129	A	0.00009	0.96917	0.03074	0
130	K	0.00009	0.99754	0.00237	0
131	S	0.00009	0.99982	0.00009	0
132	E	0.00008	0.99991	0.00001	0
133	F	0.00005	0.99991	0.00003	0
134	W	0.00004	0.99991	0.00004	0
135	H	0.00002	0.99982	0.00016	0
136	Y	0.00001	0.99966	0.00033	0
137	S	0.00000	0.99943	0.00056	0
138	F	0.00000	0.45621	0.54379	0
139	F	0.00000	0.11876	0.88124	0
140	F	0.00000	0.01208	0.98792	0
141	L	0.00000	0.0028	0.99720	0
142	D	0.00000	0.00122	0.99878	0
143	Y	0.00000	0.00045	0.99955	0
144	V	0.00000	6e-05	0.99994	0
145	G	0.00000	1e-05	0.99999	0
146	V	0.00000	1e-05	0.99999	0
147	A	0.00000	1e-05	0.99999	0
148	V	0.00000	1e-05	0.99999	0
149	Y	0.00000	1e-05	0.99999	0
150	Q	0.00000	1e-05	0.99999	0
151	F	0.00000	1e-05	0.99999	0
152	G	0.00000	1e-05	0.99999	0
153	S	0.00000	3e-05	0.99996	0
154	A	0.00002	4e-05	0.99994	0
155	L	0.00004	6e-05	0.99990	0
156	A	0.00010	8e-05	0.99982	0
157	H	0.00204	9e-05	0.99787	0
158	F	0.32026	9e-05	0.67965	0
159	Y	0.61486	9e-05	0.38505	0
160	Y	0.70652	9e-05	0.29339	0
161	A	0.98160	9e-05	0.01831	0
162	I	0.99666	9e-05	0.00325	0
163	E	0.99697	9e-05	0.00294	0
164	P	0.99991	9e-05	0.00000	0
165	A	0.99991	9e-05	0.00000	0
166	W	0.99991	9e-05	0.00001	0
167	H	0.99991	6e-05	0.00003	0
168	A	0.99991	5e-05	0.00004	0
169	Q	0.99968	4e-05	0.00028	0
170	V	0.91304	1e-05	0.08695	0
171	Q	0.83011	0	0.16989	0
172	A	0.53913	0	0.46087	0
173	V	0.29286	0	0.70714	0
174	F	0.12838	0	0.87162	0
175	L	0.07152	0	0.92848	0
176	P	0.05504	0	0.94496	0
177	M	0.00509	0	0.99491	0
178	A	0.00177	0	0.99823	0
179	A	0.00119	0	0.99881	0
180	F	0.00010	0	0.99990	0
181	L	0.00001	0	0.99999	0
182	A	0.00000	0	1.00000	0
183	W	0.00000	0	1.00000	0
184	L	0.00000	0	1.00000	0
185	S	0.00000	0	1.00000	0
186	C	0.00000	0	1.00000	0
187	I	0.00001	0	0.99999	0
188	G	0.00002	4e-05	0.99993	0
189	S	0.00003	0.00196	0.99802	0
190	C	0.00004	0.01446	0.98551	0
191	Y	0.00006	0.02335	0.97659	0
192	N	0.00009	0.36955	0.63036	0
193	K	0.00009	0.52416	0.47575	0
194	Y	0.00009	0.53222	0.46768	0
195	I	0.00009	0.54744	0.45247	0
196	Q	0.00009	0.96429	0.03562	0
197	K	0.00009	0.99661	0.00330	0
198	P	0.00009	0.99765	0.00226	0
199	G	0.00009	0.99819	0.00172	0
200	L	0.00008	0.99827	0.00164	0
201	L	0.00008	0.99883	0.00109	0
202	G	0.00008	0.99978	0.00014	0
203	R	0.00007	0.9999	0.00002	0
204	T	0.00001	0.9999	0.00009	0
205	C	0.00000	0.9999	0.00009	0
206	Q	0.00000	0.9999	0.00010	0
207	E	0.00000	0.9999	0.00010	0
208	V	0.00000	0.9999	0.00010	0
209	P	0.00000	0.9999	0.00010	0
210	S	0.00000	0.9999	0.00010	0
211	V	0.00000	0.9999	0.00010	0
212	L	0.00000	0.9999	0.00010	0
213	A	0.00000	0.9999	0.00010	0
214	Y	0.00000	0.9999	0.00010	0
215	A	0.00000	0.9999	0.00010	0
216	L	0.00000	0.9999	0.00010	0
217	D	0.00000	0.9999	0.00010	0
218	I	0.00000	0.9999	0.00010	0
219	S	0.00000	0.9999	0.00010	0
220	P	0.00000	0.9999	0.00010	0
221	V	0.00000	0.99991	0.00009	0
222	V	0.00000	0.99991	0.00009	0
223	H	0.00000	0.99994	0.00006	0
224	R	0.00000	0.99999	0.00001	0
225	I	0.00000	0.99999	0.00001	0
226	F	0.00000	0.99999	0.00001	0
227	V	0.00000	0.99999	0.00001	0
228	S	0.00001	0.99999	0.00000	0
229	S	0.00001	0.99999	0.00000	0
230	D	0.00001	0.99999	0.00000	0
231	P	0.00001	0.99999	0.00000	0
232	T	0.00001	0.99999	0.00000	0
233	T	0.00001	0.99999	0.00000	0
234	D	0.00001	0.99999	0.00000	0
235	D	0.00001	0.99999	0.00000	0
236	P	0.00001	0.98881	0.01118	0
237	A	0.00001	0.0007	0.99930	0
238	L	0.00001	1e-05	0.99998	0
239	L	0.00000	1e-05	0.99999	0
240	Y	0.00000	1e-05	0.99999	0
241	H	0.00000	1e-05	0.99999	0
242	K	0.00000	1e-05	0.99999	0
243	C	0.00000	0	1.00000	0
244	Q	0.00000	0	1.00000	0
245	V	0.00000	0	1.00000	0
246	V	0.00000	0	1.00000	0
247	F	0.00000	0	1.00000	0
248	F	0.00000	0	1.00000	0
249	L	0.00000	0	1.00000	0
250	L	0.00000	0	1.00000	0
251	A	0.00000	0	1.00000	0
252	A	0.00000	0	1.00000	0
253	A	0.00000	0	1.00000	0
254	F	0.00000	0	1.00000	0
255	F	0.00000	0	1.00000	0
256	S	0.00007	0	0.99993	0
257	T	0.00111	0	0.99889	0
258	F	0.00723	0	0.99277	0
259	M	0.27282	0	0.72718	0
260	P	0.94897	1e-05	0.05102	0
261	E	0.99688	1e-05	0.00311	0
262	R	0.99899	1e-05	0.00100	0
263	W	0.99908	1e-05	0.00091	0
264	F	0.99941	1e-05	0.00058	0
265	P	0.99994	1e-05	0.00006	0
266	G	0.99998	1e-05	0.00001	0
267	S	0.99999	0	0.00001	0
268	C	0.99932	0	0.00067	0
269	H	0.99895	0	0.00104	0
270	V	0.71438	0	0.28562	0
271	F	0.59531	0	0.40469	0
272	G	0.59527	0	0.40472	0
273	Q	0.59482	0	0.40518	0
274	G	0.08272	0	0.91728	0
275	H	0.08208	0	0.91791	0
276	Q	0.03472	0	0.96528	0
277	L	0.02632	0	0.97367	0
278	F	0.02018	0	0.97982	0
279	H	0.02017	0	0.97982	0
280	I	0.00020	0	0.99980	0
281	F	0.00001	0	0.99999	0
282	L	0.00001	0	0.99999	0
283	V	0.00001	0	0.99999	0
284	L	0.00000	0	1.00000	0
285	C	0.00000	0	0.99999	0
286	T	0.00000	0	0.99999	0
287	L	0.00000	0	0.99999	0
288	A	0.00000	1e-05	0.99999	0
289	Q	0.00000	0.00018	0.99982	0
290	L	0.00000	0.0005	0.99949	0
291	E	0.00000	0.0669	0.93310	0
292	A	0.00000	0.0728	0.92720	0
293	V	0.00000	0.09759	0.90240	0
294	A	0.00000	0.15836	0.84163	0
295	L	0.00000	0.26103	0.73897	0
296	D	0.00000	0.97092	0.02908	0
297	Y	0.00000	0.97304	0.02696	0
298	E	0.00000	0.97775	0.02225	0
299	A	0.00000	0.97891	0.02108	0
300	R	0.00000	0.99451	0.00549	0
301	R	0.00000	0.99781	0.00219	0
302	P	0.00000	0.99912	0.00088	0
303	I	0.00000	0.99924	0.00075	0
304	Y	0.00000	0.99966	0.00033	0
305	E	0.00000	0.99989	0.00011	0
306	P	0.00000	0.99974	0.00025	0
307	L	0.00000	0.68343	0.31657	0
308	H	0.00000	0.66522	0.33477	0
309	T	0.00000	0.60334	0.39666	0
310	H	0.00000	0.50303	0.49697	0
311	W	0.00000	0.17163	0.82836	0
312	P	0.00000	0.1579	0.84210	0
313	H	0.00000	0.15011	0.84989	0
314	N	0.00000	0.13131	0.86869	0
315	F	0.00000	0.1129	0.88709	0
316	S	0.00000	0.10877	0.89122	0
317	G	0.00000	0.08836	0.91164	0
318	L	0.00000	0.00494	0.99506	0
319	F	0.00000	1e-05	0.99999	0
320	L	0.00000	0	1.00000	0
321	L	0.00000	0	1.00000	0
322	T	0.00001	0	0.99999	0
323	V	0.00001	0	0.99999	0
324	G	0.00002	0	0.99998	0
325	S	0.00005	0	0.99995	0
326	S	0.00043	0	0.99957	0
327	I	0.00211	0	0.99789	0
328	L	0.01100	0	0.98900	0
329	T	0.02089	0	0.97911	0
330	A	0.04605	0	0.95395	0
331	F	0.06150	0	0.93850	0
332	L	0.39642	0	0.60358	0
333	L	0.62600	0	0.37400	0
334	S	0.79327	0	0.20673	0
335	Q	0.87097	0	0.12903	0
336	L	0.87939	0	0.12061	0
337	V	0.89465	0	0.10535	0
338	Q	0.99293	0	0.00707	0
339	R	1.00000	0	0.00000	0
340	K	1.00000	0	0.00000	0
341	L	1.00000	0	0.00000	0
342	D	1.00000	0	0.00000	0
343	Q	1.00000	0	0.00000	0
344	K	1.00000	0	0.00000	0
345	T	1.00000	0	0.00000	0
346	K	1.00000	0	0.00000	0
