# UNNAMED
#pos	aa	i	o	M	S
1	M	0.00000	0.17264	0.00000	0.82736
2	G	0.00000	0.17264	0.00000	0.82736
3	L	0.00000	0.17264	0.00000	0.82736
4	S	0.00000	0.17264	0.00000	0.82736
5	T	0.00000	0.17264	0.00000	0.82735
6	V	0.00000	0.17264	0.00000	0.82735
7	P	0.00000	0.17264	0.00000	0.82735
8	D	0.00000	0.17264	0.00000	0.82735
9	L	0.00000	0.13145	0.04120	0.82736
10	L	0.00000	0.0851	0.08755	0.82736
11	L	0.00000	0.05772	0.11493	0.82735
12	P	0.00000	0.04345	0.12920	0.82736
13	L	0.00000	0.03107	0.14158	0.82736
14	V	0.00000	0.02655	0.14609	0.82735
15	L	0.00000	0.02584	0.14680	0.82735
16	L	0.00000	0.02563	0.14701	0.82735
17	E	0.00000	0.02562	0.14703	0.82735
18	L	0.00000	0.02553	0.14712	0.82735
19	L	0.00000	0.02528	0.14736	0.82736
20	V	0.00000	0.02524	0.14740	0.82736
21	G	0.00000	0.02524	0.14740	0.82735
22	I	0.00000	0.02525	0.14740	0.82735
23	Y	0.00000	0.02526	0.14740	0.82734
24	P	0.00000	0.02526	0.14740	0.82734
25	S	0.00000	0.02532	0.14740	0.82728
26	G	0.00000	0.02544	0.14740	0.82716
27	V	0.00000	0.02624	0.14740	0.82636
28	I	0.00000	0.02672	0.14740	0.82588
29	G	0.00000	0.02672	0.14740	0.82588
30	L	0.00001	0.70903	0.14740	0.14356
31	V	0.00049	0.8526	0.14692	0
32	P	0.03014	0.8526	0.11727	0
33	H	0.03346	0.8526	0.11394	0
34	L	0.03659	0.8526	0.11081	0
35	G	0.10254	0.8526	0.04486	0
36	D	0.14600	0.8526	0.00141	0
37	R	0.14696	0.8526	0.00044	0
38	E	0.14739	0.8526	0.00001	0
39	K	0.14740	0.8526	0.00000	0
40	R	0.14740	0.8526	0.00000	0
41	D	0.14740	0.8526	0.00000	0
42	S	0.14740	0.8526	0.00000	0
43	V	0.14740	0.8526	0.00000	0
44	C	0.14740	0.8526	0.00000	0
45	P	0.14740	0.8526	0.00000	0
46	Q	0.14572	0.8526	0.00168	0
47	G	0.02132	0.8526	0.12608	0
48	K	0.02102	0.8526	0.12638	0
49	Y	0.01596	0.8526	0.13145	0
50	I	0.01454	0.8526	0.13286	0
51	H	0.01452	0.8526	0.13288	0
52	P	0.01452	0.8526	0.13288	0
53	Q	0.00593	0.8526	0.14147	0
54	N	0.00034	0.8526	0.14706	0
55	N	0.00001	0.8526	0.14739	0
56	S	0.00000	0.8526	0.14740	0
57	I	0.00000	0.8526	0.14740	0
58	C	0.00000	0.8526	0.14740	0
59	C	0.00000	0.8526	0.14740	0
60	T	0.00000	0.8526	0.14740	0
61	K	0.00000	0.8526	0.14740	0
62	C	0.00000	0.8526	0.14740	0
63	H	0.00000	0.8526	0.14740	0
64	K	0.00000	0.8526	0.14740	0
65	G	0.00000	0.85261	0.14739	0
66	T	0.00000	0.85283	0.14717	0
67	Y	0.00000	0.85285	0.14715	0
68	L	0.00000	0.85791	0.14209	0
69	Y	0.00000	0.98298	0.01702	0
70	N	0.00000	0.9854	0.01460	0
71	D	0.00000	0.98558	0.01442	0
72	C	0.00000	0.98569	0.01431	0
73	P	0.00000	0.98569	0.01431	0
74	G	0.00000	0.9857	0.01430	0
75	P	0.00000	0.9857	0.01430	0
76	G	0.00000	0.98573	0.01427	0
77	Q	0.00000	0.98585	0.01415	0
78	D	0.00000	1	0.00000	0
79	T	0.00000	1	0.00000	0
80	D	0.00000	1	0.00000	0
81	C	0.00000	1	0.00000	0
82	R	0.00000	1	0.00000	0
83	E	0.00000	1	0.00000	0
84	C	0.00000	1	0.00000	0
85	E	0.00000	1	0.00000	0
86	S	0.00000	0.99999	0.00001	0
87	G	0.00000	0.99999	0.00001	0
88	S	0.00000	0.99999	0.00001	0
89	F	0.00000	0.99999	0.00001	0
90	T	0.00000	0.99999	0.00001	0
91	A	0.00000	0.99999	0.00001	0
92	S	0.00000	0.99999	0.00001	0
93	E	0.00000	0.99999	0.00001	0
94	N	0.00000	0.97478	0.02522	0
95	H	0.00000	0.9104	0.08960	0
96	L	0.00000	0.89919	0.10081	0
97	R	0.00000	0.89829	0.10171	0
98	H	0.00000	0.89818	0.10182	0
99	C	0.00000	0.89814	0.10186	0
100	L	0.00000	0.89782	0.10218	0
101	S	0.00000	0.89781	0.10218	0
102	C	0.00000	0.88613	0.11386	0
103	S	0.00000	0.85259	0.14741	0
104	K	0.00000	0.85256	0.14744	0
105	C	0.00000	0.852	0.14800	0
106	R	0.00000	0.85114	0.14885	0
107	K	0.00000	0.83039	0.16960	0
108	E	0.00000	0.59737	0.40262	0
109	M	0.00000	0.25996	0.74004	0
110	G	0.00000	0.00985	0.99015	0
111	Q	0.00001	0.00081	0.99918	0
112	V	0.00001	0.00017	0.99982	0
113	E	0.00001	0.00016	0.99982	0
114	I	0.00020	0.00014	0.99966	0
115	S	0.03848	0.00014	0.96138	0
116	S	0.08687	0.00014	0.91299	0
117	C	0.09250	0.00014	0.90736	0
118	T	0.09268	0.00014	0.90718	0
119	V	0.09269	0.00014	0.90716	0
120	D	0.09275	0.00014	0.90710	0
121	R	0.09303	0.00014	0.90683	0
122	D	0.09316	0.00014	0.90670	0
123	T	0.10934	0.00014	0.89052	0
124	V	0.14173	0.00014	0.85813	0
125	C	0.14775	0.00014	0.85210	0
126	G	0.20390	0.00014	0.79596	0
127	C	0.22251	0.00014	0.77735	0
128	R	0.75797	0.00014	0.24189	0
129	K	0.98160	0.00014	0.01826	0
130	N	0.99734	0.00014	0.00252	0
131	Q	0.99934	3e-05	0.00063	0
132	Y	0.99901	0	0.00098	0
133	R	0.99559	0	0.00441	0
134	H	0.91868	1e-05	0.08131	0
135	Y	0.76099	1e-05	0.23901	0
136	W	0.67507	1e-05	0.32492	0
137	S	0.59447	1e-05	0.40552	0
138	E	0.28610	1e-05	0.71390	0
139	N	0.02591	1e-05	0.97408	0
140	L	0.00030	0	0.99970	0
141	F	0.00000	0	0.99999	0
142	Q	0.00000	0	1.00000	0
143	C	0.00000	0	1.00000	0
144	F	0.00000	0	1.00000	0
145	N	0.00000	0	1.00000	0
146	C	0.00000	0	1.00000	0
147	S	0.00000	0	1.00000	0
148	L	0.00000	0	1.00000	0
149	C	0.00000	0	1.00000	0
150	L	0.00000	0	0.99999	0
151	N	0.00003	1e-05	0.99997	0
152	G	0.00009	3e-05	0.99987	0
153	T	0.00013	0.00015	0.99972	0
154	V	0.00014	0.00054	0.99932	0
155	H	0.00014	0.19341	0.80645	0
156	L	0.00014	0.2173	0.78256	0
157	S	0.00014	0.731	0.26886	0
158	C	0.00014	0.96555	0.03431	0
159	Q	0.00014	0.98309	0.01677	0
160	E	0.00014	0.99955	0.00031	0
161	K	0.00014	0.99986	0.00000	0
162	Q	0.00014	0.99986	0.00000	0
163	N	0.00014	0.99986	0.00000	0
164	T	0.00014	0.99986	0.00000	0
165	V	0.00003	0.99986	0.00011	0
166	C	0.00000	0.99986	0.00014	0
167	T	0.00000	0.99983	0.00017	0
168	C	0.00000	0.99949	0.00051	0
169	H	0.00000	0.9918	0.00819	0
170	A	0.00000	0.98863	0.01137	0
171	G	0.00000	0.14726	0.85274	0
172	F	0.00000	0.14726	0.85274	0
173	F	0.00000	0.14726	0.85274	0
174	L	0.00000	0.14726	0.85274	0
175	R	0.00000	0.14726	0.85274	0
176	E	0.00000	0.14726	0.85274	0
177	N	0.00000	0.14726	0.85274	0
178	E	0.00000	0.14726	0.85274	0
179	C	0.00000	0.14726	0.85274	0
180	V	0.00000	0.14726	0.85274	0
181	S	0.00000	0.14726	0.85274	0
182	C	0.00000	0.14726	0.85274	0
183	S	0.00000	0.14726	0.85274	0
184	N	0.00000	0.14727	0.85273	0
185	C	0.00000	0.14736	0.85264	0
186	K	0.00000	0.1474	0.85260	0
187	K	0.00000	0.1474	0.85260	0
188	S	0.00000	0.1474	0.85260	0
189	L	0.00000	0.1474	0.85260	0
190	E	0.00016	0.1474	0.85244	0
191	C	0.64039	0.1474	0.21221	0
192	T	0.83355	0.1474	0.01905	0
193	K	0.83760	0.1474	0.01500	0
194	L	0.83971	0.1474	0.01288	0
195	C	0.85248	0.1474	0.00011	0
196	L	0.85251	0.1474	0.00009	0
197	P	0.85260	0.1474	0.00000	0
198	Q	0.85260	0.1474	0.00000	0
199	I	0.85260	0.1474	0.00000	0
200	E	0.85260	0.1474	0.00000	0
201	N	0.85260	0.1474	0.00000	0
202	V	0.85260	0.1474	0.00000	0
203	K	0.85260	0.1474	0.00000	0
204	G	0.85260	0.1474	0.00000	0
205	T	0.85260	0.1474	0.00000	0
206	E	0.85259	0.1474	0.00000	0
207	D	0.85246	0.1474	0.00014	0
208	S	0.82708	0.14728	0.02563	0
209	G	0.72956	0.1469	0.12354	0
210	T	0.43270	0.0135	0.55380	0
211	T	0.37708	0.01219	0.61073	0
212	V	0.05198	0.00068	0.94734	0
213	L	0.00346	0.00011	0.99643	0
214	L	0.00019	5e-05	0.99976	0
215	P	0.00011	5e-05	0.99985	0
216	L	0.00000	0	1.00000	0
217	V	0.00000	0	1.00000	0
218	I	0.00000	0	1.00000	0
219	F	0.00000	0	1.00000	0
220	F	0.00000	0	1.00000	0
221	G	0.00000	0	1.00000	0
222	L	0.00000	0	1.00000	0
223	C	0.00000	0	1.00000	0
224	L	0.00000	0	1.00000	0
225	L	0.00000	0	1.00000	0
226	S	0.00000	0	1.00000	0
227	L	0.00000	0	1.00000	0
228	L	0.00000	1e-05	0.99999	0
229	F	0.00000	0.00234	0.99766	0
230	I	0.00000	0.02671	0.97329	0
231	G	0.00004	0.14225	0.85771	0
232	L	0.00054	0.18611	0.81335	0
233	M	0.00720	0.30662	0.68618	0
234	Y	0.01970	0.67841	0.30190	0
235	R	0.11643	0.84721	0.03635	0
236	Y	0.11981	0.85049	0.02971	0
237	Q	0.14712	0.85253	0.00035	0
238	R	0.14738	0.8526	0.00002	0
239	W	0.14739	0.8526	0.00001	0
240	K	0.14740	0.8526	0.00000	0
241	S	0.14740	0.8526	0.00000	0
242	K	0.14740	0.8526	0.00000	0
243	L	0.14740	0.8526	0.00000	0
244	Y	0.14740	0.8526	0.00000	0
245	S	0.14740	0.8526	0.00000	0
246	I	0.14740	0.8526	0.00000	0
247	V	0.14740	0.8526	0.00000	0
248	C	0.14740	0.8526	0.00000	0
249	G	0.14740	0.8526	0.00000	0
250	K	0.14740	0.8526	0.00000	0
251	S	0.14740	0.8526	0.00000	0
252	T	0.14740	0.8526	0.00000	0
253	P	0.14740	0.8526	0.00000	0
254	E	0.14740	0.8526	0.00000	0
255	K	0.14740	0.8526	0.00000	0
256	E	0.14740	0.8526	0.00000	0
257	G	0.14740	0.8526	0.00000	0
258	E	0.14740	0.8526	0.00000	0
259	L	0.14740	0.85259	0.00000	0
260	E	0.14740	0.85223	0.00037	0
261	G	0.04511	0.85108	0.10381	0
262	T	0.04489	0.85106	0.10406	0
263	T	0.03221	0.85076	0.11704	0
264	T	0.01988	0.84228	0.13784	0
265	K	0.01987	0.83954	0.14059	0
266	P	0.01985	0.64983	0.33032	0
267	L	0.01965	0.58821	0.39214	0
268	A	0.01965	0.58754	0.39280	0
269	P	0.01965	0.58029	0.40006	0
270	N	0.01961	0.528	0.45239	0
271	P	0.01942	0.51234	0.46824	0
272	S	0.01510	0.14334	0.84156	0
273	F	0.01304	0.04436	0.94260	0
274	S	0.01304	0.04417	0.94279	0
275	P	0.01299	0.04327	0.94374	0
276	T	0.01223	0.01747	0.97030	0
277	P	0.01219	0.01619	0.97162	0
278	G	0.01215	0.01591	0.97193	0
279	F	0.00019	0.0003	0.99951	0
280	T	0.00018	0.00174	0.99808	0
281	P	0.00010	0.00418	0.99573	0
282	T	0.00000	0.0045	0.99550	0
283	L	0.00000	0.00626	0.99373	0
284	G	0.00005	0.03817	0.96178	0
285	F	0.00009	0.046	0.95390	0
286	S	0.00135	0.08428	0.91437	0
287	P	0.01859	0.10836	0.87305	0
288	V	0.03012	0.09905	0.87083	0
289	P	0.17700	0.09836	0.72463	0
290	S	0.21222	0.05554	0.73224	0
291	S	0.22007	0.0408	0.73913	0
292	T	0.22298	0.03932	0.73770	0
293	F	0.23064	0.03949	0.72988	0
294	T	0.27621	0.04071	0.68308	0
295	S	0.55122	0.04285	0.40593	0
296	S	0.71686	0.04463	0.23850	0
297	S	0.78403	0.04589	0.17007	0
298	T	0.79760	0.04658	0.15582	0
299	Y	0.80034	0.04731	0.15236	0
300	T	0.82341	0.05002	0.12657	0
301	P	0.84226	0.05478	0.10295	0
302	G	0.84647	0.05796	0.09557	0
303	D	0.85422	0.05951	0.08627	0
304	C	0.85515	0.05951	0.08534	0
305	P	0.85569	0.05951	0.08480	0
306	N	0.85625	0.05951	0.08424	0
307	F	0.42615	0.05919	0.51467	0
308	A	0.33607	0.05437	0.60955	0
309	A	0.33928	0.04393	0.61679	0
310	P	0.34644	0.03783	0.61572	0
311	R	0.41678	0.02247	0.56075	0
312	R	0.41678	0.0187	0.56452	0
313	E	0.41678	0.01721	0.56601	0
314	V	0.32599	0.00833	0.66568	0
315	A	0.32375	0.00475	0.67150	0
316	P	0.32367	0.00446	0.67186	0
317	P	0.09156	0.00314	0.90531	0
318	Y	0.09155	0.0003	0.90814	0
319	Q	0.09155	0.00014	0.90831	0
320	G	0.09155	7e-05	0.90837	0
321	A	0.09155	4e-05	0.90841	0
322	D	0.09155	4e-05	0.90841	0
323	P	0.08848	4e-05	0.91148	0
324	I	0.08803	4e-05	0.91193	0
325	L	0.08793	4e-05	0.91203	0
326	A	0.08790	4e-05	0.91205	0
327	T	0.08799	0.00015	0.91186	0
328	A	0.08987	0.00109	0.90903	0
329	L	0.09586	0.01404	0.89009	0
330	A	0.10378	0.12211	0.77411	0
331	S	0.10962	0.43116	0.45922	0
332	D	0.11968	0.52754	0.35277	0
333	P	0.12289	0.52848	0.34863	0
334	I	0.12491	0.53047	0.34462	0
335	P	0.12797	0.56045	0.31159	0
336	N	0.13082	0.5761	0.29308	0
337	P	0.13470	0.58197	0.28333	0
338	L	0.13919	0.58953	0.27128	0
339	Q	0.14728	0.79539	0.05733	0
340	K	0.14737	0.8393	0.01333	0
341	W	0.14737	0.83021	0.02242	0
342	E	0.14737	0.82994	0.02269	0
343	D	0.14737	0.55431	0.29833	0
344	S	0.14737	0.29073	0.56190	0
345	A	0.14737	0.06882	0.78381	0
346	H	0.14737	0.06839	0.78424	0
347	K	0.14737	0.06685	0.78578	0
348	P	0.14737	0.06137	0.79126	0
349	Q	0.14737	0.02654	0.82609	0
350	S	0.14737	0.00695	0.84568	0
351	L	0.14737	5e-05	0.85259	0
352	D	0.14737	5e-05	0.85259	0
353	T	0.14737	5e-05	0.85259	0
354	D	0.14737	5e-05	0.85259	0
355	D	0.14737	5e-05	0.85259	0
356	P	0.14737	5e-05	0.85259	0
357	A	0.14736	5e-05	0.85259	0
358	T	0.14736	5e-05	0.85259	0
359	L	0.14737	5e-05	0.85259	0
360	Y	0.14739	5e-05	0.85256	0
361	A	0.14763	5e-05	0.85232	0
362	V	0.14834	5e-05	0.85162	0
363	V	0.17939	5e-05	0.82056	0
364	E	0.93019	5e-05	0.06976	0
365	N	0.93019	5e-05	0.06976	0
366	V	0.93019	5e-05	0.06976	0
367	P	0.93019	5e-05	0.06976	0
368	P	0.93019	5e-05	0.06976	0
369	L	0.93019	5e-05	0.06976	0
370	R	0.99995	5e-05	0.00000	0
371	W	0.99995	5e-05	0.00000	0
372	K	0.99995	5e-05	0.00000	0
373	E	0.99995	5e-05	0.00000	0
374	F	0.99995	5e-05	0.00000	0
375	V	0.99995	5e-05	0.00000	0
376	R	0.99995	5e-05	0.00000	0
377	R	0.99995	5e-05	0.00000	0
378	L	0.99995	5e-05	0.00000	0
379	G	0.99995	5e-05	0.00000	0
380	L	0.99995	5e-05	0.00000	0
381	S	0.99995	5e-05	0.00000	0
382	D	0.99995	5e-05	0.00000	0
383	H	0.99995	5e-05	0.00000	0
384	E	0.99995	5e-05	0.00000	0
385	I	0.99995	4e-05	0.00001	0
386	D	0.99995	4e-05	0.00001	0
387	R	0.99995	2e-05	0.00003	0
388	L	0.99995	0	0.00005	0
389	E	0.99995	0	0.00005	0
390	L	0.99995	0	0.00005	0
391	Q	0.99995	0	0.00005	0
392	N	0.99995	0	0.00005	0
393	G	0.99995	0	0.00005	0
394	R	0.99995	0	0.00005	0
395	C	0.99995	0	0.00005	0
396	L	0.99995	0	0.00005	0
397	R	0.99995	0	0.00005	0
398	E	0.99995	0	0.00005	0
399	A	0.99995	0	0.00005	0
400	Q	0.99995	0	0.00005	0
401	Y	0.99995	0	0.00005	0
402	S	0.99995	0	0.00005	0
403	M	0.99995	0	0.00005	0
404	L	0.99995	0	0.00005	0
405	A	0.99995	0	0.00005	0
406	T	0.99996	0	0.00004	0
407	W	0.99996	0	0.00004	0
408	R	1.00000	0	0.00000	0
409	R	1.00000	0	0.00000	0
410	R	1.00000	0	0.00000	0
411	T	1.00000	0	0.00000	0
412	P	1.00000	0	0.00000	0
413	R	1.00000	0	0.00000	0
414	R	1.00000	0	0.00000	0
415	E	1.00000	0	0.00000	0
416	A	1.00000	0	0.00000	0
417	T	1.00000	0	0.00000	0
418	L	1.00000	0	0.00000	0
419	E	1.00000	0	0.00000	0
420	L	1.00000	0	0.00000	0
421	L	1.00000	0	0.00000	0
422	G	1.00000	0	0.00000	0
423	R	1.00000	0	0.00000	0
424	V	1.00000	0	0.00000	0
425	L	1.00000	0	0.00000	0
426	R	1.00000	0	0.00000	0
427	D	1.00000	0	0.00000	0
428	M	1.00000	0	0.00000	0
429	D	1.00000	0	0.00000	0
430	L	1.00000	0	0.00000	0
431	L	1.00000	0	0.00000	0
432	G	1.00000	0	0.00000	0
433	C	1.00000	0	0.00000	0
434	L	1.00000	0	0.00000	0
435	E	1.00000	0	0.00000	0
436	D	1.00000	0	0.00000	0
437	I	1.00000	0	0.00000	0
438	E	1.00000	0	0.00000	0
439	E	1.00000	0	0.00000	0
440	A	1.00000	0	0.00000	0
441	L	1.00000	0	0.00000	0
442	C	1.00000	0	0.00000	0
443	G	1.00000	0	0.00000	0
444	P	1.00000	0	0.00000	0
445	A	1.00000	0	0.00000	0
446	A	1.00000	0	0.00000	0
447	L	1.00000	0	0.00000	0
448	P	1.00000	0	0.00000	0
449	P	1.00000	0	0.00000	0
450	A	1.00000	0	0.00000	0
451	P	1.00000	0	0.00000	0
452	S	1.00000	0	0.00000	0
453	L	1.00000	0	0.00000	0
454	L	1.00000	0	0.00000	0
455	R	1.00000	0	0.00000	0
