# UNNAMED
#pos	aa	i	o	M	S
1	M	0.00000	1	0.00000	0
2	P	0.00000	1	0.00000	0
3	G	0.00000	1	0.00000	0
4	H	0.00000	1	0.00000	0
5	N	0.00000	1	0.00000	0
6	T	0.00000	1	0.00000	0
7	S	0.00000	1	0.00000	0
8	R	0.00000	1	0.00000	0
9	N	0.00000	1	0.00000	0
10	S	0.00000	1	0.00000	0
11	S	0.00000	1	0.00000	0
12	C	0.00000	1	0.00000	0
13	D	0.00000	1	0.00000	0
14	P	0.00000	0.99996	0.00004	0
15	I	0.00000	0.99324	0.00676	0
16	V	0.00000	0.99194	0.00806	0
17	T	0.00000	0.99019	0.00981	0
18	P	0.00000	0.98919	0.01081	0
19	H	0.00000	0.986	0.01400	0
20	L	0.00000	0.70115	0.29885	0
21	I	0.00000	0.36796	0.63204	0
22	S	0.00000	0.2785	0.72150	0
23	L	0.00000	0.04849	0.95151	0
24	Y	0.00000	0.00641	0.99359	0
25	F	0.00000	9e-05	0.99991	0
26	I	0.00000	0	1.00000	0
27	V	0.00000	0	1.00000	0
28	L	0.00000	0	1.00000	0
29	I	0.00000	0	1.00000	0
30	G	0.00000	0	1.00000	0
31	G	0.00000	0	1.00000	0
32	L	0.00000	0	1.00000	0
33	V	0.00000	0	1.00000	0
34	G	0.00000	0	1.00000	0
35	V	0.00000	0	1.00000	0
36	I	0.00000	0	1.00000	0
37	S	0.00000	0	1.00000	0
38	I	0.00000	0	1.00000	0
39	L	0.00000	0	1.00000	0
40	F	0.00011	0	0.99989	0
41	L	0.00249	0	0.99751	0
42	L	0.01605	0	0.98395	0
43	V	0.28444	0	0.71556	0
44	K	0.97070	0	0.02930	0
45	M	0.99181	0	0.00819	0
46	N	0.99961	0	0.00039	0
47	T	0.99997	0	0.00003	0
48	R	1.00000	0	0.00000	0
49	S	0.99992	0	0.00008	0
50	V	0.99965	0	0.00035	0
51	T	0.99927	0	0.00073	0
52	T	0.98650	0	0.01350	0
53	M	0.43803	0	0.56197	0
54	A	0.20139	0	0.79861	0
55	V	0.01504	0	0.98496	0
56	I	0.00013	0	0.99987	0
57	N	0.00008	0	0.99992	0
58	L	0.00000	0	1.00000	0
59	V	0.00000	0	1.00000	0
60	V	0.00000	0	1.00000	0
61	V	0.00000	0	1.00000	0
62	H	0.00000	0	1.00000	0
63	S	0.00000	0	1.00000	0
64	V	0.00000	0	1.00000	0
65	F	0.00000	0	1.00000	0
66	L	0.00000	0	1.00000	0
67	L	0.00000	0	1.00000	0
68	T	0.00000	0	1.00000	0
69	V	0.00000	0	1.00000	0
70	P	0.00000	2e-05	0.99998	0
71	F	0.00000	0.00076	0.99924	0
72	R	0.00000	0.04597	0.95403	0
73	L	0.00000	0.09987	0.90013	0
74	T	0.00000	0.66082	0.33918	0
75	Y	0.00000	0.99762	0.00238	0
76	L	0.00000	0.99779	0.00221	0
77	I	0.00000	0.99816	0.00184	0
78	K	0.00000	0.99943	0.00057	0
79	K	0.00000	0.99983	0.00017	0
80	T	0.00000	0.99993	0.00007	0
81	W	0.00000	0.99995	0.00005	0
82	M	0.00000	0.99997	0.00003	0
83	F	0.00000	0.99997	0.00003	0
84	G	0.00000	0.99996	0.00004	0
85	L	0.00000	0.99994	0.00006	0
86	P	0.00000	0.99991	0.00009	0
87	F	0.00000	0.99551	0.00449	0
88	C	0.00000	0.9952	0.00480	0
89	K	0.00000	0.9934	0.00660	0
90	F	0.00000	0.9429	0.05710	0
91	V	0.00000	0.93659	0.06341	0
92	S	0.00000	0.91914	0.08086	0
93	A	0.00000	0.81356	0.18644	0
94	M	0.00000	0.09551	0.90449	0
95	L	0.00000	0.03447	0.96553	0
96	H	0.00000	0.00389	0.99611	0
97	I	0.00000	6e-05	0.99994	0
98	H	0.00000	0	1.00000	0
99	M	0.00000	0	1.00000	0
100	Y	0.00000	0	1.00000	0
101	L	0.00000	0	1.00000	0
102	T	0.00000	0	1.00000	0
103	F	0.00000	0	1.00000	0
104	L	0.00000	0	1.00000	0
105	F	0.00000	0	1.00000	0
106	Y	0.00000	0	1.00000	0
107	V	0.00001	0	0.99999	0
108	V	0.00010	0	0.99990	0
109	I	0.00035	0	0.99965	0
110	L	0.00288	0	0.99712	0
111	V	0.01931	0	0.98069	0
112	T	0.03921	0	0.96079	0
113	R	0.05776	0	0.94224	0
114	Y	0.11061	0	0.88939	0
115	L	0.19658	0	0.80342	0
116	I	0.77796	0	0.22204	0
117	F	0.95454	0	0.04546	0
118	F	0.99999	0	0.00001	0
119	K	1.00000	0	0.00000	0
120	C	1.00000	0	0.00000	0
121	K	1.00000	0	0.00000	0
122	D	1.00000	0	0.00000	0
123	K	1.00000	0	0.00000	0
124	V	1.00000	0	0.00000	0
125	E	1.00000	0	0.00000	0
126	F	1.00000	0	0.00000	0
127	Y	1.00000	0	0.00000	0
128	R	0.99999	0	0.00001	0
129	K	0.99960	0	0.00040	0
130	L	0.91287	0	0.08713	0
131	H	0.77639	0	0.22361	0
132	A	0.23914	0	0.76086	0
133	V	0.00317	0	0.99683	0
134	A	0.00074	0	0.99926	0
135	A	0.00045	0	0.99955	0
136	S	0.00022	0	0.99978	0
137	A	0.00003	0	0.99997	0
138	G	0.00001	0	0.99999	0
139	M	0.00000	0	1.00000	0
140	W	0.00000	0	1.00000	0
141	T	0.00000	0	1.00000	0
142	L	0.00000	0	1.00000	0
143	V	0.00000	0	1.00000	0
144	I	0.00000	0	1.00000	0
145	V	0.00000	0	1.00000	0
146	I	0.00000	0	1.00000	0
147	V	0.00000	0	1.00000	0
148	V	0.00000	0	1.00000	0
149	P	0.00000	0.00016	0.99984	0
150	L	0.00000	0.00085	0.99915	0
151	V	0.00000	0.01429	0.98571	0
152	V	0.00000	0.10698	0.89302	0
153	S	0.00000	0.62225	0.37775	0
154	R	0.00000	0.95948	0.04052	0
155	Y	0.00000	0.98536	0.01464	0
156	G	0.00000	0.9973	0.00270	0
157	I	0.00000	0.99856	0.00144	0
158	H	0.00000	0.99982	0.00018	0
159	E	0.00000	1	0.00000	0
160	E	0.00000	1	0.00000	0
161	Y	0.00000	1	0.00000	0
162	N	0.00000	1	0.00000	0
163	E	0.00000	1	0.00000	0
164	E	0.00000	1	0.00000	0
165	H	0.00000	1	0.00000	0
166	C	0.00000	1	0.00000	0
167	F	0.00000	1	0.00000	0
168	K	0.00000	1	0.00000	0
169	F	0.00000	1	0.00000	0
170	H	0.00000	1	0.00000	0
171	K	0.00000	1	0.00000	0
172	E	0.00000	1	0.00000	0
173	L	0.00000	0.99996	0.00004	0
174	A	0.00000	0.99454	0.00546	0
175	Y	0.00000	0.99453	0.00547	0
176	T	0.00000	0.99452	0.00548	0
177	Y	0.00000	0.99374	0.00626	0
178	V	0.00000	0.99297	0.00703	0
179	K	0.00000	0.98978	0.01022	0
180	I	0.00000	0.91902	0.08098	0
181	I	0.00000	0.77846	0.22154	0
182	N	0.00000	0.76414	0.23586	0
183	Y	0.00000	0.58413	0.41587	0
184	M	0.00000	0.02471	0.97529	0
185	I	0.00000	0.00873	0.99127	0
186	V	0.00000	0.00139	0.99861	0
187	I	0.00000	4e-05	0.99996	0
188	F	0.00000	0	1.00000	0
189	V	0.00000	0	1.00000	0
190	I	0.00000	0	1.00000	0
191	A	0.00000	0	1.00000	0
192	V	0.00000	0	1.00000	0
193	A	0.00000	0	1.00000	0
194	V	0.00000	0	1.00000	0
195	I	0.00000	0	1.00000	0
196	L	0.00000	0	1.00000	0
197	L	0.00004	0	0.99996	0
198	V	0.00024	0	0.99976	0
199	F	0.00103	0	0.99897	0
200	Q	0.00503	0	0.99497	0
201	V	0.00507	0	0.99493	0
202	F	0.00515	0	0.99485	0
203	I	0.00573	0	0.99427	0
204	I	0.00932	0	0.99068	0
205	M	0.03282	0	0.96718	0
206	L	0.08962	0	0.91038	0
207	M	0.28057	0	0.71943	0
208	V	0.48775	0	0.51225	0
209	Q	0.99510	0	0.00490	0
210	K	0.99978	0	0.00022	0
211	L	0.99987	0	0.00013	0
212	R	1.00000	0	0.00000	0
213	H	1.00000	0	0.00000	0
214	S	1.00000	0	0.00000	0
215	L	1.00000	0	0.00000	0
216	L	1.00000	0	0.00000	0
217	S	1.00000	0	0.00000	0
218	H	1.00000	0	0.00000	0
219	Q	1.00000	0	0.00000	0
220	E	1.00000	0	0.00000	0
221	F	0.71812	0	0.28188	0
222	W	0.69813	0	0.30187	0
223	A	0.69747	0	0.30253	0
224	Q	0.69585	0	0.30415	0
225	L	0.68791	0	0.31209	0
226	K	0.68736	0	0.31264	0
227	N	0.59758	0	0.40242	0
228	L	0.00338	0	0.99662	0
229	F	0.00068	0	0.99932	0
230	F	0.00058	0	0.99942	0
231	I	0.00004	0	0.99996	0
232	G	0.00000	0	1.00000	0
233	V	0.00000	0	1.00000	0
234	I	0.00000	0	1.00000	0
235	L	0.00000	0	1.00000	0
236	V	0.00000	0	1.00000	0
237	C	0.00000	0	1.00000	0
238	F	0.00000	0	1.00000	0
239	L	0.00000	0	1.00000	0
240	P	0.00000	5e-05	0.99995	0
241	Y	0.00000	0.00025	0.99975	0
242	Q	0.00000	0.00157	0.99843	0
243	F	0.00000	0.00672	0.99328	0
244	F	0.00000	0.04385	0.95615	0
245	R	0.00000	0.24878	0.75122	0
246	I	0.00000	0.27098	0.72902	0
247	Y	0.00000	0.29221	0.70779	0
248	Y	0.00000	0.31333	0.68667	0
249	L	0.00000	0.37916	0.62084	0
250	N	0.00000	0.96988	0.03012	0
251	V	0.00000	0.9743	0.02570	0
252	V	0.00000	0.98879	0.01121	0
253	T	0.00000	0.99849	0.00151	0
254	H	0.00000	0.99967	0.00033	0
255	S	0.00000	0.99993	0.00007	0
256	N	0.00000	0.99999	0.00001	0
257	A	0.00000	0.99999	0.00001	0
258	C	0.00000	1	0.00000	0
259	N	0.00000	0.99998	0.00002	0
260	S	0.00000	0.99987	0.00013	0
261	K	0.00000	0.99723	0.00277	0
262	V	0.00000	0.96855	0.03145	0
263	A	0.00000	0.8546	0.14540	0
264	F	0.00000	0.73202	0.26798	0
265	Y	0.00000	0.68038	0.31962	0
266	N	0.00000	0.53578	0.46422	0
267	E	0.00000	0.49351	0.50649	0
268	I	0.00000	0.16614	0.83386	0
269	F	0.00000	0.03166	0.96834	0
270	L	0.00000	0.0049	0.99510	0
271	S	0.00000	0.001	0.99900	0
272	V	0.00000	1e-05	0.99999	0
273	T	0.00000	0	1.00000	0
274	A	0.00000	0	1.00000	0
275	I	0.00000	0	1.00000	0
276	S	0.00000	0	1.00000	0
277	C	0.00000	0	1.00000	0
278	Y	0.00000	0	1.00000	0
279	D	0.00000	0	1.00000	0
280	L	0.00000	0	1.00000	0
281	L	0.00000	0	1.00000	0
282	L	0.00005	0	0.99995	0
283	F	0.00019	0	0.99981	0
284	V	0.00055	0	0.99945	0
285	F	0.03313	0	0.96687	0
286	G	0.08746	0	0.91254	0
287	G	0.27432	0	0.72568	0
288	S	0.42972	0	0.57028	0
289	H	0.49339	0	0.50661	0
290	W	0.61140	0	0.38860	0
291	F	0.72909	0	0.27091	0
292	K	1.00000	0	0.00000	0
293	Q	1.00000	0	0.00000	0
294	K	1.00000	0	0.00000	0
295	I	1.00000	0	0.00000	0
296	I	1.00000	0	0.00000	0
297	G	1.00000	0	0.00000	0
298	L	1.00000	0	0.00000	0
299	W	1.00000	0	0.00000	0
300	N	1.00000	0	0.00000	0
301	C	1.00000	0	0.00000	0
302	V	1.00000	0	0.00000	0
303	L	1.00000	0	0.00000	0
304	C	1.00000	0	0.00000	0
305	R	1.00000	0	0.00000	0
