# UNNAMED
#pos	aa	i	o	M	S
1	M	0.00000	0.99977	0.00000	0.00023
2	L	0.00000	0.99977	0.00000	0.00023
3	A	0.00000	0.99977	0.00000	0.00023
4	A	0.00000	0.99977	0.00000	0.00023
5	A	0.00000	0.99977	0.00000	0.00023
6	F	0.00000	0.99977	0.00000	0.00023
7	A	0.00000	0.99977	0.00000	0.00023
8	D	0.00000	0.99977	0.00000	0.00023
9	S	0.00000	0.99977	0.00000	0.00023
10	N	0.00000	0.99977	0.00000	0.00023
11	S	0.00000	0.99977	0.00000	0.00023
12	S	0.00000	0.99977	0.00000	0.00023
13	S	0.00000	1	0.00000	0
14	M	0.00000	1	0.00000	0
15	N	0.00000	1	0.00000	0
16	V	0.00000	1	0.00000	0
17	S	0.00000	1	0.00000	0
18	F	0.00000	1	0.00000	0
19	A	0.00000	1	0.00000	0
20	H	0.00000	1	0.00000	0
21	L	0.00000	1	0.00000	0
22	H	0.00000	1	0.00000	0
23	F	0.00000	1	0.00000	0
24	A	0.00000	1	0.00000	0
25	G	0.00000	1	0.00000	0
26	G	0.00000	1	0.00000	0
27	Y	0.00000	1	0.00000	0
28	L	0.00000	1	0.00000	0
29	P	0.00000	1	0.00000	0
30	S	0.00000	1	0.00000	0
31	D	0.00000	1	0.00000	0
32	S	0.00000	1	0.00000	0
33	Q	0.00000	1	0.00000	0
34	D	0.00000	1	0.00000	0
35	W	0.00000	0.99288	0.00712	0
36	R	0.00000	0.9827	0.01730	0
37	T	0.00000	0.50002	0.49998	0
38	I	0.00000	0.10592	0.89408	0
39	I	0.00000	0.05545	0.94455	0
40	P	0.00000	0.04591	0.95409	0
41	A	0.00000	0.02088	0.97912	0
42	L	0.00000	0.00136	0.99864	0
43	L	0.00000	0.00033	0.99967	0
44	V	0.00000	7e-05	0.99993	0
45	A	0.00000	2e-05	0.99998	0
46	V	0.00000	1e-05	0.99999	0
47	C	0.00000	0	1.00000	0
48	L	0.00000	0	1.00000	0
49	V	0.00000	0	1.00000	0
50	G	0.00000	0	1.00000	0
51	F	0.00000	0	1.00000	0
52	V	0.00000	0	1.00000	0
53	G	0.00000	0	1.00000	0
54	N	0.00000	0	1.00000	0
55	L	0.00000	0	1.00000	0
56	C	0.00000	0	1.00000	0
57	V	0.00000	0	1.00000	0
58	I	0.00001	0	0.99999	0
59	G	0.00065	0	0.99935	0
60	I	0.00397	0	0.99603	0
61	L	0.05438	0	0.94562	0
62	L	0.24472	0	0.75528	0
63	H	0.75711	0	0.24289	0
64	N	0.92350	0	0.07650	0
65	A	0.96440	0	0.03560	0
66	W	0.98559	0	0.01441	0
67	K	0.99984	0	0.00016	0
68	G	1.00000	0	0.00000	0
69	K	1.00000	0	0.00000	0
70	P	1.00000	0	0.00000	0
71	S	0.98692	0	0.01308	0
72	M	0.76770	0	0.23230	0
73	I	0.41088	0	0.58912	0
74	H	0.36541	0	0.63459	0
75	S	0.29842	0	0.70158	0
76	L	0.00504	0	0.99496	0
77	I	0.00014	0	0.99986	0
78	L	0.00000	0	1.00000	0
79	N	0.00000	0	1.00000	0
80	L	0.00000	0	1.00000	0
81	S	0.00000	0	1.00000	0
82	L	0.00000	0	1.00000	0
83	A	0.00000	0	1.00000	0
84	D	0.00000	0	1.00000	0
85	L	0.00000	0	1.00000	0
86	S	0.00000	0	1.00000	0
87	L	0.00000	0	1.00000	0
88	L	0.00000	0	1.00000	0
89	L	0.00000	0	1.00000	0
90	F	0.00000	1e-05	0.99999	0
91	S	0.00000	0.00062	0.99938	0
92	A	0.00000	0.003	0.99700	0
93	P	0.00000	0.01375	0.98625	0
94	I	0.00000	0.05985	0.94015	0
95	R	0.00000	0.38837	0.61163	0
96	A	0.00000	0.44008	0.55992	0
97	T	0.00000	0.75743	0.24257	0
98	A	0.00000	0.99972	0.00028	0
99	Y	0.00000	0.99996	0.00004	0
100	S	0.00000	0.99999	0.00001	0
101	K	0.00000	1	0.00000	0
102	S	0.00000	1	0.00000	0
103	V	0.00000	0.99999	0.00001	0
104	W	0.00000	0.99999	0.00001	0
105	D	0.00000	0.99985	0.00015	0
106	L	0.00000	0.99514	0.00486	0
107	G	0.00000	0.99493	0.00507	0
108	W	0.00000	0.99458	0.00542	0
109	F	0.00000	0.99443	0.00557	0
110	V	0.00000	0.99442	0.00558	0
111	C	0.00000	0.99419	0.00581	0
112	K	0.00000	0.9939	0.00610	0
113	S	0.00000	0.98187	0.01813	0
114	S	0.00000	0.94575	0.05425	0
115	D	0.00000	0.33212	0.66788	0
116	W	0.00000	0.01068	0.98932	0
117	F	0.00000	0.0003	0.99970	0
118	I	0.00000	4e-05	0.99996	0
119	H	0.00000	2e-05	0.99998	0
120	T	0.00000	2e-05	0.99998	0
121	C	0.00000	1e-05	0.99999	0
122	M	0.00000	0	1.00000	0
123	A	0.00000	0	1.00000	0
124	A	0.00000	0	1.00000	0
125	K	0.00000	0	1.00000	0
126	S	0.00000	0	1.00000	0
127	L	0.00000	0	1.00000	0
128	T	0.00029	0	0.99971	0
129	I	0.00250	0	0.99750	0
130	V	0.00485	0	0.99515	0
131	V	0.00510	0	0.99490	0
132	V	0.00629	0	0.99371	0
133	A	0.01017	0	0.98983	0
134	K	0.05114	0	0.94886	0
135	V	0.13133	0	0.86867	0
136	C	0.52344	0	0.47656	0
137	F	0.88229	0	0.11771	0
138	M	0.98432	0	0.01568	0
139	Y	0.99555	0	0.00445	0
140	A	0.99853	0	0.00147	0
141	S	0.99878	0	0.00122	0
142	D	0.99890	0	0.00110	0
143	P	1.00000	0	0.00000	0
144	A	1.00000	0	0.00000	0
145	K	1.00000	0	0.00000	0
146	Q	0.99996	0	0.00004	0
147	V	0.99722	0	0.00278	0
148	S	0.98280	0	0.01720	0
149	I	0.88022	0	0.11978	0
150	H	0.85289	0	0.14711	0
151	N	0.80816	0	0.19184	0
152	Y	0.76493	0	0.23507	0
153	T	0.69678	0	0.30322	0
154	I	0.29662	0	0.70338	0
155	W	0.19253	0	0.80747	0
156	S	0.12544	0	0.87456	0
157	V	0.00655	0	0.99345	0
158	L	0.00009	0	0.99991	0
159	V	0.00000	0	1.00000	0
160	A	0.00000	0	1.00000	0
161	I	0.00000	0	1.00000	0
162	W	0.00000	0	1.00000	0
163	T	0.00000	0	1.00000	0
164	V	0.00000	0	1.00000	0
165	A	0.00000	0	1.00000	0
166	S	0.00000	1e-05	0.99999	0
167	L	0.00000	5e-05	0.99995	0
168	L	0.00000	0.00126	0.99874	0
169	P	0.00000	0.02833	0.97167	0
170	L	0.00000	0.05207	0.94793	0
171	P	0.00000	0.14982	0.85018	0
172	E	0.00000	0.2118	0.78820	0
173	W	0.00000	0.21487	0.78513	0
174	F	0.00000	0.22064	0.77936	0
175	F	0.00000	0.30286	0.69714	0
176	S	0.00000	0.63215	0.36785	0
177	T	0.00000	0.84399	0.15601	0
178	I	0.00000	0.89546	0.10454	0
179	R	0.00000	0.99799	0.00201	0
180	H	0.00000	0.99985	0.00015	0
181	H	0.00000	0.99999	0.00001	0
182	E	0.00000	1	0.00000	0
183	G	0.00000	1	0.00000	0
184	V	0.00000	1	0.00000	0
185	E	0.00000	1	0.00000	0
186	M	0.00000	1	0.00000	0
187	C	0.00000	1	0.00000	0
188	L	0.00000	1	0.00000	0
189	V	0.00000	1	0.00000	0
190	D	0.00000	1	0.00000	0
191	V	0.00000	1	0.00000	0
192	P	0.00000	1	0.00000	0
193	A	0.00000	1	0.00000	0
194	V	0.00000	1	0.00000	0
195	A	0.00000	0.99999	0.00001	0
196	E	0.00000	0.99998	0.00002	0
197	E	0.00000	0.99991	0.00009	0
198	F	0.00000	0.8657	0.13430	0
199	M	0.00000	0.01093	0.98907	0
200	S	0.00000	0.01081	0.98919	0
201	M	0.00000	0.00691	0.99309	0
202	F	0.00000	0.00085	0.99915	0
203	G	0.00000	0.00084	0.99916	0
204	K	0.00000	0.00084	0.99916	0
205	L	0.00000	3e-05	0.99997	0
206	Y	0.00000	1e-05	0.99999	0
207	P	0.00000	0	1.00000	0
208	L	0.00000	0	1.00000	0
209	L	0.00000	0	1.00000	0
210	A	0.00000	0	1.00000	0
211	F	0.00000	0	1.00000	0
212	G	0.00000	0	1.00000	0
213	L	0.00000	0	1.00000	0
214	P	0.00000	0	1.00000	0
215	L	0.00000	0	1.00000	0
216	F	0.00000	0	1.00000	0
217	F	0.00000	0	1.00000	0
218	A	0.00000	0	1.00000	0
219	S	0.00000	0	1.00000	0
220	F	0.00001	0	0.99999	0
221	Y	0.00026	0	0.99974	0
222	F	0.00506	0	0.99494	0
223	W	0.07344	0	0.92656	0
224	R	0.85983	0	0.14017	0
225	A	0.93915	0	0.06085	0
226	Y	0.97891	0	0.02109	0
227	D	0.99981	0	0.00019	0
228	Q	1.00000	0	0.00000	0
229	C	1.00000	0	0.00000	0
230	K	1.00000	0	0.00000	0
231	K	1.00000	0	0.00000	0
232	R	1.00000	0	0.00000	0
233	G	1.00000	0	0.00000	0
234	T	1.00000	0	0.00000	0
235	K	1.00000	0	0.00000	0
236	T	1.00000	0	0.00000	0
237	Q	1.00000	0	0.00000	0
238	N	1.00000	0	0.00000	0
239	L	1.00000	0	0.00000	0
240	R	1.00000	0	0.00000	0
241	N	1.00000	0	0.00000	0
242	Q	0.99902	0	0.00098	0
243	I	0.99854	0	0.00146	0
244	R	0.99846	0	0.00154	0
245	S	0.99805	0	0.00195	0
246	K	0.99425	0	0.00575	0
247	Q	0.99387	0	0.00613	0
248	V	0.98316	0	0.01684	0
249	T	0.10333	0	0.89667	0
250	V	0.08829	0	0.91171	0
251	M	0.01543	0	0.98457	0
252	L	0.01162	0	0.98838	0
253	L	0.01077	0	0.98923	0
254	S	0.00223	0	0.99777	0
255	I	0.00002	0	0.99998	0
256	A	0.00001	0	0.99999	0
257	I	0.00000	0	1.00000	0
258	I	0.00000	0	1.00000	0
259	S	0.00000	0	1.00000	0
260	A	0.00000	0	1.00000	0
261	L	0.00000	0	1.00000	0
262	L	0.00000	0	1.00000	0
263	W	0.00000	2e-05	0.99998	0
264	L	0.00000	0.00011	0.99989	0
265	P	0.00000	0.00111	0.99889	0
266	E	0.00000	0.00144	0.99856	0
267	W	0.00000	0.00145	0.99855	0
268	V	0.00000	0.00149	0.99851	0
269	A	0.00000	0.00186	0.99814	0
270	W	0.00000	0.0052	0.99480	0
271	L	0.00000	0.02471	0.97529	0
272	W	0.00000	0.11874	0.88126	0
273	V	0.00000	0.2478	0.75220	0
274	W	0.00000	0.6088	0.39120	0
275	H	0.00000	0.82175	0.17825	0
276	L	0.00000	0.87116	0.12884	0
277	K	0.00000	0.99616	0.00384	0
278	A	0.00000	0.99703	0.00297	0
279	A	0.00000	0.99834	0.00166	0
280	G	0.00000	0.99997	0.00003	0
281	P	0.00000	0.99998	0.00002	0
282	A	0.00000	0.99996	0.00004	0
283	P	0.00000	0.99991	0.00009	0
284	P	0.00000	0.99849	0.00151	0
285	Q	0.00000	0.97996	0.02004	0
286	G	0.00000	0.77421	0.22579	0
287	F	0.00000	0.31367	0.68633	0
288	I	0.00000	0.14282	0.85718	0
289	A	0.00000	0.05358	0.94642	0
290	L	0.00000	0.01163	0.98837	0
291	S	0.00000	0.00452	0.99548	0
292	Q	0.00000	3e-05	0.99997	0
293	V	0.00000	0	1.00000	0
294	L	0.00000	0	1.00000	0
295	M	0.00000	0	1.00000	0
296	F	0.00000	0	1.00000	0
297	S	0.00000	0	1.00000	0
298	I	0.00000	0	1.00000	0
299	S	0.00000	0	1.00000	0
300	S	0.00000	0	1.00000	0
301	A	0.00000	0	1.00000	0
302	N	0.00000	0	1.00000	0
303	P	0.00000	0	1.00000	0
304	L	0.00000	0	1.00000	0
305	I	0.00000	0	1.00000	0
306	F	0.00000	0	1.00000	0
307	L	0.00024	0	0.99976	0
308	V	0.00621	0	0.99379	0
309	M	0.33556	0	0.66444	0
310	S	0.80347	0	0.19653	0
311	E	1.00000	0	0.00000	0
312	E	1.00000	0	0.00000	0
313	F	1.00000	0	0.00000	0
314	R	1.00000	0	0.00000	0
315	E	1.00000	0	0.00000	0
316	G	1.00000	0	0.00000	0
317	L	1.00000	0	0.00000	0
318	K	1.00000	0	0.00000	0
319	G	1.00000	0	0.00000	0
320	V	1.00000	0	0.00000	0
321	W	1.00000	0	0.00000	0
322	K	1.00000	0	0.00000	0
323	W	1.00000	0	0.00000	0
324	M	1.00000	0	0.00000	0
325	I	1.00000	0	0.00000	0
326	T	1.00000	0	0.00000	0
327	K	1.00000	0	0.00000	0
328	K	1.00000	0	0.00000	0
329	P	1.00000	0	0.00000	0
330	P	1.00000	0	0.00000	0
331	T	1.00000	0	0.00000	0
332	V	1.00000	0	0.00000	0
333	S	1.00000	0	0.00000	0
334	E	1.00000	0	0.00000	0
335	S	1.00000	0	0.00000	0
336	Q	1.00000	0	0.00000	0
337	E	1.00000	0	0.00000	0
338	T	1.00000	0	0.00000	0
339	P	1.00000	0	0.00000	0
340	A	1.00000	0	0.00000	0
341	G	1.00000	0	0.00000	0
342	N	1.00000	0	0.00000	0
343	S	1.00000	0	0.00000	0
344	E	1.00000	0	0.00000	0
345	G	1.00000	0	0.00000	0
346	L	1.00000	0	0.00000	0
347	P	1.00000	0	0.00000	0
348	D	1.00000	0	0.00000	0
349	K	1.00000	0	0.00000	0
350	V	1.00000	0	0.00000	0
351	P	1.00000	0	0.00000	0
352	S	1.00000	0	0.00000	0
353	P	1.00000	0	0.00000	0
354	E	1.00000	0	0.00000	0
355	S	1.00000	0	0.00000	0
356	P	1.00000	0	0.00000	0
357	A	1.00000	0	0.00000	0
358	S	1.00000	0	0.00000	0
359	I	1.00000	0	0.00000	0
360	P	1.00000	0	0.00000	0
361	E	1.00000	0	0.00000	0
362	K	1.00000	0	0.00000	0
363	E	1.00000	0	0.00000	0
364	K	1.00000	0	0.00000	0
365	P	1.00000	0	0.00000	0
366	S	1.00000	0	0.00000	0
367	S	1.00000	0	0.00000	0
368	P	1.00000	0	0.00000	0
369	S	1.00000	0	0.00000	0
370	S	1.00000	0	0.00000	0
371	G	1.00000	0	0.00000	0
372	K	1.00000	0	0.00000	0
373	G	1.00000	0	0.00000	0
374	K	1.00000	0	0.00000	0
375	T	1.00000	0	0.00000	0
376	E	1.00000	0	0.00000	0
377	K	1.00000	0	0.00000	0
378	A	1.00000	0	0.00000	0
379	E	1.00000	0	0.00000	0
380	I	1.00000	0	0.00000	0
381	P	1.00000	0	0.00000	0
382	I	1.00000	0	0.00000	0
383	L	1.00000	0	0.00000	0
384	P	1.00000	0	0.00000	0
385	D	1.00000	0	0.00000	0
386	V	1.00000	0	0.00000	0
387	E	1.00000	0	0.00000	0
388	Q	1.00000	0	0.00000	0
389	F	1.00000	0	0.00000	0
390	W	1.00000	0	0.00000	0
391	H	1.00000	0	0.00000	0
392	E	1.00000	0	0.00000	0
393	R	1.00000	0	0.00000	0
394	D	1.00000	0	0.00000	0
395	T	1.00000	0	0.00000	0
396	V	1.00000	0	0.00000	0
397	P	1.00000	0	0.00000	0
398	S	1.00000	0	0.00000	0
399	V	1.00000	0	0.00000	0
400	Q	1.00000	0	0.00000	0
401	D	1.00000	0	0.00000	0
402	N	1.00000	0	0.00000	0
403	D	1.00000	0	0.00000	0
404	P	1.00000	0	0.00000	0
405	I	1.00000	0	0.00000	0
406	P	1.00000	0	0.00000	0
407	W	1.00000	0	0.00000	0
408	E	1.00000	0	0.00000	0
409	H	1.00000	0	0.00000	0
410	E	1.00000	0	0.00000	0
411	D	1.00000	0	0.00000	0
412	Q	1.00000	0	0.00000	0
413	E	1.00000	0	0.00000	0
414	T	1.00000	0	0.00000	0
415	G	1.00000	0	0.00000	0
416	E	1.00000	0	0.00000	0
417	G	1.00000	0	0.00000	0
418	V	1.00000	0	0.00000	0
419	K	1.00000	0	0.00000	0
