# UNNAMED
#pos	aa	i	o	M	S
1	M	0.00000	0.00097	0.00000	0.99903
2	K	0.00000	0.00097	0.00000	0.99903
3	V	0.00000	0.00097	0.00000	0.99903
4	G	0.00000	0.00097	0.00000	0.99902
5	V	0.00000	0.00097	0.00000	0.99903
6	L	0.00000	0.00097	0.00000	0.99903
7	W	0.00000	0.00097	0.00000	0.99903
8	L	0.00000	0.00097	0.00000	0.99903
9	I	0.00000	0.00097	0.00000	0.99903
10	S	0.00000	0.00097	0.00000	0.99903
11	F	0.00000	0.00097	0.00000	0.99903
12	F	0.00000	0.00097	0.00000	0.99903
13	T	0.00000	0.00097	0.00000	0.99902
14	F	0.00000	0.00097	0.00000	0.99903
15	T	0.00000	0.00097	0.00000	0.99903
16	D	0.00000	0.0028	0.00000	0.99719
17	G	0.00000	0.00281	0.00000	0.99719
18	H	0.00000	0.5998	0.00000	0.40021
19	G	0.00000	0.59979	0.00000	0.40021
20	G	0.00000	0.99879	0.00000	0.00121
21	F	0.00000	1	0.00000	0
22	L	0.00000	1	0.00000	0
23	G	0.00000	1	0.00000	0
24	K	0.00000	1	0.00000	0
25	N	0.00000	1	0.00000	0
26	D	0.00000	1	0.00000	0
27	G	0.00000	1	0.00000	0
28	I	0.00000	1	0.00000	0
29	K	0.00000	1	0.00000	0
30	T	0.00000	1	0.00000	0
31	K	0.00000	1	0.00000	0
32	K	0.00000	1	0.00000	0
33	E	0.00000	1	0.00000	0
34	L	0.00000	1	0.00000	0
35	I	0.00000	1	0.00000	0
36	V	0.00000	1	0.00000	0
37	N	0.00000	1	0.00000	0
38	K	0.00000	1	0.00000	0
39	K	0.00000	1	0.00000	0
40	K	0.00000	1	0.00000	0
41	H	0.00000	1	0.00000	0
42	L	0.00000	1	0.00000	0
43	G	0.00000	1	0.00000	0
44	P	0.00000	1	0.00000	0
45	V	0.00000	1	0.00000	0
46	E	0.00000	1	0.00000	0
47	E	0.00000	1	0.00000	0
48	Y	0.00000	1	0.00000	0
49	Q	0.00000	1	0.00000	0
50	L	0.00000	1	0.00000	0
51	L	0.00000	1	0.00000	0
52	L	0.00000	1	0.00000	0
53	Q	0.00000	1	0.00000	0
54	V	0.00000	1	0.00000	0
55	T	0.00000	1	0.00000	0
56	Y	0.00000	1	0.00000	0
57	R	0.00000	1	0.00000	0
58	D	0.00000	1	0.00000	0
59	S	0.00000	1	0.00000	0
60	K	0.00000	1	0.00000	0
61	E	0.00000	1	0.00000	0
62	K	0.00000	1	0.00000	0
63	R	0.00000	1	0.00000	0
64	D	0.00000	1	0.00000	0
65	L	0.00000	1	0.00000	0
66	R	0.00000	1	0.00000	0
67	N	0.00000	1	0.00000	0
68	F	0.00000	1	0.00000	0
69	L	0.00000	1	0.00000	0
70	K	0.00000	1	0.00000	0
71	L	0.00000	1	0.00000	0
72	L	0.00000	1	0.00000	0
73	K	0.00000	1	0.00000	0
74	P	0.00000	1	0.00000	0
75	P	0.00000	1	0.00000	0
76	L	0.00000	1	0.00000	0
77	L	0.00000	1	0.00000	0
78	W	0.00000	1	0.00000	0
79	S	0.00000	1	0.00000	0
80	H	0.00000	1	0.00000	0
81	G	0.00000	1	0.00000	0
82	L	0.00000	1	0.00000	0
83	I	0.00000	1	0.00000	0
84	R	0.00000	1	0.00000	0
85	I	0.00000	1	0.00000	0
86	I	0.00000	1	0.00000	0
87	R	0.00000	1	0.00000	0
88	A	0.00000	1	0.00000	0
89	K	0.00000	1	0.00000	0
90	A	0.00000	1	0.00000	0
91	T	0.00000	1	0.00000	0
92	T	0.00000	1	0.00000	0
93	D	0.00000	1	0.00000	0
94	C	0.00000	1	0.00000	0
95	N	0.00000	1	0.00000	0
96	S	0.00000	1	0.00000	0
97	L	0.00000	1	0.00000	0
98	N	0.00000	1	0.00000	0
99	G	0.00000	1	0.00000	0
100	V	0.00000	1	0.00000	0
101	L	0.00000	1	0.00000	0
102	Q	0.00000	1	0.00000	0
103	C	0.00000	1	0.00000	0
104	T	0.00000	1	0.00000	0
105	C	0.00000	1	0.00000	0
106	E	0.00000	1	0.00000	0
107	D	0.00000	1	0.00000	0
108	S	0.00000	1	0.00000	0
109	Y	0.00000	1	0.00000	0
110	T	0.00000	1	0.00000	0
111	W	0.00000	1	0.00000	0
112	F	0.00000	1	0.00000	0
113	P	0.00000	1	0.00000	0
114	P	0.00000	1	0.00000	0
115	S	0.00000	1	0.00000	0
116	C	0.00000	1	0.00000	0
117	L	0.00000	1	0.00000	0
118	D	0.00000	1	0.00000	0
119	P	0.00000	1	0.00000	0
120	Q	0.00000	1	0.00000	0
121	N	0.00000	1	0.00000	0
122	C	0.00000	1	0.00000	0
123	Y	0.00000	1	0.00000	0
124	L	0.00000	1	0.00000	0
125	H	0.00000	1	0.00000	0
126	T	0.00000	1	0.00000	0
127	A	0.00000	1	0.00000	0
128	G	0.00000	1	0.00000	0
129	A	0.00000	1	0.00000	0
130	L	0.00000	1	0.00000	0
131	P	0.00000	1	0.00000	0
132	S	0.00000	1	0.00000	0
133	C	0.00000	1	0.00000	0
134	E	0.00000	1	0.00000	0
135	C	0.00000	1	0.00000	0
136	H	0.00000	1	0.00000	0
137	L	0.00000	1	0.00000	0
138	N	0.00000	1	0.00000	0
139	N	0.00000	1	0.00000	0
140	L	0.00000	1	0.00000	0
141	S	0.00000	1	0.00000	0
142	Q	0.00000	1	0.00000	0
143	S	0.00000	1	0.00000	0
144	V	0.00000	1	0.00000	0
145	N	0.00000	1	0.00000	0
146	F	0.00000	1	0.00000	0
147	C	0.00000	1	0.00000	0
148	E	0.00000	1	0.00000	0
149	R	0.00000	1	0.00000	0
150	T	0.00000	1	0.00000	0
151	K	0.00000	1	0.00000	0
152	I	0.00000	1	0.00000	0
153	W	0.00000	1	0.00000	0
154	G	0.00000	1	0.00000	0
155	T	0.00000	1	0.00000	0
156	F	0.00000	1	0.00000	0
157	K	0.00000	1	0.00000	0
158	I	0.00000	1	0.00000	0
159	N	0.00000	1	0.00000	0
160	E	0.00000	1	0.00000	0
161	R	0.00000	1	0.00000	0
162	F	0.00000	1	0.00000	0
163	T	0.00000	1	0.00000	0
164	N	0.00000	1	0.00000	0
165	D	0.00000	1	0.00000	0
166	L	0.00000	1	0.00000	0
167	L	0.00000	1	0.00000	0
168	N	0.00000	1	0.00000	0
169	S	0.00000	1	0.00000	0
170	S	0.00000	1	0.00000	0
171	S	0.00000	1	0.00000	0
172	A	0.00000	1	0.00000	0
173	I	0.00000	1	0.00000	0
174	Y	0.00000	1	0.00000	0
175	S	0.00000	1	0.00000	0
176	K	0.00000	1	0.00000	0
177	Y	0.00000	1	0.00000	0
178	A	0.00000	1	0.00000	0
179	N	0.00000	1	0.00000	0
180	G	0.00000	1	0.00000	0
181	I	0.00000	1	0.00000	0
182	E	0.00000	1	0.00000	0
183	I	0.00000	1	0.00000	0
184	Q	0.00000	1	0.00000	0
185	L	0.00000	1	0.00000	0
186	K	0.00000	1	0.00000	0
187	K	0.00000	1	0.00000	0
188	A	0.00000	1	0.00000	0
189	Y	0.00000	1	0.00000	0
190	E	0.00000	1	0.00000	0
191	R	0.00000	1	0.00000	0
192	I	0.00000	1	0.00000	0
193	Q	0.00000	1	0.00000	0
194	G	0.00000	1	0.00000	0
195	F	0.00000	1	0.00000	0
196	E	0.00000	1	0.00000	0
197	S	0.00000	1	0.00000	0
198	V	0.00000	1	0.00000	0
199	Q	0.00000	1	0.00000	0
200	V	0.00000	1	0.00000	0
201	T	0.00000	1	0.00000	0
202	Q	0.00000	1	0.00000	0
203	F	0.00000	1	0.00000	0
204	R	0.00000	1	0.00000	0
205	N	0.00000	1	0.00000	0
206	G	0.00000	1	0.00000	0
207	S	0.00000	1	0.00000	0
208	I	0.00000	1	0.00000	0
209	V	0.00000	1	0.00000	0
210	A	0.00000	1	0.00000	0
211	G	0.00000	1	0.00000	0
212	Y	0.00000	1	0.00000	0
213	E	0.00000	1	0.00000	0
214	V	0.00000	1	0.00000	0
215	V	0.00000	1	0.00000	0
216	G	0.00000	1	0.00000	0
217	S	0.00000	1	0.00000	0
218	S	0.00000	1	0.00000	0
219	S	0.00000	1	0.00000	0
220	A	0.00000	1	0.00000	0
221	S	0.00000	1	0.00000	0
222	E	0.00000	1	0.00000	0
223	L	0.00000	1	0.00000	0
224	L	0.00000	1	0.00000	0
225	S	0.00000	1	0.00000	0
226	A	0.00000	1	0.00000	0
227	I	0.00000	1	0.00000	0
228	E	0.00000	1	0.00000	0
229	H	0.00000	1	0.00000	0
230	V	0.00000	1	0.00000	0
231	A	0.00000	1	0.00000	0
232	E	0.00000	1	0.00000	0
233	K	0.00000	1	0.00000	0
234	A	0.00000	1	0.00000	0
235	K	0.00000	1	0.00000	0
236	T	0.00000	1	0.00000	0
237	A	0.00000	1	0.00000	0
238	L	0.00000	1	0.00000	0
239	H	0.00000	1	0.00000	0
240	K	0.00000	1	0.00000	0
241	L	0.00000	1	0.00000	0
242	F	0.00000	1	0.00000	0
243	P	0.00000	1	0.00000	0
244	L	0.00000	1	0.00000	0
245	E	0.00000	1	0.00000	0
246	D	0.00000	1	0.00000	0
247	G	0.00000	1	0.00000	0
248	S	0.00000	1	0.00000	0
249	F	0.00000	1	0.00000	0
250	R	0.00000	1	0.00000	0
251	V	0.00000	1	0.00000	0
252	F	0.00000	1	0.00000	0
253	G	0.00000	1	0.00000	0
254	K	0.00000	1	0.00000	0
255	A	0.00000	1	0.00000	0
256	Q	0.00000	1	0.00000	0
257	C	0.00000	1	0.00000	0
258	N	0.00000	1	0.00000	0
259	D	0.00000	1	0.00000	0
260	I	0.00000	1	0.00000	0
261	V	0.00000	1	0.00000	0
262	F	0.00000	1	0.00000	0
263	G	0.00000	1	0.00000	0
264	F	0.00000	1	0.00000	0
265	G	0.00000	1	0.00000	0
266	S	0.00000	1	0.00000	0
267	K	0.00000	1	0.00000	0
268	D	0.00000	1	0.00000	0
269	D	0.00000	1	0.00000	0
270	E	0.00000	1	0.00000	0
271	Y	0.00000	1	0.00000	0
272	T	0.00000	1	0.00000	0
273	L	0.00000	1	0.00000	0
274	P	0.00000	1	0.00000	0
275	C	0.00000	1	0.00000	0
276	S	0.00000	1	0.00000	0
277	S	0.00000	1	0.00000	0
278	G	0.00000	1	0.00000	0
279	Y	0.00000	1	0.00000	0
280	R	0.00000	1	0.00000	0
281	G	0.00000	1	0.00000	0
282	N	0.00000	1	0.00000	0
283	I	0.00000	1	0.00000	0
284	T	0.00000	1	0.00000	0
285	A	0.00000	1	0.00000	0
286	K	0.00000	1	0.00000	0
287	C	0.00000	1	0.00000	0
288	E	0.00000	1	0.00000	0
289	S	0.00000	1	0.00000	0
290	S	0.00000	1	0.00000	0
291	G	0.00000	1	0.00000	0
292	W	0.00000	1	0.00000	0
293	Q	0.00000	1	0.00000	0
294	V	0.00000	1	0.00000	0
295	I	0.00000	1	0.00000	0
296	R	0.00000	1	0.00000	0
297	E	0.00000	1	0.00000	0
298	T	0.00000	1	0.00000	0
299	C	0.00000	1	0.00000	0
300	V	0.00000	1	0.00000	0
301	L	0.00000	1	0.00000	0
302	S	0.00000	1	0.00000	0
303	L	0.00000	1	0.00000	0
304	L	0.00000	1	0.00000	0
305	E	0.00000	1	0.00000	0
306	E	0.00000	1	0.00000	0
307	L	0.00000	1	0.00000	0
308	N	0.00000	1	0.00000	0
309	K	0.00000	1	0.00000	0
310	N	0.00000	1	0.00000	0
311	F	0.00000	1	0.00000	0
312	S	0.00000	1	0.00000	0
313	M	0.00000	1	0.00000	0
314	I	0.00000	1	0.00000	0
315	V	0.00000	1	0.00000	0
316	G	0.00000	1	0.00000	0
317	N	0.00000	1	0.00000	0
318	A	0.00000	1	0.00000	0
319	T	0.00000	1	0.00000	0
320	E	0.00000	1	0.00000	0
321	A	0.00000	1	0.00000	0
322	A	0.00000	1	0.00000	0
323	V	0.00000	1	0.00000	0
324	S	0.00000	1	0.00000	0
325	S	0.00000	1	0.00000	0
326	F	0.00000	1	0.00000	0
327	V	0.00000	1	0.00000	0
328	Q	0.00000	1	0.00000	0
329	N	0.00000	1	0.00000	0
330	L	0.00000	1	0.00000	0
331	S	0.00000	1	0.00000	0
332	V	0.00000	1	0.00000	0
333	I	0.00000	1	0.00000	0
334	I	0.00000	1	0.00000	0
335	R	0.00000	1	0.00000	0
336	Q	0.00000	1	0.00000	0
337	N	0.00000	1	0.00000	0
338	P	0.00000	1	0.00000	0
339	S	0.00000	1	0.00000	0
340	T	0.00000	1	0.00000	0
341	T	0.00000	1	0.00000	0
342	V	0.00000	1	0.00000	0
343	G	0.00000	1	0.00000	0
344	N	0.00000	1	0.00000	0
345	L	0.00000	1	0.00000	0
346	A	0.00000	1	0.00000	0
347	S	0.00000	1	0.00000	0
348	V	0.00000	1	0.00000	0
349	V	0.00000	1	0.00000	0
350	S	0.00000	1	0.00000	0
351	I	0.00000	1	0.00000	0
352	L	0.00000	1	0.00000	0
353	S	0.00000	1	0.00000	0
354	N	0.00000	1	0.00000	0
355	I	0.00000	1	0.00000	0
356	S	0.00000	1	0.00000	0
357	S	0.00000	1	0.00000	0
358	L	0.00000	1	0.00000	0
359	S	0.00000	1	0.00000	0
360	L	0.00000	1	0.00000	0
361	A	0.00000	1	0.00000	0
362	S	0.00000	1	0.00000	0
363	H	0.00000	1	0.00000	0
364	F	0.00000	1	0.00000	0
365	R	0.00000	1	0.00000	0
366	V	0.00000	1	0.00000	0
367	S	0.00000	1	0.00000	0
368	N	0.00000	1	0.00000	0
369	S	0.00000	1	0.00000	0
370	T	0.00000	1	0.00000	0
371	M	0.00000	1	0.00000	0
372	E	0.00000	1	0.00000	0
373	D	0.00000	1	0.00000	0
374	V	0.00000	1	0.00000	0
375	I	0.00000	1	0.00000	0
376	S	0.00000	1	0.00000	0
377	I	0.00000	1	0.00000	0
378	A	0.00000	1	0.00000	0
379	D	0.00000	1	0.00000	0
380	N	0.00000	1	0.00000	0
381	I	0.00000	1	0.00000	0
382	L	0.00000	1	0.00000	0
383	N	0.00000	1	0.00000	0
384	S	0.00000	1	0.00000	0
385	A	0.00000	1	0.00000	0
386	S	0.00000	1	0.00000	0
387	V	0.00000	1	0.00000	0
388	T	0.00000	1	0.00000	0
389	N	0.00000	1	0.00000	0
390	W	0.00000	1	0.00000	0
391	T	0.00000	1	0.00000	0
392	V	0.00000	1	0.00000	0
393	L	0.00000	1	0.00000	0
394	L	0.00000	1	0.00000	0
395	R	0.00000	1	0.00000	0
396	E	0.00000	1	0.00000	0
397	E	0.00000	1	0.00000	0
398	K	0.00000	1	0.00000	0
399	Y	0.00000	1	0.00000	0
400	A	0.00000	1	0.00000	0
401	S	0.00000	1	0.00000	0
402	S	0.00000	1	0.00000	0
403	R	0.00000	1	0.00000	0
404	L	0.00000	1	0.00000	0
405	L	0.00000	1	0.00000	0
406	E	0.00000	1	0.00000	0
407	T	0.00000	1	0.00000	0
408	L	0.00000	1	0.00000	0
409	E	0.00000	1	0.00000	0
410	N	0.00000	1	0.00000	0
411	I	0.00000	1	0.00000	0
412	S	0.00000	1	0.00000	0
413	T	0.00000	1	0.00000	0
414	L	0.00000	1	0.00000	0
415	V	0.00000	1	0.00000	0
416	P	0.00000	1	0.00000	0
417	P	0.00000	1	0.00000	0
418	T	0.00000	1	0.00000	0
419	A	0.00000	1	0.00000	0
420	L	0.00000	1	0.00000	0
421	P	0.00000	1	0.00000	0
422	L	0.00000	1	0.00000	0
423	N	0.00000	1	0.00000	0
424	F	0.00000	1	0.00000	0
425	S	0.00000	1	0.00000	0
426	R	0.00000	1	0.00000	0
427	K	0.00000	1	0.00000	0
428	F	0.00000	1	0.00000	0
429	I	0.00000	1	0.00000	0
430	D	0.00000	1	0.00000	0
431	W	0.00000	1	0.00000	0
432	K	0.00000	1	0.00000	0
433	G	0.00000	1	0.00000	0
434	I	0.00000	1	0.00000	0
435	P	0.00000	1	0.00000	0
436	V	0.00000	1	0.00000	0
437	N	0.00000	1	0.00000	0
438	K	0.00000	1	0.00000	0
439	S	0.00000	1	0.00000	0
440	Q	0.00000	1	0.00000	0
441	L	0.00000	1	0.00000	0
442	K	0.00000	1	0.00000	0
443	R	0.00000	1	0.00000	0
444	G	0.00000	1	0.00000	0
445	Y	0.00000	1	0.00000	0
446	S	0.00000	1	0.00000	0
447	Y	0.00000	1	0.00000	0
448	Q	0.00000	1	0.00000	0
449	I	0.00000	1	0.00000	0
450	K	0.00000	1	0.00000	0
451	M	0.00000	1	0.00000	0
452	C	0.00000	1	0.00000	0
453	P	0.00000	1	0.00000	0
454	Q	0.00000	1	0.00000	0
455	N	0.00000	1	0.00000	0
456	T	0.00000	1	0.00000	0
457	S	0.00000	1	0.00000	0
458	I	0.00000	1	0.00000	0
459	P	0.00000	1	0.00000	0
460	I	0.00000	1	0.00000	0
461	R	0.00000	1	0.00000	0
462	G	0.00000	1	0.00000	0
463	R	0.00000	1	0.00000	0
464	V	0.00000	1	0.00000	0
465	L	0.00000	1	0.00000	0
466	I	0.00000	1	0.00000	0
467	G	0.00000	1	0.00000	0
468	S	0.00000	1	0.00000	0
469	D	0.00000	1	0.00000	0
470	Q	0.00000	1	0.00000	0
471	F	0.00000	1	0.00000	0
472	Q	0.00000	1	0.00000	0
473	R	0.00000	1	0.00000	0
474	S	0.00000	1	0.00000	0
475	L	0.00000	1	0.00000	0
476	P	0.00000	1	0.00000	0
477	E	0.00000	1	0.00000	0
478	T	0.00000	1	0.00000	0
479	I	0.00000	1	0.00000	0
480	I	0.00000	1	0.00000	0
481	S	0.00000	1	0.00000	0
482	M	0.00000	1	0.00000	0
483	A	0.00000	1	0.00000	0
484	S	0.00000	1	0.00000	0
485	L	0.00000	1	0.00000	0
486	T	0.00000	1	0.00000	0
487	L	0.00000	1	0.00000	0
488	G	0.00000	1	0.00000	0
489	N	0.00000	1	0.00000	0
490	I	0.00000	1	0.00000	0
491	L	0.00000	1	0.00000	0
492	P	0.00000	1	0.00000	0
493	V	0.00000	1	0.00000	0
494	S	0.00000	1	0.00000	0
495	K	0.00000	1	0.00000	0
496	N	0.00000	1	0.00000	0
497	G	0.00000	1	0.00000	0
498	N	0.00000	1	0.00000	0
499	A	0.00000	1	0.00000	0
500	Q	0.00000	1	0.00000	0
501	V	0.00000	1	0.00000	0
502	N	0.00000	1	0.00000	0
503	G	0.00000	1	0.00000	0
504	P	0.00000	1	0.00000	0
505	V	0.00000	1	0.00000	0
506	I	0.00000	1	0.00000	0
507	S	0.00000	1	0.00000	0
508	T	0.00000	1	0.00000	0
509	V	0.00000	1	0.00000	0
510	I	0.00000	1	0.00000	0
511	Q	0.00000	1	0.00000	0
512	N	0.00000	1	0.00000	0
513	Y	0.00000	1	0.00000	0
514	S	0.00000	1	0.00000	0
515	I	0.00000	1	0.00000	0
516	N	0.00000	1	0.00000	0
517	E	0.00000	1	0.00000	0
518	V	0.00000	1	0.00000	0
519	F	0.00000	1	0.00000	0
520	L	0.00000	1	0.00000	0
521	F	0.00000	1	0.00000	0
522	F	0.00000	1	0.00000	0
523	S	0.00000	1	0.00000	0
524	K	0.00000	1	0.00000	0
525	I	0.00000	1	0.00000	0
526	E	0.00000	1	0.00000	0
527	S	0.00000	1	0.00000	0
528	N	0.00000	1	0.00000	0
529	L	0.00000	1	0.00000	0
530	S	0.00000	1	0.00000	0
531	Q	0.00000	1	0.00000	0
532	P	0.00000	1	0.00000	0
533	H	0.00000	1	0.00000	0
534	C	0.00000	1	0.00000	0
535	V	0.00000	1	0.00000	0
536	F	0.00000	1	0.00000	0
537	W	0.00000	1	0.00000	0
538	D	0.00000	1	0.00000	0
539	F	0.00000	1	0.00000	0
540	S	0.00000	1	0.00000	0
541	H	0.00000	1	0.00000	0
542	L	0.00000	1	0.00000	0
543	Q	0.00000	1	0.00000	0
544	W	0.00000	1	0.00000	0
545	N	0.00000	1	0.00000	0
546	D	0.00000	1	0.00000	0
547	A	0.00000	1	0.00000	0
548	G	0.00000	1	0.00000	0
549	C	0.00000	1	0.00000	0
550	H	0.00000	1	0.00000	0
551	L	0.00000	1	0.00000	0
552	V	0.00000	1	0.00000	0
553	N	0.00000	1	0.00000	0
554	E	0.00000	1	0.00000	0
555	T	0.00000	1	0.00000	0
556	Q	0.00000	1	0.00000	0
557	D	0.00000	1	0.00000	0
558	I	0.00000	1	0.00000	0
559	V	0.00000	1	0.00000	0
560	T	0.00000	1	0.00000	0
561	C	0.00000	1	0.00000	0
562	Q	0.00000	1	0.00000	0
563	C	0.00000	1	0.00000	0
564	T	0.00000	1	0.00000	0
565	H	0.00000	1	0.00000	0
566	L	0.00000	1	0.00000	0
567	T	0.00000	1	0.00000	0
568	S	0.00000	1	0.00000	0
569	F	0.00000	1	0.00000	0
570	S	0.00000	1	0.00000	0
571	I	0.00000	1	0.00000	0
572	L	0.00000	1	0.00000	0
573	M	0.00000	1	0.00000	0
574	S	0.00000	1	0.00000	0
575	P	0.00000	1	0.00000	0
576	F	0.00000	1	0.00000	0
577	V	0.00000	1	0.00000	0
578	P	0.00000	1	0.00000	0
579	S	0.00000	1	0.00000	0
580	T	0.00000	1	0.00000	0
581	I	0.00000	1	0.00000	0
582	F	0.00000	1	0.00000	0
583	P	0.00000	0.99996	0.00004	0
584	V	0.00000	0.99946	0.00054	0
585	V	0.00000	0.99896	0.00104	0
586	K	0.00000	0.98627	0.01373	0
587	W	0.00000	0.10856	0.89144	0
588	I	0.00000	0.0144	0.98560	0
589	T	0.00000	0.00472	0.99528	0
590	Y	0.00000	0.00167	0.99833	0
591	V	0.00000	0.00036	0.99964	0
592	G	0.00000	0.00025	0.99975	0
593	L	0.00000	3e-05	0.99997	0
594	G	0.00000	1e-05	0.99999	0
595	I	0.00000	0	1.00000	0
596	S	0.00000	0	1.00000	0
597	I	0.00000	0	1.00000	0
598	G	0.00000	0	1.00000	0
599	S	0.00000	0	1.00000	0
600	L	0.00000	0	1.00000	0
601	I	0.00000	0	1.00000	0
602	L	0.00000	0	1.00000	0
603	C	0.00000	0	1.00000	0
604	L	0.00000	0	1.00000	0
605	I	0.00000	0	1.00000	0
606	I	0.00000	0	1.00000	0
607	E	0.00023	0	0.99977	0
608	A	0.00039	0	0.99961	0
609	L	0.00211	0	0.99789	0
610	F	0.02739	0	0.97261	0
611	W	0.32353	0	0.67647	0
612	K	0.83625	0	0.16375	0
613	Q	0.96227	0	0.03773	0
614	I	0.96749	0	0.03251	0
615	K	0.99966	0	0.00034	0
616	K	1.00000	0	0.00000	0
617	S	1.00000	0	0.00000	0
618	Q	1.00000	0	0.00000	0
619	T	1.00000	0	0.00000	0
620	S	1.00000	0	0.00000	0
621	H	0.99996	0	0.00004	0
622	T	0.99995	0	0.00005	0
623	R	0.99980	0	0.00020	0
624	R	0.99427	0	0.00573	0
625	I	0.03313	0	0.96687	0
626	C	0.00032	0	0.99968	0
627	M	0.00002	0	0.99998	0
628	V	0.00000	0	1.00000	0
629	N	0.00000	0	1.00000	0
630	I	0.00000	0	1.00000	0
631	A	0.00000	0	1.00000	0
632	L	0.00000	0	1.00000	0
633	S	0.00000	0	1.00000	0
634	L	0.00000	0	1.00000	0
635	L	0.00000	0	1.00000	0
636	I	0.00000	0	1.00000	0
637	A	0.00000	0	1.00000	0
638	D	0.00000	0	1.00000	0
639	V	0.00000	0	1.00000	0
640	W	0.00000	0	1.00000	0
641	F	0.00000	0	1.00000	0
642	I	0.00000	0	1.00000	0
643	V	0.00000	0.00132	0.99868	0
644	G	0.00000	0.25523	0.74477	0
645	A	0.00000	0.79682	0.20318	0
646	T	0.00000	0.90274	0.09726	0
647	V	0.00000	0.94178	0.05822	0
648	D	0.00000	0.99814	0.00186	0
649	T	0.00000	0.99975	0.00025	0
650	T	0.00000	0.99991	0.00009	0
651	V	0.00000	0.99995	0.00005	0
652	N	0.00000	1	0.00000	0
653	P	0.00000	1	0.00000	0
654	S	0.00000	1	0.00000	0
655	G	0.00000	0.99999	0.00001	0
656	V	0.00000	0.99997	0.00003	0
657	C	0.00000	0.99988	0.00012	0
658	T	0.00000	0.99533	0.00467	0
659	A	0.00000	0.94127	0.05873	0
660	A	0.00000	0.91028	0.08972	0
661	V	0.00000	0.4572	0.54280	0
662	F	0.00000	0.17023	0.82977	0
663	F	0.00000	0.0805	0.91950	0
664	T	0.00000	0.03522	0.96478	0
665	H	0.00000	0.00137	0.99863	0
666	F	0.00000	5e-05	0.99995	0
667	F	0.00000	0	1.00000	0
668	Y	0.00000	0	1.00000	0
669	L	0.00000	0	1.00000	0
670	S	0.00000	0	1.00000	0
671	L	0.00000	0	1.00000	0
672	F	0.00000	0	1.00000	0
673	F	0.00000	0	1.00000	0
674	W	0.00000	0	1.00000	0
675	M	0.00000	0	1.00000	0
676	L	0.00000	0	1.00000	0
677	M	0.00000	0	1.00000	0
678	L	0.00000	0	1.00000	0
679	G	0.00000	0	1.00000	0
680	I	0.00002	0	0.99998	0
681	L	0.00027	0	0.99973	0
682	L	0.00301	0	0.99699	0
683	A	0.10547	0	0.89453	0
684	Y	0.15287	0	0.84713	0
685	R	0.85139	0	0.14861	0
686	I	0.97572	0	0.02428	0
687	I	0.99666	0	0.00334	0
688	L	0.99926	0	0.00074	0
689	V	0.99998	0	0.00002	0
690	F	1.00000	0	0.00000	0
691	H	1.00000	0	0.00000	0
692	H	1.00000	0	0.00000	0
693	M	1.00000	0	0.00000	0
694	A	1.00000	0	0.00000	0
695	Q	1.00000	0	0.00000	0
696	H	0.99740	0	0.00260	0
697	L	0.92185	0	0.07815	0
698	M	0.85992	0	0.14008	0
699	M	0.65795	0	0.34205	0
700	A	0.22859	0	0.77141	0
701	V	0.02967	0	0.97033	0
702	G	0.02318	0	0.97682	0
703	F	0.00028	0	0.99972	0
704	C	0.00000	0	1.00000	0
705	L	0.00000	0	1.00000	0
706	G	0.00000	0	1.00000	0
707	Y	0.00000	0	1.00000	0
708	G	0.00000	0	1.00000	0
709	C	0.00000	0	1.00000	0
710	P	0.00000	0	1.00000	0
711	L	0.00000	0	1.00000	0
712	I	0.00000	0	1.00000	0
713	I	0.00000	0	1.00000	0
714	S	0.00000	0	1.00000	0
715	V	0.00000	0	1.00000	0
716	I	0.00000	0.00012	0.99988	0
717	T	0.00000	0.00326	0.99674	0
718	I	0.00000	0.0085	0.99150	0
719	A	0.00000	0.03692	0.96308	0
720	V	0.00000	0.16057	0.83943	0
721	T	0.00000	0.64577	0.35423	0
722	Q	0.00000	0.94606	0.05394	0
723	P	0.00000	0.9859	0.01410	0
724	S	0.00000	0.99745	0.00255	0
725	N	0.00000	0.99984	0.00016	0
726	T	0.00000	0.99998	0.00002	0
727	Y	0.00000	1	0.00000	0
728	K	0.00000	1	0.00000	0
729	R	0.00000	1	0.00000	0
730	K	0.00000	1	0.00000	0
731	D	0.00000	1	0.00000	0
732	V	0.00000	1	0.00000	0
733	C	0.00000	1	0.00000	0
734	W	0.00000	1	0.00000	0
735	L	0.00000	1	0.00000	0
736	N	0.00000	1	0.00000	0
737	W	0.00000	0.99996	0.00004	0
738	S	0.00000	0.99996	0.00004	0
739	N	0.00000	0.99996	0.00004	0
740	G	0.00000	0.99995	0.00005	0
741	S	0.00000	0.99966	0.00034	0
742	K	0.00000	0.99914	0.00086	0
743	P	0.00000	0.84582	0.15418	0
744	L	0.00000	0.52352	0.47648	0
745	L	0.00000	0.00358	0.99642	0
746	A	0.00000	0.00051	0.99949	0
747	F	0.00000	0.00023	0.99977	0
748	V	0.00000	1e-05	0.99999	0
749	V	0.00000	0	1.00000	0
750	P	0.00000	0	1.00000	0
751	A	0.00000	0	1.00000	0
752	L	0.00000	0	1.00000	0
753	A	0.00000	0	1.00000	0
754	I	0.00000	0	1.00000	0
755	V	0.00000	0	1.00000	0
756	A	0.00000	0	1.00000	0
757	V	0.00000	0	1.00000	0
758	N	0.00000	0	1.00000	0
759	F	0.00000	0	1.00000	0
760	V	0.00000	0	1.00000	0
761	V	0.00000	0	1.00000	0
762	V	0.00000	0	1.00000	0
763	L	0.00000	0	1.00000	0
764	L	0.00006	0	0.99994	0
765	V	0.00228	0	0.99772	0
766	L	0.04182	0	0.95818	0
767	T	0.46540	0	0.53460	0
768	K	0.69967	0	0.30033	0
769	L	0.71185	0	0.28815	0
770	W	0.75100	0	0.24900	0
771	R	0.99436	0	0.00564	0
772	P	0.99980	0	0.00020	0
773	T	1.00000	0	0.00000	0
774	V	1.00000	0	0.00000	0
775	G	1.00000	0	0.00000	0
776	E	1.00000	0	0.00000	0
777	R	1.00000	0	0.00000	0
778	L	1.00000	0	0.00000	0
779	S	1.00000	0	0.00000	0
780	R	1.00000	0	0.00000	0
781	D	1.00000	0	0.00000	0
782	D	1.00000	0	0.00000	0
783	K	0.99914	0	0.00086	0
784	A	0.98304	0	0.01696	0
785	T	0.93801	0	0.06199	0
786	I	0.87179	0	0.12821	0
787	I	0.24043	0	0.75957	0
788	R	0.23996	0	0.76004	0
789	V	0.23713	0	0.76287	0
790	G	0.23424	0	0.76576	0
791	K	0.23212	0	0.76788	0
792	S	0.04718	0	0.95282	0
793	L	0.00000	0	1.00000	0
794	L	0.00000	0	1.00000	0
795	I	0.00000	0	1.00000	0
796	L	0.00000	0	1.00000	0
797	T	0.00000	0	1.00000	0
798	P	0.00000	0	1.00000	0
799	L	0.00000	0	1.00000	0
800	L	0.00000	0	1.00000	0
801	G	0.00000	0	1.00000	0
802	L	0.00000	0	1.00000	0
803	T	0.00000	1e-05	0.99999	0
804	W	0.00000	0.00012	0.99988	0
805	G	0.00000	0.00078	0.99922	0
806	F	0.00000	0.00147	0.99853	0
807	G	0.00000	0.02269	0.97731	0
808	I	0.00000	0.03807	0.96193	0
809	G	0.00000	0.14101	0.85899	0
810	T	0.00000	0.18331	0.81669	0
811	I	0.00000	0.23383	0.76617	0
812	V	0.00000	0.36478	0.63522	0
813	D	0.00000	0.99611	0.00389	0
814	S	0.00000	0.99794	0.00206	0
815	Q	0.00000	0.98384	0.01616	0
816	N	0.00000	0.91348	0.08652	0
817	L	0.00000	0.37038	0.62962	0
818	A	0.00000	0.21418	0.78582	0
819	W	0.00000	0.10877	0.89123	0
820	H	0.00000	0.08425	0.91575	0
821	V	0.00000	0.01175	0.98825	0
822	I	0.00000	0.00037	0.99963	0
823	F	0.00000	0	1.00000	0
824	A	0.00000	0	1.00000	0
825	L	0.00000	0	1.00000	0
826	L	0.00000	0	1.00000	0
827	N	0.00000	0	1.00000	0
828	A	0.00000	0	1.00000	0
829	F	0.00000	0	1.00000	0
830	Q	0.00000	0	1.00000	0
831	G	0.00000	0	1.00000	0
832	F	0.00000	0	1.00000	0
833	F	0.00000	0	1.00000	0
834	I	0.00000	0	1.00000	0
835	L	0.00002	0	0.99998	0
836	C	0.00429	0	0.99571	0
837	F	0.02060	0	0.97940	0
838	G	0.18929	0	0.81071	0
839	I	0.43085	0	0.56915	0
840	L	0.60613	0	0.39387	0
841	L	0.73559	0	0.26441	0
842	D	0.99719	0	0.00281	0
843	S	0.99957	0	0.00043	0
844	K	1.00000	0	0.00000	0
845	L	1.00000	0	0.00000	0
846	R	1.00000	0	0.00000	0
847	Q	1.00000	0	0.00000	0
848	L	1.00000	0	0.00000	0
849	L	1.00000	0	0.00000	0
850	F	1.00000	0	0.00000	0
851	N	1.00000	0	0.00000	0
852	K	1.00000	0	0.00000	0
853	L	1.00000	0	0.00000	0
854	S	1.00000	0	0.00000	0
855	A	1.00000	0	0.00000	0
856	L	1.00000	0	0.00000	0
857	S	1.00000	0	0.00000	0
858	S	1.00000	0	0.00000	0
859	W	1.00000	0	0.00000	0
860	K	1.00000	0	0.00000	0
861	Q	1.00000	0	0.00000	0
862	T	1.00000	0	0.00000	0
863	E	1.00000	0	0.00000	0
864	K	1.00000	0	0.00000	0
865	Q	1.00000	0	0.00000	0
866	N	1.00000	0	0.00000	0
867	S	1.00000	0	0.00000	0
868	S	1.00000	0	0.00000	0
869	D	1.00000	0	0.00000	0
870	L	1.00000	0	0.00000	0
871	S	1.00000	0	0.00000	0
872	A	1.00000	0	0.00000	0
873	K	1.00000	0	0.00000	0
874	P	1.00000	0	0.00000	0
875	K	1.00000	0	0.00000	0
876	F	1.00000	0	0.00000	0
877	S	1.00000	0	0.00000	0
878	K	1.00000	0	0.00000	0
879	P	1.00000	0	0.00000	0
880	F	1.00000	0	0.00000	0
881	N	1.00000	0	0.00000	0
882	P	1.00000	0	0.00000	0
883	L	1.00000	0	0.00000	0
884	Q	1.00000	0	0.00000	0
885	N	1.00000	0	0.00000	0
886	K	1.00000	0	0.00000	0
887	G	1.00000	0	0.00000	0
888	H	1.00000	0	0.00000	0
889	Y	1.00000	0	0.00000	0
890	A	1.00000	0	0.00000	0
891	F	1.00000	0	0.00000	0
892	S	1.00000	0	0.00000	0
893	H	1.00000	0	0.00000	0
894	T	1.00000	0	0.00000	0
895	G	1.00000	0	0.00000	0
896	D	1.00000	0	0.00000	0
897	S	1.00000	0	0.00000	0
898	S	1.00000	0	0.00000	0
899	D	1.00000	0	0.00000	0
900	N	1.00000	0	0.00000	0
901	I	1.00000	0	0.00000	0
902	M	1.00000	0	0.00000	0
903	L	1.00000	0	0.00000	0
904	T	1.00000	0	0.00000	0
905	Q	1.00000	0	0.00000	0
906	F	1.00000	0	0.00000	0
907	V	1.00000	0	0.00000	0
908	S	1.00000	0	0.00000	0
909	N	1.00000	0	0.00000	0
910	E	1.00000	0	0.00000	0
