# UNNAMED
#pos	aa	i	o	M	S
1	M	0.00000	0.99946	0.00000	0.00054
2	D	0.00000	0.99946	0.00000	0.00054
3	E	0.00000	0.99946	0.00000	0.00054
4	A	0.00000	0.99946	0.00000	0.00054
5	N	0.00000	0.99946	0.00000	0.00054
6	H	0.00000	0.99946	0.00000	0.00054
7	S	0.00000	0.99946	0.00000	0.00054
8	V	0.00000	0.99946	0.00000	0.00054
9	V	0.00000	0.99946	0.00000	0.00054
10	S	0.00000	0.99946	0.00000	0.00054
11	E	0.00000	0.99946	0.00000	0.00054
12	F	0.00000	0.99946	0.00000	0.00054
13	V	0.00000	0.99946	0.00000	0.00054
14	F	0.00000	0.99946	0.00000	0.00054
15	L	0.00000	0.99946	0.00000	0.00054
16	G	0.00000	0.99946	0.00000	0.00054
17	L	0.00000	0.99946	0.00000	0.00054
18	S	0.00000	0.99946	0.00000	0.00054
19	D	0.00000	0.99947	0.00000	0.00053
20	S	0.00000	0.99945	0.00002	0.00053
21	R	0.00000	0.99992	0.00008	0
22	K	0.00000	0.99712	0.00288	0
23	I	0.00000	0.8606	0.13940	0
24	Q	0.00000	0.81035	0.18965	0
25	L	0.00000	0.58866	0.41134	0
26	L	0.00000	0.32892	0.67108	0
27	L	0.00000	0.07425	0.92575	0
28	F	0.00000	0.02667	0.97333	0
29	L	0.00000	0.01831	0.98169	0
30	F	0.00000	0.0144	0.98560	0
31	F	0.00000	0.00067	0.99933	0
32	S	0.00000	7e-05	0.99993	0
33	V	0.00000	0	1.00000	0
34	F	0.00000	0	1.00000	0
35	Y	0.00000	0	1.00000	0
36	V	0.00000	0	1.00000	0
37	S	0.00000	0	1.00000	0
38	S	0.00000	0	1.00000	0
39	L	0.00000	0	1.00000	0
40	M	0.00000	0	1.00000	0
41	G	0.00000	0	1.00000	0
42	N	0.00000	0	1.00000	0
43	L	0.00000	0	1.00000	0
44	L	0.00000	0	1.00000	0
45	I	0.00003	0	0.99997	0
46	V	0.00055	0	0.99945	0
47	L	0.01644	0	0.98356	0
48	T	0.46415	0	0.53585	0
49	V	0.59113	0	0.40887	0
50	T	0.95928	0	0.04072	0
51	S	0.99636	0	0.00364	0
52	D	0.99997	0	0.00003	0
53	P	1.00000	0	0.00000	0
54	R	1.00000	0	0.00000	0
55	L	1.00000	0	0.00000	0
56	Q	1.00000	0	0.00000	0
57	S	1.00000	0	0.00000	0
58	P	1.00000	0	0.00000	0
59	M	0.20699	0	0.79301	0
60	Y	0.14640	0	0.85360	0
61	F	0.01722	0	0.98278	0
62	L	0.00035	0	0.99965	0
63	L	0.00006	0	0.99994	0
64	A	0.00003	0	0.99997	0
65	N	0.00000	0	1.00000	0
66	L	0.00000	0	1.00000	0
67	S	0.00000	0	1.00000	0
68	I	0.00000	0	1.00000	0
69	I	0.00000	0	1.00000	0
70	N	0.00000	0	1.00000	0
71	L	0.00000	0	1.00000	0
72	V	0.00000	0	1.00000	0
73	F	0.00000	0	1.00000	0
74	C	0.00000	0	1.00000	0
75	S	0.00000	0	1.00000	0
76	S	0.00000	0	1.00000	0
77	T	0.00000	0	1.00000	0
78	A	0.00000	0	1.00000	0
79	P	0.00000	0	1.00000	0
80	K	0.00000	0.00324	0.99676	0
81	M	0.00000	0.0091	0.99090	0
82	I	0.00000	0.14254	0.85746	0
83	Y	0.00000	0.72496	0.27504	0
84	D	0.00000	0.99999	0.00001	0
85	L	0.00000	1	0.00000	0
86	F	0.00000	1	0.00000	0
87	R	0.00000	1	0.00000	0
88	K	0.00000	1	0.00000	0
89	H	0.00000	1	0.00000	0
90	K	0.00000	1	0.00000	0
91	T	0.00000	1	0.00000	0
92	I	0.00000	1	0.00000	0
93	S	0.00000	1	0.00000	0
94	F	0.00000	1	0.00000	0
95	G	0.00000	1	0.00000	0
96	G	0.00000	0.99996	0.00004	0
97	C	0.00000	0.99957	0.00043	0
98	V	0.00000	0.98221	0.01779	0
99	V	0.00000	0.96321	0.03679	0
100	Q	0.00000	0.9453	0.05470	0
101	I	0.00000	0.13414	0.86586	0
102	F	0.00000	0.02938	0.97062	0
103	F	0.00000	0.00163	0.99837	0
104	I	0.00000	7e-05	0.99993	0
105	H	0.00000	0	1.00000	0
106	A	0.00000	0	1.00000	0
107	V	0.00000	0	1.00000	0
108	G	0.00000	0	1.00000	0
109	G	0.00000	0	1.00000	0
110	T	0.00000	0	1.00000	0
111	E	0.00000	0	1.00000	0
112	M	0.00000	0	1.00000	0
113	V	0.00000	0	1.00000	0
114	L	0.00000	0	1.00000	0
115	L	0.00000	0	1.00000	0
116	I	0.00000	0	1.00000	0
117	A	0.00000	0	1.00000	0
118	M	0.00000	0	1.00000	0
119	A	0.00000	0	1.00000	0
120	F	0.00000	0	1.00000	0
121	D	0.00002	0	0.99998	0
122	R	0.00558	0	0.99442	0
123	Y	0.10831	0	0.89169	0
124	V	0.92760	0	0.07240	0
125	A	0.99081	0	0.00919	0
126	I	1.00000	0	0.00000	0
127	C	1.00000	0	0.00000	0
128	K	1.00000	0	0.00000	0
129	P	1.00000	0	0.00000	0
130	L	1.00000	0	0.00000	0
131	H	1.00000	0	0.00000	0
132	Y	1.00000	0	0.00000	0
133	L	1.00000	0	0.00000	0
134	T	1.00000	0	0.00000	0
135	I	1.00000	0	0.00000	0
136	M	1.00000	0	0.00000	0
137	N	1.00000	0	0.00000	0
138	P	1.00000	0	0.00000	0
139	Q	0.99985	0	0.00015	0
140	R	0.99303	0	0.00697	0
141	C	0.01372	0	0.98628	0
142	I	0.00144	0	0.99856	0
143	L	0.00006	0	0.99994	0
144	F	0.00000	0	1.00000	0
145	L	0.00000	0	1.00000	0
146	V	0.00000	0	1.00000	0
147	I	0.00000	0	1.00000	0
148	S	0.00000	0	1.00000	0
149	W	0.00000	0	1.00000	0
150	I	0.00000	0	1.00000	0
151	I	0.00000	0	1.00000	0
152	G	0.00000	0	1.00000	0
153	I	0.00000	0	1.00000	0
154	I	0.00000	0	1.00000	0
155	H	0.00000	0	1.00000	0
156	S	0.00000	0	1.00000	0
157	V	0.00000	0	1.00000	0
158	I	0.00000	0	1.00000	0
159	Q	0.00000	0.00018	0.99982	0
160	L	0.00000	0.00156	0.99844	0
161	A	0.00000	0.00682	0.99318	0
162	F	0.00000	0.05781	0.94219	0
163	V	0.00000	0.36116	0.63884	0
164	V	0.00000	0.82602	0.17398	0
165	D	0.00000	0.99984	0.00016	0
166	L	0.00000	0.99993	0.00007	0
167	L	0.00000	0.99997	0.00003	0
168	F	0.00000	0.99999	0.00001	0
169	C	0.00000	1	0.00000	0
170	G	0.00000	1	0.00000	0
171	P	0.00000	1	0.00000	0
172	N	0.00000	1	0.00000	0
173	E	0.00000	1	0.00000	0
174	L	0.00000	1	0.00000	0
175	D	0.00000	1	0.00000	0
176	S	0.00000	1	0.00000	0
177	F	0.00000	1	0.00000	0
178	F	0.00000	1	0.00000	0
179	C	0.00000	1	0.00000	0
180	D	0.00000	1	0.00000	0
181	L	0.00000	1	0.00000	0
182	P	0.00000	1	0.00000	0
183	R	0.00000	1	0.00000	0
184	F	0.00000	1	0.00000	0
185	I	0.00000	1	0.00000	0
186	K	0.00000	1	0.00000	0
187	L	0.00000	1	0.00000	0
188	A	0.00000	1	0.00000	0
189	C	0.00000	1	0.00000	0
190	I	0.00000	1	0.00000	0
191	E	0.00000	0.99997	0.00003	0
192	T	0.00000	0.99991	0.00009	0
193	Y	0.00000	0.99633	0.00367	0
194	T	0.00000	0.9918	0.00820	0
195	L	0.00000	0.97056	0.02944	0
196	G	0.00000	0.96186	0.03814	0
197	F	0.00000	0.19492	0.80508	0
198	M	0.00000	0.03149	0.96851	0
199	V	0.00000	0.00164	0.99836	0
200	T	0.00000	0.00145	0.99855	0
201	A	0.00000	0.00128	0.99872	0
202	N	0.00000	0.00065	0.99935	0
203	S	0.00000	0.0006	0.99940	0
204	G	0.00000	0.00046	0.99954	0
205	F	0.00000	0	1.00000	0
206	I	0.00000	0	1.00000	0
207	S	0.00000	0	1.00000	0
208	L	0.00000	0	1.00000	0
209	A	0.00000	0	1.00000	0
210	S	0.00000	0	1.00000	0
211	F	0.00000	0	1.00000	0
212	L	0.00000	0	1.00000	0
213	I	0.00000	0	1.00000	0
214	L	0.00000	0	1.00000	0
215	I	0.00000	0	1.00000	0
216	I	0.00004	0	0.99996	0
217	S	0.00040	0	0.99960	0
218	Y	0.00048	0	0.99952	0
219	I	0.00102	0	0.99898	0
220	F	0.00483	0	0.99517	0
221	I	0.03556	0	0.96444	0
222	L	0.14038	0	0.85962	0
223	V	0.76348	0	0.23652	0
224	T	0.96774	0	0.03226	0
225	V	0.98341	0	0.01659	0
226	Q	0.99991	0	0.00009	0
227	K	1.00000	0	0.00000	0
228	K	1.00000	0	0.00000	0
229	S	1.00000	0	0.00000	0
230	S	1.00000	0	0.00000	0
231	G	0.99997	0	0.00003	0
232	G	0.99977	0	0.00023	0
233	I	0.94299	0	0.05701	0
234	F	0.93136	0	0.06864	0
235	K	0.93112	0	0.06888	0
236	A	0.67970	0	0.32030	0
237	F	0.64545	0	0.35455	0
238	S	0.07799	0	0.92201	0
239	M	0.03164	0	0.96836	0
240	L	0.03090	0	0.96910	0
241	S	0.02816	0	0.97184	0
242	A	0.02292	0	0.97708	0
243	H	0.02159	0	0.97841	0
244	V	0.01988	0	0.98012	0
245	I	0.00030	0	0.99970	0
246	V	0.00021	0	0.99979	0
247	V	0.00000	0	1.00000	0
248	V	0.00000	0	1.00000	0
249	L	0.00000	0	1.00000	0
250	V	0.00000	0	1.00000	0
251	F	0.00000	0	1.00000	0
252	G	0.00000	0	1.00000	0
253	P	0.00000	0	1.00000	0
254	L	0.00000	0	1.00000	0
255	I	0.00000	1e-05	0.99999	0
256	F	0.00000	8e-05	0.99992	0
257	F	0.00000	0.0005	0.99950	0
258	Y	0.00000	0.00597	0.99403	0
259	I	0.00000	0.02294	0.97706	0
260	F	0.00000	0.09271	0.90729	0
261	P	0.00000	0.49785	0.50215	0
262	F	0.00000	0.60303	0.39697	0
263	P	0.00000	0.94886	0.05114	0
264	T	0.00000	0.96952	0.03048	0
265	S	0.00000	0.97839	0.02161	0
266	H	0.00000	0.97338	0.02662	0
267	L	0.00000	0.89781	0.10219	0
268	D	0.00000	0.89476	0.10524	0
269	K	0.00000	0.62883	0.37117	0
270	F	0.00000	0.01148	0.98852	0
271	L	0.00000	3e-05	0.99997	0
272	A	0.00000	0	1.00000	0
273	I	0.00000	0	1.00000	0
274	F	0.00000	0	1.00000	0
275	D	0.00000	0	1.00000	0
276	A	0.00000	0	1.00000	0
277	V	0.00000	0	1.00000	0
278	I	0.00000	0	1.00000	0
279	T	0.00000	0	1.00000	0
280	P	0.00000	0	1.00000	0
281	V	0.00000	0	1.00000	0
282	L	0.00000	0	1.00000	0
283	N	0.00000	0	1.00000	0
284	P	0.00000	0	1.00000	0
285	V	0.00000	0	1.00000	0
286	I	0.00004	0	0.99996	0
287	Y	0.00064	0	0.99936	0
288	T	0.01174	0	0.98826	0
289	F	0.04647	0	0.95353	0
290	R	1.00000	0	0.00000	0
291	N	1.00000	0	0.00000	0
292	K	1.00000	0	0.00000	0
293	E	1.00000	0	0.00000	0
294	M	1.00000	0	0.00000	0
295	M	1.00000	0	0.00000	0
296	V	1.00000	0	0.00000	0
297	A	1.00000	0	0.00000	0
298	M	1.00000	0	0.00000	0
299	R	1.00000	0	0.00000	0
300	R	1.00000	0	0.00000	0
301	R	1.00000	0	0.00000	0
302	C	1.00000	0	0.00000	0
303	S	1.00000	0	0.00000	0
304	Q	1.00000	0	0.00000	0
305	F	1.00000	0	0.00000	0
306	V	1.00000	0	0.00000	0
307	N	1.00000	0	0.00000	0
308	Y	1.00000	0	0.00000	0
309	S	1.00000	0	0.00000	0
310	K	1.00000	0	0.00000	0
311	I	1.00000	0	0.00000	0
312	F	1.00000	0	0.00000	0
