# UNNAMED
#pos	aa	i	o	M	S
1	M	0.00000	1	0.00000	0
2	V	0.00000	1	0.00000	0
3	R	0.00000	1	0.00000	0
4	L	0.00000	0.04794	0.95206	0
5	P	0.00000	0.00516	0.99484	0
6	L	0.00000	0.00293	0.99707	0
7	Q	0.00000	0.00065	0.99935	0
8	C	0.00000	4e-05	0.99996	0
9	V	0.00000	0	1.00000	0
10	L	0.00000	0	1.00000	0
11	W	0.00000	0	1.00000	0
12	G	0.00000	0	1.00000	0
13	C	0.00000	0	1.00000	0
14	L	0.00000	0	1.00000	0
15	L	0.00000	0	1.00000	0
16	T	0.00000	0	1.00000	0
17	A	0.00000	0	1.00000	0
18	V	0.00000	0	1.00000	0
19	H	0.00000	0	1.00000	0
20	P	0.00000	0	1.00000	0
21	E	0.05155	0	0.94845	0
22	P	0.71616	0	0.28384	0
23	P	0.97826	0	0.02174	0
24	T	0.99721	0	0.00279	0
25	A	0.99761	0	0.00239	0
26	C	0.99907	0	0.00093	0
27	R	0.99999	0	0.00001	0
28	E	0.99788	0	0.00212	0
29	K	0.96501	0	0.03499	0
30	Q	0.01547	0	0.98453	0
31	Y	0.00010	0	0.99990	0
32	L	0.00000	0	1.00000	0
33	I	0.00000	0	1.00000	0
34	N	0.00000	0	1.00000	0
35	S	0.00000	0	1.00000	0
36	Q	0.00000	0	1.00000	0
37	C	0.00000	0	1.00000	0
38	C	0.00000	0	1.00000	0
39	S	0.00000	0	1.00000	0
40	L	0.00000	0	1.00000	0
41	C	0.00000	0	1.00000	0
42	Q	0.00000	0	1.00000	0
43	P	0.00000	0	1.00000	0
44	G	0.00000	0	1.00000	0
45	Q	0.00000	0	1.00000	0
46	K	0.00000	0	1.00000	0
47	L	0.00000	0.02216	0.97784	0
48	V	0.00000	0.98368	0.01632	0
49	S	0.00000	0.99906	0.00094	0
50	D	0.00000	0.99996	0.00004	0
51	C	0.00000	1	0.00000	0
52	T	0.00000	1	0.00000	0
53	E	0.00000	1	0.00000	0
54	F	0.00000	1	0.00000	0
55	T	0.00000	1	0.00000	0
56	E	0.00000	1	0.00000	0
57	T	0.00000	1	0.00000	0
58	E	0.00000	1	0.00000	0
59	C	0.00000	0.0488	0.95120	0
60	L	0.00000	0.0488	0.95120	0
61	P	0.00000	0.0488	0.95120	0
62	C	0.00000	0.0488	0.95120	0
63	G	0.00000	0.0488	0.95120	0
64	E	0.00000	0.0488	0.95120	0
65	S	0.00000	0.04879	0.95121	0
66	E	0.00000	0.04879	0.95121	0
67	F	0.00000	0.02745	0.97255	0
68	L	0.00000	0.02745	0.97255	0
69	D	0.00000	0.02745	0.97255	0
70	T	0.00000	0.02745	0.97255	0
71	W	0.00000	0.02745	0.97255	0
72	N	0.00000	0.02745	0.97255	0
73	R	0.00000	0.02745	0.97255	0
74	E	0.00000	0.02745	0.97255	0
75	T	0.00000	0.02732	0.97268	0
76	H	0.00000	0.02709	0.97291	0
77	C	0.00736	0.02708	0.96556	0
78	H	0.93314	0.02678	0.04008	0
79	Q	0.94951	0.02677	0.02372	0
80	H	0.95030	0.02247	0.02723	0
81	K	0.95080	0.02164	0.02756	0
82	Y	0.95083	0.02146	0.02771	0
83	C	0.95119	0.02145	0.02737	0
84	D	0.95119	0.02144	0.02737	0
85	P	0.97255	0.02144	0.00601	0
86	N	0.97255	0.02078	0.00667	0
87	L	0.97255	0.00814	0.01931	0
88	G	0.97255	0.00357	0.02387	0
89	L	0.97254	0.00035	0.02711	0
90	R	0.97205	0.00034	0.02761	0
91	V	0.95829	0.00034	0.04137	0
92	Q	0.95741	0.00034	0.04226	0
93	Q	0.94626	0.00034	0.05341	0
94	K	0.78483	0.00034	0.21483	0
95	G	0.11957	0.00034	0.88010	0
96	T	0.06425	0.00034	0.93541	0
97	S	0.03761	0.00034	0.96205	0
98	E	0.03257	0.00034	0.96709	0
99	T	0.02890	5e-05	0.97105	0
100	D	0.02773	0	0.97227	0
101	T	0.01569	0	0.98431	0
102	I	0.00592	0	0.99408	0
103	C	0.00600	0	0.99400	0
104	T	0.00604	0	0.99396	0
105	C	0.00784	0	0.99216	0
106	E	0.00786	0	0.99214	0
107	E	0.01159	0	0.98841	0
108	G	0.02679	0	0.97321	0
109	W	0.02708	1e-05	0.97291	0
110	H	0.02708	0.00035	0.97257	0
111	C	0.02678	0.01151	0.96171	0
112	T	0.02678	0.01469	0.95853	0
113	S	0.02678	0.03371	0.93951	0
114	E	0.02678	0.59786	0.37537	0
115	A	0.02676	0.75223	0.22101	0
116	C	0.02675	0.82935	0.14390	0
117	E	0.02675	0.9345	0.03875	0
118	S	0.02669	0.93843	0.03488	0
119	C	0.00084	0.94195	0.05722	0
120	V	0.00031	0.94226	0.05744	0
121	L	0.00030	0.94289	0.05681	0
122	H	0.00036	0.96982	0.02982	0
123	R	0.00036	0.9725	0.02714	0
124	S	0.00035	0.97252	0.02713	0
125	C	0.00034	0.97255	0.02711	0
126	S	0.00034	0.97255	0.02710	0
127	P	0.00034	0.97252	0.02714	0
128	G	0.00034	0.97252	0.02714	0
129	F	0.00034	0.97251	0.02715	0
130	G	0.00034	0.97251	0.02715	0
131	V	0.00032	0.97248	0.02719	0
132	K	0.00032	0.97256	0.02712	0
133	Q	0.00028	0.97115	0.02857	0
134	I	0.00000	0.91417	0.08583	0
135	A	0.00000	0.00621	0.99379	0
136	T	0.00000	0.00597	0.99403	0
137	G	0.00000	0.00603	0.99397	0
138	V	0.00000	0.00752	0.99248	0
139	S	0.00000	0.02072	0.97928	0
140	D	0.00000	0.03154	0.96846	0
141	T	0.00000	0.02949	0.97051	0
142	I	0.00000	0.02773	0.97227	0
143	C	0.00000	0.02774	0.97226	0
144	E	0.00000	0.02768	0.97232	0
145	P	0.00000	0.02767	0.97233	0
146	C	0.00000	0.02767	0.97233	0
147	P	0.00000	0.02745	0.97255	0
148	V	0.00000	0.02717	0.97283	0
149	G	0.00000	0.02715	0.97285	0
150	F	0.00000	0.02673	0.97327	0
151	F	0.00000	0.0263	0.97370	0
152	S	0.00001	0.0263	0.97369	0
153	N	0.00004	0.02656	0.97339	0
154	V	0.00005	0.00229	0.99765	0
155	S	0.00141	0.00035	0.99824	0
156	S	0.00535	0.00034	0.99430	0
157	A	0.01090	0.00034	0.98876	0
158	F	0.05478	0.00034	0.94488	0
159	E	0.93119	0.00034	0.06847	0
160	K	0.95368	0.00034	0.04597	0
161	C	0.95553	0.00034	0.04413	0
162	H	0.96613	0.00034	0.03352	0
163	P	0.96824	0.00034	0.03142	0
164	W	0.96840	0.00034	0.03126	0
165	T	0.97178	7e-05	0.02814	0
166	S	0.97194	0	0.02806	0
167	C	0.97198	0	0.02802	0
168	E	0.97202	0	0.02797	0
169	T	0.97216	0	0.02784	0
170	K	0.97234	0	0.02766	0
171	D	0.97238	0	0.02762	0
172	L	0.97238	0	0.02762	0
173	V	0.97240	0	0.02760	0
174	V	0.97264	0	0.02736	0
175	Q	0.99911	0	0.00089	0
176	Q	0.99955	0	0.00045	0
177	A	0.99958	0	0.00042	0
178	G	0.99962	0	0.00037	0
179	T	0.99965	0	0.00035	0
180	N	0.99965	0	0.00035	0
181	K	0.99965	0	0.00034	0
182	T	0.99965	0	0.00034	0
183	D	0.99965	0	0.00034	0
184	V	0.99966	0	0.00034	0
185	V	0.99990	0	0.00010	0
186	C	0.99995	0	0.00005	0
187	G	0.99997	0	0.00003	0
188	P	0.99999	0	0.00000	0
189	Q	1.00000	0	0.00000	0
190	D	1.00000	0	0.00000	0
191	R	0.82731	0	0.17269	0
192	L	0.11229	0	0.88771	0
193	R	0.10647	0	0.89352	0
194	A	0.00018	0	0.99982	0
195	L	0.00006	0	0.99994	0
196	V	0.00004	0	0.99996	0
197	V	0.00003	0	0.99997	0
198	I	0.00000	0	1.00000	0
199	P	0.00000	0	1.00000	0
200	I	0.00000	0	1.00000	0
201	I	0.00000	0	1.00000	0
202	F	0.00000	0	1.00000	0
203	G	0.00000	0	1.00000	0
204	I	0.00000	0	1.00000	0
205	L	0.00000	0	1.00000	0
206	F	0.00000	0	1.00000	0
207	A	0.00000	0	1.00000	0
208	I	0.00000	0	1.00000	0
209	L	0.00000	0	1.00000	0
210	L	0.00000	0	1.00000	0
211	V	0.00000	2e-05	0.99998	0
212	L	0.00000	0.00041	0.99959	0
213	V	0.00000	0.00452	0.99548	0
214	F	0.00000	0.03112	0.96888	0
215	I	0.00000	0.2213	0.77870	0
216	K	0.00000	0.98831	0.01168	0
217	K	0.00000	0.99929	0.00070	0
218	V	0.00000	0.9994	0.00059	0
219	A	0.00000	0.99964	0.00036	0
220	K	0.00000	0.99999	0.00000	0
221	K	0.00000	1	0.00000	0
222	P	0.00000	1	0.00000	0
223	T	0.00000	0.99999	0.00000	0
224	N	0.00000	0.99999	0.00000	0
225	K	0.00000	0.99999	0.00000	0
226	A	0.00000	0.99998	0.00002	0
227	P	0.00000	0.99997	0.00002	0
228	H	0.00000	0.99969	0.00030	0
229	P	0.00000	0.99961	0.00039	0
230	K	0.00000	0.99897	0.00103	0
231	Q	0.00000	0.97962	0.02038	0
232	E	0.00000	0.95129	0.04871	0
233	P	0.00000	0.93107	0.06893	0
234	Q	0.00000	0.76458	0.23541	0
235	E	0.00000	0.62772	0.37228	0
236	I	0.00000	0.27863	0.72137	0
237	N	0.00000	0.21601	0.78398	0
238	F	0.00000	0.03055	0.96945	0
239	P	0.00000	0.02728	0.97271	0
240	D	0.00000	0.02603	0.97397	0
241	D	0.00000	0.02368	0.97632	0
242	L	0.00000	0.00276	0.99724	0
243	P	0.00000	0.00126	0.99874	0
244	G	0.00000	0.00031	0.99969	0
245	S	0.00000	0	0.99999	0
246	N	0.00001	0	0.99999	0
247	T	0.00002	0	0.99998	0
248	A	0.00005	0	0.99995	0
249	A	0.00016	0	0.99984	0
250	P	0.00036	0	0.99964	0
251	V	0.00277	0	0.99723	0
252	Q	0.04190	0	0.95810	0
253	E	0.06756	0	0.93244	0
254	T	0.06756	0	0.93244	0
255	L	0.06756	0	0.93244	0
256	H	0.06757	0	0.93243	0
257	G	0.06757	0	0.93243	0
258	C	0.06758	0	0.93242	0
259	Q	0.91997	0	0.08003	0
260	P	0.94707	0	0.05293	0
261	V	0.95324	0	0.04676	0
262	T	0.97628	0	0.02372	0
263	Q	0.99853	0	0.00147	0
264	E	1.00000	0	0.00000	0
265	D	1.00000	0	0.00000	0
266	G	1.00000	0	0.00000	0
267	K	1.00000	0	0.00000	0
268	E	1.00000	0	0.00000	0
269	S	1.00000	0	0.00000	0
270	R	1.00000	0	0.00000	0
271	I	1.00000	0	0.00000	0
272	S	1.00000	0	0.00000	0
273	V	1.00000	0	0.00000	0
274	Q	1.00000	0	0.00000	0
275	E	1.00000	0	0.00000	0
276	R	1.00000	0	0.00000	0
277	Q	1.00000	0	0.00000	0
