# UNNAMED
#pos	aa	i	o	M	S
1	M	0.00000	1	0.00000	0
2	E	0.00000	1	0.00000	0
3	D	0.00000	1	0.00000	0
4	L	0.00000	1	0.00000	0
5	E	0.00000	1	0.00000	0
6	E	0.00000	1	0.00000	0
7	T	0.00000	1	0.00000	0
8	L	0.00000	1	0.00000	0
9	F	0.00000	1	0.00000	0
10	E	0.00000	1	0.00000	0
11	E	0.00000	1	0.00000	0
12	F	0.00000	1	0.00000	0
13	E	0.00000	1	0.00000	0
14	N	0.00000	1	0.00000	0
15	Y	0.00000	1	0.00000	0
16	S	0.00000	1	0.00000	0
17	Y	0.00000	1	0.00000	0
18	D	0.00000	1	0.00000	0
19	L	0.00000	1	0.00000	0
20	D	0.00000	1	0.00000	0
21	Y	0.00000	1	0.00000	0
22	Y	0.00000	1	0.00000	0
23	S	0.00000	1	0.00000	0
24	L	0.00000	1	0.00000	0
25	E	0.00000	1	0.00000	0
26	S	0.00000	1	0.00000	0
27	D	0.00000	1	0.00000	0
28	L	0.00000	1	0.00000	0
29	E	0.00000	1	0.00000	0
30	E	0.00000	1	0.00000	0
31	K	0.00000	1	0.00000	0
32	V	0.00000	0.99999	0.00001	0
33	Q	0.00000	0.99999	0.00001	0
34	L	0.00000	0.99868	0.00132	0
35	G	0.00000	0.89287	0.10713	0
36	V	0.00000	0.4895	0.51050	0
37	V	0.00000	0.3939	0.60610	0
38	H	0.00000	0.35999	0.64001	0
39	W	0.00000	0.28749	0.71251	0
40	V	0.00000	0.27589	0.72411	0
41	S	0.00000	0.08452	0.91548	0
42	L	0.00000	0.01995	0.98005	0
43	V	0.00000	0.00382	0.99618	0
44	L	0.00000	0.00145	0.99855	0
45	Y	0.00000	0.00031	0.99969	0
46	C	0.00000	0.00017	0.99983	0
47	L	0.00000	0	1.00000	0
48	A	0.00000	0	1.00000	0
49	F	0.00000	0	1.00000	0
50	V	0.00000	0	1.00000	0
51	L	0.00000	0	1.00000	0
52	G	0.00000	0	1.00000	0
53	I	0.00000	0	1.00000	0
54	P	0.00000	0	1.00000	0
55	G	0.00000	0	1.00000	0
56	N	0.00000	0	1.00000	0
57	A	0.00000	0	1.00000	0
58	I	0.00000	0	1.00000	0
59	V	0.00001	0	0.99999	0
60	I	0.00013	0	0.99987	0
61	W	0.00823	0	0.99177	0
62	F	0.08779	0	0.91221	0
63	T	0.83196	0	0.16804	0
64	G	0.92349	0	0.07651	0
65	F	0.94738	0	0.05262	0
66	K	0.99998	0	0.00002	0
67	W	1.00000	0	0.00000	0
68	K	1.00000	0	0.00000	0
69	K	1.00000	0	0.00000	0
70	T	0.99998	0	0.00002	0
71	V	0.99886	0	0.00114	0
72	T	0.99651	0	0.00349	0
73	T	0.96720	0	0.03280	0
74	L	0.11670	0	0.88330	0
75	W	0.00506	0	0.99494	0
76	F	0.00022	0	0.99978	0
77	L	0.00000	0	1.00000	0
78	N	0.00000	0	1.00000	0
79	L	0.00000	0	1.00000	0
80	A	0.00000	0	1.00000	0
81	I	0.00000	0	1.00000	0
82	A	0.00000	0	1.00000	0
83	D	0.00000	0	1.00000	0
84	F	0.00000	0	1.00000	0
85	I	0.00000	0	1.00000	0
86	F	0.00000	0	1.00000	0
87	L	0.00000	0	1.00000	0
88	L	0.00000	0	1.00000	0
89	F	0.00000	0	1.00000	0
90	L	0.00000	0	1.00000	0
91	P	0.00000	6e-05	0.99994	0
92	L	0.00000	0.00139	0.99861	0
93	Y	0.00000	0.05757	0.94243	0
94	I	0.00000	0.16714	0.83286	0
95	S	0.00000	0.75863	0.24137	0
96	Y	0.00000	0.99895	0.00105	0
97	V	0.00000	0.99904	0.00096	0
98	A	0.00000	0.99932	0.00068	0
99	M	0.00000	0.99951	0.00049	0
100	N	0.00000	0.99985	0.00015	0
101	F	0.00000	0.99991	0.00009	0
102	H	0.00000	1	0.00000	0
103	W	0.00000	1	0.00000	0
104	P	0.00000	1	0.00000	0
105	F	0.00000	0.99997	0.00003	0
106	G	0.00000	0.99997	0.00003	0
107	I	0.00000	0.99995	0.00005	0
108	W	0.00000	0.99994	0.00006	0
109	L	0.00000	0.99994	0.00006	0
110	C	0.00000	0.99994	0.00006	0
111	K	0.00000	0.99992	0.00008	0
112	A	0.00000	0.99929	0.00071	0
113	N	0.00000	0.9989	0.00110	0
114	S	0.00000	0.69176	0.30824	0
115	F	0.00000	0.0058	0.99420	0
116	T	0.00000	0.00343	0.99657	0
117	A	0.00000	0.00151	0.99849	0
118	Q	0.00000	0.00043	0.99957	0
119	L	0.00000	1e-05	0.99999	0
120	N	0.00000	1e-05	0.99999	0
121	M	0.00000	0	1.00000	0
122	F	0.00000	0	1.00000	0
123	A	0.00000	0	1.00000	0
124	S	0.00000	0	1.00000	0
125	V	0.00000	0	1.00000	0
126	F	0.00000	0	1.00000	0
127	F	0.00000	0	1.00000	0
128	L	0.00000	0	1.00000	0
129	T	0.00000	0	1.00000	0
130	V	0.00000	0	1.00000	0
131	I	0.00000	0	1.00000	0
132	S	0.00000	0	1.00000	0
133	L	0.00000	0	1.00000	0
134	D	0.00002	0	0.99998	0
135	H	0.01622	0	0.98378	0
136	Y	0.33630	0	0.66370	0
137	I	0.70015	0	0.29985	0
138	H	0.77646	0	0.22354	0
139	L	0.99980	0	0.00020	0
140	I	0.99999	0	0.00001	0
141	H	1.00000	0	0.00000	0
142	P	1.00000	0	0.00000	0
143	V	1.00000	0	0.00000	0
144	L	1.00000	0	0.00000	0
145	S	1.00000	0	0.00000	0
146	H	1.00000	0	0.00000	0
147	R	1.00000	0	0.00000	0
148	H	1.00000	0	0.00000	0
149	R	1.00000	0	0.00000	0
150	T	0.99996	0	0.00004	0
151	L	0.99948	0	0.00052	0
152	K	0.99876	0	0.00124	0
153	N	0.96465	0	0.03535	0
154	S	0.55084	0	0.44916	0
155	L	0.02682	0	0.97318	0
156	I	0.00061	0	0.99939	0
157	V	0.00000	0	1.00000	0
158	I	0.00000	0	1.00000	0
159	I	0.00000	0	1.00000	0
160	F	0.00000	0	1.00000	0
161	I	0.00000	0	1.00000	0
162	W	0.00000	0	1.00000	0
163	L	0.00000	0	1.00000	0
164	L	0.00000	0	1.00000	0
165	A	0.00000	0	1.00000	0
166	S	0.00000	0	1.00000	0
167	L	0.00000	0	1.00000	0
168	I	0.00000	0	1.00000	0
169	G	0.00000	0	1.00000	0
170	G	0.00000	2e-05	0.99998	0
171	P	0.00000	4e-05	0.99996	0
172	A	0.00000	7e-05	0.99993	0
173	L	0.00000	0.00036	0.99964	0
174	Y	0.00000	0.00802	0.99198	0
175	F	0.00000	0.06336	0.93664	0
176	R	0.00000	0.92083	0.07917	0
177	D	0.00000	0.99993	0.00007	0
178	T	0.00000	0.99999	0.00001	0
179	V	0.00000	1	0.00000	0
180	E	0.00000	1	0.00000	0
181	F	0.00000	1	0.00000	0
182	N	0.00000	1	0.00000	0
183	N	0.00000	1	0.00000	0
184	H	0.00000	1	0.00000	0
185	T	0.00000	1	0.00000	0
186	L	0.00000	1	0.00000	0
187	C	0.00000	1	0.00000	0
188	Y	0.00000	1	0.00000	0
189	N	0.00000	1	0.00000	0
190	N	0.00000	1	0.00000	0
191	F	0.00000	1	0.00000	0
192	Q	0.00000	1	0.00000	0
193	K	0.00000	1	0.00000	0
194	H	0.00000	1	0.00000	0
195	D	0.00000	1	0.00000	0
196	P	0.00000	1	0.00000	0
197	D	0.00000	1	0.00000	0
198	L	0.00000	1	0.00000	0
199	T	0.00000	1	0.00000	0
200	L	0.00000	1	0.00000	0
201	I	0.00000	1	0.00000	0
202	R	0.00000	0.99999	0.00001	0
203	H	0.00000	0.99988	0.00012	0
204	H	0.00000	0.99917	0.00083	0
205	V	0.00000	0.00423	0.99577	0
206	L	0.00000	0.00337	0.99663	0
207	T	0.00000	0.00319	0.99681	0
208	W	0.00000	0.00297	0.99703	0
209	V	0.00000	0.00037	0.99963	0
210	K	0.00000	0.0003	0.99970	0
211	F	0.00000	6e-05	0.99994	0
212	I	0.00000	4e-05	0.99996	0
213	I	0.00000	0	1.00000	0
214	G	0.00000	0	1.00000	0
215	Y	0.00000	0	1.00000	0
216	L	0.00000	0	1.00000	0
217	F	0.00000	0	1.00000	0
218	P	0.00000	0	1.00000	0
219	L	0.00000	0	1.00000	0
220	L	0.00000	0	1.00000	0
221	T	0.00000	0	1.00000	0
222	M	0.00000	0	1.00000	0
223	S	0.00000	0	1.00000	0
224	I	0.00000	0	1.00000	0
225	C	0.00000	0	1.00000	0
226	Y	0.00000	0	1.00000	0
227	L	0.00026	0	0.99974	0
228	C	0.00369	0	0.99631	0
229	L	0.05683	0	0.94317	0
230	I	0.20463	0	0.79537	0
231	F	0.68614	0	0.31386	0
232	K	0.99304	0	0.00696	0
233	V	0.99648	0	0.00352	0
234	K	0.99997	0	0.00003	0
235	K	1.00000	0	0.00000	0
236	R	1.00000	0	0.00000	0
237	S	1.00000	0	0.00000	0
238	I	0.99998	0	0.00002	0
239	L	0.99797	0	0.00203	0
240	I	0.99797	0	0.00203	0
241	S	0.99796	0	0.00204	0
242	S	0.99791	0	0.00209	0
243	R	0.99789	0	0.00211	0
244	H	0.99784	0	0.00216	0
245	F	0.20640	0	0.79360	0
246	W	0.04809	0	0.95191	0
247	T	0.01797	0	0.98203	0
248	I	0.00107	0	0.99893	0
249	L	0.00008	0	0.99992	0
250	V	0.00005	0	0.99995	0
251	V	0.00001	0	0.99999	0
252	V	0.00000	0	1.00000	0
253	V	0.00000	0	1.00000	0
254	A	0.00000	0	1.00000	0
255	F	0.00000	0	1.00000	0
256	V	0.00000	0	1.00000	0
257	V	0.00000	0	1.00000	0
258	C	0.00000	0	1.00000	0
259	W	0.00000	1e-05	0.99999	0
260	T	0.00000	3e-05	0.99997	0
261	P	0.00000	6e-05	0.99994	0
262	Y	0.00000	8e-05	0.99992	0
263	H	0.00000	0.00011	0.99989	0
264	L	0.00000	0.00026	0.99974	0
265	F	0.00000	0.00476	0.99524	0
266	S	0.00000	0.11137	0.88863	0
267	I	0.00000	0.40026	0.59974	0
268	W	0.00000	0.91299	0.08701	0
269	E	0.00000	0.97364	0.02636	0
270	L	0.00000	0.97552	0.02448	0
271	T	0.00000	0.98238	0.01762	0
272	I	0.00000	0.98651	0.01349	0
273	H	0.00000	0.99739	0.00261	0
274	H	0.00000	0.99962	0.00038	0
275	N	0.00000	0.99987	0.00013	0
276	S	0.00000	0.99986	0.00014	0
277	Y	0.00000	0.99924	0.00076	0
278	S	0.00000	0.99316	0.00684	0
279	H	0.00000	0.90344	0.09656	0
280	H	0.00000	0.53418	0.46582	0
281	V	0.00000	0.29674	0.70326	0
282	M	0.00000	0.14541	0.85459	0
283	Q	0.00000	0.14091	0.85909	0
284	A	0.00000	0.09587	0.90413	0
285	G	0.00000	0.0908	0.90920	0
286	I	0.00000	0.01483	0.98517	0
287	P	0.00000	0.0128	0.98720	0
288	L	0.00000	0.00075	0.99925	0
289	S	0.00000	0.0003	0.99970	0
290	T	0.00000	1e-05	0.99999	0
291	G	0.00000	0	1.00000	0
292	L	0.00000	0	1.00000	0
293	A	0.00001	0	0.99999	0
294	F	0.00001	0	0.99999	0
295	L	0.00003	0	0.99997	0
296	N	0.00008	0	0.99992	0
297	S	0.00016	0	0.99984	0
298	C	0.00027	0	0.99973	0
299	L	0.00167	0	0.99833	0
300	N	0.00850	0	0.99150	0
301	P	0.01624	0	0.98376	0
302	I	0.06720	0	0.93280	0
303	L	0.25451	0	0.74549	0
304	Y	0.33776	0	0.66224	0
305	V	0.40599	0	0.59401	0
306	L	0.56324	0	0.43676	0
307	I	0.73376	0	0.26624	0
308	S	0.94463	0	0.05537	0
309	K	1.00000	0	0.00000	0
310	K	1.00000	0	0.00000	0
311	F	1.00000	0	0.00000	0
312	Q	1.00000	0	0.00000	0
313	A	1.00000	0	0.00000	0
314	R	1.00000	0	0.00000	0
315	F	1.00000	0	0.00000	0
316	R	1.00000	0	0.00000	0
317	S	1.00000	0	0.00000	0
318	S	1.00000	0	0.00000	0
319	V	1.00000	0	0.00000	0
320	A	1.00000	0	0.00000	0
321	E	1.00000	0	0.00000	0
322	I	1.00000	0	0.00000	0
323	L	1.00000	0	0.00000	0
324	K	1.00000	0	0.00000	0
325	Y	1.00000	0	0.00000	0
326	T	1.00000	0	0.00000	0
327	L	1.00000	0	0.00000	0
328	W	1.00000	0	0.00000	0
329	E	1.00000	0	0.00000	0
330	V	1.00000	0	0.00000	0
331	S	1.00000	0	0.00000	0
332	C	1.00000	0	0.00000	0
333	S	1.00000	0	0.00000	0
334	G	1.00000	0	0.00000	0
335	T	1.00000	0	0.00000	0
336	V	1.00000	0	0.00000	0
337	S	1.00000	0	0.00000	0
338	E	1.00000	0	0.00000	0
339	Q	1.00000	0	0.00000	0
340	L	1.00000	0	0.00000	0
341	R	1.00000	0	0.00000	0
342	N	1.00000	0	0.00000	0
343	S	1.00000	0	0.00000	0
344	E	1.00000	0	0.00000	0
345	T	1.00000	0	0.00000	0
346	K	1.00000	0	0.00000	0
347	N	1.00000	0	0.00000	0
348	L	1.00000	0	0.00000	0
349	C	1.00000	0	0.00000	0
350	L	1.00000	0	0.00000	0
351	L	1.00000	0	0.00000	0
352	E	1.00000	0	0.00000	0
353	T	1.00000	0	0.00000	0
354	A	1.00000	0	0.00000	0
355	Q	1.00000	0	0.00000	0
