# UNNAMED
#pos	aa	i	o	M	S
1	M	0.00000	0.99981	0.00000	0.00019
2	A	0.00000	0.99981	0.00000	0.00019
3	Q	0.00000	0.99981	0.00000	0.00019
4	Q	0.00000	0.99981	0.00000	0.00019
5	W	0.00000	0.99981	0.00000	0.00019
6	S	0.00000	0.99981	0.00000	0.00019
7	L	0.00000	0.99981	0.00000	0.00019
8	Q	0.00000	0.99981	0.00000	0.00018
9	R	0.00000	0.99981	0.00000	0.00019
10	L	0.00000	0.99981	0.00000	0.00019
11	A	0.00000	0.99981	0.00000	0.00019
12	G	0.00000	0.99981	0.00000	0.00019
13	R	0.00000	0.99994	0.00000	6e-05
14	H	0.00000	0.99995	0.00000	5e-05
15	P	0.00000	0.99995	0.00000	5e-05
16	Q	0.00000	0.99995	0.00000	5e-05
17	D	0.00000	0.99995	0.00000	5e-05
18	S	0.00000	0.99995	0.00000	5e-05
19	Y	0.00000	0.99995	0.00000	5e-05
20	E	0.00000	0.99995	0.00000	5e-05
21	D	0.00000	0.99999	0.00000	1e-05
22	S	0.00000	0.99999	0.00000	1e-05
23	T	0.00000	0.99999	0.00000	1e-05
24	Q	0.00000	0.99999	0.00000	1e-05
25	S	0.00000	1	0.00000	0
26	S	0.00000	1	0.00000	0
27	I	0.00000	1	0.00000	0
28	F	0.00000	1	0.00000	0
29	T	0.00000	1	0.00000	0
30	Y	0.00000	1	0.00000	0
31	T	0.00000	1	0.00000	0
32	N	0.00000	1	0.00000	0
33	S	0.00000	1	0.00000	0
34	N	0.00000	1	0.00000	0
35	S	0.00000	1	0.00000	0
36	T	0.00000	1	0.00000	0
37	R	0.00000	1	0.00000	0
38	G	0.00000	1	0.00000	0
39	P	0.00000	1	0.00000	0
40	F	0.00000	1	0.00000	0
41	E	0.00000	1	0.00000	0
42	G	0.00000	1	0.00000	0
43	P	0.00000	1	0.00000	0
44	N	0.00000	1	0.00000	0
45	Y	0.00000	1	0.00000	0
46	H	0.00000	1	0.00000	0
47	I	0.00000	1	0.00000	0
48	A	0.00000	1	0.00000	0
49	P	0.00000	0.99999	0.00001	0
50	R	0.00000	0.99905	0.00095	0
51	W	0.00000	0.95966	0.04034	0
52	V	0.00000	0.9367	0.06330	0
53	Y	0.00000	0.93181	0.06819	0
54	H	0.00000	0.92973	0.07027	0
55	L	0.00000	0.68993	0.31007	0
56	T	0.00000	0.60873	0.39127	0
57	S	0.00000	0.49875	0.50125	0
58	V	0.00000	0.09859	0.90141	0
59	W	0.00000	0.02237	0.97763	0
60	M	0.00000	0.01531	0.98469	0
61	I	0.00000	0.00057	0.99943	0
62	F	0.00000	1e-05	0.99999	0
63	V	0.00000	0	1.00000	0
64	V	0.00000	0	1.00000	0
65	T	0.00000	0	1.00000	0
66	A	0.00000	0	1.00000	0
67	S	0.00000	0	1.00000	0
68	V	0.00000	0	1.00000	0
69	F	0.00000	0	1.00000	0
70	T	0.00000	0	1.00000	0
71	N	0.00000	0	1.00000	0
72	G	0.00000	0	1.00000	0
73	L	0.00000	0	1.00000	0
74	V	0.00002	0	0.99998	0
75	L	0.00014	0	0.99986	0
76	A	0.00220	0	0.99780	0
77	A	0.03778	0	0.96222	0
78	T	0.51019	0	0.48981	0
79	M	0.71657	0	0.28343	0
80	K	0.93751	0	0.06249	0
81	F	0.94547	0	0.05453	0
82	K	0.99872	0	0.00128	0
83	K	0.99995	0	0.00005	0
84	L	0.99999	0	0.00001	0
85	R	1.00000	0	0.00000	0
86	H	1.00000	0	0.00000	0
87	P	1.00000	0	0.00000	0
88	L	0.70387	0	0.29613	0
89	N	0.65103	0	0.34897	0
90	W	0.40681	0	0.59319	0
91	I	0.00301	0	0.99699	0
92	L	0.00016	0	0.99984	0
93	V	0.00001	0	0.99999	0
94	N	0.00000	0	1.00000	0
95	L	0.00000	0	1.00000	0
96	A	0.00000	0	1.00000	0
97	V	0.00000	0	1.00000	0
98	A	0.00000	0	1.00000	0
99	D	0.00000	0	1.00000	0
100	L	0.00000	0	1.00000	0
101	A	0.00000	0	1.00000	0
102	E	0.00000	0	1.00000	0
103	T	0.00000	0	1.00000	0
104	V	0.00000	0	1.00000	0
105	I	0.00000	0	1.00000	0
106	A	0.00000	0.00026	0.99974	0
107	S	0.00000	0.00777	0.99223	0
108	T	0.00000	0.01532	0.98468	0
109	I	0.00000	0.02546	0.97454	0
110	S	0.00000	0.07025	0.92975	0
111	I	0.00000	0.07783	0.92217	0
112	V	0.00000	0.13656	0.86344	0
113	N	0.00000	0.83005	0.16995	0
114	Q	0.00000	0.89553	0.10447	0
115	V	0.00000	0.90739	0.09261	0
116	S	0.00000	0.99287	0.00713	0
117	G	0.00000	0.99818	0.00182	0
118	Y	0.00000	0.99953	0.00047	0
119	F	0.00000	0.9999	0.00010	0
120	V	0.00000	0.99996	0.00004	0
121	L	0.00000	0.99997	0.00003	0
122	G	0.00000	0.99998	0.00002	0
123	H	0.00000	0.99994	0.00006	0
124	P	0.00000	0.9998	0.00020	0
125	M	0.00000	0.9998	0.00020	0
126	C	0.00000	0.9998	0.00020	0
127	V	0.00000	0.9998	0.00020	0
128	L	0.00000	0.9998	0.00020	0
129	E	0.00000	0.9998	0.00020	0
130	G	0.00000	0.47516	0.52484	0
131	Y	0.00000	0.02108	0.97892	0
132	T	0.00000	0.01013	0.98987	0
133	V	0.00000	0.00129	0.99871	0
134	S	0.00000	0.0002	0.99980	0
135	L	0.00000	0	1.00000	0
136	C	0.00000	0	1.00000	0
137	G	0.00000	0	1.00000	0
138	I	0.00000	0	1.00000	0
139	T	0.00000	0	1.00000	0
140	G	0.00000	0	1.00000	0
141	L	0.00000	0	1.00000	0
142	W	0.00000	0	1.00000	0
143	S	0.00000	0	1.00000	0
144	L	0.00000	0	1.00000	0
145	A	0.00000	0	1.00000	0
146	I	0.00000	0	1.00000	0
147	I	0.00000	0	1.00000	0
148	S	0.00000	0	1.00000	0
149	W	0.00001	0	0.99999	0
150	E	0.00021	0	0.99979	0
151	R	0.07395	0	0.92605	0
152	W	0.45689	0	0.54311	0
153	L	0.88623	0	0.11377	0
154	V	0.97723	0	0.02277	0
155	V	0.99983	0	0.00017	0
156	C	1.00000	0	0.00000	0
157	K	1.00000	0	0.00000	0
158	P	1.00000	0	0.00000	0
159	F	1.00000	0	0.00000	0
160	G	1.00000	0	0.00000	0
161	N	1.00000	0	0.00000	0
162	V	1.00000	0	0.00000	0
163	R	1.00000	0	0.00000	0
164	F	0.99998	0	0.00002	0
165	D	0.99994	0	0.00006	0
166	A	0.99607	0	0.00393	0
167	K	0.98738	0	0.01262	0
168	L	0.33138	0	0.66862	0
169	A	0.22849	0	0.77151	0
170	I	0.02486	0	0.97514	0
171	V	0.00093	0	0.99907	0
172	G	0.00020	0	0.99980	0
173	I	0.00001	0	0.99999	0
174	A	0.00000	0	1.00000	0
175	F	0.00000	0	1.00000	0
176	S	0.00000	0	1.00000	0
177	W	0.00000	0	1.00000	0
178	I	0.00000	0	1.00000	0
179	W	0.00000	0	1.00000	0
180	S	0.00000	0	1.00000	0
181	A	0.00000	0	1.00000	0
182	V	0.00000	0	1.00000	0
183	W	0.00000	0	1.00000	0
184	T	0.00000	0	1.00000	0
185	A	0.00000	4e-05	0.99996	0
186	P	0.00000	0.00164	0.99836	0
187	P	0.00000	0.00492	0.99508	0
188	I	0.00000	0.015	0.98500	0
189	F	0.00000	0.11315	0.88685	0
190	G	0.00000	0.70225	0.29775	0
191	W	0.00000	0.79679	0.20321	0
192	S	0.00000	0.93619	0.06381	0
193	R	0.00000	0.99842	0.00158	0
194	Y	0.00000	0.99957	0.00043	0
195	W	0.00000	0.99986	0.00014	0
196	P	0.00000	0.99999	0.00001	0
197	H	0.00000	1	0.00000	0
198	G	0.00000	1	0.00000	0
199	L	0.00000	1	0.00000	0
200	K	0.00000	1	0.00000	0
201	T	0.00000	1	0.00000	0
202	S	0.00000	1	0.00000	0
203	C	0.00000	1	0.00000	0
204	G	0.00000	1	0.00000	0
205	P	0.00000	1	0.00000	0
206	D	0.00000	1	0.00000	0
207	V	0.00000	1	0.00000	0
208	F	0.00000	1	0.00000	0
209	S	0.00000	1	0.00000	0
210	G	0.00000	1	0.00000	0
211	S	0.00000	1	0.00000	0
212	S	0.00000	0.99999	0.00001	0
213	Y	0.00000	0.99972	0.00028	0
214	P	0.00000	0.99949	0.00051	0
215	G	0.00000	0.99388	0.00612	0
216	V	0.00000	0.99061	0.00939	0
217	Q	0.00000	0.98483	0.01517	0
218	S	0.00000	0.97843	0.02157	0
219	Y	0.00000	0.47286	0.52714	0
220	M	0.00000	0.12503	0.87497	0
221	I	0.00000	0.04166	0.95834	0
222	V	0.00000	0.00159	0.99841	0
223	L	0.00000	1e-05	0.99999	0
224	M	0.00000	0	1.00000	0
225	V	0.00000	0	1.00000	0
226	T	0.00000	0	1.00000	0
227	C	0.00000	0	1.00000	0
228	C	0.00000	0	1.00000	0
229	I	0.00000	0	1.00000	0
230	I	0.00000	0	1.00000	0
231	P	0.00000	0	1.00000	0
232	L	0.00000	0	1.00000	0
233	A	0.00000	0	1.00000	0
234	I	0.00000	0	1.00000	0
235	I	0.00000	0	1.00000	0
236	M	0.00000	0	1.00000	0
237	L	0.00001	0	0.99999	0
238	C	0.00007	0	0.99993	0
239	Y	0.00049	0	0.99951	0
240	L	0.00407	0	0.99593	0
241	Q	0.03485	0	0.96515	0
242	V	0.03685	0	0.96315	0
243	W	0.05134	0	0.94866	0
244	L	0.29541	0	0.70459	0
245	A	0.45291	0	0.54709	0
246	I	0.53581	0	0.46419	0
247	R	0.98754	0	0.01246	0
248	A	0.99566	0	0.00434	0
249	V	0.99760	0	0.00240	0
250	A	0.99962	0	0.00038	0
251	K	1.00000	0	0.00000	0
252	Q	1.00000	0	0.00000	0
253	Q	1.00000	0	0.00000	0
254	K	1.00000	0	0.00000	0
255	E	1.00000	0	0.00000	0
256	S	1.00000	0	0.00000	0
257	E	1.00000	0	0.00000	0
258	S	1.00000	0	0.00000	0
259	T	1.00000	0	0.00000	0
260	Q	1.00000	0	0.00000	0
261	K	1.00000	0	0.00000	0
262	A	1.00000	0	0.00000	0
263	E	1.00000	0	0.00000	0
264	K	1.00000	0	0.00000	0
265	E	1.00000	0	0.00000	0
266	V	0.72323	0	0.27677	0
267	T	0.62461	0	0.37539	0
268	R	0.36850	0	0.63150	0
269	M	0.26791	0	0.73209	0
270	V	0.20854	0	0.79146	0
271	V	0.13912	0	0.86088	0
272	V	0.00317	0	0.99683	0
273	M	0.00016	0	0.99984	0
274	I	0.00001	0	0.99999	0
275	F	0.00000	0	1.00000	0
276	A	0.00000	0	1.00000	0
277	Y	0.00000	0	1.00000	0
278	C	0.00000	0	1.00000	0
279	V	0.00000	0	1.00000	0
280	C	0.00000	0	1.00000	0
281	W	0.00000	0	1.00000	0
282	G	0.00000	0	1.00000	0
283	P	0.00000	0	1.00000	0
284	Y	0.00000	0	1.00000	0
285	T	0.00000	0	1.00000	0
286	F	0.00000	2e-05	0.99998	0
287	F	0.00000	0.00059	0.99941	0
288	A	0.00000	0.01659	0.98341	0
289	C	0.00000	0.17241	0.82759	0
290	F	0.00000	0.17954	0.82046	0
291	A	0.00000	0.22033	0.77967	0
292	A	0.00000	0.30963	0.69037	0
293	A	0.00000	0.48563	0.51437	0
294	N	0.00000	0.72572	0.27428	0
295	P	0.00000	0.94401	0.05599	0
296	G	0.00000	0.98845	0.01155	0
297	Y	0.00000	0.99402	0.00598	0
298	A	0.00000	0.99499	0.00501	0
299	F	0.00000	0.98713	0.01287	0
300	H	0.00000	0.98245	0.01755	0
301	P	0.00000	0.94875	0.05125	0
302	L	0.00000	0.04438	0.95562	0
303	M	0.00000	0.00685	0.99315	0
304	A	0.00000	0.0032	0.99680	0
305	A	0.00000	0.00099	0.99901	0
306	L	0.00000	0.00042	0.99958	0
307	P	0.00000	0.0004	0.99960	0
308	A	0.00000	0	1.00000	0
309	Y	0.00000	0	1.00000	0
310	F	0.00000	0	1.00000	0
311	A	0.00001	0	0.99999	0
312	K	0.00001	0	0.99999	0
313	S	0.00001	0	0.99999	0
314	A	0.00001	0	0.99999	0
315	T	0.00001	0	0.99999	0
316	I	0.00001	0	0.99999	0
317	Y	0.00001	0	0.99999	0
318	N	0.00001	0	0.99999	0
319	P	0.00002	0	0.99998	0
320	V	0.00009	0	0.99991	0
321	I	0.00032	0	0.99968	0
322	Y	0.00151	0	0.99849	0
323	V	0.00525	0	0.99475	0
324	F	0.02026	0	0.97974	0
325	M	0.34482	0	0.65518	0
326	N	0.94507	0	0.05493	0
327	R	1.00000	0	0.00000	0
328	Q	1.00000	0	0.00000	0
329	F	1.00000	0	0.00000	0
330	R	1.00000	0	0.00000	0
331	N	1.00000	0	0.00000	0
332	C	1.00000	0	0.00000	0
333	I	1.00000	0	0.00000	0
334	L	1.00000	0	0.00000	0
335	Q	1.00000	0	0.00000	0
336	L	1.00000	0	0.00000	0
337	F	1.00000	0	0.00000	0
338	G	1.00000	0	0.00000	0
339	K	1.00000	0	0.00000	0
340	K	1.00000	0	0.00000	0
341	V	1.00000	0	0.00000	0
342	D	1.00000	0	0.00000	0
343	D	1.00000	0	0.00000	0
344	G	1.00000	0	0.00000	0
345	S	1.00000	0	0.00000	0
346	E	1.00000	0	0.00000	0
347	L	1.00000	0	0.00000	0
348	S	1.00000	0	0.00000	0
349	S	1.00000	0	0.00000	0
350	A	1.00000	0	0.00000	0
351	S	1.00000	0	0.00000	0
352	K	1.00000	0	0.00000	0
353	T	1.00000	0	0.00000	0
354	E	1.00000	0	0.00000	0
355	V	1.00000	0	0.00000	0
356	S	1.00000	0	0.00000	0
357	S	1.00000	0	0.00000	0
358	V	1.00000	0	0.00000	0
359	S	1.00000	0	0.00000	0
360	S	1.00000	0	0.00000	0
361	V	1.00000	0	0.00000	0
362	S	1.00000	0	0.00000	0
363	P	1.00000	0	0.00000	0
364	A	1.00000	0	0.00000	0
