# UNNAMED
#pos	aa	i	o	M	S
1	M	0.00000	0.98791	0.00000	0.01209
2	E	0.00000	0.98791	0.00000	0.01209
3	L	0.00000	0.98791	0.00000	0.01209
4	W	0.00000	0.98791	0.00000	0.01209
5	N	0.00000	0.98791	0.00000	0.01209
6	F	0.00000	0.98791	0.00000	0.01209
7	T	0.00000	0.98791	0.00000	0.01209
8	L	0.00000	0.98791	0.00000	0.01209
9	G	0.00000	0.98791	0.00000	0.01209
10	S	0.00000	0.98791	0.00000	0.01209
11	G	0.00000	0.98791	0.00000	0.01209
12	F	0.00000	0.98791	0.00000	0.0121
13	I	0.00000	0.98791	0.00000	0.01209
14	L	0.00000	0.98791	0.00000	0.01209
15	V	0.00000	0.98791	0.00000	0.01209
16	G	0.00000	0.98791	0.00000	0.01208
17	I	0.00000	0.98791	0.00000	0.01209
18	L	0.00000	0.98792	0.00000	0.01207
19	N	0.00000	0.9887	0.00000	0.01131
20	D	0.00000	0.98876	0.00000	0.01124
21	S	0.00000	0.98876	0.00000	0.01124
22	G	0.00000	0.99992	0.00002	6e-05
23	S	0.00000	0.99989	0.00006	5e-05
24	P	0.00000	0.99988	0.00009	2e-05
25	E	0.00000	0.99977	0.00022	1e-05
26	L	0.00000	0.99138	0.00861	0
27	L	0.00000	0.97902	0.02098	0
28	C	0.00000	0.96624	0.03376	0
29	A	0.00000	0.80863	0.19137	0
30	T	0.00000	0.75972	0.24028	0
31	I	0.00000	0.02137	0.97863	0
32	T	0.00000	0.00215	0.99785	0
33	I	0.00000	3e-05	0.99997	0
34	L	0.00000	0	1.00000	0
35	Y	0.00000	0	1.00000	0
36	L	0.00000	0	1.00000	0
37	L	0.00000	0	1.00000	0
38	A	0.00000	0	1.00000	0
39	L	0.00000	0	1.00000	0
40	I	0.00000	0	1.00000	0
41	S	0.00000	0	1.00000	0
42	N	0.00000	0	1.00000	0
43	G	0.00000	0	1.00000	0
44	L	0.00000	0	1.00000	0
45	L	0.00000	0	1.00000	0
46	L	0.00000	0	1.00000	0
47	L	0.00001	0	0.99999	0
48	A	0.00043	0	0.99957	0
49	I	0.01094	0	0.98906	0
50	T	0.43878	0	0.56122	0
51	M	0.69039	0	0.30961	0
52	E	0.98205	0	0.01795	0
53	A	0.99152	0	0.00848	0
54	R	0.99981	0	0.00019	0
55	L	0.99989	0	0.00011	0
56	H	0.99999	0	0.00001	0
57	M	1.00000	0	0.00000	0
58	P	1.00000	0	0.00000	0
59	M	0.44762	0	0.55238	0
60	Y	0.27059	0	0.72941	0
61	L	0.05778	0	0.94222	0
62	L	0.00200	0	0.99800	0
63	L	0.00045	0	0.99955	0
64	G	0.00030	0	0.99970	0
65	Q	0.00002	0	0.99998	0
66	L	0.00000	0	1.00000	0
67	S	0.00000	0	1.00000	0
68	L	0.00000	0	1.00000	0
69	M	0.00000	0	1.00000	0
70	D	0.00000	0	1.00000	0
71	L	0.00000	0	1.00000	0
72	L	0.00000	0	1.00000	0
73	F	0.00000	0	1.00000	0
74	T	0.00000	0	1.00000	0
75	S	0.00000	0	1.00000	0
76	V	0.00000	0	1.00000	0
77	V	0.00000	0.00021	0.99979	0
78	T	0.00000	0.01061	0.98939	0
79	P	0.00000	0.02369	0.97631	0
80	K	0.00000	0.0925	0.90750	0
81	A	0.00000	0.22599	0.77401	0
82	L	0.00000	0.36541	0.63459	0
83	A	0.00000	0.63996	0.36004	0
84	D	0.00000	0.99998	0.00002	0
85	F	0.00000	0.99999	0.00001	0
86	L	0.00000	1	0.00000	0
87	R	0.00000	1	0.00000	0
88	R	0.00000	1	0.00000	0
89	E	0.00000	1	0.00000	0
90	N	0.00000	1	0.00000	0
91	T	0.00000	0.99995	0.00005	0
92	I	0.00000	0.99953	0.00047	0
93	S	0.00000	0.99951	0.00049	0
94	F	0.00000	0.9994	0.00060	0
95	G	0.00000	0.99934	0.00066	0
96	G	0.00000	0.99722	0.00278	0
97	C	0.00000	0.99121	0.00879	0
98	A	0.00000	0.73794	0.26206	0
99	L	0.00000	0.40961	0.59039	0
100	Q	0.00000	0.31492	0.68508	0
101	M	0.00000	0.02408	0.97592	0
102	F	0.00000	0.00145	0.99855	0
103	L	0.00000	0.00013	0.99987	0
104	A	0.00000	1e-05	0.99999	0
105	L	0.00000	0	1.00000	0
106	T	0.00000	0	1.00000	0
107	M	0.00000	0	1.00000	0
108	G	0.00000	0	1.00000	0
109	G	0.00000	0	1.00000	0
110	A	0.00000	0	1.00000	0
111	E	0.00000	0	1.00000	0
112	D	0.00000	0	1.00000	0
113	L	0.00000	0	1.00000	0
114	L	0.00000	0	1.00000	0
115	L	0.00004	0	0.99996	0
116	A	0.00052	0	0.99948	0
117	F	0.00052	0	0.99948	0
118	M	0.00052	0	0.99948	0
119	A	0.00052	0	0.99948	0
120	Y	0.00054	0	0.99946	0
121	D	0.00074	0	0.99926	0
122	R	0.05789	0	0.94211	0
123	Y	0.22805	0	0.77195	0
124	V	0.96316	0	0.03684	0
125	A	0.99910	0	0.00090	0
126	I	1.00000	0	0.00000	0
127	C	1.00000	0	0.00000	0
128	H	1.00000	0	0.00000	0
129	P	1.00000	0	0.00000	0
130	L	1.00000	0	0.00000	0
131	T	1.00000	0	0.00000	0
132	Y	1.00000	0	0.00000	0
133	M	1.00000	0	0.00000	0
134	T	1.00000	0	0.00000	0
135	L	0.99986	0	0.00014	0
136	M	0.99974	0	0.00026	0
137	S	0.99945	0	0.00055	0
138	S	0.99657	0	0.00343	0
139	R	0.98225	0	0.01775	0
140	A	0.62138	0	0.37862	0
141	C	0.00557	0	0.99443	0
142	W	0.00166	0	0.99834	0
143	L	0.00008	0	0.99992	0
144	M	0.00001	0	0.99999	0
145	V	0.00000	0	1.00000	0
146	A	0.00000	0	1.00000	0
147	T	0.00000	0	1.00000	0
148	S	0.00000	0	1.00000	0
149	W	0.00000	0	1.00000	0
150	I	0.00000	0	1.00000	0
151	L	0.00000	0	1.00000	0
152	A	0.00000	0	1.00000	0
153	S	0.00000	0	1.00000	0
154	L	0.00000	0	1.00000	0
155	S	0.00000	1e-05	0.99999	0
156	A	0.00000	1e-05	0.99999	0
157	L	0.00000	5e-05	0.99995	0
158	I	0.00000	0.00022	0.99978	0
159	Y	0.00000	0.00522	0.99478	0
160	T	0.00000	0.04908	0.95092	0
161	V	0.00000	0.17216	0.82784	0
162	Y	0.00000	0.52289	0.47711	0
163	T	0.00000	0.84738	0.15262	0
164	M	0.00000	0.94498	0.05502	0
165	H	0.00000	0.99528	0.00472	0
166	Y	0.00000	0.99914	0.00086	0
167	P	0.00000	0.99998	0.00002	0
168	F	0.00000	0.99999	0.00001	0
169	C	0.00000	1	0.00000	0
170	R	0.00000	1	0.00000	0
171	A	0.00000	1	0.00000	0
172	Q	0.00000	1	0.00000	0
173	E	0.00000	1	0.00000	0
174	I	0.00000	1	0.00000	0
175	R	0.00000	1	0.00000	0
176	H	0.00000	1	0.00000	0
177	L	0.00000	1	0.00000	0
178	L	0.00000	1	0.00000	0
179	C	0.00000	1	0.00000	0
180	E	0.00000	1	0.00000	0
181	I	0.00000	1	0.00000	0
182	P	0.00000	1	0.00000	0
183	H	0.00000	1	0.00000	0
184	L	0.00000	1	0.00000	0
185	L	0.00000	1	0.00000	0
186	K	0.00000	1	0.00000	0
187	V	0.00000	1	0.00000	0
188	A	0.00000	1	0.00000	0
189	C	0.00000	1	0.00000	0
190	A	0.00000	1	0.00000	0
191	D	0.00000	0.99997	0.00003	0
192	T	0.00000	0.99995	0.00005	0
193	S	0.00000	0.99908	0.00092	0
194	R	0.00000	0.99841	0.00159	0
195	Y	0.00000	0.97593	0.02407	0
196	E	0.00000	0.96292	0.03708	0
197	L	0.00000	0.3488	0.65120	0
198	M	0.00000	0.0098	0.99020	0
199	V	0.00000	0.0056	0.99440	0
200	Y	0.00000	0.00367	0.99633	0
201	V	0.00000	0.00307	0.99693	0
202	M	0.00000	0.00294	0.99706	0
203	G	0.00000	0.00291	0.99709	0
204	V	0.00000	9e-05	0.99991	0
205	T	0.00000	0	1.00000	0
206	F	0.00000	0	1.00000	0
207	L	0.00000	0	1.00000	0
208	I	0.00000	0	1.00000	0
209	P	0.00000	0	1.00000	0
210	S	0.00000	0	1.00000	0
211	L	0.00000	0	1.00000	0
212	A	0.00000	0	1.00000	0
213	A	0.00000	0	1.00000	0
214	I	0.00000	0	1.00000	0
215	L	0.00001	0	0.99999	0
216	A	0.00076	0	0.99924	0
217	S	0.00541	0	0.99459	0
218	Y	0.01250	0	0.98750	0
219	T	0.27164	0	0.72836	0
220	Q	0.48615	0	0.51385	0
221	I	0.49362	0	0.50638	0
222	L	0.53093	0	0.46907	0
223	L	0.80160	0	0.19840	0
224	T	0.90263	0	0.09737	0
225	V	0.92232	0	0.07768	0
226	L	0.96818	0	0.03182	0
227	H	0.99719	0	0.00281	0
228	M	0.99934	0	0.00066	0
229	P	0.99997	0	0.00003	0
230	S	1.00000	0	0.00000	0
231	N	1.00000	0	0.00000	0
232	E	1.00000	0	0.00000	0
233	G	0.99999	0	0.00001	0
234	R	0.99720	0	0.00280	0
235	K	0.96905	0	0.03095	0
236	K	0.81609	0	0.18391	0
237	A	0.41179	0	0.58821	0
238	L	0.21869	0	0.78131	0
239	V	0.10644	0	0.89356	0
240	T	0.10643	0	0.89357	0
241	C	0.10572	0	0.89428	0
242	S	0.10543	0	0.89457	0
243	S	0.10486	0	0.89514	0
244	H	0.10061	0	0.89939	0
245	L	0.01100	0	0.98900	0
246	T	0.01020	0	0.98980	0
247	V	0.00030	0	0.99970	0
248	V	0.00000	0	1.00000	0
249	G	0.00000	0	1.00000	0
250	M	0.00000	0	1.00000	0
251	F	0.00000	0	1.00000	0
252	Y	0.00000	0	1.00000	0
253	G	0.00000	0	1.00000	0
254	A	0.00000	0	1.00000	0
255	A	0.00000	4e-05	0.99996	0
256	T	0.00000	0.00033	0.99967	0
257	F	0.00000	0.00091	0.99909	0
258	M	0.00000	0.00305	0.99695	0
259	Y	0.00000	0.05619	0.94381	0
260	V	0.00000	0.11568	0.88432	0
261	L	0.00000	0.23328	0.76672	0
262	P	0.00000	0.74841	0.25159	0
263	S	0.00000	0.86391	0.13609	0
264	S	0.00000	0.88753	0.11247	0
265	F	0.00000	0.89059	0.10941	0
266	H	0.00000	0.9243	0.07570	0
267	S	0.00000	0.94552	0.05448	0
268	T	0.00000	0.97384	0.02616	0
269	R	0.00000	0.99193	0.00807	0
270	Q	0.00000	0.9651	0.03490	0
271	D	0.00000	0.95139	0.04861	0
272	N	0.00000	0.45397	0.54603	0
273	I	0.00000	0.02232	0.97768	0
274	I	0.00000	0.00014	0.99986	0
275	S	0.00000	0	1.00000	0
276	V	0.00000	0	1.00000	0
277	F	0.00000	0	1.00000	0
278	Y	0.00000	0	1.00000	0
279	T	0.00000	0	1.00000	0
280	I	0.00000	0	1.00000	0
281	V	0.00000	0	1.00000	0
282	T	0.00000	0	1.00000	0
283	P	0.00000	0	1.00000	0
284	A	0.00000	0	1.00000	0
285	L	0.00000	0	1.00000	0
286	N	0.00000	0	1.00000	0
287	P	0.00000	0	1.00000	0
288	L	0.00000	0	1.00000	0
289	I	0.00004	0	0.99996	0
290	Y	0.00074	0	0.99926	0
291	S	0.00612	0	0.99388	0
292	L	0.02542	0	0.97458	0
293	R	1.00000	0	0.00000	0
294	N	1.00000	0	0.00000	0
295	K	1.00000	0	0.00000	0
296	E	1.00000	0	0.00000	0
297	V	1.00000	0	0.00000	0
298	M	1.00000	0	0.00000	0
299	R	1.00000	0	0.00000	0
300	A	1.00000	0	0.00000	0
301	L	1.00000	0	0.00000	0
302	R	1.00000	0	0.00000	0
303	R	1.00000	0	0.00000	0
304	V	1.00000	0	0.00000	0
305	L	1.00000	0	0.00000	0
306	G	1.00000	0	0.00000	0
307	K	1.00000	0	0.00000	0
308	Y	1.00000	0	0.00000	0
309	M	1.00000	0	0.00000	0
310	L	1.00000	0	0.00000	0
311	P	1.00000	0	0.00000	0
312	A	1.00000	0	0.00000	0
313	H	1.00000	0	0.00000	0
314	S	1.00000	0	0.00000	0
315	T	1.00000	0	0.00000	0
316	L	1.00000	0	0.00000	0
