# UNNAMED
#pos	aa	i	o	M	S
1	M	0.00000	1	0.00000	0
2	G	0.00000	1	0.00000	0
3	T	0.00000	1	0.00000	0
4	C	0.00000	1	0.00000	0
5	D	0.00000	1	0.00000	0
6	I	0.00000	1	0.00000	0
7	V	0.00000	1	0.00000	0
8	T	0.00000	1	0.00000	0
9	E	0.00000	1	0.00000	0
10	A	0.00000	1	0.00000	0
11	N	0.00000	1	0.00000	0
12	I	0.00000	1	0.00000	0
13	S	0.00000	1	0.00000	0
14	S	0.00000	1	0.00000	0
15	G	0.00000	1	0.00000	0
16	P	0.00000	1	0.00000	0
17	E	0.00000	1	0.00000	0
18	S	0.00000	1	0.00000	0
19	N	0.00000	1	0.00000	0
20	T	0.00000	1	0.00000	0
21	T	0.00000	1	0.00000	0
22	G	0.00000	1	0.00000	0
23	I	0.00000	1	0.00000	0
24	T	0.00000	1	0.00000	0
25	A	0.00000	1	0.00000	0
26	F	0.00000	1	0.00000	0
27	S	0.00000	1	0.00000	0
28	M	0.00000	1	0.00000	0
29	P	0.00000	1	0.00000	0
30	S	0.00000	0.99999	0.00001	0
31	W	0.00000	0.99994	0.00006	0
32	Q	0.00000	0.99854	0.00146	0
33	L	0.00000	0.98811	0.01189	0
34	A	0.00000	0.97003	0.02997	0
35	L	0.00000	0.95157	0.04843	0
36	W	0.00000	0.24067	0.75933	0
37	A	0.00000	0.12712	0.87288	0
38	T	0.00000	0.05149	0.94851	0
39	A	0.00000	0.01895	0.98105	0
40	Y	0.00000	0.00145	0.99855	0
41	L	0.00000	0.00019	0.99981	0
42	A	0.00000	1e-05	0.99999	0
43	L	0.00000	0	1.00000	0
44	V	0.00000	0	1.00000	0
45	L	0.00000	0	1.00000	0
46	V	0.00000	0	1.00000	0
47	A	0.00000	0	1.00000	0
48	V	0.00000	0	1.00000	0
49	T	0.00000	0	1.00000	0
50	G	0.00000	0	1.00000	0
51	N	0.00000	0	1.00000	0
52	A	0.00000	0	1.00000	0
53	I	0.00000	0	1.00000	0
54	V	0.00000	0	1.00000	0
55	I	0.00000	0	1.00000	0
56	W	0.00002	0	0.99998	0
57	I	0.00054	0	0.99946	0
58	I	0.01566	0	0.98434	0
59	L	0.16150	0	0.83850	0
60	A	0.63654	0	0.36346	0
61	H	0.99738	0	0.00262	0
62	R	0.99997	0	0.00003	0
63	R	1.00000	0	0.00000	0
64	M	1.00000	0	0.00000	0
65	R	1.00000	0	0.00000	0
66	T	0.99997	0	0.00003	0
67	V	0.99874	0	0.00126	0
68	T	0.99057	0	0.00943	0
69	N	0.90951	0	0.09049	0
70	Y	0.39695	0	0.60305	0
71	F	0.00660	0	0.99340	0
72	I	0.00044	0	0.99956	0
73	V	0.00002	0	0.99998	0
74	N	0.00000	0	1.00000	0
75	L	0.00000	0	1.00000	0
76	A	0.00000	0	1.00000	0
77	L	0.00000	0	1.00000	0
78	A	0.00000	0	1.00000	0
79	D	0.00000	0	1.00000	0
80	L	0.00000	0	1.00000	0
81	C	0.00000	0	1.00000	0
82	M	0.00000	0	1.00000	0
83	A	0.00000	0	1.00000	0
84	A	0.00000	0	1.00000	0
85	F	0.00000	0	1.00000	0
86	N	0.00000	0	1.00000	0
87	A	0.00000	4e-05	0.99996	0
88	A	0.00000	0.00025	0.99975	0
89	F	0.00000	0.00285	0.99715	0
90	N	0.00000	0.05885	0.94115	0
91	F	0.00000	0.06576	0.93424	0
92	V	0.00000	0.14727	0.85273	0
93	Y	0.00000	0.57964	0.42036	0
94	A	0.00000	0.81401	0.18599	0
95	S	0.00000	0.95975	0.04025	0
96	H	0.00000	0.99976	0.00024	0
97	N	0.00000	0.99997	0.00003	0
98	I	0.00000	0.99998	0.00002	0
99	W	0.00000	0.99999	0.00001	0
100	Y	0.00000	0.99999	0.00001	0
101	F	0.00000	0.99999	0.00001	0
102	G	0.00000	0.99999	0.00001	0
103	R	0.00000	0.99994	0.00006	0
104	A	0.00000	0.99936	0.00064	0
105	F	0.00000	0.98415	0.01585	0
106	C	0.00000	0.98386	0.01614	0
107	Y	0.00000	0.97814	0.02186	0
108	F	0.00000	0.96215	0.03785	0
109	Q	0.00000	0.95765	0.04235	0
110	N	0.00000	0.9269	0.07310	0
111	L	0.00000	0.08722	0.91278	0
112	F	0.00000	0.01875	0.98125	0
113	P	0.00000	0.0166	0.98340	0
114	I	0.00000	0.00145	0.99855	0
115	T	0.00000	5e-05	0.99995	0
116	A	0.00000	0	1.00000	0
117	M	0.00000	0	1.00000	0
118	F	0.00000	0	1.00000	0
119	V	0.00000	0	1.00000	0
120	S	0.00000	0	1.00000	0
121	I	0.00000	0	1.00000	0
122	Y	0.00000	0	1.00000	0
123	S	0.00000	0	1.00000	0
124	M	0.00000	0	1.00000	0
125	T	0.00000	0	1.00000	0
126	A	0.00000	0	1.00000	0
127	I	0.00000	0	1.00000	0
128	A	0.00000	0	1.00000	0
129	A	0.00001	0	0.99999	0
130	D	0.00002	0	0.99998	0
131	R	0.01043	0	0.98957	0
132	Y	0.38407	0	0.61593	0
133	M	0.89628	0	0.10372	0
134	A	0.97281	0	0.02719	0
135	I	0.99999	0	0.00001	0
136	V	1.00000	0	0.00000	0
137	H	1.00000	0	0.00000	0
138	P	1.00000	0	0.00000	0
139	F	1.00000	0	0.00000	0
140	Q	1.00000	0	0.00000	0
141	P	1.00000	0	0.00000	0
142	R	1.00000	0	0.00000	0
143	L	1.00000	0	0.00000	0
144	S	1.00000	0	0.00000	0
145	A	0.99986	0	0.00014	0
146	P	0.99980	0	0.00020	0
147	S	0.99876	0	0.00124	0
148	T	0.99665	0	0.00335	0
149	K	0.97816	0	0.02184	0
150	A	0.54341	0	0.45659	0
151	V	0.10193	0	0.89807	0
152	I	0.00570	0	0.99430	0
153	A	0.00072	0	0.99928	0
154	G	0.00007	0	0.99993	0
155	I	0.00000	0	1.00000	0
156	W	0.00000	0	1.00000	0
157	L	0.00000	0	1.00000	0
158	V	0.00000	0	1.00000	0
159	A	0.00000	0	1.00000	0
160	L	0.00000	0	1.00000	0
161	A	0.00000	0	1.00000	0
162	L	0.00000	0	1.00000	0
163	A	0.00000	0	1.00000	0
164	S	0.00000	2e-05	0.99998	0
165	P	0.00000	0.0001	0.99990	0
166	Q	0.00000	0.00039	0.99961	0
167	C	0.00000	0.00073	0.99927	0
168	F	0.00000	0.00092	0.99908	0
169	Y	0.00000	0.0052	0.99480	0
170	S	0.00000	0.05124	0.94876	0
171	T	0.00000	0.1755	0.82450	0
172	V	0.00000	0.21395	0.78605	0
173	T	0.00000	0.81534	0.18466	0
174	M	0.00000	0.94104	0.05896	0
175	D	0.00000	0.99996	0.00004	0
176	Q	0.00000	1	0.00000	0
177	G	0.00000	1	0.00000	0
178	A	0.00000	1	0.00000	0
179	T	0.00000	1	0.00000	0
180	K	0.00000	1	0.00000	0
181	C	0.00000	1	0.00000	0
182	V	0.00000	1	0.00000	0
183	V	0.00000	1	0.00000	0
184	A	0.00000	1	0.00000	0
185	W	0.00000	1	0.00000	0
186	P	0.00000	1	0.00000	0
187	E	0.00000	1	0.00000	0
188	D	0.00000	1	0.00000	0
189	S	0.00000	1	0.00000	0
190	G	0.00000	1	0.00000	0
191	G	0.00000	1	0.00000	0
192	K	0.00000	0.99995	0.00005	0
193	T	0.00000	0.4603	0.53970	0
194	L	0.00000	0.39653	0.60347	0
195	L	0.00000	0.22396	0.77604	0
196	L	0.00000	0.17004	0.82996	0
197	Y	0.00000	0.16618	0.83382	0
198	H	0.00000	0.14982	0.85018	0
199	L	0.00000	0.12764	0.87236	0
200	V	0.00000	0.11297	0.88703	0
201	V	0.00000	0.0282	0.97180	0
202	I	0.00000	0.01605	0.98395	0
203	A	0.00000	0.01493	0.98507	0
204	L	0.00000	2e-05	0.99998	0
205	I	0.00000	1e-05	0.99999	0
206	Y	0.00000	0	1.00000	0
207	F	0.00000	0	1.00000	0
208	L	0.00000	0	1.00000	0
209	P	0.00000	0	1.00000	0
210	L	0.00000	0	1.00000	0
211	A	0.00000	0	1.00000	0
212	V	0.00000	0	1.00000	0
213	M	0.00000	0	1.00000	0
214	F	0.00000	0	1.00000	0
215	V	0.00167	0	0.99833	0
216	A	0.02544	0	0.97456	0
217	Y	0.06319	0	0.93681	0
218	S	0.30474	0	0.69526	0
219	V	0.34720	0	0.65280	0
220	I	0.46805	0	0.53195	0
221	G	0.74345	0	0.25655	0
222	L	0.80618	0	0.19382	0
223	T	0.82697	0	0.17303	0
224	L	0.83532	0	0.16468	0
225	W	0.85304	0	0.14696	0
226	R	0.98487	0	0.01513	0
227	R	0.99732	0	0.00268	0
228	A	0.99787	0	0.00213	0
229	V	0.99851	0	0.00149	0
230	P	0.99997	0	0.00003	0
231	G	1.00000	0	0.00000	0
232	H	1.00000	0	0.00000	0
233	Q	1.00000	0	0.00000	0
234	A	1.00000	0	0.00000	0
235	H	1.00000	0	0.00000	0
236	G	1.00000	0	0.00000	0
237	A	1.00000	0	0.00000	0
238	N	1.00000	0	0.00000	0
239	L	1.00000	0	0.00000	0
240	R	1.00000	0	0.00000	0
241	H	1.00000	0	0.00000	0
242	L	0.99999	0	0.00001	0
243	Q	0.99999	0	0.00001	0
244	A	0.99944	0	0.00056	0
245	M	0.99529	0	0.00471	0
246	K	0.95632	0	0.04368	0
247	K	0.77322	0	0.22678	0
248	F	0.09894	0	0.90106	0
249	V	0.09622	0	0.90378	0
250	K	0.05534	0	0.94466	0
251	T	0.00751	0	0.99249	0
252	M	0.00703	0	0.99297	0
253	V	0.00007	0	0.99993	0
254	L	0.00002	0	0.99998	0
255	V	0.00000	0	1.00000	0
256	V	0.00000	0	1.00000	0
257	L	0.00000	0	1.00000	0
258	T	0.00000	0	1.00000	0
259	F	0.00000	0	1.00000	0
260	A	0.00000	0	1.00000	0
261	I	0.00000	0	1.00000	0
262	C	0.00000	0	1.00000	0
263	W	0.00000	0	1.00000	0
264	L	0.00000	0	1.00000	0
265	P	0.00000	1e-05	0.99999	0
266	Y	0.00000	2e-05	0.99998	0
267	H	0.00000	8e-05	0.99992	0
268	L	0.00000	0.00091	0.99909	0
269	Y	0.00000	0.01173	0.98827	0
270	F	0.00000	0.03555	0.96445	0
271	I	0.00000	0.38917	0.61083	0
272	L	0.00000	0.80238	0.19762	0
273	G	0.00000	0.94302	0.05698	0
274	S	0.00000	0.97954	0.02046	0
275	F	0.00000	0.98373	0.01627	0
276	Q	0.00000	0.99802	0.00198	0
277	E	0.00000	0.99996	0.00004	0
278	D	0.00000	1	0.00000	0
279	I	0.00000	1	0.00000	0
280	Y	0.00000	1	0.00000	0
281	C	0.00000	1	0.00000	0
282	H	0.00000	1	0.00000	0
283	K	0.00000	0.99999	0.00001	0
284	F	0.00000	0.99964	0.00036	0
285	I	0.00000	0.99922	0.00078	0
286	Q	0.00000	0.99867	0.00133	0
287	Q	0.00000	0.99616	0.00384	0
288	V	0.00000	0.97483	0.02517	0
289	Y	0.00000	0.96834	0.03166	0
290	L	0.00000	0.13638	0.86362	0
291	A	0.00000	0.01443	0.98557	0
292	L	0.00000	0.00179	0.99821	0
293	F	0.00000	1e-05	0.99999	0
294	W	0.00000	0	1.00000	0
295	L	0.00000	0	1.00000	0
296	A	0.00000	0	1.00000	0
297	M	0.00000	0	1.00000	0
298	S	0.00000	0	1.00000	0
299	S	0.00000	0	1.00000	0
300	T	0.00000	0	1.00000	0
301	M	0.00000	0	1.00000	0
302	Y	0.00000	0	1.00000	0
303	N	0.00000	0	1.00000	0
304	P	0.00000	0	1.00000	0
305	I	0.00000	0	1.00000	0
306	I	0.00002	0	0.99998	0
307	Y	0.00003	0	0.99997	0
308	C	0.00008	0	0.99992	0
309	C	0.00101	0	0.99899	0
310	L	0.06664	0	0.93336	0
311	N	0.85665	0	0.14335	0
312	H	0.91408	0	0.08592	0
313	R	1.00000	0	0.00000	0
314	F	1.00000	0	0.00000	0
315	R	1.00000	0	0.00000	0
316	S	1.00000	0	0.00000	0
317	G	1.00000	0	0.00000	0
318	F	1.00000	0	0.00000	0
319	R	1.00000	0	0.00000	0
320	L	1.00000	0	0.00000	0
321	A	1.00000	0	0.00000	0
322	F	1.00000	0	0.00000	0
323	R	1.00000	0	0.00000	0
324	C	1.00000	0	0.00000	0
325	C	1.00000	0	0.00000	0
326	P	1.00000	0	0.00000	0
327	W	1.00000	0	0.00000	0
328	V	1.00000	0	0.00000	0
329	T	1.00000	0	0.00000	0
330	P	1.00000	0	0.00000	0
331	T	1.00000	0	0.00000	0
332	K	1.00000	0	0.00000	0
333	E	1.00000	0	0.00000	0
334	D	1.00000	0	0.00000	0
335	K	1.00000	0	0.00000	0
336	L	1.00000	0	0.00000	0
337	E	1.00000	0	0.00000	0
338	L	1.00000	0	0.00000	0
339	T	1.00000	0	0.00000	0
340	P	1.00000	0	0.00000	0
341	T	1.00000	0	0.00000	0
342	T	1.00000	0	0.00000	0
343	S	1.00000	0	0.00000	0
344	L	1.00000	0	0.00000	0
345	S	1.00000	0	0.00000	0
346	T	1.00000	0	0.00000	0
347	R	1.00000	0	0.00000	0
348	V	1.00000	0	0.00000	0
349	N	1.00000	0	0.00000	0
350	R	1.00000	0	0.00000	0
351	C	1.00000	0	0.00000	0
352	H	1.00000	0	0.00000	0
353	T	1.00000	0	0.00000	0
354	K	1.00000	0	0.00000	0
355	E	1.00000	0	0.00000	0
356	T	1.00000	0	0.00000	0
357	L	1.00000	0	0.00000	0
358	F	1.00000	0	0.00000	0
359	M	1.00000	0	0.00000	0
360	A	1.00000	0	0.00000	0
361	G	1.00000	0	0.00000	0
362	D	1.00000	0	0.00000	0
363	T	1.00000	0	0.00000	0
364	A	1.00000	0	0.00000	0
365	P	1.00000	0	0.00000	0
366	S	1.00000	0	0.00000	0
367	E	1.00000	0	0.00000	0
368	A	1.00000	0	0.00000	0
369	T	1.00000	0	0.00000	0
370	S	1.00000	0	0.00000	0
371	G	1.00000	0	0.00000	0
372	E	1.00000	0	0.00000	0
373	A	1.00000	0	0.00000	0
374	G	1.00000	0	0.00000	0
375	R	1.00000	0	0.00000	0
376	P	1.00000	0	0.00000	0
377	Q	1.00000	0	0.00000	0
378	D	1.00000	0	0.00000	0
379	G	1.00000	0	0.00000	0
380	S	1.00000	0	0.00000	0
381	G	1.00000	0	0.00000	0
382	L	1.00000	0	0.00000	0
383	W	1.00000	0	0.00000	0
384	F	1.00000	0	0.00000	0
385	G	1.00000	0	0.00000	0
386	Y	1.00000	0	0.00000	0
387	G	1.00000	0	0.00000	0
388	L	1.00000	0	0.00000	0
389	L	1.00000	0	0.00000	0
390	A	1.00000	0	0.00000	0
391	P	1.00000	0	0.00000	0
392	T	1.00000	0	0.00000	0
393	K	1.00000	0	0.00000	0
394	T	1.00000	0	0.00000	0
395	H	1.00000	0	0.00000	0
396	V	1.00000	0	0.00000	0
397	E	1.00000	0	0.00000	0
398	I	1.00000	0	0.00000	0
