# UNNAMED
#pos	aa	i	o	M	S
1	M	0.00000	0.43816	0.00000	0.56184
2	L	0.00000	0.43816	0.00000	0.56185
3	T	0.00000	0.43816	0.00000	0.56185
4	S	0.00000	0.43816	0.00000	0.56184
5	K	0.00000	0.43816	0.00000	0.56184
6	G	0.00000	0.43816	0.00000	0.56184
7	Q	0.00000	0.43815	0.00000	0.56184
8	G	0.00000	0.43815	0.00000	0.56185
9	F	0.00000	0.43815	0.00000	0.56185
10	L	0.00000	0.43815	0.00000	0.56185
11	H	0.00000	0.43815	0.00000	0.56185
12	G	0.00000	0.43815	0.00000	0.56185
13	G	0.00000	0.43815	0.00000	0.56184
14	L	0.00000	0.43815	0.00000	0.56184
15	C	0.00000	0.43815	0.00000	0.56184
16	L	0.00000	0.43815	0.00000	0.56184
17	W	0.00000	0.43829	0.00000	0.56171
18	L	0.00000	0.43829	0.00000	0.56171
19	C	0.00000	0.43835	0.00000	0.56164
20	V	0.00000	0.43835	0.00001	0.56164
21	F	0.00000	0.43834	0.00001	0.56165
22	T	0.00000	0.43834	0.00002	0.56164
23	P	0.00000	0.43837	0.00002	0.56161
24	F	0.00000	0.43837	0.00002	0.56161
25	F	0.00000	0.43844	0.00002	0.56153
26	K	0.00000	0.43844	0.00002	0.56153
27	G	0.00000	0.43844	0.00002	0.56153
28	C	0.00000	0.44174	0.00002	0.55823
29	V	0.00000	0.44199	0.00002	0.558
30	G	0.00000	0.44199	0.00002	0.55798
31	C	0.00000	0.44262	0.00002	0.55736
32	A	0.00000	0.96663	0.00002	0.03335
33	T	0.00000	0.97651	0.00002	0.02347
34	E	0.00000	0.99876	0.00002	0.00122
35	E	0.00000	0.99959	0.00002	0.00039
36	R	0.00000	0.99998	0.00002	0
37	L	0.00000	0.99998	0.00002	0
38	F	0.00000	0.99998	0.00002	0
39	H	0.00000	0.99998	0.00002	0
40	K	0.00000	0.99998	0.00002	0
41	L	0.00000	0.99998	0.00002	0
42	F	0.00000	0.99998	0.00002	0
43	S	0.00001	0.99998	0.00001	0
44	H	0.00002	0.99998	0.00000	0
45	Y	0.00002	0.99998	0.00000	0
46	N	0.00002	0.99998	0.00000	0
47	Q	0.00002	0.99998	0.00000	0
48	F	0.00002	0.99997	0.00001	0
49	I	0.00002	0.99997	0.00001	0
50	R	0.00002	0.99997	0.00001	0
51	P	0.00002	0.99997	0.00001	0
52	V	0.00002	0.99997	0.00001	0
53	E	0.00002	0.99997	0.00001	0
54	N	0.00002	0.99997	0.00001	0
55	V	0.00002	0.99997	0.00001	0
56	S	0.00002	0.99998	0.00000	0
57	D	0.00002	0.99998	0.00000	0
58	P	0.00002	0.99997	0.00000	0
59	V	0.00000	0.99997	0.00002	0
60	T	0.00000	0.99997	0.00002	0
61	V	0.00000	0.99997	0.00003	0
62	H	0.00000	0.99998	0.00002	0
63	F	0.00000	0.99997	0.00003	0
64	E	0.00000	0.99997	0.00003	0
65	V	0.00000	0.99996	0.00004	0
66	A	0.00000	0.99995	0.00005	0
67	I	0.00000	0.99995	0.00005	0
68	T	0.00000	0.99995	0.00005	0
69	Q	0.00000	0.99995	0.00005	0
70	L	0.00000	0.99995	0.00005	0
71	A	0.00000	0.99995	0.00005	0
72	N	0.00000	0.99995	0.00005	0
73	V	0.00000	0.99995	0.00005	0
74	D	0.00000	0.99995	0.00005	0
75	E	0.00000	0.99995	0.00005	0
76	V	0.00000	0.99995	0.00005	0
77	N	0.00000	0.99995	0.00005	0
78	Q	0.00000	0.99995	0.00005	0
79	I	0.00000	0.99995	0.00005	0
80	M	0.00000	0.99995	0.00005	0
81	E	0.00000	0.99997	0.00003	0
82	T	0.00000	0.99997	0.00003	0
83	N	0.00000	0.99997	0.00003	0
84	L	0.00000	0.99997	0.00003	0
85	W	0.00000	0.99997	0.00003	0
86	L	0.00000	0.99997	0.00003	0
87	R	0.00000	0.99997	0.00003	0
88	H	0.00000	0.99997	0.00003	0
89	I	0.00001	0.99997	0.00002	0
90	W	0.00003	0.99997	0.00000	0
91	N	0.00003	0.99997	0.00000	0
92	D	0.00003	0.99997	0.00000	0
93	Y	0.00003	0.99997	0.00000	0
94	K	0.00003	0.99997	0.00000	0
95	L	0.00003	0.99997	0.00000	0
96	R	0.00003	0.99997	0.00000	0
97	W	0.00003	0.99997	0.00000	0
98	D	0.00003	0.99997	0.00000	0
99	P	0.00003	0.99997	0.00000	0
100	M	0.00000	0.99997	0.00002	0
101	E	0.00000	0.99997	0.00003	0
102	Y	0.00000	0.99997	0.00003	0
103	D	0.00000	0.99997	0.00003	0
104	G	0.00000	0.99997	0.00003	0
105	I	0.00000	0.99997	0.00003	0
106	E	0.00000	0.99997	0.00003	0
107	T	0.00000	0.99997	0.00003	0
108	L	0.00000	0.99997	0.00003	0
109	R	0.00000	0.99997	0.00003	0
110	V	0.00000	0.99997	0.00003	0
111	P	0.00000	0.99997	0.00003	0
112	A	0.00000	0.99997	0.00003	0
113	D	0.00000	0.99997	0.00003	0
114	K	0.00000	0.99997	0.00003	0
115	I	0.00000	0.99995	0.00005	0
116	W	0.00000	0.99995	0.00005	0
117	K	0.00000	0.99995	0.00005	0
118	P	0.00000	0.99995	0.00005	0
119	D	0.00000	0.99997	0.00003	0
120	I	0.00000	0.99995	0.00005	0
121	V	0.00000	0.99995	0.00005	0
122	L	0.00000	0.99995	0.00005	0
123	Y	0.00000	0.99995	0.00005	0
124	N	0.00000	0.99995	0.00005	0
125	N	0.00000	0.99995	0.00005	0
126	A	0.00000	0.99995	0.00005	0
127	V	0.00000	0.99995	0.00005	0
128	G	0.00000	0.99995	0.00005	0
129	D	0.00000	0.99995	0.00005	0
130	F	0.00000	0.99995	0.00005	0
131	Q	0.00000	0.99995	0.00005	0
132	V	0.00000	0.99995	0.00005	0
133	E	0.00000	0.99995	0.00005	0
134	G	0.00003	0.99995	0.00002	0
135	K	0.00003	0.99995	0.00002	0
136	T	0.00003	0.99995	0.00002	0
137	K	0.00003	0.99995	0.00002	0
138	A	0.00003	0.99648	0.00349	0
139	L	0.00003	0.9964	0.00357	0
140	L	0.00004	0.9964	0.00356	0
141	K	0.00005	0.9964	0.00356	0
142	Y	0.00005	0.99636	0.00360	0
143	N	0.00005	0.99634	0.00362	0
144	G	0.00005	0.96593	0.03402	0
145	M	0.00004	0.8903	0.10966	0
146	I	0.00003	0.29996	0.70002	0
147	T	0.00003	0.14209	0.85789	0
148	W	0.00002	0.10265	0.89733	0
149	T	0.00002	0.09852	0.90146	0
150	P	0.00002	0.09769	0.90229	0
151	P	0.00002	0.09377	0.90621	0
152	A	0.00000	0.09143	0.90857	0
153	I	0.00000	0.0909	0.90910	0
154	F	0.00000	0.09089	0.90911	0
155	K	0.00000	0.09089	0.90911	0
156	S	0.00002	0.09079	0.90919	0
157	S	0.00025	0.09079	0.90896	0
158	C	0.00075	0.09079	0.90846	0
159	P	0.00337	0.09079	0.90584	0
160	M	0.00353	0.09079	0.90568	0
161	D	0.00354	0.09079	0.90568	0
162	I	0.00354	0.00062	0.99585	0
163	T	0.00374	0	0.99626	0
164	F	0.00404	0	0.99596	0
165	F	0.02772	0	0.97228	0
166	P	0.36407	0	0.63593	0
167	F	0.42219	1e-05	0.57780	0
168	D	0.87510	2e-05	0.12488	0
169	H	0.89222	2e-05	0.10776	0
170	Q	0.90293	3e-05	0.09704	0
171	N	0.89603	4e-05	0.10392	0
172	C	0.86766	4e-05	0.13230	0
173	S	0.85295	4e-05	0.14700	0
174	L	0.81897	5e-05	0.18099	0
175	K	0.78993	5e-05	0.21003	0
176	F	0.57045	5e-05	0.42950	0
177	G	0.49594	5e-05	0.50401	0
178	S	0.46562	5e-05	0.53433	0
179	W	0.07011	5e-05	0.92984	0
180	T	0.13078	5e-05	0.86917	0
181	Y	0.10876	5e-05	0.89120	0
182	D	0.10994	5e-05	0.89002	0
183	K	0.10850	5e-05	0.89145	0
184	A	0.10292	5e-05	0.89704	0
185	E	0.09989	5e-05	0.90007	0
186	I	0.07651	5e-05	0.92344	0
187	D	0.06776	5e-05	0.93219	0
188	L	0.00854	5e-05	0.99140	0
189	L	0.00444	5e-05	0.99550	0
190	I	0.00011	7e-05	0.99982	0
191	I	0.00002	0.00034	0.99964	0
192	G	0.00002	0.00252	0.99746	0
193	S	0.00002	0.03229	0.96768	0
194	K	0.00002	0.05599	0.94399	0
195	V	0.00001	0.09289	0.90711	0
196	D	0.00001	0.30585	0.69414	0
197	M	0.00000	0.32958	0.67042	0
198	N	0.00000	0.52409	0.47591	0
199	D	0.00000	0.76819	0.23181	0
200	F	0.00000	0.76969	0.23031	0
201	W	0.00000	0.77619	0.22381	0
202	E	0.00000	0.88509	0.11491	0
203	N	0.00000	0.89175	0.10825	0
204	S	0.00000	0.89448	0.10552	0
205	E	0.00000	0.90829	0.09171	0
206	W	0.00000	0.91082	0.08918	0
207	E	0.00000	0.91208	0.08792	0
208	I	0.00000	0.91233	0.08767	0
209	I	0.00000	0.91588	0.08412	0
210	D	0.00000	0.99314	0.00686	0
211	A	0.00000	0.99924	0.00076	0
212	S	0.00000	0.99982	0.00018	0
213	G	0.00000	0.99993	0.00007	0
214	Y	0.00000	0.99997	0.00003	0
215	K	0.00000	0.99998	0.00002	0
216	H	0.00000	0.99999	0.00001	0
217	D	0.00000	0.99999	0.00001	0
218	I	0.00000	0.99999	0.00001	0
219	K	0.00000	0.99999	0.00001	0
220	Y	0.00000	0.99999	0.00001	0
221	N	0.00000	0.99999	0.00001	0
222	C	0.00000	0.99999	0.00001	0
223	C	0.00000	0.99999	0.00001	0
224	E	0.00000	0.99999	0.00001	0
225	E	0.00000	0.99999	0.00001	0
226	I	0.00000	0.99999	0.00001	0
227	Y	0.00000	0.99999	0.00001	0
228	T	0.00000	0.99999	0.00001	0
229	D	0.00000	0.99999	0.00000	0
230	I	0.00000	0.99999	0.00000	0
231	T	0.00000	0.99999	0.00000	0
232	Y	0.00000	0.99999	0.00000	0
233	S	0.00000	0.99979	0.00020	0
234	F	0.00001	0.17701	0.82299	0
235	Y	0.00001	0.06183	0.93816	0
236	I	0.00001	0.00774	0.99225	0
237	R	0.00001	0.00399	0.99601	0
238	R	0.00001	0.00197	0.99803	0
239	L	0.00001	0.00017	0.99982	0
240	P	0.00001	0.00015	0.99985	0
241	M	0.00001	0	0.99999	0
242	F	0.00000	0	1.00000	0
243	Y	0.00000	0	1.00000	0
244	T	0.00000	0	1.00000	0
245	I	0.00000	0	1.00000	0
246	N	0.00000	0	1.00000	0
247	L	0.00000	0	1.00000	0
248	I	0.00000	0	1.00000	0
249	I	0.00000	0	1.00000	0
250	P	0.00000	0	1.00000	0
251	C	0.00000	0	1.00000	0
252	L	0.00000	0	1.00000	0
253	F	0.00000	0	1.00000	0
254	I	0.00000	0	1.00000	0
255	S	0.00000	0	1.00000	0
256	F	0.01549	0	0.98451	0
257	L	0.61495	0	0.38505	0
258	T	0.91344	0	0.08656	0
259	V	0.99294	0	0.00706	0
260	L	0.99944	0	0.00056	0
261	V	0.99991	0	0.00009	0
262	F	0.99994	0	0.00006	0
263	Y	0.99994	0	0.00006	0
264	L	0.99996	0	0.00004	0
265	P	0.99999	0	0.00000	0
266	S	0.99999	0	0.00000	0
267	D	0.99999	1e-05	0.00000	0
268	C	0.98654	1e-05	0.01346	0
269	G	0.98596	1e-05	0.01404	0
270	E	0.98153	1e-05	0.01846	0
271	K	0.93292	1e-05	0.06708	0
272	V	0.48348	1e-05	0.51651	0
273	T	0.47237	1e-05	0.52763	0
274	L	0.01223	1e-05	0.98776	0
275	C	0.00006	1e-05	0.99994	0
276	I	0.00003	1e-05	0.99997	0
277	S	0.00003	1e-05	0.99997	0
278	V	0.00001	1e-05	0.99999	0
279	L	0.00000	1e-05	0.99999	0
280	L	0.00000	1e-05	0.99999	0
281	S	0.00000	1e-05	0.99999	0
282	L	0.00000	1e-05	0.99999	0
283	T	0.00000	1e-05	0.99999	0
284	V	0.00000	1e-05	0.99999	0
285	F	0.00000	1e-05	0.99999	0
286	L	0.00000	1e-05	0.99999	0
287	L	0.00000	2e-05	0.99998	0
288	V	0.00000	0.0006	0.99940	0
289	I	0.00000	0.00372	0.99628	0
290	T	0.00000	0.03049	0.96951	0
291	E	0.00000	0.37877	0.62123	0
292	T	0.00000	0.44147	0.55853	0
293	I	0.00000	0.51166	0.48834	0
294	P	0.00000	0.97834	0.02166	0
295	S	0.00000	0.99908	0.00092	0
296	T	0.00000	0.99993	0.00007	0
297	S	0.00000	0.99995	0.00005	0
298	L	0.00000	0.99995	0.00005	0
299	V	0.00000	0.99995	0.00005	0
300	V	0.00000	0.99992	0.00008	0
301	P	0.00000	0.99993	0.00007	0
302	L	0.00000	0.99991	0.00009	0
303	V	0.00000	0.99982	0.00018	0
304	G	0.00000	0.9996	0.00040	0
305	E	0.00000	0.99512	0.00488	0
306	Y	0.00000	0.13932	0.86068	0
307	L	0.00000	0.02311	0.97689	0
308	L	0.00000	0.00355	0.99645	0
309	F	0.00000	5e-05	0.99995	0
310	T	0.00000	0	1.00000	0
311	M	0.00000	0	1.00000	0
312	I	0.00000	0	1.00000	0
313	F	0.00000	0	1.00000	0
314	V	0.00000	0	1.00000	0
315	T	0.00000	0	1.00000	0
316	L	0.00000	0	1.00000	0
317	S	0.00000	0	1.00000	0
318	I	0.00000	0	1.00000	0
319	V	0.00000	0	1.00000	0
320	V	0.00000	0	1.00000	0
321	T	0.00000	0	1.00000	0
322	V	0.00000	0	1.00000	0
323	F	0.00000	0	1.00000	0
324	V	0.00000	0	1.00000	0
325	L	0.00003	0	0.99997	0
326	N	0.00253	0	0.99747	0
327	I	0.01361	0	0.98639	0
328	H	0.25343	0	0.74657	0
329	Y	0.42647	0	0.57353	0
330	R	0.99794	0	0.00206	0
331	T	0.99985	0	0.00015	0
332	P	0.99999	0	0.00001	0
333	T	1.00000	0	0.00000	0
334	T	1.00000	0	0.00000	0
335	H	1.00000	0	0.00000	0
336	T	1.00000	0	0.00000	0
337	M	0.99970	0	0.00030	0
338	P	0.99504	0	0.00496	0
339	R	0.11976	0	0.88024	0
340	W	0.00817	0	0.99183	0
341	V	0.00732	0	0.99268	0
342	K	0.00403	0	0.99597	0
343	T	0.00402	0	0.99598	0
344	V	0.00402	0	0.99598	0
345	F	0.00400	0	0.99600	0
346	L	0.00399	0	0.99601	0
347	K	0.00399	0	0.99601	0
348	L	0.00399	0	0.99601	0
349	L	0.00399	0	0.99601	0
350	P	0.00399	0	0.99601	0
351	Q	0.00399	0	0.99601	0
352	V	0.00399	0	0.99601	0
353	L	0.00399	0	0.99601	0
354	L	0.00399	0	0.99601	0
355	M	0.00399	0	0.99601	0
356	R	0.00399	2e-05	0.99599	0
357	W	0.00399	0.00013	0.99588	0
358	P	0.00399	0.00985	0.98616	0
359	L	0.00399	0.05072	0.94530	0
360	D	0.00399	0.9916	0.00441	0
361	K	0.00399	0.99595	0.00006	0
362	T	0.00399	0.99596	0.00006	0
363	R	0.00399	0.99597	0.00004	0
364	G	0.00399	0.99597	0.00004	0
365	T	0.00399	0.99597	0.00004	0
366	G	0.00399	0.99599	0.00002	0
367	S	0.00399	0.996	0.00001	0
368	D	0.00399	0.99601	0.00000	0
369	A	0.00399	0.99601	0.00000	0
370	V	0.00399	0.99601	0.00000	0
371	P	0.00399	0.99601	0.00000	0
372	R	0.00399	0.99601	0.00000	0
373	G	0.00399	0.99601	0.00000	0
374	L	0.00399	0.99601	0.00000	0
375	A	0.00399	0.99601	0.00000	0
376	R	0.00399	0.99601	0.00000	0
377	R	0.00399	0.99601	0.00000	0
378	P	0.00399	0.99601	0.00000	0
379	A	0.00399	0.99601	0.00000	0
380	K	0.00399	0.99601	0.00000	0
381	G	0.00399	0.99601	0.00000	0
382	K	0.00399	0.99601	0.00000	0
383	L	0.00399	0.99601	0.00000	0
384	A	0.00399	0.99601	0.00000	0
385	S	0.00399	0.99601	0.00000	0
386	H	0.00399	0.99601	0.00000	0
387	G	0.00399	0.99601	0.00000	0
388	E	0.00399	0.99601	0.00000	0
389	P	0.00399	0.99601	0.00000	0
390	R	0.00399	0.99601	0.00000	0
391	H	0.00399	0.99601	0.00000	0
392	L	0.00399	0.99601	0.00000	0
393	K	0.00399	0.99601	0.00000	0
394	E	0.00399	0.99601	0.00000	0
395	C	0.00399	0.99601	0.00000	0
396	F	0.00399	0.99601	0.00000	0
397	H	0.00399	0.99601	0.00000	0
398	C	0.00399	0.99601	0.00000	0
399	H	0.00399	0.99601	0.00000	0
400	K	0.00399	0.99601	0.00000	0
401	S	0.00399	0.99601	0.00000	0
402	N	0.00399	0.99601	0.00000	0
403	E	0.00399	0.99601	0.00000	0
404	L	0.00391	0.99601	0.00008	0
405	A	0.00311	0.99601	0.00088	0
406	T	0.00309	0.99601	0.00089	0
407	S	0.00233	0.99601	0.00166	0
408	K	0.00070	0.99601	0.00329	0
409	R	0.00016	0.99601	0.00382	0
410	R	0.00016	0.99601	0.00383	0
411	L	0.00016	0.99601	0.00383	0
412	S	0.00016	0.99601	0.00383	0
413	H	0.00016	0.99601	0.00383	0
414	Q	0.00016	0.99601	0.00383	0
415	P	0.00015	0.99601	0.00384	0
416	L	0.00006	0.99601	0.00393	0
417	Q	0.00006	0.99601	0.00393	0
418	W	0.00006	0.99601	0.00393	0
419	V	0.00006	0.99601	0.00393	0
420	V	0.00006	0.99601	0.00393	0
421	E	0.00006	0.99601	0.00393	0
422	N	0.00006	0.99601	0.00393	0
423	S	0.00006	0.99603	0.00392	0
424	E	0.00006	0.99628	0.00366	0
425	H	0.00006	0.9964	0.00355	0
426	S	0.00006	0.99668	0.00326	0
427	P	0.00006	0.99729	0.00266	0
428	E	0.00006	0.99843	0.00151	0
429	V	0.00006	0.99866	0.00128	0
430	E	0.00006	0.99983	0.00011	0
431	D	0.00006	0.99984	0.00010	0
432	V	0.00005	0.99984	0.00011	0
433	I	0.00005	0.99984	0.00011	0
434	N	0.00005	0.99984	0.00011	0
435	S	0.00005	0.99984	0.00011	0
436	V	0.00005	0.99984	0.00011	0
437	Q	0.00005	0.99984	0.00011	0
438	F	0.00005	0.99984	0.00010	0
439	I	0.00005	0.99985	0.00010	0
440	A	0.00005	0.99987	0.00008	0
441	E	0.00005	0.99994	0.00001	0
442	N	0.00005	0.99994	0.00000	0
443	M	0.00005	0.99994	0.00000	0
444	K	0.00005	0.99994	0.00000	0
445	S	0.00005	0.99994	0.00000	0
446	H	0.00005	0.99994	0.00000	0
447	N	0.00005	0.99994	0.00000	0
448	E	0.00005	0.99994	0.00000	0
449	T	0.00005	0.99994	0.00000	0
450	K	0.00005	0.99995	0.00000	0
451	E	0.00005	0.99995	0.00000	0
452	V	0.00005	0.99995	0.00000	0
453	E	0.00005	0.99995	0.00000	0
454	D	0.00005	0.99995	0.00000	0
455	D	0.00005	0.99994	0.00001	0
456	W	0.00005	0.99989	0.00006	0
457	K	0.00005	0.99984	0.00011	0
458	Y	0.00005	0.99944	0.00051	0
459	V	0.00005	0.9987	0.00124	0
460	A	0.00005	0.99864	0.00131	0
461	M	0.00005	0.99547	0.00447	0
462	V	0.00005	0.99447	0.00548	0
463	V	0.00005	0.9942	0.00575	0
464	D	0.00005	0.99411	0.00583	0
465	R	0.00005	0.87228	0.12767	0
466	V	0.00005	0.28046	0.71948	0
467	F	0.00005	0.11008	0.88986	0
468	L	0.00005	0.03931	0.96064	0
469	W	0.00005	0.01874	0.98121	0
470	V	0.00005	0.00123	0.99871	0
471	F	0.00005	0.00034	0.99961	0
472	I	0.00005	3e-05	0.99992	0
473	I	0.00005	0	0.99995	0
474	V	0.00006	0	0.99994	0
475	C	0.00006	0	0.99994	0
476	V	0.00007	0	0.99993	0
477	F	0.00009	0	0.99991	0
478	G	0.00015	0	0.99985	0
479	T	0.00072	0	0.99928	0
480	A	0.00100	0	0.99900	0
481	G	0.00129	0	0.99871	0
482	L	0.00172	0	0.99828	0
483	F	0.00217	0	0.99783	0
484	L	0.00625	0	0.99375	0
485	Q	0.08963	0	0.91037	0
486	P	0.14052	0	0.85948	0
487	L	0.27262	0	0.72738	0
488	L	0.47832	0	0.52168	0
489	G	0.62484	0	0.37516	0
490	N	0.71451	0	0.28549	0
491	T	0.82836	0	0.17164	0
492	G	0.95398	0	0.04602	0
493	K	1.00000	0	0.00000	0
494	S	1.00000	0	0.00000	0
