# UNNAMED
#pos	aa	i	o	M	S
1	M	0.00000	0.99892	0.00000	0.00108
2	S	0.00000	0.99892	0.00000	0.00108
3	A	0.00000	0.99892	0.00000	0.00109
4	N	0.00000	0.99892	0.00000	0.00109
5	A	0.00000	0.99892	0.00000	0.00108
6	T	0.00000	0.99892	0.00000	0.00108
7	L	0.00000	0.99892	0.00000	0.00109
8	K	0.00000	0.99892	0.00000	0.00108
9	P	0.00000	0.99892	0.00000	0.00108
10	L	0.00000	0.99892	0.00000	0.00108
11	C	0.00000	0.99892	0.00000	0.00108
12	P	0.00000	0.99892	0.00000	0.00108
13	I	0.00000	0.99892	0.00000	0.00108
14	L	0.00000	0.99892	0.00000	0.00108
15	E	0.00000	0.99892	0.00000	0.00108
16	Q	0.00000	0.99893	0.00000	0.00108
17	M	0.00000	0.99893	0.00000	0.00107
18	S	0.00000	0.99893	0.00000	0.00107
19	R	0.00000	0.99893	0.00000	0.00107
20	L	0.00000	0.99893	0.00000	0.00107
21	Q	0.00000	0.99977	0.00000	0.00024
22	S	0.00000	0.99976	0.00000	0.00024
23	H	0.00000	0.99995	0.00000	5e-05
24	S	0.00000	0.99995	0.00000	5e-05
25	N	0.00000	1	0.00000	0
26	T	0.00000	1	0.00000	0
27	S	0.00000	1	0.00000	0
28	I	0.00000	1	0.00000	0
29	R	0.00000	1	0.00000	0
30	Y	0.00000	1	0.00000	0
31	I	0.00000	1	0.00000	0
32	D	0.00000	1	0.00000	0
33	H	0.00000	0.97862	0.02138	0
34	A	0.00000	0.95101	0.04899	0
35	A	0.00000	0.29926	0.70074	0
36	V	0.00000	0.06516	0.93484	0
37	L	0.00000	0.01861	0.98139	0
38	L	0.00000	0.00298	0.99702	0
39	H	0.00000	0.00096	0.99904	0
40	G	0.00000	0.00022	0.99978	0
41	L	0.00000	1e-05	0.99999	0
42	A	0.00000	0	1.00000	0
43	S	0.00000	0	1.00000	0
44	L	0.00000	0	1.00000	0
45	L	0.00000	0	1.00000	0
46	G	0.00000	0	1.00000	0
47	L	0.00000	0	1.00000	0
48	V	0.00000	0	1.00000	0
49	E	0.00000	0	1.00000	0
50	N	0.00000	0	1.00000	0
51	G	0.00000	0	1.00000	0
52	V	0.00000	0	1.00000	0
53	I	0.00000	0	1.00000	0
54	L	0.00000	0	1.00000	0
55	F	0.00002	0	0.99998	0
56	V	0.00356	0	0.99644	0
57	V	0.11560	0	0.88440	0
58	G	0.60640	0	0.39360	0
59	C	0.75869	0	0.24131	0
60	R	0.99553	0	0.00447	0
61	M	0.99907	0	0.00093	0
62	R	0.99999	0	0.00001	0
63	Q	1.00000	0	0.00000	0
64	T	1.00000	0	0.00000	0
65	V	0.99981	0	0.00019	0
66	V	0.99954	0	0.00046	0
67	T	0.99895	0	0.00105	0
68	T	0.88710	0	0.11290	0
69	W	0.06617	0	0.93383	0
70	V	0.01359	0	0.98641	0
71	L	0.00012	0	0.99988	0
72	H	0.00000	0	1.00000	0
73	L	0.00000	0	1.00000	0
74	A	0.00000	0	1.00000	0
75	L	0.00000	0	1.00000	0
76	S	0.00000	0	1.00000	0
77	D	0.00000	0	1.00000	0
78	L	0.00000	0	1.00000	0
79	L	0.00000	0	1.00000	0
80	A	0.00000	0	1.00000	0
81	S	0.00000	0	1.00000	0
82	A	0.00000	0	1.00000	0
83	S	0.00000	0	1.00000	0
84	L	0.00000	0	1.00000	0
85	P	0.00000	0	1.00000	0
86	F	0.00000	0	1.00000	0
87	F	0.00000	0.00123	0.99877	0
88	T	0.00000	0.0685	0.93150	0
89	Y	0.00000	0.52597	0.47403	0
90	F	0.00000	0.97974	0.02026	0
91	L	0.00000	0.9819	0.01810	0
92	A	0.00000	0.98637	0.01363	0
93	V	0.00000	0.98952	0.01048	0
94	G	0.00000	0.99725	0.00275	0
95	H	0.00000	0.99998	0.00002	0
96	S	0.00000	1	0.00000	0
97	W	0.00000	1	0.00000	0
98	E	0.00000	1	0.00000	0
99	L	0.00000	1	0.00000	0
100	G	0.00000	1	0.00000	0
101	T	0.00000	1	0.00000	0
102	T	0.00000	0.99998	0.00002	0
103	F	0.00000	0.99838	0.00162	0
104	C	0.00000	0.99818	0.00182	0
105	K	0.00000	0.99716	0.00284	0
106	L	0.00000	0.80528	0.19472	0
107	H	0.00000	0.65243	0.34757	0
108	S	0.00000	0.45619	0.54381	0
109	S	0.00000	0.03065	0.96935	0
110	I	0.00000	0.0031	0.99690	0
111	F	0.00000	0.00042	0.99958	0
112	F	0.00000	1e-05	0.99999	0
113	L	0.00000	0	1.00000	0
114	N	0.00000	0	1.00000	0
115	M	0.00000	0	1.00000	0
116	F	0.00000	0	1.00000	0
117	A	0.00000	0	1.00000	0
118	S	0.00000	0	1.00000	0
119	G	0.00000	0	1.00000	0
120	F	0.00000	0	1.00000	0
121	L	0.00000	0	1.00000	0
122	L	0.00000	0	1.00000	0
123	S	0.00000	0	1.00000	0
124	A	0.00000	0	1.00000	0
125	I	0.00000	0	1.00000	0
126	S	0.00001	0	0.99999	0
127	L	0.00004	0	0.99996	0
128	D	0.00015	0	0.99985	0
129	R	0.03833	0	0.96167	0
130	C	0.56869	0	0.43131	0
131	L	0.73233	0	0.26767	0
132	Q	0.78218	0	0.21782	0
133	V	0.99998	0	0.00002	0
134	V	1.00000	0	0.00000	0
135	R	1.00000	0	0.00000	0
136	P	1.00000	0	0.00000	0
137	V	1.00000	0	0.00000	0
138	W	1.00000	0	0.00000	0
139	A	1.00000	0	0.00000	0
140	Q	1.00000	0	0.00000	0
141	N	1.00000	0	0.00000	0
142	H	1.00000	0	0.00000	0
143	R	1.00000	0	0.00000	0
144	T	0.99987	0	0.00013	0
145	V	0.97642	0	0.02358	0
146	A	0.85345	0	0.14655	0
147	A	0.56013	0	0.43987	0
148	A	0.28189	0	0.71811	0
149	H	0.22750	0	0.77250	0
150	K	0.19543	0	0.80457	0
151	V	0.00121	0	0.99879	0
152	C	0.00000	0	1.00000	0
153	L	0.00000	0	1.00000	0
154	V	0.00000	0	1.00000	0
155	L	0.00000	0	1.00000	0
156	W	0.00000	0	1.00000	0
157	A	0.00000	0	1.00000	0
158	L	0.00000	0	1.00000	0
159	A	0.00000	0	1.00000	0
160	V	0.00000	0	1.00000	0
161	L	0.00000	0	1.00000	0
162	N	0.00000	0	1.00000	0
163	T	0.00000	0	1.00000	0
164	V	0.00000	0.0001	0.99990	0
165	P	0.00000	0.00242	0.99758	0
166	Y	0.00000	0.00624	0.99376	0
167	F	0.00000	0.01567	0.98433	0
168	V	0.00000	0.07138	0.92862	0
169	F	0.00000	0.21508	0.78492	0
170	R	0.00000	0.84954	0.15046	0
171	D	0.00000	0.99927	0.00073	0
172	T	0.00000	0.99951	0.00049	0
173	I	0.00000	0.99964	0.00036	0
174	S	0.00000	0.99995	0.00005	0
175	R	0.00000	1	0.00000	0
176	L	0.00000	1	0.00000	0
177	D	0.00000	1	0.00000	0
178	G	0.00000	1	0.00000	0
179	R	0.00000	1	0.00000	0
180	I	0.00000	1	0.00000	0
181	M	0.00000	1	0.00000	0
182	C	0.00000	1	0.00000	0
183	Y	0.00000	1	0.00000	0
184	Y	0.00000	1	0.00000	0
185	N	0.00000	1	0.00000	0
186	V	0.00000	1	0.00000	0
187	L	0.00000	1	0.00000	0
188	L	0.00000	1	0.00000	0
189	L	0.00000	1	0.00000	0
190	N	0.00000	1	0.00000	0
191	P	0.00000	1	0.00000	0
192	G	0.00000	1	0.00000	0
193	P	0.00000	1	0.00000	0
194	D	0.00000	1	0.00000	0
195	R	0.00000	1	0.00000	0
196	D	0.00000	1	0.00000	0
197	A	0.00000	0.99997	0.00003	0
198	T	0.00000	0.99996	0.00004	0
199	C	0.00000	0.99995	0.00005	0
200	N	0.00000	0.99988	0.00012	0
201	S	0.00000	0.99979	0.00021	0
202	R	0.00000	0.99935	0.00065	0
203	Q	0.00000	0.9952	0.00480	0
204	V	0.00000	0.9355	0.06450	0
205	A	0.00000	0.00057	0.99943	0
206	L	0.00000	6e-05	0.99994	0
207	A	0.00000	2e-05	0.99998	0
208	V	0.00000	1e-05	0.99999	0
209	S	0.00000	1e-05	0.99999	0
210	K	0.00000	1e-05	0.99999	0
211	F	0.00000	0	1.00000	0
212	L	0.00000	0	1.00000	0
213	L	0.00000	0	1.00000	0
214	A	0.00000	0	1.00000	0
215	F	0.00000	0	1.00000	0
216	L	0.00000	0	1.00000	0
217	V	0.00000	0	1.00000	0
218	P	0.00000	0	1.00000	0
219	L	0.00000	0	1.00000	0
220	A	0.00000	0	1.00000	0
221	I	0.00000	0	1.00000	0
222	I	0.00000	0	1.00000	0
223	A	0.00002	0	0.99998	0
224	S	0.00223	0	0.99777	0
225	S	0.01000	0	0.99000	0
226	H	0.02632	0	0.97368	0
227	A	0.05534	0	0.94466	0
228	A	0.11261	0	0.88739	0
229	V	0.18114	0	0.81886	0
230	S	0.81428	0	0.18572	0
231	L	0.98656	0	0.01344	0
232	R	0.99969	0	0.00031	0
233	L	0.99987	0	0.00013	0
234	Q	1.00000	0	0.00000	0
235	H	1.00000	0	0.00000	0
236	R	1.00000	0	0.00000	0
237	G	1.00000	0	0.00000	0
238	R	1.00000	0	0.00000	0
239	R	1.00000	0	0.00000	0
240	R	1.00000	0	0.00000	0
241	P	0.99998	0	0.00002	0
242	G	0.99965	0	0.00035	0
243	R	0.89091	0	0.10909	0
244	F	0.55835	0	0.44165	0
245	V	0.38698	0	0.61302	0
246	R	0.27095	0	0.72905	0
247	L	0.01406	0	0.98594	0
248	V	0.00231	0	0.99769	0
249	A	0.00026	0	0.99974	0
250	A	0.00016	0	0.99984	0
251	V	0.00002	0	0.99998	0
252	V	0.00002	0	0.99998	0
253	A	0.00000	0	1.00000	0
254	A	0.00000	0	1.00000	0
255	F	0.00000	0	1.00000	0
256	A	0.00000	0	1.00000	0
257	L	0.00000	0	1.00000	0
258	C	0.00000	0	1.00000	0
259	W	0.00000	0	1.00000	0
260	G	0.00000	0	1.00000	0
261	P	0.00000	0	1.00000	0
262	Y	0.00000	0	1.00000	0
263	H	0.00000	2e-05	0.99998	0
264	V	0.00000	0.00045	0.99955	0
265	F	0.00000	0.00457	0.99543	0
266	S	0.00000	0.10795	0.89205	0
267	L	0.00000	0.30798	0.69202	0
268	L	0.00000	0.73821	0.26179	0
269	E	0.00000	0.96034	0.03966	0
270	A	0.00000	0.9706	0.02940	0
271	R	0.00000	0.99455	0.00545	0
272	A	0.00000	0.99609	0.00391	0
273	H	0.00000	0.9988	0.00120	0
274	A	0.00000	0.99939	0.00061	0
275	N	0.00000	0.99997	0.00003	0
276	P	0.00000	1	0.00000	0
277	G	0.00000	1	0.00000	0
278	L	0.00000	1	0.00000	0
279	R	0.00000	0.99991	0.00009	0
280	P	0.00000	0.93429	0.06571	0
281	L	0.00000	0.78458	0.21542	0
282	V	0.00000	0.65314	0.34686	0
283	W	0.00000	0.64472	0.35528	0
284	R	0.00000	0.63969	0.36031	0
285	G	0.00000	0.59676	0.40324	0
286	L	0.00000	0.07533	0.92467	0
287	P	0.00000	0.06573	0.93427	0
288	F	0.00000	0.00493	0.99507	0
289	V	0.00000	0.00046	0.99954	0
290	T	0.00000	0.00022	0.99978	0
291	S	0.00000	0.00015	0.99985	0
292	L	0.00000	0	1.00000	0
293	A	0.00000	0	1.00000	0
294	F	0.00000	0	1.00000	0
295	F	0.00000	0	1.00000	0
296	N	0.00000	0	1.00000	0
297	S	0.00000	0	1.00000	0
298	V	0.00000	0	1.00000	0
299	A	0.00001	0	0.99999	0
300	N	0.00010	0	0.99990	0
301	P	0.00018	0	0.99982	0
302	V	0.00087	0	0.99913	0
303	L	0.01278	0	0.98722	0
304	Y	0.01651	0	0.98349	0
305	V	0.04148	0	0.95852	0
306	L	0.22471	0	0.77529	0
307	T	0.59737	0	0.40263	0
308	C	0.78214	0	0.21786	0
309	P	0.97658	0	0.02342	0
310	D	0.99924	0	0.00076	0
311	M	0.99945	0	0.00055	0
312	L	0.99960	0	0.00040	0
313	R	1.00000	0	0.00000	0
314	K	1.00000	0	0.00000	0
315	L	1.00000	0	0.00000	0
316	R	1.00000	0	0.00000	0
317	R	1.00000	0	0.00000	0
318	S	1.00000	0	0.00000	0
319	L	1.00000	0	0.00000	0
320	R	1.00000	0	0.00000	0
321	T	1.00000	0	0.00000	0
322	V	1.00000	0	0.00000	0
323	L	1.00000	0	0.00000	0
324	E	1.00000	0	0.00000	0
325	S	1.00000	0	0.00000	0
326	V	1.00000	0	0.00000	0
327	L	1.00000	0	0.00000	0
328	V	1.00000	0	0.00000	0
329	D	1.00000	0	0.00000	0
330	D	1.00000	0	0.00000	0
331	S	1.00000	0	0.00000	0
332	E	1.00000	0	0.00000	0
333	L	1.00000	0	0.00000	0
334	G	1.00000	0	0.00000	0
335	G	1.00000	0	0.00000	0
336	A	1.00000	0	0.00000	0
337	G	1.00000	0	0.00000	0
338	S	1.00000	0	0.00000	0
339	S	1.00000	0	0.00000	0
340	R	1.00000	0	0.00000	0
341	R	1.00000	0	0.00000	0
342	R	1.00000	0	0.00000	0
343	R	1.00000	0	0.00000	0
344	T	1.00000	0	0.00000	0
345	S	1.00000	0	0.00000	0
346	S	1.00000	0	0.00000	0
347	T	1.00000	0	0.00000	0
348	A	1.00000	0	0.00000	0
349	R	1.00000	0	0.00000	0
350	S	1.00000	0	0.00000	0
351	A	1.00000	0	0.00000	0
352	S	1.00000	0	0.00000	0
353	P	1.00000	0	0.00000	0
354	L	1.00000	0	0.00000	0
355	A	1.00000	0	0.00000	0
356	L	1.00000	0	0.00000	0
357	C	1.00000	0	0.00000	0
358	S	1.00000	0	0.00000	0
359	R	1.00000	0	0.00000	0
360	P	1.00000	0	0.00000	0
361	E	1.00000	0	0.00000	0
362	E	1.00000	0	0.00000	0
363	P	1.00000	0	0.00000	0
364	R	1.00000	0	0.00000	0
365	G	1.00000	0	0.00000	0
366	P	1.00000	0	0.00000	0
367	A	1.00000	0	0.00000	0
368	R	1.00000	0	0.00000	0
369	L	1.00000	0	0.00000	0
370	L	1.00000	0	0.00000	0
371	G	1.00000	0	0.00000	0
372	W	1.00000	0	0.00000	0
373	L	1.00000	0	0.00000	0
374	L	1.00000	0	0.00000	0
375	G	1.00000	0	0.00000	0
376	S	1.00000	0	0.00000	0
377	C	1.00000	0	0.00000	0
378	A	1.00000	0	0.00000	0
379	A	1.00000	0	0.00000	0
380	S	1.00000	0	0.00000	0
381	P	1.00000	0	0.00000	0
382	Q	1.00000	0	0.00000	0
383	T	1.00000	0	0.00000	0
384	G	1.00000	0	0.00000	0
385	P	1.00000	0	0.00000	0
386	L	1.00000	0	0.00000	0
387	N	1.00000	0	0.00000	0
388	R	1.00000	0	0.00000	0
389	A	1.00000	0	0.00000	0
390	L	1.00000	0	0.00000	0
391	S	1.00000	0	0.00000	0
392	S	1.00000	0	0.00000	0
393	T	1.00000	0	0.00000	0
394	S	1.00000	0	0.00000	0
395	S	1.00000	0	0.00000	0
