# UNNAMED
#pos	aa	i	o	M	S
1	M	0.00000	0.99935	0.00000	0.00065
2	P	0.00000	0.99935	0.00000	0.00065
3	S	0.00000	0.99935	0.00000	0.00065
4	I	0.00000	0.99935	0.00000	0.00065
5	N	0.00000	0.99935	0.00000	0.00065
6	D	0.00000	0.99935	0.00000	0.00065
7	T	0.00000	0.99935	0.00000	0.00065
8	H	0.00000	0.99935	0.00000	0.00064
9	F	0.00000	0.99935	0.00000	0.00065
10	Y	0.00000	0.99935	0.00000	0.00065
11	P	0.00000	0.99935	0.00000	0.00065
12	P	0.00000	0.99935	0.00000	0.00064
13	F	0.00000	0.99935	0.00000	0.00065
14	F	0.00000	0.99935	0.00000	0.00065
15	L	0.00000	0.99935	0.00000	0.00065
16	L	0.00000	0.99935	0.00000	0.00064
17	L	0.00000	0.99935	0.00000	0.00065
18	G	0.00000	0.99935	0.00000	0.00065
19	I	0.00000	0.99935	0.00000	0.00064
20	P	0.00000	0.99935	0.00000	0.00065
21	G	0.00000	0.99935	0.00000	0.00065
22	L	0.00000	0.99944	0.00000	0.00056
23	D	0.00000	0.99944	0.00000	0.00056
24	T	0.00000	0.93625	0.06318	0.00056
25	L	0.00000	0.74185	0.25815	0
26	H	0.00000	0.6622	0.33779	0
27	I	0.00000	0.36731	0.63269	0
28	W	0.00000	0.14211	0.85788	0
29	I	0.00000	0.05071	0.94929	0
30	S	0.00000	0.04917	0.95083	0
31	F	0.00000	0.04156	0.95844	0
32	P	0.00000	0.04051	0.95949	0
33	F	0.00000	0.00098	0.99902	0
34	C	0.00000	0.00037	0.99963	0
35	I	0.00000	0	1.00000	0
36	V	0.00000	0	1.00000	0
37	Y	0.00000	0	1.00000	0
38	L	0.00000	0	1.00000	0
39	I	0.00000	0	1.00000	0
40	A	0.00000	0	1.00000	0
41	I	0.00000	0	1.00000	0
42	V	0.00000	0	1.00000	0
43	G	0.00000	0	1.00000	0
44	N	0.00000	0	1.00000	0
45	M	0.00000	0	1.00000	0
46	T	0.00000	0	1.00000	0
47	I	0.00000	0	1.00000	0
48	L	0.00004	0	0.99996	0
49	F	0.00093	0	0.99907	0
50	V	0.03993	0	0.96007	0
51	I	0.10766	0	0.89234	0
52	K	0.98699	0	0.01301	0
53	T	0.99837	0	0.00163	0
54	E	0.99996	0	0.00004	0
55	H	0.99999	0	0.00001	0
56	S	1.00000	0	0.00000	0
57	L	1.00000	0	0.00000	0
58	H	1.00000	0	0.00000	0
59	Q	1.00000	0	0.00000	0
60	P	1.00000	0	0.00000	0
61	M	0.12669	0	0.87331	0
62	F	0.04598	0	0.95402	0
63	Y	0.01400	0	0.98600	0
64	F	0.00022	0	0.99978	0
65	L	0.00003	0	0.99997	0
66	A	0.00001	0	0.99999	0
67	M	0.00000	0	1.00000	0
68	L	0.00000	0	1.00000	0
69	S	0.00000	0	1.00000	0
70	M	0.00000	0	1.00000	0
71	I	0.00000	0	1.00000	0
72	D	0.00000	0	1.00000	0
73	L	0.00000	0	1.00000	0
74	G	0.00000	0	1.00000	0
75	L	0.00000	0	1.00000	0
76	S	0.00000	0	1.00000	0
77	T	0.00000	0	1.00000	0
78	S	0.00000	0	1.00000	0
79	T	0.00000	2e-05	0.99998	0
80	I	0.00000	6e-05	0.99994	0
81	P	0.00000	0.00096	0.99904	0
82	K	0.00000	0.01578	0.98422	0
83	M	0.00000	0.02373	0.97627	0
84	L	0.00000	0.19946	0.80054	0
85	G	0.00000	0.78828	0.21172	0
86	I	0.00000	0.99939	0.00061	0
87	F	0.00000	0.99986	0.00014	0
88	W	0.00000	0.99991	0.00009	0
89	F	0.00000	0.99993	0.00007	0
90	N	0.00000	1	0.00000	0
91	L	0.00000	1	0.00000	0
92	Q	0.00000	1	0.00000	0
93	E	0.00000	1	0.00000	0
94	I	0.00000	1	0.00000	0
95	S	0.00000	1	0.00000	0
96	F	0.00000	1	0.00000	0
97	G	0.00000	1	0.00000	0
98	G	0.00000	0.99991	0.00009	0
99	C	0.00000	0.99965	0.00035	0
100	L	0.00000	0.98768	0.01232	0
101	L	0.00000	0.97215	0.02785	0
102	Q	0.00000	0.95475	0.04525	0
103	M	0.00000	0.13406	0.86594	0
104	F	0.00000	0.02171	0.97829	0
105	F	0.00000	0.00044	0.99956	0
106	I	0.00000	2e-05	0.99998	0
107	H	0.00000	0	1.00000	0
108	M	0.00000	0	1.00000	0
109	F	0.00000	0	1.00000	0
110	T	0.00000	0	1.00000	0
111	G	0.00000	0	1.00000	0
112	M	0.00000	0	1.00000	0
113	E	0.00000	0	1.00000	0
114	T	0.00000	0	1.00000	0
115	V	0.00000	0	1.00000	0
116	L	0.00000	0	1.00000	0
117	L	0.00000	0	1.00000	0
118	V	0.00000	0	1.00000	0
119	V	0.00000	0	1.00000	0
120	M	0.00000	0	1.00000	0
121	A	0.00000	0	1.00000	0
122	Y	0.00000	0	1.00000	0
123	D	0.00001	0	0.99999	0
124	R	0.00225	0	0.99775	0
125	F	0.02409	0	0.97591	0
126	V	0.91180	0	0.08820	0
127	A	0.99593	0	0.00407	0
128	I	1.00000	0	0.00000	0
129	C	1.00000	0	0.00000	0
130	N	1.00000	0	0.00000	0
131	P	1.00000	0	0.00000	0
132	L	1.00000	0	0.00000	0
133	Q	1.00000	0	0.00000	0
134	Y	1.00000	0	0.00000	0
135	T	1.00000	0	0.00000	0
136	M	1.00000	0	0.00000	0
137	I	1.00000	0	0.00000	0
138	L	1.00000	0	0.00000	0
139	T	1.00000	0	0.00000	0
140	N	0.99999	0	0.00001	0
141	K	0.99983	0	0.00017	0
142	T	0.97611	0	0.02389	0
143	I	0.40135	0	0.59865	0
144	S	0.30947	0	0.69053	0
145	I	0.02566	0	0.97434	0
146	L	0.00604	0	0.99396	0
147	A	0.00524	0	0.99476	0
148	S	0.00520	0	0.99480	0
149	V	0.00011	0	0.99989	0
150	V	0.00000	0	1.00000	0
151	V	0.00000	0	1.00000	0
152	G	0.00000	0	1.00000	0
153	R	0.00000	0	1.00000	0
154	N	0.00000	0	1.00000	0
155	L	0.00000	0	1.00000	0
156	V	0.00000	0	1.00000	0
157	L	0.00000	0	1.00000	0
158	V	0.00000	0	1.00000	0
159	T	0.00000	0	1.00000	0
160	P	0.00000	0	1.00000	0
161	F	0.00000	0	1.00000	0
162	V	0.00000	7e-05	0.99993	0
163	F	0.00000	0.00108	0.99892	0
164	L	0.00000	0.01466	0.98534	0
165	I	0.00000	0.08177	0.91823	0
166	L	0.00000	0.39286	0.60714	0
167	R	0.00000	0.96654	0.03346	0
168	L	0.00000	0.97926	0.02074	0
169	P	0.00000	0.99398	0.00602	0
170	F	0.00000	0.9955	0.00450	0
171	C	0.00000	0.9998	0.00020	0
172	G	0.00000	1	0.00000	0
173	H	0.00000	1	0.00000	0
174	N	0.00000	1	0.00000	0
175	I	0.00000	1	0.00000	0
176	V	0.00000	1	0.00000	0
177	P	0.00000	1	0.00000	0
178	H	0.00000	1	0.00000	0
179	T	0.00000	1	0.00000	0
180	Y	0.00000	1	0.00000	0
181	C	0.00000	1	0.00000	0
182	E	0.00000	1	0.00000	0
183	H	0.00000	1	0.00000	0
184	R	0.00000	1	0.00000	0
185	G	0.00000	0.99997	0.00003	0
186	L	0.00000	0.99961	0.00039	0
187	A	0.00000	0.9996	0.00040	0
188	G	0.00000	0.99954	0.00046	0
189	L	0.00000	0.99954	0.00046	0
190	A	0.00000	0.9983	0.00170	0
191	C	0.00000	0.9983	0.00170	0
192	A	0.00000	0.99804	0.00196	0
193	P	0.00000	0.99803	0.00197	0
194	I	0.00000	0.99802	0.00198	0
195	K	0.00000	0.99789	0.00211	0
196	I	0.00000	0.75765	0.24235	0
197	N	0.00000	0.75602	0.24398	0
198	I	0.00000	0.19867	0.80133	0
199	I	0.00000	0.09741	0.90259	0
200	Y	0.00000	0.09167	0.90833	0
201	G	0.00000	0.03642	0.96358	0
202	L	0.00000	0.00415	0.99585	0
203	M	0.00000	0.00292	0.99708	0
204	V	0.00000	0.00278	0.99722	0
205	I	0.00000	0.00268	0.99732	0
206	S	0.00000	0	1.00000	0
207	Y	0.00000	0	1.00000	0
208	I	0.00000	0	1.00000	0
209	I	0.00001	0	0.99999	0
210	V	0.00009	0	0.99991	0
211	D	0.00040	0	0.99960	0
212	V	0.00041	0	0.99959	0
213	I	0.00043	0	0.99957	0
214	L	0.00051	0	0.99949	0
215	I	0.00076	0	0.99924	0
216	A	0.00159	0	0.99841	0
217	S	0.00211	0	0.99789	0
218	S	0.00236	0	0.99764	0
219	Y	0.00248	0	0.99752	0
220	V	0.00365	0	0.99635	0
221	L	0.00815	0	0.99185	0
222	I	0.02242	0	0.97758	0
223	L	0.15625	0	0.84375	0
224	R	0.96879	0	0.03121	0
225	A	0.97367	0	0.02633	0
226	V	0.97585	0	0.02415	0
227	F	0.98081	0	0.01919	0
228	R	0.99927	0	0.00073	0
229	L	0.99996	0	0.00004	0
230	P	1.00000	0	0.00000	0
231	S	1.00000	0	0.00000	0
232	Q	1.00000	0	0.00000	0
233	D	1.00000	0	0.00000	0
234	V	0.98304	0	0.01696	0
235	R	0.98156	0	0.01844	0
236	L	0.89389	0	0.10611	0
237	K	0.84988	0	0.15012	0
238	A	0.71993	0	0.28007	0
239	F	0.68797	0	0.31203	0
240	N	0.66521	0	0.33479	0
241	T	0.63867	0	0.36133	0
242	C	0.61682	0	0.38318	0
243	G	0.61502	0	0.38498	0
244	S	0.61221	0	0.38779	0
245	H	0.61210	0	0.38790	0
246	V	0.00132	0	0.99868	0
247	C	0.00083	0	0.99917	0
248	V	0.00000	0	1.00000	0
249	M	0.00000	0	1.00000	0
250	L	0.00000	0	1.00000	0
251	C	0.00000	0	1.00000	0
252	F	0.00000	0	1.00000	0
253	Y	0.00000	0	1.00000	0
254	T	0.00000	1e-05	0.99999	0
255	P	0.00000	1e-05	0.99999	0
256	A	0.00000	2e-05	0.99998	0
257	F	0.00000	0.00041	0.99959	0
258	F	0.00000	0.00345	0.99655	0
259	S	0.00000	0.00979	0.99021	0
260	F	0.00000	0.01396	0.98604	0
261	M	0.00000	0.0617	0.93830	0
262	T	0.00000	0.25197	0.74803	0
263	H	0.00000	0.34643	0.65357	0
264	R	0.00000	0.37652	0.62348	0
265	F	0.00000	0.38419	0.61581	0
266	G	0.00000	0.67978	0.32022	0
267	Q	0.00000	0.91201	0.08799	0
268	N	0.00000	0.99862	0.00138	0
269	I	0.00000	0.99907	0.00093	0
270	P	0.00000	0.99869	0.00131	0
271	H	0.00000	0.98678	0.01322	0
272	Y	0.00000	0.86698	0.13302	0
273	I	0.00000	0.35874	0.64126	0
274	H	0.00000	0.23067	0.76933	0
275	I	0.00000	0.03727	0.96273	0
276	L	0.00000	0.00125	0.99875	0
277	L	0.00000	1e-05	0.99999	0
278	A	0.00000	0	1.00000	0
279	N	0.00000	0	1.00000	0
280	L	0.00000	0	1.00000	0
281	Y	0.00000	0	1.00000	0
282	V	0.00000	0	1.00000	0
283	V	0.00000	0	1.00000	0
284	V	0.00000	0	1.00000	0
285	P	0.00000	0	1.00000	0
286	P	0.00000	0	1.00000	0
287	A	0.00000	0	1.00000	0
288	L	0.00000	0	1.00000	0
289	N	0.00000	0	1.00000	0
290	P	0.00000	0	1.00000	0
291	V	0.00000	0	1.00000	0
292	I	0.00008	0	0.99992	0
293	Y	0.00354	0	0.99646	0
294	G	0.03272	0	0.96728	0
295	V	0.18352	0	0.81648	0
296	R	1.00000	0	0.00000	0
297	T	1.00000	0	0.00000	0
298	K	1.00000	0	0.00000	0
299	Q	1.00000	0	0.00000	0
300	I	1.00000	0	0.00000	0
301	R	1.00000	0	0.00000	0
302	E	1.00000	0	0.00000	0
303	Q	1.00000	0	0.00000	0
304	I	1.00000	0	0.00000	0
305	V	1.00000	0	0.00000	0
306	K	1.00000	0	0.00000	0
307	I	1.00000	0	0.00000	0
308	F	1.00000	0	0.00000	0
309	V	1.00000	0	0.00000	0
310	Q	1.00000	0	0.00000	0
311	K	1.00000	0	0.00000	0
312	E	1.00000	0	0.00000	0
