# UNNAMED
#pos	aa	i	o	M	S
1	M	0.00000	0.99851	0.00000	0.00149
2	A	0.00000	0.99851	0.00000	0.00149
3	A	0.00000	0.99851	0.00000	0.0015
4	I	0.00000	0.99851	0.00000	0.0015
5	S	0.00000	0.99851	0.00000	0.00149
6	T	0.00000	0.99851	0.00000	0.00149
7	S	0.00000	0.99851	0.00000	0.00149
8	I	0.00000	0.99851	0.00000	0.00149
9	P	0.00000	0.99851	0.00000	0.0015
10	V	0.00000	0.99851	0.00000	0.00149
11	I	0.00000	0.99851	0.00000	0.00149
12	S	0.00000	0.99851	0.00000	0.0015
13	Q	0.00000	0.99971	0.00000	0.0003
14	P	0.00000	0.99971	0.00000	0.00029
15	Q	0.00000	0.99971	0.00000	0.00028
16	F	0.00000	0.99971	0.00000	0.00028
17	T	0.00000	0.99971	0.00000	0.00028
18	A	0.00000	0.99996	0.00000	4e-05
19	M	0.00000	0.99996	0.00000	4e-05
20	N	0.00000	0.99998	0.00000	2e-05
21	E	0.00000	1	0.00000	0
22	P	0.00000	1	0.00000	0
23	Q	0.00000	1	0.00000	0
24	C	0.00000	1	0.00000	0
25	F	0.00000	1	0.00000	0
26	Y	0.00000	1	0.00000	0
27	N	0.00000	1	0.00000	0
28	E	0.00000	1	0.00000	0
29	S	0.00000	1	0.00000	0
30	I	0.00000	1	0.00000	0
31	A	0.00000	1	0.00000	0
32	F	0.00000	1	0.00000	0
33	F	0.00000	1	0.00000	0
34	Y	0.00000	1	0.00000	0
35	N	0.00000	1	0.00000	0
36	R	0.00000	1	0.00000	0
37	S	0.00000	1	0.00000	0
38	G	0.00000	1	0.00000	0
39	K	0.00000	1	0.00000	0
40	H	0.00000	1	0.00000	0
41	L	0.00000	1	0.00000	0
42	A	0.00000	1	0.00000	0
43	T	0.00000	1	0.00000	0
44	E	0.00000	1	0.00000	0
45	W	0.00000	0.99996	0.00004	0
46	N	0.00000	0.99985	0.00015	0
47	T	0.00000	0.9965	0.00350	0
48	V	0.00000	0.99092	0.00908	0
49	S	0.00000	0.98902	0.01098	0
50	K	0.00000	0.98476	0.01524	0
51	L	0.00000	0.80461	0.19539	0
52	V	0.00000	0.74605	0.25395	0
53	M	0.00000	0.69898	0.30102	0
54	G	0.00000	0.44626	0.55374	0
55	L	0.00000	0.04429	0.95571	0
56	G	0.00000	0.02717	0.97283	0
57	I	0.00000	0.00159	0.99841	0
58	T	0.00000	0.00021	0.99979	0
59	V	0.00000	0	1.00000	0
60	C	0.00000	0	1.00000	0
61	I	0.00000	0	1.00000	0
62	F	0.00000	0	1.00000	0
63	I	0.00000	0	1.00000	0
64	M	0.00000	0	1.00000	0
65	L	0.00000	0	1.00000	0
66	A	0.00000	0	1.00000	0
67	N	0.00000	0	1.00000	0
68	L	0.00000	0	1.00000	0
69	L	0.00000	0	1.00000	0
70	V	0.00001	0	0.99999	0
71	M	0.00006	0	0.99994	0
72	V	0.00025	0	0.99975	0
73	A	0.00607	0	0.99393	0
74	I	0.02013	0	0.97987	0
75	Y	0.18649	0	0.81351	0
76	V	0.56049	0	0.43951	0
77	N	0.98436	0	0.01564	0
78	R	0.99974	0	0.00026	0
79	R	1.00000	0	0.00000	0
80	F	1.00000	0	0.00000	0
81	H	1.00000	0	0.00000	0
82	F	1.00000	0	0.00000	0
83	P	1.00000	0	0.00000	0
84	I	0.13701	0	0.86299	0
85	Y	0.11556	0	0.88444	0
86	Y	0.04313	0	0.95687	0
87	L	0.00057	0	0.99943	0
88	M	0.00001	0	0.99999	0
89	A	0.00000	0	1.00000	0
90	N	0.00000	0	1.00000	0
91	L	0.00000	0	1.00000	0
92	A	0.00000	0	1.00000	0
93	A	0.00000	0	1.00000	0
94	A	0.00000	0	1.00000	0
95	D	0.00000	0	1.00000	0
96	F	0.00000	0	1.00000	0
97	F	0.00000	0	1.00000	0
98	A	0.00000	0	1.00000	0
99	G	0.00000	0	1.00000	0
100	L	0.00000	0	1.00000	0
101	A	0.00000	0	1.00000	0
102	Y	0.00000	0.00019	0.99981	0
103	F	0.00000	0.00077	0.99923	0
104	Y	0.00000	0.01617	0.98383	0
105	L	0.00000	0.02104	0.97896	0
106	M	0.00000	0.04956	0.95044	0
107	F	0.00000	0.30767	0.69233	0
108	N	0.00000	0.95776	0.04224	0
109	T	0.00000	0.98686	0.01314	0
110	G	0.00000	0.99329	0.00671	0
111	P	0.00000	0.99757	0.00243	0
112	N	0.00000	0.99992	0.00008	0
113	T	0.00000	0.99998	0.00002	0
114	R	0.00000	1	0.00000	0
115	R	0.00000	1	0.00000	0
116	L	0.00000	1	0.00000	0
117	T	0.00000	1	0.00000	0
118	V	0.00000	1	0.00000	0
119	S	0.00000	1	0.00000	0
120	T	0.00000	0.99998	0.00002	0
121	W	0.00000	0.9988	0.00120	0
122	L	0.00000	0.99361	0.00639	0
123	L	0.00000	0.99123	0.00877	0
124	R	0.00000	0.98917	0.01083	0
125	Q	0.00000	0.50035	0.49965	0
126	G	0.00000	0.08884	0.91116	0
127	L	0.00000	0.00814	0.99186	0
128	I	0.00000	0.00023	0.99977	0
129	D	0.00000	5e-05	0.99995	0
130	T	0.00000	0	1.00000	0
131	S	0.00000	0	1.00000	0
132	L	0.00000	0	1.00000	0
133	T	0.00000	0	1.00000	0
134	A	0.00000	0	1.00000	0
135	S	0.00000	0	1.00000	0
136	V	0.00000	0	1.00000	0
137	A	0.00000	0	1.00000	0
138	N	0.00000	0	1.00000	0
139	L	0.00000	0	1.00000	0
140	L	0.00000	0	1.00000	0
141	A	0.00000	0	1.00000	0
142	I	0.00000	0	1.00000	0
143	A	0.00000	0	1.00000	0
144	I	0.00005	0	0.99995	0
145	E	0.00036	0	0.99964	0
146	R	0.07954	0	0.92046	0
147	H	0.39421	0	0.60579	0
148	I	0.72843	0	0.27157	0
149	T	0.97845	0	0.02155	0
150	V	0.99963	0	0.00037	0
151	F	1.00000	0	0.00000	0
152	R	1.00000	0	0.00000	0
153	M	1.00000	0	0.00000	0
154	Q	1.00000	0	0.00000	0
155	L	1.00000	0	0.00000	0
156	H	1.00000	0	0.00000	0
157	T	1.00000	0	0.00000	0
158	R	1.00000	0	0.00000	0
159	M	1.00000	0	0.00000	0
160	S	0.99998	0	0.00002	0
161	N	0.99968	0	0.00032	0
162	R	0.99701	0	0.00299	0
163	R	0.92889	0	0.07111	0
164	V	0.08297	0	0.91703	0
165	V	0.00731	0	0.99269	0
166	V	0.00047	0	0.99953	0
167	V	0.00001	0	0.99999	0
168	I	0.00000	0	1.00000	0
169	V	0.00000	0	1.00000	0
170	V	0.00000	0	1.00000	0
171	I	0.00000	0	1.00000	0
172	W	0.00000	0	1.00000	0
173	T	0.00000	0	1.00000	0
174	M	0.00000	0	1.00000	0
175	A	0.00000	0	1.00000	0
176	I	0.00000	0	1.00000	0
177	V	0.00000	0	1.00000	0
178	M	0.00000	0	1.00000	0
179	G	0.00000	0	1.00000	0
180	A	0.00000	0	1.00000	0
181	I	0.00000	5e-05	0.99995	0
182	P	0.00000	0.00413	0.99587	0
183	S	0.00000	0.03044	0.96956	0
184	V	0.00000	0.085	0.91500	0
185	G	0.00000	0.77446	0.22554	0
186	W	0.00000	0.90705	0.09295	0
187	N	0.00000	0.99237	0.00763	0
188	C	0.00000	0.99957	0.00043	0
189	I	0.00000	0.99982	0.00018	0
190	C	0.00000	0.99999	0.00001	0
191	D	0.00000	1	0.00000	0
192	I	0.00000	1	0.00000	0
193	E	0.00000	1	0.00000	0
194	N	0.00000	1	0.00000	0
195	C	0.00000	1	0.00000	0
196	S	0.00000	1	0.00000	0
197	N	0.00000	1	0.00000	0
198	M	0.00000	0.99997	0.00003	0
199	A	0.00000	0.99875	0.00125	0
200	P	0.00000	0.99874	0.00126	0
201	L	0.00000	0.9987	0.00130	0
202	Y	0.00000	0.9987	0.00130	0
203	S	0.00000	0.99865	0.00135	0
204	D	0.00000	0.99858	0.00142	0
205	S	0.00000	0.81212	0.18788	0
206	Y	0.00000	0.39982	0.60018	0
207	L	0.00000	0.24527	0.75473	0
208	V	0.00000	0.21307	0.78693	0
209	F	0.00000	0.00084	0.99916	0
210	W	0.00000	0.00048	0.99952	0
211	A	0.00000	2e-05	0.99998	0
212	I	0.00000	0	1.00000	0
213	F	0.00000	0	1.00000	0
214	N	0.00000	0	1.00000	0
215	L	0.00000	0	1.00000	0
216	V	0.00000	0	1.00000	0
217	T	0.00000	0	1.00000	0
218	F	0.00000	0	1.00000	0
219	V	0.00000	0	1.00000	0
220	V	0.00000	0	1.00000	0
221	M	0.00000	0	1.00000	0
222	V	0.00000	0	1.00000	0
223	V	0.00002	0	0.99998	0
224	L	0.00010	0	0.99990	0
225	Y	0.00032	0	0.99968	0
226	A	0.00113	0	0.99887	0
227	H	0.00346	0	0.99654	0
228	I	0.00658	0	0.99342	0
229	F	0.04072	0	0.95928	0
230	G	0.48041	0	0.51959	0
231	Y	0.53879	0	0.46121	0
232	V	0.91540	0	0.08460	0
233	R	0.99692	0	0.00308	0
234	Q	0.99995	0	0.00005	0
235	R	1.00000	0	0.00000	0
236	T	1.00000	0	0.00000	0
237	M	1.00000	0	0.00000	0
238	R	1.00000	0	0.00000	0
239	M	1.00000	0	0.00000	0
240	S	1.00000	0	0.00000	0
241	R	1.00000	0	0.00000	0
242	H	1.00000	0	0.00000	0
243	S	1.00000	0	0.00000	0
244	S	1.00000	0	0.00000	0
245	G	1.00000	0	0.00000	0
246	P	1.00000	0	0.00000	0
247	R	1.00000	0	0.00000	0
248	R	1.00000	0	0.00000	0
249	N	1.00000	0	0.00000	0
250	R	1.00000	0	0.00000	0
251	D	1.00000	0	0.00000	0
252	T	0.99999	0	0.00001	0
253	M	0.98439	0	0.01561	0
254	M	0.80220	0	0.19780	0
255	S	0.69014	0	0.30986	0
256	L	0.12581	0	0.87419	0
257	L	0.11958	0	0.88042	0
258	K	0.09075	0	0.90925	0
259	T	0.09007	0	0.90993	0
260	V	0.00038	0	0.99962	0
261	V	0.00000	0	1.00000	0
262	I	0.00000	0	1.00000	0
263	V	0.00000	0	1.00000	0
264	L	0.00000	0	1.00000	0
265	G	0.00000	0	1.00000	0
266	A	0.00000	0	1.00000	0
267	F	0.00000	0	1.00000	0
268	I	0.00000	0	1.00000	0
269	I	0.00000	0	1.00000	0
270	C	0.00000	0	1.00000	0
271	W	0.00000	0	1.00000	0
272	T	0.00000	0	1.00000	0
273	P	0.00000	0	1.00000	0
274	G	0.00000	0	1.00000	0
275	L	0.00000	0	1.00000	0
276	V	0.00000	6e-05	0.99994	0
277	L	0.00000	0.00033	0.99967	0
278	L	0.00000	0.00222	0.99778	0
279	L	0.00000	0.02358	0.97642	0
280	L	0.00000	0.22646	0.77354	0
281	D	0.00000	0.99359	0.00641	0
282	V	0.00000	0.99548	0.00452	0
283	C	0.00000	0.9996	0.00040	0
284	C	0.00000	0.99996	0.00004	0
285	P	0.00000	0.99999	0.00001	0
286	Q	0.00000	1	0.00000	0
287	C	0.00000	1	0.00000	0
288	D	0.00000	0.99998	0.00002	0
289	V	0.00000	0.99051	0.00949	0
290	L	0.00000	0.76665	0.23335	0
291	A	0.00000	0.68074	0.31926	0
292	Y	0.00000	0.61641	0.38359	0
293	E	0.00000	0.49594	0.50406	0
294	K	0.00000	0.26797	0.73203	0
295	F	0.00000	0.00098	0.99902	0
296	F	0.00000	0	1.00000	0
297	L	0.00000	0	1.00000	0
298	L	0.00000	0	1.00000	0
299	L	0.00000	0	1.00000	0
300	A	0.00000	0	1.00000	0
301	E	0.00000	0	1.00000	0
302	F	0.00000	0	1.00000	0
303	N	0.00000	0	1.00000	0
304	S	0.00000	0	1.00000	0
305	A	0.00000	0	1.00000	0
306	M	0.00000	0	1.00000	0
307	N	0.00000	0	1.00000	0
308	P	0.00000	0	1.00000	0
309	I	0.00000	0	1.00000	0
310	I	0.00003	0	0.99997	0
311	Y	0.00116	0	0.99884	0
312	S	0.00422	0	0.99578	0
313	Y	0.02479	0	0.97521	0
314	R	1.00000	0	0.00000	0
315	D	1.00000	0	0.00000	0
316	K	1.00000	0	0.00000	0
317	E	1.00000	0	0.00000	0
318	M	1.00000	0	0.00000	0
319	S	1.00000	0	0.00000	0
320	A	1.00000	0	0.00000	0
321	T	1.00000	0	0.00000	0
322	F	1.00000	0	0.00000	0
323	R	1.00000	0	0.00000	0
324	Q	1.00000	0	0.00000	0
325	I	1.00000	0	0.00000	0
326	L	1.00000	0	0.00000	0
327	C	1.00000	0	0.00000	0
328	C	1.00000	0	0.00000	0
329	Q	1.00000	0	0.00000	0
330	R	1.00000	0	0.00000	0
331	S	1.00000	0	0.00000	0
332	E	1.00000	0	0.00000	0
333	N	1.00000	0	0.00000	0
334	P	1.00000	0	0.00000	0
335	T	1.00000	0	0.00000	0
336	G	1.00000	0	0.00000	0
337	P	1.00000	0	0.00000	0
338	T	1.00000	0	0.00000	0
339	E	1.00000	0	0.00000	0
340	G	1.00000	0	0.00000	0
341	S	1.00000	0	0.00000	0
342	D	1.00000	0	0.00000	0
343	R	1.00000	0	0.00000	0
344	S	1.00000	0	0.00000	0
345	A	1.00000	0	0.00000	0
346	S	1.00000	0	0.00000	0
347	S	1.00000	0	0.00000	0
348	L	1.00000	0	0.00000	0
349	N	1.00000	0	0.00000	0
350	H	1.00000	0	0.00000	0
351	T	1.00000	0	0.00000	0
352	I	1.00000	0	0.00000	0
353	L	1.00000	0	0.00000	0
354	A	1.00000	0	0.00000	0
355	G	1.00000	0	0.00000	0
356	V	1.00000	0	0.00000	0
357	H	1.00000	0	0.00000	0
358	S	1.00000	0	0.00000	0
359	N	1.00000	0	0.00000	0
360	D	1.00000	0	0.00000	0
361	H	1.00000	0	0.00000	0
362	S	1.00000	0	0.00000	0
363	V	1.00000	0	0.00000	0
364	V	1.00000	0	0.00000	0
