# UNNAMED
#pos	aa	i	o	M	S
1	M	0.00000	1	0.00000	0
2	G	0.00000	1	0.00000	0
3	T	0.00000	1	0.00000	0
4	A	0.00000	1	0.00000	0
5	S	0.00000	1	0.00000	0
6	R	0.00000	1	0.00000	0
7	S	0.00000	0.99956	0.00044	0
8	N	0.00000	0.96114	0.03886	0
9	I	0.00000	0.44371	0.55629	0
10	A	0.00000	0.33136	0.66864	0
11	R	0.00000	0.2305	0.76950	0
12	H	0.00000	0.08781	0.91219	0
13	L	0.00000	0.02964	0.97036	0
14	Q	0.00000	0.01012	0.98988	0
15	T	0.00000	0.00203	0.99797	0
16	N	0.00000	0.0012	0.99880	0
17	L	0.00000	0.00039	0.99961	0
18	I	0.00000	1e-05	0.99999	0
19	L	0.00000	0	1.00000	0
20	F	0.00000	0	1.00000	0
21	C	0.00000	0	1.00000	0
22	V	0.00000	0	1.00000	0
23	G	0.00000	0	1.00000	0
24	A	0.00000	0	1.00000	0
25	V	0.00000	0	1.00000	0
26	G	0.00009	0	0.99991	0
27	A	0.00124	0	0.99876	0
28	C	0.01319	0	0.98681	0
29	T	0.26949	0	0.73051	0
30	L	0.36100	0	0.63900	0
31	S	0.58574	0	0.41426	0
32	V	0.69956	0	0.30044	0
33	T	0.96785	0	0.03215	0
34	Q	0.99728	0	0.00272	0
35	P	0.99830	0	0.00170	0
36	W	0.81192	0	0.18808	0
37	Y	0.69898	0	0.30102	0
38	L	0.42685	0	0.57315	0
39	E	0.41839	0	0.58161	0
40	V	0.03159	0	0.96841	0
41	D	0.01394	0	0.98606	0
42	Y	0.00678	0	0.99322	0
43	T	0.00534	0	0.99466	0
44	H	0.00347	0	0.99653	0
45	E	0.00295	0	0.99705	0
46	A	0.00007	0	0.99993	0
47	V	0.00000	0	1.00000	0
48	T	0.00000	0	1.00000	0
49	I	0.00000	0	1.00000	0
50	K	0.00000	0	1.00000	0
51	C	0.00000	0	1.00000	0
52	T	0.00000	0	1.00000	0
53	F	0.00000	1e-05	0.99999	0
54	S	0.00000	0.00535	0.99465	0
55	A	0.00000	0.01137	0.98863	0
56	T	0.00000	0.0124	0.98760	0
57	G	0.00000	0.26089	0.73911	0
58	C	0.00000	0.92622	0.07378	0
59	P	0.00000	0.93062	0.06938	0
60	S	0.00000	0.9782	0.02180	0
61	E	0.00000	0.98261	0.01739	0
62	Q	0.00000	0.98268	0.01732	0
63	P	0.00000	0.9827	0.01730	0
64	T	0.00000	0.99997	0.00003	0
65	C	0.00000	0.99993	0.00007	0
66	L	0.00000	0.99448	0.00552	0
67	W	0.00000	0.94892	0.05108	0
68	F	0.00000	0.75834	0.24166	0
69	R	0.00000	0.50761	0.49239	0
70	Y	0.00000	0.09052	0.90948	0
71	G	0.00000	0.01947	0.98053	0
72	A	0.00000	0.01947	0.98053	0
73	H	0.00000	0.01947	0.98053	0
74	Q	0.00000	0.01947	0.98053	0
75	P	0.00000	0.01947	0.98053	0
76	E	0.00000	0.01947	0.98053	0
77	N	0.00000	0.01847	0.98153	0
78	L	0.00000	3e-05	0.99997	0
79	C	0.00000	0	1.00000	0
80	L	0.00000	0	1.00000	0
81	D	0.00000	0	1.00000	0
82	G	0.00000	0	1.00000	0
83	C	0.00000	0	1.00000	0
84	K	0.00000	0	1.00000	0
85	S	0.00001	0	0.99999	0
86	E	0.00010	0	0.99990	0
87	A	0.00012	0	0.99988	0
88	D	0.00106	0	0.99894	0
89	K	0.67315	0	0.32685	0
90	F	0.67833	0	0.32167	0
91	T	0.92345	0	0.07655	0
92	V	0.96152	0	0.03848	0
93	R	0.98052	0	0.01948	0
94	E	0.98053	0	0.01947	0
95	A	0.98053	0	0.01947	0
96	L	0.98054	0	0.01946	0
97	K	0.98725	0	0.01275	0
98	E	0.99981	0	0.00019	0
99	N	0.99998	0	0.00002	0
100	Q	0.99998	0	0.00002	0
101	V	0.99993	0	0.00007	0
102	S	0.99978	0	0.00022	0
103	L	0.90059	0	0.09941	0
104	T	0.72178	0	0.27822	0
105	V	0.30479	0	0.69521	0
106	N	0.29260	0	0.70740	0
107	R	0.26991	0	0.73009	0
108	V	0.05235	0	0.94765	0
109	T	0.04334	0	0.95666	0
110	S	0.03818	0	0.96182	0
111	N	0.03087	0	0.96913	0
112	D	0.01673	0	0.98327	0
113	S	0.00751	0	0.99249	0
114	A	0.00012	0	0.99988	0
115	I	0.00000	0	1.00000	0
116	Y	0.00000	0	1.00000	0
117	I	0.00000	0	1.00000	0
118	C	0.00000	0	1.00000	0
119	G	0.00000	0	1.00000	0
120	I	0.00000	0	1.00000	0
121	A	0.00000	0	1.00000	0
122	F	0.00000	6e-05	0.99994	0
123	P	0.00000	0.00377	0.99623	0
124	S	0.00000	0.04677	0.95323	0
125	V	0.00000	0.15292	0.84708	0
126	P	0.00000	0.62759	0.37241	0
127	E	0.00000	0.75488	0.24512	0
128	A	0.00000	0.76786	0.23214	0
129	R	0.00000	0.92846	0.07154	0
130	A	0.00000	0.94084	0.05916	0
131	K	0.00000	0.97928	0.02072	0
132	Q	0.00000	0.9856	0.01440	0
133	T	0.00000	0.99105	0.00895	0
134	G	0.00000	0.99978	0.00022	0
135	G	0.00000	0.99996	0.00004	0
136	G	0.00000	1	0.00000	0
137	T	0.00000	1	0.00000	0
138	T	0.00000	1	0.00000	0
139	L	0.00000	1	0.00000	0
140	V	0.00000	1	0.00000	0
141	V	0.00000	1	0.00000	0
142	R	0.00000	1	0.00000	0
143	E	0.00000	1	0.00000	0
144	I	0.00000	1	0.00000	0
145	K	0.00000	1	0.00000	0
146	L	0.00000	1	0.00000	0
147	L	0.00000	0.99998	0.00002	0
148	S	0.00000	0.99998	0.00002	0
149	K	0.00000	0.99997	0.00003	0
150	E	0.00000	0.99983	0.00017	0
151	L	0.00000	0.93477	0.06523	0
152	R	0.00000	0.91924	0.08076	0
153	S	0.00000	0.84544	0.15456	0
154	F	0.00000	0.21414	0.78586	0
155	L	0.00000	0.00029	0.99971	0
156	T	0.00000	9e-05	0.99991	0
157	A	0.00000	5e-05	0.99995	0
158	L	0.00000	0	1.00000	0
159	V	0.00000	0	1.00000	0
160	S	0.00000	0	1.00000	0
161	L	0.00000	0	1.00000	0
162	L	0.00000	0	1.00000	0
163	S	0.00000	0	1.00000	0
164	V	0.00000	0	1.00000	0
165	Y	0.00000	0	1.00000	0
166	V	0.00000	0	1.00000	0
167	T	0.00000	0	1.00000	0
168	G	0.00000	0	1.00000	0
169	V	0.00000	0	1.00000	0
170	C	0.00000	0	1.00000	0
171	V	0.00000	0	1.00000	0
172	A	0.00000	0	1.00000	0
173	F	0.00001	0	0.99999	0
174	I	0.00059	0	0.99941	0
175	L	0.00678	0	0.99322	0
176	L	0.08428	0	0.91572	0
177	S	0.77492	0	0.22508	0
178	K	0.98754	0	0.01246	0
179	S	0.99867	0	0.00133	0
180	K	0.99997	0	0.00003	0
181	S	1.00000	0	0.00000	0
182	N	1.00000	0	0.00000	0
183	P	1.00000	0	0.00000	0
184	L	1.00000	0	0.00000	0
185	R	1.00000	0	0.00000	0
186	N	1.00000	0	0.00000	0
187	K	1.00000	0	0.00000	0
188	E	1.00000	0	0.00000	0
189	I	1.00000	0	0.00000	0
190	K	1.00000	0	0.00000	0
191	E	1.00000	0	0.00000	0
192	D	1.00000	0	0.00000	0
193	S	0.99557	0	0.00443	0
194	Q	0.99542	0	0.00458	0
195	K	0.98552	0	0.01448	0
196	K	0.37486	0	0.62514	0
197	K	0.30555	0	0.69445	0
198	S	0.28755	0	0.71245	0
199	A	0.00000	0	1.00000	0
200	R	0.00000	0	1.00000	0
201	R	0.00000	0	1.00000	0
202	I	0.00000	0	1.00000	0
203	F	0.00000	0	1.00000	0
204	Q	0.00000	0	1.00000	0
205	E	0.00000	0	1.00000	0
206	I	0.00000	0	1.00000	0
207	A	0.00000	0	1.00000	0
208	Q	0.00000	0	1.00000	0
209	E	0.00000	0	1.00000	0
210	L	0.00000	0	1.00000	0
211	Y	0.00000	1e-05	0.99999	0
212	H	0.00000	0.00123	0.99877	0
213	K	0.00000	0.01061	0.98939	0
214	R	0.00000	0.03427	0.96573	0
215	H	0.00000	0.08265	0.91735	0
216	V	0.00000	0.24662	0.75338	0
217	E	0.00000	0.9646	0.03540	0
218	T	0.00000	0.98879	0.01121	0
219	N	0.00000	0.94241	0.05759	0
220	Q	0.00000	0.03647	0.96353	0
221	Q	0.00000	2e-05	0.99998	0
222	S	0.00000	0	1.00000	0
223	E	0.00000	0	1.00000	0
224	K	0.00000	0	1.00000	0
225	D	0.00000	0	1.00000	0
226	N	0.00000	0	1.00000	0
227	N	0.00000	0	1.00000	0
228	T	0.00000	0	1.00000	0
229	Y	0.00000	0	1.00000	0
230	E	0.00000	0	1.00000	0
231	N	0.00000	0	1.00000	0
232	R	0.00000	0	1.00000	0
233	R	0.00000	0	1.00000	0
234	V	0.00000	0	1.00000	0
235	L	0.00000	0	1.00000	0
236	S	0.00000	0	1.00000	0
237	N	0.00000	0	1.00000	0
238	Y	0.00000	0	1.00000	0
239	E	1.00000	0	0.00000	0
240	R	1.00000	0	0.00000	0
241	P	1.00000	0	0.00000	0
