# UNNAMED
#pos	aa	i	o	M	S
1	M	0.00000	1	0.00000	0
2	E	0.00000	1	0.00000	0
3	T	0.00000	1	0.00000	0
4	P	0.00000	1	0.00000	0
5	N	0.00000	1	0.00000	0
6	T	0.00000	1	0.00000	0
7	T	0.00000	1	0.00000	0
8	E	0.00000	1	0.00000	0
9	D	0.00000	1	0.00000	0
10	Y	0.00000	1	0.00000	0
11	D	0.00000	1	0.00000	0
12	T	0.00000	1	0.00000	0
13	T	0.00000	1	0.00000	0
14	T	0.00000	1	0.00000	0
15	E	0.00000	1	0.00000	0
16	F	0.00000	1	0.00000	0
17	D	0.00000	1	0.00000	0
18	Y	0.00000	1	0.00000	0
19	G	0.00000	1	0.00000	0
20	D	0.00000	1	0.00000	0
21	A	0.00000	1	0.00000	0
22	T	0.00000	1	0.00000	0
23	P	0.00000	1	0.00000	0
24	C	0.00000	1	0.00000	0
25	Q	0.00000	1	0.00000	0
26	K	0.00000	1	0.00000	0
27	V	0.00000	1	0.00000	0
28	N	0.00000	1	0.00000	0
29	E	0.00000	1	0.00000	0
30	R	0.00000	1	0.00000	0
31	A	0.00000	0.99993	0.00007	0
32	F	0.00000	0.99986	0.00014	0
33	G	0.00000	0.99983	0.00017	0
34	A	0.00000	0.99953	0.00047	0
35	Q	0.00000	0.99796	0.00204	0
36	L	0.00000	0.99043	0.00957	0
37	L	0.00000	0.7194	0.28060	0
38	P	0.00000	0.64819	0.35181	0
39	P	0.00000	0.51534	0.48466	0
40	L	0.00000	0.1955	0.80450	0
41	Y	0.00000	0.03759	0.96241	0
42	S	0.00000	0.02255	0.97745	0
43	L	0.00000	0.00101	0.99899	0
44	V	0.00000	2e-05	0.99998	0
45	F	0.00000	0	1.00000	0
46	V	0.00000	0	1.00000	0
47	I	0.00000	0	1.00000	0
48	G	0.00000	0	1.00000	0
49	L	0.00000	0	1.00000	0
50	V	0.00000	0	1.00000	0
51	G	0.00000	0	1.00000	0
52	N	0.00000	0	1.00000	0
53	I	0.00000	0	1.00000	0
54	L	0.00000	0	1.00000	0
55	V	0.00000	0	1.00000	0
56	V	0.00000	0	1.00000	0
57	L	0.00004	0	0.99996	0
58	V	0.00309	0	0.99691	0
59	L	0.02246	0	0.97754	0
60	V	0.17684	0	0.82316	0
61	Q	0.89594	0	0.10406	0
62	Y	0.92433	0	0.07567	0
63	K	0.99861	0	0.00139	0
64	R	0.99996	0	0.00004	0
65	L	0.99998	0	0.00002	0
66	K	1.00000	0	0.00000	0
67	N	0.99990	0	0.00010	0
68	M	0.99874	0	0.00126	0
69	T	0.99692	0	0.00308	0
70	S	0.96575	0	0.03425	0
71	I	0.06250	0	0.93750	0
72	Y	0.00098	0	0.99902	0
73	L	0.00004	0	0.99996	0
74	L	0.00000	0	1.00000	0
75	N	0.00000	0	1.00000	0
76	L	0.00000	0	1.00000	0
77	A	0.00000	0	1.00000	0
78	I	0.00000	0	1.00000	0
79	S	0.00000	0	1.00000	0
80	D	0.00000	0	1.00000	0
81	L	0.00000	0	1.00000	0
82	L	0.00000	0	1.00000	0
83	F	0.00000	0	1.00000	0
84	L	0.00000	0	1.00000	0
85	F	0.00000	0	1.00000	0
86	T	0.00000	0	1.00000	0
87	L	0.00000	0	1.00000	0
88	P	0.00000	2e-05	0.99998	0
89	F	0.00000	0.00031	0.99969	0
90	W	0.00000	0.01561	0.98439	0
91	I	0.00000	0.09682	0.90318	0
92	D	0.00000	0.90573	0.09427	0
93	Y	0.00000	0.99996	0.00004	0
94	K	0.00000	0.99999	0.00001	0
95	L	0.00000	1	0.00000	0
96	K	0.00000	1	0.00000	0
97	D	0.00000	1	0.00000	0
98	D	0.00000	1	0.00000	0
99	W	0.00000	1	0.00000	0
100	V	0.00000	1	0.00000	0
101	F	0.00000	0.99999	0.00001	0
102	G	0.00000	0.99999	0.00001	0
103	D	0.00000	0.99999	0.00001	0
104	A	0.00000	0.99996	0.00004	0
105	M	0.00000	0.9999	0.00010	0
106	C	0.00000	0.99989	0.00011	0
107	K	0.00000	0.99964	0.00036	0
108	I	0.00000	0.9503	0.04970	0
109	L	0.00000	0.84945	0.15055	0
110	S	0.00000	0.6522	0.34780	0
111	G	0.00000	0.38744	0.61256	0
112	F	0.00000	0.05755	0.94245	0
113	Y	0.00000	0.0299	0.97010	0
114	Y	0.00000	0.00081	0.99919	0
115	T	0.00000	0	1.00000	0
116	G	0.00000	0	1.00000	0
117	L	0.00000	0	1.00000	0
118	Y	0.00000	0	1.00000	0
119	S	0.00000	0	1.00000	0
120	E	0.00000	0	1.00000	0
121	I	0.00000	0	1.00000	0
122	F	0.00000	0	1.00000	0
123	F	0.00000	0	1.00000	0
124	I	0.00000	0	1.00000	0
125	I	0.00002	0	0.99998	0
126	L	0.00002	0	0.99998	0
127	L	0.00002	0	0.99998	0
128	T	0.00003	0	0.99997	0
129	I	0.00008	0	0.99992	0
130	D	0.00024	0	0.99976	0
131	R	0.01525	0	0.98475	0
132	Y	0.11748	0	0.88252	0
133	L	0.22860	0	0.77140	0
134	A	0.84166	0	0.15834	0
135	I	0.99997	0	0.00003	0
136	V	1.00000	0	0.00000	0
137	H	1.00000	0	0.00000	0
138	A	1.00000	0	0.00000	0
139	V	1.00000	0	0.00000	0
140	F	1.00000	0	0.00000	0
141	A	1.00000	0	0.00000	0
142	L	1.00000	0	0.00000	0
143	R	1.00000	0	0.00000	0
144	A	0.99997	0	0.00003	0
145	R	0.99978	0	0.00022	0
146	T	0.97006	0	0.02994	0
147	V	0.73978	0	0.26022	0
148	T	0.51642	0	0.48358	0
149	F	0.12996	0	0.87004	0
150	G	0.06656	0	0.93344	0
151	V	0.00598	0	0.99402	0
152	I	0.00039	0	0.99961	0
153	T	0.00008	0	0.99992	0
154	S	0.00003	0	0.99997	0
155	I	0.00000	0	1.00000	0
156	I	0.00000	0	1.00000	0
157	I	0.00000	0	1.00000	0
158	W	0.00000	0	1.00000	0
159	A	0.00000	0	1.00000	0
160	L	0.00000	0	1.00000	0
161	A	0.00000	0	1.00000	0
162	I	0.00000	0	1.00000	0
163	L	0.00000	0	1.00000	0
164	A	0.00000	0	1.00000	0
165	S	0.00000	0.00036	0.99964	0
166	M	0.00000	0.0037	0.99630	0
167	P	0.00000	0.10487	0.89513	0
168	G	0.00000	0.21485	0.78515	0
169	L	0.00000	0.26833	0.73167	0
170	Y	0.00000	0.43772	0.56228	0
171	F	0.00000	0.62817	0.37183	0
172	S	0.00000	0.8965	0.10350	0
173	K	0.00000	0.99899	0.00101	0
174	T	0.00000	0.99984	0.00016	0
175	Q	0.00000	0.99999	0.00001	0
176	W	0.00000	1	0.00000	0
177	E	0.00000	1	0.00000	0
178	F	0.00000	1	0.00000	0
179	T	0.00000	1	0.00000	0
180	H	0.00000	1	0.00000	0
181	H	0.00000	1	0.00000	0
182	T	0.00000	1	0.00000	0
183	C	0.00000	1	0.00000	0
184	S	0.00000	1	0.00000	0
185	L	0.00000	1	0.00000	0
186	H	0.00000	1	0.00000	0
187	F	0.00000	1	0.00000	0
188	P	0.00000	1	0.00000	0
189	H	0.00000	1	0.00000	0
190	E	0.00000	1	0.00000	0
191	S	0.00000	1	0.00000	0
192	L	0.00000	1	0.00000	0
193	R	0.00000	1	0.00000	0
194	E	0.00000	1	0.00000	0
195	W	0.00000	0.99998	0.00002	0
196	K	0.00000	0.99998	0.00002	0
197	L	0.00000	0.01205	0.98795	0
198	F	0.00000	0.01185	0.98815	0
199	Q	0.00000	0.00898	0.99102	0
200	A	0.00000	0.00861	0.99139	0
201	L	0.00000	0.00834	0.99166	0
202	K	0.00000	0.00697	0.99303	0
203	L	0.00000	0.00587	0.99413	0
204	N	0.00000	0.00455	0.99545	0
205	L	0.00000	0.00384	0.99616	0
206	F	0.00000	0	1.00000	0
207	G	0.00000	0	1.00000	0
208	L	0.00000	0	1.00000	0
209	V	0.00000	0	1.00000	0
210	L	0.00000	0	1.00000	0
211	P	0.00000	0	1.00000	0
212	L	0.00000	0	1.00000	0
213	L	0.00000	0	1.00000	0
214	V	0.00000	0	1.00000	0
215	M	0.00000	0	1.00000	0
216	I	0.00000	0	1.00000	0
217	I	0.00000	0	1.00000	0
218	C	0.00047	0	0.99953	0
219	Y	0.01435	0	0.98565	0
220	T	0.25357	0	0.74643	0
221	G	0.39324	0	0.60676	0
222	I	0.45221	0	0.54779	0
223	I	0.60274	0	0.39726	0
224	K	0.98312	0	0.01688	0
225	I	0.98415	0	0.01585	0
226	L	0.98654	0	0.01346	0
227	L	0.99155	0	0.00845	0
228	R	0.99962	0	0.00038	0
229	R	1.00000	0	0.00000	0
230	P	1.00000	0	0.00000	0
231	N	1.00000	0	0.00000	0
232	E	1.00000	0	0.00000	0
233	K	1.00000	0	0.00000	0
234	K	0.99988	0	0.00012	0
235	S	0.99982	0	0.00018	0
236	K	0.99761	0	0.00239	0
237	A	0.98209	0	0.01791	0
238	V	0.84096	0	0.15904	0
239	R	0.83756	0	0.16244	0
240	L	0.02033	0	0.97967	0
241	I	0.00489	0	0.99511	0
242	F	0.00121	0	0.99879	0
243	V	0.00007	0	0.99993	0
244	I	0.00000	0	1.00000	0
245	M	0.00000	0	1.00000	0
246	I	0.00000	0	1.00000	0
247	I	0.00000	0	1.00000	0
248	F	0.00000	0	1.00000	0
249	F	0.00000	0	1.00000	0
250	L	0.00000	0	1.00000	0
251	F	0.00000	0	1.00000	0
252	W	0.00000	0	1.00000	0
253	T	0.00000	0	1.00000	0
254	P	0.00000	0	1.00000	0
255	Y	0.00000	0	1.00000	0
256	N	0.00000	2e-05	0.99998	0
257	L	0.00000	2e-05	0.99998	0
258	T	0.00000	0.00015	0.99985	0
259	I	0.00000	0.00041	0.99959	0
260	L	0.00000	0.00545	0.99455	0
261	I	0.00000	0.01936	0.98064	0
262	S	0.00000	0.09435	0.90565	0
263	V	0.00000	0.14133	0.85867	0
264	F	0.00000	0.27817	0.72183	0
265	Q	0.00000	0.92098	0.07902	0
266	D	0.00000	0.99518	0.00482	0
267	F	0.00000	0.99531	0.00469	0
268	L	0.00000	0.99579	0.00421	0
269	F	0.00000	0.99705	0.00295	0
270	T	0.00000	0.9996	0.00040	0
271	H	0.00000	0.99987	0.00013	0
272	E	0.00000	1	0.00000	0
273	C	0.00000	1	0.00000	0
274	E	0.00000	1	0.00000	0
275	Q	0.00000	1	0.00000	0
276	S	0.00000	1	0.00000	0
277	R	0.00000	0.99997	0.00003	0
278	H	0.00000	0.99979	0.00021	0
279	L	0.00000	0.99685	0.00315	0
280	D	0.00000	0.99525	0.00475	0
281	L	0.00000	0.84217	0.15783	0
282	A	0.00000	0.7822	0.21780	0
283	V	0.00000	0.46314	0.53686	0
284	Q	0.00000	0.30669	0.69331	0
285	V	0.00000	0.01764	0.98236	0
286	T	0.00000	0.00292	0.99708	0
287	E	0.00000	0.00016	0.99984	0
288	V	0.00000	0	1.00000	0
289	I	0.00000	0	1.00000	0
290	A	0.00000	0	1.00000	0
291	Y	0.00000	0	1.00000	0
292	T	0.00000	0	1.00000	0
293	H	0.00000	0	1.00000	0
294	C	0.00000	0	1.00000	0
295	C	0.00000	0	1.00000	0
296	V	0.00000	0	1.00000	0
297	N	0.00000	0	1.00000	0
298	P	0.00000	0	1.00000	0
299	V	0.00001	0	0.99999	0
300	I	0.00003	0	0.99997	0
301	Y	0.00044	0	0.99956	0
302	A	0.00402	0	0.99598	0
303	F	0.00897	0	0.99103	0
304	V	0.13272	0	0.86728	0
305	G	0.55862	0	0.44138	0
306	E	1.00000	0	0.00000	0
307	R	1.00000	0	0.00000	0
308	F	1.00000	0	0.00000	0
309	R	1.00000	0	0.00000	0
310	K	1.00000	0	0.00000	0
311	Y	1.00000	0	0.00000	0
312	L	1.00000	0	0.00000	0
313	R	1.00000	0	0.00000	0
314	Q	1.00000	0	0.00000	0
315	L	1.00000	0	0.00000	0
316	F	1.00000	0	0.00000	0
317	H	1.00000	0	0.00000	0
318	R	1.00000	0	0.00000	0
319	R	1.00000	0	0.00000	0
320	V	1.00000	0	0.00000	0
321	A	1.00000	0	0.00000	0
322	V	1.00000	0	0.00000	0
323	H	1.00000	0	0.00000	0
324	L	1.00000	0	0.00000	0
325	V	1.00000	0	0.00000	0
326	K	1.00000	0	0.00000	0
327	W	1.00000	0	0.00000	0
328	L	1.00000	0	0.00000	0
329	P	1.00000	0	0.00000	0
330	F	1.00000	0	0.00000	0
331	L	1.00000	0	0.00000	0
332	S	1.00000	0	0.00000	0
333	V	1.00000	0	0.00000	0
334	D	1.00000	0	0.00000	0
335	R	1.00000	0	0.00000	0
336	L	1.00000	0	0.00000	0
337	E	1.00000	0	0.00000	0
338	R	1.00000	0	0.00000	0
339	V	1.00000	0	0.00000	0
340	S	1.00000	0	0.00000	0
341	S	1.00000	0	0.00000	0
342	T	1.00000	0	0.00000	0
343	S	1.00000	0	0.00000	0
344	P	1.00000	0	0.00000	0
345	S	1.00000	0	0.00000	0
346	T	1.00000	0	0.00000	0
347	G	1.00000	0	0.00000	0
348	E	1.00000	0	0.00000	0
349	H	1.00000	0	0.00000	0
350	E	1.00000	0	0.00000	0
351	L	1.00000	0	0.00000	0
352	S	1.00000	0	0.00000	0
353	A	1.00000	0	0.00000	0
354	G	1.00000	0	0.00000	0
355	F	1.00000	0	0.00000	0
