# UNNAMED
#pos	aa	i	o	M	S
1	M	0.00000	0.99992	0.00000	8e-05
2	E	0.00000	0.99992	0.00000	8e-05
3	L	0.00000	0.99992	0.00000	8e-05
4	L	0.00000	0.99992	0.00000	8e-05
5	K	0.00000	0.99992	0.00000	8e-05
6	L	0.00000	0.99992	0.00000	8e-05
7	N	0.00000	0.99992	0.00000	8e-05
8	R	0.00000	0.99992	0.00000	7e-05
9	S	0.00000	0.99992	0.00000	7e-05
10	V	0.00000	0.99992	0.00000	7e-05
11	Q	0.00000	0.99992	0.00000	8e-05
12	G	0.00000	0.99992	0.00000	8e-05
13	T	0.00000	0.99992	0.00000	7e-05
14	G	0.00000	0.99992	0.00000	7e-05
15	P	0.00000	0.99992	0.00000	7e-05
16	G	0.00000	0.99992	0.00000	7e-05
17	P	0.00000	0.99992	0.00000	8e-05
18	G	0.00000	0.99992	0.00000	8e-05
19	A	0.00000	0.99997	0.00000	3e-05
20	S	0.00000	0.99997	0.00000	3e-05
21	L	0.00000	0.99998	0.00000	2e-05
22	C	0.00000	0.99999	0.00000	1e-05
23	R	0.00000	1	0.00000	0
24	P	0.00000	1	0.00000	0
25	G	0.00000	1	0.00000	0
26	A	0.00000	1	0.00000	0
27	P	0.00000	1	0.00000	0
28	L	0.00000	1	0.00000	0
29	L	0.00000	1	0.00000	0
30	N	0.00000	1	0.00000	0
31	S	0.00000	1	0.00000	0
32	S	0.00000	1	0.00000	0
33	S	0.00000	1	0.00000	0
34	V	0.00000	1	0.00000	0
35	G	0.00000	1	0.00000	0
36	N	0.00000	1	0.00000	0
37	L	0.00000	1	0.00000	0
38	S	0.00000	1	0.00000	0
39	C	0.00000	1	0.00000	0
40	E	0.00000	1	0.00000	0
41	P	0.00000	1	0.00000	0
42	P	0.00000	1	0.00000	0
43	R	0.00000	1	0.00000	0
44	I	0.00000	1	0.00000	0
45	R	0.00000	1	0.00000	0
46	G	0.00000	1	0.00000	0
47	A	0.00000	1	0.00000	0
48	G	0.00000	1	0.00000	0
49	T	0.00000	1	0.00000	0
50	R	0.00000	1	0.00000	0
51	E	0.00000	1	0.00000	0
52	L	0.00000	0.99999	0.00001	0
53	E	0.00000	0.99997	0.00003	0
54	L	0.00000	0.99734	0.00266	0
55	A	0.00000	0.99329	0.00671	0
56	I	0.00000	0.99033	0.00967	0
57	R	0.00000	0.96666	0.03334	0
58	I	0.00000	0.27298	0.72702	0
59	T	0.00000	0.17853	0.82147	0
60	L	0.00000	0.06822	0.93178	0
61	Y	0.00000	0.00546	0.99454	0
62	A	0.00000	0.00061	0.99939	0
63	V	0.00000	1e-05	0.99999	0
64	I	0.00000	0	1.00000	0
65	F	0.00000	0	1.00000	0
66	L	0.00000	0	1.00000	0
67	M	0.00000	0	1.00000	0
68	S	0.00000	0	1.00000	0
69	V	0.00000	0	1.00000	0
70	G	0.00000	0	1.00000	0
71	G	0.00000	0	1.00000	0
72	N	0.00000	0	1.00000	0
73	M	0.00000	0	1.00000	0
74	L	0.00000	0	1.00000	0
75	I	0.00000	0	1.00000	0
76	I	0.00000	0	1.00000	0
77	V	0.00009	0	0.99991	0
78	V	0.00888	0	0.99112	0
79	L	0.06412	0	0.93588	0
80	G	0.46126	0	0.53874	0
81	L	0.62155	0	0.37845	0
82	S	0.96033	0	0.03967	0
83	R	0.99921	0	0.00079	0
84	R	0.99995	0	0.00005	0
85	L	0.99997	0	0.00003	0
86	R	1.00000	0	0.00000	0
87	T	0.99989	0	0.00011	0
88	V	0.99526	0	0.00474	0
89	T	0.97862	0	0.02138	0
90	N	0.60649	0	0.39351	0
91	A	0.51056	0	0.48944	0
92	F	0.00620	0	0.99380	0
93	L	0.00024	0	0.99976	0
94	L	0.00000	0	1.00000	0
95	S	0.00000	0	1.00000	0
96	L	0.00000	0	1.00000	0
97	A	0.00000	0	1.00000	0
98	V	0.00000	0	1.00000	0
99	S	0.00000	0	1.00000	0
100	D	0.00000	0	1.00000	0
101	L	0.00000	0	1.00000	0
102	L	0.00000	0	1.00000	0
103	L	0.00000	0	1.00000	0
104	A	0.00000	0	1.00000	0
105	V	0.00000	0	1.00000	0
106	A	0.00000	0	1.00000	0
107	C	0.00000	0	1.00000	0
108	M	0.00000	0	1.00000	0
109	P	0.00000	1e-05	0.99999	0
110	F	0.00000	4e-05	0.99996	0
111	T	0.00000	0.00023	0.99977	0
112	L	0.00000	0.00049	0.99951	0
113	L	0.00000	0.34682	0.65318	0
114	P	0.00000	0.99854	0.00146	0
115	N	0.00000	0.99945	0.00055	0
116	L	0.00000	0.99949	0.00051	0
117	M	0.00000	0.99958	0.00042	0
118	G	0.00000	0.99986	0.00014	0
119	T	0.00000	1	0.00000	0
120	F	0.00000	1	0.00000	0
121	I	0.00000	1	0.00000	0
122	F	0.00000	1	0.00000	0
123	G	0.00000	1	0.00000	0
124	T	0.00000	1	0.00000	0
125	V	0.00000	0.99995	0.00005	0
126	I	0.00000	0.99981	0.00019	0
127	C	0.00000	0.99978	0.00022	0
128	K	0.00000	0.99672	0.00328	0
129	A	0.00000	0.73337	0.26663	0
130	V	0.00000	0.54582	0.45418	0
131	S	0.00000	0.48542	0.51458	0
132	Y	0.00000	0.05388	0.94612	0
133	L	0.00000	0.01261	0.98739	0
134	M	0.00000	0.00035	0.99965	0
135	G	0.00000	0.00015	0.99985	0
136	V	0.00000	0	1.00000	0
137	S	0.00000	0	1.00000	0
138	V	0.00000	0	1.00000	0
139	S	0.00000	0	1.00000	0
140	V	0.00000	0	1.00000	0
141	S	0.00000	0	1.00000	0
142	T	0.00000	0	1.00000	0
143	L	0.00000	0	1.00000	0
144	S	0.00000	0	1.00000	0
145	L	0.00000	0	1.00000	0
146	V	0.00000	0	1.00000	0
147	A	0.00000	0	1.00000	0
148	I	0.00000	0	1.00000	0
149	A	0.00000	0	1.00000	0
150	L	0.00001	0	0.99999	0
151	E	0.00021	0	0.99979	0
152	R	0.02300	0	0.97700	0
153	Y	0.34814	0	0.65186	0
154	S	0.87949	0	0.12051	0
155	A	0.95769	0	0.04231	0
156	I	0.99858	0	0.00142	0
157	C	1.00000	0	0.00000	0
158	R	1.00000	0	0.00000	0
159	P	1.00000	0	0.00000	0
160	L	1.00000	0	0.00000	0
161	Q	1.00000	0	0.00000	0
162	A	1.00000	0	0.00000	0
163	R	1.00000	0	0.00000	0
164	V	1.00000	0	0.00000	0
165	W	1.00000	0	0.00000	0
166	Q	1.00000	0	0.00000	0
167	T	1.00000	0	0.00000	0
168	R	0.99997	0	0.00003	0
169	S	0.98133	0	0.01867	0
170	H	0.85137	0	0.14863	0
171	A	0.52277	0	0.47723	0
172	A	0.34079	0	0.65921	0
173	R	0.26529	0	0.73471	0
174	V	0.02166	0	0.97834	0
175	I	0.00036	0	0.99964	0
176	V	0.00000	0	1.00000	0
177	A	0.00000	0	1.00000	0
178	T	0.00000	0	1.00000	0
179	W	0.00000	0	1.00000	0
180	L	0.00000	0	1.00000	0
181	L	0.00000	0	1.00000	0
182	S	0.00000	0	1.00000	0
183	G	0.00000	0	1.00000	0
184	L	0.00000	0	1.00000	0
185	L	0.00000	0	1.00000	0
186	M	0.00000	0	1.00000	0
187	V	0.00000	0	1.00000	0
188	P	0.00000	0.0004	0.99960	0
189	Y	0.00000	0.00584	0.99416	0
190	P	0.00000	0.05135	0.94865	0
191	V	0.00000	0.10075	0.89925	0
192	Y	0.00000	0.24519	0.75481	0
193	T	0.00000	0.44811	0.55189	0
194	V	0.00000	0.62128	0.37872	0
195	V	0.00000	0.70668	0.29332	0
196	Q	0.00000	0.9779	0.02210	0
197	P	0.00000	0.99919	0.00081	0
198	V	0.00000	0.99972	0.00028	0
199	G	0.00000	0.99999	0.00001	0
200	P	0.00000	1	0.00000	0
201	R	0.00000	1	0.00000	0
202	V	0.00000	1	0.00000	0
203	L	0.00000	1	0.00000	0
204	Q	0.00000	1	0.00000	0
205	C	0.00000	1	0.00000	0
206	V	0.00000	1	0.00000	0
207	H	0.00000	1	0.00000	0
208	R	0.00000	1	0.00000	0
209	W	0.00000	1	0.00000	0
210	P	0.00000	0.99999	0.00001	0
211	S	0.00000	0.99997	0.00003	0
212	A	0.00000	0.99984	0.00016	0
213	R	0.00000	0.9997	0.00030	0
214	V	0.00000	0.96686	0.03314	0
215	R	0.00000	0.96287	0.03713	0
216	Q	0.00000	0.94375	0.05625	0
217	T	0.00000	0.76432	0.23568	0
218	W	0.00000	0.41875	0.58125	0
219	S	0.00000	0.21116	0.78884	0
220	V	0.00000	0.03187	0.96813	0
221	L	0.00000	0.01138	0.98862	0
222	L	0.00000	0.00476	0.99524	0
223	L	0.00000	0.00268	0.99732	0
224	L	0.00000	0.00231	0.99769	0
225	L	0.00000	5e-05	0.99995	0
226	L	0.00000	0	1.00000	0
227	F	0.00000	0	1.00000	0
228	F	0.00000	0	1.00000	0
229	I	0.00000	0	1.00000	0
230	P	0.00000	0	1.00000	0
231	G	0.00000	0	1.00000	0
232	V	0.00000	0	1.00000	0
233	V	0.00000	0	1.00000	0
234	M	0.00000	0	1.00000	0
235	A	0.00000	0	1.00000	0
236	V	0.00002	0	0.99998	0
237	A	0.00073	0	0.99927	0
238	Y	0.00186	0	0.99814	0
239	G	0.01136	0	0.98864	0
240	L	0.02158	0	0.97842	0
241	I	0.09889	0	0.90111	0
242	S	0.77090	0	0.22910	0
243	R	0.97293	0	0.02707	0
244	E	0.97613	0	0.02387	0
245	L	0.97634	0	0.02366	0
246	Y	0.97709	0	0.02291	0
247	L	0.97992	0	0.02008	0
248	G	0.99964	0	0.00036	0
249	L	0.99974	0	0.00026	0
250	R	0.99998	0	0.00002	0
251	F	0.99999	0	0.00001	0
252	D	1.00000	0	0.00000	0
253	G	1.00000	0	0.00000	0
254	D	1.00000	0	0.00000	0
255	S	1.00000	0	0.00000	0
256	D	1.00000	0	0.00000	0
257	S	1.00000	0	0.00000	0
258	D	1.00000	0	0.00000	0
259	S	1.00000	0	0.00000	0
260	Q	1.00000	0	0.00000	0
261	S	1.00000	0	0.00000	0
262	R	1.00000	0	0.00000	0
263	V	1.00000	0	0.00000	0
264	R	1.00000	0	0.00000	0
265	N	1.00000	0	0.00000	0
266	Q	1.00000	0	0.00000	0
267	G	1.00000	0	0.00000	0
268	G	1.00000	0	0.00000	0
269	L	1.00000	0	0.00000	0
270	P	1.00000	0	0.00000	0
271	G	1.00000	0	0.00000	0
272	A	1.00000	0	0.00000	0
273	V	1.00000	0	0.00000	0
274	H	1.00000	0	0.00000	0
275	Q	1.00000	0	0.00000	0
276	N	1.00000	0	0.00000	0
277	G	1.00000	0	0.00000	0
278	R	1.00000	0	0.00000	0
279	C	1.00000	0	0.00000	0
280	R	1.00000	0	0.00000	0
281	P	1.00000	0	0.00000	0
282	E	1.00000	0	0.00000	0
283	T	1.00000	0	0.00000	0
284	G	1.00000	0	0.00000	0
285	A	1.00000	0	0.00000	0
286	V	1.00000	0	0.00000	0
287	G	1.00000	0	0.00000	0
288	E	1.00000	0	0.00000	0
289	D	1.00000	0	0.00000	0
290	S	1.00000	0	0.00000	0
291	D	1.00000	0	0.00000	0
292	G	1.00000	0	0.00000	0
293	C	1.00000	0	0.00000	0
294	Y	1.00000	0	0.00000	0
295	V	1.00000	0	0.00000	0
296	Q	1.00000	0	0.00000	0
297	L	1.00000	0	0.00000	0
298	P	1.00000	0	0.00000	0
299	R	1.00000	0	0.00000	0
300	S	1.00000	0	0.00000	0
301	R	1.00000	0	0.00000	0
302	P	1.00000	0	0.00000	0
303	A	1.00000	0	0.00000	0
304	L	1.00000	0	0.00000	0
305	E	1.00000	0	0.00000	0
306	L	1.00000	0	0.00000	0
307	T	1.00000	0	0.00000	0
308	A	1.00000	0	0.00000	0
309	L	1.00000	0	0.00000	0
310	T	1.00000	0	0.00000	0
311	A	1.00000	0	0.00000	0
312	P	1.00000	0	0.00000	0
313	G	1.00000	0	0.00000	0
314	P	1.00000	0	0.00000	0
315	G	1.00000	0	0.00000	0
316	S	1.00000	0	0.00000	0
317	G	1.00000	0	0.00000	0
318	S	1.00000	0	0.00000	0
319	R	1.00000	0	0.00000	0
320	P	1.00000	0	0.00000	0
321	T	1.00000	0	0.00000	0
322	Q	1.00000	0	0.00000	0
323	A	1.00000	0	0.00000	0
324	K	1.00000	0	0.00000	0
325	L	0.99862	0	0.00138	0
326	L	0.99667	0	0.00333	0
327	A	0.99622	0	0.00378	0
328	K	0.97872	0	0.02128	0
329	K	0.68713	0	0.31287	0
330	R	0.67446	0	0.32554	0
331	V	0.63296	0	0.36704	0
332	V	0.15886	0	0.84114	0
333	R	0.15589	0	0.84411	0
334	M	0.02171	0	0.97829	0
335	L	0.00005	0	0.99995	0
336	L	0.00002	0	0.99998	0
337	V	0.00000	0	1.00000	0
338	I	0.00000	0	1.00000	0
339	V	0.00000	0	1.00000	0
340	V	0.00000	0	1.00000	0
341	L	0.00000	0	1.00000	0
342	F	0.00000	0	1.00000	0
343	F	0.00000	0	1.00000	0
344	L	0.00000	0	1.00000	0
345	C	0.00000	1e-05	0.99999	0
346	W	0.00000	2e-05	0.99998	0
347	L	0.00000	4e-05	0.99996	0
348	P	0.00000	0.00029	0.99971	0
349	V	0.00000	0.00059	0.99941	0
350	Y	0.00000	0.00331	0.99669	0
351	S	0.00000	0.0739	0.92610	0
352	A	0.00000	0.14342	0.85658	0
353	N	0.00000	0.47488	0.52512	0
354	T	0.00000	0.64464	0.35536	0
355	W	0.00000	0.8334	0.16660	0
356	R	0.00000	0.92531	0.07469	0
357	A	0.00000	0.93371	0.06629	0
358	F	0.00000	0.94801	0.05199	0
359	D	0.00000	0.99989	0.00011	0
360	G	0.00000	0.99998	0.00002	0
361	P	0.00000	1	0.00000	0
362	G	0.00000	0.99998	0.00002	0
363	A	0.00000	0.99903	0.00097	0
364	H	0.00000	0.99877	0.00123	0
365	R	0.00000	0.99846	0.00154	0
366	A	0.00000	0.99601	0.00399	0
367	L	0.00000	0.9954	0.00460	0
368	S	0.00000	0.99495	0.00505	0
369	G	0.00000	0.994	0.00600	0
370	A	0.00000	0.96845	0.03155	0
371	P	0.00000	0.938	0.06200	0
372	I	0.00000	0.73806	0.26194	0
373	S	0.00000	0.6375	0.36250	0
374	F	0.00000	0.00795	0.99205	0
375	I	0.00000	0.00036	0.99964	0
376	H	0.00000	1e-05	0.99999	0
377	L	0.00000	0	1.00000	0
378	L	0.00000	0	1.00000	0
379	S	0.00000	0	1.00000	0
380	Y	0.00000	0	1.00000	0
381	A	0.00000	0	1.00000	0
382	S	0.00000	0	1.00000	0
383	A	0.00001	0	0.99999	0
384	C	0.00002	0	0.99998	0
385	V	0.00008	0	0.99992	0
386	N	0.00011	0	0.99989	0
387	P	0.00018	0	0.99982	0
388	L	0.00037	0	0.99963	0
389	V	0.00063	0	0.99937	0
390	Y	0.00076	0	0.99924	0
391	C	0.00115	0	0.99885	0
392	F	0.00200	0	0.99800	0
393	M	0.02493	0	0.97507	0
394	H	0.26061	0	0.73939	0
395	R	1.00000	0	0.00000	0
396	R	1.00000	0	0.00000	0
397	F	1.00000	0	0.00000	0
398	R	1.00000	0	0.00000	0
399	Q	1.00000	0	0.00000	0
400	A	1.00000	0	0.00000	0
401	C	1.00000	0	0.00000	0
402	L	1.00000	0	0.00000	0
403	E	1.00000	0	0.00000	0
404	T	1.00000	0	0.00000	0
405	C	1.00000	0	0.00000	0
406	A	1.00000	0	0.00000	0
407	R	1.00000	0	0.00000	0
408	C	1.00000	0	0.00000	0
409	C	1.00000	0	0.00000	0
410	P	1.00000	0	0.00000	0
411	R	1.00000	0	0.00000	0
412	P	1.00000	0	0.00000	0
413	P	1.00000	0	0.00000	0
414	R	1.00000	0	0.00000	0
415	A	1.00000	0	0.00000	0
416	R	1.00000	0	0.00000	0
417	P	1.00000	0	0.00000	0
418	R	1.00000	0	0.00000	0
419	A	1.00000	0	0.00000	0
420	L	1.00000	0	0.00000	0
421	P	1.00000	0	0.00000	0
422	D	1.00000	0	0.00000	0
423	E	1.00000	0	0.00000	0
424	D	1.00000	0	0.00000	0
425	P	1.00000	0	0.00000	0
426	P	1.00000	0	0.00000	0
427	T	1.00000	0	0.00000	0
428	P	1.00000	0	0.00000	0
429	S	1.00000	0	0.00000	0
430	I	1.00000	0	0.00000	0
431	A	1.00000	0	0.00000	0
432	S	1.00000	0	0.00000	0
433	L	1.00000	0	0.00000	0
434	S	1.00000	0	0.00000	0
435	R	1.00000	0	0.00000	0
436	L	1.00000	0	0.00000	0
437	S	1.00000	0	0.00000	0
438	Y	1.00000	0	0.00000	0
439	T	1.00000	0	0.00000	0
440	T	1.00000	0	0.00000	0
441	I	1.00000	0	0.00000	0
442	S	1.00000	0	0.00000	0
443	T	1.00000	0	0.00000	0
444	L	1.00000	0	0.00000	0
445	G	1.00000	0	0.00000	0
446	P	1.00000	0	0.00000	0
447	G	1.00000	0	0.00000	0
