# UNNAMED
#pos	aa	i	o	M	S
1	M	0.00000	0.99997	0.00000	3e-05
2	L	0.00000	0.99997	0.00000	3e-05
3	K	0.00000	0.99997	0.00000	3e-05
4	P	0.00000	0.99656	0.00341	3e-05
5	S	0.00000	0.92483	0.07514	2e-05
6	L	0.00000	0.70553	0.29445	2e-05
7	P	0.00000	0.56707	0.43290	2e-05
8	F	0.00000	0.23331	0.76666	3e-05
9	T	0.00000	0.11369	0.88628	3e-05
10	S	0.00000	0.07989	0.92009	3e-05
11	L	0.00000	0.00557	0.99441	3e-05
12	L	0.00000	0.0012	0.99878	3e-05
13	F	0.00000	3e-05	0.99994	3e-05
14	L	0.00000	1e-05	0.99996	3e-05
15	Q	0.00000	1e-05	0.99997	2e-05
16	L	0.00000	1e-05	0.99997	3e-05
17	P	0.00000	1e-05	0.99997	3e-05
18	L	0.00000	1e-05	0.99997	3e-05
19	L	0.00000	1e-05	0.99997	3e-05
20	G	0.00000	1e-05	0.99997	3e-05
21	V	0.00000	3e-05	0.99997	1e-05
22	G	0.00000	3e-05	0.99997	1e-05
23	L	0.00000	3e-05	0.99997	1e-05
24	N	0.00015	4e-05	0.99981	0
25	T	0.00035	3e-05	0.99962	0
26	T	0.00138	2e-05	0.99860	0
27	I	0.00210	2e-05	0.99788	0
28	L	0.06427	2e-05	0.93571	0
29	T	0.43445	2e-05	0.56553	0
30	P	0.94471	2e-05	0.05527	0
31	N	0.99010	2e-05	0.00988	0
32	G	0.99827	2e-05	0.00171	0
33	N	0.99989	2e-05	0.00009	0
34	E	0.99996	2e-05	0.00002	0
35	D	0.99995	2e-05	0.00003	0
36	T	0.99953	2e-05	0.00045	0
37	T	0.98732	2e-05	0.01266	0
38	A	0.75729	2e-05	0.24270	0
39	D	0.47941	2e-05	0.52057	0
40	F	0.06357	0	0.93643	0
41	F	0.00000	0	1.00000	0
42	L	0.00000	0	1.00000	0
43	T	0.00000	0	1.00000	0
44	T	0.00000	0	1.00000	0
45	M	0.00000	0	1.00000	0
46	P	0.00001	0	0.99999	0
47	T	0.00001	0	0.99999	0
48	D	0.00002	0	0.99998	0
49	S	0.00002	0	0.99998	0
50	L	0.00002	0	0.99998	0
51	S	0.00002	0	0.99998	0
52	V	0.00002	0	0.99998	0
53	S	0.00002	0	0.99998	0
54	T	0.00002	0	0.99998	0
55	L	0.00002	0	0.99998	0
56	P	0.00002	1e-05	0.99997	0
57	L	0.00002	0.00103	0.99896	0
58	P	0.00003	0.01255	0.98742	0
59	E	0.00003	0.33527	0.66470	0
60	V	0.00003	0.41491	0.58506	0
61	Q	0.00003	0.99962	0.00035	0
62	C	0.00002	0.99996	0.00002	0
63	F	0.00001	0.99997	0.00002	0
64	V	0.00001	0.99997	0.00002	0
65	F	0.00000	0.99997	0.00003	0
66	N	0.00000	0.99997	0.00003	0
67	V	0.00000	0.99997	0.00003	0
68	E	0.00000	0.99997	0.00003	0
69	Y	0.00000	0.99997	0.00003	0
70	M	0.00000	0.99997	0.00003	0
71	N	0.00000	0.99997	0.00003	0
72	C	0.00000	0.99997	0.00003	0
73	T	0.00000	0.99997	0.00003	0
74	W	0.00000	0.99997	0.00003	0
75	N	0.00000	0.99997	0.00003	0
76	S	0.00000	0.99997	0.00003	0
77	S	0.00000	0.99997	0.00003	0
78	S	0.00000	0.99997	0.00003	0
79	E	0.00000	0.99997	0.00003	0
80	P	0.00000	0.99997	0.00003	0
81	Q	0.00000	0.99997	0.00003	0
82	P	0.00000	0.99997	0.00003	0
83	T	0.00000	0.99997	0.00003	0
84	N	0.00000	0.99999	0.00001	0
85	L	0.00000	1	0.00000	0
86	T	0.00000	1	0.00000	0
87	L	0.00000	1	0.00000	0
88	H	0.00000	1	0.00000	0
89	Y	0.00000	1	0.00000	0
90	W	0.00000	1	0.00000	0
91	Y	0.00000	1	0.00000	0
92	K	0.00000	1	0.00000	0
93	N	0.00000	1	0.00000	0
94	S	0.00000	1	0.00000	0
95	D	0.00000	1	0.00000	0
96	N	0.00000	1	0.00000	0
97	D	0.00000	0.99995	0.00005	0
98	K	0.00000	0.99993	0.00007	0
99	V	0.00000	0.99967	0.00033	0
100	Q	0.00000	0.9989	0.00110	0
101	K	0.00000	0.99174	0.00826	0
102	C	0.00000	0.85291	0.14709	0
103	S	0.00000	0.15154	0.84846	0
104	H	0.00000	0	1.00000	0
105	Y	0.00000	0	1.00000	0
106	L	0.00000	0	1.00000	0
107	F	0.00000	0	1.00000	0
108	S	0.00000	0	1.00000	0
109	E	0.00000	0	1.00000	0
110	E	0.00000	0	1.00000	0
111	I	0.00000	0	1.00000	0
112	T	0.00000	0	1.00000	0
113	S	0.00000	0	1.00000	0
114	G	0.00000	0	1.00000	0
115	C	0.00000	0	1.00000	0
116	Q	0.00000	0	1.00000	0
117	L	0.00000	0	1.00000	0
118	Q	0.00000	0	1.00000	0
119	K	0.00000	0	1.00000	0
120	K	0.00001	0	0.99999	0
121	E	0.00098	0	0.99902	0
122	I	0.02375	0	0.97625	0
123	H	0.47735	0	0.52265	0
124	L	0.64356	0	0.35644	0
125	Y	0.83255	0	0.16745	0
126	Q	0.97588	0	0.02412	0
127	T	0.99437	0	0.00563	0
128	F	0.99951	0	0.00049	0
129	V	0.99999	0	0.00001	0
130	V	1.00000	0	0.00000	0
131	Q	1.00000	0	0.00000	0
132	L	1.00000	0	0.00000	0
133	Q	1.00000	0	0.00000	0
134	D	1.00000	0	0.00000	0
135	P	1.00000	0	0.00000	0
136	R	1.00000	0	0.00000	0
137	E	1.00000	0	0.00000	0
138	P	1.00000	0	0.00000	0
139	R	0.99999	0	0.00001	0
140	R	0.99966	0	0.00034	0
141	Q	0.98632	0	0.01368	0
142	A	0.88259	0	0.11741	0
143	T	0.37198	0	0.62802	0
144	Q	0.12379	0	0.87621	0
145	M	0.00683	0	0.99317	0
146	L	0.00024	0	0.99976	0
147	K	0.00013	0	0.99987	0
148	L	0.00000	0	1.00000	0
149	Q	0.00000	0	1.00000	0
150	N	0.00000	0	1.00000	0
151	L	0.00000	0	1.00000	0
152	V	0.00000	0	1.00000	0
153	I	0.00000	0	1.00000	0
154	P	0.00000	0	1.00000	0
155	W	0.00000	0	1.00000	0
156	A	0.00000	0	1.00000	0
157	P	0.00000	0	1.00000	0
158	E	0.00000	0	1.00000	0
159	N	0.00000	1e-05	0.99999	0
160	L	0.00000	3e-05	0.99997	0
161	T	0.00000	0.00141	0.99859	0
162	L	0.00000	0.00717	0.99283	0
163	H	0.00000	0.43023	0.56977	0
164	K	0.00000	0.85042	0.14958	0
165	L	0.00000	0.86284	0.13716	0
166	S	0.00000	0.95367	0.04633	0
167	E	0.00000	0.99914	0.00086	0
168	S	0.00000	0.99998	0.00002	0
169	Q	0.00000	1	0.00000	0
170	L	0.00000	1	0.00000	0
171	E	0.00000	1	0.00000	0
172	L	0.00000	1	0.00000	0
173	N	0.00000	1	0.00000	0
174	W	0.00000	1	0.00000	0
175	N	0.00000	1	0.00000	0
176	N	0.00000	1	0.00000	0
177	R	0.00000	1	0.00000	0
178	F	0.00000	1	0.00000	0
179	L	0.00000	1	0.00000	0
180	N	0.00000	1	0.00000	0
181	H	0.00000	1	0.00000	0
182	C	0.00000	1	0.00000	0
183	L	0.00000	1	0.00000	0
184	E	0.00000	1	0.00000	0
185	H	0.00000	1	0.00000	0
186	L	0.00000	1	0.00000	0
187	V	0.00000	1	0.00000	0
188	Q	0.00000	1	0.00000	0
189	Y	0.00000	1	0.00000	0
190	R	0.00000	1	0.00000	0
191	T	0.00000	1	0.00000	0
192	D	0.00000	1	0.00000	0
193	W	0.00000	1	0.00000	0
194	D	0.00000	1	0.00000	0
195	H	0.00000	1	0.00000	0
196	S	0.00000	1	0.00000	0
197	W	0.00000	1	0.00000	0
198	T	0.00000	1	0.00000	0
199	E	0.00000	1	0.00000	0
200	Q	0.00000	1	0.00000	0
201	S	0.00000	1	0.00000	0
202	V	0.00000	0.99999	0.00001	0
203	D	0.00000	0.99999	0.00001	0
204	Y	0.00000	0.99999	0.00001	0
205	R	0.00000	0.99999	0.00001	0
206	H	0.00000	0.99999	0.00001	0
207	K	0.00000	0.99999	0.00001	0
208	F	0.00000	0.99999	0.00001	0
209	S	0.00000	0.99999	0.00001	0
210	L	0.00000	0.99999	0.00001	0
211	P	0.00000	0.99999	0.00001	0
212	S	0.00000	0.99999	0.00001	0
213	V	0.00000	0.99999	0.00001	0
214	D	0.00000	0.99999	0.00001	0
215	G	0.00000	0.99999	0.00001	0
216	Q	0.00000	0.99999	0.00001	0
217	K	0.00000	0.99999	0.00001	0
218	R	0.00000	0.99997	0.00003	0
219	Y	0.00000	0.9758	0.02420	0
220	T	0.00000	0.97464	0.02536	0
221	F	0.00000	0.93106	0.06894	0
222	R	0.00000	0.93085	0.06915	0
223	V	0.00001	0.83664	0.16335	0
224	R	0.00001	0.803	0.19699	0
225	S	0.00001	0.80184	0.19815	0
226	R	0.00001	0.79655	0.20344	0
227	F	0.00001	0.78735	0.21264	0
228	N	0.00001	0.78727	0.21273	0
229	P	0.00001	0.78726	0.21273	0
230	L	0.00001	0.78726	0.21273	0
231	C	0.00001	0.78726	0.21273	0
232	G	0.00001	0.78726	0.21273	0
233	S	0.00001	0.78726	0.21273	0
234	A	0.00001	0.78726	0.21273	0
235	Q	0.00001	0.78726	0.21273	0
236	H	0.00001	0.78726	0.21273	0
237	W	0.00001	0.78726	0.21273	0
238	S	0.00001	0.78726	0.21273	0
239	E	0.00015	0.78726	0.21259	0
240	W	0.00025	0.78726	0.21249	0
241	S	0.02567	0.78726	0.18707	0
242	H	0.02701	0.78726	0.18573	0
243	P	0.02891	0.78726	0.18383	0
244	I	0.02977	0.78726	0.18296	0
245	H	0.03738	0.78726	0.17536	0
246	W	0.04109	0.78726	0.17165	0
247	G	0.19116	0.78726	0.02158	0
248	S	0.19562	0.78726	0.01712	0
249	N	0.21034	0.78726	0.00240	0
250	T	0.21269	0.78726	0.00004	0
251	S	0.21273	0.78726	0.00000	0
252	K	0.21274	0.78726	0.00000	0
253	E	0.21274	0.78726	0.00000	0
254	N	0.21274	0.78724	0.00002	0
255	P	0.21274	0.78714	0.00013	0
256	F	0.20915	0.0055	0.78535	0
257	L	0.20915	0.00235	0.78850	0
258	F	0.20915	0.00052	0.79033	0
259	A	0.20915	0.00015	0.79070	0
260	L	0.20915	0.00012	0.79073	0
261	E	0.20915	7e-05	0.79078	0
262	A	0.10799	2e-05	0.89200	0
263	V	0.00263	0	0.99737	0
264	V	0.00004	0	0.99996	0
265	I	0.00001	0	0.99999	0
266	S	0.00000	0	1.00000	0
267	V	0.00000	0	1.00000	0
268	G	0.00000	0	1.00000	0
269	S	0.00000	0	1.00000	0
270	M	0.00000	0	1.00000	0
271	G	0.00000	0	1.00000	0
272	L	0.00000	0	1.00000	0
273	I	0.00000	0	1.00000	0
274	I	0.00000	0	1.00000	0
275	S	0.00000	0	1.00000	0
276	L	0.00000	0	1.00000	0
277	L	0.00000	1e-05	0.99999	0
278	C	0.00001	7e-05	0.99992	0
279	V	0.00009	8e-05	0.99983	0
280	Y	0.00056	0.00012	0.99932	0
281	F	0.00872	0.00019	0.99109	0
282	W	0.05386	0.00062	0.94552	0
283	L	0.32358	0.00225	0.67417	0
284	E	0.78399	0.19754	0.01846	0
285	R	0.78725	0.2115	0.00125	0
286	T	0.78726	0.21169	0.00105	0
287	M	0.78726	0.21182	0.00092	0
288	P	0.78726	0.21249	0.00024	0
289	R	0.78726	0.21261	0.00013	0
290	I	0.78726	0.21096	0.00178	0
291	P	0.78725	0.21027	0.00247	0
292	T	0.78597	0.19766	0.01637	0
293	L	0.78596	0.06002	0.15402	0
294	K	0.78596	0.05063	0.16342	0
295	N	0.78596	0.0194	0.19464	0
296	L	0.78596	0.00085	0.21319	0
297	E	0.78596	0.00077	0.21327	0
298	D	0.78596	0.00077	0.21327	0
299	L	0.71618	0.00077	0.28305	0
300	V	0.71565	0.00077	0.28359	0
301	T	0.71565	0.00077	0.28359	0
302	E	0.71565	0.00077	0.28359	0
303	Y	0.63207	0.00077	0.36716	0
304	H	0.62838	0.00077	0.37085	0
305	G	0.59738	0.00077	0.40185	0
306	N	0.56639	0.00075	0.43286	0
307	F	0.18562	0.00075	0.81363	0
308	S	0.18162	0.00075	0.81763	0
309	A	0.15709	0.00075	0.84216	0
310	W	0.14302	0.00075	0.85623	0
311	S	0.01134	0.00076	0.98790	0
312	G	0.01163	0.00082	0.98756	0
313	V	0.00237	0.00089	0.99674	0
314	S	0.04207	0.00161	0.95632	0
315	K	0.21197	0.00199	0.78604	0
316	G	0.21197	0.002	0.78603	0
317	L	0.21197	0.002	0.78603	0
318	A	0.21197	0.00237	0.78566	0
319	E	0.21197	0.01592	0.77210	0
320	S	0.21197	0.01879	0.76924	0
321	L	0.21197	0.02149	0.76653	0
322	Q	0.21197	0.07971	0.70832	0
323	P	0.21197	0.12298	0.66504	0
324	D	0.21197	0.18489	0.60314	0
325	Y	0.21197	0.18616	0.60186	0
326	S	0.21199	0.233	0.55502	0
327	E	0.21199	0.46033	0.32768	0
328	R	0.21199	0.47434	0.31366	0
329	L	0.21199	0.47786	0.31015	0
330	C	0.21199	0.57486	0.21314	0
331	L	0.21199	0.57632	0.21168	0
332	V	0.21199	0.62687	0.16113	0
333	S	0.21199	0.77353	0.01447	0
334	E	0.21199	0.77699	0.01101	0
335	I	0.21199	0.77682	0.01119	0
336	P	0.21199	0.78062	0.00739	0
337	P	0.21199	0.78121	0.00680	0
338	K	0.21199	0.77669	0.01132	0
339	G	0.21199	0.77256	0.01545	0
340	G	0.21199	0.38545	0.40255	0
341	A	0.21199	0.01426	0.77375	0
342	L	0.21199	0.00104	0.78697	0
343	G	0.21199	0.00091	0.78710	0
344	E	0.21200	0.00025	0.78775	0
345	G	0.21200	9e-05	0.78791	0
346	P	0.21200	2e-05	0.78799	0
347	G	0.21200	0	0.78800	0
348	A	0.21200	0	0.78800	0
349	S	0.21200	0	0.78800	0
350	P	0.21210	0	0.78790	0
351	C	0.21243	0	0.78757	0
352	N	0.21719	0	0.78281	0
353	Q	0.21766	0	0.78234	0
354	H	0.21769	0	0.78231	0
355	S	0.21771	0	0.78229	0
356	P	0.21774	0	0.78226	0
357	Y	0.21776	0	0.78224	0
358	W	0.21788	0	0.78212	0
359	A	0.22067	0	0.77933	0
360	P	0.23034	0	0.76966	0
361	P	0.33278	0	0.66722	0
362	C	0.81682	0	0.18318	0
363	Y	0.97698	0	0.02302	0
364	T	0.98129	0	0.01871	0
365	L	0.98727	0	0.01273	0
366	K	1.00000	0	0.00000	0
367	P	1.00000	0	0.00000	0
368	E	1.00000	0	0.00000	0
369	T	1.00000	0	0.00000	0
