# UNNAMED
#pos	aa	i	o	M	S
1	M	0.00000	8e-05	0.00000	0.99992
2	E	0.00000	8e-05	0.00000	0.99992
3	P	0.00000	8e-05	0.00000	0.99993
4	W	0.00000	8e-05	0.00000	0.99992
5	P	0.00000	8e-05	0.00000	0.99993
6	L	0.00000	8e-05	0.00000	0.99992
7	L	0.00000	8e-05	0.00000	0.99993
8	L	0.00000	8e-05	0.00000	0.99992
9	L	0.00000	8e-05	0.00000	0.99993
10	F	0.00000	8e-05	0.00000	0.99993
11	S	0.00000	8e-05	0.00000	0.99992
12	L	0.00000	8e-05	0.00000	0.99992
13	C	0.00000	8e-05	0.00000	0.99992
14	S	0.00000	8e-05	0.00000	0.99992
15	A	0.00000	0.00015	0.00000	0.99985
16	G	0.00000	0.00125	0.00000	0.99874
17	L	0.00000	0.00162	0.00000	0.99837
18	V	0.00000	0.01378	0.00000	0.98623
19	L	0.00000	0.01379	0.00000	0.98622
20	G	0.00000	0.01378	0.00000	0.98621
21	S	0.00000	0.94323	0.00000	0.05677
22	E	0.00000	0.99053	0.00000	0.00947
23	H	0.00000	0.99966	0.00000	0.00035
24	E	0.00000	0.99993	0.00000	7e-05
25	T	0.00000	0.99995	0.00000	5e-05
26	R	0.00000	1	0.00000	0
27	L	0.00000	1	0.00000	0
28	V	0.00000	1	0.00000	0
29	A	0.00000	1	0.00000	0
30	K	0.00000	1	0.00000	0
31	L	0.00000	1	0.00000	0
32	F	0.00000	1	0.00000	0
33	K	0.00000	1	0.00000	0
34	D	0.00000	1	0.00000	0
35	Y	0.00000	1	0.00000	0
36	S	0.00000	1	0.00000	0
37	S	0.00000	1	0.00000	0
38	V	0.00000	1	0.00000	0
39	V	0.00000	1	0.00000	0
40	R	0.00000	1	0.00000	0
41	P	0.00000	1	0.00000	0
42	V	0.00000	1	0.00000	0
43	E	0.00000	1	0.00000	0
44	D	0.00000	1	0.00000	0
45	H	0.00000	0.99996	0.00004	0
46	R	0.00000	0.99995	0.00005	0
47	Q	0.00000	0.99968	0.00032	0
48	V	0.00000	0.99703	0.00297	0
49	V	0.00000	0.99593	0.00407	0
50	E	0.00000	0.99577	0.00423	0
51	V	0.00000	0.99303	0.00697	0
52	T	0.00000	0.99109	0.00891	0
53	V	0.00000	0.99011	0.00989	0
54	G	0.00000	0.98952	0.01048	0
55	L	0.00000	0.98773	0.01227	0
56	Q	0.00000	0.9873	0.01270	0
57	L	0.00000	0.98531	0.01469	0
58	I	0.00000	0.98529	0.01471	0
59	Q	0.00000	0.98529	0.01471	0
60	L	0.00000	0.98529	0.01471	0
61	I	0.00000	0.98529	0.01471	0
62	N	0.00000	0.98529	0.01471	0
63	V	0.00000	0.98529	0.01471	0
64	D	0.00002	0.98529	0.01469	0
65	E	0.00003	0.98529	0.01468	0
66	V	0.00004	0.98529	0.01468	0
67	N	0.00010	0.98529	0.01461	0
68	Q	0.00024	0.98529	0.01447	0
69	I	0.00025	0.98529	0.01446	0
70	V	0.00043	0.98529	0.01428	0
71	T	0.00357	0.98529	0.01114	0
72	T	0.00411	0.98529	0.01061	0
73	N	0.00502	0.98529	0.00969	0
74	V	0.00568	0.98529	0.00903	0
75	R	0.00920	0.98529	0.00551	0
76	L	0.00947	0.98529	0.00524	0
77	K	0.01396	0.98529	0.00075	0
78	Q	0.01317	0.98529	0.00154	0
79	G	0.01224	0.98529	0.00247	0
80	D	0.01063	0.98529	0.00408	0
81	M	0.01063	0.98529	0.00408	0
82	V	0.01063	0.98529	0.00408	0
83	D	0.01063	0.98529	0.00408	0
84	L	0.01063	0.98529	0.00408	0
85	P	0.01063	0.98529	0.00408	0
86	R	0.01063	0.98529	0.00408	0
87	P	0.01063	0.98529	0.00408	0
88	S	0.00292	0.98529	0.01179	0
89	C	0.00015	0.98529	0.01456	0
90	V	0.00003	0.98529	0.01468	0
91	T	0.00003	0.98529	0.01468	0
92	L	0.00003	0.98529	0.01468	0
93	G	0.00003	0.98529	0.01468	0
94	V	0.00003	0.98529	0.01468	0
95	P	0.00003	0.98529	0.01468	0
96	L	0.00000	0.98529	0.01471	0
97	F	0.00000	0.98535	0.01465	0
98	S	0.00000	0.98793	0.01207	0
99	H	0.00000	0.98932	0.01068	0
100	L	0.00000	0.98937	0.01063	0
101	Q	0.00000	0.98937	0.01063	0
102	N	0.00000	0.98937	0.01063	0
103	E	0.00000	0.98937	0.01063	0
104	Q	0.00000	0.98937	0.01063	0
105	W	0.00000	0.98937	0.01063	0
106	V	0.00000	0.98984	0.01016	0
107	D	0.00000	0.9936	0.00640	0
108	Y	0.00000	0.99631	0.00369	0
109	N	0.00000	0.99967	0.00033	0
110	L	0.00000	0.99978	0.00022	0
111	K	0.00000	0.99981	0.00019	0
112	W	0.00000	0.99982	0.00018	0
113	N	0.00000	0.99991	0.00008	0
114	P	0.00000	0.99992	0.00008	0
115	D	0.00000	0.99996	0.00004	0
116	D	0.00000	0.99997	0.00003	0
117	Y	0.00000	0.99997	0.00003	0
118	G	0.00000	0.99997	0.00003	0
119	G	0.00000	0.99997	0.00003	0
120	V	0.00000	0.99997	0.00003	0
121	K	0.00000	0.99997	0.00003	0
122	K	0.00000	0.99997	0.00003	0
123	I	0.00000	0.99995	0.00005	0
124	H	0.00000	0.99995	0.00005	0
125	I	0.00000	0.99995	0.00005	0
126	P	0.00003	0.99995	0.00002	0
127	S	0.00003	0.99995	0.00002	0
128	E	0.00003	0.99995	0.00002	0
129	K	0.00003	0.99994	0.00002	0
130	I	0.00003	0.99916	0.00081	0
131	W	0.00003	0.99915	0.00081	0
132	R	0.00003	0.99915	0.00081	0
133	P	0.00003	0.99915	0.00081	0
134	D	0.00003	0.99915	0.00082	0
135	L	0.00001	0.99698	0.00300	0
136	V	0.00000	0.99695	0.00305	0
137	L	0.00000	0.99694	0.00306	0
138	Y	0.00000	0.99694	0.00306	0
139	N	0.00000	0.99694	0.00306	0
140	N	0.00000	0.99694	0.00306	0
141	A	0.00000	0.99692	0.00308	0
142	D	0.00000	0.9969	0.00310	0
143	G	0.00000	0.99684	0.00316	0
144	D	0.00000	0.99672	0.00328	0
145	F	0.00001	0.98518	0.01482	0
146	A	0.00002	0.98415	0.01584	0
147	I	0.00002	0.98404	0.01594	0
148	V	0.00003	0.98403	0.01594	0
149	K	0.00081	0.98402	0.01517	0
150	F	0.00081	0.98378	0.01541	0
151	T	0.00081	0.98375	0.01544	0
152	K	0.00081	0.98354	0.01564	0
153	V	0.00082	0.95215	0.04703	0
154	L	0.00106	0.94491	0.05402	0
155	L	0.00126	0.94389	0.05486	0
156	Q	0.00277	0.9356	0.06162	0
157	Y	0.00299	0.89542	0.10159	0
158	T	0.00300	0.88948	0.10751	0
159	G	0.00301	0.80291	0.19408	0
160	H	0.00285	0.68367	0.31349	0
161	I	0.00226	0.4269	0.57084	0
162	T	0.00230	0.3941	0.60360	0
163	W	0.00231	0.39172	0.60596	0
164	T	0.00481	0.39162	0.60357	0
165	P	0.01501	0.39161	0.59338	0
166	P	0.01505	0.39161	0.59334	0
167	A	0.01393	0.39161	0.59447	0
168	I	0.01290	0.39161	0.59550	0
169	F	0.01289	0.39161	0.59550	0
170	K	0.01290	0.39161	0.59549	0
171	S	0.01288	0.39161	0.59551	0
172	Y	0.01215	0.39161	0.59625	0
173	C	0.02138	0.39161	0.58701	0
174	E	0.03710	0.39161	0.57129	0
175	I	0.03162	0.39157	0.57681	0
176	I	0.03207	0.39157	0.57636	0
177	V	0.10069	0.39157	0.50774	0
178	T	0.11791	0.39157	0.49053	0
179	H	0.12901	0.39157	0.47943	0
180	F	0.21222	0.39157	0.39621	0
181	P	0.57307	0.39169	0.03524	0
182	F	0.57781	0.39179	0.03040	0
183	D	0.59209	0.39237	0.01554	0
184	E	0.59212	0.39237	0.01550	0
185	Q	0.58736	0.39262	0.02003	0
186	N	0.36945	0.39448	0.23607	0
187	C	0.10451	0.39449	0.50101	0
188	S	0.07241	0.39449	0.53310	0
189	M	0.04996	0.39449	0.55555	0
190	K	0.03747	0.39449	0.56804	0
191	L	0.00678	0.39449	0.59873	0
192	G	0.00293	0.39449	0.60257	0
193	T	0.00177	0.39477	0.60347	0
194	W	0.00028	0.39707	0.60265	0
195	T	0.00014	0.40647	0.59339	0
196	Y	0.00005	0.40685	0.59310	0
197	D	0.00005	0.40711	0.59284	0
198	G	0.00004	0.40712	0.59284	0
199	S	0.00005	0.40712	0.59283	0
200	V	0.00004	0.40712	0.59284	0
201	V	0.00004	0.40712	0.59284	0
202	A	0.00004	0.40713	0.59283	0
203	I	0.00004	0.40726	0.59270	0
204	N	0.00004	0.41351	0.58644	0
205	P	0.00004	0.45316	0.54680	0
206	E	0.00004	0.79908	0.20088	0
207	S	0.00004	0.8672	0.13276	0
208	D	0.00004	0.93692	0.06304	0
209	Q	0.00004	0.94427	0.05569	0
210	P	0.00004	0.98862	0.01134	0
211	D	0.00002	0.98757	0.01241	0
212	L	0.00000	0.98678	0.01322	0
213	S	0.00000	0.9884	0.01160	0
214	N	0.00000	0.99194	0.00806	0
215	F	0.00000	0.99203	0.00797	0
216	M	0.00000	0.99209	0.00791	0
217	E	0.00000	0.9927	0.00730	0
218	S	0.00000	0.99271	0.00729	0
219	G	0.00000	0.99272	0.00728	0
220	E	0.00000	0.99272	0.00728	0
221	W	0.00000	0.99272	0.00728	0
222	V	0.00000	0.99272	0.00728	0
223	I	0.00000	0.99272	0.00728	0
224	K	0.00000	0.99273	0.00727	0
225	E	0.00000	0.99273	0.00727	0
226	S	0.00000	0.99273	0.00727	0
227	R	0.00001	0.99272	0.00727	0
228	G	0.00019	0.99272	0.00709	0
229	W	0.00156	0.99272	0.00571	0
230	K	0.00344	0.99273	0.00383	0
231	H	0.00379	0.99222	0.00399	0
232	S	0.00710	0.99209	0.00081	0
233	V	0.00711	0.99207	0.00082	0
234	T	0.00720	0.99208	0.00072	0
235	Y	0.00723	0.99208	0.00070	0
236	S	0.00723	0.99208	0.00070	0
237	C	0.00723	0.99208	0.00070	0
238	C	0.00723	0.99208	0.00070	0
239	P	0.00723	0.99208	0.00070	0
240	D	0.00723	0.99208	0.00070	0
241	T	0.00723	0.99208	0.00070	0
242	P	0.00723	0.99208	0.00070	0
243	Y	0.00723	0.99208	0.00070	0
244	L	0.00723	0.99208	0.00070	0
245	D	0.00723	0.99207	0.00070	0
246	I	0.00719	0.99206	0.00075	0
247	T	0.00719	0.99203	0.00078	0
248	Y	0.00718	0.99196	0.00086	0
249	H	0.00717	0.99133	0.00150	0
250	F	0.00230	0.49916	0.49854	0
251	V	0.00058	0.42914	0.57028	0
252	M	0.00085	0.41643	0.58272	0
253	Q	0.00102	0.41515	0.58383	0
254	R	0.00087	0.40872	0.59041	0
255	L	0.00070	0.36879	0.63051	0
256	P	0.00070	0.30496	0.69434	0
257	L	0.00055	0.01719	0.98226	0
258	Y	0.00016	0.00472	0.99513	0
259	F	0.00003	0.00137	0.99860	0
260	I	0.00000	0.00021	0.99979	0
261	V	0.00000	6e-05	0.99994	0
262	N	0.00000	1e-05	0.99999	0
263	V	0.00000	0	1.00000	0
264	I	0.00000	0	1.00000	0
265	I	0.00000	0	1.00000	0
266	P	0.00000	1e-05	0.99998	0
267	C	0.00000	3e-05	0.99997	0
268	L	0.00000	3e-05	0.99997	0
269	L	0.00000	3e-05	0.99997	0
270	F	0.00000	6e-05	0.99993	0
271	S	0.00000	0.00036	0.99964	0
272	F	0.00761	0.00058	0.99181	0
273	L	0.33933	0.00402	0.65666	0
274	T	0.50192	0.00689	0.49119	0
275	G	0.57786	0.0072	0.41494	0
276	L	0.58539	0.00723	0.40738	0
277	V	0.58690	0.00735	0.40575	0
278	F	0.58893	0.00769	0.40338	0
279	Y	0.60334	0.00787	0.38878	0
280	L	0.65946	0.00792	0.33263	0
281	P	0.98762	0.00792	0.00446	0
282	T	0.99188	0.00792	0.00019	0
283	D	0.99208	0.00792	0.00000	0
284	S	0.99206	0.00792	0.00002	0
285	G	0.99182	0.00792	0.00026	0
286	E	0.98845	0.00792	0.00364	0
287	K	0.96730	0.00791	0.02479	0
288	M	0.40333	0.00031	0.59636	0
289	T	0.25626	0.0002	0.74354	0
290	L	0.03040	1e-05	0.96959	0
291	S	0.02160	1e-05	0.97840	0
292	I	0.00890	1e-05	0.99110	0
293	S	0.00888	1e-05	0.99112	0
294	V	0.00310	1e-05	0.99689	0
295	L	0.00017	1e-05	0.99982	0
296	L	0.00013	1e-05	0.99986	0
297	S	0.00013	1e-05	0.99987	0
298	L	0.00012	1e-05	0.99987	0
299	T	0.00009	1e-05	0.99990	0
300	V	0.00009	1e-05	0.99990	0
301	F	0.00009	1e-05	0.99990	0
302	L	0.00009	1e-05	0.99990	0
303	L	0.00009	1e-05	0.99990	0
304	V	0.00009	1e-05	0.99990	0
305	I	0.00009	0.00019	0.99972	0
306	V	0.00009	0.02046	0.97945	0
307	E	0.00010	0.35389	0.64602	0
308	L	0.00021	0.41335	0.58644	0
309	I	0.00090	0.55661	0.44249	0
310	P	0.00724	0.93726	0.05550	0
311	S	0.00789	0.97506	0.01704	0
312	T	0.00799	0.97738	0.01463	0
313	S	0.00801	0.97758	0.01441	0
314	S	0.00801	0.9777	0.01429	0
315	A	0.00801	0.97781	0.01418	0
316	V	0.00801	0.97789	0.01410	0
317	P	0.00800	0.9782	0.01380	0
318	L	0.00783	0.7037	0.28848	0
319	I	0.00781	0.65861	0.33358	0
320	G	0.00778	0.65763	0.33459	0
321	K	0.00705	0.6477	0.34526	0
322	Y	0.00458	0.13513	0.86029	0
323	M	0.00008	0.00499	0.99493	0
324	L	0.00002	0.00057	0.99940	0
325	F	0.00000	6e-05	0.99994	0
326	T	0.00000	1e-05	0.99999	0
327	M	0.00000	0	1.00000	0
328	V	0.00000	0	1.00000	0
329	F	0.00000	0	1.00000	0
330	V	0.00000	0	1.00000	0
331	I	0.00000	0	1.00000	0
332	A	0.00000	0	1.00000	0
333	S	0.00000	0	1.00000	0
334	I	0.00000	0	1.00000	0
335	I	0.00000	0	1.00000	0
336	I	0.00002	0	0.99998	0
337	T	0.00186	0	0.99814	0
338	V	0.04766	0	0.95234	0
339	I	0.24199	0	0.75801	0
340	V	0.32489	1e-05	0.67510	0
341	I	0.34611	0.00014	0.65375	0
342	N	0.39656	0.00207	0.60137	0
343	T	0.54840	0.00303	0.44857	0
344	H	0.76829	0.00516	0.22655	0
345	H	0.93308	0.0069	0.06003	0
346	R	0.99066	0.00792	0.00143	0
347	S	0.99187	0.00798	0.00015	0
348	P	0.99199	0.008	0.00001	0
349	S	0.99199	0.00801	0.00000	0
350	T	0.99199	0.00801	0.00000	0
351	H	0.99197	0.00801	0.00002	0
352	V	0.99194	0.00794	0.00012	0
353	M	0.99190	0.0079	0.00020	0
354	P	0.98958	0.00722	0.00320	0
355	N	0.47798	0.00251	0.51951	0
356	W	0.13896	7e-05	0.86097	0
357	V	0.13375	6e-05	0.86619	0
358	R	0.02060	1e-05	0.97940	0
359	K	0.02034	1e-05	0.97965	0
360	V	0.01992	1e-05	0.98007	0
361	F	0.01992	1e-05	0.98007	0
362	I	0.01992	1e-05	0.98007	0
363	D	0.01992	1e-05	0.98007	0
364	T	0.01992	1e-05	0.98007	0
365	I	0.01992	1e-05	0.98007	0
366	P	0.01992	1e-05	0.98007	0
367	N	0.01992	1e-05	0.98007	0
368	I	0.01992	1e-05	0.98007	0
369	M	0.01992	1e-05	0.98007	0
370	F	0.01992	1e-05	0.98007	0
371	F	0.01992	1e-05	0.98007	0
372	S	0.01993	3e-05	0.98004	0
373	T	0.02004	0.00032	0.97964	0
374	M	0.02103	0.01489	0.96408	0
375	K	0.02768	0.7778	0.19452	0
376	R	0.02783	0.83313	0.13903	0
377	P	0.02786	0.84709	0.12505	0
378	S	0.02787	0.88503	0.08709	0
379	R	0.02791	0.96532	0.00677	0
380	E	0.02793	0.97182	0.00026	0
381	K	0.02793	0.97207	0.00000	0
382	Q	0.02793	0.97207	0.00000	0
383	D	0.02793	0.97207	0.00000	0
384	K	0.02790	0.97207	0.00002	0
385	K	0.02790	0.97207	0.00002	0
386	I	0.02790	0.97207	0.00003	0
387	F	0.02790	0.95824	0.01386	0
388	T	0.02790	0.95824	0.01386	0
389	E	0.02790	0.95811	0.01399	0
390	D	0.02790	0.76555	0.20655	0
391	I	0.02790	0.75738	0.21471	0
392	D	0.02790	0.74964	0.22246	0
393	I	0.02790	0.59033	0.38177	0
394	S	0.02790	0.58182	0.39028	0
395	D	0.02790	0.58179	0.39031	0
396	I	0.02205	0.58124	0.39670	0
397	S	0.02205	0.58123	0.39673	0
398	G	0.02205	0.58123	0.39673	0
399	K	0.02205	0.58123	0.39673	0
400	P	0.02205	0.58123	0.39673	0
401	G	0.02205	0.58123	0.39673	0
402	P	0.02205	0.58123	0.39673	0
403	P	0.02205	0.58123	0.39673	0
404	P	0.02205	0.58123	0.39673	0
405	M	0.02205	0.58123	0.39673	0
406	G	0.02205	0.58123	0.39673	0
407	F	0.02205	0.58123	0.39673	0
408	H	0.02207	0.58123	0.39670	0
409	S	0.02280	0.58124	0.39596	0
410	P	0.02848	0.58124	0.39028	0
411	L	0.02937	0.58124	0.38939	0
412	I	0.05130	0.58125	0.36745	0
413	K	0.40295	0.58126	0.01579	0
414	H	0.40717	0.58126	0.01157	0
415	P	0.41121	0.58154	0.00725	0
416	E	0.41206	0.58399	0.00395	0
417	V	0.41213	0.58435	0.00352	0
418	K	0.41278	0.58703	0.00019	0
419	S	0.41278	0.58708	0.00014	0
420	A	0.41278	0.58708	0.00014	0
421	I	0.41278	0.58709	0.00013	0
422	E	0.41278	0.58711	0.00012	0
423	G	0.09685	0.58711	0.31604	0
424	I	0.02447	0.58711	0.38842	0
425	K	0.02447	0.58711	0.38842	0
426	Y	0.02447	0.58711	0.38842	0
427	I	0.02447	0.58711	0.38842	0
428	A	0.02444	0.58711	0.38846	0
429	E	0.02436	0.58717	0.38847	0
430	T	0.02194	0.58718	0.39088	0
431	M	0.02194	0.58719	0.39088	0
432	K	0.02194	0.58722	0.39085	0
433	S	0.02194	0.58722	0.39085	0
434	D	0.02194	0.58722	0.39085	0
435	Q	0.02194	0.58722	0.39085	0
436	E	0.02194	0.58722	0.39085	0
437	S	0.02194	0.58722	0.39085	0
438	N	0.02194	0.58722	0.39085	0
439	N	0.02194	0.58722	0.39085	0
440	A	0.02194	0.58692	0.39114	0
441	A	0.02194	0.57889	0.39917	0
442	A	0.02194	0.57941	0.39865	0
443	E	0.02194	0.86438	0.11369	0
444	W	0.02194	0.88046	0.09760	0
445	K	0.02194	0.91737	0.06070	0
446	Y	0.02194	0.74832	0.22974	0
447	V	0.02194	0.11813	0.85994	0
448	A	0.02194	0.04272	0.93534	0
449	M	0.02194	0.00895	0.96912	0
450	V	0.02194	0.00387	0.97419	0
451	M	0.02194	0.00246	0.97560	0
452	D	0.02194	0.00361	0.97446	0
453	H	0.02194	0.00297	0.97509	0
454	I	0.02194	0.00015	0.97791	0
455	L	0.02194	0	0.97806	0
456	L	0.02194	0	0.97806	0
457	G	0.02194	0	0.97806	0
458	V	0.02194	0	0.97806	0
459	F	0.02194	0	0.97806	0
460	M	0.02195	0	0.97805	0
461	L	0.02223	0	0.97777	0
462	V	0.02389	0	0.97611	0
463	C	0.02854	0	0.97146	0
464	I	0.03575	0	0.96425	0
465	I	0.05030	0	0.94970	0
466	G	0.11875	0	0.88125	0
467	T	0.32981	0	0.67019	0
468	L	0.45385	0	0.54615	0
469	A	0.72430	0	0.27570	0
470	V	0.79340	0	0.20660	0
471	F	0.85189	0	0.14811	0
472	A	0.95690	0	0.04310	0
473	G	0.98700	0	0.01300	0
474	R	1.00000	0	0.00000	0
475	L	1.00000	0	0.00000	0
476	I	1.00000	0	0.00000	0
477	E	1.00000	0	0.00000	0
478	L	1.00000	0	0.00000	0
479	N	1.00000	0	0.00000	0
480	Q	1.00000	0	0.00000	0
481	Q	1.00000	0	0.00000	0
482	G	1.00000	0	0.00000	0
