# UNNAMED
#pos	aa	i	o	M	S
1	M	0.00000	0.00022	0.00000	0.99978
2	A	0.00000	0.00022	0.00000	0.99977
3	A	0.00000	0.00022	0.00000	0.99978
4	G	0.00000	0.00022	0.00000	0.99977
5	T	0.00000	0.00022	0.00000	0.99977
6	A	0.00000	0.00022	0.00000	0.99978
7	V	0.00000	0.00022	0.00001	0.99977
8	G	0.00000	0.00021	0.00001	0.99977
9	A	0.00000	0.0002	0.00002	0.99977
10	W	0.00000	0.00019	0.00003	0.99978
11	V	0.00000	0.00019	0.00003	0.99977
12	L	0.00000	0.00019	0.00003	0.99978
13	V	0.00000	0.00016	0.00006	0.99978
14	L	0.00000	0.00016	0.00007	0.99978
15	S	0.00000	0.00015	0.00007	0.99978
16	L	0.00000	0.00014	0.00009	0.99977
17	W	0.00000	0.00014	0.00010	0.99976
18	G	0.00000	0.00014	0.00010	0.99976
19	A	0.00000	0.01616	0.00010	0.98373
20	V	0.00000	0.01626	0.00010	0.98364
21	V	0.00000	0.01626	0.00010	0.98364
22	G	0.00000	0.01626	0.00010	0.98364
23	A	0.00000	0.01672	0.00010	0.98319
24	Q	0.00000	0.97729	0.00010	0.0226
25	N	0.00000	0.97792	0.00010	0.02198
26	I	0.00000	0.97792	0.00010	0.02198
27	T	0.00000	0.97792	0.00010	0.02198
28	A	0.00000	0.98175	0.00010	0.01815
29	R	0.00000	0.9999	0.00010	0
30	I	0.00000	0.9999	0.00010	0
31	G	0.00001	0.9999	0.00009	0
32	E	0.00002	0.9999	0.00008	0
33	P	0.00002	0.9999	0.00008	0
34	L	0.00002	0.9999	0.00008	0
35	V	0.00002	0.9999	0.00008	0
36	L	0.00002	0.9999	0.00008	0
37	K	0.00005	0.9999	0.00005	0
38	C	0.00006	0.9999	0.00004	0
39	K	0.00010	0.9999	0.00000	0
40	G	0.00010	0.9999	0.00000	0
41	A	0.00010	0.9999	0.00000	0
42	P	0.00010	0.9999	0.00000	0
43	K	0.00010	0.9999	0.00000	0
44	K	0.00010	0.9999	0.00000	0
45	P	0.00010	0.9999	0.00000	0
46	P	0.00010	0.9999	0.00000	0
47	Q	0.00009	0.9999	0.00001	0
48	R	0.00009	0.9999	0.00001	0
49	L	0.00004	0.9999	0.00006	0
50	E	0.00002	0.9999	0.00008	0
51	W	0.00000	0.9999	0.00010	0
52	K	0.00000	0.9999	0.00010	0
53	L	0.00000	0.9999	0.00010	0
54	N	0.00000	0.9999	0.00010	0
55	T	0.00000	0.9999	0.00010	0
56	G	0.00000	0.9999	0.00010	0
57	R	0.00000	0.9999	0.00010	0
58	T	0.00000	0.99984	0.00016	0
59	E	0.00000	0.99983	0.00017	0
60	A	0.00000	0.99971	0.00029	0
61	W	0.00000	0.9997	0.00030	0
62	K	0.00000	0.9997	0.00030	0
63	V	0.00000	0.99969	0.00031	0
64	L	0.00000	0.99968	0.00032	0
65	S	0.00000	0.99969	0.00031	0
66	P	0.00000	0.99969	0.00031	0
67	Q	0.00000	0.99966	0.00034	0
68	G	0.00000	0.98533	0.01467	0
69	G	0.00000	0.98533	0.01467	0
70	G	0.00000	0.98534	0.01466	0
71	P	0.00000	0.98541	0.01459	0
72	W	0.00000	0.98541	0.01459	0
73	D	0.00000	0.98541	0.01459	0
74	S	0.00000	0.85395	0.14605	0
75	V	0.00000	0.63421	0.36579	0
76	A	0.00000	0.32749	0.67251	0
77	R	0.00004	0.31212	0.68784	0
78	V	0.00004	0.15187	0.84809	0
79	L	0.00004	0.13904	0.86091	0
80	P	0.00020	0.13676	0.86304	0
81	N	0.00021	0.13289	0.86691	0
82	G	0.00020	0.11957	0.88022	0
83	S	0.00020	0.09971	0.90008	0
84	L	0.00020	0.09225	0.90754	0
85	F	0.00020	0.09197	0.90783	0
86	L	0.00020	0.09197	0.90783	0
87	P	0.00022	0.09197	0.90781	0
88	A	0.00011	0.09197	0.90792	0
89	V	0.00035	0.09197	0.90768	0
90	G	0.00238	0.09197	0.90565	0
91	I	0.00332	0.09197	0.90471	0
92	Q	0.03504	0.09197	0.87300	0
93	D	0.06896	0.09197	0.83908	0
94	E	0.07300	0.09197	0.83504	0
95	G	0.07354	0.09197	0.83449	0
96	I	0.07572	0.09197	0.83231	0
97	F	0.09636	0.09197	0.81168	0
98	R	0.52429	0.09197	0.38375	0
99	C	0.55384	0.09197	0.35420	0
100	Q	0.83669	0.09197	0.07134	0
101	A	0.85336	0.09197	0.05468	0
102	M	0.86643	0.09197	0.04160	0
103	N	0.86389	0.09197	0.04415	0
104	R	0.85944	0.09197	0.04859	0
105	N	0.78687	0.09197	0.12116	0
106	G	0.65970	0.09197	0.24833	0
107	K	0.63747	0.09203	0.27050	0
108	E	0.43280	0.09209	0.47511	0
109	T	0.03982	0.09212	0.86806	0
110	K	0.00599	0.09214	0.90186	0
111	S	0.00060	0.09217	0.90723	0
112	N	0.00059	0.09218	0.90724	0
113	Y	0.00059	0.09218	0.90724	0
114	R	0.00059	0.09216	0.90726	0
115	V	0.00037	0.09084	0.90879	0
116	R	0.00006	0.09003	0.90991	0
117	V	0.00003	0.01596	0.98401	0
118	Y	0.00003	0.01119	0.98877	0
119	Q	0.00003	0.00899	0.99098	0
120	I	0.00003	0.00524	0.99473	0
121	P	0.00003	0.00765	0.99232	0
122	G	0.00003	0.02168	0.97829	0
123	K	0.00003	0.05277	0.94720	0
124	P	0.00003	0.11135	0.88862	0
125	E	0.00000	0.27358	0.72642	0
126	I	0.00000	0.50226	0.49774	0
127	V	0.00000	0.53535	0.46465	0
128	D	0.00000	0.90713	0.09287	0
129	S	0.00000	0.91191	0.08809	0
130	A	0.00000	0.9119	0.08809	0
131	S	0.00000	0.91191	0.08809	0
132	E	0.00000	0.9119	0.08810	0
133	L	0.00000	0.91168	0.08832	0
134	T	0.00001	0.9112	0.08879	0
135	A	0.00008	0.91116	0.08876	0
136	G	0.00102	0.91098	0.08800	0
137	V	0.00459	0.91035	0.08505	0
138	P	0.08436	0.91024	0.00540	0
139	N	0.08705	0.90832	0.00462	0
140	K	0.08738	0.89575	0.01687	0
141	V	0.08738	0.02089	0.89173	0
142	G	0.08736	0.0007	0.91194	0
143	T	0.08606	0.00074	0.91320	0
144	C	0.06367	0.00074	0.93559	0
145	V	0.05466	0.00074	0.94460	0
146	S	0.00052	0.00074	0.99875	0
147	E	0.00023	0.00074	0.99903	0
148	G	0.00013	0.00074	0.99913	0
149	S	0.00011	0.00074	0.99915	0
150	Y	0.00011	0.00074	0.99915	0
151	P	0.00011	0.00074	0.99915	0
152	A	0.00011	0.00074	0.99915	0
153	G	0.00012	0.00074	0.99914	0
154	T	0.00018	0.00074	0.99908	0
155	L	0.00032	0.00074	0.99894	0
156	S	0.00035	0.00074	0.99891	0
157	W	0.00038	0.00074	0.99889	0
158	H	0.00043	0.00074	0.99884	0
159	L	0.00060	0.00074	0.99866	0
160	D	0.00416	0.00074	0.99510	0
161	G	0.31778	0.00074	0.68148	0
162	K	0.50831	0.00075	0.49094	0
163	P	0.91177	0.00075	0.08748	0
164	L	0.91177	0.00082	0.08742	0
165	V	0.91177	0.00173	0.08650	0
166	P	0.91177	0.03836	0.04987	0
167	N	0.91072	0.08785	0.00143	0
168	E	0.91069	0.08812	0.00119	0
169	K	0.91066	0.08812	0.00123	0
170	G	0.90836	0.08812	0.00352	0
171	V	0.90747	0.08812	0.00440	0
172	S	0.90739	0.08812	0.00449	0
173	V	0.90738	0.08812	0.00450	0
174	K	0.90738	0.08823	0.00439	0
175	E	0.90736	0.08823	0.00441	0
176	Q	0.89752	0.08818	0.01430	0
177	T	0.85983	0.0881	0.05207	0
178	R	0.80025	0.0881	0.11164	0
179	R	0.56588	0.0881	0.34602	0
180	H	0.32708	0.0881	0.58482	0
181	P	0.13459	0.0881	0.77731	0
182	E	0.00763	0.0881	0.90427	0
183	T	0.00025	0.08777	0.91198	0
184	G	0.00002	0.08776	0.91222	0
185	L	0.00000	0.08777	0.91223	0
186	F	0.00000	0.08879	0.91121	0
187	T	0.00000	0.08881	0.91119	0
188	L	0.00000	0.08889	0.91111	0
189	Q	0.00000	0.09113	0.90887	0
190	S	0.00000	0.09197	0.90803	0
191	E	0.00000	0.09214	0.90786	0
192	L	0.00000	0.09215	0.90785	0
193	M	0.00000	0.09215	0.90785	0
194	V	0.00000	0.09215	0.90785	0
195	T	0.00000	0.09245	0.90755	0
196	P	0.00006	0.09694	0.90300	0
197	A	0.00006	0.10497	0.89497	0
198	R	0.00006	0.31071	0.68923	0
199	G	0.00006	0.33959	0.66035	0
200	G	0.00006	0.50543	0.49450	0
201	D	0.00006	0.88899	0.11094	0
202	P	0.00047	0.89812	0.10141	0
203	R	0.00047	0.90714	0.09239	0
204	P	0.00047	0.90718	0.09235	0
205	T	0.00047	0.9072	0.09233	0
206	F	0.00047	0.90723	0.09231	0
207	S	0.00047	0.90736	0.09218	0
208	C	0.00047	0.90739	0.09214	0
209	S	0.00047	0.90739	0.09214	0
210	F	0.00047	0.90739	0.09214	0
211	S	0.00047	0.90739	0.09214	0
212	P	0.00047	0.90739	0.09214	0
213	G	0.00047	0.90739	0.09214	0
214	L	0.00047	0.90739	0.09214	0
215	P	0.00047	0.90739	0.09214	0
216	R	0.00047	0.90739	0.09214	0
217	H	0.00044	0.90739	0.09217	0
218	R	0.00043	0.90739	0.09218	0
219	A	0.00007	0.90736	0.09258	0
220	L	0.00003	0.90736	0.09261	0
221	R	0.09209	0.90736	0.00055	0
222	T	0.09214	0.90735	0.00051	0
223	A	0.09214	0.90735	0.00051	0
224	P	0.09214	0.90735	0.00051	0
225	I	0.09214	0.90735	0.00051	0
226	Q	0.09214	0.90734	0.00053	0
227	P	0.09214	0.90733	0.00053	0
228	R	0.09214	0.90733	0.00054	0
229	V	0.09214	0.90727	0.00059	0
230	W	0.09214	0.90727	0.00059	0
231	E	0.09214	0.90719	0.00067	0
232	P	0.09214	0.90157	0.00629	0
233	V	0.09200	0.9013	0.00670	0
234	P	0.09199	0.90105	0.00696	0
235	L	0.09167	0.90097	0.00737	0
236	E	0.09157	0.90091	0.00753	0
237	E	0.08648	0.89998	0.01354	0
238	V	0.00968	0.02134	0.96899	0
239	Q	0.00203	0.01609	0.98188	0
240	L	0.00006	0.01079	0.98915	0
241	V	0.00000	0.01093	0.98907	0
242	V	0.00001	0.01106	0.98893	0
243	E	0.00004	0.01116	0.98880	0
244	P	0.00004	0.01116	0.98880	0
245	E	0.00004	0.01116	0.98880	0
246	G	0.00004	0.01114	0.98881	0
247	G	0.00004	0.01112	0.98884	0
248	A	0.00004	0.01107	0.98889	0
249	V	0.00004	0.01107	0.98889	0
250	A	0.00006	0.01107	0.98887	0
251	P	0.00009	0.01107	0.98884	0
252	G	0.00010	0.01108	0.98882	0
253	G	0.00014	0.01117	0.98869	0
254	T	0.00023	0.01122	0.98855	0
255	V	0.00030	0.0113	0.98840	0
256	T	0.00061	0.01155	0.98784	0
257	L	0.00159	0.01274	0.98567	0
258	T	0.01032	0.03587	0.95381	0
259	C	0.05940	0.09597	0.84463	0
260	E	0.89631	0.10284	0.00085	0
261	V	0.89633	0.103	0.00067	0
262	P	0.89662	0.10318	0.00020	0
263	A	0.89664	0.1032	0.00016	0
264	Q	0.89670	0.10321	0.00009	0
265	P	0.89670	0.1032	0.00010	0
266	S	0.89670	0.10319	0.00011	0
267	P	0.89670	0.10317	0.00012	0
268	Q	0.89669	0.10056	0.00275	0
269	I	0.00059	0.09087	0.90854	0
270	H	0.00059	0.09081	0.90860	0
271	W	0.00058	0.0908	0.90863	0
272	M	0.00058	0.09072	0.90870	0
273	K	0.00066	0.09072	0.90863	0
274	D	0.00066	0.09068	0.90865	0
275	G	0.00066	0.09061	0.90873	0
276	V	0.00064	0.04528	0.95408	0
277	P	0.00064	0.02819	0.97117	0
278	L	0.00064	0.01022	0.98914	0
279	P	0.00064	0.00106	0.99830	0
280	L	0.00064	0.00014	0.99922	0
281	P	0.00064	0.00013	0.99923	0
282	P	0.00064	0.0001	0.99926	0
283	S	0.00064	0.0001	0.99926	0
284	P	0.00062	4e-05	0.99934	0
285	V	0.00062	0	0.99938	0
286	L	0.00062	0	0.99938	0
287	I	0.00062	0	0.99938	0
288	L	0.00062	0.00143	0.99796	0
289	P	0.00086	0.12134	0.87780	0
290	E	0.00350	0.51893	0.47757	0
291	I	0.00386	0.55727	0.43887	0
292	G	0.00909	0.77271	0.21821	0
293	P	0.01282	0.86323	0.12395	0
294	Q	0.01305	0.88908	0.09786	0
295	D	0.01313	0.89614	0.09073	0
296	Q	0.01315	0.89615	0.09070	0
297	G	0.01316	0.89615	0.09069	0
298	T	0.01322	0.89615	0.09064	0
299	Y	0.01393	0.89615	0.08992	0
300	S	0.02954	0.89615	0.07431	0
301	C	0.03165	0.89615	0.07220	0
302	V	0.04291	0.89615	0.06094	0
303	A	0.08458	0.89615	0.01927	0
304	T	0.10356	0.89615	0.00028	0
305	H	0.10378	0.89615	0.00007	0
306	S	0.10381	0.89616	0.00003	0
307	S	0.10382	0.89617	0.00001	0
308	H	0.10382	0.89618	0.00000	0
309	G	0.10382	0.89618	0.00000	0
310	P	0.10382	0.89618	0.00000	0
311	Q	0.10382	0.89618	0.00000	0
312	E	0.10382	0.89618	0.00000	0
313	S	0.10334	0.89618	0.00048	0
314	R	0.00540	0.89618	0.09842	0
315	A	0.00272	0.89618	0.10110	0
316	V	0.00097	0.89618	0.10285	0
317	S	0.00000	0.89618	0.10382	0
318	I	0.00000	0.89618	0.10382	0
319	S	0.00000	0.89618	0.10382	0
320	I	0.00000	0.89618	0.10382	0
321	I	0.00000	0.89618	0.10382	0
322	E	0.00000	0.89618	0.10382	0
323	P	0.00000	0.89618	0.10382	0
324	G	0.00000	0.89618	0.10382	0
325	E	0.00000	0.89618	0.10382	0
326	E	0.00000	0.89617	0.10383	0
327	G	0.00000	0.89617	0.10383	0
328	P	0.00000	0.89615	0.10385	0
329	T	0.00000	0.89579	0.10421	0
330	A	0.00000	0.89572	0.10428	0
331	G	0.00000	0.89572	0.10428	0
332	S	0.00000	0.89572	0.10428	0
333	V	0.00000	0.89609	0.10391	0
334	G	0.00000	0.91971	0.08029	0
335	G	0.00000	0.95121	0.04879	0
336	S	0.00000	0.96423	0.03577	0
337	G	0.00000	0.97341	0.02659	0
338	L	0.00000	0.87691	0.12309	0
339	G	0.00000	0.84313	0.15687	0
340	T	0.00000	0.51175	0.48825	0
341	L	0.00000	0.00815	0.99185	0
342	A	0.00000	0.00191	0.99809	0
343	L	0.00000	0.00017	0.99983	0
344	A	0.00000	0	1.00000	0
345	L	0.00000	0	1.00000	0
346	G	0.00000	0	1.00000	0
347	I	0.00000	0	1.00000	0
348	L	0.00000	0	1.00000	0
349	G	0.00000	0	1.00000	0
350	G	0.00003	0	0.99997	0
351	L	0.00010	0	0.99990	0
352	G	0.00030	0	0.99970	0
353	T	0.00039	0	0.99961	0
354	A	0.00044	0	0.99956	0
355	A	0.00047	0	0.99953	0
356	L	0.00047	0	0.99953	0
357	L	0.00048	0	0.99952	0
358	I	0.00054	0	0.99946	0
359	G	0.00181	0	0.99819	0
360	V	0.03383	0	0.96617	0
361	I	0.40354	0	0.59646	0
362	L	0.69120	0	0.30880	0
363	W	0.90275	0	0.09725	0
364	Q	0.99794	0	0.00206	0
365	R	1.00000	0	0.00000	0
366	R	1.00000	0	0.00000	0
367	Q	1.00000	0	0.00000	0
368	R	1.00000	0	0.00000	0
369	R	1.00000	0	0.00000	0
370	G	1.00000	0	0.00000	0
371	E	1.00000	0	0.00000	0
372	E	1.00000	0	0.00000	0
373	R	1.00000	0	0.00000	0
374	K	1.00000	0	0.00000	0
375	A	1.00000	0	0.00000	0
376	P	1.00000	0	0.00000	0
377	E	1.00000	0	0.00000	0
378	N	1.00000	0	0.00000	0
379	Q	1.00000	0	0.00000	0
380	E	1.00000	0	0.00000	0
381	E	1.00000	0	0.00000	0
382	E	1.00000	0	0.00000	0
383	E	1.00000	0	0.00000	0
384	E	1.00000	0	0.00000	0
385	R	1.00000	0	0.00000	0
386	A	1.00000	0	0.00000	0
387	E	1.00000	0	0.00000	0
388	L	1.00000	0	0.00000	0
389	N	1.00000	0	0.00000	0
390	Q	1.00000	0	0.00000	0
391	S	1.00000	0	0.00000	0
392	E	1.00000	0	0.00000	0
393	E	1.00000	0	0.00000	0
394	P	1.00000	0	0.00000	0
395	E	1.00000	0	0.00000	0
396	A	1.00000	0	0.00000	0
397	G	1.00000	0	0.00000	0
398	E	1.00000	0	0.00000	0
399	S	1.00000	0	0.00000	0
400	S	1.00000	0	0.00000	0
401	T	1.00000	0	0.00000	0
402	G	1.00000	0	0.00000	0
403	G	1.00000	0	0.00000	0
404	P	1.00000	0	0.00000	0
