# UNNAMED
#pos	aa	i	o	M	S
1	M	0.00000	1	0.00000	0
2	G	0.00000	1	0.00000	0
3	N	0.00000	1	0.00000	0
4	I	0.00000	1	0.00000	0
5	T	0.00000	1	0.00000	0
6	A	0.00000	1	0.00000	0
7	D	0.00000	1	0.00000	0
8	N	0.00000	1	0.00000	0
9	S	0.00000	1	0.00000	0
10	S	0.00000	1	0.00000	0
11	M	0.00000	1	0.00000	0
12	S	0.00000	1	0.00000	0
13	C	0.00000	1	0.00000	0
14	T	0.00000	1	0.00000	0
15	I	0.00000	1	0.00000	0
16	D	0.00000	1	0.00000	0
17	H	0.00000	0.99999	0.00001	0
18	T	0.00000	0.99995	0.00005	0
19	I	0.00000	0.9999	0.00010	0
20	H	0.00000	0.99989	0.00011	0
21	Q	0.00000	0.99976	0.00024	0
22	T	0.00000	0.99848	0.00152	0
23	L	0.00000	0.99657	0.00343	0
24	A	0.00000	0.91678	0.08322	0
25	P	0.00000	0.82169	0.17831	0
26	V	0.00000	0.24216	0.75784	0
27	V	0.00000	0.03744	0.96256	0
28	Y	0.00000	0.00503	0.99497	0
29	V	0.00000	0.00044	0.99956	0
30	T	0.00000	1e-05	0.99999	0
31	V	0.00000	0	1.00000	0
32	L	0.00000	0	1.00000	0
33	V	0.00000	0	1.00000	0
34	V	0.00000	0	1.00000	0
35	G	0.00000	0	1.00000	0
36	F	0.00000	0	1.00000	0
37	P	0.00000	0	1.00000	0
38	A	0.00000	0	1.00000	0
39	N	0.00000	0	1.00000	0
40	C	0.00000	0	1.00000	0
41	L	0.00000	0	1.00000	0
42	S	0.00000	0	1.00000	0
43	L	0.00000	0	1.00000	0
44	Y	0.00001	0	0.99999	0
45	F	0.00046	0	0.99954	0
46	G	0.01231	0	0.98769	0
47	Y	0.02634	0	0.97366	0
48	L	0.23475	0	0.76525	0
49	Q	0.99835	0	0.00165	0
50	I	0.99876	0	0.00124	0
51	K	0.99995	0	0.00005	0
52	A	1.00000	0	0.00000	0
53	R	1.00000	0	0.00000	0
54	N	0.99993	0	0.00007	0
55	E	0.99879	0	0.00121	0
56	L	0.94732	0	0.05268	0
57	G	0.93252	0	0.06748	0
58	V	0.47905	0	0.52095	0
59	Y	0.02540	0	0.97460	0
60	L	0.00051	0	0.99949	0
61	C	0.00000	0	1.00000	0
62	N	0.00000	0	1.00000	0
63	L	0.00000	0	1.00000	0
64	T	0.00000	0	1.00000	0
65	V	0.00000	0	1.00000	0
66	A	0.00000	0	1.00000	0
67	D	0.00000	0	1.00000	0
68	L	0.00000	0	1.00000	0
69	F	0.00000	0	1.00000	0
70	Y	0.00000	0	1.00000	0
71	I	0.00000	0	1.00000	0
72	C	0.00000	0	1.00000	0
73	S	0.00000	0	1.00000	0
74	L	0.00000	0	1.00000	0
75	P	0.00000	0	1.00000	0
76	F	0.00000	0	1.00000	0
77	W	0.00000	1e-05	0.99999	0
78	L	0.00000	0.01665	0.98335	0
79	Q	0.00000	0.51348	0.48652	0
80	Y	0.00000	0.99941	0.00059	0
81	V	0.00000	0.9996	0.00040	0
82	L	0.00000	0.99992	0.00008	0
83	Q	0.00000	0.99998	0.00002	0
84	H	0.00000	1	0.00000	0
85	D	0.00000	1	0.00000	0
86	N	0.00000	1	0.00000	0
87	W	0.00000	1	0.00000	0
88	S	0.00000	1	0.00000	0
89	H	0.00000	1	0.00000	0
90	G	0.00000	1	0.00000	0
91	D	0.00000	0.99999	0.00001	0
92	L	0.00000	0.99957	0.00043	0
93	S	0.00000	0.99954	0.00046	0
94	C	0.00000	0.9992	0.00080	0
95	Q	0.00000	0.98462	0.01538	0
96	V	0.00000	0.91536	0.08464	0
97	C	0.00000	0.89326	0.10674	0
98	G	0.00000	1e-05	0.99999	0
99	I	0.00000	1e-05	0.99999	0
100	L	0.00000	1e-05	0.99999	0
101	L	0.00000	1e-05	0.99999	0
102	Y	0.00000	1e-05	0.99999	0
103	E	0.00000	1e-05	0.99999	0
104	N	0.00000	1e-05	0.99999	0
105	I	0.00000	0	1.00000	0
106	Y	0.00000	0	1.00000	0
107	I	0.00000	0	1.00000	0
108	S	0.00000	0	1.00000	0
109	V	0.00000	0	1.00000	0
110	G	0.00000	0	1.00000	0
111	F	0.00000	0	1.00000	0
112	L	0.00000	0	1.00000	0
113	C	0.00000	0	1.00000	0
114	C	0.00000	0	1.00000	0
115	I	0.00000	0	1.00000	0
116	S	0.00000	0	1.00000	0
117	V	0.00000	0	1.00000	0
118	D	0.00001	0	0.99999	0
119	R	0.01352	0	0.98648	0
120	Y	0.58645	0	0.41355	0
121	L	0.92623	0	0.07377	0
122	A	0.99552	0	0.00448	0
123	V	1.00000	0	0.00000	0
124	A	1.00000	0	0.00000	0
125	H	1.00000	0	0.00000	0
126	P	1.00000	0	0.00000	0
127	F	1.00000	0	0.00000	0
128	R	1.00000	0	0.00000	0
129	F	1.00000	0	0.00000	0
130	H	1.00000	0	0.00000	0
131	Q	1.00000	0	0.00000	0
132	F	1.00000	0	0.00000	0
133	R	1.00000	0	0.00000	0
134	T	0.99977	0	0.00023	0
135	L	0.98285	0	0.01715	0
136	K	0.97489	0	0.02511	0
137	A	0.46160	0	0.53840	0
138	A	0.04737	0	0.95263	0
139	V	0.00111	0	0.99889	0
140	G	0.00014	0	0.99986	0
141	V	0.00000	0	1.00000	0
142	S	0.00000	0	1.00000	0
143	V	0.00000	0	1.00000	0
144	V	0.00000	0	1.00000	0
145	I	0.00000	0	1.00000	0
146	W	0.00000	0	1.00000	0
147	A	0.00000	0	1.00000	0
148	K	0.00000	0	1.00000	0
149	E	0.00000	0	1.00000	0
150	L	0.00000	0	1.00000	0
151	L	0.00000	0	1.00000	0
152	T	0.00000	0	1.00000	0
153	S	0.00000	0	1.00000	0
154	I	0.00000	1e-05	0.99999	0
155	Y	0.00000	0.00016	0.99984	0
156	F	0.00000	0.00066	0.99934	0
157	L	0.00000	0.0069	0.99310	0
158	M	0.00000	0.07442	0.92558	0
159	H	0.00000	0.79321	0.20679	0
160	E	0.00000	0.99911	0.00089	0
161	E	0.00000	0.99998	0.00002	0
162	V	0.00000	0.99999	0.00001	0
163	I	0.00000	1	0.00000	0
164	E	0.00000	1	0.00000	0
165	D	0.00000	1	0.00000	0
166	E	0.00000	1	0.00000	0
167	N	0.00000	1	0.00000	0
168	Q	0.00000	1	0.00000	0
169	H	0.00000	1	0.00000	0
170	R	0.00000	1	0.00000	0
171	V	0.00000	1	0.00000	0
172	C	0.00000	1	0.00000	0
173	F	0.00000	1	0.00000	0
174	E	0.00000	1	0.00000	0
175	H	0.00000	1	0.00000	0
176	Y	0.00000	1	0.00000	0
177	P	0.00000	1	0.00000	0
178	I	0.00000	0.99996	0.00004	0
179	Q	0.00000	0.99996	0.00004	0
180	A	0.00000	0.99996	0.00004	0
181	W	0.00000	0.99993	0.00007	0
182	Q	0.00000	0.99992	0.00008	0
183	R	0.00000	0.99978	0.00022	0
184	A	0.00000	0.15492	0.84508	0
185	I	0.00000	0.1472	0.85280	0
186	N	0.00000	0.14611	0.85389	0
187	Y	0.00000	0.10814	0.89186	0
188	Y	0.00000	0.00727	0.99273	0
189	R	0.00000	0.00632	0.99368	0
190	F	0.00000	0.00159	0.99841	0
191	L	0.00000	0.00092	0.99908	0
192	V	0.00000	0	1.00000	0
193	G	0.00000	0	1.00000	0
194	F	0.00000	0	1.00000	0
195	L	0.00000	0	1.00000	0
196	F	0.00000	0	1.00000	0
197	P	0.00000	0	1.00000	0
198	I	0.00000	0	1.00000	0
199	C	0.00000	0	1.00000	0
200	L	0.00000	0	1.00000	0
201	L	0.00000	0	1.00000	0
202	L	0.00000	0	1.00000	0
203	A	0.00003	0	0.99997	0
204	S	0.00092	0	0.99908	0
205	Y	0.00622	0	0.99378	0
206	Q	0.26582	0	0.73418	0
207	G	0.28270	0	0.71730	0
208	I	0.29767	0	0.70233	0
209	L	0.36902	0	0.63098	0
210	R	0.92771	0	0.07229	0
211	A	0.93237	0	0.06763	0
212	V	0.94062	0	0.05938	0
213	R	0.99815	0	0.00185	0
214	R	0.99993	0	0.00007	0
215	S	1.00000	0	0.00000	0
216	H	1.00000	0	0.00000	0
217	G	1.00000	0	0.00000	0
218	T	1.00000	0	0.00000	0
219	Q	1.00000	0	0.00000	0
220	K	1.00000	0	0.00000	0
221	S	1.00000	0	0.00000	0
222	R	1.00000	0	0.00000	0
223	K	1.00000	0	0.00000	0
224	D	1.00000	0	0.00000	0
225	Q	0.98906	0	0.01094	0
226	I	0.98586	0	0.01414	0
227	Q	0.87386	0	0.12614	0
228	R	0.61226	0	0.38774	0
229	L	0.04201	0	0.95799	0
230	V	0.00057	0	0.99943	0
231	L	0.00033	0	0.99967	0
232	S	0.00029	0	0.99971	0
233	T	0.00028	0	0.99972	0
234	V	0.00005	0	0.99995	0
235	V	0.00000	0	1.00000	0
236	I	0.00000	0	1.00000	0
237	F	0.00000	0	1.00000	0
238	L	0.00000	0	1.00000	0
239	A	0.00000	0	1.00000	0
240	C	0.00000	0	1.00000	0
241	F	0.00000	0	1.00000	0
242	L	0.00000	0	1.00000	0
243	P	0.00000	0	1.00000	0
244	Y	0.00000	0	1.00000	0
245	H	0.00000	0	1.00000	0
246	V	0.00000	1e-05	0.99999	0
247	L	0.00000	0.00016	0.99984	0
248	L	0.00000	0.00341	0.99659	0
249	L	0.00000	0.13887	0.86113	0
250	V	0.00000	0.6855	0.31450	0
251	R	0.00000	0.91958	0.08042	0
252	S	0.00000	0.94152	0.05848	0
253	V	0.00000	0.95291	0.04709	0
254	W	0.00000	0.97829	0.02171	0
255	E	0.00000	0.99936	0.00064	0
256	A	0.00000	0.99987	0.00013	0
257	S	0.00000	0.9999	0.00010	0
258	C	0.00000	0.99987	0.00013	0
259	D	0.00000	0.99986	0.00014	0
260	F	0.00000	0.99918	0.00082	0
261	A	0.00000	0.9988	0.00120	0
262	K	0.00000	0.99828	0.00172	0
263	G	0.00000	0.99148	0.00852	0
264	V	0.00000	0.68415	0.31585	0
265	F	0.00000	0.55007	0.44993	0
266	N	0.00000	0.46164	0.53836	0
267	A	0.00000	0.41985	0.58015	0
268	Y	0.00000	0.36886	0.63114	0
269	H	0.00000	0.26242	0.73758	0
270	F	0.00000	0.02356	0.97644	0
271	S	0.00000	0.00169	0.99831	0
272	L	0.00000	1e-05	0.99999	0
273	L	0.00001	0	0.99999	0
274	L	0.00003	0	0.99997	0
275	T	0.00007	0	0.99993	0
276	S	0.00008	0	0.99992	0
277	F	0.00008	0	0.99992	0
278	N	0.00010	0	0.99990	0
279	C	0.00011	0	0.99989	0
280	V	0.00012	0	0.99988	0
281	A	0.00037	0	0.99963	0
282	D	0.00066	0	0.99934	0
283	P	0.00068	0	0.99932	0
284	V	0.00077	0	0.99923	0
285	L	0.00166	0	0.99834	0
286	Y	0.00353	0	0.99647	0
287	C	0.02689	0	0.97311	0
288	F	0.06214	0	0.93786	0
289	V	0.20885	0	0.79115	0
290	S	0.71376	0	0.28624	0
291	E	1.00000	0	0.00000	0
292	T	1.00000	0	0.00000	0
293	T	1.00000	0	0.00000	0
294	H	1.00000	0	0.00000	0
295	R	1.00000	0	0.00000	0
296	D	1.00000	0	0.00000	0
297	L	1.00000	0	0.00000	0
298	A	1.00000	0	0.00000	0
299	R	1.00000	0	0.00000	0
300	L	1.00000	0	0.00000	0
301	R	1.00000	0	0.00000	0
302	G	1.00000	0	0.00000	0
303	A	1.00000	0	0.00000	0
304	C	1.00000	0	0.00000	0
305	L	1.00000	0	0.00000	0
306	A	1.00000	0	0.00000	0
307	F	1.00000	0	0.00000	0
308	L	1.00000	0	0.00000	0
309	T	1.00000	0	0.00000	0
310	C	1.00000	0	0.00000	0
311	S	1.00000	0	0.00000	0
312	R	1.00000	0	0.00000	0
313	T	1.00000	0	0.00000	0
314	G	1.00000	0	0.00000	0
315	R	1.00000	0	0.00000	0
316	A	1.00000	0	0.00000	0
317	R	1.00000	0	0.00000	0
318	E	1.00000	0	0.00000	0
319	A	1.00000	0	0.00000	0
320	Y	1.00000	0	0.00000	0
321	P	1.00000	0	0.00000	0
322	L	1.00000	0	0.00000	0
323	G	1.00000	0	0.00000	0
324	A	1.00000	0	0.00000	0
325	P	1.00000	0	0.00000	0
326	E	1.00000	0	0.00000	0
327	A	1.00000	0	0.00000	0
328	S	1.00000	0	0.00000	0
329	G	1.00000	0	0.00000	0
330	K	1.00000	0	0.00000	0
331	S	1.00000	0	0.00000	0
332	G	1.00000	0	0.00000	0
333	A	1.00000	0	0.00000	0
334	Q	1.00000	0	0.00000	0
335	G	1.00000	0	0.00000	0
336	E	1.00000	0	0.00000	0
337	E	1.00000	0	0.00000	0
338	P	1.00000	0	0.00000	0
339	E	1.00000	0	0.00000	0
340	L	1.00000	0	0.00000	0
341	L	1.00000	0	0.00000	0
342	T	1.00000	0	0.00000	0
343	K	1.00000	0	0.00000	0
344	L	1.00000	0	0.00000	0
345	H	1.00000	0	0.00000	0
346	P	1.00000	0	0.00000	0
347	A	1.00000	0	0.00000	0
348	F	1.00000	0	0.00000	0
349	Q	1.00000	0	0.00000	0
350	T	1.00000	0	0.00000	0
351	P	1.00000	0	0.00000	0
352	N	1.00000	0	0.00000	0
353	S	1.00000	0	0.00000	0
354	P	1.00000	0	0.00000	0
355	G	1.00000	0	0.00000	0
356	S	1.00000	0	0.00000	0
357	G	1.00000	0	0.00000	0
358	G	1.00000	0	0.00000	0
359	F	1.00000	0	0.00000	0
360	P	1.00000	0	0.00000	0
361	T	1.00000	0	0.00000	0
362	G	1.00000	0	0.00000	0
363	R	1.00000	0	0.00000	0
364	L	1.00000	0	0.00000	0
365	A	1.00000	0	0.00000	0
