# UNNAMED
#pos	aa	i	o	M	S
1	M	0.00000	0.04026	0.00000	0.95974
2	K	0.00000	0.04026	0.00000	0.95974
3	M	0.00000	0.04026	0.00000	0.95973
4	L	0.00000	0.04026	0.00000	0.95973
5	T	0.00000	0.04026	0.00000	0.95973
6	R	0.00000	0.04026	0.00000	0.95974
7	L	0.00000	0.04026	0.00000	0.95974
8	Q	0.00000	0.04026	0.00000	0.95973
9	V	0.00000	0.04026	0.00000	0.95974
10	L	0.00000	0.04026	0.00000	0.95974
11	T	0.00000	0.04026	0.00000	0.95974
12	L	0.00000	0.04026	0.00000	0.95973
13	A	0.00000	0.04026	0.00000	0.95973
14	L	0.00000	0.04028	0.00000	0.95972
15	F	0.00000	0.04032	0.00000	0.95968
16	S	0.00000	0.04033	0.00000	0.95966
17	K	0.00000	0.05037	0.00000	0.94963
18	G	0.00000	0.05036	0.00000	0.94963
19	F	0.00000	0.36239	0.00000	0.63761
20	L	0.00000	0.3624	0.00000	0.6376
21	L	0.00000	0.6782	0.00000	0.3218
22	S	0.00000	0.67858	0.00000	0.32142
23	L	0.00000	0.80373	0.00000	0.19627
24	G	0.00000	0.82017	0.00000	0.17983
25	D	0.00000	0.99978	0.00000	0.00021
26	H	0.00000	0.99994	0.00000	7e-05
27	N	0.00000	0.99999	0.00000	0
28	F	0.00000	1	0.00000	0
29	L	0.00000	1	0.00000	0
30	R	0.00000	1	0.00000	0
31	R	0.00000	1	0.00000	0
32	E	0.00000	1	0.00000	0
33	I	0.00000	1	0.00000	0
34	K	0.00000	1	0.00000	0
35	I	0.00000	1	0.00000	0
36	E	0.00000	1	0.00000	0
37	G	0.00000	1	0.00000	0
38	D	0.00000	1	0.00000	0
39	L	0.00000	1	0.00000	0
40	V	0.00000	1	0.00000	0
41	L	0.00000	1	0.00000	0
42	G	0.00000	1	0.00000	0
43	G	0.00000	1	0.00000	0
44	L	0.00000	1	0.00000	0
45	F	0.00000	1	0.00000	0
46	P	0.00000	1	0.00000	0
47	I	0.00000	1	0.00000	0
48	N	0.00000	1	0.00000	0
49	E	0.00000	1	0.00000	0
50	K	0.00000	1	0.00000	0
51	G	0.00000	1	0.00000	0
52	T	0.00000	1	0.00000	0
53	G	0.00000	1	0.00000	0
54	T	0.00000	1	0.00000	0
55	E	0.00000	1	0.00000	0
56	E	0.00000	1	0.00000	0
57	C	0.00000	1	0.00000	0
58	G	0.00000	1	0.00000	0
59	R	0.00000	1	0.00000	0
60	I	0.00000	1	0.00000	0
61	N	0.00000	1	0.00000	0
62	E	0.00000	1	0.00000	0
63	D	0.00000	1	0.00000	0
64	R	0.00000	1	0.00000	0
65	G	0.00000	1	0.00000	0
66	I	0.00000	1	0.00000	0
67	Q	0.00000	1	0.00000	0
68	R	0.00000	1	0.00000	0
69	L	0.00000	1	0.00000	0
70	E	0.00000	1	0.00000	0
71	A	0.00000	1	0.00000	0
72	M	0.00000	1	0.00000	0
73	L	0.00000	1	0.00000	0
74	F	0.00000	1	0.00000	0
75	A	0.00000	1	0.00000	0
76	I	0.00000	1	0.00000	0
77	D	0.00000	1	0.00000	0
78	E	0.00000	1	0.00000	0
79	I	0.00000	1	0.00000	0
80	N	0.00000	1	0.00000	0
81	K	0.00000	1	0.00000	0
82	D	0.00000	1	0.00000	0
83	D	0.00000	1	0.00000	0
84	Y	0.00000	1	0.00000	0
85	L	0.00000	1	0.00000	0
86	L	0.00000	1	0.00000	0
87	P	0.00000	1	0.00000	0
88	G	0.00000	1	0.00000	0
89	V	0.00000	1	0.00000	0
90	K	0.00000	1	0.00000	0
91	L	0.00000	1	0.00000	0
92	G	0.00000	1	0.00000	0
93	V	0.00000	1	0.00000	0
94	H	0.00000	1	0.00000	0
95	I	0.00000	1	0.00000	0
96	L	0.00000	1	0.00000	0
97	D	0.00000	1	0.00000	0
98	T	0.00000	1	0.00000	0
99	C	0.00000	1	0.00000	0
100	S	0.00000	1	0.00000	0
101	R	0.00000	1	0.00000	0
102	D	0.00000	1	0.00000	0
103	T	0.00000	1	0.00000	0
104	Y	0.00000	1	0.00000	0
105	A	0.00000	1	0.00000	0
106	L	0.00000	1	0.00000	0
107	E	0.00000	1	0.00000	0
108	Q	0.00000	1	0.00000	0
109	S	0.00000	1	0.00000	0
110	L	0.00000	1	0.00000	0
111	E	0.00000	1	0.00000	0
112	F	0.00000	1	0.00000	0
113	V	0.00000	1	0.00000	0
114	R	0.00000	1	0.00000	0
115	A	0.00000	1	0.00000	0
116	S	0.00000	1	0.00000	0
117	L	0.00000	1	0.00000	0
118	T	0.00000	1	0.00000	0
119	K	0.00000	1	0.00000	0
120	V	0.00000	1	0.00000	0
121	D	0.00000	1	0.00000	0
122	E	0.00000	1	0.00000	0
123	A	0.00000	1	0.00000	0
124	E	0.00000	1	0.00000	0
125	Y	0.00000	1	0.00000	0
126	M	0.00000	1	0.00000	0
127	C	0.00000	1	0.00000	0
128	P	0.00000	1	0.00000	0
129	D	0.00000	1	0.00000	0
130	G	0.00000	1	0.00000	0
131	S	0.00000	1	0.00000	0
132	Y	0.00000	1	0.00000	0
133	A	0.00000	1	0.00000	0
134	I	0.00000	1	0.00000	0
135	Q	0.00000	1	0.00000	0
136	E	0.00000	1	0.00000	0
137	N	0.00000	1	0.00000	0
138	I	0.00000	1	0.00000	0
139	P	0.00000	1	0.00000	0
140	L	0.00000	1	0.00000	0
141	L	0.00000	1	0.00000	0
142	I	0.00000	1	0.00000	0
143	A	0.00000	1	0.00000	0
144	G	0.00000	1	0.00000	0
145	V	0.00000	1	0.00000	0
146	I	0.00000	1	0.00000	0
147	G	0.00000	1	0.00000	0
148	G	0.00000	1	0.00000	0
149	S	0.00000	1	0.00000	0
150	Y	0.00000	1	0.00000	0
151	S	0.00000	1	0.00000	0
152	S	0.00000	1	0.00000	0
153	V	0.00000	1	0.00000	0
154	S	0.00000	1	0.00000	0
155	I	0.00000	1	0.00000	0
156	Q	0.00000	1	0.00000	0
157	V	0.00000	1	0.00000	0
158	A	0.00000	1	0.00000	0
159	N	0.00000	1	0.00000	0
160	L	0.00000	1	0.00000	0
161	L	0.00000	1	0.00000	0
162	R	0.00000	1	0.00000	0
163	L	0.00000	1	0.00000	0
164	F	0.00000	1	0.00000	0
165	Q	0.00000	1	0.00000	0
166	I	0.00000	1	0.00000	0
167	P	0.00000	1	0.00000	0
168	Q	0.00000	1	0.00000	0
169	I	0.00000	1	0.00000	0
170	S	0.00000	1	0.00000	0
171	Y	0.00000	1	0.00000	0
172	A	0.00000	1	0.00000	0
173	S	0.00000	1	0.00000	0
174	T	0.00000	1	0.00000	0
175	S	0.00000	1	0.00000	0
176	A	0.00000	1	0.00000	0
177	K	0.00000	1	0.00000	0
178	L	0.00000	1	0.00000	0
179	S	0.00000	1	0.00000	0
180	D	0.00000	1	0.00000	0
181	K	0.00000	1	0.00000	0
182	S	0.00000	1	0.00000	0
183	R	0.00000	1	0.00000	0
184	Y	0.00000	1	0.00000	0
185	D	0.00000	1	0.00000	0
186	Y	0.00000	1	0.00000	0
187	F	0.00000	1	0.00000	0
188	A	0.00000	1	0.00000	0
189	R	0.00000	1	0.00000	0
190	T	0.00000	1	0.00000	0
191	V	0.00000	1	0.00000	0
192	P	0.00000	1	0.00000	0
193	P	0.00000	1	0.00000	0
194	D	0.00000	1	0.00000	0
195	F	0.00000	1	0.00000	0
196	Y	0.00000	1	0.00000	0
197	Q	0.00000	1	0.00000	0
198	A	0.00000	1	0.00000	0
199	K	0.00000	1	0.00000	0
200	A	0.00000	1	0.00000	0
201	M	0.00000	1	0.00000	0
202	A	0.00000	1	0.00000	0
203	E	0.00000	1	0.00000	0
204	I	0.00000	1	0.00000	0
205	L	0.00000	1	0.00000	0
206	R	0.00000	1	0.00000	0
207	F	0.00000	1	0.00000	0
208	F	0.00000	1	0.00000	0
209	N	0.00000	1	0.00000	0
210	W	0.00000	1	0.00000	0
211	T	0.00000	1	0.00000	0
212	Y	0.00000	1	0.00000	0
213	V	0.00000	1	0.00000	0
214	S	0.00000	1	0.00000	0
215	T	0.00000	1	0.00000	0
216	V	0.00000	1	0.00000	0
217	A	0.00000	1	0.00000	0
218	S	0.00000	1	0.00000	0
219	E	0.00000	1	0.00000	0
220	G	0.00000	1	0.00000	0
221	D	0.00000	1	0.00000	0
222	Y	0.00000	1	0.00000	0
223	G	0.00000	1	0.00000	0
224	E	0.00000	1	0.00000	0
225	T	0.00000	1	0.00000	0
226	G	0.00000	1	0.00000	0
227	I	0.00000	1	0.00000	0
228	E	0.00000	1	0.00000	0
229	A	0.00000	1	0.00000	0
230	F	0.00000	1	0.00000	0
231	E	0.00000	1	0.00000	0
232	Q	0.00000	1	0.00000	0
233	E	0.00000	1	0.00000	0
234	A	0.00000	1	0.00000	0
235	R	0.00000	1	0.00000	0
236	L	0.00000	1	0.00000	0
237	R	0.00000	1	0.00000	0
238	N	0.00000	1	0.00000	0
239	I	0.00000	1	0.00000	0
240	C	0.00000	1	0.00000	0
241	I	0.00000	1	0.00000	0
242	A	0.00000	1	0.00000	0
243	T	0.00000	1	0.00000	0
244	A	0.00000	1	0.00000	0
245	E	0.00000	1	0.00000	0
246	K	0.00000	1	0.00000	0
247	V	0.00000	1	0.00000	0
248	G	0.00000	1	0.00000	0
249	R	0.00000	1	0.00000	0
250	S	0.00000	1	0.00000	0
251	N	0.00000	1	0.00000	0
252	I	0.00000	1	0.00000	0
253	R	0.00000	1	0.00000	0
254	K	0.00000	1	0.00000	0
255	S	0.00000	1	0.00000	0
256	Y	0.00000	1	0.00000	0
257	D	0.00000	1	0.00000	0
258	S	0.00000	1	0.00000	0
259	V	0.00000	1	0.00000	0
260	I	0.00000	1	0.00000	0
261	R	0.00000	1	0.00000	0
262	E	0.00000	1	0.00000	0
263	L	0.00000	1	0.00000	0
264	L	0.00000	1	0.00000	0
265	Q	0.00000	1	0.00000	0
266	K	0.00000	1	0.00000	0
267	P	0.00000	1	0.00000	0
268	N	0.00000	1	0.00000	0
269	A	0.00000	1	0.00000	0
270	R	0.00000	1	0.00000	0
271	V	0.00000	1	0.00000	0
272	V	0.00000	1	0.00000	0
273	V	0.00000	1	0.00000	0
274	L	0.00000	1	0.00000	0
275	F	0.00000	1	0.00000	0
276	M	0.00000	1	0.00000	0
277	R	0.00000	1	0.00000	0
278	S	0.00000	1	0.00000	0
279	D	0.00000	1	0.00000	0
280	D	0.00000	1	0.00000	0
281	S	0.00000	1	0.00000	0
282	R	0.00000	1	0.00000	0
283	E	0.00000	1	0.00000	0
284	L	0.00000	1	0.00000	0
285	I	0.00000	1	0.00000	0
286	A	0.00000	1	0.00000	0
287	A	0.00000	1	0.00000	0
288	A	0.00000	1	0.00000	0
289	S	0.00000	1	0.00000	0
290	R	0.00000	1	0.00000	0
291	A	0.00000	1	0.00000	0
292	N	0.00000	1	0.00000	0
293	A	0.00000	1	0.00000	0
294	S	0.00000	1	0.00000	0
295	F	0.00000	1	0.00000	0
296	T	0.00000	1	0.00000	0
297	W	0.00000	1	0.00000	0
298	V	0.00000	1	0.00000	0
299	A	0.00000	1	0.00000	0
300	S	0.00000	1	0.00000	0
301	D	0.00000	1	0.00000	0
302	G	0.00000	1	0.00000	0
303	W	0.00000	1	0.00000	0
304	G	0.00000	1	0.00000	0
305	A	0.00000	1	0.00000	0
306	Q	0.00000	1	0.00000	0
307	E	0.00000	1	0.00000	0
308	S	0.00000	1	0.00000	0
309	I	0.00000	1	0.00000	0
310	I	0.00000	1	0.00000	0
311	K	0.00000	1	0.00000	0
312	G	0.00000	1	0.00000	0
313	S	0.00000	1	0.00000	0
314	E	0.00000	1	0.00000	0
315	H	0.00000	1	0.00000	0
316	V	0.00000	1	0.00000	0
317	A	0.00000	1	0.00000	0
318	Y	0.00000	1	0.00000	0
319	G	0.00000	1	0.00000	0
320	A	0.00000	1	0.00000	0
321	I	0.00000	1	0.00000	0
322	T	0.00000	1	0.00000	0
323	L	0.00000	1	0.00000	0
324	E	0.00000	1	0.00000	0
325	L	0.00000	1	0.00000	0
326	A	0.00000	1	0.00000	0
327	S	0.00000	1	0.00000	0
328	Q	0.00000	1	0.00000	0
329	P	0.00000	1	0.00000	0
330	V	0.00000	1	0.00000	0
331	R	0.00000	1	0.00000	0
332	Q	0.00000	1	0.00000	0
333	F	0.00000	1	0.00000	0
334	D	0.00000	1	0.00000	0
335	R	0.00000	1	0.00000	0
336	Y	0.00000	1	0.00000	0
337	F	0.00000	1	0.00000	0
338	Q	0.00000	1	0.00000	0
339	S	0.00000	1	0.00000	0
340	L	0.00000	1	0.00000	0
341	N	0.00000	1	0.00000	0
342	P	0.00000	1	0.00000	0
343	Y	0.00000	1	0.00000	0
344	N	0.00000	1	0.00000	0
345	N	0.00000	1	0.00000	0
346	H	0.00000	1	0.00000	0
347	R	0.00000	1	0.00000	0
348	N	0.00000	1	0.00000	0
349	P	0.00000	1	0.00000	0
350	W	0.00000	1	0.00000	0
351	F	0.00000	1	0.00000	0
352	R	0.00000	1	0.00000	0
353	D	0.00000	1	0.00000	0
354	F	0.00000	1	0.00000	0
355	W	0.00000	1	0.00000	0
356	E	0.00000	1	0.00000	0
357	Q	0.00000	1	0.00000	0
358	K	0.00000	1	0.00000	0
359	F	0.00000	1	0.00000	0
360	Q	0.00000	1	0.00000	0
361	C	0.00000	1	0.00000	0
362	S	0.00000	1	0.00000	0
363	L	0.00000	1	0.00000	0
364	Q	0.00000	1	0.00000	0
365	N	0.00000	1	0.00000	0
366	K	0.00000	1	0.00000	0
367	R	0.00000	1	0.00000	0
368	N	0.00000	1	0.00000	0
369	H	0.00000	1	0.00000	0
370	R	0.00000	1	0.00000	0
371	R	0.00000	1	0.00000	0
372	V	0.00000	1	0.00000	0
373	C	0.00000	1	0.00000	0
374	D	0.00000	1	0.00000	0
375	K	0.00000	1	0.00000	0
376	H	0.00000	1	0.00000	0
377	L	0.00000	1	0.00000	0
378	A	0.00000	1	0.00000	0
379	I	0.00000	1	0.00000	0
380	D	0.00000	1	0.00000	0
381	S	0.00000	1	0.00000	0
382	S	0.00000	1	0.00000	0
383	N	0.00000	1	0.00000	0
384	Y	0.00000	1	0.00000	0
385	E	0.00000	1	0.00000	0
386	Q	0.00000	1	0.00000	0
387	E	0.00000	1	0.00000	0
388	S	0.00000	1	0.00000	0
389	K	0.00000	1	0.00000	0
390	I	0.00000	1	0.00000	0
391	M	0.00000	1	0.00000	0
392	F	0.00000	1	0.00000	0
393	V	0.00000	1	0.00000	0
394	V	0.00000	1	0.00000	0
395	N	0.00000	1	0.00000	0
396	A	0.00000	1	0.00000	0
397	V	0.00000	1	0.00000	0
398	Y	0.00000	1	0.00000	0
399	A	0.00000	1	0.00000	0
400	M	0.00000	1	0.00000	0
401	A	0.00000	1	0.00000	0
402	H	0.00000	1	0.00000	0
403	A	0.00000	1	0.00000	0
404	L	0.00000	1	0.00000	0
405	H	0.00000	1	0.00000	0
406	K	0.00000	1	0.00000	0
407	M	0.00000	1	0.00000	0
408	Q	0.00000	1	0.00000	0
409	R	0.00000	1	0.00000	0
410	T	0.00000	1	0.00000	0
411	L	0.00000	1	0.00000	0
412	C	0.00000	1	0.00000	0
413	P	0.00000	1	0.00000	0
414	N	0.00000	1	0.00000	0
415	T	0.00000	1	0.00000	0
416	T	0.00000	1	0.00000	0
417	K	0.00000	1	0.00000	0
418	L	0.00000	1	0.00000	0
419	C	0.00000	1	0.00000	0
420	D	0.00000	1	0.00000	0
421	A	0.00000	1	0.00000	0
422	M	0.00000	1	0.00000	0
423	K	0.00000	1	0.00000	0
424	I	0.00000	1	0.00000	0
425	L	0.00000	1	0.00000	0
426	D	0.00000	1	0.00000	0
427	G	0.00000	1	0.00000	0
428	K	0.00000	1	0.00000	0
429	K	0.00000	1	0.00000	0
430	L	0.00000	1	0.00000	0
431	Y	0.00000	1	0.00000	0
432	K	0.00000	1	0.00000	0
433	D	0.00000	1	0.00000	0
434	Y	0.00000	1	0.00000	0
435	L	0.00000	1	0.00000	0
436	L	0.00000	1	0.00000	0
437	K	0.00000	1	0.00000	0
438	I	0.00000	1	0.00000	0
439	N	0.00000	1	0.00000	0
440	F	0.00000	1	0.00000	0
441	T	0.00000	1	0.00000	0
442	A	0.00000	1	0.00000	0
443	P	0.00000	1	0.00000	0
444	F	0.00000	1	0.00000	0
445	N	0.00000	1	0.00000	0
446	P	0.00000	1	0.00000	0
447	N	0.00000	1	0.00000	0
448	K	0.00000	1	0.00000	0
449	D	0.00000	1	0.00000	0
450	A	0.00000	1	0.00000	0
451	D	0.00000	1	0.00000	0
452	S	0.00000	1	0.00000	0
453	I	0.00000	1	0.00000	0
454	V	0.00000	1	0.00000	0
455	K	0.00000	1	0.00000	0
456	F	0.00000	1	0.00000	0
457	D	0.00000	1	0.00000	0
458	T	0.00000	1	0.00000	0
459	F	0.00000	1	0.00000	0
460	G	0.00000	1	0.00000	0
461	D	0.00000	1	0.00000	0
462	G	0.00000	1	0.00000	0
463	M	0.00000	1	0.00000	0
464	G	0.00000	1	0.00000	0
465	R	0.00000	1	0.00000	0
466	Y	0.00000	1	0.00000	0
467	N	0.00000	1	0.00000	0
468	V	0.00000	1	0.00000	0
469	F	0.00000	1	0.00000	0
470	N	0.00000	1	0.00000	0
471	F	0.00000	1	0.00000	0
472	Q	0.00000	1	0.00000	0
473	N	0.00000	1	0.00000	0
474	V	0.00000	1	0.00000	0
475	G	0.00000	1	0.00000	0
476	G	0.00000	1	0.00000	0
477	K	0.00000	1	0.00000	0
478	Y	0.00000	1	0.00000	0
479	S	0.00000	1	0.00000	0
480	Y	0.00000	1	0.00000	0
481	L	0.00000	1	0.00000	0
482	K	0.00000	1	0.00000	0
483	V	0.00000	1	0.00000	0
484	G	0.00000	1	0.00000	0
485	H	0.00000	1	0.00000	0
486	W	0.00000	1	0.00000	0
487	A	0.00000	1	0.00000	0
488	E	0.00000	1	0.00000	0
489	T	0.00000	1	0.00000	0
490	L	0.00000	1	0.00000	0
491	S	0.00000	1	0.00000	0
492	L	0.00000	1	0.00000	0
493	D	0.00000	1	0.00000	0
494	V	0.00000	1	0.00000	0
495	N	0.00000	1	0.00000	0
496	S	0.00000	1	0.00000	0
497	I	0.00000	1	0.00000	0
498	H	0.00000	1	0.00000	0
499	W	0.00000	1	0.00000	0
500	S	0.00000	1	0.00000	0
501	R	0.00000	1	0.00000	0
502	N	0.00000	1	0.00000	0
503	S	0.00000	1	0.00000	0
504	V	0.00000	1	0.00000	0
505	P	0.00000	1	0.00000	0
506	T	0.00000	1	0.00000	0
507	S	0.00000	1	0.00000	0
508	Q	0.00000	1	0.00000	0
509	C	0.00000	1	0.00000	0
510	S	0.00000	1	0.00000	0
511	D	0.00000	1	0.00000	0
512	P	0.00000	1	0.00000	0
513	C	0.00000	1	0.00000	0
514	A	0.00000	1	0.00000	0
515	P	0.00000	1	0.00000	0
516	N	0.00000	1	0.00000	0
517	E	0.00000	1	0.00000	0
518	M	0.00000	1	0.00000	0
519	K	0.00000	1	0.00000	0
520	N	0.00000	1	0.00000	0
521	M	0.00000	1	0.00000	0
522	Q	0.00000	1	0.00000	0
523	P	0.00000	1	0.00000	0
524	G	0.00000	1	0.00000	0
525	D	0.00000	1	0.00000	0
526	V	0.00000	1	0.00000	0
527	C	0.00000	1	0.00000	0
528	C	0.00000	1	0.00000	0
529	W	0.00000	1	0.00000	0
530	I	0.00000	1	0.00000	0
531	C	0.00000	1	0.00000	0
532	I	0.00000	1	0.00000	0
533	P	0.00000	1	0.00000	0
534	C	0.00000	1	0.00000	0
535	E	0.00000	1	0.00000	0
536	P	0.00000	1	0.00000	0
537	Y	0.00000	1	0.00000	0
538	E	0.00000	1	0.00000	0
539	Y	0.00000	1	0.00000	0
540	L	0.00000	1	0.00000	0
541	A	0.00000	1	0.00000	0
542	D	0.00000	1	0.00000	0
543	E	0.00000	1	0.00000	0
544	F	0.00000	1	0.00000	0
545	T	0.00000	1	0.00000	0
546	C	0.00000	1	0.00000	0
547	M	0.00000	1	0.00000	0
548	D	0.00000	1	0.00000	0
549	C	0.00000	1	0.00000	0
550	G	0.00000	1	0.00000	0
551	S	0.00000	1	0.00000	0
552	G	0.00000	1	0.00000	0
553	Q	0.00000	1	0.00000	0
554	W	0.00000	1	0.00000	0
555	P	0.00000	1	0.00000	0
556	T	0.00000	1	0.00000	0
557	A	0.00000	1	0.00000	0
558	D	0.00000	1	0.00000	0
559	L	0.00000	1	0.00000	0
560	T	0.00000	1	0.00000	0
561	G	0.00000	1	0.00000	0
562	C	0.00000	1	0.00000	0
563	Y	0.00000	1	0.00000	0
564	D	0.00000	1	0.00000	0
565	L	0.00000	1	0.00000	0
566	P	0.00000	1	0.00000	0
567	E	0.00000	1	0.00000	0
568	D	0.00000	1	0.00000	0
569	Y	0.00000	1	0.00000	0
570	I	0.00000	1	0.00000	0
571	R	0.00000	1	0.00000	0
572	W	0.00000	1	0.00000	0
573	E	0.00000	1	0.00000	0
574	D	0.00000	1	0.00000	0
575	A	0.00000	0.87915	0.12085	0
576	W	0.00000	0.37306	0.62694	0
577	A	0.00000	0.24443	0.75557	0
578	I	0.00000	0.07358	0.92642	0
579	G	0.00000	0.03661	0.96339	0
580	P	0.00000	0.00534	0.99466	0
581	V	0.00000	0.0004	0.99960	0
582	T	0.00000	3e-05	0.99997	0
583	I	0.00000	0	1.00000	0
584	A	0.00000	0	1.00000	0
585	C	0.00000	0	1.00000	0
586	L	0.00000	0	1.00000	0
587	G	0.00000	0	1.00000	0
588	F	0.00000	0	1.00000	0
589	M	0.00000	0	1.00000	0
590	C	0.00000	0	1.00000	0
591	T	0.00000	0	1.00000	0
592	C	0.00000	0	1.00000	0
593	M	0.00000	0	1.00000	0
594	V	0.00000	0	1.00000	0
595	V	0.00000	0	1.00000	0
596	T	0.00002	0	0.99998	0
597	V	0.00013	0	0.99987	0
598	F	0.00233	0	0.99767	0
599	I	0.03900	0	0.96100	0
600	K	0.85658	0	0.14342	0
601	H	0.90300	0	0.09700	0
602	N	0.99141	0	0.00859	0
603	N	0.99953	0	0.00047	0
604	T	0.99996	0	0.00004	0
605	P	1.00000	0	0.00000	0
606	L	1.00000	0	0.00000	0
607	V	1.00000	0	0.00000	0
608	K	1.00000	0	0.00000	0
609	A	1.00000	0	0.00000	0
610	S	0.99999	0	0.00001	0
611	G	0.99994	0	0.00006	0
612	R	0.99907	0	0.00093	0
613	E	0.83927	0	0.16073	0
614	L	0.05848	0	0.94152	0
615	C	0.00651	0	0.99349	0
616	Y	0.00013	0	0.99987	0
617	I	0.00000	0	1.00000	0
618	L	0.00000	0	1.00000	0
619	L	0.00000	0	1.00000	0
620	F	0.00000	0	1.00000	0
621	G	0.00000	0	1.00000	0
622	V	0.00000	0	1.00000	0
623	G	0.00000	0	1.00000	0
624	L	0.00000	0	1.00000	0
625	S	0.00000	0	1.00000	0
626	Y	0.00000	0	1.00000	0
627	C	0.00000	0	1.00000	0
628	M	0.00000	0	1.00000	0
629	T	0.00000	0	1.00000	0
630	F	0.00000	0	1.00000	0
631	F	0.00000	0	1.00000	0
632	F	0.00000	1e-05	0.99999	0
633	I	0.00000	0.03662	0.96338	0
634	A	0.00000	0.25236	0.74764	0
635	K	0.00000	0.77832	0.22168	0
636	P	0.00000	0.88094	0.11906	0
637	S	0.00000	0.97792	0.02208	0
638	P	0.00000	0.98634	0.01366	0
639	V	0.00000	0.99074	0.00926	0
640	I	0.00000	0.99955	0.00045	0
641	C	0.00000	1	0.00000	0
642	A	0.00000	1	0.00000	0
643	L	0.00000	0.99903	0.00097	0
644	R	0.00000	0.99287	0.00713	0
645	R	0.00000	0.91755	0.08245	0
646	L	0.00000	0.82274	0.17726	0
647	G	0.00000	0.7974	0.20260	0
648	L	0.00000	0.6228	0.37720	0
649	G	0.00000	0.56705	0.43295	0
650	S	0.00000	0.35145	0.64855	0
651	S	0.00000	0.31023	0.68977	0
652	F	0.00000	0.00341	0.99659	0
653	A	0.00000	0.00011	0.99989	0
654	I	0.00000	0	1.00000	0
655	C	0.00000	0	1.00000	0
656	Y	0.00000	0	1.00000	0
657	S	0.00000	0	1.00000	0
658	A	0.00000	0	1.00000	0
659	L	0.00000	0	1.00000	0
660	L	0.00000	0	1.00000	0
661	T	0.00000	0	1.00000	0
662	K	0.00000	0	1.00000	0
663	T	0.00000	0	1.00000	0
664	N	0.00001	0	0.99999	0
665	C	0.00033	0	0.99967	0
666	I	0.00159	0	0.99841	0
667	A	0.00281	0	0.99719	0
668	R	0.00288	0	0.99712	0
669	I	0.00469	0	0.99531	0
670	F	0.00707	0	0.99293	0
671	D	0.06256	0	0.93744	0
672	G	0.35912	0	0.64088	0
673	V	0.99993	0	0.00007	0
674	K	0.99999	0	0.00001	0
675	N	1.00000	0	0.00000	0
676	G	1.00000	0	0.00000	0
677	A	1.00000	0	0.00000	0
678	Q	1.00000	0	0.00000	0
679	R	1.00000	0	0.00000	0
680	P	1.00000	0	0.00000	0
681	K	1.00000	0	0.00000	0
682	F	0.99992	0	0.00008	0
683	I	0.99991	0	0.00009	0
684	S	0.99991	0	0.00009	0
685	P	0.99991	0	0.00009	0
686	S	0.99985	0	0.00015	0
687	S	0.99929	0	0.00071	0
688	Q	0.98612	0	0.01388	0
689	V	0.04037	0	0.95963	0
690	F	0.00250	0	0.99750	0
691	I	0.00009	0	0.99991	0
692	C	0.00000	0	1.00000	0
693	L	0.00000	0	1.00000	0
694	G	0.00000	0	1.00000	0
695	L	0.00000	0	1.00000	0
696	I	0.00000	0	1.00000	0
697	L	0.00000	0	1.00000	0
698	V	0.00000	0	1.00000	0
699	Q	0.00000	0	1.00000	0
700	I	0.00000	0	1.00000	0
701	V	0.00000	0	1.00000	0
702	M	0.00000	0	1.00000	0
703	V	0.00000	2e-05	0.99998	0
704	S	0.00000	7e-05	0.99993	0
705	V	0.00000	8e-05	0.99992	0
706	W	0.00000	8e-05	0.99992	0
707	L	0.00000	0.0001	0.99990	0
708	I	0.00000	0.00136	0.99864	0
709	L	0.00000	0.05489	0.94511	0
710	E	0.00000	0.92148	0.07852	0
711	A	0.00000	0.9536	0.04640	0
712	P	0.00000	0.99557	0.00443	0
713	G	0.00000	0.99965	0.00035	0
714	T	0.00000	0.99997	0.00003	0
715	R	0.00000	1	0.00000	0
716	R	0.00000	1	0.00000	0
717	Y	0.00000	1	0.00000	0
718	T	0.00000	1	0.00000	0
719	L	0.00000	1	0.00000	0
720	A	0.00000	1	0.00000	0
721	E	0.00000	1	0.00000	0
722	K	0.00000	1	0.00000	0
723	R	0.00000	1	0.00000	0
724	E	0.00000	1	0.00000	0
725	T	0.00000	1	0.00000	0
726	V	0.00000	1	0.00000	0
727	I	0.00000	1	0.00000	0
728	L	0.00000	1	0.00000	0
729	K	0.00000	0.99999	0.00001	0
730	C	0.00000	0.99999	0.00001	0
731	N	0.00000	0.99996	0.00004	0
732	V	0.00000	0.99981	0.00019	0
733	K	0.00000	0.99981	0.00019	0
734	D	0.00000	0.99945	0.00055	0
735	S	0.00000	0.02151	0.97849	0
736	S	0.00000	0.01381	0.98619	0
737	M	0.00000	0.00172	0.99828	0
738	L	0.00000	0.00132	0.99868	0
739	I	0.00000	0	1.00000	0
740	S	0.00000	0	1.00000	0
741	L	0.00000	0	1.00000	0
742	T	0.00000	0	1.00000	0
743	Y	0.00000	0	1.00000	0
744	D	0.00000	0	1.00000	0
745	V	0.00000	0	1.00000	0
746	I	0.00000	0	1.00000	0
747	L	0.00000	0	1.00000	0
748	V	0.00000	0	1.00000	0
749	I	0.00000	0	1.00000	0
750	L	0.00000	0	1.00000	0
751	C	0.00000	0	1.00000	0
752	T	0.00000	0	1.00000	0
753	V	0.00000	0	1.00000	0
754	Y	0.00001	0	0.99999	0
755	A	0.00069	0	0.99931	0
756	F	0.01407	0	0.98593	0
757	K	0.80352	0	0.19648	0
758	T	0.94938	0	0.05062	0
759	R	0.99932	0	0.00068	0
760	K	0.99989	0	0.00011	0
761	C	0.99992	0	0.00008	0
762	P	1.00000	0	0.00000	0
763	E	1.00000	0	0.00000	0
764	N	1.00000	0	0.00000	0
765	F	1.00000	0	0.00000	0
766	N	1.00000	0	0.00000	0
767	E	1.00000	0	0.00000	0
768	A	0.99081	0	0.00919	0
769	K	0.90109	0	0.09891	0
770	F	0.48347	0	0.51653	0
771	I	0.01711	0	0.98289	0
772	G	0.01051	0	0.98949	0
773	F	0.00105	0	0.99895	0
774	T	0.00000	0	1.00000	0
775	M	0.00000	0	1.00000	0
776	Y	0.00000	0	1.00000	0
777	T	0.00000	0	1.00000	0
778	T	0.00000	0	1.00000	0
779	C	0.00000	0	1.00000	0
780	I	0.00000	0	1.00000	0
781	I	0.00000	0	1.00000	0
782	W	0.00000	0	1.00000	0
783	L	0.00000	0	1.00000	0
784	A	0.00000	0	1.00000	0
785	F	0.00000	0	1.00000	0
786	L	0.00000	0	1.00000	0
787	P	0.00000	0	1.00000	0
788	I	0.00000	2e-05	0.99998	0
789	F	0.00000	0.00047	0.99953	0
790	Y	0.00000	0.00936	0.99064	0
791	V	0.00000	0.04489	0.95511	0
792	T	0.00000	0.25795	0.74205	0
793	S	0.00000	0.66705	0.33295	0
794	S	0.00000	0.91419	0.08581	0
795	D	0.00000	0.99928	0.00072	0
796	Y	0.00000	0.96327	0.03673	0
797	R	0.00000	0.86683	0.13317	0
798	V	0.00000	0.47681	0.52319	0
799	Q	0.00000	0.20609	0.79391	0
800	T	0.00000	0.08064	0.91936	0
801	T	0.00000	0.00774	0.99226	0
802	T	0.00000	0.00443	0.99557	0
803	M	0.00000	0.0012	0.99880	0
804	C	0.00000	0.00111	0.99889	0
805	I	0.00000	0.00018	0.99982	0
806	S	0.00000	0.00012	0.99988	0
807	V	0.00000	7e-05	0.99993	0
808	S	0.00000	7e-05	0.99993	0
809	L	0.00000	1e-05	0.99999	0
810	S	0.00000	1e-05	0.99999	0
811	G	0.00000	0	1.00000	0
812	F	0.00000	0	1.00000	0
813	V	0.00000	0	1.00000	0
814	V	0.00001	0	0.99999	0
815	L	0.00018	0	0.99982	0
816	G	0.00246	0	0.99754	0
817	C	0.01691	0	0.98309	0
818	L	0.09526	0	0.90474	0
819	F	0.23688	0	0.76312	0
820	A	0.67701	0	0.32299	0
821	P	0.87206	0	0.12794	0
822	K	0.99589	0	0.00411	0
823	V	0.99589	0	0.00411	0
824	H	0.99589	0	0.00411	0
825	I	0.99589	0	0.00411	0
826	I	0.99589	0	0.00411	0
827	L	0.99589	0	0.00411	0
828	F	0.99750	0	0.00250	0
829	Q	0.99986	0	0.00014	0
830	P	0.99998	0	0.00002	0
831	Q	1.00000	0	0.00000	0
832	K	1.00000	0	0.00000	0
833	N	1.00000	0	0.00000	0
834	V	1.00000	0	0.00000	0
835	V	1.00000	0	0.00000	0
836	T	1.00000	0	0.00000	0
837	H	1.00000	0	0.00000	0
838	R	1.00000	0	0.00000	0
839	L	1.00000	0	0.00000	0
840	H	1.00000	0	0.00000	0
841	L	1.00000	0	0.00000	0
842	N	1.00000	0	0.00000	0
843	R	1.00000	0	0.00000	0
844	F	1.00000	0	0.00000	0
845	S	1.00000	0	0.00000	0
846	V	1.00000	0	0.00000	0
847	S	1.00000	0	0.00000	0
848	G	1.00000	0	0.00000	0
849	T	1.00000	0	0.00000	0
850	G	1.00000	0	0.00000	0
851	T	1.00000	0	0.00000	0
852	T	1.00000	0	0.00000	0
853	Y	1.00000	0	0.00000	0
854	S	1.00000	0	0.00000	0
855	Q	1.00000	0	0.00000	0
856	S	1.00000	0	0.00000	0
857	S	1.00000	0	0.00000	0
858	A	1.00000	0	0.00000	0
859	S	1.00000	0	0.00000	0
860	T	1.00000	0	0.00000	0
861	Y	1.00000	0	0.00000	0
862	V	1.00000	0	0.00000	0
863	P	1.00000	0	0.00000	0
864	T	1.00000	0	0.00000	0
865	V	1.00000	0	0.00000	0
866	C	1.00000	0	0.00000	0
867	N	1.00000	0	0.00000	0
868	G	1.00000	0	0.00000	0
869	R	1.00000	0	0.00000	0
870	E	1.00000	0	0.00000	0
871	V	1.00000	0	0.00000	0
872	L	1.00000	0	0.00000	0
873	D	1.00000	0	0.00000	0
874	S	1.00000	0	0.00000	0
875	T	1.00000	0	0.00000	0
876	T	1.00000	0	0.00000	0
877	S	1.00000	0	0.00000	0
878	S	1.00000	0	0.00000	0
879	L	1.00000	0	0.00000	0
