# UNNAMED
#pos	aa	i	o	M	S
1	M	0.00000	0.25849	0.00000	0.74151
2	C	0.00000	0.25849	0.00000	0.7415
3	G	0.00000	0.25849	0.00000	0.7415
4	S	0.00000	0.25849	0.00000	0.74151
5	A	0.00000	0.25849	0.00000	0.7415
6	L	0.00000	0.25849	0.00000	0.74151
7	A	0.00000	0.25849	0.00000	0.7415
8	F	0.00000	0.25849	0.00000	0.74151
9	F	0.00000	0.25849	0.00000	0.7415
10	T	0.00000	0.25849	0.00000	0.74151
11	A	0.00000	0.25849	0.00000	0.74151
12	A	0.00000	0.25849	0.00000	0.74151
13	F	0.00000	0.25936	0.00000	0.74063
14	V	0.00000	0.2594	0.00000	0.7406
15	C	0.00000	0.25949	0.00000	0.74051
16	L	0.00000	0.25949	0.00000	0.7405
17	Q	0.00000	0.57744	0.00000	0.42255
18	N	0.00000	0.69692	0.00000	0.30308
19	D	0.00000	0.69693	0.00000	0.30308
20	R	0.00000	0.69692	0.00000	0.30308
21	R	0.00000	0.69742	0.00000	0.30257
22	G	0.00000	0.69743	0.00000	0.30257
23	P	0.00000	0.69743	0.00000	0.30257
24	A	0.00000	0.69743	0.00000	0.30257
25	S	0.00000	0.9769	0.00000	0.0231
26	F	0.00000	0.97693	0.00000	0.02308
27	L	0.00000	0.97707	0.00000	0.02293
28	W	0.00000	0.98741	0.00000	0.01259
29	A	0.00000	0.98741	0.00000	0.01259
30	A	0.00000	0.98741	0.00000	0.01259
31	W	0.00000	0.98741	0.00000	0.01259
32	V	0.00000	0.98741	0.00000	0.01259
33	F	0.00000	0.98741	0.00000	0.01258
34	S	0.00000	0.98741	0.00000	0.01259
35	L	0.00000	0.98741	0.00000	0.01259
36	V	0.00000	0.98741	0.00000	0.01258
37	L	0.00000	0.98741	0.00000	0.01258
38	G	0.00000	0.98741	0.00000	0.01259
39	L	0.00000	0.98865	0.00000	0.01134
40	G	0.00000	0.98866	0.00000	0.01133
41	Q	0.00000	0.99083	0.00000	0.00916
42	G	0.00000	0.99104	0.00000	0.00896
43	E	0.00000	0.99898	0.00000	0.00102
44	D	0.00000	0.99898	0.00000	0.00102
45	N	0.00000	0.99898	0.00000	0.00102
46	R	0.00000	0.99898	0.00000	0.00102
47	C	0.00000	0.99898	0.00000	0.00102
48	A	0.00000	0.99989	0.00000	0.00011
49	S	0.00000	0.99989	0.00000	0.00011
50	S	0.00000	1	0.00000	0
51	N	0.00000	1	0.00000	0
52	A	0.00000	1	0.00000	0
53	A	0.00000	1	0.00000	0
54	S	0.00000	1	0.00000	0
55	C	0.00000	1	0.00000	0
56	A	0.00000	1	0.00000	0
57	R	0.00000	1	0.00000	0
58	C	0.00000	1	0.00000	0
59	L	0.00000	1	0.00000	0
60	A	0.00000	1	0.00000	0
61	L	0.00000	1	0.00000	0
62	G	0.00000	1	0.00000	0
63	P	0.00000	1	0.00000	0
64	E	0.00000	1	0.00000	0
65	C	0.00000	1	0.00000	0
66	G	0.00000	1	0.00000	0
67	W	0.00000	1	0.00000	0
68	C	0.00000	1	0.00000	0
69	V	0.00000	1	0.00000	0
70	Q	0.00000	1	0.00000	0
71	E	0.00000	1	0.00000	0
72	D	0.00000	1	0.00000	0
73	F	0.00000	1	0.00000	0
74	I	0.00000	1	0.00000	0
75	S	0.00000	1	0.00000	0
76	G	0.00000	1	0.00000	0
77	G	0.00000	1	0.00000	0
78	S	0.00000	1	0.00000	0
79	R	0.00000	1	0.00000	0
80	S	0.00000	1	0.00000	0
81	E	0.00000	1	0.00000	0
82	R	0.00000	1	0.00000	0
83	C	0.00000	1	0.00000	0
84	D	0.00000	1	0.00000	0
85	I	0.00000	1	0.00000	0
86	V	0.00000	1	0.00000	0
87	S	0.00000	1	0.00000	0
88	N	0.00000	1	0.00000	0
89	L	0.00000	1	0.00000	0
90	I	0.00000	1	0.00000	0
91	S	0.00000	1	0.00000	0
92	K	0.00000	1	0.00000	0
93	G	0.00000	1	0.00000	0
94	C	0.00000	1	0.00000	0
95	S	0.00000	1	0.00000	0
96	V	0.00000	1	0.00000	0
97	D	0.00000	1	0.00000	0
98	S	0.00000	1	0.00000	0
99	I	0.00000	1	0.00000	0
100	E	0.00000	1	0.00000	0
101	Y	0.00000	1	0.00000	0
102	P	0.00000	1	0.00000	0
103	S	0.00000	1	0.00000	0
104	V	0.00000	1	0.00000	0
105	H	0.00000	1	0.00000	0
106	V	0.00000	1	0.00000	0
107	I	0.00000	1	0.00000	0
108	I	0.00000	1	0.00000	0
109	P	0.00000	1	0.00000	0
110	T	0.00000	1	0.00000	0
111	E	0.00000	1	0.00000	0
112	N	0.00000	1	0.00000	0
113	E	0.00000	1	0.00000	0
114	I	0.00000	1	0.00000	0
115	N	0.00000	1	0.00000	0
116	T	0.00000	1	0.00000	0
117	Q	0.00000	1	0.00000	0
118	V	0.00000	1	0.00000	0
119	T	0.00000	1	0.00000	0
120	P	0.00000	1	0.00000	0
121	G	0.00000	1	0.00000	0
122	E	0.00000	1	0.00000	0
123	V	0.00000	1	0.00000	0
124	S	0.00000	1	0.00000	0
125	I	0.00000	1	0.00000	0
126	Q	0.00000	1	0.00000	0
127	L	0.00000	1	0.00000	0
128	R	0.00000	1	0.00000	0
129	P	0.00000	1	0.00000	0
130	G	0.00000	1	0.00000	0
131	A	0.00000	1	0.00000	0
132	E	0.00000	1	0.00000	0
133	A	0.00000	1	0.00000	0
134	N	0.00000	1	0.00000	0
135	F	0.00000	1	0.00000	0
136	M	0.00000	1	0.00000	0
137	L	0.00000	1	0.00000	0
138	K	0.00000	1	0.00000	0
139	V	0.00000	1	0.00000	0
140	H	0.00000	1	0.00000	0
141	P	0.00000	1	0.00000	0
142	L	0.00000	1	0.00000	0
143	K	0.00000	1	0.00000	0
144	K	0.00000	1	0.00000	0
145	Y	0.00000	1	0.00000	0
146	P	0.00000	1	0.00000	0
147	V	0.00000	1	0.00000	0
148	D	0.00000	1	0.00000	0
149	L	0.00000	1	0.00000	0
150	Y	0.00000	1	0.00000	0
151	Y	0.00000	1	0.00000	0
152	L	0.00000	1	0.00000	0
153	V	0.00000	1	0.00000	0
154	D	0.00000	1	0.00000	0
155	V	0.00000	1	0.00000	0
156	S	0.00000	1	0.00000	0
157	A	0.00000	1	0.00000	0
158	S	0.00000	1	0.00000	0
159	M	0.00000	1	0.00000	0
160	H	0.00000	1	0.00000	0
161	N	0.00000	1	0.00000	0
162	N	0.00000	1	0.00000	0
163	I	0.00000	1	0.00000	0
164	E	0.00000	1	0.00000	0
165	K	0.00000	1	0.00000	0
166	L	0.00000	1	0.00000	0
167	N	0.00000	1	0.00000	0
168	S	0.00000	1	0.00000	0
169	V	0.00000	1	0.00000	0
170	G	0.00000	1	0.00000	0
171	N	0.00000	1	0.00000	0
172	D	0.00000	1	0.00000	0
173	L	0.00000	1	0.00000	0
174	S	0.00000	1	0.00000	0
175	R	0.00000	1	0.00000	0
176	K	0.00000	1	0.00000	0
177	M	0.00000	1	0.00000	0
178	A	0.00000	1	0.00000	0
179	F	0.00000	1	0.00000	0
180	F	0.00000	1	0.00000	0
181	S	0.00000	1	0.00000	0
182	R	0.00000	1	0.00000	0
183	D	0.00000	1	0.00000	0
184	F	0.00000	1	0.00000	0
185	R	0.00000	1	0.00000	0
186	L	0.00000	1	0.00000	0
187	G	0.00000	1	0.00000	0
188	F	0.00000	1	0.00000	0
189	G	0.00000	1	0.00000	0
190	S	0.00000	1	0.00000	0
191	Y	0.00000	1	0.00000	0
192	V	0.00000	1	0.00000	0
193	D	0.00000	1	0.00000	0
194	K	0.00000	1	0.00000	0
195	T	0.00000	1	0.00000	0
196	V	0.00000	1	0.00000	0
197	S	0.00000	1	0.00000	0
198	P	0.00000	1	0.00000	0
199	Y	0.00000	1	0.00000	0
200	I	0.00000	1	0.00000	0
201	S	0.00000	1	0.00000	0
202	I	0.00000	1	0.00000	0
203	H	0.00000	1	0.00000	0
204	P	0.00000	1	0.00000	0
205	E	0.00000	1	0.00000	0
206	R	0.00000	1	0.00000	0
207	I	0.00000	1	0.00000	0
208	H	0.00000	1	0.00000	0
209	N	0.00000	1	0.00000	0
210	Q	0.00000	1	0.00000	0
211	C	0.00000	1	0.00000	0
212	S	0.00000	1	0.00000	0
213	D	0.00000	1	0.00000	0
214	Y	0.00000	1	0.00000	0
215	N	0.00000	1	0.00000	0
216	L	0.00000	1	0.00000	0
217	D	0.00000	1	0.00000	0
218	C	0.00000	1	0.00000	0
219	M	0.00000	1	0.00000	0
220	P	0.00000	1	0.00000	0
221	P	0.00000	1	0.00000	0
222	H	0.00000	0.99999	0.00001	0
223	G	0.00000	0.99999	0.00001	0
224	Y	0.00000	0.99999	0.00001	0
225	I	0.00000	0.99999	0.00001	0
226	H	0.00000	0.99999	0.00001	0
227	V	0.00000	0.99999	0.00001	0
228	L	0.00000	0.99999	0.00001	0
229	S	0.00000	0.99999	0.00001	0
230	L	0.00000	0.99999	0.00001	0
231	T	0.00000	0.99999	0.00001	0
232	E	0.00000	0.99999	0.00001	0
233	N	0.00000	0.99999	0.00001	0
234	I	0.00000	0.99999	0.00001	0
235	T	0.00000	0.99999	0.00001	0
236	E	0.00000	0.99999	0.00001	0
237	F	0.00000	0.99999	0.00001	0
238	E	0.00000	0.99999	0.00001	0
239	K	0.00000	0.99999	0.00001	0
240	A	0.00000	0.99992	0.00008	0
241	V	0.00000	0.9993	0.00070	0
242	H	0.00000	0.99867	0.00132	0
243	R	0.00001	0.99824	0.00176	0
244	Q	0.00001	0.99119	0.00880	0
245	K	0.00001	0.9889	0.01109	0
246	I	0.00001	0.83208	0.16791	0
247	S	0.00001	0.83208	0.16791	0
248	G	0.00001	0.83207	0.16791	0
249	N	0.00001	0.83207	0.16792	0
250	I	0.00001	0.83204	0.16795	0
251	D	0.00001	0.83204	0.16795	0
252	T	0.00001	0.29494	0.70505	0
253	P	0.00001	2e-05	0.99997	0
254	E	0.00001	1e-05	0.99998	0
255	G	0.00001	0	0.99999	0
256	G	0.00000	0	1.00000	0
257	F	0.00000	0	1.00000	0
258	D	0.00000	0	1.00000	0
259	A	0.00000	0	1.00000	0
260	M	0.00000	0	1.00000	0
261	L	0.00000	0	1.00000	0
262	Q	0.00001	0	0.99999	0
263	A	0.00001	0	0.99999	0
264	A	0.00005	0	0.99995	0
265	V	0.00099	0	0.99901	0
266	C	0.01350	0	0.98650	0
267	E	0.11235	0	0.88765	0
268	S	0.13374	0	0.86626	0
269	H	0.13999	0	0.86001	0
270	I	0.14488	0	0.85512	0
271	G	0.22903	0	0.77097	0
272	W	0.30651	0	0.69348	0
273	R	0.96116	0	0.03884	0
274	K	0.99998	0	0.00002	0
275	E	0.99999	1e-05	0.00000	0
276	A	0.99999	1e-05	0.00001	0
277	K	0.99995	1e-05	0.00003	0
278	R	0.99882	1e-05	0.00117	0
279	L	0.12026	1e-05	0.87973	0
280	L	0.01057	1e-05	0.98942	0
281	L	0.00341	1e-05	0.99658	0
282	V	0.00060	1e-05	0.99939	0
283	M	0.00016	1e-05	0.99982	0
284	T	0.00015	1e-05	0.99984	0
285	D	0.00001	1e-05	0.99998	0
286	Q	0.00000	1e-05	0.99999	0
287	T	0.00000	1e-05	0.99999	0
288	S	0.00000	1e-05	0.99999	0
289	H	0.00000	1e-05	0.99999	0
290	L	0.00000	1e-05	0.99999	0
291	A	0.00000	1e-05	0.99999	0
292	L	0.00000	1e-05	0.99999	0
293	D	0.00000	1e-05	0.99999	0
294	S	0.00000	1e-05	0.99999	0
295	K	0.00000	1e-05	0.99999	0
296	L	0.00000	1e-05	0.99999	0
297	A	0.00000	7e-05	0.99993	0
298	G	0.00000	0.00125	0.99875	0
299	I	0.00000	0.02079	0.97921	0
300	V	0.00000	0.55455	0.44545	0
301	V	0.00000	0.62353	0.37647	0
302	P	0.00000	0.79865	0.20135	0
303	N	0.00000	0.99969	0.00031	0
304	D	0.00000	1	0.00000	0
305	G	0.00000	1	0.00000	0
306	N	0.00000	1	0.00000	0
307	C	0.00000	1	0.00000	0
308	H	0.00000	1	0.00000	0
309	L	0.00000	1	0.00000	0
310	K	0.00000	1	0.00000	0
311	N	0.00000	0.99988	0.00012	0
312	N	0.00000	0.97747	0.02253	0
313	V	0.00000	0.08067	0.91933	0
314	Y	0.00000	0.00723	0.99277	0
315	V	0.00000	0.00016	0.99984	0
316	K	0.00000	2e-05	0.99998	0
317	S	0.00000	2e-05	0.99998	0
318	T	0.00000	2e-05	0.99998	0
319	T	0.00000	2e-05	0.99998	0
320	M	0.00000	2e-05	0.99998	0
321	E	0.00000	2e-05	0.99998	0
322	H	0.00000	2e-05	0.99998	0
323	P	0.00000	2e-05	0.99998	0
324	S	0.00000	2e-05	0.99998	0
325	L	0.00000	2e-05	0.99998	0
326	G	0.00000	2e-05	0.99998	0
327	Q	0.00000	2e-05	0.99998	0
328	L	0.00000	2e-05	0.99998	0
329	S	0.00000	2e-05	0.99998	0
330	E	0.00000	2e-05	0.99998	0
331	K	0.00002	2e-05	0.99996	0
332	L	0.00142	2e-05	0.99856	0
333	I	0.00500	2e-05	0.99498	0
334	D	0.01432	2e-05	0.98566	0
335	N	0.96197	2e-05	0.03801	0
336	N	0.99988	2e-05	0.00011	0
337	I	0.99994	2e-05	0.00004	0
338	N	0.99998	2e-05	0.00000	0
339	V	0.99998	2e-05	0.00000	0
340	I	0.99998	2e-05	0.00000	0
341	F	0.99998	2e-05	0.00000	0
342	A	0.99998	2e-05	0.00000	0
343	V	0.99998	2e-05	0.00000	0
344	Q	0.99998	2e-05	0.00000	0
345	G	0.99998	2e-05	0.00000	0
346	K	0.99998	2e-05	0.00000	0
347	Q	0.99379	2e-05	0.00619	0
348	F	0.11851	2e-05	0.88148	0
349	H	0.04494	0	0.95506	0
350	W	0.01915	0	0.98084	0
351	Y	0.00717	0	0.99282	0
352	K	0.00709	0	0.99291	0
353	D	0.00670	0	0.99330	0
354	L	0.00001	0	0.99999	0
355	L	0.00000	0	1.00000	0
356	P	0.00000	0	1.00000	0
357	L	0.00000	0	1.00000	0
358	L	0.00000	0	1.00000	0
359	P	0.00000	0	1.00000	0
360	G	0.00000	0	1.00000	0
361	T	0.00000	0	1.00000	0
362	I	0.00000	0	1.00000	0
363	A	0.00000	0	1.00000	0
364	G	0.00000	0	1.00000	0
365	E	0.00000	2e-05	0.99998	0
366	I	0.00000	0.00151	0.99849	0
367	E	0.00000	0.61269	0.38731	0
368	S	0.00000	0.8085	0.19150	0
369	K	0.00000	0.96373	0.03626	0
370	A	0.00002	0.96974	0.03025	0
371	A	0.00002	0.97982	0.02017	0
372	N	0.00002	0.99258	0.00740	0
373	L	0.00002	0.99289	0.00709	0
374	N	0.00002	0.99898	0.00100	0
375	N	0.00002	0.99985	0.00013	0
376	L	0.00002	0.9999	0.00009	0
377	V	0.00002	0.99994	0.00004	0
378	V	0.00002	0.99997	0.00001	0
379	E	0.00002	0.99998	0.00000	0
380	A	0.00002	0.99998	0.00000	0
381	Y	0.00002	0.99998	0.00001	0
382	Q	0.00002	0.99972	0.00026	0
383	K	0.00002	0.99969	0.00029	0
384	L	0.00002	0.04404	0.95594	0
385	I	0.00001	0.04325	0.95674	0
386	S	0.00000	0.04302	0.95697	0
387	E	0.00000	0.04294	0.95706	0
388	V	0.00000	0.00665	0.99335	0
389	K	0.00000	0.00645	0.99355	0
390	V	0.00000	0.0053	0.99470	0
391	Q	0.00000	0.00522	0.99478	0
392	V	0.00000	0.00493	0.99507	0
393	E	0.00000	0.00458	0.99542	0
394	N	0.00000	0.00448	0.99552	0
395	Q	0.00000	0.00201	0.99799	0
396	V	0.00000	0.00123	0.99877	0
397	Q	0.00000	0.00071	0.99929	0
398	G	0.00000	0.00069	0.99931	0
399	I	0.00000	0.00062	0.99938	0
400	Y	0.00000	0.00061	0.99939	0
401	F	0.00000	0.00061	0.99939	0
402	N	0.00000	0.00061	0.99939	0
403	I	0.00000	0.00061	0.99939	0
404	T	0.00041	0.00061	0.99898	0
405	A	0.00338	0.00061	0.99601	0
406	I	0.00790	0.00062	0.99148	0
407	C	0.09477	0.00063	0.90460	0
408	P	0.92174	0.00063	0.07763	0
409	D	0.97956	0.00063	0.01981	0
410	G	0.98457	0.00063	0.01480	0
411	S	0.99202	0.00063	0.00735	0
412	R	0.99435	0.00063	0.00502	0
413	K	0.99461	0.00063	0.00476	0
414	P	0.99493	0.00063	0.00445	0
415	G	0.99497	0.0006	0.00443	0
416	M	0.99520	0.0006	0.00421	0
417	E	0.99902	0.0006	0.00039	0
418	G	0.99899	0.0006	0.00041	0
419	C	0.99898	0.0006	0.00043	0
420	R	0.99921	0.0006	0.00020	0
421	N	0.99926	0.00059	0.00015	0
422	V	0.99927	0.00059	0.00014	0
423	T	0.99930	0.00059	0.00010	0
424	S	0.99932	0.00059	0.00009	0
425	N	0.99932	0.00059	0.00009	0
426	D	0.99932	0.00059	0.00009	0
427	E	0.99932	0.00058	0.00009	0
428	V	0.99550	0.00047	0.00402	0
429	L	0.99472	0.00046	0.00482	0
430	F	0.99464	0.00046	0.00490	0
431	N	0.99463	0.00046	0.00490	0
432	V	0.99252	0.00039	0.00709	0
433	T	0.95594	0.00037	0.04369	0
434	V	0.38848	0.00037	0.61115	0
435	T	0.02725	0.00037	0.97239	0
436	M	0.02725	0.00037	0.97238	0
437	K	0.02728	0.0004	0.97232	0
438	K	0.02728	0.00041	0.97231	0
439	C	0.02728	0.00041	0.97231	0
440	D	0.02728	0.0004	0.97232	0
441	V	0.02431	0.00027	0.97541	0
442	T	0.01777	0.00027	0.98196	0
443	G	0.01754	0.00026	0.98220	0
444	G	0.01751	0.00026	0.98222	0
445	K	0.01750	0.00026	0.98224	0
446	N	0.01688	6e-05	0.98305	0
447	Y	0.00004	5e-05	0.99991	0
448	A	0.00003	5e-05	0.99992	0
449	I	0.00000	9e-05	0.99991	0
450	I	0.00004	0.00085	0.99910	0
451	K	0.00012	0.00546	0.99442	0
452	P	0.00013	0.00588	0.99399	0
453	I	0.00013	0.00673	0.99314	0
454	G	0.00013	0.02903	0.97084	0
455	F	0.00014	0.07084	0.92902	0
456	N	0.00023	0.76599	0.23379	0
457	E	0.00023	0.90366	0.09611	0
458	T	0.00023	0.91688	0.08289	0
459	A	0.00023	0.92612	0.07365	0
460	K	0.00023	0.97082	0.02895	0
461	I	0.00023	0.97123	0.02854	0
462	H	0.00023	0.97277	0.02700	0
463	I	0.00023	0.97356	0.02621	0
464	H	0.00032	0.97963	0.02006	0
465	R	0.00039	0.98356	0.01605	0
466	N	0.00040	0.98868	0.01092	0
467	C	0.00044	0.99833	0.00122	0
468	S	0.00052	0.99876	0.00071	0
469	C	0.00057	0.9994	0.00003	0
470	Q	0.00059	0.99941	0.00000	0
471	C	0.00059	0.99941	0.00000	0
472	E	0.00059	0.99941	0.00000	0
473	D	0.00059	0.99941	0.00000	0
474	N	0.00059	0.99941	0.00000	0
475	R	0.00059	0.99941	0.00000	0
476	G	0.00059	0.99941	0.00000	0
477	P	0.00059	0.99941	0.00000	0
478	K	0.00059	0.99941	0.00000	0
479	G	0.00059	0.99941	0.00000	0
480	K	0.00059	0.99941	0.00000	0
481	C	0.00059	0.99941	0.00000	0
482	V	0.00059	0.99941	0.00000	0
483	D	0.00059	0.99941	0.00000	0
484	E	0.00059	0.99941	0.00000	0
485	T	0.00059	0.99941	0.00000	0
486	F	0.00059	0.99941	0.00000	0
487	L	0.00059	0.99941	0.00000	0
488	D	0.00059	0.99941	0.00000	0
489	S	0.00059	0.99941	0.00000	0
490	K	0.00059	0.99941	0.00000	0
491	C	0.00059	0.99941	0.00000	0
492	F	0.00059	0.99941	0.00000	0
493	Q	0.00059	0.99941	0.00000	0
494	C	0.00059	0.99941	0.00000	0
495	D	0.00059	0.99941	0.00000	0
496	E	0.00059	0.99941	0.00000	0
497	N	0.00059	0.99941	0.00000	0
498	K	0.00059	0.99941	0.00000	0
499	C	0.00059	0.99941	0.00000	0
500	H	0.00059	0.99941	0.00000	0
501	F	0.00059	0.99941	0.00000	0
502	D	0.00059	0.99941	0.00000	0
503	E	0.00059	0.99941	0.00000	0
504	D	0.00059	0.99941	0.00000	0
505	Q	0.00059	0.99941	0.00000	0
506	F	0.00059	0.99941	0.00000	0
507	S	0.00059	0.99941	0.00000	0
508	S	0.00059	0.99941	0.00000	0
509	E	0.00059	0.99941	0.00000	0
510	S	0.00059	0.99941	0.00000	0
511	C	0.00059	0.99941	0.00000	0
512	K	0.00059	0.99941	0.00000	0
513	S	0.00059	0.99941	0.00000	0
514	H	0.00059	0.99941	0.00000	0
515	K	0.00059	0.99941	0.00000	0
516	D	0.00059	0.99941	0.00000	0
517	Q	0.00059	0.99941	0.00000	0
518	P	0.00059	0.99941	0.00000	0
519	V	0.00000	0.99941	0.00059	0
520	C	0.00000	0.99941	0.00059	0
521	S	0.00000	0.99941	0.00059	0
522	G	0.00000	0.99941	0.00059	0
523	R	0.00000	0.99941	0.00059	0
524	G	0.00000	0.99941	0.00059	0
525	V	0.00000	0.99941	0.00059	0
526	C	0.00000	0.99941	0.00059	0
527	V	0.00000	0.99941	0.00059	0
528	C	0.00000	0.99941	0.00059	0
529	G	0.00000	0.99941	0.00059	0
530	K	0.00000	0.99941	0.00059	0
531	C	0.00000	0.99941	0.00059	0
532	S	0.00000	0.99941	0.00059	0
533	C	0.00000	0.99941	0.00059	0
534	H	0.00000	0.99941	0.00059	0
535	K	0.00000	0.99941	0.00059	0
536	I	0.00000	0.99941	0.00059	0
537	K	0.00000	0.99941	0.00059	0
538	L	0.00000	0.99941	0.00059	0
539	G	0.00000	0.99992	0.00008	0
540	K	0.00000	0.99998	0.00002	0
541	V	0.00000	0.99998	0.00002	0
542	Y	0.00000	0.99999	0.00001	0
543	G	0.00000	1	0.00000	0
544	K	0.00000	1	0.00000	0
545	Y	0.00000	1	0.00000	0
546	C	0.00000	1	0.00000	0
547	E	0.00000	1	0.00000	0
548	K	0.00000	1	0.00000	0
549	D	0.00000	1	0.00000	0
550	D	0.00000	1	0.00000	0
551	F	0.00000	1	0.00000	0
552	S	0.00000	1	0.00000	0
553	C	0.00000	1	0.00000	0
554	P	0.00000	1	0.00000	0
555	Y	0.00000	1	0.00000	0
556	H	0.00000	1	0.00000	0
557	H	0.00000	1	0.00000	0
558	G	0.00000	1	0.00000	0
559	N	0.00000	1	0.00000	0
560	L	0.00000	1	0.00000	0
561	C	0.00000	1	0.00000	0
562	A	0.00000	1	0.00000	0
563	G	0.00000	1	0.00000	0
564	H	0.00000	1	0.00000	0
565	G	0.00000	1	0.00000	0
566	E	0.00000	1	0.00000	0
567	C	0.00000	1	0.00000	0
568	E	0.00000	1	0.00000	0
569	A	0.00000	1	0.00000	0
570	G	0.00000	1	0.00000	0
571	R	0.00000	1	0.00000	0
572	C	0.00000	1	0.00000	0
573	Q	0.00000	1	0.00000	0
574	C	0.00000	1	0.00000	0
575	F	0.00000	1	0.00000	0
576	S	0.00000	1	0.00000	0
577	G	0.00000	1	0.00000	0
578	W	0.00000	1	0.00000	0
579	E	0.00000	1	0.00000	0
580	G	0.00000	1	0.00000	0
581	D	0.00000	1	0.00000	0
582	R	0.00000	1	0.00000	0
583	C	0.00000	1	0.00000	0
584	Q	0.00000	1	0.00000	0
585	C	0.00000	1	0.00000	0
586	P	0.00000	1	0.00000	0
587	S	0.00000	1	0.00000	0
588	A	0.00000	1	0.00000	0
589	A	0.00000	1	0.00000	0
590	A	0.00000	1	0.00000	0
591	Q	0.00000	1	0.00000	0
592	H	0.00000	1	0.00000	0
593	C	0.00000	1	0.00000	0
594	V	0.00000	1	0.00000	0
595	N	0.00000	1	0.00000	0
596	S	0.00000	1	0.00000	0
597	K	0.00000	1	0.00000	0
598	G	0.00000	1	0.00000	0
599	Q	0.00000	1	0.00000	0
600	V	0.00000	1	0.00000	0
601	C	0.00000	1	0.00000	0
602	S	0.00000	1	0.00000	0
603	G	0.00000	1	0.00000	0
604	R	0.00000	1	0.00000	0
605	G	0.00000	1	0.00000	0
606	T	0.00000	1	0.00000	0
607	C	0.00000	1	0.00000	0
608	V	0.00000	1	0.00000	0
609	C	0.00000	1	0.00000	0
610	G	0.00000	1	0.00000	0
611	R	0.00000	1	0.00000	0
612	C	0.00000	1	0.00000	0
613	E	0.00000	1	0.00000	0
614	C	0.00000	1	0.00000	0
615	T	0.00000	1	0.00000	0
616	D	0.00000	1	0.00000	0
617	P	0.00000	1	0.00000	0
618	R	0.00000	1	0.00000	0
619	S	0.00000	1	0.00000	0
620	I	0.00000	1	0.00000	0
621	G	0.00000	1	0.00000	0
622	R	0.00000	1	0.00000	0
623	F	0.00000	1	0.00000	0
624	C	0.00000	1	0.00000	0
625	E	0.00000	1	0.00000	0
626	H	0.00000	1	0.00000	0
627	C	0.00000	1	0.00000	0
628	P	0.00000	1	0.00000	0
629	T	0.00000	1	0.00000	0
630	C	0.00000	1	0.00000	0
631	Y	0.00000	1	0.00000	0
632	T	0.00000	1	0.00000	0
633	A	0.00000	1	0.00000	0
634	C	0.00000	1	0.00000	0
635	K	0.00000	1	0.00000	0
636	E	0.00000	1	0.00000	0
637	N	0.00000	0.99999	0.00001	0
638	W	0.00000	0.99999	0.00001	0
639	N	0.00000	0.99999	0.00001	0
640	C	0.00000	0.99999	0.00001	0
641	M	0.00000	0.99999	0.00001	0
642	Q	0.00000	0.99999	0.00001	0
643	C	0.00000	0.99999	0.00001	0
644	L	0.00000	0.99999	0.00001	0
645	H	0.00000	0.99999	0.00001	0
646	P	0.00000	0.99999	0.00001	0
647	H	0.00000	0.99999	0.00001	0
648	N	0.00000	0.99999	0.00001	0
649	L	0.00000	0.99999	0.00001	0
650	S	0.00000	0.99999	0.00001	0
651	Q	0.00000	0.99999	0.00001	0
652	A	0.00000	0.99999	0.00001	0
653	I	0.00000	0.99999	0.00001	0
654	L	0.00000	0.99999	0.00001	0
655	D	0.00000	0.99999	0.00001	0
656	Q	0.00000	0.99999	0.00000	0
657	C	0.00000	0.99999	0.00000	0
658	K	0.00001	0.99999	0.00000	0
659	T	0.00001	0.99999	0.00000	0
660	S	0.00001	0.99999	0.00000	0
661	C	0.00001	0.99999	0.00000	0
662	A	0.00001	0.99998	0.00001	0
663	L	0.00001	0.99997	0.00002	0
664	M	0.00001	0.99997	0.00003	0
665	E	0.00001	0.99997	0.00003	0
666	Q	0.00001	0.99993	0.00007	0
667	Q	0.00001	0.9998	0.00019	0
668	H	0.00001	0.99899	0.00100	0
669	Y	0.00001	0.99513	0.00487	0
670	V	0.00001	0.99411	0.00589	0
671	D	0.00001	0.99117	0.00882	0
672	Q	0.00001	0.96562	0.03437	0
673	T	0.00001	0.82146	0.17853	0
674	S	0.00001	0.78414	0.21585	0
675	E	0.00001	0.7477	0.25230	0
676	C	0.00001	0.73471	0.26529	0
677	F	0.00001	0.7313	0.26869	0
678	S	0.00001	0.7305	0.26949	0
679	S	0.00001	0.72708	0.27291	0
680	P	0.00001	0.3326	0.66739	0
681	S	0.00001	0.0302	0.96979	0
682	Y	0.00001	9e-05	0.99990	0
683	L	0.00001	2e-05	0.99998	0
684	R	0.00002	1e-05	0.99998	0
685	I	0.00002	0	0.99998	0
686	F	0.00002	0	0.99998	0
687	F	0.00002	0	0.99998	0
688	I	0.00002	0	0.99998	0
689	I	0.00002	0	0.99998	0
690	F	0.00038	0	0.99962	0
691	I	0.00219	0	0.99781	0
692	V	0.00485	0	0.99515	0
693	T	0.00976	0	0.99024	0
694	F	0.01728	0	0.98272	0
695	L	0.04515	0	0.95485	0
696	I	0.06073	0	0.93927	0
697	G	0.19748	0	0.80252	0
698	L	0.24451	0	0.75549	0
699	L	0.33991	0	0.66009	0
700	K	0.99984	0	0.00016	0
701	V	0.99984	0	0.00016	0
702	L	0.99984	0	0.00016	0
703	I	0.99988	0	0.00012	0
704	I	0.99994	0	0.00006	0
705	R	1.00000	0	0.00000	0
706	Q	1.00000	0	0.00000	0
707	V	1.00000	0	0.00000	0
708	I	1.00000	0	0.00000	0
709	L	1.00000	0	0.00000	0
710	Q	1.00000	0	0.00000	0
711	W	1.00000	0	0.00000	0
712	N	1.00000	0	0.00000	0
713	S	1.00000	0	0.00000	0
714	N	1.00000	0	0.00000	0
715	K	1.00000	0	0.00000	0
716	I	1.00000	0	0.00000	0
717	K	1.00000	0	0.00000	0
718	S	1.00000	0	0.00000	0
719	S	1.00000	0	0.00000	0
720	S	1.00000	0	0.00000	0
721	D	1.00000	0	0.00000	0
722	Y	1.00000	0	0.00000	0
723	R	1.00000	0	0.00000	0
724	V	1.00000	0	0.00000	0
725	S	1.00000	0	0.00000	0
726	A	1.00000	0	0.00000	0
727	S	1.00000	0	0.00000	0
728	K	1.00000	0	0.00000	0
729	K	1.00000	0	0.00000	0
730	D	1.00000	0	0.00000	0
731	K	1.00000	0	0.00000	0
732	L	1.00000	0	0.00000	0
733	I	1.00000	0	0.00000	0
734	L	1.00000	0	0.00000	0
735	Q	1.00000	0	0.00000	0
736	S	1.00000	0	0.00000	0
737	V	1.00000	0	0.00000	0
738	C	1.00000	0	0.00000	0
739	T	1.00000	0	0.00000	0
740	R	1.00000	0	0.00000	0
741	A	1.00000	0	0.00000	0
742	V	1.00000	0	0.00000	0
743	T	1.00000	0	0.00000	0
744	Y	1.00000	0	0.00000	0
745	R	1.00000	0	0.00000	0
746	R	1.00000	0	0.00000	0
747	E	1.00000	0	0.00000	0
748	K	1.00000	0	0.00000	0
749	P	1.00000	0	0.00000	0
750	E	1.00000	0	0.00000	0
751	E	1.00000	0	0.00000	0
752	I	1.00000	0	0.00000	0
753	K	1.00000	0	0.00000	0
754	M	1.00000	0	0.00000	0
755	D	1.00000	0	0.00000	0
756	I	1.00000	0	0.00000	0
757	S	1.00000	0	0.00000	0
758	K	1.00000	0	0.00000	0
759	L	1.00000	0	0.00000	0
760	N	1.00000	0	0.00000	0
761	A	1.00000	0	0.00000	0
762	H	1.00000	0	0.00000	0
763	E	1.00000	0	0.00000	0
764	T	1.00000	0	0.00000	0
765	F	1.00000	0	0.00000	0
766	R	1.00000	0	0.00000	0
767	C	1.00000	0	0.00000	0
768	N	1.00000	0	0.00000	0
769	F	1.00000	0	0.00000	0
