# UNNAMED
#pos	aa	i	o	M	S
1	M	0.00000	0.00489	0.00000	0.99511
2	R	0.00000	0.00489	0.00000	0.99511
3	T	0.00000	0.00489	0.00000	0.99511
4	G	0.00000	0.00489	0.00000	0.99511
5	W	0.00000	0.00489	0.00000	0.99511
6	A	0.00000	0.00489	0.00000	0.99511
7	T	0.00000	0.00489	0.00000	0.99511
8	P	0.00000	0.00489	0.00000	0.99511
9	R	0.00000	0.00489	0.00000	0.99511
10	R	0.00000	0.00489	0.00000	0.99511
11	P	0.00000	0.00489	0.00000	0.99511
12	A	0.00000	0.00489	0.00000	0.99512
13	G	0.00000	0.00489	0.00000	0.99511
14	L	0.00000	0.00489	0.00000	0.99511
15	L	0.00000	0.00489	0.00000	0.99511
16	M	0.00000	0.00489	0.00000	0.99511
17	L	0.00000	0.00489	0.00000	0.99511
18	L	0.00000	0.00489	0.00000	0.99511
19	F	0.00000	0.00489	0.00000	0.99511
20	W	0.00000	0.00489	0.00000	0.99511
21	F	0.00000	0.00489	0.00000	0.99511
22	F	0.00000	0.00489	0.00000	0.99511
23	D	0.00000	0.00489	0.00000	0.99511
24	L	0.00000	0.00489	0.00000	0.99511
25	A	0.00000	0.00489	0.00000	0.99511
26	E	0.00000	0.00543	0.00000	0.99457
27	P	0.00000	0.00555	0.00000	0.99445
28	S	0.00000	0.02003	0.00000	0.97998
29	G	0.00000	0.02016	0.00000	0.97984
30	R	0.00000	0.02043	0.00000	0.97957
31	A	0.00000	0.02171	0.00000	0.97829
32	A	0.00000	0.99936	0.00000	0.00064
33	N	0.00000	1	0.00000	0
34	D	0.00000	1	0.00000	0
35	P	0.00000	1	0.00000	0
36	F	0.00000	1	0.00000	0
37	T	0.00000	1	0.00000	0
38	I	0.00000	1	0.00000	0
39	V	0.00000	1	0.00000	0
40	H	0.00000	1	0.00000	0
41	G	0.00000	1	0.00000	0
42	N	0.00000	1	0.00000	0
43	T	0.00000	1	0.00000	0
44	G	0.00000	1	0.00000	0
45	K	0.00000	1	0.00000	0
46	C	0.00000	1	0.00000	0
47	I	0.00000	1	0.00000	0
48	K	0.00000	1	0.00000	0
49	P	0.00000	1	0.00000	0
50	V	0.00000	1	0.00000	0
51	Y	0.00000	1	0.00000	0
52	G	0.00000	1	0.00000	0
53	W	0.00000	1	0.00000	0
54	I	0.00000	1	0.00000	0
55	V	0.00000	1	0.00000	0
56	A	0.00000	1	0.00000	0
57	D	0.00000	1	0.00000	0
58	D	0.00000	1	0.00000	0
59	C	0.00000	1	0.00000	0
60	D	0.00000	1	0.00000	0
61	E	0.00000	1	0.00000	0
62	T	0.00000	1	0.00000	0
63	E	0.00000	1	0.00000	0
64	D	0.00000	1	0.00000	0
65	K	0.00000	1	0.00000	0
66	L	0.00000	1	0.00000	0
67	W	0.00000	1	0.00000	0
68	K	0.00000	1	0.00000	0
69	W	0.00000	1	0.00000	0
70	V	0.00000	1	0.00000	0
71	S	0.00000	1	0.00000	0
72	Q	0.00000	1	0.00000	0
73	H	0.00000	1	0.00000	0
74	R	0.00000	1	0.00000	0
75	L	0.00000	1	0.00000	0
76	F	0.00000	1	0.00000	0
77	H	0.00000	1	0.00000	0
78	L	0.00000	1	0.00000	0
79	H	0.00000	1	0.00000	0
80	S	0.00000	1	0.00000	0
81	Q	0.00000	1	0.00000	0
82	K	0.00000	1	0.00000	0
83	C	0.00000	1	0.00000	0
84	L	0.00000	1	0.00000	0
85	G	0.00000	1	0.00000	0
86	L	0.00000	1	0.00000	0
87	D	0.00000	1	0.00000	0
88	I	0.00000	1	0.00000	0
89	T	0.00000	1	0.00000	0
90	K	0.00000	1	0.00000	0
91	S	0.00000	1	0.00000	0
92	V	0.00000	1	0.00000	0
93	N	0.00000	1	0.00000	0
94	E	0.00000	1	0.00000	0
95	L	0.00000	1	0.00000	0
96	R	0.00000	1	0.00000	0
97	M	0.00000	1	0.00000	0
98	F	0.00000	1	0.00000	0
99	S	0.00000	1	0.00000	0
100	C	0.00000	1	0.00000	0
101	D	0.00000	1	0.00000	0
102	S	0.00000	1	0.00000	0
103	S	0.00000	1	0.00000	0
104	A	0.00000	1	0.00000	0
105	M	0.00000	1	0.00000	0
106	L	0.00000	1	0.00000	0
107	W	0.00000	1	0.00000	0
108	W	0.00000	1	0.00000	0
109	K	0.00000	1	0.00000	0
110	C	0.00000	1	0.00000	0
111	E	0.00000	1	0.00000	0
112	H	0.00000	1	0.00000	0
113	H	0.00000	1	0.00000	0
114	S	0.00000	1	0.00000	0
115	L	0.00000	1	0.00000	0
116	Y	0.00000	1	0.00000	0
117	G	0.00000	1	0.00000	0
118	A	0.00000	1	0.00000	0
119	A	0.00000	1	0.00000	0
120	R	0.00000	1	0.00000	0
121	Y	0.00000	1	0.00000	0
122	R	0.00000	1	0.00000	0
123	L	0.00000	1	0.00000	0
124	A	0.00000	1	0.00000	0
125	L	0.00000	1	0.00000	0
126	K	0.00000	1	0.00000	0
127	D	0.00000	1	0.00000	0
128	G	0.00000	1	0.00000	0
129	H	0.00000	1	0.00000	0
130	G	0.00000	1	0.00000	0
131	T	0.00000	1	0.00000	0
132	A	0.00000	1	0.00000	0
133	I	0.00000	1	0.00000	0
134	S	0.00000	1	0.00000	0
135	N	0.00000	1	0.00000	0
136	A	0.00000	1	0.00000	0
137	S	0.00000	1	0.00000	0
138	D	0.00000	1	0.00000	0
139	V	0.00000	1	0.00000	0
140	W	0.00000	1	0.00000	0
141	K	0.00000	1	0.00000	0
142	K	0.00000	1	0.00000	0
143	G	0.00000	1	0.00000	0
144	G	0.00000	1	0.00000	0
145	S	0.00000	1	0.00000	0
146	E	0.00000	1	0.00000	0
147	E	0.00000	1	0.00000	0
148	S	0.00000	1	0.00000	0
149	L	0.00000	1	0.00000	0
150	C	0.00000	1	0.00000	0
151	D	0.00000	1	0.00000	0
152	Q	0.00000	1	0.00000	0
153	P	0.00000	1	0.00000	0
154	Y	0.00000	1	0.00000	0
155	H	0.00000	1	0.00000	0
156	E	0.00000	1	0.00000	0
157	I	0.00000	1	0.00000	0
158	Y	0.00000	1	0.00000	0
159	T	0.00000	1	0.00000	0
160	R	0.00000	1	0.00000	0
161	D	0.00000	1	0.00000	0
162	G	0.00000	1	0.00000	0
163	N	0.00000	1	0.00000	0
164	S	0.00000	1	0.00000	0
165	Y	0.00000	1	0.00000	0
166	G	0.00000	1	0.00000	0
167	R	0.00000	1	0.00000	0
168	P	0.00000	1	0.00000	0
169	C	0.00000	1	0.00000	0
170	E	0.00000	1	0.00000	0
171	F	0.00000	1	0.00000	0
172	P	0.00000	1	0.00000	0
173	F	0.00000	1	0.00000	0
174	L	0.00000	1	0.00000	0
175	I	0.00000	1	0.00000	0
176	D	0.00000	1	0.00000	0
177	G	0.00000	1	0.00000	0
178	T	0.00000	1	0.00000	0
179	W	0.00000	1	0.00000	0
180	H	0.00000	1	0.00000	0
181	H	0.00000	1	0.00000	0
182	D	0.00000	1	0.00000	0
183	C	0.00000	1	0.00000	0
184	I	0.00000	1	0.00000	0
185	L	0.00000	1	0.00000	0
186	D	0.00000	1	0.00000	0
187	E	0.00000	1	0.00000	0
188	D	0.00000	1	0.00000	0
189	H	0.00000	1	0.00000	0
190	S	0.00000	1	0.00000	0
191	G	0.00000	1	0.00000	0
192	P	0.00000	1	0.00000	0
193	W	0.00000	1	0.00000	0
194	C	0.00000	1	0.00000	0
195	A	0.00000	1	0.00000	0
196	T	0.00000	1	0.00000	0
197	T	0.00000	1	0.00000	0
198	L	0.00000	1	0.00000	0
199	N	0.00000	1	0.00000	0
200	Y	0.00000	1	0.00000	0
201	E	0.00000	1	0.00000	0
202	Y	0.00000	1	0.00000	0
203	D	0.00000	1	0.00000	0
204	R	0.00000	1	0.00000	0
205	K	0.00000	1	0.00000	0
206	W	0.00000	1	0.00000	0
207	G	0.00000	1	0.00000	0
208	I	0.00000	1	0.00000	0
209	C	0.00000	1	0.00000	0
210	L	0.00000	1	0.00000	0
211	K	0.00000	1	0.00000	0
212	P	0.00000	1	0.00000	0
213	E	0.00000	1	0.00000	0
214	N	0.00000	1	0.00000	0
215	G	0.00000	1	0.00000	0
216	C	0.00000	1	0.00000	0
217	E	0.00000	1	0.00000	0
218	D	0.00000	1	0.00000	0
219	N	0.00000	1	0.00000	0
220	W	0.00000	1	0.00000	0
221	E	0.00000	1	0.00000	0
222	K	0.00000	1	0.00000	0
223	N	0.00000	1	0.00000	0
224	E	0.00000	1	0.00000	0
225	Q	0.00000	1	0.00000	0
226	F	0.00000	1	0.00000	0
227	G	0.00000	1	0.00000	0
228	S	0.00000	1	0.00000	0
229	C	0.00000	1	0.00000	0
230	Y	0.00000	1	0.00000	0
231	Q	0.00000	1	0.00000	0
232	F	0.00000	1	0.00000	0
233	N	0.00000	1	0.00000	0
234	T	0.00000	1	0.00000	0
235	Q	0.00000	1	0.00000	0
236	T	0.00000	1	0.00000	0
237	A	0.00000	1	0.00000	0
238	L	0.00000	1	0.00000	0
239	S	0.00000	1	0.00000	0
240	W	0.00000	1	0.00000	0
241	K	0.00000	1	0.00000	0
242	E	0.00000	1	0.00000	0
243	A	0.00000	1	0.00000	0
244	Y	0.00000	1	0.00000	0
245	V	0.00000	1	0.00000	0
246	S	0.00000	1	0.00000	0
247	C	0.00000	1	0.00000	0
248	Q	0.00000	1	0.00000	0
249	N	0.00000	1	0.00000	0
250	Q	0.00000	1	0.00000	0
251	G	0.00000	1	0.00000	0
252	A	0.00000	1	0.00000	0
253	D	0.00000	1	0.00000	0
254	L	0.00000	1	0.00000	0
255	L	0.00000	1	0.00000	0
256	S	0.00000	1	0.00000	0
257	I	0.00000	1	0.00000	0
258	N	0.00000	1	0.00000	0
259	S	0.00000	1	0.00000	0
260	A	0.00000	1	0.00000	0
261	A	0.00000	1	0.00000	0
262	E	0.00000	1	0.00000	0
263	L	0.00000	1	0.00000	0
264	T	0.00000	1	0.00000	0
265	Y	0.00000	1	0.00000	0
266	L	0.00000	1	0.00000	0
267	K	0.00000	1	0.00000	0
268	E	0.00000	1	0.00000	0
269	K	0.00000	1	0.00000	0
270	E	0.00000	1	0.00000	0
271	G	0.00000	1	0.00000	0
272	I	0.00000	1	0.00000	0
273	A	0.00000	1	0.00000	0
274	K	0.00000	1	0.00000	0
275	I	0.00000	1	0.00000	0
276	F	0.00000	1	0.00000	0
277	W	0.00000	1	0.00000	0
278	I	0.00000	1	0.00000	0
279	G	0.00000	1	0.00000	0
280	L	0.00000	1	0.00000	0
281	N	0.00000	1	0.00000	0
282	Q	0.00000	1	0.00000	0
283	L	0.00000	1	0.00000	0
284	Y	0.00000	1	0.00000	0
285	S	0.00000	1	0.00000	0
286	A	0.00000	1	0.00000	0
287	R	0.00000	1	0.00000	0
288	G	0.00000	1	0.00000	0
289	W	0.00000	1	0.00000	0
290	E	0.00000	1	0.00000	0
291	W	0.00000	1	0.00000	0
292	S	0.00000	1	0.00000	0
293	D	0.00000	1	0.00000	0
294	H	0.00000	1	0.00000	0
295	K	0.00000	1	0.00000	0
296	P	0.00000	1	0.00000	0
297	L	0.00000	1	0.00000	0
298	N	0.00000	1	0.00000	0
299	F	0.00000	1	0.00000	0
300	L	0.00000	1	0.00000	0
301	N	0.00000	1	0.00000	0
302	W	0.00000	1	0.00000	0
303	D	0.00000	1	0.00000	0
304	P	0.00000	1	0.00000	0
305	D	0.00000	1	0.00000	0
306	R	0.00000	1	0.00000	0
307	P	0.00000	1	0.00000	0
308	S	0.00000	1	0.00000	0
309	A	0.00000	1	0.00000	0
310	P	0.00000	1	0.00000	0
311	T	0.00000	1	0.00000	0
312	I	0.00000	1	0.00000	0
313	G	0.00000	1	0.00000	0
314	G	0.00000	1	0.00000	0
315	S	0.00000	1	0.00000	0
316	S	0.00000	1	0.00000	0
317	C	0.00000	1	0.00000	0
318	A	0.00000	1	0.00000	0
319	R	0.00000	1	0.00000	0
320	M	0.00000	1	0.00000	0
321	D	0.00000	1	0.00000	0
322	A	0.00000	1	0.00000	0
323	E	0.00000	1	0.00000	0
324	S	0.00000	1	0.00000	0
325	G	0.00000	1	0.00000	0
326	L	0.00000	1	0.00000	0
327	W	0.00000	1	0.00000	0
328	Q	0.00000	1	0.00000	0
329	S	0.00000	1	0.00000	0
330	F	0.00000	1	0.00000	0
331	S	0.00000	1	0.00000	0
332	C	0.00000	1	0.00000	0
333	E	0.00000	1	0.00000	0
334	A	0.00000	1	0.00000	0
335	Q	0.00000	1	0.00000	0
336	L	0.00000	1	0.00000	0
337	P	0.00000	1	0.00000	0
338	Y	0.00000	1	0.00000	0
339	V	0.00000	1	0.00000	0
340	C	0.00000	1	0.00000	0
341	R	0.00000	1	0.00000	0
342	K	0.00000	1	0.00000	0
343	P	0.00000	1	0.00000	0
344	L	0.00000	1	0.00000	0
345	N	0.00000	1	0.00000	0
346	N	0.00000	1	0.00000	0
347	T	0.00000	1	0.00000	0
348	V	0.00000	1	0.00000	0
349	E	0.00000	1	0.00000	0
350	L	0.00000	1	0.00000	0
351	T	0.00000	1	0.00000	0
352	D	0.00000	1	0.00000	0
353	V	0.00000	1	0.00000	0
354	W	0.00000	1	0.00000	0
355	T	0.00000	1	0.00000	0
356	Y	0.00000	1	0.00000	0
357	S	0.00000	1	0.00000	0
358	D	0.00000	1	0.00000	0
359	T	0.00000	1	0.00000	0
360	R	0.00000	1	0.00000	0
361	C	0.00000	1	0.00000	0
362	D	0.00000	1	0.00000	0
363	A	0.00000	1	0.00000	0
364	G	0.00000	1	0.00000	0
365	W	0.00000	1	0.00000	0
366	L	0.00000	1	0.00000	0
367	P	0.00000	1	0.00000	0
368	N	0.00000	1	0.00000	0
369	N	0.00000	1	0.00000	0
370	G	0.00000	1	0.00000	0
371	F	0.00000	1	0.00000	0
372	C	0.00000	1	0.00000	0
373	Y	0.00000	1	0.00000	0
374	L	0.00000	1	0.00000	0
375	L	0.00000	1	0.00000	0
376	V	0.00000	1	0.00000	0
377	N	0.00000	1	0.00000	0
378	E	0.00000	1	0.00000	0
379	S	0.00000	1	0.00000	0
380	N	0.00000	1	0.00000	0
381	S	0.00000	1	0.00000	0
382	W	0.00000	1	0.00000	0
383	D	0.00000	1	0.00000	0
384	K	0.00000	1	0.00000	0
385	A	0.00000	1	0.00000	0
386	H	0.00000	1	0.00000	0
387	A	0.00000	1	0.00000	0
388	K	0.00000	1	0.00000	0
389	C	0.00000	1	0.00000	0
390	K	0.00000	1	0.00000	0
391	A	0.00000	1	0.00000	0
392	F	0.00000	1	0.00000	0
393	S	0.00000	1	0.00000	0
394	S	0.00000	1	0.00000	0
395	D	0.00000	1	0.00000	0
396	L	0.00000	1	0.00000	0
397	I	0.00000	1	0.00000	0
398	S	0.00000	1	0.00000	0
399	I	0.00000	1	0.00000	0
400	H	0.00000	1	0.00000	0
401	S	0.00000	1	0.00000	0
402	L	0.00000	1	0.00000	0
403	A	0.00000	1	0.00000	0
404	D	0.00000	1	0.00000	0
405	V	0.00000	1	0.00000	0
406	E	0.00000	1	0.00000	0
407	V	0.00000	1	0.00000	0
408	V	0.00000	1	0.00000	0
409	V	0.00000	1	0.00000	0
410	T	0.00000	1	0.00000	0
411	K	0.00000	1	0.00000	0
412	L	0.00000	1	0.00000	0
413	H	0.00000	1	0.00000	0
414	N	0.00000	1	0.00000	0
415	E	0.00000	1	0.00000	0
416	D	0.00000	1	0.00000	0
417	I	0.00000	1	0.00000	0
418	K	0.00000	1	0.00000	0
419	E	0.00000	1	0.00000	0
420	E	0.00000	1	0.00000	0
421	V	0.00000	1	0.00000	0
422	W	0.00000	1	0.00000	0
423	I	0.00000	1	0.00000	0
424	G	0.00000	1	0.00000	0
425	L	0.00000	1	0.00000	0
426	K	0.00000	1	0.00000	0
427	N	0.00000	1	0.00000	0
428	I	0.00000	1	0.00000	0
429	N	0.00000	1	0.00000	0
430	I	0.00000	1	0.00000	0
431	P	0.00000	1	0.00000	0
432	T	0.00000	1	0.00000	0
433	L	0.00000	1	0.00000	0
434	F	0.00000	1	0.00000	0
435	Q	0.00000	1	0.00000	0
436	W	0.00000	1	0.00000	0
437	S	0.00000	1	0.00000	0
438	D	0.00000	1	0.00000	0
439	G	0.00000	1	0.00000	0
440	T	0.00000	1	0.00000	0
441	E	0.00000	1	0.00000	0
442	V	0.00000	1	0.00000	0
443	T	0.00000	1	0.00000	0
444	L	0.00000	1	0.00000	0
445	T	0.00000	1	0.00000	0
446	Y	0.00000	1	0.00000	0
447	W	0.00000	1	0.00000	0
448	D	0.00000	1	0.00000	0
449	E	0.00000	1	0.00000	0
450	N	0.00000	1	0.00000	0
451	E	0.00000	1	0.00000	0
452	P	0.00000	1	0.00000	0
453	N	0.00000	1	0.00000	0
454	V	0.00000	1	0.00000	0
455	P	0.00000	1	0.00000	0
456	Y	0.00000	1	0.00000	0
457	N	0.00000	1	0.00000	0
458	K	0.00000	1	0.00000	0
459	T	0.00000	1	0.00000	0
460	P	0.00000	1	0.00000	0
461	N	0.00000	1	0.00000	0
462	C	0.00000	1	0.00000	0
463	V	0.00000	1	0.00000	0
464	S	0.00000	1	0.00000	0
465	Y	0.00000	1	0.00000	0
466	L	0.00000	1	0.00000	0
467	G	0.00000	1	0.00000	0
468	E	0.00000	1	0.00000	0
469	L	0.00000	1	0.00000	0
470	G	0.00000	1	0.00000	0
471	Q	0.00000	1	0.00000	0
472	W	0.00000	1	0.00000	0
473	K	0.00000	1	0.00000	0
474	V	0.00000	1	0.00000	0
475	Q	0.00000	1	0.00000	0
476	S	0.00000	1	0.00000	0
477	C	0.00000	1	0.00000	0
478	E	0.00000	1	0.00000	0
479	E	0.00000	1	0.00000	0
480	K	0.00000	1	0.00000	0
481	L	0.00000	1	0.00000	0
482	K	0.00000	1	0.00000	0
483	Y	0.00000	1	0.00000	0
484	V	0.00000	1	0.00000	0
485	C	0.00000	1	0.00000	0
486	K	0.00000	1	0.00000	0
487	R	0.00000	1	0.00000	0
488	K	0.00000	1	0.00000	0
489	G	0.00000	1	0.00000	0
490	E	0.00000	1	0.00000	0
491	K	0.00000	1	0.00000	0
492	L	0.00000	1	0.00000	0
493	N	0.00000	1	0.00000	0
494	D	0.00000	1	0.00000	0
495	A	0.00000	1	0.00000	0
496	S	0.00000	1	0.00000	0
497	S	0.00000	1	0.00000	0
498	D	0.00000	1	0.00000	0
499	K	0.00000	1	0.00000	0
500	M	0.00000	1	0.00000	0
501	C	0.00000	1	0.00000	0
502	P	0.00000	1	0.00000	0
503	P	0.00000	1	0.00000	0
504	D	0.00000	1	0.00000	0
505	E	0.00000	1	0.00000	0
506	G	0.00000	1	0.00000	0
507	W	0.00000	1	0.00000	0
508	K	0.00000	1	0.00000	0
509	R	0.00000	1	0.00000	0
510	H	0.00000	1	0.00000	0
511	G	0.00000	1	0.00000	0
512	E	0.00000	1	0.00000	0
513	T	0.00000	1	0.00000	0
514	C	0.00000	1	0.00000	0
515	Y	0.00000	1	0.00000	0
516	K	0.00000	1	0.00000	0
517	I	0.00000	1	0.00000	0
518	Y	0.00000	1	0.00000	0
519	E	0.00000	1	0.00000	0
520	D	0.00000	1	0.00000	0
521	E	0.00000	1	0.00000	0
522	V	0.00000	1	0.00000	0
523	P	0.00000	1	0.00000	0
524	F	0.00000	1	0.00000	0
525	G	0.00000	1	0.00000	0
526	T	0.00000	1	0.00000	0
527	N	0.00000	1	0.00000	0
528	C	0.00000	1	0.00000	0
529	N	0.00000	1	0.00000	0
530	L	0.00000	1	0.00000	0
531	T	0.00000	1	0.00000	0
532	I	0.00000	1	0.00000	0
533	T	0.00000	1	0.00000	0
534	S	0.00000	1	0.00000	0
535	R	0.00000	1	0.00000	0
536	F	0.00000	1	0.00000	0
537	E	0.00000	1	0.00000	0
538	Q	0.00000	1	0.00000	0
539	E	0.00000	1	0.00000	0
540	Y	0.00000	1	0.00000	0
541	L	0.00000	1	0.00000	0
542	N	0.00000	1	0.00000	0
543	D	0.00000	1	0.00000	0
544	L	0.00000	1	0.00000	0
545	M	0.00000	1	0.00000	0
546	K	0.00000	1	0.00000	0
547	K	0.00000	1	0.00000	0
548	Y	0.00000	1	0.00000	0
549	D	0.00000	1	0.00000	0
550	K	0.00000	1	0.00000	0
551	S	0.00000	1	0.00000	0
552	L	0.00000	1	0.00000	0
553	R	0.00000	1	0.00000	0
554	K	0.00000	1	0.00000	0
555	Y	0.00000	1	0.00000	0
556	F	0.00000	1	0.00000	0
557	W	0.00000	1	0.00000	0
558	T	0.00000	1	0.00000	0
559	G	0.00000	1	0.00000	0
560	L	0.00000	1	0.00000	0
561	R	0.00000	1	0.00000	0
562	D	0.00000	1	0.00000	0
563	V	0.00000	1	0.00000	0
564	D	0.00000	1	0.00000	0
565	S	0.00000	1	0.00000	0
566	C	0.00000	1	0.00000	0
567	G	0.00000	1	0.00000	0
568	E	0.00000	1	0.00000	0
569	Y	0.00000	1	0.00000	0
570	N	0.00000	1	0.00000	0
571	W	0.00000	1	0.00000	0
572	A	0.00000	1	0.00000	0
573	T	0.00000	1	0.00000	0
574	V	0.00000	1	0.00000	0
575	G	0.00000	1	0.00000	0
576	G	0.00000	1	0.00000	0
577	R	0.00000	1	0.00000	0
578	R	0.00000	1	0.00000	0
579	R	0.00000	1	0.00000	0
580	A	0.00000	1	0.00000	0
581	V	0.00000	1	0.00000	0
582	T	0.00000	1	0.00000	0
583	F	0.00000	1	0.00000	0
584	S	0.00000	1	0.00000	0
585	N	0.00000	1	0.00000	0
586	W	0.00000	1	0.00000	0
587	N	0.00000	1	0.00000	0
588	F	0.00000	1	0.00000	0
589	L	0.00000	1	0.00000	0
590	E	0.00000	1	0.00000	0
591	P	0.00000	1	0.00000	0
592	A	0.00000	1	0.00000	0
593	S	0.00000	1	0.00000	0
594	P	0.00000	1	0.00000	0
595	G	0.00000	1	0.00000	0
596	G	0.00000	1	0.00000	0
597	C	0.00000	1	0.00000	0
598	V	0.00000	1	0.00000	0
599	A	0.00000	1	0.00000	0
600	M	0.00000	1	0.00000	0
601	S	0.00000	1	0.00000	0
602	T	0.00000	1	0.00000	0
603	G	0.00000	1	0.00000	0
604	K	0.00000	1	0.00000	0
605	S	0.00000	1	0.00000	0
606	V	0.00000	1	0.00000	0
607	G	0.00000	1	0.00000	0
608	K	0.00000	1	0.00000	0
609	W	0.00000	1	0.00000	0
610	E	0.00000	1	0.00000	0
611	V	0.00000	1	0.00000	0
612	K	0.00000	1	0.00000	0
613	D	0.00000	1	0.00000	0
614	C	0.00000	1	0.00000	0
615	R	0.00000	1	0.00000	0
616	S	0.00000	1	0.00000	0
617	F	0.00000	1	0.00000	0
618	K	0.00000	1	0.00000	0
619	A	0.00000	1	0.00000	0
620	L	0.00000	1	0.00000	0
621	S	0.00000	1	0.00000	0
622	I	0.00000	1	0.00000	0
623	C	0.00000	1	0.00000	0
624	K	0.00000	1	0.00000	0
625	K	0.00000	1	0.00000	0
626	M	0.00000	1	0.00000	0
627	S	0.00000	1	0.00000	0
628	G	0.00000	1	0.00000	0
629	P	0.00000	1	0.00000	0
630	L	0.00000	1	0.00000	0
631	G	0.00000	1	0.00000	0
632	P	0.00000	1	0.00000	0
633	E	0.00000	1	0.00000	0
634	E	0.00000	1	0.00000	0
635	A	0.00000	1	0.00000	0
636	S	0.00000	1	0.00000	0
637	P	0.00000	1	0.00000	0
638	K	0.00000	1	0.00000	0
639	P	0.00000	1	0.00000	0
640	D	0.00000	1	0.00000	0
641	D	0.00000	1	0.00000	0
642	P	0.00000	1	0.00000	0
643	C	0.00000	1	0.00000	0
644	P	0.00000	1	0.00000	0
645	E	0.00000	1	0.00000	0
646	G	0.00000	1	0.00000	0
647	W	0.00000	1	0.00000	0
648	Q	0.00000	1	0.00000	0
649	S	0.00000	1	0.00000	0
650	F	0.00000	1	0.00000	0
651	P	0.00000	1	0.00000	0
652	A	0.00000	1	0.00000	0
653	S	0.00000	1	0.00000	0
654	L	0.00000	1	0.00000	0
655	S	0.00000	1	0.00000	0
656	C	0.00000	1	0.00000	0
657	Y	0.00000	1	0.00000	0
658	K	0.00000	1	0.00000	0
659	V	0.00000	1	0.00000	0
660	F	0.00000	1	0.00000	0
661	H	0.00000	1	0.00000	0
662	A	0.00000	1	0.00000	0
663	E	0.00000	1	0.00000	0
664	R	0.00000	1	0.00000	0
665	I	0.00000	1	0.00000	0
666	V	0.00000	1	0.00000	0
667	R	0.00000	1	0.00000	0
668	K	0.00000	1	0.00000	0
669	R	0.00000	1	0.00000	0
670	N	0.00000	1	0.00000	0
671	W	0.00000	1	0.00000	0
672	E	0.00000	1	0.00000	0
673	E	0.00000	1	0.00000	0
674	A	0.00000	1	0.00000	0
675	E	0.00000	1	0.00000	0
676	R	0.00000	1	0.00000	0
677	F	0.00000	1	0.00000	0
678	C	0.00000	1	0.00000	0
679	Q	0.00000	1	0.00000	0
680	A	0.00000	1	0.00000	0
681	L	0.00000	1	0.00000	0
682	G	0.00000	1	0.00000	0
683	A	0.00000	1	0.00000	0
684	H	0.00000	1	0.00000	0
685	L	0.00000	1	0.00000	0
686	S	0.00000	1	0.00000	0
687	S	0.00000	1	0.00000	0
688	F	0.00000	1	0.00000	0
689	S	0.00000	1	0.00000	0
690	H	0.00000	1	0.00000	0
691	V	0.00000	1	0.00000	0
692	D	0.00000	1	0.00000	0
693	E	0.00000	1	0.00000	0
694	I	0.00000	1	0.00000	0
695	K	0.00000	1	0.00000	0
696	E	0.00000	1	0.00000	0
697	F	0.00000	1	0.00000	0
698	L	0.00000	1	0.00000	0
699	H	0.00000	1	0.00000	0
700	F	0.00000	1	0.00000	0
701	L	0.00000	1	0.00000	0
702	T	0.00000	1	0.00000	0
703	D	0.00000	1	0.00000	0
704	Q	0.00000	1	0.00000	0
705	F	0.00000	1	0.00000	0
706	S	0.00000	1	0.00000	0
707	G	0.00000	1	0.00000	0
708	Q	0.00000	1	0.00000	0
709	H	0.00000	1	0.00000	0
710	W	0.00000	1	0.00000	0
711	L	0.00000	1	0.00000	0
712	W	0.00000	1	0.00000	0
713	I	0.00000	1	0.00000	0
714	G	0.00000	1	0.00000	0
715	L	0.00000	1	0.00000	0
716	N	0.00000	1	0.00000	0
717	K	0.00000	1	0.00000	0
718	R	0.00000	1	0.00000	0
719	S	0.00000	1	0.00000	0
720	P	0.00000	1	0.00000	0
721	D	0.00000	1	0.00000	0
722	L	0.00000	1	0.00000	0
723	Q	0.00000	1	0.00000	0
724	G	0.00000	1	0.00000	0
725	S	0.00000	1	0.00000	0
726	W	0.00000	1	0.00000	0
727	Q	0.00000	1	0.00000	0
728	W	0.00000	1	0.00000	0
729	S	0.00000	1	0.00000	0
730	D	0.00000	1	0.00000	0
731	R	0.00000	1	0.00000	0
732	T	0.00000	1	0.00000	0
733	P	0.00000	1	0.00000	0
734	V	0.00000	1	0.00000	0
735	S	0.00000	1	0.00000	0
736	T	0.00000	1	0.00000	0
737	I	0.00000	1	0.00000	0
738	I	0.00000	1	0.00000	0
739	M	0.00000	1	0.00000	0
740	P	0.00000	1	0.00000	0
741	N	0.00000	1	0.00000	0
742	E	0.00000	1	0.00000	0
743	F	0.00000	1	0.00000	0
744	Q	0.00000	1	0.00000	0
745	Q	0.00000	1	0.00000	0
746	D	0.00000	1	0.00000	0
747	Y	0.00000	1	0.00000	0
748	D	0.00000	1	0.00000	0
749	I	0.00000	1	0.00000	0
750	R	0.00000	1	0.00000	0
751	D	0.00000	1	0.00000	0
752	C	0.00000	1	0.00000	0
753	A	0.00000	1	0.00000	0
754	A	0.00000	1	0.00000	0
755	V	0.00000	1	0.00000	0
756	K	0.00000	1	0.00000	0
757	V	0.00000	1	0.00000	0
758	F	0.00000	1	0.00000	0
759	H	0.00000	1	0.00000	0
760	R	0.00000	1	0.00000	0
761	P	0.00000	1	0.00000	0
762	W	0.00000	1	0.00000	0
763	R	0.00000	1	0.00000	0
764	R	0.00000	1	0.00000	0
765	G	0.00000	1	0.00000	0
766	W	0.00000	1	0.00000	0
767	H	0.00000	1	0.00000	0
768	F	0.00000	1	0.00000	0
769	Y	0.00000	1	0.00000	0
770	D	0.00000	1	0.00000	0
771	D	0.00000	1	0.00000	0
772	R	0.00000	1	0.00000	0
773	E	0.00000	1	0.00000	0
774	F	0.00000	1	0.00000	0
775	I	0.00000	1	0.00000	0
776	Y	0.00000	1	0.00000	0
777	L	0.00000	1	0.00000	0
778	R	0.00000	1	0.00000	0
779	P	0.00000	1	0.00000	0
780	F	0.00000	1	0.00000	0
781	A	0.00000	1	0.00000	0
782	C	0.00000	1	0.00000	0
783	D	0.00000	1	0.00000	0
784	T	0.00000	1	0.00000	0
785	K	0.00000	1	0.00000	0
786	L	0.00000	1	0.00000	0
787	E	0.00000	1	0.00000	0
788	W	0.00000	1	0.00000	0
789	V	0.00000	1	0.00000	0
790	C	0.00000	1	0.00000	0
791	Q	0.00000	1	0.00000	0
792	I	0.00000	1	0.00000	0
793	P	0.00000	1	0.00000	0
794	K	0.00000	1	0.00000	0
795	G	0.00000	1	0.00000	0
796	R	0.00000	1	0.00000	0
797	T	0.00000	1	0.00000	0
798	P	0.00000	1	0.00000	0
799	K	0.00000	1	0.00000	0
800	T	0.00000	1	0.00000	0
801	P	0.00000	1	0.00000	0
802	D	0.00000	1	0.00000	0
803	W	0.00000	1	0.00000	0
804	Y	0.00000	1	0.00000	0
805	N	0.00000	1	0.00000	0
806	P	0.00000	1	0.00000	0
807	D	0.00000	1	0.00000	0
808	R	0.00000	1	0.00000	0
809	A	0.00000	1	0.00000	0
810	G	0.00000	1	0.00000	0
811	I	0.00000	1	0.00000	0
812	H	0.00000	1	0.00000	0
813	G	0.00000	1	0.00000	0
814	P	0.00000	1	0.00000	0
815	P	0.00000	1	0.00000	0
816	L	0.00000	1	0.00000	0
817	I	0.00000	1	0.00000	0
818	I	0.00000	1	0.00000	0
819	E	0.00000	1	0.00000	0
820	G	0.00000	1	0.00000	0
821	S	0.00000	1	0.00000	0
822	E	0.00000	1	0.00000	0
823	Y	0.00000	1	0.00000	0
824	W	0.00000	1	0.00000	0
825	F	0.00000	1	0.00000	0
826	V	0.00000	1	0.00000	0
827	A	0.00000	1	0.00000	0
828	D	0.00000	1	0.00000	0
829	L	0.00000	1	0.00000	0
830	H	0.00000	1	0.00000	0
831	L	0.00000	1	0.00000	0
832	N	0.00000	1	0.00000	0
833	Y	0.00000	1	0.00000	0
834	E	0.00000	1	0.00000	0
835	E	0.00000	1	0.00000	0
836	A	0.00000	1	0.00000	0
837	V	0.00000	1	0.00000	0
838	L	0.00000	1	0.00000	0
839	Y	0.00000	1	0.00000	0
840	C	0.00000	1	0.00000	0
841	A	0.00000	1	0.00000	0
842	S	0.00000	1	0.00000	0
843	N	0.00000	1	0.00000	0
844	H	0.00000	1	0.00000	0
845	S	0.00000	1	0.00000	0
846	F	0.00000	1	0.00000	0
847	L	0.00000	1	0.00000	0
848	A	0.00000	1	0.00000	0
849	T	0.00000	1	0.00000	0
850	I	0.00000	1	0.00000	0
851	T	0.00000	1	0.00000	0
852	S	0.00000	1	0.00000	0
853	F	0.00000	1	0.00000	0
854	V	0.00000	1	0.00000	0
855	G	0.00000	1	0.00000	0
856	L	0.00000	1	0.00000	0
857	K	0.00000	1	0.00000	0
858	A	0.00000	1	0.00000	0
859	I	0.00000	1	0.00000	0
860	K	0.00000	1	0.00000	0
861	N	0.00000	1	0.00000	0
862	K	0.00000	1	0.00000	0
863	I	0.00000	1	0.00000	0
864	A	0.00000	1	0.00000	0
865	N	0.00000	1	0.00000	0
866	I	0.00000	1	0.00000	0
867	S	0.00000	1	0.00000	0
868	G	0.00000	1	0.00000	0
869	D	0.00000	1	0.00000	0
870	G	0.00000	1	0.00000	0
871	Q	0.00000	1	0.00000	0
872	K	0.00000	1	0.00000	0
873	W	0.00000	1	0.00000	0
874	W	0.00000	1	0.00000	0
875	I	0.00000	1	0.00000	0
876	R	0.00000	1	0.00000	0
877	I	0.00000	1	0.00000	0
878	S	0.00000	1	0.00000	0
879	E	0.00000	1	0.00000	0
880	W	0.00000	1	0.00000	0
881	P	0.00000	1	0.00000	0
882	I	0.00000	1	0.00000	0
883	D	0.00000	1	0.00000	0
884	D	0.00000	1	0.00000	0
885	H	0.00000	1	0.00000	0
886	F	0.00000	1	0.00000	0
887	T	0.00000	1	0.00000	0
888	Y	0.00000	1	0.00000	0
889	S	0.00000	1	0.00000	0
890	R	0.00000	1	0.00000	0
891	Y	0.00000	1	0.00000	0
892	P	0.00000	1	0.00000	0
893	W	0.00000	1	0.00000	0
894	H	0.00000	1	0.00000	0
895	R	0.00000	1	0.00000	0
896	F	0.00000	1	0.00000	0
897	P	0.00000	1	0.00000	0
898	V	0.00000	1	0.00000	0
899	T	0.00000	1	0.00000	0
900	F	0.00000	1	0.00000	0
901	G	0.00000	1	0.00000	0
902	E	0.00000	1	0.00000	0
903	E	0.00000	1	0.00000	0
904	C	0.00000	1	0.00000	0
905	L	0.00000	1	0.00000	0
906	Y	0.00000	1	0.00000	0
907	M	0.00000	1	0.00000	0
908	S	0.00000	1	0.00000	0
909	A	0.00000	1	0.00000	0
910	K	0.00000	1	0.00000	0
911	T	0.00000	1	0.00000	0
912	W	0.00000	1	0.00000	0
913	L	0.00000	1	0.00000	0
914	I	0.00000	1	0.00000	0
915	D	0.00000	1	0.00000	0
916	L	0.00000	1	0.00000	0
917	G	0.00000	1	0.00000	0
918	K	0.00000	1	0.00000	0
919	P	0.00000	1	0.00000	0
920	T	0.00000	1	0.00000	0
921	D	0.00000	1	0.00000	0
922	C	0.00000	1	0.00000	0
923	S	0.00000	1	0.00000	0
924	T	0.00000	1	0.00000	0
925	K	0.00000	1	0.00000	0
926	L	0.00000	1	0.00000	0
927	P	0.00000	1	0.00000	0
928	F	0.00000	1	0.00000	0
929	I	0.00000	1	0.00000	0
930	C	0.00000	1	0.00000	0
931	E	0.00000	1	0.00000	0
932	K	0.00000	1	0.00000	0
933	Y	0.00000	1	0.00000	0
934	N	0.00000	1	0.00000	0
935	V	0.00000	1	0.00000	0
936	S	0.00000	1	0.00000	0
937	S	0.00000	1	0.00000	0
938	L	0.00000	1	0.00000	0
939	E	0.00000	1	0.00000	0
940	K	0.00000	1	0.00000	0
941	Y	0.00000	1	0.00000	0
942	S	0.00000	1	0.00000	0
943	P	0.00000	1	0.00000	0
944	D	0.00000	1	0.00000	0
945	S	0.00000	1	0.00000	0
946	A	0.00000	1	0.00000	0
947	A	0.00000	1	0.00000	0
948	K	0.00000	1	0.00000	0
949	V	0.00000	1	0.00000	0
950	Q	0.00000	1	0.00000	0
951	C	0.00000	1	0.00000	0
952	S	0.00000	1	0.00000	0
953	E	0.00000	1	0.00000	0
954	Q	0.00000	1	0.00000	0
955	W	0.00000	1	0.00000	0
956	I	0.00000	1	0.00000	0
957	P	0.00000	1	0.00000	0
958	F	0.00000	1	0.00000	0
959	Q	0.00000	1	0.00000	0
960	N	0.00000	1	0.00000	0
961	K	0.00000	1	0.00000	0
962	C	0.00000	1	0.00000	0
963	F	0.00000	1	0.00000	0
964	L	0.00000	1	0.00000	0
965	K	0.00000	1	0.00000	0
966	I	0.00000	1	0.00000	0
967	K	0.00000	1	0.00000	0
968	P	0.00000	1	0.00000	0
969	V	0.00000	1	0.00000	0
970	S	0.00000	1	0.00000	0
971	L	0.00000	1	0.00000	0
972	T	0.00000	1	0.00000	0
973	F	0.00000	1	0.00000	0
974	S	0.00000	1	0.00000	0
975	Q	0.00000	1	0.00000	0
976	A	0.00000	1	0.00000	0
977	S	0.00000	1	0.00000	0
978	D	0.00000	1	0.00000	0
979	T	0.00000	1	0.00000	0
980	C	0.00000	1	0.00000	0
981	H	0.00000	1	0.00000	0
982	S	0.00000	1	0.00000	0
983	Y	0.00000	1	0.00000	0
984	G	0.00000	1	0.00000	0
985	G	0.00000	1	0.00000	0
986	T	0.00000	1	0.00000	0
987	L	0.00000	1	0.00000	0
988	P	0.00000	1	0.00000	0
989	S	0.00000	1	0.00000	0
990	V	0.00000	1	0.00000	0
991	L	0.00000	1	0.00000	0
992	S	0.00000	1	0.00000	0
993	Q	0.00000	1	0.00000	0
994	I	0.00000	1	0.00000	0
995	E	0.00000	1	0.00000	0
996	Q	0.00000	1	0.00000	0
997	D	0.00000	1	0.00000	0
998	F	0.00000	1	0.00000	0
999	I	0.00000	1	0.00000	0
1000	T	0.00000	1	0.00000	0
1001	S	0.00000	1	0.00000	0
1002	L	0.00000	1	0.00000	0
1003	L	0.00000	1	0.00000	0
1004	P	0.00000	1	0.00000	0
1005	D	0.00000	1	0.00000	0
1006	M	0.00000	1	0.00000	0
1007	E	0.00000	1	0.00000	0
1008	A	0.00000	1	0.00000	0
1009	T	0.00000	1	0.00000	0
1010	L	0.00000	1	0.00000	0
1011	W	0.00000	1	0.00000	0
1012	I	0.00000	1	0.00000	0
1013	G	0.00000	1	0.00000	0
1014	L	0.00000	1	0.00000	0
1015	R	0.00000	1	0.00000	0
1016	W	0.00000	1	0.00000	0
1017	T	0.00000	1	0.00000	0
1018	A	0.00000	1	0.00000	0
1019	Y	0.00000	1	0.00000	0
1020	E	0.00000	1	0.00000	0
1021	K	0.00000	1	0.00000	0
1022	I	0.00000	1	0.00000	0
1023	N	0.00000	1	0.00000	0
1024	K	0.00000	1	0.00000	0
1025	W	0.00000	1	0.00000	0
1026	T	0.00000	1	0.00000	0
1027	D	0.00000	1	0.00000	0
1028	N	0.00000	1	0.00000	0
1029	R	0.00000	1	0.00000	0
1030	E	0.00000	1	0.00000	0
1031	L	0.00000	1	0.00000	0
1032	T	0.00000	1	0.00000	0
1033	Y	0.00000	1	0.00000	0
1034	S	0.00000	1	0.00000	0
1035	N	0.00000	1	0.00000	0
1036	F	0.00000	1	0.00000	0
1037	H	0.00000	1	0.00000	0
1038	P	0.00000	1	0.00000	0
1039	L	0.00000	1	0.00000	0
1040	L	0.00000	1	0.00000	0
1041	V	0.00000	1	0.00000	0
1042	S	0.00000	1	0.00000	0
1043	G	0.00000	1	0.00000	0
1044	R	0.00000	1	0.00000	0
1045	L	0.00000	1	0.00000	0
1046	R	0.00000	1	0.00000	0
1047	I	0.00000	1	0.00000	0
1048	P	0.00000	1	0.00000	0
1049	E	0.00000	1	0.00000	0
1050	N	0.00000	1	0.00000	0
1051	F	0.00000	1	0.00000	0
1052	F	0.00000	1	0.00000	0
1053	E	0.00000	1	0.00000	0
1054	E	0.00000	1	0.00000	0
1055	E	0.00000	1	0.00000	0
1056	S	0.00000	1	0.00000	0
1057	R	0.00000	1	0.00000	0
1058	Y	0.00000	1	0.00000	0
1059	H	0.00000	1	0.00000	0
1060	C	0.00000	1	0.00000	0
1061	A	0.00000	1	0.00000	0
1062	L	0.00000	1	0.00000	0
1063	I	0.00000	1	0.00000	0
1064	L	0.00000	1	0.00000	0
1065	N	0.00000	1	0.00000	0
1066	L	0.00000	1	0.00000	0
1067	Q	0.00000	1	0.00000	0
1068	K	0.00000	1	0.00000	0
1069	S	0.00000	1	0.00000	0
1070	P	0.00000	1	0.00000	0
1071	F	0.00000	1	0.00000	0
1072	T	0.00000	1	0.00000	0
1073	G	0.00000	1	0.00000	0
1074	T	0.00000	1	0.00000	0
1075	W	0.00000	1	0.00000	0
1076	N	0.00000	1	0.00000	0
1077	F	0.00000	1	0.00000	0
1078	T	0.00000	1	0.00000	0
1079	S	0.00000	1	0.00000	0
1080	C	0.00000	1	0.00000	0
1081	S	0.00000	1	0.00000	0
1082	E	0.00000	1	0.00000	0
1083	R	0.00000	1	0.00000	0
1084	H	0.00000	1	0.00000	0
1085	F	0.00000	1	0.00000	0
1086	V	0.00000	1	0.00000	0
1087	S	0.00000	1	0.00000	0
1088	L	0.00000	1	0.00000	0
1089	C	0.00000	1	0.00000	0
1090	Q	0.00000	1	0.00000	0
1091	K	0.00000	1	0.00000	0
1092	Y	0.00000	1	0.00000	0
1093	S	0.00000	1	0.00000	0
1094	E	0.00000	1	0.00000	0
1095	V	0.00000	1	0.00000	0
1096	K	0.00000	1	0.00000	0
1097	S	0.00000	1	0.00000	0
1098	R	0.00000	1	0.00000	0
1099	Q	0.00000	1	0.00000	0
1100	T	0.00000	1	0.00000	0
1101	L	0.00000	1	0.00000	0
1102	Q	0.00000	1	0.00000	0
1103	N	0.00000	1	0.00000	0
1104	A	0.00000	1	0.00000	0
1105	S	0.00000	1	0.00000	0
1106	E	0.00000	1	0.00000	0
1107	T	0.00000	1	0.00000	0
1108	V	0.00000	1	0.00000	0
1109	K	0.00000	1	0.00000	0
1110	Y	0.00000	1	0.00000	0
1111	L	0.00000	1	0.00000	0
1112	N	0.00000	1	0.00000	0
1113	N	0.00000	1	0.00000	0
1114	L	0.00000	1	0.00000	0
1115	Y	0.00000	1	0.00000	0
1116	K	0.00000	1	0.00000	0
1117	I	0.00000	1	0.00000	0
1118	I	0.00000	1	0.00000	0
1119	P	0.00000	1	0.00000	0
1120	K	0.00000	1	0.00000	0
1121	T	0.00000	1	0.00000	0
1122	L	0.00000	1	0.00000	0
1123	T	0.00000	1	0.00000	0
1124	W	0.00000	1	0.00000	0
1125	H	0.00000	1	0.00000	0
1126	S	0.00000	1	0.00000	0
1127	A	0.00000	1	0.00000	0
1128	K	0.00000	1	0.00000	0
1129	R	0.00000	1	0.00000	0
1130	E	0.00000	1	0.00000	0
1131	C	0.00000	1	0.00000	0
1132	L	0.00000	1	0.00000	0
1133	K	0.00000	1	0.00000	0
1134	S	0.00000	1	0.00000	0
1135	N	0.00000	1	0.00000	0
1136	M	0.00000	1	0.00000	0
1137	Q	0.00000	1	0.00000	0
1138	L	0.00000	1	0.00000	0
1139	V	0.00000	1	0.00000	0
1140	S	0.00000	1	0.00000	0
1141	I	0.00000	1	0.00000	0
1142	T	0.00000	1	0.00000	0
1143	D	0.00000	1	0.00000	0
1144	P	0.00000	1	0.00000	0
1145	Y	0.00000	1	0.00000	0
1146	Q	0.00000	1	0.00000	0
1147	Q	0.00000	1	0.00000	0
1148	A	0.00000	1	0.00000	0
1149	F	0.00000	1	0.00000	0
1150	L	0.00000	1	0.00000	0
1151	S	0.00000	1	0.00000	0
1152	V	0.00000	1	0.00000	0
1153	Q	0.00000	1	0.00000	0
1154	A	0.00000	1	0.00000	0
1155	L	0.00000	1	0.00000	0
1156	L	0.00000	1	0.00000	0
1157	H	0.00000	1	0.00000	0
1158	N	0.00000	1	0.00000	0
1159	S	0.00000	1	0.00000	0
1160	S	0.00000	1	0.00000	0
1161	L	0.00000	1	0.00000	0
1162	W	0.00000	1	0.00000	0
1163	I	0.00000	1	0.00000	0
1164	G	0.00000	1	0.00000	0
1165	L	0.00000	1	0.00000	0
1166	F	0.00000	1	0.00000	0
1167	S	0.00000	1	0.00000	0
1168	Q	0.00000	1	0.00000	0
1169	D	0.00000	1	0.00000	0
1170	D	0.00000	1	0.00000	0
1171	E	0.00000	1	0.00000	0
1172	L	0.00000	1	0.00000	0
1173	N	0.00000	1	0.00000	0
1174	F	0.00000	1	0.00000	0
1175	G	0.00000	1	0.00000	0
1176	W	0.00000	1	0.00000	0
1177	S	0.00000	1	0.00000	0
1178	D	0.00000	1	0.00000	0
1179	G	0.00000	1	0.00000	0
1180	K	0.00000	1	0.00000	0
1181	R	0.00000	1	0.00000	0
1182	L	0.00000	1	0.00000	0
1183	H	0.00000	1	0.00000	0
1184	F	0.00000	1	0.00000	0
1185	S	0.00000	1	0.00000	0
1186	R	0.00000	1	0.00000	0
1187	W	0.00000	1	0.00000	0
1188	A	0.00000	1	0.00000	0
1189	E	0.00000	1	0.00000	0
1190	T	0.00000	1	0.00000	0
1191	N	0.00000	1	0.00000	0
1192	G	0.00000	1	0.00000	0
1193	Q	0.00000	1	0.00000	0
1194	L	0.00000	1	0.00000	0
1195	E	0.00000	1	0.00000	0
1196	D	0.00000	1	0.00000	0
1197	C	0.00000	1	0.00000	0
1198	V	0.00000	1	0.00000	0
1199	V	0.00000	1	0.00000	0
1200	L	0.00000	1	0.00000	0
1201	D	0.00000	1	0.00000	0
1202	T	0.00000	1	0.00000	0
1203	D	0.00000	1	0.00000	0
1204	G	0.00000	1	0.00000	0
1205	F	0.00000	1	0.00000	0
1206	W	0.00000	1	0.00000	0
1207	K	0.00000	1	0.00000	0
1208	T	0.00000	1	0.00000	0
1209	V	0.00000	1	0.00000	0
1210	D	0.00000	1	0.00000	0
1211	C	0.00000	1	0.00000	0
1212	N	0.00000	1	0.00000	0
1213	D	0.00000	1	0.00000	0
1214	N	0.00000	1	0.00000	0
1215	Q	0.00000	1	0.00000	0
1216	P	0.00000	1	0.00000	0
1217	G	0.00000	1	0.00000	0
1218	A	0.00000	1	0.00000	0
1219	I	0.00000	1	0.00000	0
1220	C	0.00000	1	0.00000	0
1221	Y	0.00000	1	0.00000	0
1222	Y	0.00000	1	0.00000	0
1223	S	0.00000	1	0.00000	0
1224	G	0.00000	1	0.00000	0
1225	N	0.00000	1	0.00000	0
1226	E	0.00000	1	0.00000	0
1227	T	0.00000	1	0.00000	0
1228	E	0.00000	1	0.00000	0
1229	K	0.00000	1	0.00000	0
1230	E	0.00000	1	0.00000	0
1231	V	0.00000	1	0.00000	0
1232	K	0.00000	1	0.00000	0
1233	P	0.00000	1	0.00000	0
1234	V	0.00000	1	0.00000	0
1235	D	0.00000	1	0.00000	0
1236	S	0.00000	1	0.00000	0
1237	V	0.00000	1	0.00000	0
1238	K	0.00000	1	0.00000	0
1239	C	0.00000	1	0.00000	0
1240	P	0.00000	1	0.00000	0
1241	S	0.00000	1	0.00000	0
1242	P	0.00000	1	0.00000	0
1243	V	0.00000	1	0.00000	0
1244	L	0.00000	1	0.00000	0
1245	N	0.00000	1	0.00000	0
1246	T	0.00000	0.99993	0.00007	0
1247	P	0.00000	0.99985	0.00015	0
1248	W	0.00000	0.99954	0.00046	0
1249	I	0.00000	0.99954	0.00046	0
1250	P	0.00000	0.99954	0.00046	0
1251	F	0.00000	0.99954	0.00046	0
1252	Q	0.00000	0.99954	0.00046	0
1253	N	0.00000	0.99954	0.00046	0
1254	C	0.00000	0.99954	0.00046	0
1255	C	0.00000	0.99954	0.00046	0
1256	Y	0.00000	0.99952	0.00048	0
1257	N	0.00000	0.99951	0.00049	0
1258	F	0.00000	0.99895	0.00105	0
1259	I	0.00000	0.99895	0.00105	0
1260	I	0.00000	0.99895	0.00105	0
1261	T	0.00000	0.99895	0.00105	0
1262	K	0.00000	0.99895	0.00105	0
1263	N	0.00000	0.99895	0.00105	0
1264	R	0.00000	0.99895	0.00105	0
1265	H	0.00000	0.99895	0.00105	0
1266	M	0.00000	0.99894	0.00106	0
1267	A	0.00006	0.99894	0.00100	0
1268	T	0.00010	0.99894	0.00096	0
1269	T	0.00044	0.99894	0.00062	0
1270	Q	0.00046	0.99894	0.00060	0
1271	D	0.00046	0.99894	0.00060	0
1272	E	0.00046	0.99888	0.00066	0
1273	V	0.00046	0.99888	0.00066	0
1274	H	0.00046	0.99888	0.00066	0
1275	T	0.00046	0.99888	0.00066	0
1276	K	0.00046	0.99888	0.00066	0
1277	C	0.00046	0.99888	0.00066	0
1278	Q	0.00089	0.99888	0.00023	0
1279	K	0.00103	0.99888	0.00009	0
1280	L	0.00103	0.99888	0.00009	0
1281	N	0.00105	0.99888	0.00007	0
1282	P	0.00105	0.99888	0.00007	0
1283	K	0.00102	0.99887	0.00011	0
1284	S	0.00093	0.99879	0.00028	0
1285	H	0.00060	0.99834	0.00106	0
1286	I	0.00059	0.9969	0.00250	0
1287	L	0.00059	0.9969	0.00250	0
1288	S	0.00060	0.9969	0.00250	0
1289	I	0.00060	0.9969	0.00250	0
1290	R	0.00066	0.9969	0.00244	0
1291	D	0.00066	0.9969	0.00244	0
1292	E	0.00065	0.9969	0.00244	0
1293	K	0.00063	0.99687	0.00250	0
1294	E	0.00048	0.99601	0.00351	0
1295	N	0.00009	0.98708	0.01283	0
1296	N	0.00006	0.96543	0.03451	0
1297	F	0.00005	0.62106	0.37889	0
1298	V	0.00005	0.60449	0.39546	0
1299	L	0.00005	0.60319	0.39677	0
1300	E	0.00005	0.59325	0.40671	0
1301	Q	0.00004	0.50478	0.49518	0
1302	L	0.00002	0.49717	0.50281	0
1303	L	0.00000	0.37344	0.62655	0
1304	Y	0.00000	0.33573	0.66427	0
1305	F	0.00003	0.32894	0.67103	0
1306	N	0.00128	0.32875	0.66997	0
1307	Y	0.00147	0.03284	0.96569	0
1308	M	0.00172	0.00839	0.98989	0
1309	A	0.00195	0.00093	0.99712	0
1310	S	0.00196	0.00042	0.99762	0
1311	W	0.00190	0.00034	0.99776	0
1312	V	0.00122	0.00034	0.99844	0
1313	M	0.00095	0.00035	0.99870	0
1314	L	0.00082	0.00035	0.99883	0
1315	G	0.02047	0.00043	0.97910	0
1316	I	0.19802	0.00084	0.80114	0
1317	T	0.26782	0.001	0.73119	0
1318	Y	0.29388	0.00106	0.70506	0
1319	R	0.41120	0.00107	0.58773	0
1320	N	0.43976	0.00107	0.55916	0
1321	K	0.49161	0.00108	0.50732	0
1322	S	0.47035	0.00108	0.52858	0
1323	L	0.39656	0.00108	0.60236	0
1324	M	0.26545	0.00108	0.73348	0
1325	W	0.25530	0.00108	0.74362	0
1326	F	0.39330	0.00111	0.60559	0
1327	D	0.64920	0.00112	0.34969	0
1328	K	0.73030	0.00112	0.26858	0
1329	T	0.74209	0.00112	0.25679	0
1330	P	0.74630	0.00114	0.25256	0
1331	L	0.55319	0.00117	0.44564	0
1332	S	0.50524	0.00144	0.49332	0
1333	Y	0.49809	0.00264	0.49927	0
1334	T	0.49804	0.0027	0.49927	0
1335	H	0.49801	0.00277	0.49923	0
1336	W	0.49801	0.00277	0.49923	0
1337	R	0.49801	0.00277	0.49922	0
1338	A	0.49801	0.00277	0.49922	0
1339	G	0.49801	0.00277	0.49922	0
1340	R	0.49801	0.003	0.49899	0
1341	P	0.49800	0.00719	0.49481	0
1342	T	0.27301	0.01193	0.71505	0
1343	I	0.00007	0.02158	0.97835	0
1344	K	0.00001	0.2052	0.79480	0
1345	N	0.00000	0.2485	0.75150	0
1346	E	0.00000	0.25366	0.74634	0
1347	K	0.00000	0.25366	0.74634	0
1348	F	0.00000	0.25366	0.74634	0
1349	L	0.00000	0.2567	0.74330	0
1350	A	0.00000	0.26207	0.73793	0
1351	G	0.00000	0.32518	0.67482	0
1352	L	0.00000	0.46577	0.53423	0
1353	S	0.00000	0.49444	0.50556	0
1354	T	0.00000	0.49886	0.50114	0
1355	D	0.00000	0.50128	0.49872	0
1356	G	0.00000	0.50147	0.49853	0
1357	F	0.00000	0.50151	0.49849	0
1358	W	0.00000	0.50161	0.49839	0
1359	D	0.00000	0.50238	0.49762	0
1360	I	0.00000	0.5056	0.49440	0
1361	Q	0.00000	0.98939	0.01061	0
1362	T	0.00000	0.99991	0.00009	0
1363	F	0.00000	0.99996	0.00004	0
1364	K	0.00000	0.99997	0.00003	0
1365	V	0.00000	0.99997	0.00003	0
1366	I	0.00000	0.99999	0.00001	0
1367	E	0.00000	1	0.00000	0
1368	E	0.00000	1	0.00000	0
1369	A	0.00000	0.91466	0.08534	0
1370	V	0.00000	0.67923	0.32077	0
1371	Y	0.00000	0.02964	0.97036	0
1372	F	0.00000	0.00035	0.99965	0
1373	H	0.00000	4e-05	0.99996	0
1374	Q	0.00000	4e-05	0.99996	0
1375	H	0.00000	4e-05	0.99996	0
1376	S	0.00000	4e-05	0.99996	0
1377	I	0.00000	4e-05	0.99996	0
1378	L	0.00000	4e-05	0.99996	0
1379	A	0.00000	4e-05	0.99996	0
1380	C	0.00000	4e-05	0.99996	0
1381	K	0.00000	4e-05	0.99996	0
1382	I	0.00000	4e-05	0.99996	0
1383	E	0.00000	4e-05	0.99996	0
1384	M	0.00000	4e-05	0.99996	0
1385	V	0.00000	4e-05	0.99996	0
1386	D	0.00000	4e-05	0.99996	0
1387	Y	0.00000	4e-05	0.99996	0
1388	K	0.00000	4e-05	0.99996	0
1389	E	0.00000	4e-05	0.99996	0
1390	E	0.00301	4e-05	0.99695	0
1391	Y	0.99622	4e-05	0.00373	0
1392	N	0.99952	4e-05	0.00044	0
1393	T	0.99992	4e-05	0.00004	0
1394	T	0.99995	4e-05	0.00001	0
1395	L	0.99996	4e-05	0.00000	0
1396	P	0.99996	4e-05	0.00000	0
1397	Q	0.99996	4e-05	0.00000	0
1398	F	0.99996	4e-05	0.00000	0
1399	M	0.99996	4e-05	0.00000	0
1400	P	0.99996	4e-05	0.00000	0
1401	Y	0.99996	4e-05	0.00000	0
1402	E	0.99996	4e-05	0.00000	0
1403	D	0.99996	4e-05	0.00000	0
1404	G	0.99995	4e-05	0.00001	0
1405	I	0.99993	4e-05	0.00003	0
1406	Y	0.99993	3e-05	0.00003	0
1407	S	0.99992	3e-05	0.00005	0
1408	V	0.99872	2e-05	0.00126	0
1409	I	0.99796	2e-05	0.00202	0
1410	Q	0.99789	2e-05	0.00209	0
1411	K	0.99439	2e-05	0.00559	0
1412	K	0.81475	0	0.18525	0
1413	V	0.00752	0	0.99248	0
1414	T	0.00044	0	0.99955	0
1415	W	0.00000	0	0.99999	0
1416	Y	0.00000	0	1.00000	0
1417	E	0.00000	0	1.00000	0
1418	A	0.00000	0	1.00000	0
1419	L	0.00000	0	1.00000	0
1420	N	0.00000	0	1.00000	0
1421	M	0.00000	0	1.00000	0
1422	C	0.00000	0	1.00000	0
1423	S	0.00000	0	1.00000	0
1424	Q	0.00000	1e-05	0.99999	0
1425	S	0.00000	2e-05	0.99998	0
1426	G	0.00000	2e-05	0.99998	0
1427	G	0.00000	3e-05	0.99997	0
1428	H	0.00000	0.00011	0.99989	0
1429	L	0.00001	0.00022	0.99977	0
1430	A	0.00001	0.00053	0.99946	0
1431	S	0.00001	0.00219	0.99780	0
1432	V	0.00002	0.02303	0.97695	0
1433	H	0.00004	0.92604	0.07392	0
1434	N	0.00004	0.99052	0.00944	0
1435	Q	0.00004	0.9993	0.00066	0
1436	N	0.00004	0.99991	0.00005	0
1437	G	0.00004	0.99995	0.00001	0
1438	Q	0.00004	0.99996	0.00000	0
1439	L	0.00004	0.99996	0.00000	0
1440	F	0.00004	0.99996	0.00000	0
1441	L	0.00004	0.99996	0.00000	0
1442	E	0.00004	0.99996	0.00000	0
1443	D	0.00004	0.99996	0.00000	0
1444	I	0.00004	0.99996	0.00000	0
1445	V	0.00004	0.99996	0.00000	0
1446	K	0.00004	0.99996	0.00000	0
1447	R	0.00004	0.99996	0.00000	0
1448	D	0.00004	0.99996	0.00000	0
1449	G	0.00002	0.99996	0.00002	0
1450	F	0.00000	0.99996	0.00004	0
1451	P	0.00000	0.99996	0.00004	0
1452	L	0.00000	0.99996	0.00004	0
1453	W	0.00000	0.99996	0.00004	0
1454	V	0.00000	0.99995	0.00005	0
1455	G	0.00000	0.99985	0.00015	0
1456	L	0.00000	0.99985	0.00015	0
1457	S	0.00000	0.99985	0.00015	0
1458	S	0.00000	0.99985	0.00015	0
1459	H	0.00000	0.99985	0.00015	0
1460	D	0.00000	0.99985	0.00015	0
1461	G	0.00000	0.99985	0.00015	0
1462	S	0.00000	0.99983	0.00017	0
1463	E	0.00000	0.99983	0.00017	0
1464	S	0.00000	0.9992	0.00080	0
1465	S	0.00000	0.84399	0.15601	0
1466	F	0.00000	0.84019	0.15981	0
1467	E	0.00000	0.83983	0.16017	0
1468	W	0.00000	0.83828	0.16172	0
1469	S	0.00000	0.83807	0.16193	0
1470	D	0.00000	0.68087	0.31913	0
1471	G	0.00000	0.65723	0.34277	0
1472	S	0.00000	0.65561	0.34439	0
1473	T	0.00000	0.6196	0.38040	0
1474	F	0.00000	0.61749	0.38251	0
1475	D	0.00000	0.5415	0.45850	0
1476	Y	0.00000	0.10495	0.89505	0
1477	I	0.00000	0.08955	0.91045	0
1478	P	0.00002	0.08902	0.91096	0
1479	W	0.00003	0.08829	0.91168	0
1480	K	0.00011	0.08807	0.91183	0
1481	G	0.00011	0.08691	0.91298	0
1482	Q	0.00011	0.08667	0.91322	0
1483	T	0.00011	0.08665	0.91324	0
1484	S	0.00011	0.08665	0.91323	0
1485	P	0.00012	0.08665	0.91323	0
1486	G	0.00012	0.08665	0.91323	0
1487	N	0.00012	0.08663	0.91325	0
1488	C	0.00012	0.08662	0.91325	0
1489	V	0.00017	0.08646	0.91337	0
1490	L	0.00077	0.08646	0.91277	0
1491	L	0.02876	0.08646	0.88478	0
1492	D	0.32054	0.08646	0.59300	0
1493	P	0.34192	0.08645	0.57162	0
1494	K	0.34881	0.08645	0.56474	0
1495	G	0.35021	0.08641	0.56338	0
1496	T	0.35320	0.08638	0.56041	0
1497	W	0.35703	0.08638	0.55659	0
1498	K	0.54115	0.08638	0.37246	0
1499	H	0.88328	0.08638	0.03033	0
1500	E	0.90909	0.08638	0.00453	0
1501	K	0.91112	0.08638	0.00250	0
1502	C	0.91133	0.08633	0.00234	0
1503	N	0.91323	0.08633	0.00044	0
1504	S	0.91333	0.08633	0.00034	0
1505	V	0.91333	0.08633	0.00034	0
1506	K	0.91335	0.08633	0.00032	0
1507	D	0.91335	0.08633	0.00032	0
1508	G	0.91335	0.08605	0.00061	0
1509	A	0.91335	0.08602	0.00063	0
1510	I	0.91335	0.08602	0.00063	0
1511	C	0.91336	0.08602	0.00061	0
1512	Y	0.91338	0.08602	0.00060	0
1513	K	0.91353	0.08602	0.00045	0
1514	P	0.91354	0.08602	0.00043	0
1515	T	0.91355	0.08602	0.00043	0
1516	K	0.91358	0.08602	0.00039	0
1517	S	0.91361	0.08601	0.00038	0
1518	K	0.91362	0.08601	0.00038	0
1519	K	0.91362	0.08591	0.00047	0
1520	L	0.91361	0.07703	0.00935	0
1521	S	0.91362	0.07402	0.01237	0
1522	R	0.91362	0.07348	0.01290	0
1523	L	0.91362	0.00208	0.08430	0
1524	T	0.91363	0.00117	0.08520	0
1525	Y	0.91364	0.00054	0.08582	0
1526	S	0.91366	0.00054	0.08581	0
1527	S	0.91367	0.00053	0.08579	0
1528	R	0.91367	0.00047	0.08586	0
1529	C	0.91367	0.00044	0.08588	0
1530	P	0.91382	0.00044	0.08573	0
1531	A	0.91383	0.00044	0.08573	0
1532	A	0.91387	0.00044	0.08569	0
1533	K	0.91398	0.00044	0.08558	0
1534	E	0.91398	0.00044	0.08558	0
1535	N	0.91398	0.00044	0.08558	0
1536	G	0.91398	0.00044	0.08559	0
1537	S	0.91398	0.00044	0.08559	0
1538	R	0.91398	0.00031	0.08572	0
1539	W	0.91398	0.00029	0.08574	0
1540	I	0.91398	0.00025	0.08578	0
1541	Q	0.91434	0.00024	0.08541	0
1542	Y	0.91450	0.00024	0.08525	0
1543	K	0.94063	0.00021	0.05916	0
1544	G	0.94092	0.0002	0.05888	0
1545	H	0.94205	0.00018	0.05777	0
1546	C	0.94336	0.00018	0.05646	0
1547	Y	0.96589	0.00018	0.03393	0
1548	K	0.99937	0.00018	0.00046	0
1549	S	0.99948	0.00018	0.00034	0
1550	D	0.99955	0.00017	0.00027	0
1551	Q	0.99955	0.00017	0.00027	0
1552	A	0.99955	0.00014	0.00031	0
1553	L	0.99955	2e-05	0.00043	0
1554	H	0.99955	2e-05	0.00043	0
1555	S	0.99955	1e-05	0.00044	0
1556	F	0.99955	0	0.00044	0
1557	S	0.99956	0	0.00044	0
1558	E	0.99961	0	0.00039	0
1559	A	0.99965	1e-05	0.00035	0
1560	K	0.99966	1e-05	0.00033	0
1561	K	0.99967	1e-05	0.00033	0
1562	L	0.99967	1e-05	0.00032	0
1563	C	0.99968	1e-05	0.00031	0
1564	S	0.99976	1e-05	0.00023	0
1565	K	0.99982	1e-05	0.00018	0
1566	H	0.99982	1e-05	0.00017	0
1567	D	0.99982	1e-05	0.00017	0
1568	H	0.99982	1e-05	0.00017	0
1569	S	0.99982	1e-05	0.00017	0
1570	A	0.99982	1e-05	0.00017	0
1571	T	0.99982	1e-05	0.00017	0
1572	I	0.99982	1e-05	0.00017	0
1573	V	0.99983	1e-05	0.00017	0
1574	S	0.99983	1e-05	0.00016	0
1575	I	0.99984	1e-05	0.00015	0
1576	K	0.99997	1e-05	0.00002	0
1577	D	0.99999	1e-05	0.00000	0
1578	E	0.99999	1e-05	0.00000	0
1579	D	0.99999	1e-05	0.00000	0
1580	E	0.99999	1e-05	0.00000	0
1581	N	0.99999	1e-05	0.00001	0
1582	K	0.99998	1e-05	0.00002	0
1583	F	0.99877	1e-05	0.00123	0
1584	V	0.98429	1e-05	0.01570	0
1585	S	0.98287	1e-05	0.01712	0
1586	R	0.98287	1e-05	0.01712	0
1587	L	0.98287	1e-05	0.01712	0
1588	M	0.98287	1e-05	0.01712	0
1589	R	0.98287	1e-05	0.01712	0
1590	E	0.98287	1e-05	0.01712	0
1591	N	0.98287	1e-05	0.01712	0
1592	N	0.98228	0	0.01771	0
1593	N	0.83105	0	0.16894	0
1594	I	0.07698	0	0.92302	0
1595	T	0.07631	0	0.92369	0
1596	M	0.04480	0	0.95520	0
1597	R	0.04478	0	0.95521	0
1598	V	0.03176	0	0.96823	0
1599	W	0.00431	0	0.99568	0
1600	L	0.00004	0	0.99996	0
1601	G	0.00001	1e-05	0.99998	0
1602	L	0.00001	9e-05	0.99990	0
1603	S	0.00000	0.00047	0.99953	0
1604	Q	0.00000	0.00275	0.99725	0
1605	H	0.00000	0.00452	0.99547	0
1606	S	0.00000	0.00605	0.99395	0
1607	V	0.00000	0.00876	0.99124	0
1608	D	0.00000	0.01709	0.98290	0
1609	Q	0.00000	0.01712	0.98287	0
1610	S	0.00000	0.01712	0.98287	0
1611	W	0.00000	0.01713	0.98287	0
1612	S	0.00000	0.01732	0.98267	0
1613	W	0.00000	0.0199	0.98010	0
1614	L	0.00000	0.11004	0.88995	0
1615	D	0.00001	0.92128	0.07871	0
1616	G	0.00001	0.9285	0.07149	0
1617	S	0.00001	0.93285	0.06714	0
1618	E	0.00001	0.93737	0.06263	0
1619	V	0.00000	0.93756	0.06244	0
1620	T	0.00000	0.93813	0.06187	0
1621	F	0.00000	0.93933	0.06067	0
1622	V	0.00000	0.95275	0.04725	0
1623	K	0.00000	0.99932	0.00068	0
1624	W	0.00000	0.99965	0.00035	0
1625	E	0.00000	0.99999	0.00001	0
1626	N	0.00000	0.99999	0.00001	0
1627	K	0.00000	0.99999	0.00000	0
1628	S	0.00000	0.99999	0.00000	0
1629	K	0.00000	0.99999	0.00001	0
1630	S	0.00000	0.99999	0.00001	0
1631	G	0.00000	0.99999	0.00001	0
1632	V	0.00000	0.99999	0.00001	0
1633	G	0.00000	0.99999	0.00001	0
1634	R	0.00000	0.99999	0.00001	0
1635	C	0.00000	0.99999	0.00001	0
1636	S	0.00000	0.99999	0.00001	0
1637	M	0.00000	0.99999	0.00001	0
1638	L	0.00000	0.99999	0.00001	0
1639	I	0.00000	0.99999	0.00001	0
1640	A	0.00000	0.99999	0.00001	0
1641	S	0.00000	0.99999	0.00000	0
1642	N	0.00000	1	0.00000	0
1643	E	0.00000	1	0.00000	0
1644	T	0.00000	1	0.00000	0
1645	W	0.00000	1	0.00000	0
1646	K	0.00000	1	0.00000	0
1647	K	0.00000	1	0.00000	0
1648	V	0.00000	1	0.00000	0
1649	E	0.00000	1	0.00000	0
1650	C	0.00000	1	0.00000	0
1651	E	0.00000	1	0.00000	0
1652	H	0.00000	1	0.00000	0
1653	G	0.00000	1	0.00000	0
1654	F	0.00000	1	0.00000	0
1655	G	0.00000	1	0.00000	0
1656	R	0.00000	0.99987	0.00013	0
1657	V	0.00000	0.99795	0.00205	0
1658	V	0.00000	0.99781	0.00219	0
1659	C	0.00000	0.99768	0.00231	0
1660	K	0.00000	0.99761	0.00239	0
1661	V	0.00000	0.99753	0.00247	0
1662	P	0.00000	0.99752	0.00248	0
1663	L	0.00000	0.99738	0.00262	0
1664	G	0.00000	0.99735	0.00265	0
1665	P	0.00000	0.99709	0.00291	0
1666	D	0.00000	0.99452	0.00548	0
1667	Y	0.00000	0.93821	0.06179	0
1668	T	0.00000	0.78964	0.21035	0
1669	A	0.00000	0.48586	0.51414	0
1670	I	0.00000	0.07188	0.92812	0
1671	A	0.00000	0.01417	0.98583	0
1672	I	0.00000	0.00085	0.99915	0
1673	I	0.00000	0	1.00000	0
1674	V	0.00000	0	1.00000	0
1675	A	0.00000	0	1.00000	0
1676	T	0.00000	0	1.00000	0
1677	L	0.00005	0	0.99995	0
1678	S	0.00014	0	0.99986	0
1679	I	0.00021	0	0.99979	0
1680	L	0.00027	0	0.99973	0
1681	V	0.00062	0	0.99938	0
1682	L	0.00141	0	0.99859	0
1683	M	0.00161	0	0.99839	0
1684	G	0.00235	0	0.99765	0
1685	G	0.00258	0	0.99742	0
1686	L	0.00283	0	0.99717	0
1687	I	0.00639	0	0.99361	0
1688	W	0.01660	0	0.98340	0
1689	F	0.02241	0	0.97759	0
1690	L	0.05686	0	0.94314	0
1691	F	0.22561	0	0.77439	0
1692	Q	0.98784	0	0.01216	0
1693	R	1.00000	0	0.00000	0
1694	H	1.00000	0	0.00000	0
1695	R	1.00000	0	0.00000	0
1696	L	1.00000	0	0.00000	0
1697	H	1.00000	0	0.00000	0
1698	L	1.00000	0	0.00000	0
1699	A	1.00000	0	0.00000	0
1700	G	1.00000	0	0.00000	0
1701	F	1.00000	0	0.00000	0
1702	S	1.00000	0	0.00000	0
1703	S	1.00000	0	0.00000	0
1704	V	1.00000	0	0.00000	0
1705	R	1.00000	0	0.00000	0
1706	Y	1.00000	0	0.00000	0
1707	A	1.00000	0	0.00000	0
1708	Q	1.00000	0	0.00000	0
1709	G	1.00000	0	0.00000	0
1710	V	1.00000	0	0.00000	0
1711	N	1.00000	0	0.00000	0
1712	E	1.00000	0	0.00000	0
1713	D	1.00000	0	0.00000	0
1714	E	1.00000	0	0.00000	0
1715	I	1.00000	0	0.00000	0
1716	M	1.00000	0	0.00000	0
1717	L	1.00000	0	0.00000	0
1718	P	1.00000	0	0.00000	0
1719	S	1.00000	0	0.00000	0
1720	F	1.00000	0	0.00000	0
1721	H	1.00000	0	0.00000	0
1722	D	1.00000	0	0.00000	0
