# UNNAMED
#pos	aa	i	o	M	S
1	M	0.00000	0.99576	0.00000	0.00424
2	K	0.00000	0.99576	0.00000	0.00424
3	L	0.00000	0.99576	0.00000	0.00424
4	G	0.00000	0.99576	0.00000	0.00424
5	S	0.00000	0.99576	0.00000	0.00424
6	S	0.00000	0.99576	0.00000	0.00424
7	R	0.00000	0.99576	0.00000	0.00424
8	A	0.00000	0.99576	0.00000	0.00424
9	G	0.00000	0.99576	0.00000	0.00425
10	P	0.00000	0.99576	0.00000	0.00424
11	G	0.00000	0.99576	0.00000	0.00424
12	R	0.00000	0.99576	0.00000	0.00425
13	G	0.00000	0.99576	0.00000	0.00424
14	S	0.00000	0.99604	0.00000	0.00396
15	A	0.00000	0.99604	0.00000	0.00395
16	G	0.00000	0.9963	0.00000	0.0037
17	L	0.00000	0.99634	0.00000	0.00365
18	L	0.00000	0.99637	0.00000	0.00363
19	P	0.00000	0.99636	0.00000	0.00364
20	G	0.00000	0.99636	0.00000	0.00363
21	V	0.00000	0.99637	0.00000	0.00362
22	H	0.00000	0.99637	0.00000	0.00362
23	E	0.00000	0.99637	0.00000	0.00362
24	L	0.00000	0.99733	0.00000	0.00266
25	P	0.00000	0.99733	0.00000	0.00266
26	M	0.00000	0.99733	0.00000	0.00266
27	G	0.00000	0.99733	0.00000	0.00266
28	I	0.00000	0.99733	0.00000	0.00266
29	P	0.00000	0.99733	0.00000	0.00266
30	A	0.00000	0.99733	0.00000	0.00266
31	P	0.00000	0.99733	0.00000	0.00266
32	W	0.00000	0.99733	0.00000	0.00266
33	G	0.00000	0.99733	0.00000	0.00266
34	T	0.00000	0.99734	0.00000	0.00266
35	S	0.00000	0.99734	0.00000	0.00266
36	P	0.00000	0.99734	0.00000	0.00266
37	L	0.00000	0.99734	0.00000	0.00266
38	S	0.00000	0.99734	0.00000	0.00266
39	F	0.00000	0.99734	0.00000	0.00266
40	H	0.00000	0.99734	0.00000	0.00266
41	R	0.00000	0.99734	0.00000	0.00266
42	K	0.00000	0.99734	0.00000	0.00266
43	C	0.00000	0.99734	0.00000	0.00266
44	S	0.00000	0.99734	0.00000	0.00266
45	L	0.00000	0.99734	0.00000	0.00266
46	W	0.00000	0.99734	0.00000	0.00266
47	A	0.00000	0.99734	0.00000	0.00266
48	P	0.00000	0.99734	0.00000	0.00266
49	G	0.00000	0.99734	0.00000	0.00266
50	R	0.00000	0.99734	0.00000	0.00267
51	P	0.00000	0.99734	0.00000	0.00266
52	F	0.00000	0.99734	0.00000	0.00266
53	L	0.00000	0.99734	0.00000	0.00267
54	T	0.00000	0.99734	0.00000	0.00267
55	L	0.00000	0.99734	0.00000	0.00266
56	V	0.00000	0.99734	0.00000	0.00266
57	L	0.00000	0.99734	0.00000	0.00266
58	L	0.00000	0.99734	0.00000	0.00266
59	V	0.00000	0.99734	0.00000	0.00266
60	S	0.00000	0.99734	0.00000	0.00266
61	I	0.00000	0.99734	0.00000	0.00267
62	K	0.00000	0.99734	0.00000	0.00266
63	Q	0.00000	0.99734	0.00000	0.00266
64	V	0.00000	0.99736	0.00000	0.00264
65	T	0.00000	0.99736	0.00000	0.00264
66	G	0.00000	0.99736	0.00000	0.00264
67	S	0.00000	0.99993	0.00000	7e-05
68	L	0.00000	0.99998	0.00000	2e-05
69	L	0.00000	0.99998	0.00000	2e-05
70	E	0.00000	0.99999	0.00000	0
71	E	0.00000	1	0.00000	0
72	T	0.00000	1	0.00000	0
73	T	0.00000	1	0.00000	0
74	R	0.00000	1	0.00000	0
75	K	0.00000	1	0.00000	0
76	W	0.00000	1	0.00000	0
77	A	0.00000	1	0.00000	0
78	Q	0.00000	1	0.00000	0
79	Y	0.00000	1	0.00000	0
80	K	0.00000	1	0.00000	0
81	Q	0.00000	1	0.00000	0
82	A	0.00000	1	0.00000	0
83	C	0.00000	1	0.00000	0
84	L	0.00000	1	0.00000	0
85	R	0.00000	1	0.00000	0
86	D	0.00000	1	0.00000	0
87	L	0.00000	1	0.00000	0
88	L	0.00000	1	0.00000	0
89	K	0.00000	1	0.00000	0
90	E	0.00000	1	0.00000	0
91	P	0.00000	1	0.00000	0
92	S	0.00000	1	0.00000	0
93	G	0.00000	1	0.00000	0
94	I	0.00000	1	0.00000	0
95	F	0.00000	1	0.00000	0
96	C	0.00000	1	0.00000	0
97	N	0.00000	1	0.00000	0
98	G	0.00000	1	0.00000	0
99	T	0.00000	1	0.00000	0
100	F	0.00000	1	0.00000	0
101	D	0.00000	1	0.00000	0
102	Q	0.00000	1	0.00000	0
103	Y	0.00000	1	0.00000	0
104	V	0.00000	1	0.00000	0
105	C	0.00000	1	0.00000	0
106	W	0.00000	1	0.00000	0
107	P	0.00000	1	0.00000	0
108	H	0.00000	1	0.00000	0
109	S	0.00000	1	0.00000	0
110	S	0.00000	1	0.00000	0
111	P	0.00000	1	0.00000	0
112	G	0.00000	1	0.00000	0
113	N	0.00000	1	0.00000	0
114	V	0.00000	1	0.00000	0
115	S	0.00000	1	0.00000	0
116	V	0.00000	1	0.00000	0
117	P	0.00000	1	0.00000	0
118	C	0.00000	1	0.00000	0
119	P	0.00000	1	0.00000	0
120	S	0.00000	1	0.00000	0
121	Y	0.00000	1	0.00000	0
122	L	0.00000	1	0.00000	0
123	P	0.00000	1	0.00000	0
124	W	0.00000	1	0.00000	0
125	W	0.00000	1	0.00000	0
126	S	0.00000	1	0.00000	0
127	E	0.00000	1	0.00000	0
128	E	0.00000	1	0.00000	0
129	S	0.00000	1	0.00000	0
130	S	0.00000	1	0.00000	0
131	G	0.00000	1	0.00000	0
132	R	0.00000	1	0.00000	0
133	A	0.00000	1	0.00000	0
134	Y	0.00000	1	0.00000	0
135	R	0.00000	1	0.00000	0
136	H	0.00000	1	0.00000	0
137	C	0.00000	1	0.00000	0
138	L	0.00000	1	0.00000	0
139	A	0.00000	1	0.00000	0
140	Q	0.00000	1	0.00000	0
141	G	0.00000	1	0.00000	0
142	T	0.00000	1	0.00000	0
143	W	0.00000	1	0.00000	0
144	Q	0.00000	1	0.00000	0
145	T	0.00000	1	0.00000	0
146	I	0.00000	1	0.00000	0
147	E	0.00000	1	0.00000	0
148	N	0.00000	1	0.00000	0
149	A	0.00000	1	0.00000	0
150	T	0.00000	1	0.00000	0
151	D	0.00000	1	0.00000	0
152	I	0.00000	1	0.00000	0
153	W	0.00000	1	0.00000	0
154	Q	0.00000	1	0.00000	0
155	D	0.00000	1	0.00000	0
156	D	0.00000	1	0.00000	0
157	S	0.00000	1	0.00000	0
158	E	0.00000	1	0.00000	0
159	C	0.00000	1	0.00000	0
160	S	0.00000	1	0.00000	0
161	E	0.00000	1	0.00000	0
162	N	0.00000	1	0.00000	0
163	H	0.00000	1	0.00000	0
164	S	0.00000	1	0.00000	0
165	F	0.00000	1	0.00000	0
166	K	0.00000	1	0.00000	0
167	Q	0.00000	1	0.00000	0
168	N	0.00000	1	0.00000	0
169	V	0.00000	1	0.00000	0
170	D	0.00000	1	0.00000	0
171	R	0.00000	1	0.00000	0
172	Y	0.00000	0.99999	0.00001	0
173	A	0.00000	0.99999	0.00001	0
174	L	0.00000	0.99998	0.00002	0
175	L	0.00000	0.99996	0.00004	0
176	S	0.00000	0.99995	0.00005	0
177	T	0.00000	0.99991	0.00009	0
178	L	0.00000	0.99756	0.00244	0
179	Q	0.00000	0.99414	0.00586	0
180	L	0.00000	0.97036	0.02964	0
181	M	0.00000	0.96398	0.03602	0
182	Y	0.00000	0.1051	0.89490	0
183	T	0.00000	0.04113	0.95887	0
184	V	0.00000	0.00149	0.99851	0
185	G	0.00000	0.00016	0.99984	0
186	Y	0.00000	1e-05	0.99999	0
187	S	0.00000	0	1.00000	0
188	F	0.00000	0	1.00000	0
189	S	0.00000	0	1.00000	0
190	L	0.00000	0	1.00000	0
191	I	0.00000	0	1.00000	0
192	S	0.00000	0	1.00000	0
193	L	0.00000	0	1.00000	0
194	F	0.00000	0	1.00000	0
195	L	0.00000	0	1.00000	0
196	A	0.00000	0	1.00000	0
197	L	0.00000	0	1.00000	0
198	T	0.00000	0	1.00000	0
199	L	0.00000	0	1.00000	0
200	L	0.00002	0	0.99998	0
201	L	0.00047	0	0.99953	0
202	F	0.00826	0	0.99174	0
203	L	0.12010	0	0.87990	0
204	R	0.97225	0	0.02775	0
205	K	0.99918	0	0.00082	0
206	L	0.99958	0	0.00042	0
207	H	0.99996	0	0.00004	0
208	C	0.99999	0	0.00001	0
209	T	1.00000	0	0.00000	0
210	R	0.99995	0	0.00005	0
211	N	0.95435	0	0.04565	0
212	Y	0.54101	0	0.45899	0
213	I	0.07127	0	0.92873	0
214	H	0.00274	0	0.99726	0
215	M	0.00013	0	0.99987	0
216	N	0.00002	0	0.99998	0
217	L	0.00000	0	1.00000	0
218	F	0.00000	0	1.00000	0
219	A	0.00000	0	1.00000	0
220	S	0.00000	0	1.00000	0
221	F	0.00000	0	1.00000	0
222	I	0.00000	0	1.00000	0
223	L	0.00000	0	1.00000	0
224	R	0.00000	0	1.00000	0
225	T	0.00000	0	1.00000	0
226	L	0.00000	0	1.00000	0
227	A	0.00000	0	1.00000	0
228	V	0.00000	0	1.00000	0
229	L	0.00000	1e-05	0.99999	0
230	V	0.00000	0.00087	0.99913	0
231	K	0.00000	0.02848	0.97152	0
232	D	0.00000	0.07677	0.92323	0
233	V	0.00000	0.09005	0.90995	0
234	V	0.00000	0.1348	0.86520	0
235	F	0.00000	0.3623	0.63770	0
236	Y	0.00000	0.98706	0.01294	0
237	N	0.00000	0.996	0.00400	0
238	S	0.00000	0.99959	0.00041	0
239	Y	0.00000	0.99994	0.00006	0
240	S	0.00000	0.99999	0.00001	0
241	K	0.00000	1	0.00000	0
242	R	0.00000	1	0.00000	0
243	P	0.00000	1	0.00000	0
244	D	0.00000	1	0.00000	0
245	N	0.00000	1	0.00000	0
246	E	0.00000	1	0.00000	0
247	N	0.00000	1	0.00000	0
248	G	0.00000	1	0.00000	0
249	W	0.00000	1	0.00000	0
250	M	0.00000	1	0.00000	0
251	S	0.00000	1	0.00000	0
252	Y	0.00000	1	0.00000	0
253	L	0.00000	1	0.00000	0
254	S	0.00000	1	0.00000	0
255	E	0.00000	1	0.00000	0
256	M	0.00000	1	0.00000	0
257	S	0.00000	1	0.00000	0
258	T	0.00000	0.99999	0.00001	0
259	S	0.00000	0.99994	0.00006	0
260	C	0.00000	0.99796	0.00204	0
261	R	0.00000	0.93658	0.06342	0
262	S	0.00000	0.88578	0.11422	0
263	V	0.00000	0.78319	0.21681	0
264	Q	0.00000	0.62824	0.37176	0
265	V	0.00000	0.06327	0.93673	0
266	L	0.00000	0.01452	0.98548	0
267	L	0.00000	0.00193	0.99807	0
268	H	0.00000	0.00019	0.99981	0
269	Y	0.00000	0	1.00000	0
270	F	0.00000	0	1.00000	0
271	V	0.00000	0	1.00000	0
272	G	0.00000	0	1.00000	0
273	A	0.00000	0	1.00000	0
274	N	0.00000	0	1.00000	0
275	Y	0.00000	0	1.00000	0
276	L	0.00000	0	1.00000	0
277	W	0.00000	0	1.00000	0
278	L	0.00000	0	1.00000	0
279	L	0.00000	0	1.00000	0
280	V	0.00001	0	0.99999	0
281	E	0.00002	0	0.99998	0
282	G	0.00132	0	0.99868	0
283	L	0.00809	0	0.99191	0
284	Y	0.06259	0	0.93741	0
285	L	0.74119	0	0.25881	0
286	H	0.92329	0	0.07671	0
287	T	0.92924	0	0.07076	0
288	L	0.94847	0	0.05153	0
289	L	0.99512	0	0.00488	0
290	E	0.99881	0	0.00119	0
291	P	1.00000	0	0.00000	0
292	T	1.00000	0	0.00000	0
293	V	1.00000	0	0.00000	0
294	L	1.00000	0	0.00000	0
295	P	1.00000	0	0.00000	0
296	E	1.00000	0	0.00000	0
297	R	1.00000	0	0.00000	0
298	R	0.99999	0	0.00001	0
299	L	0.99448	0	0.00552	0
300	W	0.98855	0	0.01145	0
301	P	0.97799	0	0.02201	0
302	R	0.64880	0	0.35120	0
303	Y	0.07261	0	0.92739	0
304	L	0.01283	0	0.98717	0
305	L	0.00051	0	0.99949	0
306	L	0.00000	0	1.00000	0
307	G	0.00000	0	1.00000	0
308	W	0.00000	0	1.00000	0
309	A	0.00000	0	1.00000	0
310	F	0.00000	0	1.00000	0
311	P	0.00000	0	1.00000	0
312	V	0.00000	0	1.00000	0
313	L	0.00000	0	1.00000	0
314	F	0.00000	0	1.00000	0
315	V	0.00000	0	1.00000	0
316	V	0.00000	0	1.00000	0
317	P	0.00000	0	1.00000	0
318	W	0.00000	6e-05	0.99994	0
319	G	0.00000	0.00083	0.99917	0
320	F	0.00000	0.00145	0.99855	0
321	A	0.00000	0.01398	0.98602	0
322	R	0.00000	0.28305	0.71695	0
323	A	0.00000	0.38411	0.61589	0
324	H	0.00000	0.71862	0.28138	0
325	L	0.00000	0.85565	0.14435	0
326	E	0.00000	0.99962	0.00038	0
327	N	0.00000	1	0.00000	0
328	T	0.00000	1	0.00000	0
329	G	0.00000	1	0.00000	0
330	C	0.00000	1	0.00000	0
331	W	0.00000	1	0.00000	0
332	T	0.00000	1	0.00000	0
333	T	0.00000	1	0.00000	0
334	N	0.00000	1	0.00000	0
335	G	0.00000	1	0.00000	0
336	N	0.00000	1	0.00000	0
337	K	0.00000	1	0.00000	0
338	K	0.00000	1	0.00000	0
339	I	0.00000	0.21185	0.78815	0
340	W	0.00000	0.09012	0.90988	0
341	W	0.00000	0.01539	0.98461	0
342	I	0.00000	0.00764	0.99236	0
343	I	0.00000	0.00424	0.99576	0
344	R	0.00000	0.00419	0.99581	0
345	G	0.00000	0.00025	0.99975	0
346	P	0.00000	6e-05	0.99994	0
347	M	0.00000	0	1.00000	0
348	M	0.00000	0	1.00000	0
349	L	0.00000	0	1.00000	0
350	C	0.00000	0	1.00000	0
351	V	0.00000	0	1.00000	0
352	T	0.00000	0	1.00000	0
353	V	0.00000	0	1.00000	0
354	N	0.00000	0	1.00000	0
355	F	0.00000	0	1.00000	0
356	F	0.00000	0	1.00000	0
357	I	0.00000	0	1.00000	0
358	F	0.00000	0	1.00000	0
359	L	0.00011	0	0.99989	0
360	K	0.01716	0	0.98284	0
361	I	0.02342	0	0.97658	0
362	L	0.13922	0	0.86078	0
363	K	0.79412	0	0.20588	0
364	L	0.82733	0	0.17267	0
365	L	0.92602	0	0.07398	0
366	I	0.94909	0	0.05091	0
367	S	0.99565	0	0.00435	0
368	K	0.99995	0	0.00005	0
369	L	0.99996	0	0.00004	0
370	K	1.00000	0	0.00000	0
371	A	1.00000	0	0.00000	0
372	H	1.00000	0	0.00000	0
373	Q	1.00000	0	0.00000	0
374	M	1.00000	0	0.00000	0
375	C	1.00000	0	0.00000	0
376	F	1.00000	0	0.00000	0
377	R	1.00000	0	0.00000	0
378	D	1.00000	0	0.00000	0
379	Y	0.99990	0	0.00010	0
380	K	0.99378	0	0.00622	0
381	Y	0.45850	0	0.54150	0
382	R	0.15933	0	0.84067	0
383	L	0.14294	0	0.85706	0
384	A	0.00352	0	0.99648	0
385	K	0.00298	0	0.99702	0
386	S	0.00205	0	0.99795	0
387	T	0.00000	0	1.00000	0
388	L	0.00000	0	1.00000	0
389	V	0.00000	0	1.00000	0
390	L	0.00000	0	1.00000	0
391	I	0.00000	0	1.00000	0
392	P	0.00000	0	1.00000	0
393	L	0.00000	0	1.00000	0
394	L	0.00000	0	1.00000	0
395	G	0.00000	0	1.00000	0
396	V	0.00000	0	1.00000	0
397	H	0.00000	0	1.00000	0
398	E	0.00000	0	1.00000	0
399	I	0.00000	0	1.00000	0
400	L	0.00000	4e-05	0.99996	0
401	F	0.00000	0.0047	0.99530	0
402	S	0.00000	0.13772	0.86228	0
403	F	0.00000	0.15164	0.84836	0
404	I	0.00000	0.2355	0.76450	0
405	T	0.00000	0.70278	0.29722	0
406	D	0.00000	0.9993	0.00070	0
407	D	0.00000	0.99999	0.00001	0
408	Q	0.00000	1	0.00000	0
409	V	0.00000	1	0.00000	0
410	E	0.00000	1	0.00000	0
411	G	0.00000	0.99999	0.00001	0
412	F	0.00000	0.99975	0.00025	0
413	A	0.00000	0.99047	0.00953	0
414	K	0.00000	0.97372	0.02628	0
415	L	0.00000	0.76515	0.23485	0
416	I	0.00000	0.66569	0.33431	0
417	R	0.00000	0.60671	0.39329	0
418	L	0.00000	0.16983	0.83017	0
419	F	0.00000	0.05014	0.94986	0
420	I	0.00000	0.00107	0.99893	0
421	Q	0.00000	0.00011	0.99989	0
422	L	0.00000	0	1.00000	0
423	T	0.00000	0	1.00000	0
424	L	0.00000	0	1.00000	0
425	S	0.00000	0	1.00000	0
426	S	0.00000	0	1.00000	0
427	F	0.00000	0	1.00000	0
428	H	0.00000	0	1.00000	0
429	G	0.00000	0	1.00000	0
430	F	0.00000	0	1.00000	0
431	L	0.00000	0	1.00000	0
432	V	0.00002	0	0.99998	0
433	A	0.00022	0	0.99978	0
434	L	0.00110	0	0.99890	0
435	Q	0.01539	0	0.98461	0
436	Y	0.01656	0	0.98344	0
437	G	0.03469	0	0.96531	0
438	F	0.04829	0	0.95171	0
439	A	0.26364	0	0.73636	0
440	N	0.41711	0	0.58289	0
441	G	0.84260	0	0.15740	0
442	E	1.00000	0	0.00000	0
443	V	1.00000	0	0.00000	0
444	K	1.00000	0	0.00000	0
445	A	1.00000	0	0.00000	0
446	E	1.00000	0	0.00000	0
447	L	1.00000	0	0.00000	0
448	R	1.00000	0	0.00000	0
449	K	1.00000	0	0.00000	0
450	Y	1.00000	0	0.00000	0
451	W	1.00000	0	0.00000	0
452	V	1.00000	0	0.00000	0
453	R	1.00000	0	0.00000	0
454	F	1.00000	0	0.00000	0
455	L	1.00000	0	0.00000	0
456	L	1.00000	0	0.00000	0
457	A	1.00000	0	0.00000	0
458	R	1.00000	0	0.00000	0
459	H	1.00000	0	0.00000	0
460	S	1.00000	0	0.00000	0
461	G	1.00000	0	0.00000	0
462	C	1.00000	0	0.00000	0
463	R	1.00000	0	0.00000	0
464	A	1.00000	0	0.00000	0
465	C	1.00000	0	0.00000	0
466	V	1.00000	0	0.00000	0
467	L	1.00000	0	0.00000	0
468	G	1.00000	0	0.00000	0
469	K	1.00000	0	0.00000	0
470	D	1.00000	0	0.00000	0
471	F	1.00000	0	0.00000	0
472	R	1.00000	0	0.00000	0
473	F	1.00000	0	0.00000	0
474	L	1.00000	0	0.00000	0
475	G	1.00000	0	0.00000	0
476	K	1.00000	0	0.00000	0
477	C	1.00000	0	0.00000	0
478	P	1.00000	0	0.00000	0
479	K	1.00000	0	0.00000	0
480	K	1.00000	0	0.00000	0
481	L	1.00000	0	0.00000	0
482	S	1.00000	0	0.00000	0
483	E	1.00000	0	0.00000	0
484	G	1.00000	0	0.00000	0
485	D	1.00000	0	0.00000	0
486	G	1.00000	0	0.00000	0
487	A	1.00000	0	0.00000	0
488	E	1.00000	0	0.00000	0
489	K	1.00000	0	0.00000	0
490	L	1.00000	0	0.00000	0
491	R	1.00000	0	0.00000	0
492	K	1.00000	0	0.00000	0
493	L	1.00000	0	0.00000	0
494	Q	1.00000	0	0.00000	0
495	P	1.00000	0	0.00000	0
496	S	1.00000	0	0.00000	0
497	L	1.00000	0	0.00000	0
498	N	1.00000	0	0.00000	0
499	S	1.00000	0	0.00000	0
500	G	1.00000	0	0.00000	0
501	R	1.00000	0	0.00000	0
502	L	1.00000	0	0.00000	0
503	L	1.00000	0	0.00000	0
504	H	1.00000	0	0.00000	0
505	L	1.00000	0	0.00000	0
506	A	1.00000	0	0.00000	0
507	M	1.00000	0	0.00000	0
508	R	1.00000	0	0.00000	0
509	G	1.00000	0	0.00000	0
510	L	1.00000	0	0.00000	0
511	G	1.00000	0	0.00000	0
512	E	1.00000	0	0.00000	0
513	L	1.00000	0	0.00000	0
514	G	1.00000	0	0.00000	0
515	A	1.00000	0	0.00000	0
516	Q	1.00000	0	0.00000	0
517	P	1.00000	0	0.00000	0
518	Q	1.00000	0	0.00000	0
519	Q	1.00000	0	0.00000	0
520	D	1.00000	0	0.00000	0
521	H	1.00000	0	0.00000	0
522	A	1.00000	0	0.00000	0
523	R	1.00000	0	0.00000	0
524	W	1.00000	0	0.00000	0
525	P	1.00000	0	0.00000	0
526	R	1.00000	0	0.00000	0
527	G	1.00000	0	0.00000	0
528	S	1.00000	0	0.00000	0
529	S	1.00000	0	0.00000	0
530	L	1.00000	0	0.00000	0
531	S	1.00000	0	0.00000	0
532	E	1.00000	0	0.00000	0
533	C	1.00000	0	0.00000	0
534	S	1.00000	0	0.00000	0
535	E	1.00000	0	0.00000	0
536	G	1.00000	0	0.00000	0
537	D	1.00000	0	0.00000	0
538	V	1.00000	0	0.00000	0
539	T	1.00000	0	0.00000	0
540	M	1.00000	0	0.00000	0
541	A	1.00000	0	0.00000	0
542	N	1.00000	0	0.00000	0
543	T	1.00000	0	0.00000	0
544	M	1.00000	0	0.00000	0
545	E	1.00000	0	0.00000	0
546	E	1.00000	0	0.00000	0
547	I	1.00000	0	0.00000	0
548	L	1.00000	0	0.00000	0
549	E	1.00000	0	0.00000	0
550	E	1.00000	0	0.00000	0
551	S	1.00000	0	0.00000	0
552	E	1.00000	0	0.00000	0
553	I	1.00000	0	0.00000	0
