# UNNAMED
#pos	aa	i	o	M	S
1	M	0.00000	0.99941	0.00000	0.00059
2	A	0.00000	0.99941	0.00000	0.00059
3	H	0.00000	0.99941	0.00000	0.00059
4	T	0.00000	0.99941	0.00000	0.00059
5	N	0.00000	0.99941	0.00000	0.00059
6	E	0.00000	0.99941	0.00000	0.00059
7	S	0.00000	0.99941	0.00000	0.00059
8	M	0.00000	0.99941	0.00000	0.00059
9	V	0.00000	0.99941	0.00000	0.00059
10	S	0.00000	0.99941	0.00000	0.00059
11	E	0.00000	0.99941	0.00000	0.00059
12	F	0.00000	0.99941	0.00000	0.00059
13	V	0.00000	0.99941	0.00000	0.00059
14	L	0.00000	0.99941	0.00000	0.00059
15	L	0.00000	0.99941	0.00000	0.00058
16	G	0.00000	0.99941	0.00000	0.00058
17	L	0.00000	0.99941	0.00000	0.00059
18	S	0.00000	0.99941	0.00000	0.00059
19	N	0.00000	0.9994	0.00001	0.00059
20	S	0.00000	0.99842	0.00099	0.00058
21	W	0.00000	0.99373	0.00568	0.00058
22	G	0.00000	0.99041	0.00900	0.00058
23	L	0.00000	0.9707	0.02930	0
24	Q	0.00000	0.93434	0.06566	0
25	L	0.00000	0.6978	0.30220	0
26	F	0.00000	0.28874	0.71126	0
27	F	0.00000	0.06589	0.93411	0
28	F	0.00000	0.04196	0.95804	0
29	A	0.00000	0.03144	0.96856	0
30	I	0.00000	0.02527	0.97473	0
31	F	0.00000	0.005	0.99500	0
32	S	0.00000	0.00285	0.99715	0
33	I	0.00000	1e-05	0.99999	0
34	V	0.00000	0	1.00000	0
35	Y	0.00000	0	1.00000	0
36	V	0.00000	0	1.00000	0
37	T	0.00000	0	1.00000	0
38	S	0.00000	0	1.00000	0
39	V	0.00000	0	1.00000	0
40	L	0.00000	0	1.00000	0
41	G	0.00000	0	1.00000	0
42	N	0.00000	0	1.00000	0
43	V	0.00000	0	1.00000	0
44	L	0.00000	0	1.00000	0
45	I	0.00000	0	1.00000	0
46	I	0.00000	0	1.00000	0
47	V	0.00029	0	0.99971	0
48	I	0.00830	0	0.99170	0
49	I	0.09035	0	0.90965	0
50	S	0.79679	0	0.20321	0
51	F	0.85628	0	0.14372	0
52	D	0.99913	0	0.00087	0
53	S	0.99994	0	0.00006	0
54	H	0.99998	0	0.00002	0
55	L	0.99998	0	0.00002	0
56	N	1.00000	0	0.00000	0
57	S	1.00000	0	0.00000	0
58	P	1.00000	0	0.00000	0
59	M	0.47387	0	0.52613	0
60	Y	0.37146	0	0.62854	0
61	F	0.06081	0	0.93919	0
62	L	0.00193	0	0.99807	0
63	L	0.00041	0	0.99959	0
64	S	0.00028	0	0.99972	0
65	N	0.00000	0	1.00000	0
66	L	0.00000	0	1.00000	0
67	S	0.00000	0	1.00000	0
68	F	0.00000	0	1.00000	0
69	I	0.00000	0	1.00000	0
70	D	0.00000	0	1.00000	0
71	I	0.00000	0	1.00000	0
72	C	0.00000	0	1.00000	0
73	Q	0.00000	0	1.00000	0
74	S	0.00000	0	1.00000	0
75	N	0.00000	0	1.00000	0
76	F	0.00000	0	1.00000	0
77	A	0.00000	0	1.00000	0
78	T	0.00000	0.00199	0.99801	0
79	P	0.00000	0.00268	0.99732	0
80	K	0.00000	0.01459	0.98541	0
81	M	0.00000	0.02629	0.97371	0
82	L	0.00000	0.07188	0.92812	0
83	V	0.00000	0.30471	0.69529	0
84	D	0.00000	0.99996	0.00004	0
85	F	0.00000	0.99998	0.00002	0
86	F	0.00000	0.99999	0.00001	0
87	I	0.00000	0.99999	0.00001	0
88	E	0.00000	1	0.00000	0
89	R	0.00000	1	0.00000	0
90	K	0.00000	1	0.00000	0
91	T	0.00000	1	0.00000	0
92	I	0.00000	1	0.00000	0
93	S	0.00000	1	0.00000	0
94	F	0.00000	1	0.00000	0
95	E	0.00000	1	0.00000	0
96	G	0.00000	0.99998	0.00002	0
97	C	0.00000	0.99973	0.00027	0
98	M	0.00000	0.98834	0.01166	0
99	A	0.00000	0.97094	0.02906	0
100	Q	0.00000	0.95197	0.04803	0
101	I	0.00000	0.06177	0.93823	0
102	F	0.00000	0.01163	0.98837	0
103	V	0.00000	0.00214	0.99786	0
104	L	0.00000	9e-05	0.99991	0
105	H	0.00000	0	1.00000	0
106	S	0.00000	0	1.00000	0
107	F	0.00000	0	1.00000	0
108	V	0.00000	0	1.00000	0
109	G	0.00000	0	1.00000	0
110	S	0.00000	0	1.00000	0
111	E	0.00000	0	1.00000	0
112	M	0.00000	0	1.00000	0
113	M	0.00000	0	1.00000	0
114	L	0.00000	0	1.00000	0
115	L	0.00000	0	1.00000	0
116	V	0.00000	0	1.00000	0
117	A	0.00000	0	1.00000	0
118	M	0.00000	0	1.00000	0
119	A	0.00000	0	1.00000	0
120	Y	0.00000	0	1.00000	0
121	D	0.00001	0	0.99999	0
122	R	0.00419	0	0.99581	0
123	F	0.07123	0	0.92877	0
124	I	0.91147	0	0.08853	0
125	A	0.99742	0	0.00258	0
126	I	1.00000	0	0.00000	0
127	C	1.00000	0	0.00000	0
128	K	1.00000	0	0.00000	0
129	P	1.00000	0	0.00000	0
130	L	1.00000	0	0.00000	0
131	H	1.00000	0	0.00000	0
132	Y	1.00000	0	0.00000	0
133	S	1.00000	0	0.00000	0
134	T	1.00000	0	0.00000	0
135	I	1.00000	0	0.00000	0
136	M	0.99999	0	0.00001	0
137	N	0.99997	0	0.00003	0
138	R	0.99973	0	0.00027	0
139	R	0.98762	0	0.01238	0
140	L	0.53248	0	0.46752	0
141	C	0.00161	0	0.99839	0
142	V	0.00016	0	0.99984	0
143	I	0.00000	0	1.00000	0
144	F	0.00000	0	1.00000	0
145	V	0.00000	0	1.00000	0
146	S	0.00000	0	1.00000	0
147	I	0.00000	0	1.00000	0
148	S	0.00000	0	1.00000	0
149	W	0.00000	0	1.00000	0
150	A	0.00000	0	1.00000	0
151	V	0.00000	0	1.00000	0
152	G	0.00000	0	1.00000	0
153	V	0.00000	0	1.00000	0
154	L	0.00000	0	1.00000	0
155	H	0.00000	0	1.00000	0
156	S	0.00000	0	1.00000	0
157	V	0.00000	0	1.00000	0
158	S	0.00000	0.0005	0.99950	0
159	H	0.00000	0.00866	0.99134	0
160	L	0.00000	0.0352	0.96480	0
161	A	0.00000	0.06441	0.93559	0
162	F	0.00000	0.20552	0.79448	0
163	T	0.00000	0.78897	0.21103	0
164	V	0.00000	0.98859	0.01141	0
165	D	0.00000	0.99999	0.00001	0
166	L	0.00000	1	0.00000	0
167	P	0.00000	1	0.00000	0
168	F	0.00000	1	0.00000	0
169	C	0.00000	1	0.00000	0
170	G	0.00000	1	0.00000	0
171	P	0.00000	1	0.00000	0
172	N	0.00000	1	0.00000	0
173	E	0.00000	1	0.00000	0
174	V	0.00000	1	0.00000	0
175	D	0.00000	1	0.00000	0
176	S	0.00000	1	0.00000	0
177	F	0.00000	1	0.00000	0
178	F	0.00000	1	0.00000	0
179	C	0.00000	1	0.00000	0
180	D	0.00000	1	0.00000	0
181	L	0.00000	1	0.00000	0
182	P	0.00000	1	0.00000	0
183	L	0.00000	1	0.00000	0
184	V	0.00000	1	0.00000	0
185	I	0.00000	1	0.00000	0
186	E	0.00000	1	0.00000	0
187	L	0.00000	1	0.00000	0
188	A	0.00000	1	0.00000	0
189	C	0.00000	1	0.00000	0
190	M	0.00000	1	0.00000	0
191	D	0.00000	1	0.00000	0
192	T	0.00000	1	0.00000	0
193	Y	0.00000	0.9999	0.00010	0
194	E	0.00000	0.99984	0.00016	0
195	M	0.00000	0.99927	0.00073	0
196	E	0.00000	0.99772	0.00228	0
197	I	0.00000	0.29102	0.70898	0
198	M	0.00000	0.06815	0.93185	0
199	T	0.00000	0.0207	0.97930	0
200	L	0.00000	0.01985	0.98015	0
201	T	0.00000	0.01958	0.98042	0
202	N	0.00000	0.01351	0.98649	0
203	S	0.00000	0.01301	0.98699	0
204	G	0.00000	0.00166	0.99834	0
205	L	0.00000	0	1.00000	0
206	I	0.00000	0	1.00000	0
207	S	0.00000	0	1.00000	0
208	L	0.00000	0	1.00000	0
209	S	0.00000	0	1.00000	0
210	C	0.00000	0	1.00000	0
211	F	0.00000	0	1.00000	0
212	L	0.00000	0	1.00000	0
213	A	0.00000	0	1.00000	0
214	L	0.00000	0	1.00000	0
215	I	0.00000	0	1.00000	0
216	I	0.00001	0	0.99999	0
217	S	0.00008	0	0.99992	0
218	Y	0.00016	0	0.99984	0
219	T	0.00329	0	0.99671	0
220	I	0.00624	0	0.99376	0
221	I	0.02579	0	0.97421	0
222	L	0.10328	0	0.89672	0
223	I	0.61798	0	0.38202	0
224	G	0.84941	0	0.15059	0
225	V	0.92438	0	0.07562	0
226	R	0.99501	0	0.00499	0
227	C	0.99643	0	0.00357	0
228	R	0.99993	0	0.00007	0
229	S	0.99999	0	0.00001	0
230	S	1.00000	0	0.00000	0
231	S	1.00000	0	0.00000	0
232	G	1.00000	0	0.00000	0
233	S	0.99958	0	0.00042	0
234	S	0.99817	0	0.00183	0
235	K	0.99791	0	0.00209	0
236	A	0.88451	0	0.11549	0
237	L	0.81063	0	0.18937	0
238	S	0.09132	0	0.90868	0
239	T	0.08895	0	0.91105	0
240	L	0.01766	0	0.98234	0
241	T	0.00916	0	0.99084	0
242	A	0.00383	0	0.99617	0
243	H	0.00377	0	0.99623	0
244	I	0.00155	0	0.99845	0
245	T	0.00070	0	0.99930	0
246	V	0.00048	0	0.99952	0
247	V	0.00000	0	1.00000	0
248	I	0.00000	0	1.00000	0
249	L	0.00000	0	1.00000	0
250	F	0.00000	0	1.00000	0
251	F	0.00000	0	1.00000	0
252	G	0.00000	0	1.00000	0
253	P	0.00000	0	1.00000	0
254	C	0.00000	0	1.00000	0
255	I	0.00000	0	1.00000	0
256	Y	0.00000	1e-05	0.99999	0
257	F	0.00000	3e-05	0.99997	0
258	Y	0.00000	0.00072	0.99928	0
259	I	0.00000	0.00512	0.99488	0
260	W	0.00000	0.27082	0.72918	0
261	P	0.00000	0.74974	0.25026	0
262	F	0.00000	0.79658	0.20342	0
263	S	0.00000	0.97522	0.02478	0
264	R	0.00000	0.99379	0.00621	0
265	L	0.00000	0.98032	0.01968	0
266	P	0.00000	0.97541	0.02459	0
267	V	0.00000	0.81857	0.18143	0
268	D	0.00000	0.81373	0.18627	0
269	K	0.00000	0.57332	0.42668	0
270	F	0.00000	0.02811	0.97189	0
271	L	0.00000	0.00012	0.99988	0
272	S	0.00000	0	1.00000	0
273	V	0.00000	0	1.00000	0
274	F	0.00000	0	1.00000	0
275	Y	0.00000	0	1.00000	0
276	T	0.00000	0	1.00000	0
277	V	0.00000	0	1.00000	0
278	C	0.00000	0	1.00000	0
279	T	0.00000	0	1.00000	0
280	P	0.00000	0	1.00000	0
281	L	0.00000	0	1.00000	0
282	L	0.00000	0	1.00000	0
283	N	0.00000	0	1.00000	0
284	P	0.00000	0	1.00000	0
285	I	0.00000	0	1.00000	0
286	I	0.00032	0	0.99968	0
287	Y	0.00280	0	0.99720	0
288	S	0.01847	0	0.98153	0
289	L	0.05368	0	0.94632	0
290	R	1.00000	0	0.00000	0
291	N	1.00000	0	0.00000	0
292	E	1.00000	0	0.00000	0
293	D	1.00000	0	0.00000	0
294	V	1.00000	0	0.00000	0
295	K	1.00000	0	0.00000	0
296	A	1.00000	0	0.00000	0
297	A	1.00000	0	0.00000	0
298	M	1.00000	0	0.00000	0
299	W	1.00000	0	0.00000	0
300	K	1.00000	0	0.00000	0
301	L	1.00000	0	0.00000	0
302	R	1.00000	0	0.00000	0
303	N	1.00000	0	0.00000	0
304	R	1.00000	0	0.00000	0
305	H	1.00000	0	0.00000	0
306	V	1.00000	0	0.00000	0
307	N	1.00000	0	0.00000	0
308	S	1.00000	0	0.00000	0
309	W	1.00000	0	0.00000	0
310	K	1.00000	0	0.00000	0
311	N	1.00000	0	0.00000	0
