# UNNAMED
#pos	aa	i	o	M	S
1	M	0.00000	0.99988	0.00000	0.00012
2	W	0.00000	0.99988	0.00000	0.00012
3	Q	0.00000	0.99988	0.00000	0.00012
4	L	0.00000	0.25981	0.74007	0.00011
5	L	0.00000	0.04347	0.95642	0.00012
6	L	0.00000	0.02442	0.97546	0.00012
7	P	0.00000	0.01956	0.98032	0.00012
8	T	0.00000	0.00799	0.99189	0.00012
9	A	0.00000	0.00278	0.99710	0.00012
10	L	0.00000	0.00019	0.99970	0.00012
11	L	0.00000	1e-05	0.99987	0.00012
12	L	0.00000	0	0.99988	0.00012
13	L	0.00000	0	0.99988	0.00012
14	V	0.00000	0	0.99988	0.00012
15	S	0.00000	0	0.99988	0.00012
16	A	0.00000	0	0.99988	0.00012
17	G	0.00000	0.00012	0.99988	0
18	M	0.00000	0.00012	0.99988	0
19	R	0.00000	0.00012	0.99988	0
20	T	0.00000	0.00012	0.99988	0
21	E	0.00571	0.00012	0.99417	0
22	D	0.07600	0.00012	0.92388	0
23	L	0.14905	0.00012	0.85083	0
24	P	0.94941	0.00012	0.05047	0
25	K	0.95323	0.00012	0.04665	0
26	A	0.95219	0.00011	0.04770	0
27	V	0.94676	0.00011	0.05312	0
28	V	0.95375	0.00011	0.04614	0
29	F	0.96190	0.00011	0.03799	0
30	L	0.99026	0.00011	0.00963	0
31	E	0.99066	9e-05	0.00925	0
32	P	0.99066	4e-05	0.00930	0
33	Q	0.78821	1e-05	0.21178	0
34	W	0.14644	0	0.85356	0
35	Y	0.03499	0	0.96501	0
36	S	0.00231	0	0.99769	0
37	V	0.00003	0	0.99997	0
38	L	0.00000	0	1.00000	0
39	E	0.00000	0	1.00000	0
40	K	0.00000	0	1.00000	0
41	D	0.00000	0	1.00000	0
42	S	0.00000	0	1.00000	0
43	V	0.00000	0	1.00000	0
44	T	0.00000	0.00013	0.99987	0
45	L	0.00000	0.00185	0.99815	0
46	K	0.00000	0.00342	0.99658	0
47	C	0.00000	0.00916	0.99084	0
48	Q	0.00000	0.00922	0.99078	0
49	G	0.00000	0.00922	0.99078	0
50	A	0.00001	0.00923	0.99076	0
51	Y	0.00008	0.01291	0.98701	0
52	S	0.00010	0.01397	0.98592	0
53	P	0.00012	0.49815	0.50174	0
54	E	0.00012	0.97064	0.02924	0
55	D	0.00012	0.99678	0.00310	0
56	N	0.00012	0.99985	0.00003	0
57	S	0.00012	0.99948	0.00040	0
58	T	0.00012	0.99084	0.00904	0
59	Q	0.00010	0.99073	0.00917	0
60	W	0.00009	0.99073	0.00919	0
61	F	0.00001	0.99073	0.00926	0
62	H	0.00000	0.99073	0.00927	0
63	N	0.00000	0.99073	0.00927	0
64	E	0.00000	0.99073	0.00927	0
65	N	0.00000	0.98952	0.01048	0
66	L	0.00000	0.0908	0.90920	0
67	I	0.00000	0.00164	0.99836	0
68	S	0.00000	0.00015	0.99985	0
69	S	0.00000	5e-05	0.99995	0
70	Q	0.00000	3e-05	0.99997	0
71	A	0.00000	2e-05	0.99998	0
72	S	0.00000	2e-05	0.99998	0
73	S	0.00000	0	1.00000	0
74	Y	0.00000	0	1.00000	0
75	F	0.00000	0	1.00000	0
76	I	0.00000	0	1.00000	0
77	D	0.00001	1e-05	0.99998	0
78	A	0.00734	1e-05	0.99265	0
79	A	0.00882	1e-05	0.99117	0
80	T	0.00907	4e-05	0.99089	0
81	V	0.00915	6e-05	0.99079	0
82	N	0.00916	0.0001	0.99074	0
83	D	0.00916	0.00012	0.99073	0
84	S	0.00919	0.00012	0.99069	0
85	G	0.01409	0.00012	0.98579	0
86	E	0.03302	0.00012	0.96686	0
87	Y	0.31756	0.00011	0.68233	0
88	R	0.99940	0.00011	0.00049	0
89	C	0.99978	0.00011	0.00011	0
90	Q	0.99981	0.00011	0.00008	0
91	T	0.99979	0.0001	0.00010	0
92	N	0.99851	0.0001	0.00139	0
93	L	0.99482	0.0001	0.00508	0
94	S	0.99453	1e-05	0.00546	0
95	T	0.99367	0	0.00633	0
96	L	0.99271	0	0.00729	0
97	S	0.99266	0	0.00734	0
98	D	0.99246	0	0.00754	0
99	P	0.96114	0	0.03886	0
100	V	0.32582	0	0.67418	0
101	Q	0.16844	0	0.83156	0
102	L	0.00213	0	0.99787	0
103	E	0.00186	0	0.99814	0
104	V	0.00078	0	0.99922	0
105	H	0.00057	0	0.99943	0
106	I	0.00002	0	0.99998	0
107	G	0.00001	0	0.99999	0
108	W	0.00001	0	0.99999	0
109	L	0.00001	0	0.99999	0
110	L	0.00001	1e-05	0.99998	0
111	L	0.00001	1e-05	0.99997	0
112	Q	0.00001	0.00036	0.99962	0
113	A	0.00010	0.00096	0.99894	0
114	P	0.00012	0.00439	0.99550	0
115	R	0.00012	0.006	0.99389	0
116	W	0.00012	0.00616	0.99373	0
117	V	0.00012	0.00644	0.99344	0
118	F	0.00012	0.00833	0.99156	0
119	K	0.00012	0.54147	0.45841	0
120	E	0.00012	0.95774	0.04214	0
121	E	0.00012	0.98692	0.01296	0
122	D	0.00012	0.9979	0.00198	0
123	P	0.00012	0.99801	0.00187	0
124	I	0.00005	0.99812	0.00183	0
125	H	0.00001	0.99882	0.00117	0
126	L	0.00000	0.99905	0.00095	0
127	R	0.00000	0.99978	0.00022	0
128	C	0.00000	0.99987	0.00013	0
129	H	0.00000	0.99988	0.00012	0
130	S	0.00000	0.99988	0.00012	0
131	W	0.00000	0.99988	0.00012	0
132	K	0.00000	0.99988	0.00012	0
133	N	0.00000	0.99988	0.00012	0
134	T	0.00000	0.99988	0.00012	0
135	A	0.00000	0.99988	0.00012	0
136	L	0.00000	0.99988	0.00012	0
137	H	0.00000	0.99988	0.00012	0
138	K	0.00000	0.99988	0.00012	0
139	V	0.00000	0.99988	0.00012	0
140	T	0.00000	0.99988	0.00012	0
141	Y	0.00000	0.99988	0.00012	0
142	L	0.00000	0.99988	0.00012	0
143	Q	0.00000	0.99993	0.00007	0
144	N	0.00000	0.99998	0.00002	0
145	G	0.00000	1	0.00000	0
146	K	0.00000	1	0.00000	0
147	D	0.00000	1	0.00000	0
148	R	0.00000	0.99998	0.00002	0
149	K	0.00000	0.99944	0.00056	0
150	Y	0.00000	0.97821	0.02179	0
151	F	0.00000	0.48139	0.51861	0
152	H	0.00000	0.48137	0.51863	0
153	H	0.00000	0.47435	0.52565	0
154	N	0.00000	0.47372	0.52627	0
155	S	0.00000	0.3953	0.60469	0
156	D	0.00000	0.05245	0.94754	0
157	F	0.00000	0.00062	0.99938	0
158	H	0.00000	0	0.99999	0
159	I	0.00000	0	1.00000	0
160	P	0.00000	0	1.00000	0
161	K	0.00000	0	1.00000	0
162	A	0.00000	0	1.00000	0
163	T	0.00000	0	1.00000	0
164	L	0.00000	0	1.00000	0
165	K	0.00000	0	1.00000	0
166	D	0.00000	0	1.00000	0
167	S	0.00000	0	1.00000	0
168	G	0.00000	0	1.00000	0
169	S	0.00000	0	1.00000	0
170	Y	0.00000	0	1.00000	0
171	F	0.00003	0	0.99997	0
172	C	0.00310	0	0.99690	0
173	R	0.19359	0	0.80641	0
174	G	0.25097	0	0.74903	0
175	L	0.35492	0	0.64508	0
176	V	0.41447	0	0.58553	0
177	G	0.66602	0	0.33398	0
178	S	0.99915	0	0.00085	0
179	K	1.00000	0	0.00000	0
180	N	1.00000	0	0.00000	0
181	V	1.00000	0	0.00000	0
182	S	1.00000	0	0.00000	0
183	S	1.00000	0	0.00000	0
184	E	1.00000	0	0.00000	0
185	T	0.99902	0	0.00098	0
186	V	0.97361	0	0.02639	0
187	N	0.78975	0	0.21025	0
188	I	0.00048	0	0.99952	0
189	T	0.00043	0	0.99957	0
190	I	0.00001	0	0.99999	0
191	T	0.00000	0	1.00000	0
192	Q	0.00000	0	1.00000	0
193	G	0.00000	0	1.00000	0
194	L	0.00000	0	1.00000	0
195	A	0.00000	0	1.00000	0
196	V	0.00000	0	1.00000	0
197	S	0.00000	0	1.00000	0
198	T	0.00000	0	1.00000	0
199	I	0.00000	0	1.00000	0
200	S	0.00000	0	1.00000	0
201	S	0.00000	0	1.00000	0
202	F	0.00000	0	1.00000	0
203	S	0.00000	0	1.00000	0
204	P	0.00000	0.00016	0.99984	0
205	P	0.00000	0.00281	0.99719	0
206	G	0.00000	0.02783	0.97217	0
207	Y	0.00000	0.16787	0.83213	0
208	Q	0.00000	0.7226	0.27740	0
209	V	0.00000	0.89215	0.10785	0
210	S	0.00000	0.79705	0.20295	0
211	F	0.00000	0.04918	0.95082	0
212	C	0.00000	0.00011	0.99989	0
213	L	0.00000	0	1.00000	0
214	V	0.00000	0	1.00000	0
215	M	0.00000	0	1.00000	0
216	V	0.00000	0	1.00000	0
217	L	0.00000	0	1.00000	0
218	L	0.00000	0	1.00000	0
219	F	0.00000	0	1.00000	0
220	A	0.00000	0	1.00000	0
221	V	0.00000	0	1.00000	0
222	D	0.00000	0	1.00000	0
223	T	0.00000	0	1.00000	0
224	G	0.00000	0	1.00000	0
225	L	0.00000	0	1.00000	0
226	Y	0.00000	0	1.00000	0
227	F	0.00001	0	0.99999	0
228	S	0.00197	0	0.99803	0
229	V	0.02222	0	0.97778	0
230	K	1.00000	0	0.00000	0
231	T	1.00000	0	0.00000	0
232	N	1.00000	0	0.00000	0
233	I	1.00000	0	0.00000	0
