# UNNAMED
#pos	aa	i	o	M	S
1	M	0.00000	1	0.00000	0
2	T	0.00000	1	0.00000	0
3	T	0.00000	1	0.00000	0
4	N	0.00000	1	0.00000	0
5	A	0.00000	0.99968	0.00032	0
6	G	0.00000	0.99963	0.00037	0
7	P	0.00000	0.99934	0.00066	0
8	L	0.00000	0.99619	0.00381	0
9	H	0.00000	0.99359	0.00641	0
10	P	0.00000	0.98433	0.01567	0
11	Y	0.00000	0.26001	0.73999	0
12	W	0.00000	0.14009	0.85991	0
13	P	0.00000	0.06899	0.93101	0
14	Q	0.00000	0.00056	0.99944	0
15	H	0.00000	0.00056	0.99944	0
16	L	0.00000	0.00056	0.99944	0
17	R	0.00000	0.00056	0.99944	0
18	L	0.00000	0.00056	0.99944	0
19	D	0.00000	0.00056	0.99944	0
20	N	0.00000	0.00056	0.99944	0
21	F	0.00000	0.00056	0.99944	0
22	V	0.00002	0.00056	0.99943	0
23	P	0.00026	0.00056	0.99919	0
24	N	0.00035	0.00056	0.99910	0
25	D	0.00086	0.00056	0.99859	0
26	R	0.00267	0.00055	0.99677	0
27	P	0.00315	0.00041	0.99645	0
28	T	0.00320	0.00014	0.99667	0
29	W	0.00341	1e-05	0.99658	0
30	H	0.02218	0	0.97782	0
31	I	0.09410	0	0.90590	0
32	L	0.14370	0	0.85630	0
33	A	0.46172	0	0.53828	0
34	G	0.99589	0	0.00411	0
35	L	0.99475	0	0.00525	0
36	F	0.99343	0	0.00657	0
37	S	0.99283	0	0.00717	0
38	V	0.97014	0	0.02986	0
39	T	0.93286	0	0.06714	0
40	G	0.60264	0	0.39736	0
41	V	0.11164	0	0.88836	0
42	L	0.02489	0	0.97511	0
43	V	0.00280	0	0.99720	0
44	V	0.00002	0	0.99998	0
45	T	0.00000	0	1.00000	0
46	T	0.00000	0	1.00000	0
47	W	0.00001	0	0.99999	0
48	L	0.00003	0	0.99997	0
49	L	0.00014	4e-05	0.99983	0
50	S	0.00046	0.00031	0.99923	0
51	G	0.00053	0.00049	0.99897	0
52	R	0.00056	0.00084	0.99860	0
53	A	0.00056	0.00085	0.99860	0
54	A	0.00056	0.00086	0.99858	0
55	V	0.00056	0.00089	0.99855	0
56	V	0.00056	0.00133	0.99812	0
57	P	0.00056	0.00202	0.99742	0
58	L	0.00005	0.00502	0.99493	0
59	G	0.00004	0.07152	0.92844	0
60	T	0.00001	0.39573	0.60426	0
61	W	0.00000	0.60772	0.39228	0
62	R	0.00000	0.99934	0.00066	0
63	R	0.00000	0.99939	0.00061	0
64	L	0.00000	0.99938	0.00062	0
65	S	0.00000	0.99937	0.00063	0
66	L	0.00000	0.99927	0.00073	0
67	C	0.00000	0.99907	0.00093	0
68	W	0.00000	0.99874	0.00126	0
69	F	0.00000	0.99121	0.00879	0
70	A	0.00000	0.97778	0.02222	0
71	V	0.00000	0.95167	0.04833	0
72	C	0.00000	0.87195	0.12805	0
73	G	0.00000	0.49934	0.50066	0
74	F	0.00000	0.01976	0.98024	0
75	I	0.00000	0	1.00000	0
76	H	0.00000	0	1.00000	0
77	L	0.00000	0	1.00000	0
78	V	0.00000	0.00021	0.99979	0
79	I	0.00000	0.00045	0.99955	0
80	E	0.00000	0.00056	0.99944	0
81	G	0.00000	0.00056	0.99944	0
82	W	0.00000	0.00056	0.99944	0
83	F	0.00000	0.00056	0.99944	0
84	V	0.00000	0.00056	0.99944	0
85	L	0.00000	0.00056	0.99944	0
86	Y	0.00000	0.00056	0.99944	0
87	Y	0.00000	0.00056	0.99944	0
88	E	0.00000	0.00056	0.99944	0
89	D	0.00001	0.00022	0.99977	0
90	L	0.00064	0	0.99936	0
91	L	0.03004	0	0.96996	0
92	G	0.07329	0	0.92671	0
93	D	0.11778	0	0.88222	0
94	Q	0.98899	0	0.01101	0
95	A	0.99267	0	0.00733	0
96	F	0.99555	0	0.00445	0
97	L	0.99717	0	0.00283	0
98	S	0.99944	0	0.00056	0
99	Q	0.99944	0	0.00056	0
100	L	0.99944	0	0.00056	0
101	W	0.99944	0	0.00056	0
102	K	0.99944	0	0.00056	0
103	E	0.99944	0	0.00056	0
104	Y	0.99944	0	0.00056	0
105	A	0.99944	0	0.00056	0
106	K	0.99944	0	0.00056	0
107	G	0.99926	0	0.00074	0
108	D	0.99896	0	0.00104	0
109	S	0.95662	0	0.04338	0
110	R	0.92007	0	0.07993	0
111	Y	0.11531	0	0.88469	0
112	I	0.00507	0	0.99493	0
113	L	0.00089	0	0.99911	0
114	G	0.00071	0	0.99929	0
115	D	0.00063	0	0.99937	0
116	N	0.00057	0	0.99943	0
117	F	0.00055	0	0.99945	0
118	T	0.00043	0	0.99957	0
119	V	0.00008	0	0.99992	0
120	C	0.00000	0	1.00000	0
121	M	0.00000	0	1.00000	0
122	E	0.00000	0	1.00000	0
123	T	0.00000	0	1.00000	0
124	I	0.00000	0	1.00000	0
125	T	0.00000	0	1.00000	0
126	A	0.00000	1e-05	0.99999	0
127	C	0.00000	0.00027	0.99973	0
128	L	0.00000	0.00058	0.99942	0
129	W	0.00000	0.01302	0.98698	0
130	G	0.00000	0.09731	0.90269	0
131	P	0.00000	0.21715	0.78285	0
132	L	0.00000	0.25239	0.74761	0
133	S	0.00000	0.92989	0.07011	0
134	L	0.00000	0.98414	0.01586	0
135	W	0.00000	0.99728	0.00272	0
136	V	0.00000	0.99944	0.00056	0
137	V	0.00000	0.9996	0.00040	0
138	I	0.00000	0.99999	0.00001	0
139	A	0.00000	1	0.00000	0
140	F	0.00000	1	0.00000	0
141	L	0.00000	1	0.00000	0
142	R	0.00000	0.99991	0.00009	0
143	Q	0.00000	0.99967	0.00033	0
144	H	0.00000	0.99647	0.00353	0
145	P	0.00000	0.983	0.01700	0
146	L	0.00000	0.20643	0.79357	0
147	R	0.00000	0.19699	0.80301	0
148	F	0.00000	0.00258	0.99742	0
149	I	0.00000	0.00045	0.99955	0
150	L	0.00000	1e-05	0.99999	0
151	Q	0.00000	0	1.00000	0
152	L	0.00000	0	1.00000	0
153	V	0.00000	0	1.00000	0
154	V	0.00000	0	1.00000	0
155	S	0.00000	0	1.00000	0
156	V	0.00000	0	1.00000	0
157	G	0.00000	0	1.00000	0
158	Q	0.00000	0	1.00000	0
159	I	0.00000	0	1.00000	0
160	Y	0.00000	0	1.00000	0
161	G	0.00000	0	1.00000	0
162	D	0.00000	0	1.00000	0
163	V	0.00000	0	1.00000	0
164	L	0.00000	0	1.00000	0
165	Y	0.00001	0	0.99999	0
166	F	0.00014	0	0.99986	0
167	L	0.03605	0	0.96395	0
168	T	0.60565	0	0.39435	0
169	E	0.98668	0	0.01332	0
170	H	0.99999	0	0.00001	0
171	R	1.00000	0	0.00000	0
172	D	1.00000	0	0.00000	0
173	G	1.00000	0	0.00000	0
174	F	1.00000	0	0.00000	0
175	Q	1.00000	0	0.00000	0
176	H	1.00000	0	0.00000	0
177	G	1.00000	0	0.00000	0
178	E	1.00000	0	0.00000	0
179	L	0.00071	0	0.99929	0
180	G	0.00031	0	0.99969	0
181	H	0.00016	0	0.99984	0
182	P	0.00012	0	0.99988	0
183	L	0.00000	0	1.00000	0
184	Y	0.00000	0	1.00000	0
185	F	0.00000	0	1.00000	0
186	W	0.00000	0	1.00000	0
187	F	0.00000	0	1.00000	0
188	Y	0.00000	0	1.00000	0
189	F	0.00000	0	1.00000	0
190	V	0.00000	0	1.00000	0
191	F	0.00000	0	1.00000	0
192	M	0.00000	0	1.00000	0
193	N	0.00000	0	1.00000	0
194	A	0.00000	0	1.00000	0
195	L	0.00000	0	1.00000	0
196	W	0.00000	0	1.00000	0
197	L	0.00000	9e-05	0.99991	0
198	V	0.00000	0.01161	0.98839	0
199	L	0.00000	0.20629	0.79371	0
200	P	0.00000	0.99723	0.00277	0
201	G	0.00000	0.90405	0.09595	0
202	V	0.00000	0.00706	0.99294	0
203	L	0.00000	0	1.00000	0
204	V	0.00000	0	1.00000	0
205	L	0.00000	0	1.00000	0
206	D	0.00000	0	1.00000	0
207	A	0.00000	0	1.00000	0
208	V	0.00000	0	1.00000	0
209	K	0.00000	0	1.00000	0
210	H	0.00000	0	1.00000	0
211	L	0.00000	0	1.00000	0
212	T	0.00000	0	1.00000	0
213	H	0.00000	0	1.00000	0
214	A	0.00000	0	1.00000	0
215	Q	0.00000	0	1.00000	0
216	S	0.00000	0	1.00000	0
217	T	0.00000	0	1.00000	0
218	L	0.00000	0	1.00000	0
219	D	0.00038	0	0.99962	0
220	A	0.00809	0	0.99191	0
221	K	1.00000	0	0.00000	0
222	A	1.00000	0	0.00000	0
223	T	1.00000	0	0.00000	0
224	K	1.00000	0	0.00000	0
225	A	1.00000	0	0.00000	0
226	K	1.00000	0	0.00000	0
227	S	1.00000	0	0.00000	0
228	K	1.00000	0	0.00000	0
229	K	1.00000	0	0.00000	0
230	N	1.00000	0	0.00000	0
