# UNNAMED
#pos	aa	i	o	M	S
1	M	0.00000	0.02458	0.00000	0.97542
2	L	0.00000	0.02458	0.00000	0.97542
3	R	0.00000	0.02458	0.00000	0.97542
4	L	0.00000	0.02431	0.00028	0.97542
5	Y	0.00000	0.02414	0.00045	0.97542
6	V	0.00000	0.02412	0.00046	0.97542
7	L	0.00000	0.02412	0.00046	0.97542
8	V	0.00000	0.02412	0.00046	0.97541
9	M	0.00000	0.02412	0.00046	0.97541
10	G	0.00000	0.02412	0.00046	0.97543
11	V	0.00000	0.02412	0.00046	0.97541
12	S	0.00000	0.02412	0.00046	0.97541
13	A	0.00000	0.02412	0.00046	0.97541
14	F	0.00000	0.84354	0.00046	0.15599
15	T	0.00000	0.84354	0.00046	0.156
16	L	0.00000	0.85025	0.00046	0.14929
17	Q	0.00000	0.85027	0.00046	0.14926
18	P	0.00000	0.85028	0.00046	0.14926
19	A	0.00000	0.85028	0.00046	0.14926
20	A	0.00000	0.85044	0.00046	0.14909
21	H	0.00000	0.85063	0.00046	0.1489
22	T	0.00000	0.85073	0.00046	0.14881
23	G	0.00000	0.9993	0.00046	0.00024
24	A	0.00002	0.99936	0.00045	0.00017
25	A	0.00010	0.99943	0.00036	0.0001
26	R	0.00046	0.99944	0.00001	0.0001
27	S	0.00046	0.99944	0.00000	0.0001
28	C	0.00046	0.99954	0.00000	0
29	R	0.00046	0.99954	0.00000	0
30	F	0.00046	0.99954	0.00000	0
31	R	0.00046	0.99954	0.00000	0
32	G	0.00046	0.99954	0.00000	0
33	R	0.00046	0.99954	0.00000	0
34	H	0.00036	0.99954	0.00010	0
35	Y	0.00029	0.99954	0.00017	0
36	K	0.00029	0.99954	0.00018	0
37	R	0.00026	0.99954	0.00021	0
38	E	0.00005	0.99954	0.00042	0
39	F	0.00000	0.99954	0.00046	0
40	R	0.00000	0.99954	0.00046	0
41	L	0.00000	0.99954	0.00046	0
42	E	0.00000	0.99954	0.00046	0
43	G	0.00000	0.99954	0.00046	0
44	E	0.00000	0.99954	0.00046	0
45	P	0.00000	0.99954	0.00046	0
46	V	0.00000	0.99954	0.00046	0
47	A	0.00000	0.99954	0.00046	0
48	L	0.00000	0.99954	0.00046	0
49	R	0.00000	0.99954	0.00046	0
50	C	0.00000	0.99954	0.00046	0
51	P	0.00000	0.99954	0.00046	0
52	Q	0.00000	0.99954	0.00046	0
53	V	0.00000	0.99954	0.00046	0
54	P	0.00000	0.99954	0.00046	0
55	Y	0.00000	0.99954	0.00046	0
56	W	0.00000	0.99991	0.00009	0
57	L	0.00000	0.99991	0.00009	0
58	W	0.00000	0.99993	0.00007	0
59	A	0.00000	1	0.00000	0
60	S	0.00000	1	0.00000	0
61	V	0.00000	1	0.00000	0
62	S	0.00000	1	0.00000	0
63	P	0.00000	1	0.00000	0
64	R	0.00000	1	0.00000	0
65	I	0.00000	1	0.00000	0
66	N	0.00000	1	0.00000	0
67	L	0.00000	1	0.00000	0
68	T	0.00000	1	0.00000	0
69	W	0.00000	1	0.00000	0
70	H	0.00000	1	0.00000	0
71	K	0.00000	1	0.00000	0
72	N	0.00000	1	0.00000	0
73	D	0.00000	1	0.00000	0
74	S	0.00000	1	0.00000	0
75	A	0.00000	1	0.00000	0
76	R	0.00000	1	0.00000	0
77	T	0.00000	1	0.00000	0
78	V	0.00000	1	0.00000	0
79	P	0.00000	1	0.00000	0
80	G	0.00000	1	0.00000	0
81	E	0.00000	1	0.00000	0
82	E	0.00000	1	0.00000	0
83	E	0.00000	1	0.00000	0
84	T	0.00000	1	0.00000	0
85	R	0.00000	0.99999	0.00001	0
86	M	0.00000	0.99973	0.00027	0
87	W	0.00000	0.99968	0.00032	0
88	A	0.00000	0.99963	0.00037	0
89	Q	0.00000	0.9996	0.00040	0
90	D	0.00000	0.99958	0.00042	0
91	G	0.00000	0.99955	0.00045	0
92	A	0.00000	0.99953	0.00047	0
93	L	0.00000	0.99953	0.00047	0
94	W	0.00000	0.99953	0.00047	0
95	L	0.00000	0.99953	0.00047	0
96	L	0.00000	0.99953	0.00047	0
97	P	0.00000	0.99953	0.00047	0
98	A	0.00000	0.99953	0.00047	0
99	L	0.00000	0.99953	0.00047	0
100	Q	0.00000	0.99953	0.00047	0
101	E	0.00000	0.99953	0.00047	0
102	D	0.00000	0.99953	0.00047	0
103	S	0.00000	0.99953	0.00047	0
104	G	0.00000	0.99953	0.00047	0
105	T	0.00005	0.99953	0.00042	0
106	Y	0.00009	0.99953	0.00038	0
107	V	0.00017	0.99953	0.00031	0
108	C	0.00017	0.99953	0.00031	0
109	T	0.00017	0.99953	0.00030	0
110	T	0.00020	0.99953	0.00027	0
111	R	0.00033	0.99953	0.00015	0
112	N	0.00045	0.99953	0.00002	0
113	A	0.00045	0.99953	0.00002	0
114	S	0.00046	0.99953	0.00001	0
115	Y	0.00046	0.99953	0.00001	0
116	C	0.00047	0.99953	0.00000	0
117	D	0.00047	0.99953	0.00000	0
118	K	0.00047	0.99953	0.00000	0
119	M	0.00047	0.99953	0.00001	0
120	S	0.00047	0.99953	0.00001	0
121	I	0.00046	0.99953	0.00001	0
122	E	0.00046	0.99953	0.00001	0
123	L	0.00038	0.99953	0.00009	0
124	R	0.00037	0.99953	0.00010	0
125	V	0.00035	0.99953	0.00013	0
126	F	0.00035	0.99953	0.00013	0
127	E	0.00034	0.99953	0.00013	0
128	N	0.00034	0.99953	0.00014	0
129	T	0.00024	0.99953	0.00024	0
130	D	0.00023	0.99953	0.00024	0
131	A	0.00009	0.8477	0.15221	0
132	F	0.00000	0.65504	0.34496	0
133	L	0.00000	0.64394	0.35606	0
134	P	0.00000	0.52434	0.47566	0
135	F	0.00000	0.09437	0.90563	0
136	I	0.00000	0.01655	0.98345	0
137	S	0.00000	0.00846	0.99154	0
138	Y	0.00000	0.00212	0.99788	0
139	P	0.00000	0.00094	0.99906	0
140	Q	0.00000	0.00022	0.99978	0
141	I	0.00000	1e-05	0.99999	0
142	L	0.00000	1e-05	0.99999	0
143	T	0.00000	2e-05	0.99998	0
144	L	0.00000	3e-05	0.99997	0
145	S	0.00000	0.0001	0.99990	0
146	T	0.00000	0.00012	0.99988	0
147	S	0.00000	0.00012	0.99988	0
148	G	0.00000	0.00013	0.99987	0
149	V	0.00000	0.00013	0.99987	0
150	L	0.00000	0.00014	0.99986	0
151	V	0.00010	0.00019	0.99971	0
152	C	0.00669	0.0004	0.99291	0
153	P	0.30662	0.00045	0.69293	0
154	D	0.63680	0.00047	0.36272	0
155	L	0.65875	0.00047	0.34078	0
156	S	0.89193	0.00047	0.10760	0
157	E	0.95969	0.00047	0.03984	0
158	F	0.96267	0.00047	0.03686	0
159	T	0.99348	0.00047	0.00604	0
160	R	0.99943	0.00047	0.00010	0
161	D	0.99953	0.00047	0.00000	0
162	K	0.99953	0.00047	0.00000	0
163	T	0.99951	0.00047	0.00002	0
164	D	0.99916	0.00047	0.00037	0
165	V	0.99148	0.00047	0.00805	0
166	K	0.97621	0.00047	0.02332	0
167	I	0.00385	0.00047	0.99568	0
168	Q	0.00051	0.00047	0.99902	0
169	W	0.00020	0.00047	0.99932	0
170	Y	0.00013	0.00047	0.99940	0
171	K	0.00012	0.00047	0.99941	0
172	D	0.00005	0.00047	0.99948	0
173	S	0.00004	0.00047	0.99949	0
174	L	0.00000	0.00047	0.99953	0
175	L	0.00000	0.00047	0.99953	0
176	L	0.00000	0.00047	0.99953	0
177	D	0.00000	0.00047	0.99953	0
178	K	0.00000	0.00047	0.99953	0
179	D	0.00000	0.00047	0.99953	0
180	N	0.00000	0.00047	0.99953	0
181	E	0.00000	0.00047	0.99953	0
182	K	0.00000	0.00047	0.99953	0
183	F	0.00000	0.00048	0.99952	0
184	L	0.00000	0.00051	0.99949	0
185	S	0.00000	0.0177	0.98230	0
186	V	0.00000	0.09533	0.90467	0
187	R	0.00000	0.96993	0.03007	0
188	G	0.00000	0.98318	0.01682	0
189	T	0.00000	0.99146	0.00854	0
190	T	0.00000	0.99549	0.00451	0
191	H	0.00000	0.99946	0.00054	0
192	L	0.00000	0.99948	0.00052	0
193	L	0.00000	0.99949	0.00051	0
194	V	0.00000	0.99951	0.00049	0
195	H	0.00000	0.99953	0.00047	0
196	D	0.00000	0.99953	0.00047	0
197	V	0.00000	0.99953	0.00047	0
198	A	0.00000	0.99953	0.00047	0
199	L	0.00000	0.99953	0.00047	0
200	E	0.00000	0.99953	0.00047	0
201	D	0.00000	0.99755	0.00245	0
202	A	0.00000	0.15599	0.84401	0
203	G	0.00000	0.13786	0.86214	0
204	Y	0.00000	0.05349	0.94651	0
205	Y	0.00000	0.00971	0.99029	0
206	R	0.00000	0.00372	0.99627	0
207	C	0.00000	0.00111	0.99889	0
208	V	0.00000	6e-05	0.99993	0
209	L	0.00001	0	0.99999	0
210	T	0.00002	0	0.99998	0
211	F	0.00002	0	0.99998	0
212	A	0.00004	0	0.99996	0
213	H	0.00023	0	0.99977	0
214	E	0.00044	0	0.99956	0
215	G	0.00045	0	0.99955	0
216	Q	0.00046	0	0.99953	0
217	Q	0.00047	0	0.99953	0
218	Y	0.00047	0	0.99953	0
219	N	0.00053	0	0.99947	0
220	I	0.02597	0	0.97403	0
221	T	0.48653	0	0.51347	0
222	R	0.63232	0	0.36768	0
223	S	0.65429	0	0.34571	0
224	I	0.65858	0	0.34142	0
225	E	0.66161	0	0.33839	0
226	L	0.70445	0	0.29555	0
227	R	0.99952	0	0.00048	0
228	I	0.99986	0	0.00014	0
229	K	0.99999	0	0.00001	0
230	K	1.00000	0	0.00000	0
231	K	1.00000	0	0.00000	0
232	K	1.00000	0	0.00000	0
233	E	0.99998	0	0.00002	0
234	E	0.99750	0	0.00250	0
235	T	0.88312	0	0.11688	0
236	I	0.35740	0	0.64260	0
237	P	0.34628	0	0.65372	0
238	V	0.34273	0	0.65727	0
239	I	0.34259	0	0.65741	0
240	I	0.34244	0	0.65756	0
241	S	0.34243	0	0.65757	0
242	P	0.34216	0	0.65784	0
243	L	0.33884	0	0.66116	0
244	K	0.33790	0	0.66210	0
245	T	0.32851	0	0.67149	0
246	I	0.30093	0	0.69907	0
247	S	0.29975	0	0.70025	0
248	A	0.29807	0	0.70193	0
249	S	0.16993	0	0.83007	0
250	L	0.00873	0	0.99127	0
251	G	0.00358	0	0.99642	0
252	S	0.00020	0	0.99980	0
253	R	0.00014	8e-05	0.99978	0
254	L	0.00009	0.00018	0.99973	0
255	T	0.00003	0.00847	0.99150	0
256	I	0.00002	0.03296	0.96702	0
257	P	0.00002	0.45874	0.54123	0
258	C	0.00000	0.65687	0.34313	0
259	K	0.00000	0.65739	0.34261	0
260	V	0.00000	0.65739	0.34261	0
261	F	0.00000	0.65739	0.34261	0
262	L	0.00000	0.65741	0.34259	0
263	G	0.00000	0.65779	0.34221	0
264	T	0.00000	0.66078	0.33922	0
265	G	0.00000	0.66584	0.33416	0
266	T	0.00000	0.67334	0.32666	0
267	P	0.00000	0.68134	0.31866	0
268	L	0.00000	0.6837	0.31630	0
269	T	0.00000	0.69923	0.30077	0
270	T	0.00000	0.70776	0.29224	0
271	M	0.00000	0.71822	0.28178	0
272	L	0.00000	0.76131	0.23869	0
273	W	0.00000	0.931	0.06900	0
274	W	0.00000	0.98419	0.01581	0
275	T	0.00000	0.99764	0.00236	0
276	A	0.00000	0.99898	0.00102	0
277	N	0.00000	0.99937	0.00063	0
278	D	0.00000	0.9994	0.00060	0
279	T	0.00000	0.9994	0.00060	0
280	H	0.00000	0.9994	0.00060	0
281	I	0.00000	0.9994	0.00060	0
282	E	0.00000	0.9994	0.00060	0
283	S	0.00000	0.9994	0.00060	0
284	A	0.00000	0.9994	0.00060	0
285	Y	0.00000	0.9994	0.00060	0
286	P	0.00000	0.9994	0.00060	0
287	G	0.00000	0.9994	0.00060	0
288	G	0.00000	0.9994	0.00060	0
289	R	0.00000	0.9994	0.00059	0
290	V	0.00001	0.9994	0.00060	0
291	T	0.00001	0.9994	0.00059	0
292	E	0.00018	0.9994	0.00043	0
293	G	0.00023	0.99939	0.00038	0
294	P	0.00060	0.99938	0.00002	0
295	R	0.00060	0.99926	0.00015	0
296	Q	0.00060	0.99923	0.00017	0
297	E	0.00060	0.99921	0.00020	0
298	Y	0.00060	0.99447	0.00493	0
299	S	0.00060	0.99431	0.00509	0
300	E	0.00060	0.99428	0.00512	0
301	N	0.00060	0.99425	0.00515	0
302	N	0.00060	0.98438	0.01502	0
303	E	0.00060	0.9842	0.01520	0
304	N	0.00060	0.95139	0.04801	0
305	Y	0.00060	0.95029	0.04911	0
306	I	0.00060	0.94934	0.05006	0
307	E	0.00060	0.94923	0.05018	0
308	V	0.00060	0.01447	0.98493	0
309	P	0.00060	0.01394	0.98546	0
310	L	0.00060	0.01393	0.98548	0
311	I	0.00060	0.01393	0.98548	0
312	F	0.00060	0.01391	0.98549	0
313	D	0.00060	0.01391	0.98549	0
314	P	0.00060	0.01326	0.98614	0
315	V	0.00060	0.01326	0.98613	0
316	T	0.00065	0.01326	0.98609	0
317	R	0.00076	0.01326	0.98598	0
318	E	0.00091	0.01313	0.98596	0
319	D	0.00100	0.01313	0.98587	0
320	L	0.00117	0.00047	0.99836	0
321	H	0.00321	0.00046	0.99632	0
322	M	0.00911	0.00046	0.99043	0
323	D	0.01058	0.00046	0.98895	0
324	F	0.01021	0.00046	0.98933	0
325	K	0.01841	0.00046	0.98112	0
326	C	0.01994	0.00046	0.97959	0
327	V	0.02079	0.00046	0.97875	0
328	V	0.02943	0.00046	0.97010	0
329	H	0.26888	0.00046	0.73065	0
330	N	0.91613	0.00046	0.08341	0
331	T	0.94015	0.00046	0.05938	0
332	L	0.95201	0.00046	0.04753	0
333	S	0.98282	0.00046	0.01672	0
334	F	0.98522	0.00046	0.01431	0
335	Q	0.98589	0.00046	0.01364	0
336	T	0.98594	0.00046	0.01359	0
337	L	0.98599	0.00046	0.01355	0
338	R	0.98616	0.00046	0.01338	0
339	T	0.98622	0.00046	0.01332	0
340	T	0.98664	0.00046	0.01290	0
341	V	0.98929	0.00045	0.01026	0
342	K	0.99894	0.00075	0.00031	0
343	E	0.99894	0.00098	0.00008	0
344	A	0.59778	0.00098	0.40124	0
345	S	0.58500	0.001	0.41400	0
346	S	0.29067	0.00079	0.70854	0
347	T	0.28362	0.00067	0.71571	0
348	F	0.06096	0.00051	0.93853	0
349	S	0.06032	0.00043	0.93925	0
350	W	0.01377	3e-05	0.98619	0
351	G	0.00007	0	0.99992	0
352	I	0.00006	0	0.99994	0
353	V	0.00000	0	1.00000	0
354	L	0.00000	0	1.00000	0
355	A	0.00000	0	1.00000	0
356	P	0.00000	0	1.00000	0
357	L	0.00000	0	1.00000	0
358	S	0.00000	0	1.00000	0
359	L	0.00000	0	1.00000	0
360	A	0.00000	0	1.00000	0
361	F	0.00000	0	1.00000	0
362	L	0.00000	0	1.00000	0
363	V	0.00000	6e-05	0.99994	0
364	L	0.00000	0.00272	0.99728	0
365	G	0.00001	0.05501	0.94498	0
366	G	0.00007	0.08176	0.91817	0
367	I	0.00012	0.09422	0.90566	0
368	W	0.00023	0.1469	0.85287	0
369	M	0.00043	0.22658	0.77299	0
370	H	0.00068	0.66368	0.33565	0
371	R	0.00106	0.96328	0.03566	0
372	R	0.00106	0.97859	0.02036	0
373	C	0.00106	0.97547	0.02347	0
374	K	0.00106	0.97516	0.02379	0
375	H	0.00106	0.82293	0.17601	0
376	R	0.00106	0.47032	0.52863	0
377	T	0.00106	0.07777	0.92118	0
378	G	0.00106	0.05654	0.94241	0
379	K	0.00106	0.00614	0.99281	0
380	A	0.00106	0	0.99894	0
381	D	0.00106	0	0.99894	0
382	G	0.00106	0	0.99894	0
383	L	0.00106	0	0.99894	0
384	T	0.00106	0	0.99894	0
385	V	0.00106	0	0.99894	0
386	L	0.00106	0	0.99894	0
387	W	0.00108	0	0.99892	0
388	P	0.00132	0	0.99868	0
389	H	0.00177	0	0.99823	0
390	H	0.00311	0	0.99689	0
391	Q	0.01806	0	0.98194	0
392	D	0.02344	0	0.97656	0
393	F	0.02347	0	0.97653	0
394	Q	0.02647	0	0.97353	0
395	S	0.02769	0	0.97231	0
396	Y	0.03073	0	0.96927	0
397	P	0.15845	0	0.84155	0
398	K	1.00000	0	0.00000	0
