# UNNAMED
#pos	aa	i	o	M	S
1	M	0.00000	0.02904	0.00000	0.97096
2	V	0.00000	0.02904	0.00000	0.97097
3	G	0.00000	0.02904	0.00000	0.97096
4	K	0.00000	0.02904	0.00000	0.97096
5	M	0.00000	0.02903	0.00001	0.97096
6	W	0.00000	0.0269	0.00214	0.97097
7	P	0.00000	0.02616	0.00287	0.97096
8	V	0.00000	0.02451	0.00453	0.97097
9	L	0.00000	0.02441	0.00462	0.97096
10	W	0.00000	0.02435	0.00468	0.97096
11	T	0.00000	0.02434	0.00470	0.97096
12	L	0.00000	0.02429	0.00475	0.97096
13	C	0.00000	0.02426	0.00477	0.97097
14	A	0.00000	0.02396	0.00507	0.97097
15	V	0.00000	0.02369	0.00535	0.97096
16	R	0.00000	0.02369	0.00535	0.97096
17	V	0.00000	0.02369	0.00535	0.97096
18	T	0.00000	0.02369	0.00535	0.97096
19	V	0.00000	0.02369	0.00535	0.97096
20	D	0.00000	0.02374	0.00535	0.97091
21	A	0.00000	0.01731	0.01178	0.97091
22	I	0.00000	0.76769	0.01652	0.21579
23	S	0.00000	0.76682	0.01739	0.21579
24	V	0.00000	0.98058	0.01941	1e-05
25	E	0.00016	0.98059	0.01925	0
26	T	0.00055	0.98059	0.01886	0
27	P	0.00210	0.98059	0.01731	0
28	Q	0.00240	0.98058	0.01701	0
29	D	0.00256	0.98057	0.01686	0
30	V	0.00257	0.08886	0.90857	0
31	L	0.00275	0.0127	0.98455	0
32	R	0.00421	0.01151	0.98428	0
33	A	0.00433	0.00961	0.98606	0
34	S	0.00472	0.00961	0.98567	0
35	Q	0.00491	0.00961	0.98548	0
36	G	0.00495	0.0096	0.98545	0
37	K	0.00508	0.0096	0.98532	0
38	S	0.00508	0.00948	0.98544	0
39	V	0.00508	0.00947	0.98545	0
40	T	0.00512	0.00947	0.98542	0
41	L	0.00529	0.00938	0.98534	0
42	P	0.01671	0.00839	0.97490	0
43	C	0.01227	0.00537	0.98236	0
44	T	0.01278	0.00201	0.98521	0
45	Y	0.01287	0.00089	0.98624	0
46	H	0.01401	0.00086	0.98513	0
47	T	0.02117	0.00086	0.97797	0
48	S	0.37904	0.00086	0.62010	0
49	T	0.75102	0.00086	0.24812	0
50	S	0.98477	0.00086	0.01437	0
51	S	0.98558	0.00086	0.01356	0
52	R	0.98558	0.00086	0.01356	0
53	E	0.98436	0.00086	0.01478	0
54	G	0.84172	0	0.15828	0
55	L	0.50809	0	0.49191	0
56	I	0.05902	0	0.94098	0
57	Q	0.03563	0	0.96437	0
58	W	0.00768	1e-05	0.99231	0
59	D	0.00395	1e-05	0.99604	0
60	K	0.00371	1e-05	0.99627	0
61	L	0.00007	3e-05	0.99990	0
62	L	0.00008	0.00048	0.99944	0
63	L	0.00490	0.00156	0.99353	0
64	T	0.00651	0.00218	0.99131	0
65	H	0.00852	0.00479	0.98669	0
66	T	0.00860	0.00479	0.98661	0
67	E	0.00862	0.00479	0.98659	0
68	R	0.00862	0.00479	0.98659	0
69	V	0.00862	0.00479	0.98659	0
70	V	0.00862	0.00479	0.98659	0
71	I	0.00862	0.00479	0.98659	0
72	W	0.00865	0.00487	0.98648	0
73	P	0.00948	0.00816	0.98236	0
74	F	0.00559	0.05403	0.94038	0
75	S	0.00522	0.65982	0.33495	0
76	N	0.00436	0.94217	0.05347	0
77	K	0.00213	0.98374	0.01413	0
78	N	0.00006	0.98757	0.01238	0
79	Y	0.00000	0.98758	0.01242	0
80	I	0.00000	0.98762	0.01238	0
81	H	0.00000	0.99031	0.00969	0
82	G	0.00000	0.9905	0.00950	0
83	E	0.00000	0.99051	0.00949	0
84	L	0.00000	0.99051	0.00949	0
85	Y	0.00000	0.99051	0.00949	0
86	K	0.00000	0.99051	0.00949	0
87	N	0.00000	0.99051	0.00949	0
88	R	0.00000	0.99048	0.00952	0
89	V	0.00000	0.99048	0.00952	0
90	S	0.00000	0.99048	0.00952	0
91	I	0.00000	0.9905	0.00950	0
92	S	0.00000	0.99102	0.00898	0
93	N	0.00000	0.99356	0.00644	0
94	N	0.00000	0.9944	0.00560	0
95	A	0.00000	0.99458	0.00542	0
96	E	0.00000	0.99935	0.00064	0
97	Q	0.00000	0.99517	0.00483	0
98	S	0.00000	0.9838	0.01619	0
99	D	0.00000	0.98044	0.01956	0
100	A	0.00000	0.97751	0.02248	0
101	S	0.00000	0.95053	0.04947	0
102	I	0.00000	0.91976	0.08024	0
103	T	0.00000	0.91631	0.08369	0
104	I	0.00000	0.91167	0.08832	0
105	D	0.00000	0.91077	0.08923	0
106	Q	0.00000	0.90887	0.09113	0
107	L	0.00000	0.00497	0.99503	0
108	T	0.00000	0.0017	0.99830	0
109	M	0.00001	1e-05	0.99998	0
110	A	0.00003	0	0.99997	0
111	D	0.00003	0	0.99997	0
112	N	0.00003	0	0.99997	0
113	G	0.00003	0	0.99997	0
114	T	0.00003	0	0.99997	0
115	Y	0.00003	0	0.99997	0
116	E	0.00079	0	0.99921	0
117	C	0.00115	0	0.99885	0
118	S	0.00269	0	0.99731	0
119	V	0.02234	0	0.97766	0
120	S	0.04225	0	0.95775	0
121	L	0.06967	0	0.93033	0
122	M	0.07075	0	0.92925	0
123	S	0.07172	0	0.92827	0
124	D	0.07206	0	0.92794	0
125	L	0.07217	0	0.92783	0
126	E	0.07245	0	0.92755	0
127	G	0.09225	0	0.90775	0
128	N	0.32299	0	0.67701	0
129	T	0.99920	0	0.00080	0
130	K	0.99986	0	0.00014	0
131	S	0.99998	0	0.00002	0
132	R	0.99995	0	0.00005	0
133	V	0.99502	0	0.00497	0
134	R	0.99253	0	0.00747	0
135	L	0.92830	0	0.07170	0
136	L	0.92792	0	0.07208	0
137	V	0.92791	0	0.07208	0
138	L	0.92791	0	0.07209	0
139	V	0.92789	0	0.07211	0
140	P	0.92789	0	0.07211	0
141	P	0.92780	0	0.07220	0
142	S	0.92440	0	0.07560	0
143	K	0.92095	0	0.07905	0
144	P	0.85808	0	0.14192	0
145	E	0.31628	0	0.68372	0
146	C	0.00018	0	0.99982	0
147	G	0.00003	0	0.99997	0
148	I	0.00000	0	1.00000	0
149	E	0.00000	0	1.00000	0
150	G	0.00000	0	1.00000	0
151	E	0.00000	0	1.00000	0
152	T	0.00000	1e-05	0.99999	0
153	I	0.00000	0.00012	0.99988	0
154	I	0.00000	0.00219	0.99781	0
155	G	0.00000	0.02754	0.97246	0
156	N	0.00000	0.06807	0.93193	0
157	N	0.00000	0.07155	0.92845	0
158	I	0.00000	0.07178	0.92822	0
159	Q	0.00000	0.07206	0.92794	0
160	L	0.00000	0.07207	0.92793	0
161	T	0.00000	0.07257	0.92743	0
162	C	0.00000	0.07717	0.92282	0
163	Q	0.00000	0.09981	0.90019	0
164	S	0.00000	0.29497	0.70503	0
165	K	0.00000	0.94612	0.05388	0
166	E	0.00000	0.99005	0.00995	0
167	G	0.00000	0.9929	0.00710	0
168	S	0.00000	0.99936	0.00064	0
169	P	0.00000	0.99993	0.00007	0
170	T	0.00000	0.99999	0.00001	0
171	P	0.00000	0.99999	0.00001	0
172	Q	0.00000	0.99999	0.00001	0
173	Y	0.00000	0.99998	0.00002	0
174	S	0.00000	0.99995	0.00005	0
175	W	0.00000	0.99995	0.00005	0
176	K	0.00000	0.99995	0.00005	0
177	R	0.00000	0.99896	0.00104	0
178	Y	0.00000	0.99744	0.00256	0
179	N	0.00000	0.96521	0.03479	0
180	I	0.00000	0.96157	0.03843	0
181	L	0.00000	0.95668	0.04332	0
182	N	0.00000	0.95668	0.04332	0
183	Q	0.00000	0.95667	0.04333	0
184	E	0.00000	0.9566	0.04339	0
185	Q	0.00000	0.91048	0.08952	0
186	P	0.00000	0.89351	0.10648	0
187	L	0.00000	0.24657	0.75343	0
188	A	0.00000	0.11153	0.88847	0
189	Q	0.00000	0.10638	0.89362	0
190	P	0.00000	0.00179	0.99821	0
191	A	0.00000	0.00015	0.99985	0
192	S	0.00000	1e-05	0.99999	0
193	G	0.00000	1e-05	0.99998	0
194	Q	0.00001	0	0.99999	0
195	P	0.00001	0	0.99999	0
196	V	0.00001	0	0.99999	0
197	S	0.00003	0	0.99997	0
198	L	0.00010	0	0.99990	0
199	K	0.00866	0	0.99134	0
200	N	0.01198	0	0.98802	0
201	I	0.01292	0	0.98708	0
202	S	0.02580	0	0.97420	0
203	T	0.03820	0	0.96180	0
204	D	0.04334	0	0.95666	0
205	T	0.04336	0	0.95664	0
206	S	0.04342	0	0.95658	0
207	G	0.04347	0	0.95653	0
208	Y	0.03998	0	0.96002	0
209	Y	0.03733	0	0.96267	0
210	I	0.07210	0	0.92790	0
211	C	0.29406	0	0.70594	0
212	T	0.97573	0	0.02427	0
213	S	0.98782	0	0.01218	0
214	S	0.98803	0	0.01197	0
215	N	0.98803	0	0.01197	0
216	E	0.98803	0	0.01197	0
217	E	0.98803	0	0.01197	0
218	G	0.98018	0	0.01982	0
219	T	0.97821	0	0.02179	0
220	Q	0.90874	0	0.09126	0
221	F	0.04621	0	0.95379	0
222	C	0.03502	0	0.96498	0
223	N	0.03450	0	0.96550	0
224	I	0.00070	0	0.99930	0
225	T	0.00000	0	1.00000	0
226	V	0.00000	0	1.00000	0
227	A	0.00000	0	1.00000	0
228	V	0.00000	0.00051	0.99949	0
229	R	0.00000	0.00856	0.99144	0
230	S	0.00000	0.01009	0.98991	0
231	P	0.00000	0.0114	0.98860	0
232	S	0.00000	0.01172	0.98828	0
233	M	0.00000	0.00879	0.99121	0
234	N	0.00000	0.00788	0.99212	0
235	V	0.00000	0.00049	0.99951	0
236	A	0.00000	0.00023	0.99977	0
237	L	0.00000	0.00018	0.99982	0
238	Y	0.00000	0.00292	0.99708	0
239	V	0.00000	0.06261	0.93739	0
240	G	0.00000	0.84349	0.15651	0
241	I	0.00000	0.89971	0.10029	0
242	A	0.00000	0.17401	0.82599	0
243	V	0.00000	0.03844	0.96156	0
244	G	0.00000	0.01332	0.98668	0
245	V	0.00000	2e-05	0.99998	0
246	V	0.00000	0	1.00000	0
247	A	0.00000	0	1.00000	0
248	A	0.00000	0	1.00000	0
249	L	0.00000	0	1.00000	0
250	I	0.00000	0	1.00000	0
251	I	0.00000	0	1.00000	0
252	I	0.00000	0	1.00000	0
253	G	0.00007	0	0.99993	0
254	I	0.00047	0	0.99953	0
255	I	0.00132	0	0.99868	0
256	I	0.00226	0	0.99774	0
257	Y	0.00732	0	0.99268	0
258	C	0.01052	0	0.98948	0
259	C	0.01165	0	0.98835	0
260	C	0.01922	0	0.98078	0
261	C	0.39518	0	0.60482	0
262	R	0.99966	0	0.00034	0
263	G	0.99966	0	0.00034	0
264	K	1.00000	0	0.00000	0
265	D	1.00000	0	0.00000	0
266	D	1.00000	0	0.00000	0
267	N	1.00000	0	0.00000	0
268	T	1.00000	0	0.00000	0
269	E	1.00000	0	0.00000	0
270	D	1.00000	0	0.00000	0
271	K	1.00000	0	0.00000	0
272	E	1.00000	0	0.00000	0
273	D	1.00000	0	0.00000	0
274	A	1.00000	0	0.00000	0
275	R	1.00000	0	0.00000	0
276	P	1.00000	0	0.00000	0
277	N	1.00000	0	0.00000	0
278	R	1.00000	0	0.00000	0
279	E	1.00000	0	0.00000	0
280	A	1.00000	0	0.00000	0
281	Y	1.00000	0	0.00000	0
282	E	1.00000	0	0.00000	0
283	E	1.00000	0	0.00000	0
284	P	1.00000	0	0.00000	0
285	P	1.00000	0	0.00000	0
286	E	1.00000	0	0.00000	0
287	Q	1.00000	0	0.00000	0
288	L	1.00000	0	0.00000	0
289	R	1.00000	0	0.00000	0
290	E	1.00000	0	0.00000	0
291	L	1.00000	0	0.00000	0
292	S	1.00000	0	0.00000	0
293	R	1.00000	0	0.00000	0
294	E	1.00000	0	0.00000	0
295	R	1.00000	0	0.00000	0
296	E	1.00000	0	0.00000	0
297	E	1.00000	0	0.00000	0
298	E	1.00000	0	0.00000	0
299	D	1.00000	0	0.00000	0
300	D	1.00000	0	0.00000	0
301	Y	1.00000	0	0.00000	0
302	R	1.00000	0	0.00000	0
303	Q	1.00000	0	0.00000	0
304	E	1.00000	0	0.00000	0
305	E	1.00000	0	0.00000	0
306	Q	1.00000	0	0.00000	0
307	R	1.00000	0	0.00000	0
308	S	1.00000	0	0.00000	0
309	T	1.00000	0	0.00000	0
310	G	1.00000	0	0.00000	0
311	R	1.00000	0	0.00000	0
312	E	1.00000	0	0.00000	0
313	S	1.00000	0	0.00000	0
314	P	1.00000	0	0.00000	0
315	D	1.00000	0	0.00000	0
316	H	1.00000	0	0.00000	0
317	L	1.00000	0	0.00000	0
318	D	1.00000	0	0.00000	0
319	Q	1.00000	0	0.00000	0
