# UNNAMED
#pos	aa	i	o	M	S
1	M	0.00000	1	0.00000	0
2	E	0.00000	1	0.00000	0
3	P	0.00000	1	0.00000	0
4	L	0.00000	0.68471	0.31529	0
5	R	0.00000	0.60132	0.39868	0
6	L	0.00000	0.14441	0.85559	0
7	L	0.00000	0.04712	0.95288	0
8	I	0.00000	0.00709	0.99291	0
9	L	0.00000	0.00055	0.99945	0
10	L	0.00000	9e-05	0.99991	0
11	F	0.00000	2e-05	0.99998	0
12	V	0.00000	1e-05	0.99999	0
13	T	0.00000	1e-05	0.99999	0
14	E	0.00000	1e-05	0.99999	0
15	L	0.00000	0	1.00000	0
16	S	0.00000	0	1.00000	0
17	G	0.00000	0	1.00000	0
18	A	0.00000	0	1.00000	0
19	H	0.00000	0	1.00000	0
20	N	0.00000	0	1.00000	0
21	T	0.00025	0	0.99975	0
22	T	0.01412	0	0.98588	0
23	V	0.06774	0	0.93226	0
24	F	0.53349	0	0.46651	0
25	Q	0.80300	0	0.19700	0
26	G	0.84181	0	0.15819	0
27	V	0.85059	0	0.14941	0
28	A	0.85365	0	0.14635	0
29	G	0.71682	0	0.28318	0
30	Q	0.47108	0	0.52892	0
31	S	0.30847	0	0.69153	0
32	L	0.12780	0	0.87220	0
33	Q	0.12925	0	0.87075	0
34	V	0.12927	0	0.87073	0
35	S	0.12932	0	0.87068	0
36	C	0.12933	0	0.87067	0
37	P	0.12933	0	0.87067	0
38	Y	0.12744	0	0.87256	0
39	D	0.11900	0	0.88100	0
40	S	0.03797	0	0.96203	0
41	M	0.00014	0	0.99986	0
42	K	0.00000	0	1.00000	0
43	H	0.00000	0	1.00000	0
44	W	0.00000	0	1.00000	0
45	G	0.00000	0.00021	0.99979	0
46	R	0.00000	0.0294	0.97060	0
47	R	0.00000	0.20228	0.79772	0
48	K	0.00000	0.22986	0.77014	0
49	A	0.00000	0.55689	0.44311	0
50	W	0.00000	0.70151	0.29849	0
51	C	0.00000	0.87055	0.12945	0
52	R	0.00000	0.87067	0.12933	0
53	Q	0.00000	0.87067	0.12933	0
54	L	0.00000	0.87067	0.12933	0
55	G	0.00000	0.87067	0.12933	0
56	E	0.00000	0.87067	0.12933	0
57	K	0.00000	0.87221	0.12779	0
58	G	0.00000	0.87823	0.12177	0
59	P	0.00000	0.87714	0.12286	0
60	C	0.00000	0.55471	0.44529	0
61	Q	0.00000	0.18449	0.81551	0
62	R	0.00000	0.13744	0.86256	0
63	V	0.00000	0.12933	0.87067	0
64	V	0.00000	0.12933	0.87067	0
65	S	0.00000	0.12933	0.87067	0
66	T	0.00000	0.12933	0.87067	0
67	H	0.00000	0.12933	0.87067	0
68	N	0.00000	0.12932	0.87068	0
69	L	0.00000	0.12879	0.87121	0
70	W	0.00000	0.12798	0.87202	0
71	L	0.00000	0.12736	0.87264	0
72	L	0.00000	0.10411	0.89589	0
73	S	0.00000	9e-05	0.99991	0
74	F	0.00000	0	1.00000	0
75	L	0.00000	0	1.00000	0
76	R	0.00000	0	1.00000	0
77	R	0.00000	0	1.00000	0
78	W	0.00006	0	0.99994	0
79	N	0.03938	0	0.96062	0
80	G	0.32792	0	0.67208	0
81	S	0.87064	0	0.12936	0
82	T	0.87066	0	0.12934	0
83	A	0.87066	0	0.12934	0
84	I	0.87066	0	0.12934	0
85	T	0.87066	0	0.12934	0
86	D	0.87066	0	0.12934	0
87	D	0.87066	0	0.12934	0
88	T	0.87067	0	0.12933	0
89	L	0.87072	0	0.12928	0
90	G	0.87097	0	0.12903	0
91	G	0.99688	0	0.00312	0
92	T	0.99945	0	0.00055	0
93	L	0.99430	0	0.00570	0
94	T	0.87044	0	0.12956	0
95	I	0.22849	0	0.77151	0
96	T	0.16832	0	0.83168	0
97	L	0.14377	0	0.85623	0
98	R	0.14370	0	0.85630	0
99	N	0.13226	0	0.86774	0
100	L	0.12945	0	0.87055	0
101	Q	0.12942	0	0.87058	0
102	P	0.12939	0	0.87061	0
103	H	0.12896	0	0.87104	0
104	D	0.12780	0	0.87220	0
105	A	0.08280	0	0.91720	0
106	G	0.01690	0	0.98310	0
107	L	0.00038	0	0.99962	0
108	Y	0.00020	0	0.99980	0
109	Q	0.00020	0	0.99980	0
110	C	0.00000	3e-05	0.99997	0
111	Q	0.00000	7e-05	0.99993	0
112	S	0.00000	0.00038	0.99962	0
113	L	0.00000	0.0048	0.99520	0
114	H	0.00000	0.09128	0.90872	0
115	G	0.00000	0.17567	0.82433	0
116	S	0.00000	0.71782	0.28218	0
117	E	0.00000	0.84715	0.15285	0
118	A	0.00000	0.8517	0.14830	0
119	D	0.00000	0.87044	0.12956	0
120	T	0.00000	0.87045	0.12955	0
121	L	0.00000	0.87047	0.12953	0
122	R	0.00000	0.87094	0.12906	0
123	K	0.00000	0.87122	0.12878	0
124	V	0.00000	0.87127	0.12873	0
125	L	0.00000	0.87418	0.12582	0
126	V	0.00000	0.90822	0.09178	0
127	E	0.00000	0.99971	0.00029	0
128	V	0.00000	0.99976	0.00024	0
129	L	0.00000	0.99975	0.00025	0
130	A	0.00000	0.99982	0.00018	0
131	D	0.00000	0.99993	0.00007	0
132	P	0.00000	0.96545	0.03455	0
133	L	0.00000	0.96538	0.03462	0
134	D	0.00000	0.96531	0.03469	0
135	H	0.00000	0.82275	0.17725	0
136	R	0.00000	0.82274	0.17726	0
137	D	0.00000	0.82255	0.17745	0
138	A	0.00000	0.81812	0.18188	0
139	G	0.00000	0.80603	0.19397	0
140	D	0.00000	0.8048	0.19520	0
141	L	0.00000	0.02811	0.97189	0
142	W	0.00000	0.02371	0.97629	0
143	F	0.00000	7e-05	0.99993	0
144	P	0.00000	2e-05	0.99998	0
145	G	0.00000	2e-05	0.99998	0
146	E	0.00000	1e-05	0.99999	0
147	S	0.00000	0	1.00000	0
148	E	0.00000	0	1.00000	0
149	S	0.00000	0	1.00000	0
150	F	0.00000	0	1.00000	0
151	E	0.00008	0	0.99992	0
152	D	0.00021	0	0.99979	0
153	A	0.00039	0	0.99961	0
154	H	0.00157	0	0.99843	0
155	V	0.00627	0	0.99373	0
156	E	0.13402	0	0.86598	0
157	H	0.15362	0	0.84638	0
158	S	0.17176	0	0.82824	0
159	I	0.17843	0	0.82157	0
160	S	0.19059	0	0.80941	0
161	R	0.29685	0	0.70315	0
162	S	0.40872	0	0.59128	0
163	L	0.41492	0	0.58508	0
164	L	0.55485	0	0.44515	0
165	E	0.98568	0	0.01432	0
166	G	0.99998	0	0.00002	0
167	E	1.00000	0	0.00000	0
168	I	1.00000	0	0.00000	0
169	P	1.00000	0	0.00000	0
170	F	1.00000	0	0.00000	0
171	P	1.00000	0	0.00000	0
172	P	1.00000	0	0.00000	0
173	T	0.99953	0	0.00047	0
174	S	0.99773	0	0.00227	0
175	I	0.45534	0	0.54466	0
176	L	0.00139	0	0.99861	0
177	L	0.00023	0	0.99977	0
178	L	0.00002	0	0.99998	0
179	L	0.00001	0	0.99999	0
180	A	0.00001	0	0.99999	0
181	C	0.00000	0	1.00000	0
182	I	0.00000	0	1.00000	0
183	F	0.00000	0	1.00000	0
184	L	0.00000	0	1.00000	0
185	I	0.00000	0	1.00000	0
186	K	0.00000	0	1.00000	0
187	I	0.00000	0	1.00000	0
188	L	0.00000	0	1.00000	0
189	A	0.00000	0	1.00000	0
190	A	0.00000	0	1.00000	0
191	S	0.00000	0	1.00000	0
192	A	0.00000	0	1.00000	0
193	L	0.00000	0	1.00000	0
194	W	0.00000	0.00013	0.99987	0
195	A	0.00000	0.00136	0.99864	0
196	A	0.00000	0.01188	0.98812	0
197	A	0.00000	0.11375	0.88625	0
198	W	0.00000	0.41532	0.58468	0
199	H	0.00000	0.83622	0.16378	0
200	G	0.00000	0.97658	0.02342	0
201	Q	0.00000	0.99782	0.00218	0
202	K	0.00000	0.99784	0.00216	0
203	P	0.00000	0.99601	0.00399	0
204	G	0.00000	0.99268	0.00732	0
205	T	0.00000	0.98447	0.01553	0
206	H	0.00000	0.8841	0.11590	0
207	P	0.00000	0.54324	0.45676	0
208	P	0.00000	0.10005	0.89995	0
209	S	0.00000	0.00118	0.99882	0
210	E	0.00000	0	1.00000	0
211	L	0.00000	0	1.00000	0
212	D	0.00000	0	1.00000	0
213	C	0.00000	0	1.00000	0
214	G	0.00000	0	1.00000	0
215	H	0.00000	0	1.00000	0
216	D	0.00000	0	1.00000	0
217	P	0.00000	0	1.00000	0
218	G	0.00001	0	0.99999	0
219	Y	0.00003	0	0.99997	0
220	Q	0.00018	0	0.99982	0
221	L	0.00021	0	0.99979	0
222	Q	0.00097	0	0.99903	0
223	T	0.00119	0	0.99881	0
224	L	0.00155	0	0.99845	0
225	P	0.00182	0	0.99818	0
226	G	0.00722	0	0.99278	0
227	L	0.02919	0	0.97081	0
228	R	1.00000	0	0.00000	0
229	D	1.00000	0	0.00000	0
230	T	1.00000	0	0.00000	0
