# UNNAMED
#pos	aa	i	o	M	S
1	M	0.00000	0.00132	0.00000	0.99868
2	D	0.00000	0.00132	0.00000	0.99868
3	H	0.00000	0.00132	0.00000	0.99868
4	C	0.00000	0.00132	0.00000	0.99868
5	G	0.00000	0.00132	0.00000	0.99868
6	A	0.00000	0.00132	0.00000	0.99868
7	L	0.00000	0.00132	0.00000	0.99868
8	F	0.00000	0.00132	0.00000	0.99869
9	L	0.00000	0.00132	0.00000	0.99868
10	C	0.00000	0.00132	0.00000	0.99868
11	L	0.00000	0.00132	0.00000	0.99869
12	C	0.00000	0.00132	0.00000	0.99868
13	L	0.00000	0.00132	0.00000	0.99868
14	L	0.00000	0.00132	0.00000	0.99869
15	T	0.00000	0.00132	0.00000	0.99868
16	L	0.00000	0.00134	0.00000	0.99866
17	Q	0.00000	0.00152	0.00000	0.99848
18	N	0.00000	0.00229	0.00000	0.99771
19	A	0.00000	0.0023	0.00000	0.9977
20	T	0.00000	0.0023	0.00000	0.9977
21	T	0.00000	0.01092	0.00000	0.98908
22	E	0.00000	0.93215	0.00000	0.06784
23	T	0.00000	0.93987	0.00000	0.06013
24	W	0.00000	0.98961	0.00000	0.01039
25	E	0.00000	0.98961	0.00000	0.01039
26	E	0.00000	1	0.00000	0
27	L	0.00000	1	0.00000	0
28	L	0.00000	1	0.00000	0
29	S	0.00000	1	0.00000	0
30	Y	0.00000	1	0.00000	0
31	M	0.00000	1	0.00000	0
32	E	0.00000	1	0.00000	0
33	N	0.00000	1	0.00000	0
34	M	0.00000	1	0.00000	0
35	Q	0.00000	1	0.00000	0
36	V	0.00000	1	0.00000	0
37	S	0.00000	1	0.00000	0
38	R	0.00000	1	0.00000	0
39	G	0.00000	1	0.00000	0
40	R	0.00000	1	0.00000	0
41	S	0.00000	1	0.00000	0
42	S	0.00000	1	0.00000	0
43	V	0.00000	1	0.00000	0
44	F	0.00000	1	0.00000	0
45	S	0.00000	1	0.00000	0
46	S	0.00000	1	0.00000	0
47	R	0.00000	1	0.00000	0
48	Q	0.00000	1	0.00000	0
49	L	0.00000	1	0.00000	0
50	H	0.00000	1	0.00000	0
51	Q	0.00000	1	0.00000	0
52	L	0.00000	1	0.00000	0
53	E	0.00000	1	0.00000	0
54	Q	0.00000	1	0.00000	0
55	M	0.00000	1	0.00000	0
56	L	0.00000	1	0.00000	0
57	L	0.00000	1	0.00000	0
58	N	0.00000	1	0.00000	0
59	T	0.00000	1	0.00000	0
60	S	0.00000	1	0.00000	0
61	F	0.00000	1	0.00000	0
62	P	0.00000	1	0.00000	0
63	G	0.00000	1	0.00000	0
64	Y	0.00000	1	0.00000	0
65	N	0.00000	1	0.00000	0
66	L	0.00000	1	0.00000	0
67	T	0.00000	1	0.00000	0
68	L	0.00000	1	0.00000	0
69	Q	0.00000	1	0.00000	0
70	T	0.00000	1	0.00000	0
71	P	0.00000	1	0.00000	0
72	T	0.00000	1	0.00000	0
73	I	0.00000	1	0.00000	0
74	Q	0.00000	1	0.00000	0
75	S	0.00000	1	0.00000	0
76	L	0.00000	1	0.00000	0
77	A	0.00000	1	0.00000	0
78	F	0.00000	1	0.00000	0
79	K	0.00000	1	0.00000	0
80	L	0.00000	1	0.00000	0
81	S	0.00000	1	0.00000	0
82	C	0.00000	1	0.00000	0
83	D	0.00000	1	0.00000	0
84	F	0.00000	1	0.00000	0
85	S	0.00000	1	0.00000	0
86	G	0.00000	1	0.00000	0
87	L	0.00000	1	0.00000	0
88	S	0.00000	1	0.00000	0
89	L	0.00000	1	0.00000	0
90	T	0.00000	1	0.00000	0
91	S	0.00000	1	0.00000	0
92	A	0.00000	1	0.00000	0
93	T	0.00000	1	0.00000	0
94	L	0.00000	1	0.00000	0
95	K	0.00000	1	0.00000	0
96	R	0.00000	1	0.00000	0
97	V	0.00000	1	0.00000	0
98	P	0.00000	1	0.00000	0
99	Q	0.00000	1	0.00000	0
100	A	0.00000	1	0.00000	0
101	G	0.00000	1	0.00000	0
102	G	0.00000	1	0.00000	0
103	Q	0.00000	1	0.00000	0
104	H	0.00000	1	0.00000	0
105	A	0.00000	1	0.00000	0
106	R	0.00000	1	0.00000	0
107	G	0.00000	1	0.00000	0
108	Q	0.00000	1	0.00000	0
109	H	0.00000	1	0.00000	0
110	A	0.00000	1	0.00000	0
111	M	0.00000	1	0.00000	0
112	Q	0.00000	1	0.00000	0
113	F	0.00000	1	0.00000	0
114	P	0.00000	1	0.00000	0
115	A	0.00000	1	0.00000	0
116	E	0.00000	1	0.00000	0
117	L	0.00000	1	0.00000	0
118	T	0.00000	1	0.00000	0
119	R	0.00000	1	0.00000	0
120	D	0.00000	1	0.00000	0
121	A	0.00000	1	0.00000	0
122	C	0.00000	1	0.00000	0
123	K	0.00000	1	0.00000	0
124	T	0.00000	1	0.00000	0
125	R	0.00000	1	0.00000	0
126	P	0.00000	1	0.00000	0
127	R	0.00000	1	0.00000	0
128	E	0.00000	1	0.00000	0
129	L	0.00000	1	0.00000	0
130	R	0.00000	1	0.00000	0
131	L	0.00000	1	0.00000	0
132	I	0.00000	1	0.00000	0
133	C	0.00000	1	0.00000	0
134	I	0.00000	1	0.00000	0
135	Y	0.00000	1	0.00000	0
136	F	0.00000	1	0.00000	0
137	S	0.00000	1	0.00000	0
138	N	0.00000	1	0.00000	0
139	T	0.00000	1	0.00000	0
140	H	0.00000	1	0.00000	0
141	F	0.00000	1	0.00000	0
142	F	0.00000	1	0.00000	0
143	K	0.00000	1	0.00000	0
144	D	0.00000	1	0.00000	0
145	E	0.00000	1	0.00000	0
146	N	0.00000	1	0.00000	0
147	N	0.00000	1	0.00000	0
148	S	0.00000	1	0.00000	0
149	S	0.00000	1	0.00000	0
150	L	0.00000	1	0.00000	0
151	L	0.00000	1	0.00000	0
152	N	0.00000	1	0.00000	0
153	N	0.00000	1	0.00000	0
154	Y	0.00000	1	0.00000	0
155	V	0.00000	1	0.00000	0
156	L	0.00000	1	0.00000	0
157	G	0.00000	1	0.00000	0
158	A	0.00000	1	0.00000	0
159	Q	0.00000	1	0.00000	0
160	L	0.00000	1	0.00000	0
161	S	0.00000	1	0.00000	0
162	H	0.00000	1	0.00000	0
163	G	0.00000	1	0.00000	0
164	H	0.00000	1	0.00000	0
165	V	0.00000	1	0.00000	0
166	N	0.00000	1	0.00000	0
167	N	0.00000	1	0.00000	0
168	L	0.00000	1	0.00000	0
169	R	0.00000	1	0.00000	0
170	D	0.00000	1	0.00000	0
171	P	0.00000	1	0.00000	0
172	V	0.00000	1	0.00000	0
173	N	0.00000	1	0.00000	0
174	I	0.00000	1	0.00000	0
175	S	0.00000	1	0.00000	0
176	F	0.00000	1	0.00000	0
177	W	0.00000	1	0.00000	0
178	H	0.00000	1	0.00000	0
179	N	0.00000	1	0.00000	0
180	Q	0.00000	1	0.00000	0
181	S	0.00000	1	0.00000	0
182	L	0.00000	1	0.00000	0
183	E	0.00000	1	0.00000	0
184	G	0.00000	1	0.00000	0
185	Y	0.00000	1	0.00000	0
186	T	0.00000	1	0.00000	0
187	L	0.00000	1	0.00000	0
188	T	0.00000	1	0.00000	0
189	C	0.00000	1	0.00000	0
190	V	0.00000	1	0.00000	0
191	F	0.00000	1	0.00000	0
192	W	0.00000	1	0.00000	0
193	K	0.00000	1	0.00000	0
194	E	0.00000	1	0.00000	0
195	G	0.00000	1	0.00000	0
196	A	0.00000	1	0.00000	0
197	R	0.00000	1	0.00000	0
198	K	0.00000	1	0.00000	0
199	Q	0.00000	1	0.00000	0
200	P	0.00000	1	0.00000	0
201	W	0.00000	1	0.00000	0
202	G	0.00000	1	0.00000	0
203	G	0.00000	1	0.00000	0
204	W	0.00000	1	0.00000	0
205	S	0.00000	1	0.00000	0
206	P	0.00000	1	0.00000	0
207	E	0.00000	1	0.00000	0
208	G	0.00000	1	0.00000	0
209	C	0.00000	1	0.00000	0
210	R	0.00000	1	0.00000	0
211	T	0.00000	1	0.00000	0
212	E	0.00000	1	0.00000	0
213	Q	0.00000	1	0.00000	0
214	P	0.00000	1	0.00000	0
215	S	0.00000	1	0.00000	0
216	H	0.00000	1	0.00000	0
217	S	0.00000	1	0.00000	0
218	Q	0.00000	1	0.00000	0
219	V	0.00000	1	0.00000	0
220	L	0.00000	1	0.00000	0
221	C	0.00000	1	0.00000	0
222	R	0.00000	1	0.00000	0
223	C	0.00000	1	0.00000	0
224	N	0.00000	1	0.00000	0
225	H	0.00000	1	0.00000	0
226	L	0.00000	1	0.00000	0
227	T	0.00000	1	0.00000	0
228	Y	0.00000	1	0.00000	0
229	F	0.00000	1	0.00000	0
230	A	0.00000	1	0.00000	0
231	V	0.00000	1	0.00000	0
232	L	0.00000	1	0.00000	0
233	M	0.00000	1	0.00000	0
234	Q	0.00000	1	0.00000	0
235	L	0.00000	1	0.00000	0
236	S	0.00000	1	0.00000	0
237	P	0.00000	1	0.00000	0
238	A	0.00000	1	0.00000	0
239	L	0.00000	1	0.00000	0
240	V	0.00000	1	0.00000	0
241	P	0.00000	0.99999	0.00001	0
242	A	0.00000	0.99999	0.00001	0
243	E	0.00000	0.99997	0.00003	0
244	L	0.00000	0.99925	0.00075	0
245	L	0.00000	0.99787	0.00213	0
246	A	0.00000	0.93063	0.06937	0
247	P	0.00000	0.74877	0.25123	0
248	L	0.00000	0.40572	0.59428	0
249	T	0.00000	0.22308	0.77692	0
250	Y	0.00000	0.02495	0.97505	0
251	I	0.00000	0.00086	0.99914	0
252	S	0.00000	0.0005	0.99950	0
253	L	0.00000	0.00018	0.99982	0
254	V	0.00000	1e-05	0.99999	0
255	G	0.00000	0	1.00000	0
256	C	0.00000	0	1.00000	0
257	S	0.00000	0	1.00000	0
258	I	0.00000	0	1.00000	0
259	S	0.00000	0	1.00000	0
260	I	0.00000	0	1.00000	0
261	V	0.00000	0	1.00000	0
262	A	0.00000	0	1.00000	0
263	S	0.00000	0	1.00000	0
264	L	0.00000	0	1.00000	0
265	I	0.00000	0	1.00000	0
266	T	0.00000	0	1.00000	0
267	V	0.00000	0	1.00000	0
268	L	0.00002	0	0.99998	0
269	L	0.00095	0	0.99905	0
270	H	0.01143	0	0.98857	0
271	F	0.02116	0	0.97884	0
272	H	0.21916	0	0.78084	0
273	F	0.33996	0	0.66004	0
274	R	0.98381	0	0.01619	0
275	K	0.99999	0	0.00001	0
276	Q	1.00000	0	0.00000	0
277	S	1.00000	0	0.00000	0
278	D	1.00000	0	0.00000	0
279	S	1.00000	0	0.00000	0
280	L	0.99999	0	0.00001	0
281	T	0.99999	0	0.00001	0
282	R	0.99918	0	0.00082	0
283	I	0.73283	0	0.26717	0
284	H	0.03503	0	0.96497	0
285	M	0.00227	0	0.99773	0
286	N	0.00030	0	0.99970	0
287	L	0.00001	0	0.99999	0
288	H	0.00000	0	1.00000	0
289	A	0.00000	0	1.00000	0
290	S	0.00000	0	1.00000	0
291	V	0.00000	0	1.00000	0
292	L	0.00000	0	1.00000	0
293	L	0.00000	0	1.00000	0
294	L	0.00000	0	1.00000	0
295	N	0.00000	0	1.00000	0
296	I	0.00000	0	1.00000	0
297	A	0.00000	0	1.00000	0
298	F	0.00000	0	1.00000	0
299	L	0.00000	0	1.00000	0
300	L	0.00000	0	1.00000	0
301	S	0.00000	0.00016	0.99984	0
302	P	0.00000	0.00039	0.99961	0
303	A	0.00000	0.00365	0.99635	0
304	F	0.00000	0.00988	0.99012	0
305	A	0.00000	0.05312	0.94688	0
306	M	0.00000	0.12022	0.87978	0
307	S	0.00000	0.9998	0.00020	0
308	P	0.00000	0.99988	0.00012	0
309	V	0.00000	0.99996	0.00004	0
310	P	0.00000	0.99999	0.00001	0
311	G	0.00000	1	0.00000	0
312	S	0.00000	1	0.00000	0
313	A	0.00000	0.99998	0.00002	0
314	C	0.00000	0.99992	0.00008	0
315	T	0.00000	0.99747	0.00253	0
316	A	0.00000	0.98544	0.01456	0
317	L	0.00000	0.93425	0.06575	0
318	A	0.00000	0.73209	0.26791	0
319	A	0.00000	0.26383	0.73617	0
320	A	0.00000	0.10322	0.89678	0
321	L	0.00000	0.01855	0.98145	0
322	H	0.00000	0.00235	0.99765	0
323	Y	0.00000	0.00025	0.99975	0
324	A	0.00000	0.00013	0.99987	0
325	L	0.00000	2e-05	0.99998	0
326	L	0.00000	1e-05	0.99999	0
327	S	0.00000	1e-05	0.99999	0
328	C	0.00000	1e-05	0.99999	0
329	L	0.00000	0	1.00000	0
330	T	0.00000	0	1.00000	0
331	W	0.00000	0	1.00000	0
332	M	0.00000	0	1.00000	0
333	A	0.00000	0	1.00000	0
334	I	0.00000	0	1.00000	0
335	E	0.00000	0	1.00000	0
336	G	0.00007	0	0.99993	0
337	F	0.00078	0	0.99922	0
338	N	0.10680	0	0.89320	0
339	L	0.34059	0	0.65941	0
340	Y	0.47866	0	0.52134	0
341	L	0.50820	0	0.49180	0
342	L	0.79116	0	0.20884	0
343	L	0.89585	0	0.10415	0
344	G	0.96435	0	0.03565	0
345	R	0.98961	0	0.01039	0
346	V	0.99154	0	0.00846	0
347	Y	0.99355	0	0.00645	0
348	N	0.99702	0	0.00298	0
349	I	0.99779	0	0.00221	0
350	Y	1.00000	0	0.00000	0
351	I	0.99999	0	0.00001	0
352	R	0.99999	0	0.00001	0
353	R	0.99601	0	0.00399	0
354	Y	0.64724	0	0.35276	0
355	V	0.27041	0	0.72959	0
356	F	0.14693	0	0.85307	0
357	K	0.10383	0	0.89617	0
358	L	0.03081	0	0.96919	0
359	G	0.02275	0	0.97725	0
360	V	0.01283	0	0.98717	0
361	L	0.00936	0	0.99064	0
362	G	0.00927	0	0.99073	0
363	W	0.00924	0	0.99076	0
364	G	0.00922	0	0.99078	0
365	A	0.00919	0	0.99081	0
366	P	0.00913	0	0.99087	0
367	A	0.00408	0	0.99592	0
368	L	0.00014	0	0.99986	0
369	L	0.00001	0	0.99999	0
370	V	0.00000	0	1.00000	0
371	L	0.00000	0	1.00000	0
372	L	0.00000	1e-05	0.99999	0
373	S	0.00000	0.00222	0.99778	0
374	L	0.00000	0.01478	0.98522	0
375	S	0.00000	0.21043	0.78957	0
376	V	0.00000	0.39953	0.60047	0
377	K	0.00000	0.9261	0.07390	0
378	S	0.00000	0.93637	0.06363	0
379	S	0.00000	0.94974	0.05026	0
380	V	0.00000	0.95663	0.04337	0
381	Y	0.00000	0.97468	0.02532	0
382	G	0.00000	0.98887	0.01113	0
383	P	0.00000	0.99048	0.00952	0
384	C	0.00000	0.99076	0.00924	0
385	T	0.00000	0.99078	0.00922	0
386	I	0.00000	0.99079	0.00921	0
387	P	0.00000	0.99082	0.00918	0
388	V	0.00000	0.99087	0.00913	0
389	F	0.00000	0.9912	0.00880	0
390	D	0.00000	0.99999	0.00001	0
391	S	0.00000	1	0.00000	0
392	W	0.00000	1	0.00000	0
393	E	0.00000	1	0.00000	0
394	N	0.00000	1	0.00000	0
395	G	0.00000	1	0.00000	0
396	T	0.00000	1	0.00000	0
397	G	0.00000	1	0.00000	0
398	F	0.00000	1	0.00000	0
399	Q	0.00000	1	0.00000	0
400	N	0.00000	1	0.00000	0
401	M	0.00000	1	0.00000	0
402	S	0.00000	1	0.00000	0
403	I	0.00000	1	0.00000	0
404	C	0.00000	1	0.00000	0
405	W	0.00000	1	0.00000	0
406	V	0.00000	1	0.00000	0
407	R	0.00000	0.99987	0.00013	0
408	S	0.00000	0.99271	0.00729	0
409	P	0.00000	0.9877	0.01230	0
410	V	0.00000	0.98304	0.01696	0
411	V	0.00000	0.96058	0.03942	0
412	H	0.00000	0.92225	0.07775	0
413	S	0.00000	0.48544	0.51456	0
414	V	0.00000	0.33508	0.66492	0
415	L	0.00000	0.01554	0.98446	0
416	V	0.00000	3e-05	0.99997	0
417	M	0.00000	1e-05	0.99999	0
418	G	0.00000	1e-05	0.99999	0
419	Y	0.00000	0	1.00000	0
420	G	0.00000	0	1.00000	0
421	G	0.00000	0	1.00000	0
422	L	0.00000	0	1.00000	0
423	T	0.00000	0	1.00000	0
424	S	0.00000	0	1.00000	0
425	L	0.00000	0	1.00000	0
426	F	0.00000	0	1.00000	0
427	N	0.00000	0	1.00000	0
428	L	0.00000	0	1.00000	0
429	V	0.00000	0	1.00000	0
430	V	0.00000	0	1.00000	0
431	L	0.00003	0	0.99997	0
432	A	0.00024	0	0.99976	0
433	W	0.00055	0	0.99945	0
434	A	0.00413	0	0.99587	0
435	L	0.00744	0	0.99256	0
436	W	0.02643	0	0.97357	0
437	T	0.39201	0	0.60799	0
438	L	0.52992	0	0.47008	0
439	R	0.98185	0	0.01815	0
440	R	0.99883	0	0.00117	0
441	L	0.99932	0	0.00068	0
442	R	0.99998	0	0.00002	0
443	E	1.00000	0	0.00000	0
444	R	1.00000	0	0.00000	0
445	A	1.00000	0	0.00000	0
446	D	1.00000	0	0.00000	0
447	A	1.00000	0	0.00000	0
448	P	1.00000	0	0.00000	0
449	S	0.99998	0	0.00002	0
450	V	0.99992	0	0.00008	0
451	R	0.99992	0	0.00008	0
452	A	0.99992	0	0.00008	0
453	C	0.99992	0	0.00008	0
454	H	0.99992	0	0.00008	0
455	D	0.99992	0	0.00008	0
456	T	0.23908	0	0.76092	0
457	V	0.23653	0	0.76347	0
458	T	0.15299	0	0.84701	0
459	V	0.02060	0	0.97940	0
460	L	0.02007	0	0.97993	0
461	G	0.01998	0	0.98002	0
462	L	0.00014	0	0.99986	0
463	T	0.00002	0	0.99998	0
464	V	0.00000	0	1.00000	0
465	L	0.00000	0	1.00000	0
466	L	0.00000	0	1.00000	0
467	G	0.00000	0	1.00000	0
468	T	0.00000	0	1.00000	0
469	T	0.00000	0	1.00000	0
470	W	0.00000	0	1.00000	0
471	A	0.00000	0	1.00000	0
472	L	0.00000	0	1.00000	0
473	A	0.00000	0	1.00000	0
474	F	0.00000	1e-05	0.99999	0
475	F	0.00000	0.00078	0.99922	0
476	S	0.00000	0.03184	0.96816	0
477	F	0.00000	0.05934	0.94066	0
478	G	0.00000	0.18964	0.81036	0
479	V	0.00000	0.18741	0.81259	0
480	F	0.00000	0.16431	0.83569	0
481	L	0.00000	0.19714	0.80286	0
482	L	0.00000	0.47391	0.52609	0
483	P	0.00000	0.81974	0.18026	0
484	Q	0.00000	0.67611	0.32389	0
485	L	0.00000	0.05701	0.94299	0
486	F	0.00000	0.00433	0.99567	0
487	L	0.00000	5e-05	0.99995	0
488	F	0.00000	0	1.00000	0
489	T	0.00000	0	1.00000	0
490	I	0.00000	0	1.00000	0
491	L	0.00000	0	1.00000	0
492	N	0.00000	0	1.00000	0
493	S	0.00000	0	1.00000	0
494	L	0.00000	0	1.00000	0
495	Y	0.00000	0	1.00000	0
496	G	0.00000	0	1.00000	0
497	F	0.00000	0	1.00000	0
498	F	0.00004	0	0.99996	0
499	L	0.00137	0	0.99863	0
500	F	0.00528	0	0.99472	0
501	L	0.02633	0	0.97367	0
502	W	0.07462	0	0.92538	0
503	F	0.10345	0	0.89655	0
504	C	0.30602	0	0.69398	0
505	S	0.73511	0	0.26489	0
506	Q	0.97302	0	0.02698	0
507	R	1.00000	0	0.00000	0
508	C	1.00000	0	0.00000	0
509	R	1.00000	0	0.00000	0
510	S	1.00000	0	0.00000	0
511	E	1.00000	0	0.00000	0
512	A	1.00000	0	0.00000	0
513	E	1.00000	0	0.00000	0
514	A	1.00000	0	0.00000	0
515	K	1.00000	0	0.00000	0
516	A	1.00000	0	0.00000	0
517	Q	1.00000	0	0.00000	0
518	I	1.00000	0	0.00000	0
519	E	1.00000	0	0.00000	0
520	A	1.00000	0	0.00000	0
521	F	1.00000	0	0.00000	0
522	S	1.00000	0	0.00000	0
523	S	1.00000	0	0.00000	0
524	S	1.00000	0	0.00000	0
525	Q	1.00000	0	0.00000	0
526	T	1.00000	0	0.00000	0
527	T	1.00000	0	0.00000	0
528	Q	1.00000	0	0.00000	0
