# UNNAMED
#pos	aa	i	o	M	S
1	M	0.00000	1	0.00000	0
2	G	0.00000	1	0.00000	0
3	N	0.00000	1	0.00000	0
4	S	0.00000	0.9516	0.04840	0
5	C	0.00000	0.71694	0.28306	0
6	Y	0.00000	0.04478	0.95522	0
7	N	0.00000	0.00639	0.99361	0
8	I	0.00000	0.00038	0.99962	0
9	V	0.00000	0.00033	0.99967	0
10	A	0.00000	0.00031	0.99969	0
11	T	0.00000	0.00026	0.99974	0
12	L	0.00000	0.00022	0.99978	0
13	L	0.00000	0.00021	0.99979	0
14	L	0.00000	0.00021	0.99979	0
15	V	0.00000	0.0002	0.99979	0
16	L	0.00000	0.0002	0.99980	0
17	N	0.00000	0.0002	0.99980	0
18	F	0.00000	0.00013	0.99987	0
19	E	0.00000	0.00013	0.99987	0
20	R	0.00000	0.00012	0.99988	0
21	T	0.00000	1e-05	0.99999	0
22	R	0.00020	1e-05	0.99979	0
23	S	0.00206	1e-05	0.99793	0
24	L	0.00693	1e-05	0.99306	0
25	Q	0.99004	1e-05	0.00996	0
26	D	0.99856	1e-05	0.00143	0
27	P	0.99943	1e-05	0.00057	0
28	C	0.99943	0	0.00057	0
29	S	0.99945	0	0.00055	0
30	N	0.99945	0	0.00054	0
31	C	0.99945	0	0.00055	0
32	P	0.99945	0	0.00055	0
33	A	0.94987	0	0.05013	0
34	G	0.92272	0	0.07728	0
35	T	0.71624	0	0.28376	0
36	F	0.00015	0	0.99985	0
37	C	0.00013	0	0.99987	0
38	D	0.00046	0	0.99954	0
39	N	0.00044	0	0.99956	0
40	N	0.00048	0	0.99952	0
41	R	0.00054	0	0.99946	0
42	N	0.00053	0	0.99947	0
43	Q	0.00053	0	0.99947	0
44	I	0.00053	0	0.99947	0
45	C	0.00053	0	0.99947	0
46	S	0.00054	0	0.99946	0
47	P	0.00054	0	0.99946	0
48	C	0.00054	0	0.99946	0
49	P	0.00054	0	0.99946	0
50	P	0.00054	0	0.99946	0
51	N	0.00006	0.00286	0.99707	0
52	S	0.00003	0.01947	0.98050	0
53	F	0.00000	0.0195	0.98050	0
54	S	0.00000	0.99724	0.00275	0
55	S	0.00000	0.99921	0.00079	0
56	A	0.00000	0.99921	0.00079	0
57	G	0.00000	0.99922	0.00078	0
58	G	0.00000	0.99927	0.00073	0
59	Q	0.00000	0.9993	0.00070	0
60	R	0.00000	0.99936	0.00064	0
61	T	0.00000	0.99941	0.00059	0
62	C	0.00000	0.99945	0.00055	0
63	D	0.00000	0.99946	0.00054	0
64	I	0.00000	0.99946	0.00054	0
65	C	0.00000	0.99946	0.00054	0
66	R	0.00000	0.99946	0.00054	0
67	Q	0.00000	0.99946	0.00054	0
68	C	0.00000	0.99946	0.00054	0
69	K	0.00000	0.99944	0.00056	0
70	G	0.00000	0.99932	0.00068	0
71	V	0.00000	0.8206	0.17940	0
72	F	0.00000	0.74828	0.25172	0
73	R	0.00000	0.74829	0.25171	0
74	T	0.00000	0.74881	0.25119	0
75	R	0.00000	0.74881	0.25119	0
76	K	0.00000	0.74881	0.25119	0
77	E	0.00000	0.74881	0.25119	0
78	C	0.00000	0.74842	0.25158	0
79	S	0.00000	0.74841	0.25159	0
80	S	0.00000	0.7484	0.25160	0
81	T	0.00000	0.7484	0.25160	0
82	S	0.00000	0.7484	0.25160	0
83	N	0.00000	0.7484	0.25160	0
84	A	0.00000	0.7484	0.25160	0
85	E	0.00000	0.7484	0.25160	0
86	C	0.00000	0.73617	0.26383	0
87	D	0.00000	0.71483	0.28517	0
88	C	0.00000	0.68024	0.31976	0
89	T	0.00001	0.0617	0.93829	0
90	P	0.00949	0.05052	0.93999	0
91	G	0.00949	0.01545	0.97506	0
92	F	0.00949	0.00028	0.99023	0
93	H	0.00949	1e-05	0.99049	0
94	C	0.00949	0	0.99051	0
95	L	0.00949	0	0.99051	0
96	G	0.12232	0	0.87768	0
97	A	0.22308	0	0.77692	0
98	G	0.25152	0	0.74848	0
99	C	0.25156	0	0.74844	0
100	S	0.25159	0	0.74841	0
101	M	0.25159	0	0.74841	0
102	C	0.25159	0	0.74841	0
103	E	0.25159	0	0.74841	0
104	Q	0.25160	0	0.74840	0
105	D	0.25166	0	0.74834	0
106	C	0.26485	0	0.73515	0
107	K	0.27227	0	0.72773	0
108	Q	0.38212	0	0.61788	0
109	G	0.84861	0	0.15139	0
110	Q	0.92555	0	0.07445	0
111	E	0.92541	0	0.07459	0
112	L	0.83080	0	0.16920	0
113	T	0.84985	0	0.15015	0
114	K	0.83121	0	0.16879	0
115	K	0.79676	0	0.20324	0
116	G	0.76892	0	0.23108	0
117	C	0.74591	0	0.25409	0
118	K	0.74558	0	0.25442	0
119	D	0.73593	0	0.26407	0
120	C	0.66517	0	0.33483	0
121	C	0.66481	0	0.33519	0
122	F	0.66481	0	0.33519	0
123	G	0.66480	0	0.33520	0
124	T	0.66480	0	0.33520	0
125	F	0.66480	0	0.33520	0
126	N	0.66479	0.00013	0.33508	0
127	D	0.66451	0.00061	0.33488	0
128	Q	0.66119	0.00062	0.33819	0
129	K	0.65121	0.00071	0.34807	0
130	R	0.02354	0.00101	0.97546	0
131	G	0.00021	0.0025	0.99729	0
132	I	0.00000	0.00705	0.99295	0
133	C	0.00000	0.15682	0.84318	0
134	R	0.00000	0.19372	0.80628	0
135	P	0.00000	0.21485	0.78515	0
136	W	0.00000	0.21674	0.78326	0
137	T	0.00000	0.23131	0.76869	0
138	N	0.00000	0.24536	0.75464	0
139	C	0.00000	0.31642	0.68358	0
140	S	0.00000	0.31857	0.68143	0
141	L	0.00000	0.3227	0.67730	0
142	D	0.00000	0.33519	0.66481	0
143	G	0.00000	0.3352	0.66480	0
144	K	0.00000	0.3352	0.66480	0
145	S	0.00000	0.3352	0.66480	0
146	V	0.00000	0.33524	0.66476	0
147	L	0.00000	0.33678	0.66322	0
148	V	0.00000	0.33953	0.66047	0
149	N	0.00000	0.8972	0.10280	0
150	G	0.00000	0.98588	0.01412	0
151	T	0.00000	0.99135	0.00865	0
152	K	0.00000	0.99147	0.00853	0
153	E	0.00000	0.99124	0.00876	0
154	R	0.00000	0.99014	0.00986	0
155	D	0.00000	0.98401	0.01599	0
156	V	0.00000	0.83036	0.16964	0
157	V	0.00000	0.79485	0.20515	0
158	C	0.00000	0.79471	0.20529	0
159	G	0.00000	0.66324	0.33676	0
160	P	0.00000	0.66317	0.33683	0
161	S	0.00000	0.38106	0.61894	0
162	P	0.00000	0.03944	0.96056	0
163	A	0.00000	0.00094	0.99906	0
164	D	0.00000	0.00091	0.99909	0
165	L	0.00000	0	1.00000	0
166	S	0.00000	0	1.00000	0
167	P	0.00000	0	1.00000	0
168	G	0.00000	0	1.00000	0
169	A	0.00000	0	1.00000	0
170	S	0.00001	0	0.99999	0
171	S	0.00002	0	0.99998	0
172	V	0.00004	0	0.99996	0
173	T	0.00410	0	0.99590	0
174	P	0.00848	0	0.99152	0
175	P	0.00894	0	0.99106	0
176	A	0.01031	0	0.98969	0
177	P	0.06513	0	0.93487	0
178	A	0.08176	0	0.91824	0
179	R	0.14941	0	0.85059	0
180	E	0.25886	0	0.74114	0
181	P	0.46950	0	0.53050	0
182	G	0.54763	0	0.45237	0
183	H	0.94864	0	0.05136	0
184	S	0.99998	0	0.00002	0
185	P	0.99998	0	0.00002	0
186	Q	0.99987	0	0.00013	0
187	I	0.99942	0	0.00058	0
188	I	0.99176	0	0.00824	0
189	S	0.99158	0	0.00842	0
190	F	0.81346	0	0.18654	0
191	F	0.48277	0	0.51723	0
192	L	0.11115	0	0.88885	0
193	A	0.00227	0	0.99773	0
194	L	0.00010	0	0.99990	0
195	T	0.00001	0	0.99999	0
196	S	0.00000	0	1.00000	0
197	T	0.00000	0	1.00000	0
198	A	0.00000	0	1.00000	0
199	L	0.00000	0	1.00000	0
200	L	0.00000	0	1.00000	0
201	F	0.00000	0	1.00000	0
202	L	0.00000	0	1.00000	0
203	L	0.00000	0	1.00000	0
204	F	0.00000	0	1.00000	0
205	F	0.00000	0	1.00000	0
206	L	0.00000	0	1.00000	0
207	T	0.00000	3e-05	0.99997	0
208	L	0.00000	0.00014	0.99986	0
209	R	0.00000	0.00286	0.99714	0
210	F	0.00000	0.00366	0.99634	0
211	S	0.00000	0.02086	0.97914	0
212	V	0.00000	0.04791	0.95209	0
213	V	0.00000	0.22547	0.77453	0
214	K	0.00000	0.99948	0.00052	0
215	R	0.00000	0.99975	0.00025	0
216	G	0.00000	0.99774	0.00226	0
217	R	0.00000	0.98768	0.01232	0
218	K	0.00000	0.98465	0.01535	0
219	K	0.00000	0.98151	0.01849	0
220	L	0.00000	0.93712	0.06288	0
221	L	0.00000	0.24419	0.75581	0
222	Y	0.00000	0.03603	0.96397	0
223	I	0.00000	0.00715	0.99285	0
224	F	0.00000	0.00368	0.99632	0
225	K	0.00000	0.00327	0.99673	0
226	Q	0.00000	0	1.00000	0
227	P	0.00000	0	1.00000	0
228	F	0.00000	0	1.00000	0
229	M	0.00000	0	1.00000	0
230	R	0.00000	0	1.00000	0
231	P	0.00000	0	1.00000	0
232	V	0.00000	0	1.00000	0
233	Q	0.00000	0	1.00000	0
234	T	0.00000	0	1.00000	0
235	T	0.00000	0	1.00000	0
236	Q	0.00929	0	0.99071	0
237	E	0.01552	0	0.98448	0
238	E	0.01552	0	0.98448	0
239	D	0.01552	0	0.98448	0
240	G	0.01552	0	0.98448	0
241	C	0.01552	0	0.98448	0
242	S	0.01552	0	0.98448	0
243	C	0.01553	0	0.98447	0
244	R	0.99999	0	0.00001	0
245	F	0.99999	0	0.00001	0
246	P	0.99999	0	0.00001	0
247	E	1.00000	0	0.00000	0
248	E	1.00000	0	0.00000	0
249	E	1.00000	0	0.00000	0
250	E	1.00000	0	0.00000	0
251	G	1.00000	0	0.00000	0
252	G	1.00000	0	0.00000	0
253	C	1.00000	0	0.00000	0
254	E	1.00000	0	0.00000	0
255	L	1.00000	0	0.00000	0
