# UNNAMED
#pos	aa	i	o	M	S
1	M	0.00000	1	0.00000	0
2	D	0.00000	1	0.00000	0
3	S	0.00000	1	0.00000	0
4	L	0.00000	1	0.00000	0
5	N	0.00000	1	0.00000	0
6	Q	0.00000	1	0.00000	0
7	T	0.00000	1	0.00000	0
8	R	0.00000	1	0.00000	0
9	V	0.00000	1	0.00000	0
10	T	0.00000	1	0.00000	0
11	E	0.00000	1	0.00000	0
12	F	0.00000	1	0.00000	0
13	V	0.00000	1	0.00000	0
14	F	0.00000	1	0.00000	0
15	L	0.00000	1	0.00000	0
16	G	0.00000	1	0.00000	0
17	L	0.00000	1	0.00000	0
18	T	0.00000	1	0.00000	0
19	D	0.00000	1	0.00000	0
20	N	0.00000	1	0.00000	0
21	R	0.00000	0.99996	0.00004	0
22	V	0.00000	0.99845	0.00155	0
23	L	0.00000	0.99689	0.00311	0
24	E	0.00000	0.9944	0.00560	0
25	M	0.00000	0.93838	0.06162	0
26	L	0.00000	0.75419	0.24581	0
27	F	0.00000	0.55113	0.44887	0
28	F	0.00000	0.53125	0.46875	0
29	M	0.00000	0.52771	0.47229	0
30	A	0.00000	0.50943	0.49057	0
31	F	0.00000	0.05257	0.94743	0
32	S	0.00000	0.02161	0.97839	0
33	A	0.00000	0.00319	0.99681	0
34	I	0.00000	2e-05	0.99998	0
35	Y	0.00000	0	1.00000	0
36	M	0.00000	0	1.00000	0
37	L	0.00000	0	1.00000	0
38	T	0.00000	0	1.00000	0
39	L	0.00000	0	1.00000	0
40	S	0.00000	0	1.00000	0
41	G	0.00000	0	1.00000	0
42	N	0.00000	0	1.00000	0
43	I	0.00000	0	1.00000	0
44	L	0.00000	0	1.00000	0
45	I	0.00000	0	1.00000	0
46	I	0.00001	0	0.99999	0
47	I	0.00116	0	0.99884	0
48	A	0.11595	0	0.88405	0
49	T	0.28078	0	0.71922	0
50	V	0.32533	0	0.67467	0
51	F	0.43436	0	0.56564	0
52	T	0.94227	0	0.05773	0
53	P	0.99809	0	0.00191	0
54	S	0.99962	0	0.00038	0
55	L	0.99984	0	0.00016	0
56	H	0.99999	0	0.00001	0
57	T	1.00000	0	0.00000	0
58	P	1.00000	0	0.00000	0
59	M	0.49286	0	0.50714	0
60	Y	0.39154	0	0.60846	0
61	F	0.06470	0	0.93530	0
62	F	0.00129	0	0.99871	0
63	L	0.00016	0	0.99984	0
64	S	0.00009	0	0.99991	0
65	N	0.00000	0	1.00000	0
66	L	0.00000	0	1.00000	0
67	S	0.00000	0	1.00000	0
68	F	0.00000	0	1.00000	0
69	I	0.00000	0	1.00000	0
70	D	0.00000	0	1.00000	0
71	I	0.00000	0	1.00000	0
72	C	0.00000	0	1.00000	0
73	H	0.00000	0	1.00000	0
74	S	0.00000	0	1.00000	0
75	S	0.00000	0	1.00000	0
76	V	0.00000	0	1.00000	0
77	T	0.00000	0	1.00000	0
78	V	0.00000	2e-05	0.99998	0
79	P	0.00000	0.00118	0.99882	0
80	K	0.00000	0.02188	0.97812	0
81	M	0.00000	0.06431	0.93569	0
82	L	0.00000	0.24452	0.75548	0
83	E	0.00000	0.96811	0.03189	0
84	G	0.00000	0.99998	0.00002	0
85	L	0.00000	0.99999	0.00001	0
86	L	0.00000	1	0.00000	0
87	L	0.00000	1	0.00000	0
88	E	0.00000	1	0.00000	0
89	R	0.00000	1	0.00000	0
90	K	0.00000	1	0.00000	0
91	T	0.00000	1	0.00000	0
92	I	0.00000	1	0.00000	0
93	S	0.00000	1	0.00000	0
94	F	0.00000	1	0.00000	0
95	D	0.00000	1	0.00000	0
96	N	0.00000	1	0.00000	0
97	C	0.00000	0.99976	0.00024	0
98	I	0.00000	0.9908	0.00920	0
99	T	0.00000	0.98301	0.01699	0
100	Q	0.00000	0.96133	0.03867	0
101	L	0.00000	0.16629	0.83371	0
102	F	0.00000	0.02263	0.97737	0
103	F	0.00000	0.00058	0.99942	0
104	L	0.00000	0	1.00000	0
105	H	0.00000	0	1.00000	0
106	L	0.00000	0	1.00000	0
107	F	0.00000	0	1.00000	0
108	A	0.00000	0	1.00000	0
109	C	0.00000	0	1.00000	0
110	A	0.00000	0	1.00000	0
111	E	0.00000	0	1.00000	0
112	I	0.00000	0	1.00000	0
113	F	0.00000	0	1.00000	0
114	L	0.00000	0	1.00000	0
115	L	0.00000	0	1.00000	0
116	I	0.00000	0	1.00000	0
117	I	0.00000	0	1.00000	0
118	V	0.00000	0	1.00000	0
119	A	0.00000	0	1.00000	0
120	Y	0.00001	0	0.99999	0
121	D	0.00036	0	0.99964	0
122	R	0.07403	0	0.92597	0
123	Y	0.41966	0	0.58034	0
124	V	0.96307	0	0.03693	0
125	A	0.99889	0	0.00111	0
126	I	1.00000	0	0.00000	0
127	C	1.00000	0	0.00000	0
128	T	1.00000	0	0.00000	0
129	P	1.00000	0	0.00000	0
130	L	1.00000	0	0.00000	0
131	H	1.00000	0	0.00000	0
132	Y	1.00000	0	0.00000	0
133	P	1.00000	0	0.00000	0
134	N	1.00000	0	0.00000	0
135	V	0.99868	0	0.00132	0
136	M	0.99540	0	0.00460	0
137	N	0.98478	0	0.01522	0
138	M	0.91144	0	0.08856	0
139	R	0.88337	0	0.11663	0
140	V	0.33926	0	0.66074	0
141	C	0.00473	0	0.99527	0
142	I	0.00211	0	0.99789	0
143	Q	0.00188	0	0.99812	0
144	L	0.00004	0	0.99996	0
145	V	0.00000	0	1.00000	0
146	F	0.00000	0	1.00000	0
147	A	0.00000	0	1.00000	0
148	L	0.00000	0	1.00000	0
149	W	0.00000	0	1.00000	0
150	L	0.00000	0	1.00000	0
151	G	0.00000	0	1.00000	0
152	G	0.00000	0	1.00000	0
153	T	0.00000	0	1.00000	0
154	V	0.00000	0	1.00000	0
155	H	0.00000	0.00016	0.99984	0
156	S	0.00000	0.00039	0.99961	0
157	L	0.00000	0.00132	0.99868	0
158	G	0.00000	0.04966	0.95034	0
159	Q	0.00000	0.13763	0.86237	0
160	T	0.00000	0.25345	0.74655	0
161	F	0.00000	0.26814	0.73186	0
162	L	0.00000	0.39194	0.60806	0
163	T	0.00000	0.746	0.25400	0
164	I	0.00000	0.92116	0.07884	0
165	R	0.00000	0.99841	0.00159	0
166	L	0.00000	0.9993	0.00070	0
167	P	0.00000	0.99996	0.00004	0
168	Y	0.00000	0.99999	0.00001	0
169	C	0.00000	1	0.00000	0
170	G	0.00000	1	0.00000	0
171	P	0.00000	1	0.00000	0
172	N	0.00000	1	0.00000	0
173	I	0.00000	1	0.00000	0
174	I	0.00000	1	0.00000	0
175	D	0.00000	1	0.00000	0
176	S	0.00000	1	0.00000	0
177	Y	0.00000	1	0.00000	0
178	F	0.00000	1	0.00000	0
179	C	0.00000	1	0.00000	0
180	D	0.00000	1	0.00000	0
181	V	0.00000	1	0.00000	0
182	P	0.00000	1	0.00000	0
183	L	0.00000	1	0.00000	0
184	V	0.00000	1	0.00000	0
185	I	0.00000	1	0.00000	0
186	K	0.00000	1	0.00000	0
187	L	0.00000	1	0.00000	0
188	A	0.00000	1	0.00000	0
189	C	0.00000	1	0.00000	0
190	T	0.00000	0.99999	0.00001	0
191	D	0.00000	0.9999	0.00010	0
192	T	0.00000	0.99921	0.00079	0
193	Y	0.00000	0.99843	0.00157	0
194	L	0.00000	0.99634	0.00366	0
195	T	0.00000	0.99222	0.00778	0
196	G	0.00000	0.97624	0.02376	0
197	I	0.00000	0.25601	0.74399	0
198	L	0.00000	0.04988	0.95012	0
199	I	0.00000	0.00159	0.99841	0
200	V	0.00000	0.00089	0.99911	0
201	T	0.00000	0.00086	0.99914	0
202	N	0.00000	0.00046	0.99954	0
203	S	0.00000	0.00043	0.99957	0
204	G	0.00000	3e-05	0.99997	0
205	T	0.00000	0	1.00000	0
206	I	0.00000	0	1.00000	0
207	S	0.00000	0	1.00000	0
208	L	0.00000	0	1.00000	0
209	S	0.00000	0	1.00000	0
210	C	0.00000	0	1.00000	0
211	F	0.00000	0	1.00000	0
212	L	0.00000	0	1.00000	0
213	A	0.00000	0	1.00000	0
214	V	0.00000	0	1.00000	0
215	V	0.00008	0	0.99992	0
216	T	0.00084	0	0.99916	0
217	S	0.00124	0	0.99876	0
218	Y	0.00134	0	0.99866	0
219	M	0.00268	0	0.99732	0
220	V	0.00534	0	0.99466	0
221	I	0.01852	0	0.98148	0
222	L	0.12482	0	0.87518	0
223	V	0.76966	0	0.23034	0
224	S	0.97882	0	0.02118	0
225	L	0.99123	0	0.00877	0
226	R	0.99992	0	0.00008	0
227	K	1.00000	0	0.00000	0
228	H	1.00000	0	0.00000	0
229	S	1.00000	0	0.00000	0
230	A	1.00000	0	0.00000	0
231	E	1.00000	0	0.00000	0
232	G	1.00000	0	0.00000	0
233	R	0.99864	0	0.00136	0
234	Q	0.99442	0	0.00558	0
235	K	0.82251	0	0.17749	0
236	A	0.35245	0	0.64755	0
237	L	0.30839	0	0.69161	0
238	S	0.00440	0	0.99560	0
239	T	0.00377	0	0.99623	0
240	C	0.00079	0	0.99921	0
241	S	0.00025	0	0.99975	0
242	A	0.00001	0	0.99999	0
243	H	0.00001	0	0.99999	0
244	F	0.00000	0	1.00000	0
245	M	0.00000	0	1.00000	0
246	V	0.00000	0	1.00000	0
247	V	0.00000	0	1.00000	0
248	A	0.00000	0	1.00000	0
249	L	0.00000	0	1.00000	0
250	F	0.00000	0	1.00000	0
251	F	0.00000	0	1.00000	0
252	G	0.00000	0	1.00000	0
253	P	0.00000	1e-05	0.99999	0
254	C	0.00000	1e-05	0.99999	0
255	I	0.00000	2e-05	0.99998	0
256	F	0.00000	0.00016	0.99984	0
257	I	0.00000	0.0021	0.99790	0
258	Y	0.00000	0.03291	0.96709	0
259	T	0.00000	0.15216	0.84784	0
260	R	0.00000	0.93782	0.06218	0
261	P	0.00000	0.98729	0.01271	0
262	D	0.00000	0.99996	0.00004	0
263	T	0.00000	0.99999	0.00001	0
264	S	0.00000	0.99999	0.00001	0
265	F	0.00000	0.99591	0.00409	0
266	S	0.00000	0.98962	0.01038	0
267	I	0.00000	0.84072	0.15928	0
268	D	0.00000	0.83367	0.16633	0
269	K	0.00000	0.58135	0.41865	0
270	V	0.00000	0.02442	0.97558	0
271	V	0.00000	0.00013	0.99987	0
272	S	0.00000	0	1.00000	0
273	V	0.00000	0	1.00000	0
274	F	0.00000	0	1.00000	0
275	Y	0.00000	0	1.00000	0
276	T	0.00000	0	1.00000	0
277	V	0.00000	0	1.00000	0
278	V	0.00000	0	1.00000	0
279	T	0.00000	0	1.00000	0
280	P	0.00000	0	1.00000	0
281	L	0.00000	0	1.00000	0
282	L	0.00000	0	1.00000	0
283	N	0.00000	0	1.00000	0
284	P	0.00000	0	1.00000	0
285	F	0.00000	0	1.00000	0
286	I	0.00008	0	0.99992	0
287	Y	0.00103	0	0.99897	0
288	T	0.00845	0	0.99155	0
289	L	0.04251	0	0.95749	0
290	R	1.00000	0	0.00000	0
291	N	1.00000	0	0.00000	0
292	E	1.00000	0	0.00000	0
293	E	1.00000	0	0.00000	0
294	V	1.00000	0	0.00000	0
295	K	1.00000	0	0.00000	0
296	S	1.00000	0	0.00000	0
297	A	1.00000	0	0.00000	0
298	M	1.00000	0	0.00000	0
299	K	1.00000	0	0.00000	0
300	Q	1.00000	0	0.00000	0
301	L	1.00000	0	0.00000	0
302	R	1.00000	0	0.00000	0
303	Q	1.00000	0	0.00000	0
304	R	1.00000	0	0.00000	0
305	Q	1.00000	0	0.00000	0
306	V	1.00000	0	0.00000	0
307	F	1.00000	0	0.00000	0
308	F	1.00000	0	0.00000	0
309	T	1.00000	0	0.00000	0
310	K	1.00000	0	0.00000	0
311	S	1.00000	0	0.00000	0
312	Y	1.00000	0	0.00000	0
313	T	1.00000	0	0.00000	0
