# UNNAMED
#pos	aa	i	o	M	S
1	M	0.00000	0.93676	0.00000	0.06324
2	R	0.00000	0.93676	0.00000	0.06325
3	G	0.00000	0.93676	0.00000	0.06324
4	F	0.00000	0.93676	0.00000	0.06325
5	N	0.00000	0.93676	0.00000	0.06325
6	K	0.00000	0.93676	0.00000	0.06325
7	T	0.00000	0.93676	0.00000	0.06325
8	T	0.00000	0.93676	0.00000	0.06324
9	V	0.00000	0.93676	0.00000	0.06325
10	V	0.00000	0.93676	0.00000	0.06325
11	T	0.00000	0.93676	0.00000	0.06325
12	Q	0.00000	0.93676	0.00000	0.06324
13	F	0.00000	0.93675	0.00000	0.06324
14	I	0.00000	0.93675	0.00001	0.06325
15	L	0.00000	0.93675	0.00001	0.06325
16	V	0.00000	0.93673	0.00002	0.06325
17	G	0.00000	0.93673	0.00003	0.06325
18	F	0.00000	0.93672	0.00004	0.06325
19	S	0.00000	0.93672	0.00004	0.06325
20	S	0.00000	0.94047	0.00004	0.05949
21	L	0.00000	0.94035	0.00018	0.05948
22	G	0.00000	0.94173	0.00029	0.05798
23	E	0.00000	0.99314	0.00056	0.0063
24	L	0.00000	0.98845	0.01041	0.00114
25	Q	0.00000	0.97201	0.02797	2e-05
26	L	0.00000	0.81693	0.18305	2e-05
27	L	0.00000	0.54439	0.45562	0
28	L	0.00000	0.18907	0.81093	0
29	F	0.00000	0.03804	0.96196	0
30	V	0.00000	0.01591	0.98409	0
31	I	0.00000	0.01258	0.98742	0
32	F	0.00000	0.00143	0.99857	0
33	L	0.00000	0.00056	0.99944	0
34	L	0.00000	0.00018	0.99982	0
35	L	0.00000	2e-05	0.99998	0
36	Y	0.00000	0	1.00000	0
37	L	0.00000	0	1.00000	0
38	T	0.00000	0	1.00000	0
39	I	0.00000	0	1.00000	0
40	L	0.00000	0	1.00000	0
41	V	0.00000	0	1.00000	0
42	A	0.00000	0	1.00000	0
43	N	0.00000	0	1.00000	0
44	V	0.00000	0	1.00000	0
45	T	0.00000	0	1.00000	0
46	I	0.00000	0	1.00000	0
47	M	0.00008	0	0.99992	0
48	A	0.00040	0	0.99960	0
49	V	0.00657	0	0.99343	0
50	I	0.03916	0	0.96084	0
51	R	0.87689	0	0.12311	0
52	F	0.90230	0	0.09770	0
53	S	0.98142	0	0.01858	0
54	W	0.99287	0	0.00713	0
55	T	0.99966	0	0.00034	0
56	L	0.99999	0	0.00001	0
57	H	1.00000	0	0.00000	0
58	T	1.00000	0	0.00000	0
59	P	1.00000	0	0.00000	0
60	M	0.86769	0	0.13231	0
61	Y	0.75141	0	0.24859	0
62	G	0.61642	0	0.38358	0
63	F	0.01040	0	0.98960	0
64	L	0.00071	0	0.99929	0
65	F	0.00000	0	1.00000	0
66	I	0.00000	0	1.00000	0
67	L	0.00000	0	1.00000	0
68	S	0.00000	0	1.00000	0
69	F	0.00000	0	1.00000	0
70	S	0.00000	0	1.00000	0
71	E	0.00000	0	1.00000	0
72	S	0.00000	0	1.00000	0
73	C	0.00000	0	1.00000	0
74	Y	0.00000	0	1.00000	0
75	T	0.00000	0	1.00000	0
76	F	0.00000	0	1.00000	0
77	V	0.00000	0	1.00000	0
78	I	0.00000	0	1.00000	0
79	I	0.00000	0.00049	0.99951	0
80	P	0.00000	0.00701	0.99299	0
81	Q	0.00000	0.04862	0.95138	0
82	L	0.00000	0.07628	0.92372	0
83	L	0.00000	0.1856	0.81440	0
84	V	0.00000	0.46995	0.53005	0
85	H	0.00000	0.99998	0.00002	0
86	L	0.00000	0.99999	0.00001	0
87	L	0.00000	0.99999	0.00001	0
88	S	0.00000	1	0.00000	0
89	D	0.00000	1	0.00000	0
90	T	0.00000	1	0.00000	0
91	K	0.00000	1	0.00000	0
92	T	0.00000	1	0.00000	0
93	I	0.00000	0.99999	0.00001	0
94	S	0.00000	0.99999	0.00001	0
95	F	0.00000	0.99996	0.00004	0
96	M	0.00000	0.99995	0.00005	0
97	A	0.00000	0.99987	0.00013	0
98	C	0.00000	0.9997	0.00030	0
99	A	0.00000	0.9921	0.00790	0
100	T	0.00000	0.96897	0.03103	0
101	Q	0.00000	0.78959	0.21041	0
102	L	0.00000	0.20521	0.79479	0
103	F	0.00000	0.03558	0.96442	0
104	F	0.00000	0.00126	0.99874	0
105	F	0.00000	0	1.00000	0
106	L	0.00000	0	1.00000	0
107	G	0.00000	0	1.00000	0
108	F	0.00000	0	1.00000	0
109	A	0.00000	0	1.00000	0
110	C	0.00000	0	1.00000	0
111	T	0.00000	0	1.00000	0
112	N	0.00000	0	1.00000	0
113	C	0.00000	0	1.00000	0
114	L	0.00000	0	1.00000	0
115	L	0.00000	0	1.00000	0
116	I	0.00000	0	1.00000	0
117	A	0.00000	0	1.00000	0
118	V	0.00000	0	1.00000	0
119	M	0.00000	0	1.00000	0
120	G	0.00000	0	1.00000	0
121	Y	0.00000	0	1.00000	0
122	D	0.00002	0	0.99998	0
123	R	0.01248	0	0.98752	0
124	Y	0.10465	0	0.89535	0
125	V	0.81447	0	0.18553	0
126	A	0.99255	0	0.00745	0
127	I	1.00000	0	0.00000	0
128	C	1.00000	0	0.00000	0
129	H	1.00000	0	0.00000	0
130	P	1.00000	0	0.00000	0
131	L	1.00000	0	0.00000	0
132	R	1.00000	0	0.00000	0
133	Y	1.00000	0	0.00000	0
134	T	1.00000	0	0.00000	0
135	L	1.00000	0	0.00000	0
136	I	0.99998	0	0.00002	0
137	I	0.99993	0	0.00007	0
138	N	0.99992	0	0.00008	0
139	K	0.99978	0	0.00022	0
140	R	0.99255	0	0.00745	0
141	L	0.62515	0	0.37485	0
142	G	0.40851	0	0.59149	0
143	L	0.08648	0	0.91352	0
144	E	0.03376	0	0.96624	0
145	L	0.00008	0	0.99992	0
146	I	0.00000	0	1.00000	0
147	S	0.00000	0	1.00000	0
148	L	0.00000	0	1.00000	0
149	S	0.00000	0	1.00000	0
150	G	0.00000	0	1.00000	0
151	A	0.00000	0	1.00000	0
152	T	0.00000	0	1.00000	0
153	G	0.00000	0	1.00000	0
154	F	0.00000	0	1.00000	0
155	F	0.00000	0	1.00000	0
156	I	0.00000	0	1.00000	0
157	A	0.00000	0	1.00000	0
158	L	0.00000	0	1.00000	0
159	V	0.00000	6e-05	0.99994	0
160	A	0.00000	0.00393	0.99607	0
161	T	0.00000	0.10742	0.89258	0
162	N	0.00000	0.32977	0.67023	0
163	L	0.00000	0.36088	0.63912	0
164	I	0.00000	0.50559	0.49441	0
165	C	0.00000	0.97746	0.02254	0
166	D	0.00000	0.99991	0.00009	0
167	M	0.00000	0.99994	0.00006	0
168	R	0.00000	1	0.00000	0
169	F	0.00000	1	0.00000	0
170	C	0.00000	1	0.00000	0
171	G	0.00000	1	0.00000	0
172	P	0.00000	1	0.00000	0
173	N	0.00000	1	0.00000	0
174	R	0.00000	1	0.00000	0
175	V	0.00000	1	0.00000	0
176	N	0.00000	1	0.00000	0
177	H	0.00000	1	0.00000	0
178	Y	0.00000	1	0.00000	0
179	F	0.00000	1	0.00000	0
180	C	0.00000	1	0.00000	0
181	D	0.00000	1	0.00000	0
182	M	0.00000	1	0.00000	0
183	A	0.00000	1	0.00000	0
184	P	0.00000	1	0.00000	0
185	V	0.00000	1	0.00000	0
186	I	0.00000	1	0.00000	0
187	K	0.00000	1	0.00000	0
188	L	0.00000	1	0.00000	0
189	A	0.00000	1	0.00000	0
190	C	0.00000	1	0.00000	0
191	T	0.00000	1	0.00000	0
192	D	0.00000	1	0.00000	0
193	T	0.00000	1	0.00000	0
194	H	0.00000	0.99999	0.00001	0
195	V	0.00000	0.99998	0.00002	0
196	K	0.00000	0.99996	0.00004	0
197	E	0.00000	0.93098	0.06902	0
198	L	0.00000	0.84933	0.15067	0
199	A	0.00000	0.01179	0.98821	0
200	L	0.00000	0.00141	0.99859	0
201	F	0.00000	0.00067	0.99933	0
202	S	0.00000	0.00029	0.99971	0
203	L	0.00000	0.00022	0.99978	0
204	S	0.00000	0.0001	0.99990	0
205	I	0.00000	5e-05	0.99995	0
206	L	0.00000	0	1.00000	0
207	V	0.00000	0	1.00000	0
208	I	0.00000	0	1.00000	0
209	M	0.00000	0	1.00000	0
210	V	0.00000	0	1.00000	0
211	P	0.00000	0	1.00000	0
212	F	0.00000	0	1.00000	0
213	L	0.00000	0	1.00000	0
214	L	0.00000	0	1.00000	0
215	I	0.00000	0	1.00000	0
216	L	0.00000	0	1.00000	0
217	I	0.00000	0	1.00000	0
218	S	0.00005	0	0.99995	0
219	Y	0.00011	0	0.99989	0
220	G	0.00152	0	0.99848	0
221	F	0.00309	0	0.99691	0
222	I	0.02513	0	0.97487	0
223	V	0.13011	0	0.86989	0
224	N	0.98071	0	0.01929	0
225	T	0.99205	0	0.00795	0
226	I	0.99468	0	0.00532	0
227	L	0.99810	0	0.00190	0
228	K	0.99998	0	0.00002	0
229	I	0.99999	0	0.00001	0
230	P	1.00000	0	0.00000	0
231	S	1.00000	0	0.00000	0
232	A	1.00000	0	0.00000	0
233	E	1.00000	0	0.00000	0
234	G	0.99747	0	0.00253	0
235	K	0.97698	0	0.02302	0
236	K	0.84916	0	0.15084	0
237	A	0.77512	0	0.22488	0
238	F	0.29922	0	0.70078	0
239	V	0.00073	0	0.99927	0
240	T	0.00071	0	0.99929	0
241	C	0.00011	0	0.99989	0
242	A	0.00002	0	0.99998	0
243	S	0.00001	0	0.99999	0
244	H	0.00001	0	0.99999	0
245	L	0.00000	0	1.00000	0
246	T	0.00000	0	1.00000	0
247	V	0.00000	0	1.00000	0
248	V	0.00000	0	1.00000	0
249	F	0.00000	0	1.00000	0
250	V	0.00000	0	1.00000	0
251	H	0.00000	0	1.00000	0
252	Y	0.00000	0	1.00000	0
253	G	0.00000	1e-05	0.99999	0
254	C	0.00000	9e-05	0.99991	0
255	A	0.00000	0.00017	0.99983	0
256	S	0.00000	0.00137	0.99863	0
257	I	0.00000	0.00154	0.99846	0
258	I	0.00000	0.00199	0.99801	0
259	Y	0.00000	0.01004	0.98996	0
260	L	0.00000	0.174	0.82600	0
261	R	0.00000	0.91334	0.08666	0
262	P	0.00000	0.97817	0.02183	0
263	K	0.00000	0.99974	0.00026	0
264	S	0.00000	0.99997	0.00003	0
265	K	0.00000	1	0.00000	0
266	S	0.00000	1	0.00000	0
267	A	0.00000	1	0.00000	0
268	S	0.00000	0.99999	0.00001	0
269	D	0.00000	0.99995	0.00005	0
270	K	0.00000	0.99698	0.00302	0
271	D	0.00000	0.98438	0.01562	0
272	Q	0.00000	0.56833	0.43167	0
273	L	0.00000	0.01882	0.98118	0
274	V	0.00000	0.0001	0.99990	0
275	A	0.00000	0	1.00000	0
276	V	0.00000	0	1.00000	0
277	T	0.00000	0	1.00000	0
278	Y	0.00000	0	1.00000	0
279	T	0.00000	0	1.00000	0
280	V	0.00000	0	1.00000	0
281	V	0.00000	0	1.00000	0
282	T	0.00000	0	1.00000	0
283	P	0.00000	0	1.00000	0
284	L	0.00000	0	1.00000	0
285	L	0.00000	0	1.00000	0
286	N	0.00000	0	1.00000	0
287	P	0.00000	0	1.00000	0
288	L	0.00000	0	1.00000	0
289	V	0.00001	0	0.99999	0
290	Y	0.00012	0	0.99988	0
291	S	0.00509	0	0.99491	0
292	L	0.04131	0	0.95869	0
293	R	1.00000	0	0.00000	0
294	N	1.00000	0	0.00000	0
295	K	1.00000	0	0.00000	0
296	E	1.00000	0	0.00000	0
297	V	1.00000	0	0.00000	0
298	K	1.00000	0	0.00000	0
299	T	1.00000	0	0.00000	0
300	A	1.00000	0	0.00000	0
301	L	1.00000	0	0.00000	0
302	K	1.00000	0	0.00000	0
303	R	1.00000	0	0.00000	0
304	V	1.00000	0	0.00000	0
305	L	1.00000	0	0.00000	0
306	G	1.00000	0	0.00000	0
307	M	1.00000	0	0.00000	0
308	P	1.00000	0	0.00000	0
309	V	1.00000	0	0.00000	0
310	A	1.00000	0	0.00000	0
311	T	1.00000	0	0.00000	0
312	K	1.00000	0	0.00000	0
313	M	1.00000	0	0.00000	0
314	S	1.00000	0	0.00000	0
