# UNNAMED
#pos	aa	i	o	M	S
1	M	0.00000	1	0.00000	0
2	G	0.00000	1	0.00000	0
3	H	0.00000	1	0.00000	0
4	T	0.00000	1	0.00000	0
5	R	0.00000	1	0.00000	0
6	R	0.00000	1	0.00000	0
7	Q	0.00000	1	0.00000	0
8	G	0.00000	1	0.00000	0
9	T	0.00000	1	0.00000	0
10	S	0.00000	1	0.00000	0
11	P	0.00000	1	0.00000	0
12	S	0.00000	0.99991	0.00009	0
13	K	0.00000	0.99958	0.00042	0
14	C	0.00000	0.99793	0.00207	0
15	P	0.00000	0.96613	0.03387	0
16	Y	0.00000	0.7465	0.25350	0
17	L	0.00000	0.60028	0.39972	0
18	N	0.00000	0.55093	0.44907	0
19	F	0.00000	0.06008	0.93992	0
20	F	0.00000	0.00287	0.99713	0
21	Q	0.00000	0.00073	0.99927	0
22	L	0.00000	0	1.00000	0
23	L	0.00000	0	1.00000	0
24	V	0.00000	0	1.00000	0
25	L	0.00000	0	1.00000	0
26	A	0.00000	0	1.00000	0
27	G	0.00000	0	1.00000	0
28	L	0.00000	0	1.00000	0
29	S	0.00000	0	1.00000	0
30	H	0.00000	0	1.00000	0
31	F	0.00000	0	1.00000	0
32	C	0.00000	0	1.00000	0
33	S	0.00002	0	0.99998	0
34	G	0.00007	0	0.99993	0
35	V	0.00096	0	0.99904	0
36	I	0.00179	0	0.99821	0
37	H	0.01860	0	0.98140	0
38	V	0.04292	0	0.95708	0
39	T	0.49361	0	0.50639	0
40	K	0.98790	0	0.01210	0
41	E	0.99981	0	0.00019	0
42	V	0.99999	0	0.00001	0
43	K	0.99999	0	0.00001	0
44	E	0.99966	0	0.00034	0
45	V	0.99761	0	0.00239	0
46	A	0.99533	0	0.00467	0
47	T	0.99126	0	0.00874	0
48	L	0.45720	0	0.54280	0
49	S	0.20842	0	0.79158	0
50	C	0.00387	0	0.99613	0
51	G	0.00071	0	0.99929	0
52	H	0.00002	0	0.99998	0
53	N	0.00000	0	1.00000	0
54	V	0.00000	0	1.00000	0
55	S	0.00000	0	1.00000	0
56	V	0.00000	0	1.00000	0
57	E	0.00000	0	1.00000	0
58	E	0.00000	0	1.00000	0
59	L	0.00000	0	1.00000	0
60	A	0.00000	0	1.00000	0
61	Q	0.00000	0	1.00000	0
62	T	0.00000	0	1.00000	0
63	R	0.00000	2e-05	0.99998	0
64	I	0.00000	6e-05	0.99994	0
65	Y	0.00000	0.00128	0.99872	0
66	W	0.00000	0.02483	0.97517	0
67	Q	0.00000	0.14789	0.85211	0
68	K	0.00000	0.53776	0.46224	0
69	E	0.00000	0.93866	0.06134	0
70	K	0.00000	0.98197	0.01803	0
71	K	0.00000	0.99877	0.00123	0
72	M	0.00000	0.99929	0.00071	0
73	V	0.00000	0.99979	0.00021	0
74	L	0.00000	0.99985	0.00015	0
75	T	0.00000	1	0.00000	0
76	M	0.00000	1	0.00000	0
77	M	0.00000	1	0.00000	0
78	S	0.00000	1	0.00000	0
79	G	0.00000	1	0.00000	0
80	D	0.00000	1	0.00000	0
81	M	0.00000	1	0.00000	0
82	N	0.00000	1	0.00000	0
83	I	0.00000	1	0.00000	0
84	W	0.00000	1	0.00000	0
85	P	0.00000	1	0.00000	0
86	E	0.00000	1	0.00000	0
87	Y	0.00000	1	0.00000	0
88	K	0.00000	1	0.00000	0
89	N	0.00000	1	0.00000	0
90	R	0.00000	0.85089	0.14911	0
91	T	0.00000	0.41911	0.58089	0
92	I	0.00000	0.00234	0.99766	0
93	F	0.00000	1e-05	0.99999	0
94	D	0.00000	0	1.00000	0
95	I	0.00000	0	1.00000	0
96	T	0.00000	0	1.00000	0
97	N	0.00000	0	1.00000	0
98	N	0.00000	0	1.00000	0
99	L	0.00000	0	1.00000	0
100	S	0.00000	0	1.00000	0
101	I	0.00000	0	1.00000	0
102	V	0.00000	0	1.00000	0
103	I	0.00000	0	1.00000	0
104	L	0.00000	0	1.00000	0
105	A	0.00000	0	1.00000	0
106	L	0.00000	0	1.00000	0
107	R	0.00000	0	1.00000	0
108	P	0.00003	0	0.99997	0
109	S	0.00003	0	0.99997	0
110	D	0.00003	0	0.99997	0
111	E	0.00003	0	0.99997	0
112	G	0.00048	0	0.99952	0
113	T	0.00048	0	0.99952	0
114	Y	0.27750	0	0.72250	0
115	E	0.99736	0	0.00264	0
116	C	0.99996	0	0.00004	0
117	V	1.00000	0	0.00000	0
118	V	1.00000	0	0.00000	0
119	L	1.00000	0	0.00000	0
120	K	1.00000	0	0.00000	0
121	Y	1.00000	0	0.00000	0
122	E	1.00000	0	0.00000	0
123	K	1.00000	0	0.00000	0
124	D	1.00000	0	0.00000	0
125	A	1.00000	0	0.00000	0
126	F	0.99991	0	0.00009	0
127	K	0.99982	0	0.00018	0
128	R	0.98571	0	0.01429	0
129	E	0.83793	0	0.16207	0
130	H	0.14925	0	0.85075	0
131	L	0.02404	0	0.97596	0
132	A	0.00400	0	0.99600	0
133	E	0.00316	0	0.99684	0
134	V	0.00177	0	0.99823	0
135	T	0.00053	0	0.99947	0
136	L	0.00004	0	0.99996	0
137	S	0.00001	0	0.99999	0
138	V	0.00000	0	1.00000	0
139	K	0.00000	0	1.00000	0
140	A	0.00000	0	1.00000	0
141	D	0.00000	0	1.00000	0
142	F	0.00000	0	1.00000	0
143	P	0.00000	0	1.00000	0
144	T	0.00000	0	1.00000	0
145	P	0.00000	1e-05	0.99999	0
146	S	0.00000	2e-05	0.99998	0
147	I	0.00000	0.00031	0.99969	0
148	S	0.00000	0.02678	0.97322	0
149	D	0.00000	0.68045	0.31955	0
150	F	0.00000	0.69221	0.30779	0
151	E	0.00000	0.95784	0.04216	0
152	I	0.00000	0.96927	0.03073	0
153	P	0.00000	0.99222	0.00778	0
154	T	0.00000	0.99566	0.00434	0
155	S	0.00000	0.99852	0.00148	0
156	N	0.00000	0.99962	0.00038	0
157	I	0.00000	0.99971	0.00029	0
158	R	0.00000	0.99998	0.00002	0
159	R	0.00000	0.99999	0.00001	0
160	I	0.00000	0.99812	0.00188	0
161	I	0.00000	0.9832	0.01680	0
162	C	0.00000	0.97699	0.02301	0
163	S	0.00000	0.97522	0.02478	0
164	T	0.00000	0.85537	0.14463	0
165	S	0.00000	0.38327	0.61673	0
166	G	0.00000	0.31798	0.68202	0
167	G	0.00000	0.06214	0.93786	0
168	F	0.00000	0.05098	0.94902	0
169	P	0.00000	0.03566	0.96434	0
170	E	0.00000	0.0351	0.96490	0
171	P	0.00000	0.03503	0.96497	0
172	H	0.00000	0.03282	0.96718	0
173	L	0.00000	0.03264	0.96736	0
174	S	0.00000	0.03257	0.96743	0
175	W	0.00000	0.03021	0.96979	0
176	L	0.00000	0.02629	0.97371	0
177	E	0.00000	0.02628	0.97371	0
178	N	0.00000	0.02471	0.97529	0
179	G	0.00000	0.02418	0.97582	0
180	E	0.00035	0.02403	0.97562	0
181	E	0.00064	0.00673	0.99263	0
182	L	0.00074	0.00015	0.99911	0
183	N	0.00285	6e-05	0.99709	0
184	A	0.00402	1e-05	0.99598	0
185	I	0.01153	0	0.98847	0
186	N	0.26575	0	0.73425	0
187	T	0.41986	0	0.58014	0
188	T	0.53919	0	0.46081	0
189	V	0.62123	0	0.37877	0
190	S	0.93925	0	0.06075	0
191	Q	0.96591	0	0.03409	0
192	D	0.96632	0	0.03368	0
193	P	0.96664	0	0.03335	0
194	E	0.96693	0	0.03307	0
195	T	0.96696	0	0.03304	0
196	E	0.96699	0	0.03301	0
197	L	0.96152	0	0.03848	0
198	Y	0.96012	0	0.03988	0
199	A	0.96034	0	0.03966	0
200	V	0.01345	0	0.98655	0
201	S	0.02155	0	0.97845	0
202	S	0.03108	0	0.96892	0
203	K	0.04273	0	0.95727	0
204	L	0.04302	0	0.95698	0
205	D	0.04436	0	0.95564	0
206	F	0.04421	0	0.95579	0
207	N	0.04362	0	0.95638	0
208	M	0.04329	0	0.95671	0
209	T	0.04329	0	0.95671	0
210	T	0.04329	0	0.95671	0
211	N	0.04329	0	0.95671	0
212	H	0.04329	0	0.95671	0
213	S	0.04325	0	0.95675	0
214	F	0.03258	0	0.96742	0
215	M	0.00045	0	0.99955	0
216	C	0.00004	0.00015	0.99981	0
217	L	0.00000	0.00036	0.99964	0
218	I	0.00000	0.00087	0.99913	0
219	K	0.00000	0.05416	0.94584	0
220	Y	0.00000	0.06143	0.93857	0
221	G	0.00000	0.08593	0.91407	0
222	H	0.00000	0.26228	0.73772	0
223	L	0.00000	0.35747	0.64253	0
224	R	0.00000	0.92016	0.07984	0
225	V	0.00000	0.94142	0.05857	0
226	N	0.00000	0.95364	0.04636	0
227	Q	0.00000	0.95645	0.04355	0
228	T	0.00000	0.95653	0.04347	0
229	F	0.00000	0.95664	0.04336	0
230	N	0.00000	0.95668	0.04332	0
231	W	0.00000	0.95669	0.04331	0
232	N	0.00000	0.9568	0.04320	0
233	T	0.00000	0.9573	0.04270	0
234	T	0.00000	0.96434	0.03566	0
235	K	0.00000	0.99775	0.00225	0
236	Q	0.00000	0.99929	0.00071	0
237	E	0.00000	0.9999	0.00010	0
238	H	0.00000	0.9999	0.00010	0
239	F	0.00000	0.99977	0.00023	0
240	P	0.00000	0.99972	0.00028	0
241	D	0.00000	0.99965	0.00035	0
242	N	0.00000	0.99941	0.00059	0
243	L	0.00000	0.90117	0.09883	0
244	L	0.00000	0.87634	0.12366	0
245	P	0.00000	0.8677	0.13230	0
246	S	0.00000	0.7847	0.21530	0
247	W	0.00000	0.12635	0.87365	0
248	A	0.00000	0.00323	0.99677	0
249	I	0.00000	0.00044	0.99956	0
250	T	0.00000	4e-05	0.99996	0
251	L	0.00000	0	1.00000	0
252	I	0.00000	0	1.00000	0
253	S	0.00000	0	1.00000	0
254	V	0.00000	0	1.00000	0
255	N	0.00000	0	1.00000	0
256	G	0.00000	0	1.00000	0
257	I	0.00000	0	1.00000	0
258	F	0.00000	0	1.00000	0
259	V	0.00000	0	1.00000	0
260	I	0.00000	0	1.00000	0
261	C	0.00008	0	0.99992	0
262	C	0.00119	0	0.99881	0
263	L	0.00524	0	0.99476	0
264	T	0.01055	0	0.98945	0
265	Y	0.01828	0	0.98172	0
266	C	0.03676	0	0.96324	0
267	F	0.09275	0	0.90725	0
268	A	0.74293	0	0.25707	0
269	P	0.91571	0	0.08429	0
270	R	1.00000	0	0.00000	0
271	C	1.00000	0	0.00000	0
272	R	1.00000	0	0.00000	0
273	E	1.00000	0	0.00000	0
274	R	1.00000	0	0.00000	0
275	R	1.00000	0	0.00000	0
276	R	1.00000	0	0.00000	0
277	N	1.00000	0	0.00000	0
278	E	1.00000	0	0.00000	0
279	R	1.00000	0	0.00000	0
280	L	1.00000	0	0.00000	0
281	R	1.00000	0	0.00000	0
282	R	1.00000	0	0.00000	0
283	E	1.00000	0	0.00000	0
284	S	1.00000	0	0.00000	0
285	V	1.00000	0	0.00000	0
286	R	1.00000	0	0.00000	0
287	P	1.00000	0	0.00000	0
288	V	1.00000	0	0.00000	0
