# UNNAMED
#pos	aa	i	o	M	S
1	M	0.00000	0.04037	0.00000	0.95963
2	F	0.00000	0.04037	0.00000	0.95964
3	L	0.00000	0.04037	0.00000	0.95963
4	G	0.00000	0.04037	0.00000	0.95963
5	L	0.00000	0.04037	0.00000	0.95963
6	G	0.00000	0.04037	0.00000	0.95963
7	R	0.00000	0.04037	0.00000	0.95963
8	F	0.00000	0.04037	0.00000	0.95963
9	S	0.00000	0.04037	0.00000	0.95964
10	R	0.00000	0.04037	0.00000	0.95962
11	L	0.00000	0.04037	0.00000	0.95962
12	V	0.00000	0.04037	0.00000	0.95963
13	L	0.00000	0.04037	0.00000	0.95963
14	W	0.00000	0.04037	0.00000	0.95963
15	F	0.00000	0.0404	0.00000	0.95961
16	A	0.00000	0.04039	0.00000	0.9596
17	A	0.00000	0.04048	0.00000	0.95952
18	F	0.00000	0.04048	0.00000	0.95952
19	R	0.00000	0.04048	0.00000	0.95952
20	K	0.00000	0.04078	0.00000	0.95921
21	L	0.00000	0.04078	0.00000	0.95921
22	L	0.00000	0.04079	0.00000	0.95921
23	G	0.00000	0.0408	0.00000	0.9592
24	H	0.00000	0.98797	0.00000	0.01204
25	H	0.00000	0.98799	0.00000	0.01201
26	G	0.00000	0.98799	0.00000	0.01201
27	L	0.00000	0.98803	0.00000	0.01197
28	A	0.00000	0.98803	0.00000	0.01197
29	S	0.00000	0.98803	0.00000	0.01197
30	A	0.00000	0.98803	0.00000	0.01198
31	K	0.00000	0.98996	0.00000	0.01005
32	F	0.00000	0.98996	0.00000	0.01004
33	L	0.00000	0.98996	0.00000	0.01004
34	W	0.00000	0.98996	0.00000	0.01005
35	C	0.00000	0.98996	0.00000	0.01005
36	L	0.00000	0.98997	0.00000	0.01004
37	C	0.00000	0.98997	0.00000	0.01004
38	L	0.00000	0.98997	0.00000	0.01004
39	L	0.00000	0.98997	0.00000	0.01004
40	S	0.00000	0.98997	0.00000	0.01003
41	V	0.00000	0.98997	0.00000	0.01003
42	M	0.00000	0.98997	0.00000	0.01002
43	S	0.00000	0.98997	0.00000	0.01003
44	L	0.00000	0.99052	0.00000	0.00948
45	P	0.00000	0.99052	0.00000	0.00949
46	Q	0.00000	0.99052	0.00000	0.00948
47	Q	0.00000	0.99055	0.00000	0.00945
48	V	0.00000	0.99055	0.00000	0.00945
49	W	0.00000	0.99055	0.00000	0.00945
50	T	0.00000	0.99055	0.00000	0.00945
51	L	0.00000	1	0.00000	0
52	P	0.00000	1	0.00000	0
53	Y	0.00000	1	0.00000	0
54	K	0.00000	1	0.00000	0
55	I	0.00000	1	0.00000	0
56	G	0.00000	1	0.00000	0
57	V	0.00000	1	0.00000	0
58	V	0.00000	1	0.00000	0
59	G	0.00000	1	0.00000	0
60	P	0.00000	1	0.00000	0
61	W	0.00000	1	0.00000	0
62	A	0.00000	1	0.00000	0
63	C	0.00000	1	0.00000	0
64	D	0.00000	1	0.00000	0
65	S	0.00000	1	0.00000	0
66	L	0.00000	1	0.00000	0
67	F	0.00000	1	0.00000	0
68	S	0.00000	1	0.00000	0
69	K	0.00000	1	0.00000	0
70	A	0.00000	1	0.00000	0
71	L	0.00000	1	0.00000	0
72	P	0.00000	1	0.00000	0
73	E	0.00000	1	0.00000	0
74	V	0.00000	1	0.00000	0
75	A	0.00000	1	0.00000	0
76	A	0.00000	1	0.00000	0
77	R	0.00000	1	0.00000	0
78	L	0.00000	1	0.00000	0
79	A	0.00000	1	0.00000	0
80	I	0.00000	1	0.00000	0
81	E	0.00000	1	0.00000	0
82	R	0.00000	1	0.00000	0
83	I	0.00000	1	0.00000	0
84	N	0.00000	1	0.00000	0
85	R	0.00000	1	0.00000	0
86	D	0.00000	1	0.00000	0
87	P	0.00000	1	0.00000	0
88	S	0.00000	1	0.00000	0
89	F	0.00000	1	0.00000	0
90	D	0.00000	1	0.00000	0
91	L	0.00000	1	0.00000	0
92	S	0.00000	1	0.00000	0
93	Y	0.00000	1	0.00000	0
94	S	0.00000	1	0.00000	0
95	F	0.00000	1	0.00000	0
96	E	0.00000	1	0.00000	0
97	Y	0.00000	1	0.00000	0
98	V	0.00000	1	0.00000	0
99	I	0.00000	1	0.00000	0
100	L	0.00000	1	0.00000	0
101	N	0.00000	1	0.00000	0
102	E	0.00000	1	0.00000	0
103	D	0.00000	1	0.00000	0
104	C	0.00000	1	0.00000	0
105	Q	0.00000	1	0.00000	0
106	T	0.00000	1	0.00000	0
107	S	0.00000	1	0.00000	0
108	R	0.00000	1	0.00000	0
109	A	0.00000	1	0.00000	0
110	L	0.00000	1	0.00000	0
111	S	0.00000	1	0.00000	0
112	S	0.00000	1	0.00000	0
113	F	0.00000	1	0.00000	0
114	I	0.00000	1	0.00000	0
115	S	0.00000	1	0.00000	0
116	H	0.00000	1	0.00000	0
117	H	0.00000	1	0.00000	0
118	Q	0.00000	1	0.00000	0
119	M	0.00000	1	0.00000	0
120	A	0.00000	1	0.00000	0
121	S	0.00000	1	0.00000	0
122	G	0.00000	1	0.00000	0
123	F	0.00000	1	0.00000	0
124	I	0.00000	1	0.00000	0
125	G	0.00000	1	0.00000	0
126	P	0.00000	1	0.00000	0
127	T	0.00000	1	0.00000	0
128	N	0.00000	1	0.00000	0
129	P	0.00000	1	0.00000	0
130	G	0.00000	1	0.00000	0
131	Y	0.00000	1	0.00000	0
132	C	0.00000	1	0.00000	0
133	E	0.00000	1	0.00000	0
134	A	0.00000	1	0.00000	0
135	A	0.00000	1	0.00000	0
136	S	0.00000	1	0.00000	0
137	L	0.00000	1	0.00000	0
138	L	0.00000	1	0.00000	0
139	G	0.00000	1	0.00000	0
140	N	0.00000	1	0.00000	0
141	S	0.00000	1	0.00000	0
142	W	0.00000	1	0.00000	0
143	D	0.00000	1	0.00000	0
144	K	0.00000	1	0.00000	0
145	G	0.00000	1	0.00000	0
146	I	0.00000	1	0.00000	0
147	F	0.00000	1	0.00000	0
148	S	0.00000	1	0.00000	0
149	W	0.00000	1	0.00000	0
150	A	0.00000	1	0.00000	0
151	C	0.00000	1	0.00000	0
152	V	0.00000	1	0.00000	0
153	N	0.00000	1	0.00000	0
154	Y	0.00000	1	0.00000	0
155	E	0.00000	1	0.00000	0
156	L	0.00000	1	0.00000	0
157	D	0.00000	1	0.00000	0
158	N	0.00000	1	0.00000	0
159	K	0.00000	0.9999	0.00010	0
160	I	0.00000	0.99025	0.00975	0
161	S	0.00000	0.98766	0.01234	0
162	Y	0.00000	0.98446	0.01554	0
163	P	0.00000	0.98176	0.01824	0
164	T	0.00000	0.97436	0.02564	0
165	F	0.00000	0.97307	0.02693	0
166	S	0.00000	0.97278	0.02722	0
167	R	0.00000	0.97271	0.02729	0
168	T	0.00000	0.97175	0.02825	0
169	L	0.00000	0.97166	0.02834	0
170	P	0.00000	0.97161	0.02839	0
171	S	0.00000	0.97157	0.02843	0
172	P	0.00000	0.97155	0.02845	0
173	I	0.00000	0.97153	0.02847	0
174	R	0.00000	0.97153	0.02847	0
175	V	0.00000	0.97153	0.02847	0
176	L	0.00000	0.97153	0.02847	0
177	V	0.00000	0.97153	0.02847	0
178	T	0.00000	0.97153	0.02847	0
179	V	0.00001	0.97153	0.02845	0
180	M	0.00006	0.97153	0.02841	0
181	K	0.00041	0.97153	0.02806	0
182	Y	0.00047	0.97153	0.02800	0
183	F	0.00103	0.97153	0.02743	0
184	Q	0.02310	0.97153	0.00536	0
185	W	0.02472	0.97153	0.00375	0
186	A	0.02773	0.97153	0.00074	0
187	H	0.02823	0.97153	0.00024	0
188	A	0.02825	0.97153	0.00021	0
189	G	0.02831	0.97153	0.00016	0
190	V	0.02840	0.97153	0.00006	0
191	I	0.02841	0.97153	0.00006	0
192	S	0.02846	0.97153	0.00000	0
193	S	0.02846	0.97153	0.00000	0
194	D	0.02846	0.97153	0.00001	0
195	E	0.02841	0.97153	0.00006	0
196	D	0.01810	0.97153	0.01036	0
197	I	0.00039	0.93811	0.06151	0
198	W	0.00028	0.93332	0.06639	0
199	V	0.00001	0.93325	0.06674	0
200	H	0.00000	0.93315	0.06685	0
201	T	0.00000	0.93304	0.06696	0
202	A	0.00000	0.93299	0.06701	0
203	N	0.00000	0.93298	0.06702	0
204	R	0.00000	0.93293	0.06707	0
205	V	0.00000	0.93268	0.06732	0
206	A	0.00000	0.93264	0.06736	0
207	S	0.00000	0.93264	0.06736	0
208	A	0.00000	0.93247	0.06753	0
209	L	0.00000	0.93241	0.06759	0
210	R	0.00000	0.93239	0.06761	0
211	S	0.00000	0.92985	0.07015	0
212	H	0.00000	0.92188	0.07812	0
213	G	0.00000	0.91874	0.08126	0
214	L	0.00000	0.9158	0.08420	0
215	P	0.00000	0.91533	0.08467	0
216	V	0.00000	0.91527	0.08473	0
217	G	0.00001	0.9157	0.08429	0
218	V	0.00001	0.91908	0.08090	0
219	V	0.00014	0.92413	0.07573	0
220	L	0.00147	0.94366	0.05487	0
221	T	0.02207	0.94371	0.03422	0
222	T	0.02859	0.94372	0.02769	0
223	G	0.03574	0.94372	0.02054	0
224	Q	0.03876	0.94372	0.01752	0
225	D	0.03888	0.94372	0.01740	0
226	S	0.03889	0.94372	0.01740	0
227	Q	0.03889	0.94372	0.01739	0
228	S	0.03890	0.94372	0.01739	0
229	M	0.03891	0.94372	0.01737	0
230	R	0.03914	0.94372	0.01715	0
231	K	0.03927	0.94372	0.01701	0
232	A	0.03921	0.94372	0.01707	0
233	L	0.02711	0.9437	0.02919	0
234	Q	0.03840	0.94368	0.01792	0
235	R	0.03710	0.94366	0.01923	0
236	I	0.01751	0.94366	0.03883	0
237	H	0.01745	0.94366	0.03889	0
238	Q	0.01744	0.94366	0.03890	0
239	A	0.01744	0.94047	0.04209	0
240	D	0.01744	0.93682	0.04574	0
241	R	0.01743	0.92084	0.06173	0
242	I	0.01566	0.81779	0.16656	0
243	R	0.01536	0.8123	0.17233	0
244	I	0.00107	0.80073	0.19821	0
245	I	0.00018	0.80043	0.19939	0
246	I	0.00000	0.8002	0.19979	0
247	M	0.00000	0.8002	0.19980	0
248	C	0.00000	0.8002	0.19980	0
249	M	0.00000	0.8002	0.19980	0
250	H	0.00000	0.8002	0.19980	0
251	S	0.00000	0.8002	0.19980	0
252	A	0.00000	0.8002	0.19980	0
253	L	0.00001	0.8002	0.19979	0
254	I	0.00002	0.80035	0.19963	0
255	G	0.00005	0.80099	0.19895	0
256	G	0.00006	0.80583	0.19411	0
257	E	0.00006	0.83093	0.16901	0
258	T	0.00008	0.83487	0.16504	0
259	Q	0.00039	0.83744	0.16218	0
260	M	0.00044	0.83806	0.16150	0
261	H	0.00163	0.83975	0.15862	0
262	L	0.02751	0.83979	0.13270	0
263	L	0.03944	0.84076	0.11980	0
264	E	0.12804	0.85588	0.01608	0
265	C	0.13661	0.85637	0.00702	0
266	A	0.14320	0.85637	0.00042	0
267	H	0.14323	0.85639	0.00039	0
268	D	0.14296	0.85639	0.00066	0
269	L	0.13929	0.85639	0.00433	0
270	K	0.13843	0.85639	0.00518	0
271	M	0.12737	0.85639	0.01624	0
272	T	0.11297	0.85642	0.03061	0
273	D	0.09134	0.85647	0.05219	0
274	G	0.04354	0.85644	0.10001	0
275	T	0.00336	0.85644	0.14021	0
276	Y	0.00149	0.85643	0.14208	0
277	V	0.00020	0.85643	0.14337	0
278	F	0.00003	0.85643	0.14354	0
279	V	0.00000	0.85643	0.14357	0
280	P	0.00000	0.85643	0.14356	0
281	Y	0.00000	0.85646	0.14354	0
282	D	0.00000	0.85648	0.14352	0
283	A	0.00000	0.85648	0.14352	0
284	L	0.00000	0.85648	0.14352	0
285	L	0.00000	0.85653	0.14347	0
286	Y	0.00000	0.85653	0.14347	0
287	S	0.00000	0.85654	0.14346	0
288	L	0.00000	0.85656	0.14344	0
289	P	0.00000	0.85716	0.14284	0
290	Y	0.00000	0.86385	0.13615	0
291	K	0.00000	0.8829	0.11710	0
292	H	0.00000	0.91727	0.08273	0
293	T	0.00002	0.93302	0.06696	0
294	P	0.00004	0.97341	0.02655	0
295	Y	0.00005	0.98561	0.01434	0
296	R	0.00005	0.99792	0.00203	0
297	V	0.00005	0.99874	0.00121	0
298	L	0.00005	0.99895	0.00099	0
299	R	0.00005	0.99988	0.00007	0
300	N	0.00005	0.99994	0.00000	0
301	N	0.00005	0.99995	0.00000	0
302	P	0.00005	0.99995	0.00000	0
303	K	0.00005	0.99995	0.00000	0
304	L	0.00001	0.99995	0.00004	0
305	R	0.00001	0.99995	0.00004	0
306	E	0.00001	0.99995	0.00004	0
307	A	0.00001	0.88912	0.11087	0
308	Y	0.00000	0.84376	0.15624	0
309	D	0.00000	0.83856	0.16144	0
310	A	0.00000	0.82888	0.17112	0
311	V	0.00000	0.82863	0.17137	0
312	L	0.00000	0.82862	0.17138	0
313	T	0.00000	0.82862	0.17138	0
314	I	0.00000	0.82862	0.17138	0
315	T	0.00000	0.82862	0.17138	0
316	V	0.00000	0.82862	0.17138	0
317	E	0.00000	0.82862	0.17138	0
318	S	0.00000	0.82862	0.17138	0
319	Q	0.00000	0.82862	0.17138	0
320	E	0.00000	0.82862	0.17138	0
321	K	0.00000	0.82862	0.17138	0
322	T	0.00000	0.82862	0.17138	0
323	F	0.00000	0.82862	0.17138	0
324	Y	0.00000	0.82865	0.17135	0
325	Q	0.00000	0.82866	0.17134	0
326	A	0.00007	0.82866	0.17127	0
327	F	0.00021	0.82866	0.17113	0
328	T	0.02544	0.82867	0.14589	0
329	E	0.07452	0.82867	0.09681	0
330	A	0.17028	0.82867	0.00105	0
331	A	0.17054	0.82867	0.00079	0
332	A	0.17131	0.82867	0.00002	0
333	R	0.17132	0.82867	0.00000	0
334	G	0.17133	0.82865	0.00003	0
335	E	0.17133	0.82865	0.00003	0
336	I	0.17133	0.82587	0.00280	0
337	P	0.17133	0.82587	0.00281	0
338	E	0.17133	0.82162	0.00705	0
339	K	0.17133	0.82154	0.00714	0
340	L	0.17132	0.82071	0.00797	0
341	E	0.17130	0.82059	0.00811	0
342	F	0.17048	0.81882	0.01069	0
343	D	0.17045	0.81882	0.01073	0
344	Q	0.16838	0.81853	0.01309	0
345	V	0.15453	0.80036	0.04511	0
346	S	0.15277	0.80023	0.04699	0
347	P	0.14705	0.80022	0.05273	0
348	L	0.01406	0.80019	0.18575	0
349	F	0.00001	0.80015	0.19984	0
350	G	0.00000	0.80015	0.19985	0
351	T	0.00000	0.80015	0.19985	0
352	I	0.00000	0.80015	0.19985	0
353	Y	0.00000	0.80015	0.19985	0
354	N	0.00000	0.80015	0.19985	0
355	S	0.00000	0.80015	0.19985	0
356	I	0.00000	0.80015	0.19985	0
357	Y	0.00000	0.80015	0.19985	0
358	F	0.00001	0.80015	0.19984	0
359	I	0.00008	0.80015	0.19978	0
360	A	0.00126	0.80015	0.19860	0
361	Q	0.00754	0.80017	0.19229	0
362	A	0.00779	0.80022	0.19199	0
363	M	0.00797	0.80034	0.19169	0
364	N	0.00908	0.80456	0.18636	0
365	N	0.00953	0.80991	0.18056	0
366	A	0.00984	0.81134	0.17882	0
367	M	0.01392	0.81608	0.17000	0
368	K	0.02727	0.96672	0.00601	0
369	E	0.02841	0.97122	0.00037	0
370	N	0.02846	0.97145	0.00010	0
371	G	0.02847	0.97147	0.00006	0
372	Q	0.02848	0.97147	0.00005	0
373	A	0.02852	0.97147	0.00000	0
374	G	0.02852	0.97147	0.00001	0
375	A	0.02843	0.97147	0.00009	0
376	A	0.02843	0.97147	0.00010	0
377	S	0.02843	0.97147	0.00010	0
378	L	0.02843	0.97147	0.00010	0
379	V	0.02843	0.97147	0.00010	0
380	Q	0.02843	0.97147	0.00010	0
381	H	0.02843	0.97147	0.00010	0
382	S	0.02843	0.97147	0.00010	0
383	R	0.02843	0.97147	0.00010	0
384	N	0.02843	0.97147	0.00010	0
385	M	0.02843	0.97146	0.00011	0
386	Q	0.02843	0.97142	0.00015	0
387	F	0.02838	0.9714	0.00022	0
388	H	0.02837	0.97139	0.00024	0
389	G	0.02833	0.97139	0.00028	0
390	F	0.02700	0.97139	0.00161	0
391	N	0.02678	0.97138	0.00184	0
392	Q	0.00667	0.97138	0.02195	0
393	L	0.00667	0.97138	0.02195	0
394	M	0.00667	0.97138	0.02195	0
395	R	0.00667	0.97144	0.02189	0
396	T	0.00667	0.97146	0.02188	0
397	D	0.00667	0.97148	0.02186	0
398	S	0.00666	0.97148	0.02186	0
399	N	0.00666	0.97148	0.02186	0
400	G	0.00667	0.97148	0.02186	0
401	N	0.00667	0.97148	0.02186	0
402	G	0.00667	0.97148	0.02186	0
403	I	0.00666	0.97148	0.02186	0
404	S	0.00666	0.97148	0.02186	0
405	E	0.00666	0.97148	0.02185	0
406	Y	0.00666	0.97148	0.02185	0
407	V	0.00667	0.97148	0.02185	0
408	I	0.00667	0.97148	0.02185	0
409	L	0.00668	0.97151	0.02182	0
410	D	0.00675	0.97754	0.01571	0
411	T	0.00676	0.97814	0.01510	0
412	N	0.00676	0.97943	0.01381	0
413	L	0.00676	0.98039	0.01285	0
414	K	0.00676	0.99292	0.00032	0
415	E	0.00676	0.99317	0.00007	0
416	W	0.00676	0.9932	0.00004	0
417	E	0.00675	0.99324	0.00001	0
418	L	0.00666	0.99324	0.00010	0
419	H	0.00665	0.99324	0.00010	0
420	S	0.00285	0.99322	0.00393	0
421	T	0.00285	0.99322	0.00393	0
422	Y	0.00285	0.99322	0.00393	0
423	T	0.00285	0.99322	0.00393	0
424	V	0.00285	0.99322	0.00393	0
425	D	0.00285	0.99322	0.00393	0
426	M	0.00285	0.99322	0.00393	0
427	E	0.00285	0.99322	0.00393	0
428	M	0.00285	0.99322	0.00394	0
429	E	0.00285	0.99322	0.00394	0
430	L	0.00000	0.99322	0.00678	0
431	L	0.00000	0.99322	0.00678	0
432	R	0.00000	0.99322	0.00678	0
433	F	0.00000	0.99322	0.00678	0
434	G	0.00000	0.99322	0.00678	0
435	G	0.00000	0.99322	0.00678	0
436	T	0.00000	0.99322	0.00678	0
437	P	0.00000	0.99322	0.00678	0
438	I	0.00000	0.99323	0.00677	0
439	H	0.00000	0.9933	0.00670	0
440	F	0.00000	0.99333	0.00667	0
441	P	0.00000	0.99454	0.00546	0
442	G	0.00000	0.99557	0.00443	0
443	G	0.00001	0.99667	0.00331	0
444	R	0.00003	0.99712	0.00285	0
445	P	0.00003	0.99713	0.00285	0
446	P	0.00003	0.99713	0.00285	0
447	R	0.00003	0.99713	0.00285	0
448	A	0.00003	0.99713	0.00284	0
449	D	0.00003	0.99988	0.00009	0
450	A	0.00003	0.99988	0.00009	0
451	K	0.00003	0.99997	0.00001	0
452	C	0.00003	0.99997	0.00000	0
453	W	0.00003	0.99997	0.00000	0
454	F	0.00003	0.99997	0.00000	0
455	A	0.00003	0.99997	0.00000	0
456	E	0.00003	0.99997	0.00000	0
457	G	0.00003	0.99997	0.00000	0
458	K	0.00003	0.99997	0.00000	0
459	I	0.00003	0.99996	0.00001	0
460	C	0.00003	0.99995	0.00002	0
461	H	0.00003	0.99995	0.00002	0
462	G	0.00003	0.99995	0.00002	0
463	G	0.00003	0.99995	0.00002	0
464	I	0.00003	0.99991	0.00006	0
465	D	0.00003	0.99983	0.00014	0
466	P	0.00003	0.82886	0.17111	0
467	A	0.00001	0.49851	0.50148	0
468	F	0.00000	0.21788	0.78212	0
469	A	0.00000	0.2095	0.79050	0
470	M	0.00000	0.20598	0.79402	0
471	M	0.00000	0.19902	0.80098	0
472	V	0.00000	0.19516	0.80484	0
473	C	0.00000	0.19506	0.80494	0
474	L	0.00000	0.19497	0.80503	0
475	T	0.00000	0.19497	0.80503	0
476	L	0.00000	0.19497	0.80503	0
477	L	0.00000	0.19497	0.80503	0
478	I	0.00000	0.19497	0.80503	0
479	A	0.00000	0.19497	0.80503	0
480	L	0.00000	0.19497	0.80503	0
481	L	0.00000	0.19497	0.80503	0
482	S	0.00000	0.19497	0.80503	0
483	I	0.00000	0.19497	0.80503	0
484	N	0.00000	0.19497	0.80503	0
485	G	0.00000	0.19497	0.80503	0
486	F	0.00001	0.19497	0.80502	0
487	A	0.00034	0.19497	0.80469	0
488	Y	0.00139	0.19497	0.80364	0
489	F	0.00250	0.19497	0.80253	0
490	I	0.02579	0.19497	0.77923	0
491	R	0.76856	0.195	0.03645	0
492	R	0.80298	0.195	0.00202	0
493	R	0.80498	0.195	0.00002	0
494	I	0.80499	0.195	0.00002	0
495	N	0.80500	0.195	0.00000	0
496	K	0.80494	0.195	0.00006	0
497	I	0.75922	0.19498	0.04579	0
498	Q	0.75597	0.19498	0.04905	0
499	L	0.75594	0.19498	0.04907	0
500	I	0.75593	0.19498	0.04909	0
501	K	0.75593	0.19498	0.04909	0
502	G	0.75593	0.19498	0.04909	0
503	P	0.75592	0.19498	0.04911	0
504	N	0.21408	0.19497	0.59095	0
505	R	0.20909	0.19497	0.59593	0
506	I	0.19987	0.19497	0.60516	0
507	L	0.19982	0.19497	0.60520	0
508	L	0.19982	0.19497	0.60521	0
509	T	0.19982	0.19497	0.60521	0
510	L	0.19982	0.19497	0.60521	0
511	E	0.19982	0.19497	0.60521	0
512	D	0.19982	0.19497	0.60521	0
513	V	0.19982	0.19497	0.60521	0
514	T	0.19982	0.19497	0.60521	0
515	F	0.19982	0.19498	0.60520	0
516	I	0.19982	0.19548	0.60470	0
517	N	0.19982	0.20536	0.59482	0
518	P	0.19983	0.21749	0.58269	0
519	H	0.19983	0.24137	0.55880	0
520	F	0.19983	0.24192	0.55825	0
521	G	0.19983	0.24403	0.55614	0
522	S	0.19983	0.31967	0.48050	0
523	K	0.19984	0.78947	0.01070	0
524	R	0.19983	0.79015	0.01002	0
525	G	0.19983	0.79306	0.00710	0
526	S	0.19983	0.79803	0.00214	0
527	R	0.19983	0.79892	0.00125	0
528	A	0.19981	0.79994	0.00025	0
529	S	0.19981	0.80001	0.00018	0
530	V	0.19981	0.80002	0.00017	0
531	S	0.19981	0.80003	0.00016	0
532	F	0.19981	0.80004	0.00015	0
533	Q	0.19981	0.80005	0.00014	0
534	I	0.19981	0.80006	0.00013	0
535	T	0.19981	0.80014	0.00005	0
536	S	0.19981	0.80015	0.00004	0
537	E	0.19981	0.80015	0.00004	0
538	V	0.19920	0.80015	0.00064	0
539	Q	0.19920	0.80016	0.00064	0
540	S	0.19918	0.80016	0.00066	0
541	G	0.19918	0.80015	0.00067	0
542	R	0.19732	0.80015	0.00253	0
543	S	0.19725	0.80015	0.00260	0
544	P	0.19345	0.80014	0.00641	0
545	R	0.10641	0.80013	0.09345	0
546	L	0.02948	0.80011	0.17041	0
547	S	0.02850	0.80011	0.17138	0
548	F	0.02850	0.80011	0.17138	0
549	S	0.02850	0.80012	0.17138	0
550	S	0.02850	0.80013	0.17138	0
551	G	0.02850	0.80012	0.17138	0
552	S	0.02850	0.80012	0.17138	0
553	L	0.02849	0.80012	0.17139	0
554	T	0.02849	0.8001	0.17141	0
555	P	0.02849	0.8001	0.17141	0
556	A	0.02849	0.80009	0.17141	0
557	T	0.02849	0.8001	0.17140	0
558	Y	0.02849	0.80018	0.17132	0
559	E	0.02849	0.80064	0.17087	0
560	N	0.02849	0.80057	0.17093	0
561	S	0.02850	0.769	0.20250	0
562	N	0.02851	0.26611	0.70538	0
563	I	0.02851	0.2661	0.70539	0
564	A	0.02851	0.26621	0.70528	0
565	I	0.02851	0.26757	0.70392	0
566	Y	0.02851	0.2929	0.67859	0
567	E	0.02853	0.42493	0.54654	0
568	G	0.02853	0.36789	0.60358	0
569	D	0.02853	0.36645	0.60501	0
570	W	0.02853	0.3663	0.60516	0
571	V	0.02853	0.36631	0.60516	0
572	W	0.02853	0.36632	0.60515	0
573	L	0.02854	0.36632	0.60514	0
574	K	0.02857	0.36633	0.60510	0
575	K	0.02857	0.36633	0.60510	0
576	F	0.02856	0.36633	0.60510	0
577	S	0.02857	0.36633	0.60510	0
578	L	0.02856	0.36633	0.60510	0
579	G	0.02857	0.36633	0.60509	0
580	D	0.02857	0.36633	0.60509	0
581	F	0.02857	0.36633	0.60509	0
582	G	0.02861	0.36633	0.60506	0
583	D	0.02953	0.36633	0.60414	0
584	L	0.07373	0.36633	0.55993	0
585	K	0.56298	0.36633	0.07069	0
586	S	0.56318	0.36633	0.07048	0
587	I	0.56497	0.36633	0.06869	0
588	K	0.63363	0.36633	0.00004	0
589	S	0.63363	0.36633	0.00003	0
590	R	0.63365	0.36633	0.00002	0
591	A	0.63365	0.36633	0.00002	0
592	S	0.63365	0.36633	0.00002	0
593	D	0.63365	0.36633	0.00002	0
594	V	0.63365	0.36613	0.00022	0
595	F	0.63365	0.36551	0.00084	0
596	E	0.63365	0.3655	0.00086	0
597	M	0.63365	0.36544	0.00091	0
598	M	0.63365	0.36456	0.00179	0
599	K	0.63364	0.36446	0.00190	0
600	D	0.63305	0.3574	0.00955	0
601	L	0.54067	0.23637	0.22296	0
602	R	0.46899	0.21688	0.31413	0
603	H	0.05475	0.19709	0.74816	0
604	E	0.04611	0.1957	0.75819	0
605	N	0.03866	0.19506	0.76628	0
606	I	0.02866	0.19501	0.77633	0
607	N	0.02858	0.19501	0.77641	0
608	P	0.02857	0.19501	0.77642	0
609	L	0.02852	0.19501	0.77646	0
610	L	0.02852	0.19499	0.77649	0
611	G	0.02852	0.19499	0.77649	0
612	F	0.02852	0.19499	0.77649	0
613	F	0.02852	0.19499	0.77649	0
614	Y	0.02865	0.19499	0.77636	0
615	D	0.02928	0.19499	0.77573	0
616	S	0.02930	0.19499	0.77570	0
617	G	0.02935	0.19499	0.77566	0
618	M	0.02938	0.19499	0.77563	0
619	F	0.02941	0.19499	0.77560	0
620	A	0.02956	0.195	0.77544	0
621	I	0.03183	0.19643	0.77174	0
622	V	0.06449	0.21967	0.71584	0
623	T	0.16185	0.57459	0.26356	0
624	E	0.19984	0.7761	0.02406	0
625	F	0.19984	0.78119	0.01897	0
626	C	0.19984	0.79742	0.00273	0
627	S	0.19985	0.79948	0.00067	0
628	R	0.19985	0.80006	0.00009	0
629	G	0.19985	0.80007	0.00008	0
630	S	0.19985	0.80007	0.00008	0
631	L	0.19985	0.80007	0.00007	0
632	E	0.19987	0.80011	0.00002	0
633	D	0.19988	0.80011	0.00001	0
634	I	0.19988	0.80001	0.00011	0
635	L	0.19988	0.80001	0.00012	0
636	T	0.19988	0.8	0.00013	0
637	N	0.19988	0.79999	0.00014	0
638	Q	0.19988	0.79981	0.00031	0
639	D	0.19988	0.7998	0.00031	0
640	V	0.19988	0.79889	0.00122	0
641	K	0.19988	0.79887	0.00125	0
642	L	0.19988	0.20151	0.59860	0
643	D	0.19988	0.2011	0.59901	0
644	W	0.19988	0.19507	0.60505	0
645	M	0.19988	0.19506	0.60506	0
646	F	0.19988	0.19506	0.60506	0
647	K	0.19988	0.19506	0.60506	0
648	S	0.19988	0.19502	0.60510	0
649	S	0.19988	0.19502	0.60510	0
650	L	0.19988	0.19502	0.60510	0
651	L	0.19988	0.19502	0.60510	0
652	L	0.19988	0.19502	0.60510	0
653	D	0.19988	0.19502	0.60510	0
654	L	0.19988	0.19502	0.60509	0
655	I	0.19989	0.19502	0.60509	0
656	K	0.19999	0.19502	0.60499	0
657	G	0.19999	0.19502	0.60498	0
658	M	0.20000	0.19502	0.60498	0
659	K	0.20002	0.19502	0.60496	0
660	Y	0.20003	0.19502	0.60495	0
661	L	0.20023	0.19502	0.60475	0
662	H	0.20660	0.19502	0.59838	0
663	H	0.34500	0.19502	0.45998	0
664	R	0.79569	0.19502	0.00928	0
665	E	0.80368	0.19502	0.00130	0
666	F	0.80376	0.19502	0.00121	0
667	V	0.80473	0.19502	0.00025	0
668	H	0.80496	0.19502	0.00001	0
669	G	0.80498	0.19502	0.00000	0
670	R	0.80498	0.19502	0.00000	0
671	L	0.80498	0.19502	0.00000	0
672	K	0.80498	0.19502	0.00000	0
673	S	0.80498	0.19502	0.00000	0
674	R	0.80498	0.19502	0.00000	0
675	N	0.80498	0.19502	0.00000	0
676	C	0.80498	0.19502	0.00000	0
677	V	0.80498	0.19502	0.00000	0
678	V	0.80498	0.19502	0.00000	0
679	D	0.80498	0.19502	0.00000	0
680	G	0.78600	0.19497	0.01902	0
681	R	0.53726	0.19497	0.26776	0
682	F	0.30908	0.19497	0.49595	0
683	V	0.20029	0.19497	0.60474	0
684	L	0.20029	0.19497	0.60474	0
685	K	0.20029	0.19497	0.60474	0
686	V	0.20029	0.19497	0.60474	0
687	T	0.20029	0.19497	0.60474	0
688	D	0.20029	0.19497	0.60474	0
689	Y	0.20029	0.19497	0.60474	0
690	G	0.20029	0.19497	0.60474	0
691	F	0.20029	0.19497	0.60474	0
692	N	0.20029	0.19497	0.60474	0
693	D	0.20029	0.19497	0.60474	0
694	I	0.20029	0.19497	0.60474	0
695	L	0.20029	0.19497	0.60474	0
696	E	0.20029	0.19497	0.60474	0
697	M	0.20028	0.19497	0.60474	0
698	L	0.20028	0.19497	0.60474	0
699	R	0.20028	0.19595	0.60376	0
700	L	0.20028	0.19824	0.60148	0
701	S	0.20030	0.34492	0.45477	0
702	E	0.20033	0.75214	0.04753	0
703	E	0.20033	0.79524	0.00443	0
704	E	0.20033	0.79962	0.00005	0
705	S	0.20033	0.79963	0.00004	0
706	S	0.20033	0.79964	0.00003	0
707	M	0.20033	0.79964	0.00003	0
708	E	0.20033	0.79965	0.00001	0
709	E	0.20033	0.7996	0.00006	0
710	L	0.20033	0.79947	0.00020	0
711	L	0.20033	0.79947	0.00020	0
712	W	0.20033	0.79946	0.00021	0
713	T	0.20033	0.79945	0.00022	0
714	A	0.20033	0.79941	0.00026	0
715	P	0.20033	0.79521	0.00446	0
716	E	0.20033	0.75855	0.04112	0
717	L	0.20033	0.73861	0.06106	0
718	L	0.20033	0.3275	0.47217	0
719	R	0.20033	0.31806	0.48161	0
720	A	0.20033	0.3156	0.48407	0
721	P	0.20033	0.27628	0.52339	0
722	R	0.20019	0.21898	0.58084	0
723	G	0.20006	0.21858	0.58136	0
724	S	0.20006	0.21858	0.58136	0
725	R	0.20005	0.21854	0.58140	0
726	L	0.19996	0.21831	0.58173	0
727	G	0.19995	0.21829	0.58175	0
728	S	0.19995	0.2181	0.58195	0
729	F	0.19995	0.21332	0.58672	0
730	A	0.19995	0.21072	0.58933	0
731	G	0.20001	0.21054	0.58945	0
732	D	0.20013	0.20925	0.59062	0
733	V	0.20013	0.20127	0.59860	0
734	Y	0.20014	0.20056	0.59930	0
735	S	0.20014	0.20018	0.59968	0
736	F	0.20019	0.19623	0.60359	0
737	A	0.20351	0.19564	0.60085	0
738	I	0.22433	0.19501	0.58065	0
739	I	0.31060	0.19497	0.49443	0
740	M	0.35143	0.19497	0.45360	0
741	Q	0.77753	0.19497	0.02750	0
742	E	0.78101	0.19498	0.02401	0
743	V	0.78101	0.19498	0.02401	0
744	M	0.78101	0.19499	0.02401	0
745	V	0.78101	0.19507	0.02393	0
746	R	0.78101	0.19531	0.02368	0
747	G	0.78101	0.19533	0.02367	0
748	T	0.78101	0.19533	0.02366	0
749	P	0.78101	0.19534	0.02366	0
750	F	0.78101	0.19534	0.02366	0
751	C	0.78101	0.19535	0.02365	0
752	M	0.78770	0.19535	0.01695	0
753	M	0.79267	0.19535	0.01199	0
754	D	0.79833	0.19535	0.00632	0
755	L	0.79871	0.19535	0.00595	0
756	P	0.79936	0.19535	0.00530	0
757	A	0.80224	0.19535	0.00241	0
758	Q	0.80460	0.19537	0.00003	0
759	E	0.80462	0.19538	0.00001	0
760	I	0.80462	0.19538	0.00001	0
761	I	0.80462	0.19538	0.00001	0
762	N	0.80462	0.19538	0.00000	0
763	R	0.80462	0.19538	0.00000	0
764	L	0.80462	0.19538	0.00000	0
765	K	0.80462	0.19538	0.00000	0
766	K	0.80462	0.19538	0.00000	0
767	P	0.80462	0.19538	0.00000	0
768	P	0.80462	0.19517	0.00022	0
769	P	0.80462	0.1951	0.00028	0
770	V	0.80462	0.19497	0.00041	0
771	Y	0.80462	0.19497	0.00041	0
772	R	0.80462	0.19497	0.00041	0
773	P	0.80462	0.19497	0.00041	0
774	V	0.80462	0.19497	0.00041	0
775	V	0.80462	0.19497	0.00041	0
776	P	0.80462	0.19497	0.00041	0
777	P	0.80462	0.19497	0.00041	0
778	E	0.80462	0.19497	0.00041	0
779	H	0.80462	0.19497	0.00041	0
780	A	0.80462	0.19497	0.00041	0
781	P	0.80462	0.19497	0.00041	0
782	P	0.80462	0.19497	0.00041	0
783	E	0.80462	0.19497	0.00041	0
784	C	0.80462	0.19497	0.00041	0
785	L	0.80462	0.19497	0.00041	0
786	Q	0.80462	0.19497	0.00041	0
787	L	0.80462	0.19497	0.00041	0
788	M	0.80462	0.19497	0.00041	0
789	K	0.80503	0.19497	0.00000	0
790	Q	0.80503	0.19497	0.00000	0
791	C	0.80503	0.19497	0.00000	0
792	W	0.80503	0.19497	0.00000	0
793	A	0.80503	0.19497	0.00000	0
794	E	0.80503	0.19497	0.00000	0
795	A	0.80503	0.19497	0.00000	0
796	A	0.80503	0.19497	0.00000	0
797	E	0.80503	0.19497	0.00000	0
798	Q	0.80503	0.19497	0.00000	0
799	R	0.80503	0.19497	0.00000	0
800	P	0.80503	0.19497	0.00000	0
801	T	0.80503	0.19497	0.00000	0
802	F	0.80503	0.19497	0.00000	0
803	D	0.80503	0.19497	0.00000	0
804	E	0.80503	0.19497	0.00000	0
805	I	0.80503	0.19497	0.00000	0
806	F	0.80503	0.19497	0.00000	0
807	N	0.80503	0.19497	0.00000	0
808	Q	0.80503	0.19497	0.00000	0
809	F	0.80503	0.19497	0.00000	0
810	K	0.80503	0.19497	0.00000	0
811	T	0.80503	0.19497	0.00000	0
812	F	0.80503	0.19497	0.00000	0
813	N	0.80503	0.19497	0.00000	0
814	K	0.80503	0.19497	0.00000	0
815	G	0.80503	0.19497	0.00000	0
816	K	0.80503	0.19497	0.00000	0
817	K	0.80503	0.19497	0.00000	0
818	T	0.80503	0.19497	0.00000	0
819	N	0.80503	0.19497	0.00000	0
820	I	0.80503	0.19497	0.00000	0
821	I	0.80503	0.19497	0.00000	0
822	D	0.80503	0.19497	0.00000	0
823	S	0.80503	0.19497	0.00000	0
824	M	0.80503	0.19497	0.00000	0
825	L	0.80503	0.19497	0.00000	0
826	R	0.80503	0.19497	0.00000	0
827	M	0.80503	0.19497	0.00000	0
828	L	0.80503	0.19497	0.00000	0
829	E	0.80503	0.19497	0.00000	0
830	Q	0.80503	0.19497	0.00000	0
831	Y	0.80503	0.19497	0.00000	0
832	S	0.80503	0.19497	0.00000	0
833	S	0.80503	0.19497	0.00000	0
834	N	0.80503	0.19497	0.00000	0
835	L	0.80503	0.19497	0.00000	0
836	E	0.80503	0.19497	0.00000	0
837	D	0.80503	0.19497	0.00000	0
838	L	0.80503	0.19497	0.00000	0
839	I	0.80503	0.19497	0.00000	0
840	R	0.80503	0.19497	0.00000	0
841	E	0.80503	0.19497	0.00000	0
842	R	0.80503	0.19497	0.00000	0
843	T	0.80503	0.19497	0.00000	0
844	E	0.80503	0.19497	0.00000	0
845	E	0.80503	0.19497	0.00000	0
846	L	0.80503	0.19497	0.00000	0
847	E	0.80503	0.19497	0.00000	0
848	I	0.80503	0.19497	0.00000	0
849	E	0.80503	0.19497	0.00000	0
850	K	0.80503	0.19497	0.00000	0
851	Q	0.80503	0.19495	0.00002	0
852	K	0.80503	0.19493	0.00004	0
853	T	0.80503	0.19479	0.00018	0
854	E	0.80503	0.19469	0.00028	0
855	K	0.80503	0.19312	0.00185	0
856	L	0.80503	0.18811	0.00686	0
857	L	0.80503	0.18799	0.00698	0
858	T	0.80503	0.18799	0.00698	0
859	Q	0.80503	0.18799	0.00698	0
860	M	0.80503	0.18799	0.00698	0
861	L	0.80503	0.18799	0.00698	0
862	P	0.80503	0.18799	0.00698	0
863	P	0.80503	0.18799	0.00698	0
864	S	0.80503	0.18799	0.00698	0
865	V	0.80503	0.18799	0.00698	0
866	A	0.80503	0.18799	0.00698	0
867	E	0.80503	0.18799	0.00698	0
868	S	0.80503	0.18799	0.00698	0
869	L	0.80503	0.18799	0.00698	0
870	K	0.80505	0.18799	0.00696	0
871	K	0.80506	0.18799	0.00695	0
872	G	0.80506	0.18798	0.00696	0
873	C	0.80510	0.18792	0.00698	0
874	T	0.80812	0.18783	0.00405	0
875	V	0.81155	0.1878	0.00065	0
876	E	0.81201	0.18779	0.00020	0
877	P	0.81201	0.18779	0.00020	0
878	E	0.81201	0.18779	0.00020	0
879	G	0.81191	0.18779	0.00030	0
880	F	0.81148	0.18779	0.00073	0
881	D	0.81133	0.18779	0.00088	0
882	L	0.80658	0.01668	0.17674	0
883	V	0.80533	0.00046	0.19421	0
884	T	0.80515	0	0.19485	0
885	L	0.80504	0	0.19496	0
886	Y	0.80503	0	0.19497	0
887	F	0.80503	0	0.19497	0
888	S	0.80503	0	0.19497	0
889	D	0.80503	0	0.19497	0
890	I	0.80503	0	0.19497	0
891	V	0.80503	0	0.19497	0
892	G	0.80503	0	0.19497	0
893	F	0.80503	0	0.19497	0
894	T	0.80507	0	0.19493	0
895	T	0.80510	0	0.19490	0
896	I	0.80511	0	0.19489	0
897	S	0.80515	0	0.19484	0
898	A	0.80518	1e-05	0.19481	0
899	M	0.80533	3e-05	0.19464	0
900	S	0.84193	0.00096	0.15712	0
901	E	0.96985	0.00246	0.02769	0
902	P	0.97863	0.00262	0.01874	0
903	I	0.97993	0.00398	0.01609	0
904	E	0.99094	0.00689	0.00217	0
905	V	0.99092	0.00694	0.00214	0
906	V	0.98909	0.00698	0.00393	0
907	D	0.98849	0.00698	0.00453	0
908	L	0.92773	0.00698	0.06529	0
909	L	0.84101	0.00698	0.15201	0
910	N	0.83566	0.00698	0.15735	0
911	D	0.83128	0.00698	0.16174	0
912	L	0.80547	0.00694	0.18759	0
913	Y	0.80504	0.00414	0.19082	0
914	T	0.80504	0.00261	0.19235	0
915	L	0.80503	0.00034	0.19463	0
916	F	0.80503	1e-05	0.19496	0
917	D	0.80503	0	0.19497	0
918	A	0.80503	0	0.19497	0
919	I	0.80503	0	0.19497	0
920	I	0.80503	0	0.19497	0
921	G	0.80503	0	0.19497	0
922	S	0.80503	1e-05	0.19496	0
923	H	0.80503	0.00013	0.19484	0
924	D	0.80503	0.00022	0.19475	0
925	V	0.80503	0.00025	0.19472	0
926	Y	0.80503	0.00061	0.19436	0
927	K	0.80503	0.00095	0.19402	0
928	V	0.80503	0.00274	0.19223	0
929	E	0.80503	0.06808	0.12689	0
930	T	0.80503	0.11222	0.08275	0
931	I	0.80503	0.12945	0.06552	0
932	G	0.80506	0.18583	0.00911	0
933	D	0.80508	0.18788	0.00704	0
934	A	0.81001	0.18794	0.00206	0
935	Y	0.81058	0.18798	0.00144	0
936	M	0.81181	0.18799	0.00020	0
937	V	0.81200	0.18799	0.00001	0
938	A	0.81201	0.18799	0.00000	0
939	S	0.81201	0.18799	0.00000	0
940	G	0.81201	0.18786	0.00013	0
941	L	0.81201	0.18785	0.00013	0
942	P	0.81201	0.18785	0.00014	0
943	K	0.81201	0.18785	0.00014	0
944	R	0.81201	0.12759	0.06040	0
945	N	0.81201	0.06969	0.11830	0
946	G	0.81198	0.00777	0.18025	0
947	S	0.81171	0	0.18829	0
948	R	0.81037	0	0.18963	0
949	H	0.80530	0	0.19470	0
950	A	0.80504	0	0.19496	0
951	A	0.80503	0	0.19497	0
952	E	0.80503	0	0.19497	0
953	I	0.80503	0	0.19497	0
954	A	0.80503	0	0.19497	0
955	N	0.80503	0	0.19497	0
956	M	0.80503	0	0.19497	0
957	S	0.80503	0	0.19497	0
958	L	0.80503	0	0.19497	0
959	D	0.80503	0	0.19497	0
960	I	0.80503	0	0.19497	0
961	L	0.80503	0	0.19497	0
962	S	0.80522	0	0.19478	0
963	S	0.81607	0	0.18393	0
964	V	0.96136	0	0.03864	0
965	G	0.96347	0	0.03653	0
966	T	0.96770	2e-05	0.03228	0
967	F	0.97242	0.00011	0.02747	0
968	K	0.99253	0.0062	0.00127	0
969	M	0.99301	0.00651	0.00048	0
970	R	0.99301	0.00698	0.00001	0
971	H	0.99302	0.00698	0.00000	0
972	M	0.99302	0.00698	0.00000	0
973	P	0.99302	0.00698	0.00000	0
974	E	0.99302	0.00698	0.00000	0
975	V	0.99302	0.00698	0.00000	0
976	P	0.99296	0.00698	0.00005	0
977	V	0.98693	0.00698	0.00609	0
978	R	0.98645	0.00698	0.00657	0
979	I	0.97775	0.00698	0.01527	0
980	R	0.96265	0.00686	0.03049	0
981	I	0.81694	0.00146	0.18160	0
982	G	0.80724	6e-05	0.19270	0
983	L	0.80515	0	0.19485	0
984	H	0.80507	0	0.19493	0
985	S	0.80503	0	0.19497	0
986	G	0.80503	0	0.19497	0
987	P	0.80503	0	0.19497	0
988	V	0.80503	0	0.19497	0
989	V	0.80503	0	0.19497	0
990	A	0.80503	0	0.19497	0
991	G	0.80503	0	0.19497	0
992	V	0.80503	0	0.19497	0
993	V	0.80503	0	0.19497	0
994	G	0.80503	0	0.19497	0
995	L	0.80503	0	0.19497	0
996	T	0.80503	3e-05	0.19494	0
997	M	0.80503	0.00033	0.19464	0
998	P	0.80503	0.00644	0.18853	0
999	R	0.80503	0.01648	0.17849	0
1000	Y	0.80503	0.02683	0.16814	0
1001	C	0.80503	0.09049	0.10448	0
1002	L	0.80503	0.10327	0.09170	0
1003	F	0.80505	0.12487	0.07008	0
1004	G	0.81192	0.18787	0.00020	0
1005	D	0.81201	0.18799	0.00000	0
1006	T	0.81201	0.18799	0.00000	0
1007	V	0.81201	0.18799	0.00000	0
1008	N	0.81201	0.18799	0.00000	0
1009	T	0.81201	0.18797	0.00002	0
1010	A	0.81201	0.18795	0.00004	0
1011	S	0.81201	0.18794	0.00004	0
1012	R	0.81201	0.18792	0.00007	0
1013	M	0.81201	0.18791	0.00007	0
1014	E	0.81201	0.18786	0.00013	0
1015	S	0.81200	0.18778	0.00023	0
1016	T	0.81178	0.16344	0.02478	0
1017	G	0.81175	0.16302	0.02523	0
1018	L	0.80689	0.02056	0.17254	0
1019	P	0.80689	0.01861	0.17450	0
1020	Y	0.80640	0.0112	0.18240	0
1021	R	0.80640	0.01115	0.18246	0
1022	I	0.80564	9e-05	0.19428	0
1023	H	0.80562	1e-05	0.19436	0
1024	V	0.80506	0	0.19494	0
1025	S	0.80504	0	0.19496	0
1026	L	0.80504	0	0.19496	0
1027	S	0.80504	0	0.19496	0
1028	T	0.80503	0	0.19497	0
1029	V	0.80503	0	0.19497	0
1030	T	0.80503	0	0.19497	0
1031	I	0.80503	0	0.19497	0
1032	L	0.80503	0	0.19497	0
1033	Q	0.80508	0	0.19492	0
1034	N	0.80509	0	0.19491	0
1035	L	0.80509	0	0.19491	0
1036	S	0.80790	0.00011	0.19199	0
1037	E	0.81616	0.00214	0.18171	0
1038	G	0.81753	0.00289	0.17958	0
1039	Y	0.82520	0.00342	0.17139	0
1040	E	0.95955	0.0049	0.03555	0
1041	V	0.96053	0.00499	0.03447	0
1042	E	0.97763	0.00569	0.01668	0
1043	L	0.97835	0.00573	0.01593	0
1044	R	0.99258	0.00689	0.00053	0
1045	G	0.99287	0.00695	0.00019	0
1046	R	0.99301	0.00697	0.00001	0
1047	T	0.99302	0.00698	0.00001	0
1048	E	0.99302	0.00698	0.00000	0
1049	L	0.85454	0.00698	0.13848	0
1050	K	0.85004	0.00698	0.14298	0
1051	G	0.85004	0.00698	0.14298	0
1052	K	0.85004	0.00698	0.14298	0
1053	G	0.85004	0.00698	0.14298	0
1054	T	0.85004	0.00698	0.14298	0
1055	E	0.85004	0.00698	0.14298	0
1056	E	0.85004	0.00698	0.14298	0
1057	T	0.80580	0.00697	0.18723	0
1058	F	0.80505	0.00697	0.18798	0
1059	W	0.80503	0.00697	0.18800	0
1060	L	0.80503	0.00697	0.18800	0
1061	I	0.80503	0.00697	0.18800	0
1062	G	0.80503	0.00697	0.18800	0
1063	K	0.80503	0.00697	0.18800	0
1064	K	0.80503	0.00644	0.18853	0
1065	G	0.80503	0.00602	0.18895	0
1066	F	0.80503	0.00012	0.19485	0
1067	M	0.80503	6e-05	0.19491	0
1068	K	0.80503	0.03072	0.16425	0
1069	P	0.80503	0.03404	0.16093	0
1070	L	0.80503	0.0368	0.15818	0
1071	P	0.80503	0.10054	0.09443	0
1072	V	0.80503	0.12138	0.07359	0
1073	P	0.80503	0.14137	0.05360	0
1074	P	0.80503	0.12143	0.07354	0
1075	P	0.80503	0.04121	0.15376	0
1076	V	0.80503	0.04742	0.14755	0
1077	D	0.80504	0.04431	0.15065	0
1078	K	0.80504	0.00035	0.19461	0
1079	D	0.80504	0	0.19496	0
1080	G	0.80504	0	0.19496	0
1081	Q	0.80504	0	0.19496	0
1082	V	0.80504	0	0.19496	0
1083	G	0.80504	0	0.19496	0
1084	H	0.80504	0	0.19496	0
1085	G	0.80508	0	0.19492	0
1086	L	0.80519	0	0.19481	0
1087	Q	0.81130	0	0.18870	0
1088	P	0.81145	0	0.18855	0
1089	V	0.81169	0	0.18831	0
1090	E	0.81254	0	0.18746	0
1091	I	0.81254	0	0.18746	0
1092	A	0.81254	0	0.18746	0
1093	A	0.81254	0	0.18746	0
1094	F	0.81254	0	0.18746	0
1095	Q	0.81256	0	0.18744	0
1096	R	1.00000	0	0.00000	0
1097	R	1.00000	0	0.00000	0
1098	K	1.00000	0	0.00000	0
1099	A	1.00000	0	0.00000	0
1100	E	1.00000	0	0.00000	0
1101	R	1.00000	0	0.00000	0
1102	Q	1.00000	0	0.00000	0
1103	L	1.00000	0	0.00000	0
1104	V	1.00000	0	0.00000	0
1105	R	1.00000	0	0.00000	0
1106	N	1.00000	0	0.00000	0
1107	K	1.00000	0	0.00000	0
1108	P	1.00000	0	0.00000	0
