# UNNAMED
#pos	aa	i	o	M	S
1	M	0.00000	0.99999	0.00000	1e-05
2	G	0.00000	0.99999	0.00000	1e-05
3	L	0.00000	0.99999	0.00000	1e-05
4	N	0.00000	0.99999	0.00000	1e-05
5	K	0.00000	0.99999	0.00000	1e-05
6	S	0.00000	0.99999	0.00000	1e-05
7	A	0.00000	0.99999	0.00000	1e-05
8	S	0.00000	0.99999	0.00000	1e-05
9	T	0.00000	0.99999	0.00000	1e-05
10	F	0.00000	0.99999	0.00000	1e-05
11	Q	0.00000	0.99999	0.00000	1e-05
12	L	0.00000	0.99999	0.00000	1e-05
13	T	0.00000	0.99999	0.00000	1e-05
14	G	0.00000	0.99999	0.00000	1e-05
15	F	0.00000	1	0.00000	0
16	P	0.00000	1	0.00000	0
17	G	0.00000	1	0.00000	0
18	M	0.00000	1	0.00000	0
19	E	0.00000	1	0.00000	0
20	K	0.00000	0.99995	0.00005	0
21	A	0.00000	0.99137	0.00863	0
22	H	0.00000	0.97026	0.02974	0
23	H	0.00000	0.87444	0.12556	0
24	W	0.00000	0.13536	0.86464	0
25	I	0.00000	0.01689	0.98311	0
26	F	0.00000	0.00603	0.99397	0
27	I	0.00000	0.00435	0.99565	0
28	P	0.00000	0.00426	0.99574	0
29	L	0.00000	0.00048	0.99952	0
30	L	0.00000	1e-05	0.99999	0
31	A	0.00000	0	1.00000	0
32	A	0.00000	0	1.00000	0
33	Y	0.00000	0	1.00000	0
34	I	0.00000	0	1.00000	0
35	S	0.00000	0	1.00000	0
36	I	0.00000	0	1.00000	0
37	L	0.00000	0	1.00000	0
38	L	0.00000	0	1.00000	0
39	G	0.00000	0	1.00000	0
40	N	0.00000	0	1.00000	0
41	G	0.00000	0	1.00000	0
42	T	0.00000	0	1.00000	0
43	L	0.00000	0	1.00000	0
44	L	0.00000	0	1.00000	0
45	F	0.00006	0	0.99994	0
46	L	0.00371	0	0.99629	0
47	I	0.06361	0	0.93639	0
48	R	0.97424	0	0.02576	0
49	N	0.99888	0	0.00112	0
50	D	1.00000	0	0.00000	0
51	H	1.00000	0	0.00000	0
52	N	1.00000	0	0.00000	0
53	L	1.00000	0	0.00000	0
54	H	1.00000	0	0.00000	0
55	E	1.00000	0	0.00000	0
56	P	1.00000	0	0.00000	0
57	M	0.19768	0	0.80232	0
58	Y	0.12505	0	0.87495	0
59	Y	0.03804	0	0.96196	0
60	F	0.00029	0	0.99971	0
61	L	0.00000	0	1.00000	0
62	A	0.00000	0	1.00000	0
63	M	0.00000	0	1.00000	0
64	L	0.00000	0	1.00000	0
65	A	0.00000	0	1.00000	0
66	A	0.00000	0	1.00000	0
67	T	0.00000	0	1.00000	0
68	D	0.00000	0	1.00000	0
69	L	0.00000	0	1.00000	0
70	G	0.00000	0	1.00000	0
71	V	0.00000	0	1.00000	0
72	T	0.00000	0	1.00000	0
73	L	0.00000	0	1.00000	0
74	T	0.00000	0	1.00000	0
75	T	0.00000	0.00026	0.99974	0
76	M	0.00000	0.00088	0.99912	0
77	P	0.00000	0.0094	0.99060	0
78	T	0.00000	0.05217	0.94783	0
79	V	0.00000	0.09078	0.90922	0
80	L	0.00000	0.24534	0.75466	0
81	G	0.00000	0.78592	0.21408	0
82	V	0.00000	0.99697	0.00303	0
83	L	0.00000	0.99734	0.00266	0
84	W	0.00000	0.99817	0.00183	0
85	L	0.00000	0.9988	0.00120	0
86	D	0.00000	0.99999	0.00001	0
87	H	0.00000	1	0.00000	0
88	R	0.00000	1	0.00000	0
89	E	0.00000	1	0.00000	0
90	I	0.00000	1	0.00000	0
91	G	0.00000	1	0.00000	0
92	H	0.00000	1	0.00000	0
93	G	0.00000	1	0.00000	0
94	A	0.00000	0.99999	0.00001	0
95	C	0.00000	0.99998	0.00002	0
96	F	0.00000	0.99845	0.00155	0
97	S	0.00000	0.99726	0.00274	0
98	Q	0.00000	0.98258	0.01742	0
99	A	0.00000	0.26362	0.73638	0
100	Y	0.00000	0.07393	0.92607	0
101	F	0.00000	0.00147	0.99853	0
102	I	0.00000	0.00022	0.99978	0
103	H	0.00000	1e-05	0.99999	0
104	T	0.00000	0	1.00000	0
105	L	0.00000	0	1.00000	0
106	S	0.00000	0	1.00000	0
107	V	0.00000	0	1.00000	0
108	M	0.00000	0	1.00000	0
109	E	0.00000	0	1.00000	0
110	S	0.00000	0	1.00000	0
111	G	0.00000	0	1.00000	0
112	V	0.00000	0	1.00000	0
113	L	0.00000	0	1.00000	0
114	L	0.00000	0	1.00000	0
115	A	0.00000	0	1.00000	0
116	M	0.00000	0	1.00000	0
117	A	0.00000	0	1.00000	0
118	Y	0.00000	0	1.00000	0
119	D	0.00000	0	1.00000	0
120	C	0.00229	0	0.99771	0
121	F	0.01396	0	0.98604	0
122	I	0.75215	0	0.24785	0
123	T	0.96600	0	0.03400	0
124	I	0.99970	0	0.00030	0
125	R	0.99973	0	0.00027	0
126	S	0.99996	0	0.00004	0
127	P	1.00000	0	0.00000	0
128	L	1.00000	0	0.00000	0
129	R	1.00000	0	0.00000	0
130	Y	1.00000	0	0.00000	0
131	T	1.00000	0	0.00000	0
132	S	1.00000	0	0.00000	0
133	I	1.00000	0	0.00000	0
134	L	1.00000	0	0.00000	0
135	T	1.00000	0	0.00000	0
136	N	1.00000	0	0.00000	0
137	T	0.99998	0	0.00002	0
138	Q	0.99985	0	0.00015	0
139	V	0.99610	0	0.00390	0
140	M	0.99530	0	0.00470	0
141	K	0.96471	0	0.03529	0
142	I	0.07618	0	0.92382	0
143	G	0.03552	0	0.96448	0
144	V	0.02717	0	0.97283	0
145	R	0.00857	0	0.99143	0
146	V	0.00001	0	0.99999	0
147	L	0.00000	0	1.00000	0
148	T	0.00000	0	1.00000	0
149	R	0.00000	0	1.00000	0
150	A	0.00000	0	1.00000	0
151	G	0.00000	0	1.00000	0
152	L	0.00000	0	1.00000	0
153	S	0.00000	0	1.00000	0
154	I	0.00000	0	1.00000	0
155	M	0.00000	0	1.00000	0
156	P	0.00000	0	1.00000	0
157	I	0.00000	0	1.00000	0
158	V	0.00000	1e-05	0.99999	0
159	V	0.00000	0.00039	0.99961	0
160	R	0.00000	0.00492	0.99508	0
161	L	0.00000	0.00644	0.99356	0
162	H	0.00000	0.1287	0.87130	0
163	W	0.00000	0.25379	0.74621	0
164	F	0.00000	0.43233	0.56767	0
165	P	0.00000	0.9929	0.00710	0
166	Y	0.00000	0.99641	0.00359	0
167	C	0.00000	0.99997	0.00003	0
168	R	0.00000	1	0.00000	0
169	S	0.00000	1	0.00000	0
170	H	0.00000	1	0.00000	0
171	V	0.00000	1	0.00000	0
172	L	0.00000	1	0.00000	0
173	S	0.00000	1	0.00000	0
174	H	0.00000	1	0.00000	0
175	A	0.00000	1	0.00000	0
176	F	0.00000	1	0.00000	0
177	C	0.00000	1	0.00000	0
178	L	0.00000	1	0.00000	0
179	H	0.00000	1	0.00000	0
180	Q	0.00000	1	0.00000	0
181	D	0.00000	1	0.00000	0
182	V	0.00000	1	0.00000	0
183	I	0.00000	1	0.00000	0
184	K	0.00000	1	0.00000	0
185	L	0.00000	1	0.00000	0
186	A	0.00000	1	0.00000	0
187	C	0.00000	1	0.00000	0
188	A	0.00000	1	0.00000	0
189	D	0.00000	1	0.00000	0
190	I	0.00000	0.99996	0.00004	0
191	T	0.00000	0.99935	0.00065	0
192	F	0.00000	0.94727	0.05273	0
193	N	0.00000	0.94613	0.05387	0
194	R	0.00000	0.92812	0.07188	0
195	L	0.00000	0.39716	0.60284	0
196	Y	0.00000	0.3758	0.62420	0
197	P	0.00000	0.33824	0.66176	0
198	V	0.00000	0.14128	0.85872	0
199	V	0.00000	0.00621	0.99379	0
200	V	0.00000	0.00192	0.99808	0
201	L	0.00000	0.00185	0.99815	0
202	F	0.00000	0.00185	0.99815	0
203	A	0.00000	0	1.00000	0
204	M	0.00000	0	1.00000	0
205	V	0.00000	0	1.00000	0
206	L	0.00000	0	1.00000	0
207	L	0.00000	0	1.00000	0
208	D	0.00000	0	1.00000	0
209	F	0.00000	0	1.00000	0
210	L	0.00000	0	1.00000	0
211	I	0.00000	0	1.00000	0
212	I	0.00000	0	1.00000	0
213	F	0.00000	0	1.00000	0
214	F	0.00002	0	0.99998	0
215	S	0.00070	0	0.99930	0
216	Y	0.00090	0	0.99910	0
217	I	0.00209	0	0.99791	0
218	L	0.00690	0	0.99310	0
219	I	0.02657	0	0.97343	0
220	L	0.11976	0	0.88024	0
221	K	0.97855	0	0.02145	0
222	T	0.98624	0	0.01376	0
223	V	0.98828	0	0.01172	0
224	M	0.99452	0	0.00548	0
225	G	0.99790	0	0.00210	0
226	I	0.99914	0	0.00086	0
227	G	0.99964	0	0.00036	0
228	S	0.99997	0	0.00003	0
229	G	0.99999	0	0.00001	0
230	G	1.00000	0	0.00000	0
231	E	1.00000	0	0.00000	0
232	R	0.99961	0	0.00039	0
233	A	0.97872	0	0.02128	0
234	K	0.94073	0	0.05927	0
235	A	0.89479	0	0.10521	0
236	L	0.76144	0	0.23856	0
237	N	0.66515	0	0.33485	0
238	T	0.65628	0	0.34372	0
239	C	0.33723	0	0.66277	0
240	V	0.29226	0	0.70774	0
241	S	0.29217	0	0.70783	0
242	H	0.29211	0	0.70789	0
243	I	0.00093	0	0.99907	0
244	C	0.00048	0	0.99952	0
245	C	0.00000	0	1.00000	0
246	I	0.00000	0	1.00000	0
247	L	0.00000	0	1.00000	0
248	V	0.00000	0	1.00000	0
249	F	0.00000	0	1.00000	0
250	Y	0.00000	0	1.00000	0
251	V	0.00000	0	1.00000	0
252	T	0.00000	1e-05	0.99999	0
253	V	0.00000	5e-05	0.99995	0
254	V	0.00000	0.00074	0.99926	0
255	C	0.00000	0.00572	0.99428	0
256	L	0.00000	0.00607	0.99393	0
257	T	0.00000	0.00921	0.99079	0
258	F	0.00000	0.01191	0.98809	0
259	I	0.00000	0.03159	0.96841	0
260	H	0.00000	0.13483	0.86517	0
261	R	0.00000	0.54691	0.45309	0
262	F	0.00000	0.57291	0.42709	0
263	G	0.00000	0.81757	0.18243	0
264	K	0.00000	0.99514	0.00486	0
265	H	0.00000	0.99953	0.00047	0
266	V	0.00000	0.99321	0.00679	0
267	P	0.00000	0.99003	0.00997	0
268	H	0.00000	0.92956	0.07044	0
269	V	0.00000	0.56004	0.43996	0
270	V	0.00000	0.0754	0.92460	0
271	H	0.00000	0.05662	0.94338	0
272	I	0.00000	0.00684	0.99316	0
273	T	0.00000	0.00066	0.99934	0
274	M	0.00000	0	1.00000	0
275	S	0.00000	0	1.00000	0
276	Y	0.00000	0	1.00000	0
277	I	0.00000	0	1.00000	0
278	H	0.00000	0	1.00000	0
279	F	0.00000	0	1.00000	0
280	L	0.00000	0	1.00000	0
281	F	0.00000	0	1.00000	0
282	P	0.00000	0	1.00000	0
283	P	0.00000	0	1.00000	0
284	F	0.00000	0	1.00000	0
285	M	0.00001	0	0.99999	0
286	N	0.00003	0	0.99997	0
287	P	0.00005	0	0.99995	0
288	F	0.00019	0	0.99981	0
289	I	0.00618	0	0.99382	0
290	Y	0.03428	0	0.96572	0
291	S	0.15883	0	0.84117	0
292	I	0.23486	0	0.76514	0
293	K	1.00000	0	0.00000	0
294	T	1.00000	0	0.00000	0
295	K	1.00000	0	0.00000	0
296	Q	1.00000	0	0.00000	0
297	I	1.00000	0	0.00000	0
298	Q	1.00000	0	0.00000	0
299	S	1.00000	0	0.00000	0
300	G	1.00000	0	0.00000	0
301	I	1.00000	0	0.00000	0
302	L	1.00000	0	0.00000	0
303	R	1.00000	0	0.00000	0
304	L	1.00000	0	0.00000	0
305	F	1.00000	0	0.00000	0
306	S	1.00000	0	0.00000	0
307	L	1.00000	0	0.00000	0
308	P	1.00000	0	0.00000	0
309	H	1.00000	0	0.00000	0
310	S	1.00000	0	0.00000	0
311	R	1.00000	0	0.00000	0
312	A	1.00000	0	0.00000	0
