# UNNAMED
#pos	aa	i	o	M	S
1	M	0.00000	0.98492	0.00000	0.01508
2	P	0.00000	0.98492	0.00000	0.01509
3	S	0.00000	0.98492	0.00000	0.01508
4	V	0.00000	0.98492	0.00000	0.01509
5	S	0.00000	0.98492	0.00000	0.01508
6	P	0.00000	0.98492	0.00000	0.01508
7	A	0.00000	0.98492	0.00000	0.01508
8	G	0.00000	0.98492	0.00000	0.01508
9	P	0.00000	0.98492	0.00000	0.01508
10	S	0.00000	0.98492	0.00000	0.01508
11	A	0.00000	0.98492	0.00000	0.01508
12	G	0.00000	0.98492	0.00000	0.01508
13	A	0.00000	0.98493	0.00000	0.01507
14	V	0.00000	0.99371	0.00000	0.00629
15	P	0.00000	0.99371	0.00000	0.0063
16	N	0.00000	0.99371	0.00000	0.0063
17	A	0.00000	0.99371	0.00000	0.0063
18	T	0.00000	0.99371	0.00000	0.00629
19	A	0.00000	0.9938	0.00000	0.0062
20	V	0.00000	0.99874	0.00000	0.00126
21	T	0.00000	0.99874	0.00000	0.00125
22	T	0.00000	0.99874	0.00000	0.00126
23	V	0.00000	0.999	0.00000	0.001
24	R	0.00000	0.999	0.00000	0.001
25	T	0.00000	0.999	0.00000	0.001
26	N	0.00000	0.99983	0.00000	0.00017
27	A	0.00000	0.99983	0.00000	0.00017
28	S	0.00000	0.99983	0.00000	0.00017
29	G	0.00000	0.99987	0.00000	0.00013
30	L	0.00000	0.99999	0.00000	0
31	E	0.00000	1	0.00000	0
32	V	0.00000	1	0.00000	0
33	P	0.00000	1	0.00000	0
34	L	0.00000	1	0.00000	0
35	F	0.00000	1	0.00000	0
36	H	0.00000	1	0.00000	0
37	L	0.00000	1	0.00000	0
38	F	0.00000	1	0.00000	0
39	A	0.00000	1	0.00000	0
40	R	0.00000	1	0.00000	0
41	L	0.00000	1	0.00000	0
42	D	0.00000	1	0.00000	0
43	E	0.00000	1	0.00000	0
44	E	0.00000	1	0.00000	0
45	L	0.00000	1	0.00000	0
46	H	0.00000	0.99997	0.00003	0
47	G	0.00000	0.99994	0.00006	0
48	T	0.00000	0.99985	0.00015	0
49	F	0.00000	0.98851	0.01149	0
50	P	0.00000	0.98444	0.01556	0
51	G	0.00000	0.96335	0.03665	0
52	L	0.00000	0.91336	0.08664	0
53	W	0.00000	0.88306	0.11694	0
54	L	0.00000	0.87472	0.12528	0
55	A	0.00000	0.8663	0.13370	0
56	L	0.00000	0.64357	0.35643	0
57	M	0.00000	0.57635	0.42365	0
58	A	0.00000	0.39364	0.60636	0
59	V	0.00000	0.14171	0.85829	0
60	H	0.00000	0.04816	0.95184	0
61	G	0.00000	0.01233	0.98767	0
62	A	0.00000	0.00029	0.99971	0
63	I	0.00000	0	1.00000	0
64	F	0.00000	0	1.00000	0
65	L	0.00000	0	1.00000	0
66	A	0.00000	0	1.00000	0
67	G	0.00000	0	1.00000	0
68	L	0.00000	0	1.00000	0
69	V	0.00000	0	1.00000	0
70	L	0.00000	0	1.00000	0
71	N	0.00000	0	1.00000	0
72	G	0.00000	0	1.00000	0
73	L	0.00000	0	1.00000	0
74	A	0.00000	0	1.00000	0
75	L	0.00000	0	1.00000	0
76	Y	0.00002	0	0.99998	0
77	V	0.00051	0	0.99949	0
78	F	0.00991	0	0.99009	0
79	C	0.10262	0	0.89738	0
80	C	0.39611	0	0.60389	0
81	R	0.99956	0	0.00044	0
82	T	0.99996	0	0.00004	0
83	R	1.00000	0	0.00000	0
84	A	1.00000	0	0.00000	0
85	K	1.00000	0	0.00000	0
86	T	1.00000	0	0.00000	0
87	P	1.00000	0	0.00000	0
88	S	0.99494	0	0.00506	0
89	V	0.86319	0	0.13681	0
90	I	0.09532	0	0.90468	0
91	Y	0.01737	0	0.98263	0
92	T	0.00809	0	0.99191	0
93	I	0.00001	0	0.99999	0
94	N	0.00000	0	1.00000	0
95	L	0.00000	0	1.00000	0
96	V	0.00000	0	1.00000	0
97	V	0.00000	0	1.00000	0
98	T	0.00000	0	1.00000	0
99	D	0.00000	0	1.00000	0
100	L	0.00000	0	1.00000	0
101	L	0.00000	0	1.00000	0
102	V	0.00000	0	1.00000	0
103	G	0.00000	0	1.00000	0
104	L	0.00000	0	1.00000	0
105	S	0.00000	0	1.00000	0
106	L	0.00000	0	1.00000	0
107	P	0.00000	0.00059	0.99941	0
108	T	0.00000	0.01109	0.98891	0
109	R	0.00000	0.02394	0.97606	0
110	F	0.00000	0.03445	0.96555	0
111	A	0.00000	0.3395	0.66050	0
112	V	0.00000	0.9978	0.00220	0
113	Y	0.00000	0.99935	0.00065	0
114	Y	0.00000	0.99987	0.00013	0
115	G	0.00000	0.99997	0.00003	0
116	A	0.00000	0.99999	0.00001	0
117	R	0.00000	1	0.00000	0
118	G	0.00000	1	0.00000	0
119	C	0.00000	1	0.00000	0
120	L	0.00000	1	0.00000	0
121	R	0.00000	1	0.00000	0
122	C	0.00000	0.99998	0.00002	0
123	A	0.00000	0.99739	0.00261	0
124	F	0.00000	0.99216	0.00784	0
125	P	0.00000	0.98985	0.01015	0
126	H	0.00000	0.6276	0.37240	0
127	V	0.00000	0.09669	0.90331	0
128	L	0.00000	0.00079	0.99921	0
129	G	0.00000	0.00034	0.99966	0
130	Y	0.00000	0.00021	0.99979	0
131	F	0.00000	0	1.00000	0
132	L	0.00000	0	1.00000	0
133	N	0.00000	0	1.00000	0
134	M	0.00000	0	1.00000	0
135	H	0.00000	0	1.00000	0
136	C	0.00000	0	1.00000	0
137	S	0.00000	0	1.00000	0
138	I	0.00000	0	1.00000	0
139	L	0.00000	0	1.00000	0
140	F	0.00000	0	1.00000	0
141	L	0.00000	0	1.00000	0
142	T	0.00000	0	1.00000	0
143	C	0.00000	0	1.00000	0
144	I	0.00000	0	1.00000	0
145	C	0.00000	0	1.00000	0
146	V	0.00001	0	0.99999	0
147	D	0.00003	0	0.99997	0
148	R	0.01686	0	0.98314	0
149	Y	0.51254	0	0.48746	0
150	L	0.88529	0	0.11471	0
151	A	0.99936	0	0.00064	0
152	I	1.00000	0	0.00000	0
153	V	1.00000	0	0.00000	0
154	R	1.00000	0	0.00000	0
155	P	1.00000	0	0.00000	0
156	E	1.00000	0	0.00000	0
157	G	1.00000	0	0.00000	0
158	S	1.00000	0	0.00000	0
159	R	1.00000	0	0.00000	0
160	R	1.00000	0	0.00000	0
161	C	1.00000	0	0.00000	0
162	R	1.00000	0	0.00000	0
163	Q	0.99998	0	0.00002	0
164	P	0.93003	0	0.06997	0
165	A	0.17714	0	0.82286	0
166	C	0.01590	0	0.98410	0
167	A	0.00030	0	0.99970	0
168	R	0.00003	0	0.99997	0
169	A	0.00000	0	1.00000	0
170	V	0.00000	0	1.00000	0
171	C	0.00000	0	1.00000	0
172	A	0.00000	0	1.00000	0
173	F	0.00000	0	1.00000	0
174	V	0.00000	0	1.00000	0
175	W	0.00000	0	1.00000	0
176	L	0.00000	0	1.00000	0
177	A	0.00000	0	1.00000	0
178	A	0.00000	0	1.00000	0
179	G	0.00000	0	1.00000	0
180	A	0.00000	0	1.00000	0
181	V	0.00000	0	1.00000	0
182	T	0.00000	2e-05	0.99998	0
183	L	0.00000	0.00086	0.99914	0
184	S	0.00000	0.03847	0.96153	0
185	V	0.00000	0.2037	0.79630	0
186	L	0.00000	0.51475	0.48525	0
187	G	0.00000	0.99982	0.00018	0
188	V	0.00000	0.99995	0.00005	0
189	T	0.00000	0.99999	0.00001	0
190	G	0.00000	1	0.00000	0
191	S	0.00000	1	0.00000	0
192	R	0.00000	1	0.00000	0
193	P	0.00000	1	0.00000	0
194	C	0.00000	1	0.00000	0
195	C	0.00000	1	0.00000	0
196	R	0.00000	0.99999	0.00001	0
197	V	0.00000	0.99728	0.00272	0
198	F	0.00000	0.99623	0.00377	0
199	A	0.00000	0.00307	0.99693	0
200	L	0.00000	0.0007	0.99930	0
201	T	0.00000	0.00051	0.99949	0
202	V	0.00000	0.00041	0.99959	0
203	L	0.00000	0	1.00000	0
204	E	0.00000	0	1.00000	0
205	F	0.00000	0	1.00000	0
206	L	0.00000	0	1.00000	0
207	L	0.00000	0	1.00000	0
208	P	0.00000	0	1.00000	0
209	L	0.00000	0	1.00000	0
210	L	0.00000	0	1.00000	0
211	V	0.00000	0	1.00000	0
212	I	0.00000	0	1.00000	0
213	S	0.00000	0	1.00000	0
214	V	0.00000	0	1.00000	0
215	F	0.00000	0	1.00000	0
216	T	0.00000	0	1.00000	0
217	G	0.00000	0	1.00000	0
218	R	0.00001	0	0.99999	0
219	I	0.00004	0	0.99996	0
220	M	0.00191	0	0.99809	0
221	C	0.01604	0	0.98396	0
222	A	0.28225	0	0.71775	0
223	L	0.97006	0	0.02994	0
224	S	0.99798	0	0.00202	0
225	R	0.99995	0	0.00005	0
226	P	1.00000	0	0.00000	0
227	G	1.00000	0	0.00000	0
228	L	1.00000	0	0.00000	0
229	L	1.00000	0	0.00000	0
230	H	1.00000	0	0.00000	0
231	Q	1.00000	0	0.00000	0
232	G	1.00000	0	0.00000	0
233	R	1.00000	0	0.00000	0
234	Q	0.99998	0	0.00002	0
235	R	0.99747	0	0.00253	0
236	R	0.10261	0	0.89739	0
237	V	0.09983	0	0.90017	0
238	R	0.09897	0	0.90103	0
239	A	0.09629	0	0.90371	0
240	M	0.01996	0	0.98004	0
241	Q	0.00397	0	0.99603	0
242	L	0.00152	0	0.99848	0
243	L	0.00029	0	0.99971	0
244	L	0.00008	0	0.99992	0
245	T	0.00004	0	0.99996	0
246	V	0.00004	0	0.99996	0
247	L	0.00000	0	1.00000	0
248	I	0.00000	0	1.00000	0
249	I	0.00000	0	1.00000	0
250	F	0.00000	0	1.00000	0
251	L	0.00000	0	1.00000	0
252	V	0.00000	0	1.00000	0
253	C	0.00000	0	1.00000	0
254	F	0.00000	0	1.00000	0
255	T	0.00000	0.00033	0.99967	0
256	P	0.00000	0.00249	0.99751	0
257	F	0.00000	0.00559	0.99441	0
258	H	0.00000	0.04927	0.95073	0
259	A	0.00000	0.27187	0.72813	0
260	R	0.00000	0.88078	0.11922	0
261	Q	0.00000	0.91778	0.08222	0
262	V	0.00000	0.93228	0.06772	0
263	A	0.00000	0.95848	0.04152	0
264	V	0.00000	0.96588	0.03412	0
265	A	0.00000	0.97962	0.02038	0
266	L	0.00000	0.98056	0.01944	0
267	W	0.00000	0.98212	0.01788	0
268	P	0.00000	0.98348	0.01652	0
269	D	0.00000	0.98365	0.01635	0
270	M	0.00000	0.98358	0.01642	0
271	P	0.00000	0.98358	0.01642	0
272	H	0.00000	0.98353	0.01647	0
273	H	0.00000	0.98286	0.01714	0
274	T	0.00000	0.97207	0.02793	0
275	S	0.00000	0.92554	0.07446	0
276	L	0.00000	0.54243	0.45757	0
277	V	0.00000	0.23679	0.76321	0
278	V	0.00000	0.16411	0.83589	0
279	Y	0.00000	0.12441	0.87559	0
280	H	0.00000	0.08151	0.91849	0
281	V	0.00000	0.00103	0.99897	0
282	A	0.00007	5e-05	0.99989	0
283	V	0.00036	1e-05	0.99963	0
284	T	0.00479	0	0.99520	0
285	L	0.00871	0	0.99129	0
286	S	0.01541	0	0.98459	0
287	S	0.01607	0	0.98393	0
288	L	0.01628	0	0.98372	0
289	N	0.01632	0	0.98368	0
290	S	0.01635	0	0.98365	0
291	C	0.01635	0	0.98365	0
292	M	0.01637	0	0.98363	0
293	D	0.01643	0	0.98357	0
294	P	0.01644	0	0.98356	0
295	I	0.01654	0	0.98346	0
296	V	0.01803	0	0.98197	0
297	Y	0.02859	0	0.97141	0
298	C	0.07167	0	0.92833	0
299	F	0.16378	0	0.83622	0
300	V	0.65665	0	0.34335	0
301	T	0.92409	0	0.07591	0
302	S	0.98266	0	0.01734	0
303	G	0.98707	0	0.01293	0
304	F	0.99575	0	0.00425	0
305	Q	0.99999	0	0.00001	0
306	A	1.00000	0	0.00000	0
307	T	1.00000	0	0.00000	0
308	V	1.00000	0	0.00000	0
309	R	1.00000	0	0.00000	0
310	G	1.00000	0	0.00000	0
311	L	1.00000	0	0.00000	0
312	F	1.00000	0	0.00000	0
313	G	1.00000	0	0.00000	0
314	Q	1.00000	0	0.00000	0
315	H	1.00000	0	0.00000	0
316	G	1.00000	0	0.00000	0
317	E	1.00000	0	0.00000	0
318	R	1.00000	0	0.00000	0
319	E	1.00000	0	0.00000	0
320	P	1.00000	0	0.00000	0
321	S	1.00000	0	0.00000	0
322	S	1.00000	0	0.00000	0
323	G	1.00000	0	0.00000	0
324	D	1.00000	0	0.00000	0
325	V	1.00000	0	0.00000	0
326	V	1.00000	0	0.00000	0
327	S	1.00000	0	0.00000	0
328	M	1.00000	0	0.00000	0
329	H	1.00000	0	0.00000	0
330	R	1.00000	0	0.00000	0
331	S	1.00000	0	0.00000	0
332	S	1.00000	0	0.00000	0
333	K	1.00000	0	0.00000	0
334	G	1.00000	0	0.00000	0
335	S	1.00000	0	0.00000	0
336	G	1.00000	0	0.00000	0
337	R	1.00000	0	0.00000	0
338	H	1.00000	0	0.00000	0
339	H	1.00000	0	0.00000	0
340	I	1.00000	0	0.00000	0
341	L	1.00000	0	0.00000	0
342	S	1.00000	0	0.00000	0
343	A	1.00000	0	0.00000	0
344	G	1.00000	0	0.00000	0
345	P	1.00000	0	0.00000	0
346	H	1.00000	0	0.00000	0
347	A	1.00000	0	0.00000	0
348	L	1.00000	0	0.00000	0
349	T	1.00000	0	0.00000	0
350	Q	1.00000	0	0.00000	0
351	A	1.00000	0	0.00000	0
352	L	1.00000	0	0.00000	0
353	A	1.00000	0	0.00000	0
354	N	1.00000	0	0.00000	0
355	G	1.00000	0	0.00000	0
356	P	1.00000	0	0.00000	0
357	E	1.00000	0	0.00000	0
358	A	1.00000	0	0.00000	0
