# UNNAMED
#pos	aa	i	o	M	S
1	M	0.00000	0.99998	0.00000	2e-05
2	S	0.00000	0.99998	0.00000	2e-05
3	P	0.00000	0.99998	0.00000	1e-05
4	L	0.00000	0.99998	0.00000	1e-05
5	N	0.00000	0.99998	0.00000	1e-05
6	Q	0.00000	0.99998	0.00000	2e-05
7	S	0.00000	0.99998	0.00000	2e-05
8	A	0.00000	0.99998	0.00000	2e-05
9	E	0.00000	0.99998	0.00000	2e-05
10	G	0.00000	0.99998	0.00000	2e-05
11	L	0.00000	0.99998	0.00000	2e-05
12	P	0.00000	0.99998	0.00000	1e-05
13	Q	0.00000	0.99998	0.00000	1e-05
14	E	0.00000	0.99999	0.00000	1e-05
15	A	0.00000	0.99999	0.00000	1e-05
16	S	0.00000	0.99999	0.00000	1e-05
17	N	0.00000	0.99999	0.00000	1e-05
18	R	0.00000	0.99999	0.00000	1e-05
19	S	0.00000	0.99999	0.00000	1e-05
20	L	0.00000	1	0.00000	0
21	N	0.00000	1	0.00000	0
22	A	0.00000	1	0.00000	0
23	T	0.00000	1	0.00000	0
24	E	0.00000	1	0.00000	0
25	T	0.00000	1	0.00000	0
26	S	0.00000	1	0.00000	0
27	E	0.00000	1	0.00000	0
28	A	0.00000	1	0.00000	0
29	W	0.00000	1	0.00000	0
30	D	0.00000	1	0.00000	0
31	P	0.00000	1	0.00000	0
32	R	0.00000	1	0.00000	0
33	T	0.00000	0.99994	0.00006	0
34	L	0.00000	0.99923	0.00077	0
35	Q	0.00000	0.99751	0.00249	0
36	A	0.00000	0.99102	0.00898	0
37	L	0.00000	0.98479	0.01521	0
38	K	0.00000	0.97972	0.02028	0
39	I	0.00000	0.58907	0.41093	0
40	S	0.00000	0.49857	0.50143	0
41	L	0.00000	0.2289	0.77110	0
42	A	0.00000	0.15032	0.84968	0
43	V	0.00000	0.07466	0.92534	0
44	V	0.00000	0.0271	0.97290	0
45	L	0.00000	0.00737	0.99263	0
46	S	0.00000	0.00355	0.99645	0
47	V	0.00000	0.00033	0.99967	0
48	I	0.00000	0	1.00000	0
49	T	0.00000	0	1.00000	0
50	L	0.00000	0	1.00000	0
51	A	0.00000	0	1.00000	0
52	T	0.00000	0	1.00000	0
53	V	0.00000	0	1.00000	0
54	L	0.00000	0	1.00000	0
55	S	0.00000	0	1.00000	0
56	N	0.00000	0	1.00000	0
57	A	0.00000	0	1.00000	0
58	F	0.00000	0	1.00000	0
59	V	0.00006	0	0.99994	0
60	L	0.00088	0	0.99912	0
61	T	0.02788	0	0.97212	0
62	T	0.08324	0	0.91676	0
63	I	0.10407	0	0.89593	0
64	L	0.22588	0	0.77412	0
65	L	0.47481	0	0.52519	0
66	T	0.92153	0	0.07847	0
67	R	0.99799	0	0.00201	0
68	K	0.99998	0	0.00002	0
69	L	0.99999	0	0.00001	0
70	H	1.00000	0	0.00000	0
71	T	1.00000	0	0.00000	0
72	P	1.00000	0	0.00000	0
73	A	0.77452	0	0.22548	0
74	N	0.20158	0	0.79842	0
75	Y	0.07405	0	0.92595	0
76	L	0.00111	0	0.99889	0
77	I	0.00001	0	0.99999	0
78	G	0.00000	0	1.00000	0
79	S	0.00000	0	1.00000	0
80	L	0.00000	0	1.00000	0
81	A	0.00000	0	1.00000	0
82	T	0.00000	0	1.00000	0
83	T	0.00000	0	1.00000	0
84	D	0.00000	0	1.00000	0
85	L	0.00000	0	1.00000	0
86	L	0.00000	0	1.00000	0
87	V	0.00000	0	1.00000	0
88	S	0.00000	0	1.00000	0
89	I	0.00000	0	1.00000	0
90	L	0.00000	0	1.00000	0
91	V	0.00000	0	1.00000	0
92	M	0.00000	0.00016	0.99984	0
93	P	0.00000	0.00322	0.99678	0
94	I	0.00000	0.07321	0.92679	0
95	S	0.00000	0.36386	0.63614	0
96	I	0.00000	0.47664	0.52336	0
97	A	0.00000	0.78879	0.21121	0
98	Y	0.00000	0.99986	0.00014	0
99	T	0.00000	0.99991	0.00009	0
100	I	0.00000	0.99992	0.00008	0
101	T	0.00000	0.99999	0.00001	0
102	H	0.00000	1	0.00000	0
103	T	0.00000	1	0.00000	0
104	W	0.00000	1	0.00000	0
105	N	0.00000	1	0.00000	0
106	F	0.00000	1	0.00000	0
107	G	0.00000	1	0.00000	0
108	Q	0.00000	0.99984	0.00016	0
109	I	0.00000	0.99699	0.00301	0
110	L	0.00000	0.99641	0.00359	0
111	C	0.00000	0.99603	0.00397	0
112	D	0.00000	0.99437	0.00563	0
113	I	0.00000	0.99179	0.00821	0
114	W	0.00000	0.79109	0.20891	0
115	L	0.00000	0.07301	0.92699	0
116	S	0.00000	0.011	0.98900	0
117	S	0.00000	0.00169	0.99831	0
118	D	0.00000	0.00057	0.99943	0
119	I	0.00000	1e-05	0.99999	0
120	T	0.00000	0	1.00000	0
121	C	0.00000	0	1.00000	0
122	C	0.00000	0	1.00000	0
123	T	0.00000	0	1.00000	0
124	A	0.00000	0	1.00000	0
125	S	0.00000	0	1.00000	0
126	I	0.00000	0	1.00000	0
127	L	0.00000	0	1.00000	0
128	H	0.00000	0	1.00000	0
129	L	0.00001	0	0.99999	0
130	C	0.00023	0	0.99977	0
131	V	0.00031	0	0.99969	0
132	I	0.00038	0	0.99962	0
133	A	0.00058	0	0.99942	0
134	L	0.00059	0	0.99941	0
135	D	0.00071	0	0.99929	0
136	R	0.19336	0	0.80664	0
137	Y	0.63854	0	0.36146	0
138	W	0.66693	0	0.33307	0
139	A	0.93721	0	0.06279	0
140	I	1.00000	0	0.00000	0
141	T	1.00000	0	0.00000	0
142	D	1.00000	0	0.00000	0
143	A	1.00000	0	0.00000	0
144	L	1.00000	0	0.00000	0
145	E	1.00000	0	0.00000	0
146	Y	1.00000	0	0.00000	0
147	S	1.00000	0	0.00000	0
148	K	1.00000	0	0.00000	0
149	R	1.00000	0	0.00000	0
150	R	0.99997	0	0.00003	0
151	T	0.99191	0	0.00809	0
152	A	0.89908	0	0.10092	0
153	G	0.75555	0	0.24445	0
154	H	0.46262	0	0.53738	0
155	A	0.07771	0	0.92229	0
156	A	0.01642	0	0.98358	0
157	T	0.00662	0	0.99338	0
158	M	0.00174	0	0.99826	0
159	I	0.00003	0	0.99997	0
160	A	0.00000	0	1.00000	0
161	I	0.00000	0	1.00000	0
162	V	0.00000	0	1.00000	0
163	W	0.00000	0	1.00000	0
164	A	0.00000	0	1.00000	0
165	I	0.00000	0	1.00000	0
166	S	0.00000	0	1.00000	0
167	I	0.00000	0	1.00000	0
168	C	0.00000	0	1.00000	0
169	I	0.00000	0	1.00000	0
170	S	0.00000	3e-05	0.99997	0
171	I	0.00000	0.00031	0.99969	0
172	P	0.00000	0.00748	0.99252	0
173	P	0.00000	0.01321	0.98679	0
174	L	0.00000	0.03361	0.96639	0
175	F	0.00000	0.12653	0.87347	0
176	W	0.00000	0.60647	0.39353	0
177	R	0.00000	0.97454	0.02546	0
178	Q	0.00000	0.99315	0.00685	0
179	A	0.00000	0.99615	0.00385	0
180	K	0.00000	0.99997	0.00003	0
181	A	0.00000	0.99999	0.00001	0
182	Q	0.00000	1	0.00000	0
183	E	0.00000	1	0.00000	0
184	E	0.00000	1	0.00000	0
185	M	0.00000	1	0.00000	0
186	S	0.00000	1	0.00000	0
187	D	0.00000	1	0.00000	0
188	C	0.00000	1	0.00000	0
189	L	0.00000	0.99999	0.00001	0
190	V	0.00000	0.99999	0.00001	0
191	N	0.00000	0.99992	0.00008	0
192	T	0.00000	0.99916	0.00084	0
193	S	0.00000	0.99531	0.00469	0
194	Q	0.00000	0.99255	0.00745	0
195	I	0.00000	0.78105	0.21895	0
196	S	0.00000	0.3946	0.60540	0
197	Y	0.00000	0.25679	0.74321	0
198	T	0.00000	0.09575	0.90425	0
199	I	0.00000	0.00107	0.99893	0
200	Y	0.00000	0.00051	0.99949	0
201	S	0.00000	0.00045	0.99955	0
202	T	0.00000	0.00026	0.99974	0
203	C	0.00000	0.00025	0.99975	0
204	G	0.00000	1e-05	0.99999	0
205	A	0.00000	1e-05	0.99999	0
206	F	0.00000	1e-05	0.99999	0
207	Y	0.00000	1e-05	0.99999	0
208	I	0.00000	1e-05	0.99999	0
209	P	0.00000	1e-05	0.99999	0
210	S	0.00000	1e-05	0.99999	0
211	V	0.00000	1e-05	0.99999	0
212	L	0.00000	1e-05	0.99999	0
213	L	0.00000	1e-05	0.99999	0
214	I	0.00000	1e-05	0.99999	0
215	I	0.00000	1e-05	0.99999	0
216	L	0.00019	1e-05	0.99980	0
217	Y	0.00455	1e-05	0.99544	0
218	G	0.12686	1e-05	0.87314	0
219	R	0.30767	1e-05	0.69232	0
220	I	0.32254	1e-05	0.67746	0
221	Y	0.40622	1e-05	0.59377	0
222	R	0.98362	1e-05	0.01637	0
223	A	0.98980	1e-05	0.01019	0
224	A	0.99981	1e-05	0.00018	0
225	R	0.99996	1e-05	0.00003	0
226	N	0.99999	1e-05	0.00000	0
227	R	0.99999	1e-05	0.00000	0
228	I	0.99999	1e-05	0.00000	0
229	L	0.99999	1e-05	0.00000	0
230	N	0.99999	1e-05	0.00000	0
231	P	0.99999	1e-05	0.00000	0
232	P	0.99999	1e-05	0.00000	0
233	S	0.99999	1e-05	0.00000	0
234	L	0.99999	1e-05	0.00000	0
235	Y	0.99999	1e-05	0.00000	0
236	G	0.99999	1e-05	0.00000	0
237	K	0.99999	1e-05	0.00000	0
238	R	0.99999	0	0.00000	0
239	F	0.99999	0	0.00000	0
240	T	0.99999	0	0.00000	0
241	T	0.99999	0	0.00000	0
242	A	0.99999	0	0.00001	0
243	H	0.99999	0	0.00001	0
244	L	0.99999	0	0.00001	0
245	I	0.99999	0	0.00001	0
246	T	0.99999	0	0.00001	0
247	G	0.99999	0	0.00001	0
248	S	0.99999	0	0.00001	0
249	A	0.99999	0	0.00001	0
250	G	0.99999	0	0.00001	0
251	S	0.99999	0	0.00001	0
252	S	0.99999	0	0.00001	0
253	L	0.99999	0	0.00001	0
254	C	0.99999	0	0.00001	0
255	S	0.99999	0	0.00001	0
256	L	0.99999	0	0.00001	0
257	N	0.99999	0	0.00001	0
258	S	0.99999	0	0.00001	0
259	S	0.99999	0	0.00001	0
260	L	0.99999	0	0.00001	0
261	H	1.00000	0	0.00000	0
262	E	1.00000	0	0.00000	0
263	G	1.00000	0	0.00000	0
264	H	1.00000	0	0.00000	0
265	S	1.00000	0	0.00000	0
266	H	1.00000	0	0.00000	0
267	S	1.00000	0	0.00000	0
268	A	1.00000	0	0.00000	0
269	G	1.00000	0	0.00000	0
270	S	1.00000	0	0.00000	0
271	P	1.00000	0	0.00000	0
272	L	1.00000	0	0.00000	0
273	F	1.00000	0	0.00000	0
274	F	1.00000	0	0.00000	0
275	N	1.00000	0	0.00000	0
276	H	1.00000	0	0.00000	0
277	V	1.00000	0	0.00000	0
278	K	1.00000	0	0.00000	0
279	I	1.00000	0	0.00000	0
280	K	1.00000	0	0.00000	0
281	L	1.00000	0	0.00000	0
282	A	1.00000	0	0.00000	0
283	D	1.00000	0	0.00000	0
284	S	1.00000	0	0.00000	0
285	A	1.00000	0	0.00000	0
286	L	1.00000	0	0.00000	0
287	E	1.00000	0	0.00000	0
288	R	1.00000	0	0.00000	0
289	K	1.00000	0	0.00000	0
290	R	1.00000	0	0.00000	0
291	I	1.00000	0	0.00000	0
292	S	1.00000	0	0.00000	0
293	A	1.00000	0	0.00000	0
294	A	1.00000	0	0.00000	0
295	R	1.00000	0	0.00000	0
296	E	1.00000	0	0.00000	0
297	R	0.99971	0	0.00029	0
298	K	0.99886	0	0.00114	0
299	A	0.32037	0	0.67963	0
300	T	0.31690	0	0.68310	0
301	K	0.30913	0	0.69087	0
302	I	0.30084	0	0.69916	0
303	L	0.00336	0	0.99664	0
304	G	0.00063	0	0.99937	0
305	I	0.00002	0	0.99998	0
306	I	0.00000	0	1.00000	0
307	L	0.00000	0	1.00000	0
308	G	0.00000	0	1.00000	0
309	A	0.00000	0	1.00000	0
310	F	0.00000	0	1.00000	0
311	I	0.00000	0	1.00000	0
312	I	0.00000	0	1.00000	0
313	C	0.00000	0	1.00000	0
314	W	0.00000	0	1.00000	0
315	L	0.00000	0	1.00000	0
316	P	0.00000	0	1.00000	0
317	F	0.00000	0	1.00000	0
318	F	0.00000	0	1.00000	0
319	V	0.00000	6e-05	0.99994	0
320	V	0.00000	0.00079	0.99921	0
321	S	0.00000	0.00532	0.99468	0
322	L	0.00000	0.01279	0.98721	0
323	V	0.00000	0.04843	0.95157	0
324	L	0.00000	0.12812	0.87188	0
325	P	0.00000	0.48174	0.51826	0
326	I	0.00000	0.58594	0.41406	0
327	C	0.00000	0.97002	0.02998	0
328	R	0.00000	0.99886	0.00114	0
329	D	0.00000	1	0.00000	0
330	S	0.00000	0.99999	0.00001	0
331	C	0.00000	0.99998	0.00002	0
332	W	0.00000	0.9999	0.00010	0
333	I	0.00000	0.99976	0.00024	0
334	H	0.00000	0.99965	0.00035	0
335	P	0.00000	0.99932	0.00068	0
336	A	0.00000	0.99411	0.00589	0
337	L	0.00000	0.98875	0.01125	0
338	F	0.00000	0.98711	0.01289	0
339	D	0.00000	0.93703	0.06297	0
340	F	0.00000	0.00867	0.99133	0
341	F	0.00000	0.00036	0.99964	0
342	T	0.00000	1e-05	0.99999	0
343	W	0.00000	0	1.00000	0
344	L	0.00000	0	1.00000	0
345	G	0.00000	0	1.00000	0
346	Y	0.00000	0	1.00000	0
347	L	0.00000	0	1.00000	0
348	N	0.00000	0	1.00000	0
349	S	0.00000	0	1.00000	0
350	L	0.00000	0	1.00000	0
351	I	0.00000	0	1.00000	0
352	N	0.00000	0	1.00000	0
353	P	0.00000	0	1.00000	0
354	I	0.00000	0	1.00000	0
355	I	0.00003	0	0.99997	0
356	Y	0.00014	0	0.99986	0
357	T	0.00036	0	0.99964	0
358	V	0.00055	0	0.99945	0
359	F	0.01616	0	0.98384	0
360	N	0.39226	0	0.60774	0
361	E	1.00000	0	0.00000	0
362	E	1.00000	0	0.00000	0
363	F	1.00000	0	0.00000	0
364	R	1.00000	0	0.00000	0
365	Q	1.00000	0	0.00000	0
366	A	1.00000	0	0.00000	0
367	F	1.00000	0	0.00000	0
368	Q	1.00000	0	0.00000	0
369	K	1.00000	0	0.00000	0
370	I	1.00000	0	0.00000	0
371	V	1.00000	0	0.00000	0
372	P	1.00000	0	0.00000	0
373	F	1.00000	0	0.00000	0
374	R	1.00000	0	0.00000	0
375	K	1.00000	0	0.00000	0
376	A	1.00000	0	0.00000	0
377	S	1.00000	0	0.00000	0
