# UNNAMED
#pos	aa	i	o	M	S
1	M	0.00000	0.99929	0.00000	0.00071
2	G	0.00000	0.99929	0.00000	0.00071
3	K	0.00000	0.99929	0.00000	0.0007
4	E	0.00000	0.99929	0.00000	0.0007
5	N	0.00000	0.99929	0.00000	0.0007
6	C	0.00000	0.99929	0.00000	0.0007
7	T	0.00000	0.99929	0.00000	0.00071
8	T	0.00000	0.99929	0.00000	0.0007
9	V	0.00000	0.99929	0.00000	0.0007
10	A	0.00000	0.99929	0.00000	0.00071
11	E	0.00000	0.99929	0.00000	0.0007
12	F	0.00000	0.99929	0.00000	0.00071
13	I	0.00000	0.99929	0.00000	0.0007
14	L	0.00000	0.99929	0.00000	0.00071
15	L	0.00000	0.99929	0.00000	0.00071
16	G	0.00000	0.99929	0.00000	0.0007
17	L	0.00000	0.9993	0.00000	0.00069
18	S	0.00000	0.99934	0.00000	0.00066
19	D	0.00000	0.99954	0.00000	0.00046
20	V	0.00000	0.99949	0.00006	0.00046
21	P	0.00000	0.99944	0.00010	0.00046
22	E	0.00000	0.9994	0.00014	0.00046
23	L	0.00000	0.99853	0.00147	0
24	R	0.00000	0.99614	0.00386	0
25	V	0.00000	0.90831	0.09169	0
26	C	0.00000	0.87976	0.12024	0
27	L	0.00000	0.42298	0.57702	0
28	F	0.00000	0.24203	0.75797	0
29	L	0.00000	0.21786	0.78214	0
30	L	0.00000	0.201	0.79900	0
31	F	0.00000	0.00854	0.99146	0
32	L	0.00000	0.00157	0.99843	0
33	L	0.00000	0.00024	0.99976	0
34	I	0.00000	0	1.00000	0
35	Y	0.00000	0	1.00000	0
36	G	0.00000	0	1.00000	0
37	V	0.00000	0	1.00000	0
38	T	0.00000	0	1.00000	0
39	L	0.00000	0	1.00000	0
40	L	0.00000	0	1.00000	0
41	A	0.00000	0	1.00000	0
42	N	0.00000	0	1.00000	0
43	L	0.00000	0	1.00000	0
44	G	0.00000	0	1.00000	0
45	M	0.00001	0	0.99999	0
46	T	0.00008	0	0.99992	0
47	A	0.00017	0	0.99983	0
48	L	0.00213	0	0.99787	0
49	I	0.01636	0	0.98364	0
50	Q	0.79540	0	0.20460	0
51	V	0.81727	0	0.18273	0
52	S	0.96798	0	0.03202	0
53	S	0.99689	0	0.00311	0
54	R	0.99991	0	0.00009	0
55	L	0.99994	0	0.00006	0
56	H	1.00000	0	0.00000	0
57	T	1.00000	0	0.00000	0
58	P	1.00000	0	0.00000	0
59	V	0.82121	0	0.17879	0
60	Y	0.76248	0	0.23752	0
61	F	0.10583	0	0.89417	0
62	F	0.00188	0	0.99812	0
63	L	0.00019	0	0.99981	0
64	S	0.00006	0	0.99994	0
65	H	0.00000	0	1.00000	0
66	L	0.00000	0	1.00000	0
67	S	0.00000	0	1.00000	0
68	F	0.00000	0	1.00000	0
69	V	0.00000	0	1.00000	0
70	D	0.00000	0	1.00000	0
71	F	0.00000	0	1.00000	0
72	C	0.00000	0	1.00000	0
73	Y	0.00000	0	1.00000	0
74	S	0.00000	0	1.00000	0
75	S	0.00000	0	1.00000	0
76	I	0.00000	0	1.00000	0
77	I	0.00000	0	1.00000	0
78	V	0.00000	8e-05	0.99992	0
79	P	0.00000	0.00085	0.99915	0
80	K	0.00000	0.01765	0.98235	0
81	M	0.00000	0.06298	0.93702	0
82	L	0.00000	0.26393	0.73607	0
83	A	0.00000	0.67386	0.32614	0
84	N	0.00000	0.99998	0.00002	0
85	I	0.00000	1	0.00000	0
86	F	0.00000	1	0.00000	0
87	N	0.00000	1	0.00000	0
88	K	0.00000	1	0.00000	0
89	D	0.00000	1	0.00000	0
90	K	0.00000	1	0.00000	0
91	A	0.00000	1	0.00000	0
92	I	0.00000	1	0.00000	0
93	S	0.00000	0.99999	0.00001	0
94	F	0.00000	0.99998	0.00002	0
95	L	0.00000	0.99993	0.00007	0
96	G	0.00000	0.99948	0.00052	0
97	C	0.00000	0.99513	0.00487	0
98	M	0.00000	0.50455	0.49545	0
99	V	0.00000	0.2705	0.72950	0
100	Q	0.00000	0.0615	0.93850	0
101	F	0.00000	0.0037	0.99630	0
102	Y	0.00000	0.00012	0.99988	0
103	L	0.00000	1e-05	0.99999	0
104	F	0.00000	0	1.00000	0
105	C	0.00000	0	1.00000	0
106	T	0.00000	0	1.00000	0
107	C	0.00000	0	1.00000	0
108	G	0.00000	0	1.00000	0
109	V	0.00000	0	1.00000	0
110	T	0.00000	0	1.00000	0
111	E	0.00000	0	1.00000	0
112	V	0.00000	0	1.00000	0
113	F	0.00000	0	1.00000	0
114	L	0.00000	0	1.00000	0
115	L	0.00000	0	1.00000	0
116	A	0.00000	0	1.00000	0
117	V	0.00000	0	1.00000	0
118	M	0.00000	0	1.00000	0
119	A	0.00000	0	1.00000	0
120	Y	0.00000	0	1.00000	0
121	D	0.00004	0	0.99996	0
122	R	0.01016	0	0.98984	0
123	F	0.04900	0	0.95100	0
124	V	0.92877	0	0.07123	0
125	A	0.99630	0	0.00370	0
126	I	1.00000	0	0.00000	0
127	C	1.00000	0	0.00000	0
128	N	1.00000	0	0.00000	0
129	P	1.00000	0	0.00000	0
130	L	1.00000	0	0.00000	0
131	L	1.00000	0	0.00000	0
132	Y	1.00000	0	0.00000	0
133	M	1.00000	0	0.00000	0
134	V	1.00000	0	0.00000	0
135	T	1.00000	0	0.00000	0
136	M	1.00000	0	0.00000	0
137	S	1.00000	0	0.00000	0
138	Q	0.99998	0	0.00002	0
139	K	0.99875	0	0.00125	0
140	L	0.78378	0	0.21622	0
141	R	0.74094	0	0.25906	0
142	V	0.36432	0	0.63568	0
143	E	0.32162	0	0.67838	0
144	L	0.19295	0	0.80705	0
145	T	0.15680	0	0.84320	0
146	S	0.04677	0	0.95323	0
147	C	0.00008	0	0.99992	0
148	C	0.00000	0	1.00000	0
149	Y	0.00000	0	1.00000	0
150	F	0.00000	0	1.00000	0
151	C	0.00000	0	1.00000	0
152	G	0.00000	0	1.00000	0
153	T	0.00000	0	1.00000	0
154	V	0.00000	0	1.00000	0
155	C	0.00000	0	1.00000	0
156	S	0.00000	0	1.00000	0
157	L	0.00000	0	1.00000	0
158	I	0.00000	0	1.00000	0
159	H	0.00000	0.00074	0.99926	0
160	S	0.00000	0.00423	0.99577	0
161	S	0.00000	0.04991	0.95009	0
162	L	0.00000	0.09089	0.90911	0
163	A	0.00000	0.26163	0.73837	0
164	L	0.00000	0.66165	0.33835	0
165	R	0.00000	0.77443	0.22557	0
166	I	0.00000	0.78107	0.21893	0
167	L	0.00000	0.80497	0.19503	0
168	F	0.00000	0.86906	0.13094	0
169	Y	0.00000	0.96515	0.03485	0
170	R	0.00000	0.99998	0.00002	0
171	S	0.00000	1	0.00000	0
172	N	0.00000	1	0.00000	0
173	V	0.00000	1	0.00000	0
174	I	0.00000	1	0.00000	0
175	N	0.00000	1	0.00000	0
176	H	0.00000	1	0.00000	0
177	F	0.00000	1	0.00000	0
178	F	0.00000	1	0.00000	0
179	C	0.00000	1	0.00000	0
180	D	0.00000	1	0.00000	0
181	L	0.00000	1	0.00000	0
182	P	0.00000	1	0.00000	0
183	P	0.00000	1	0.00000	0
184	L	0.00000	1	0.00000	0
185	L	0.00000	1	0.00000	0
186	S	0.00000	1	0.00000	0
187	L	0.00000	1	0.00000	0
188	A	0.00000	1	0.00000	0
189	C	0.00000	1	0.00000	0
190	S	0.00000	1	0.00000	0
191	D	0.00000	0.99999	0.00001	0
192	V	0.00000	0.99993	0.00007	0
193	T	0.00000	0.99992	0.00008	0
194	V	0.00000	0.99989	0.00011	0
195	N	0.00000	0.99982	0.00018	0
196	E	0.00000	0.99914	0.00086	0
197	T	0.00000	0.73024	0.26976	0
198	L	0.00000	0.23937	0.76063	0
199	L	0.00000	0.05024	0.94976	0
200	F	0.00000	0.04682	0.95318	0
201	L	0.00000	0.03031	0.96969	0
202	V	0.00000	0.00043	0.99957	0
203	A	0.00000	2e-05	0.99998	0
204	T	0.00000	1e-05	0.99999	0
205	L	0.00000	0	1.00000	0
206	N	0.00000	0	0.99999	0
207	E	0.00000	0	1.00000	0
208	S	0.00000	0	1.00000	0
209	V	0.00000	0	1.00000	0
210	T	0.00000	0	1.00000	0
211	I	0.00000	0	1.00000	0
212	M	0.00000	0	1.00000	0
213	I	0.00000	0	1.00000	0
214	I	0.00000	0	1.00000	0
215	L	0.00001	0	0.99999	0
216	T	0.00004	0	0.99996	0
217	S	0.00005	0	0.99995	0
218	Y	0.00005	0	0.99995	0
219	L	0.00015	0	0.99985	0
220	L	0.00129	0	0.99871	0
221	I	0.00983	0	0.99017	0
222	L	0.10579	0	0.89421	0
223	T	0.92853	0	0.07147	0
224	T	0.96034	0	0.03966	0
225	I	0.96569	0	0.03431	0
226	L	0.97977	0	0.02023	0
227	K	0.99936	0	0.00064	0
228	I	0.99959	0	0.00041	0
229	H	0.99997	0	0.00003	0
230	S	1.00000	0	0.00000	0
231	A	1.00000	0	0.00000	0
232	E	1.00000	0	0.00000	0
233	S	1.00000	0	0.00000	0
234	R	0.99943	0	0.00057	0
235	H	0.99853	0	0.00147	0
236	K	0.71102	0	0.28898	0
237	A	0.60619	0	0.39381	0
238	F	0.17445	0	0.82555	0
239	S	0.00768	0	0.99232	0
240	T	0.00762	0	0.99238	0
241	C	0.00628	0	0.99372	0
242	A	0.00621	0	0.99379	0
243	S	0.00621	0	0.99379	0
244	H	0.00614	0	0.99386	0
245	L	0.00086	0	0.99914	0
246	T	0.00025	0	0.99975	0
247	A	0.00000	0	1.00000	0
248	I	0.00000	0	1.00000	0
249	T	0.00000	0	1.00000	0
250	V	0.00000	0	1.00000	0
251	S	0.00000	0	1.00000	0
252	H	0.00000	0	1.00000	0
253	G	0.00000	0	1.00000	0
254	T	0.00000	0	1.00000	0
255	I	0.00000	3e-05	0.99997	0
256	L	0.00000	0.00133	0.99867	0
257	Y	0.00000	0.04386	0.95614	0
258	I	0.00000	0.05639	0.94361	0
259	Y	0.00000	0.29645	0.70355	0
260	C	0.00000	0.87336	0.12664	0
261	R	0.00000	0.98597	0.01403	0
262	P	0.00000	0.99284	0.00716	0
263	S	0.00000	0.99345	0.00655	0
264	S	0.00000	0.99396	0.00604	0
265	G	0.00000	0.99439	0.00561	0
266	N	0.00000	0.99973	0.00027	0
267	S	0.00000	0.9998	0.00020	0
268	G	0.00000	0.99985	0.00015	0
269	D	0.00000	0.99722	0.00278	0
270	V	0.00000	0.95394	0.04606	0
271	D	0.00000	0.94277	0.05723	0
272	K	0.00000	0.62911	0.37089	0
273	V	0.00000	0.02496	0.97504	0
274	A	0.00000	0.00029	0.99971	0
275	T	0.00000	0	1.00000	0
276	V	0.00000	0	1.00000	0
277	F	0.00000	0	1.00000	0
278	Y	0.00000	0	1.00000	0
279	T	0.00000	0	1.00000	0
280	V	0.00000	0	1.00000	0
281	V	0.00000	0	1.00000	0
282	I	0.00000	0	1.00000	0
283	P	0.00000	0	1.00000	0
284	M	0.00000	0	1.00000	0
285	L	0.00000	0	1.00000	0
286	N	0.00000	0	1.00000	0
287	P	0.00000	0	1.00000	0
288	L	0.00000	0	1.00000	0
289	I	0.00026	0	0.99974	0
290	Y	0.00271	0	0.99729	0
291	S	0.02417	0	0.97583	0
292	L	0.12110	0	0.87890	0
293	R	1.00000	0	0.00000	0
294	N	1.00000	0	0.00000	0
295	K	1.00000	0	0.00000	0
296	D	1.00000	0	0.00000	0
297	V	1.00000	0	0.00000	0
298	N	1.00000	0	0.00000	0
299	K	1.00000	0	0.00000	0
300	A	1.00000	0	0.00000	0
301	L	1.00000	0	0.00000	0
302	R	1.00000	0	0.00000	0
303	K	1.00000	0	0.00000	0
304	V	1.00000	0	0.00000	0
305	M	1.00000	0	0.00000	0
306	G	1.00000	0	0.00000	0
307	S	1.00000	0	0.00000	0
308	K	1.00000	0	0.00000	0
309	I	1.00000	0	0.00000	0
310	H	1.00000	0	0.00000	0
311	S	1.00000	0	0.00000	0
