# UNNAMED
#pos	aa	i	o	M	S
1	M	0.00000	0.92349	0.00000	0.07651
2	S	0.00000	0.92349	0.00000	0.07651
3	I	0.00000	0.92349	0.00000	0.07651
4	P	0.00000	0.92349	0.00000	0.07651
5	L	0.00000	0.92349	0.00000	0.07651
6	P	0.00000	0.92349	0.00000	0.07651
7	L	0.00000	0.92349	0.00000	0.07651
8	L	0.00000	0.92349	0.00000	0.07651
9	Q	0.00000	0.92349	0.00000	0.07651
10	I	0.00000	0.92349	0.00000	0.07651
11	Y	0.00000	0.92349	0.00000	0.07651
12	T	0.00000	0.92349	0.00000	0.07651
13	S	0.00000	0.9241	0.00000	0.0759
14	D	0.00000	0.92438	0.00000	0.07562
15	N	0.00000	0.92449	0.00000	0.07551
16	Y	0.00000	0.92455	0.00000	0.07545
17	T	0.00000	0.92455	0.00000	0.07545
18	E	0.00000	0.99988	0.00000	0.00012
19	E	0.00000	0.99989	0.00000	0.00012
20	M	0.00000	0.99988	0.00000	0.00011
21	G	0.00000	0.99989	0.00000	0.00011
22	S	0.00000	0.99989	0.00000	0.00011
23	G	0.00000	0.99989	0.00000	0.00011
24	D	0.00000	1	0.00000	0
25	Y	0.00000	1	0.00000	0
26	D	0.00000	1	0.00000	0
27	S	0.00000	1	0.00000	0
28	M	0.00000	1	0.00000	0
29	K	0.00000	1	0.00000	0
30	E	0.00000	1	0.00000	0
31	P	0.00000	1	0.00000	0
32	C	0.00000	1	0.00000	0
33	F	0.00000	1	0.00000	0
34	R	0.00000	1	0.00000	0
35	E	0.00000	1	0.00000	0
36	E	0.00000	1	0.00000	0
37	N	0.00000	1	0.00000	0
38	A	0.00000	1	0.00000	0
39	N	0.00000	1	0.00000	0
40	F	0.00000	0.99999	0.00001	0
41	N	0.00000	0.99999	0.00001	0
42	K	0.00000	0.99973	0.00027	0
43	I	0.00000	0.96888	0.03112	0
44	F	0.00000	0.95633	0.04367	0
45	L	0.00000	0.76739	0.23261	0
46	P	0.00000	0.71849	0.28151	0
47	T	0.00000	0.42973	0.57027	0
48	I	0.00000	0.06388	0.93612	0
49	Y	0.00000	0.01023	0.98977	0
50	S	0.00000	0.00601	0.99399	0
51	I	0.00000	4e-05	0.99996	0
52	I	0.00000	0	1.00000	0
53	F	0.00000	0	1.00000	0
54	L	0.00000	0	1.00000	0
55	T	0.00000	0	1.00000	0
56	G	0.00000	0	1.00000	0
57	I	0.00000	0	1.00000	0
58	V	0.00000	0	1.00000	0
59	G	0.00000	0	1.00000	0
60	N	0.00000	0	1.00000	0
61	G	0.00000	0	1.00000	0
62	L	0.00000	0	1.00000	0
63	V	0.00000	0	1.00000	0
64	I	0.00000	0	1.00000	0
65	L	0.00002	0	0.99998	0
66	V	0.00139	0	0.99861	0
67	M	0.07203	0	0.92797	0
68	G	0.27229	0	0.72771	0
69	Y	0.45306	0	0.54694	0
70	Q	0.97697	0	0.02303	0
71	K	0.99942	0	0.00058	0
72	K	0.99996	0	0.00004	0
73	L	0.99996	0	0.00004	0
74	R	1.00000	0	0.00000	0
75	S	1.00000	0	0.00000	0
76	M	0.99995	0	0.00005	0
77	T	0.99995	0	0.00005	0
78	D	0.99985	0	0.00015	0
79	K	0.98125	0	0.01875	0
80	Y	0.38161	0	0.61839	0
81	R	0.35554	0	0.64446	0
82	L	0.00045	0	0.99955	0
83	H	0.00000	0	1.00000	0
84	L	0.00000	0	1.00000	0
85	S	0.00000	0	1.00000	0
86	V	0.00000	0	1.00000	0
87	A	0.00000	0	1.00000	0
88	D	0.00000	0	1.00000	0
89	L	0.00000	0	1.00000	0
90	L	0.00000	0	1.00000	0
91	F	0.00000	0	1.00000	0
92	V	0.00000	0	1.00000	0
93	I	0.00000	0	1.00000	0
94	T	0.00000	0	1.00000	0
95	L	0.00000	0	1.00000	0
96	P	0.00000	0	1.00000	0
97	F	0.00000	1e-05	0.99999	0
98	W	0.00000	0.00104	0.99896	0
99	A	0.00000	0.01403	0.98597	0
100	V	0.00000	0.09837	0.90163	0
101	D	0.00000	0.9997	0.00030	0
102	A	0.00000	0.9998	0.00020	0
103	V	0.00000	0.99993	0.00007	0
104	A	0.00000	0.99996	0.00004	0
105	N	0.00000	1	0.00000	0
106	W	0.00000	1	0.00000	0
107	Y	0.00000	1	0.00000	0
108	F	0.00000	1	0.00000	0
109	G	0.00000	1	0.00000	0
110	N	0.00000	1	0.00000	0
111	F	0.00000	1	0.00000	0
112	L	0.00000	1	0.00000	0
113	C	0.00000	1	0.00000	0
114	K	0.00000	0.99969	0.00031	0
115	A	0.00000	0.91685	0.08315	0
116	V	0.00000	0.33001	0.66999	0
117	H	0.00000	0.23177	0.76823	0
118	V	0.00000	0.0023	0.99770	0
119	I	0.00000	0.00058	0.99942	0
120	Y	0.00000	0.00034	0.99966	0
121	T	0.00000	3e-05	0.99997	0
122	V	0.00000	0	1.00000	0
123	N	0.00000	0	1.00000	0
124	L	0.00000	0	1.00000	0
125	Y	0.00000	0	1.00000	0
126	S	0.00000	0	1.00000	0
127	S	0.00000	0	1.00000	0
128	V	0.00000	0	1.00000	0
129	L	0.00000	0	1.00000	0
130	I	0.00000	0	1.00000	0
131	L	0.00000	0	1.00000	0
132	A	0.00000	0	1.00000	0
133	F	0.00000	0	1.00000	0
134	I	0.00000	0	1.00000	0
135	S	0.00000	0	1.00000	0
136	L	0.00001	0	0.99999	0
137	D	0.00008	0	0.99992	0
138	R	0.02657	0	0.97343	0
139	Y	0.14632	0	0.85368	0
140	L	0.22590	0	0.77410	0
141	A	0.81378	0	0.18622	0
142	I	0.99987	0	0.00013	0
143	V	1.00000	0	0.00000	0
144	H	1.00000	0	0.00000	0
145	A	1.00000	0	0.00000	0
146	T	1.00000	0	0.00000	0
147	N	1.00000	0	0.00000	0
148	S	1.00000	0	0.00000	0
149	Q	1.00000	0	0.00000	0
150	R	1.00000	0	0.00000	0
151	P	1.00000	0	0.00000	0
152	R	1.00000	0	0.00000	0
153	K	0.99978	0	0.00022	0
154	L	0.91716	0	0.08284	0
155	L	0.90981	0	0.09019	0
156	A	0.90921	0	0.09079	0
157	E	0.90191	0	0.09809	0
158	K	0.82584	0	0.17416	0
159	V	0.17000	0	0.83000	0
160	V	0.02500	0	0.97500	0
161	Y	0.00267	0	0.99733	0
162	V	0.00001	0	0.99999	0
163	G	0.00000	0	1.00000	0
164	V	0.00000	0	1.00000	0
165	W	0.00000	0	1.00000	0
166	I	0.00000	0	1.00000	0
167	P	0.00000	0	1.00000	0
168	A	0.00000	0	1.00000	0
169	L	0.00000	0	1.00000	0
170	L	0.00000	0	1.00000	0
171	L	0.00000	0	1.00000	0
172	T	0.00000	1e-05	0.99999	0
173	I	0.00000	0.00161	0.99839	0
174	P	0.00000	0.04751	0.95249	0
175	D	0.00000	0.08833	0.91167	0
176	F	0.00000	0.08845	0.91155	0
177	I	0.00000	0.08883	0.91117	0
178	F	0.00000	0.09087	0.90913	0
179	A	0.00000	0.13075	0.86925	0
180	N	0.00000	0.56558	0.43442	0
181	V	0.00000	0.73934	0.26066	0
182	S	0.00000	0.95825	0.04175	0
183	E	0.00000	0.99961	0.00039	0
184	A	0.00000	0.99991	0.00009	0
185	D	0.00000	1	0.00000	0
186	D	0.00000	1	0.00000	0
187	R	0.00000	1	0.00000	0
188	Y	0.00000	1	0.00000	0
189	I	0.00000	1	0.00000	0
190	C	0.00000	1	0.00000	0
191	D	0.00000	1	0.00000	0
192	R	0.00000	1	0.00000	0
193	F	0.00000	1	0.00000	0
194	Y	0.00000	1	0.00000	0
195	P	0.00000	1	0.00000	0
196	N	0.00000	1	0.00000	0
197	D	0.00000	1	0.00000	0
198	L	0.00000	0.99972	0.00028	0
199	W	0.00000	0.99739	0.00261	0
200	V	0.00000	0.9954	0.00460	0
201	V	0.00000	0.97681	0.02319	0
202	V	0.00000	0.24258	0.75742	0
203	F	0.00000	0.21862	0.78138	0
204	Q	0.00000	0.1566	0.84340	0
205	F	0.00000	0.04773	0.95227	0
206	Q	0.00000	0.00078	0.99922	0
207	H	0.00000	0.00032	0.99968	0
208	I	0.00000	4e-05	0.99996	0
209	M	0.00000	3e-05	0.99997	0
210	V	0.00000	0	1.00000	0
211	G	0.00000	0	1.00000	0
212	L	0.00000	0	1.00000	0
213	I	0.00000	0	1.00000	0
214	L	0.00000	0	1.00000	0
215	P	0.00000	0	1.00000	0
216	G	0.00000	0	1.00000	0
217	I	0.00000	0	1.00000	0
218	V	0.00000	0	1.00000	0
219	I	0.00000	0	1.00000	0
220	L	0.00000	0	1.00000	0
221	S	0.00000	0	1.00000	0
222	C	0.00001	0	0.99999	0
223	Y	0.00002	0	0.99998	0
224	C	0.00029	0	0.99971	0
225	I	0.00232	0	0.99768	0
226	I	0.01681	0	0.98319	0
227	I	0.20155	0	0.79845	0
228	S	0.97777	0	0.02223	0
229	K	0.99783	0	0.00217	0
230	L	0.99850	0	0.00150	0
231	S	0.99985	0	0.00015	0
232	H	0.99997	0	0.00003	0
233	S	0.99999	0	0.00001	0
234	K	1.00000	0	0.00000	0
235	G	1.00000	0	0.00000	0
236	H	1.00000	0	0.00000	0
237	Q	1.00000	0	0.00000	0
238	K	0.99990	0	0.00010	0
239	R	0.99005	0	0.00995	0
240	K	0.90462	0	0.09538	0
241	A	0.63736	0	0.36264	0
242	L	0.62861	0	0.37139	0
243	K	0.62796	0	0.37204	0
244	T	0.62240	0	0.37760	0
245	T	0.61722	0	0.38278	0
246	V	0.05302	0	0.94698	0
247	I	0.00999	0	0.99001	0
248	L	0.00600	0	0.99400	0
249	I	0.00226	0	0.99774	0
250	L	0.00002	0	0.99998	0
251	A	0.00000	0	1.00000	0
252	F	0.00000	0	1.00000	0
253	F	0.00000	0	1.00000	0
254	A	0.00000	0	1.00000	0
255	C	0.00000	0	1.00000	0
256	W	0.00000	0	1.00000	0
257	L	0.00000	0	1.00000	0
258	P	0.00000	0	1.00000	0
259	Y	0.00000	1e-05	0.99999	0
260	Y	0.00000	6e-05	0.99994	0
261	I	0.00000	0.00289	0.99711	0
262	G	0.00000	0.03652	0.96348	0
263	I	0.00000	0.05776	0.94224	0
264	S	0.00000	0.295	0.70500	0
265	I	0.00000	0.33289	0.66711	0
266	D	0.00000	0.37323	0.62677	0
267	S	0.00000	0.37338	0.62662	0
268	F	0.00000	0.37361	0.62639	0
269	I	0.00000	0.37539	0.62461	0
270	L	0.00000	0.38516	0.61484	0
271	L	0.00000	0.42936	0.57064	0
272	E	0.00000	0.91076	0.08924	0
273	I	0.00000	0.92445	0.07555	0
274	I	0.00000	0.94936	0.05064	0
275	K	0.00000	0.9997	0.00030	0
276	Q	0.00000	0.99998	0.00002	0
277	G	0.00000	1	0.00000	0
278	C	0.00000	1	0.00000	0
279	E	0.00000	1	0.00000	0
280	F	0.00000	0.99998	0.00002	0
281	E	0.00000	0.99998	0.00002	0
282	N	0.00000	0.99985	0.00015	0
283	T	0.00000	0.95995	0.04005	0
284	V	0.00000	0.86825	0.13175	0
285	H	0.00000	0.86361	0.13639	0
286	K	0.00000	0.84485	0.15515	0
287	W	0.00000	0.69561	0.30439	0
288	I	0.00000	0.32418	0.67582	0
289	S	0.00000	0.27092	0.72908	0
290	I	0.00000	0.02159	0.97841	0
291	T	0.00000	0.00537	0.99463	0
292	E	0.00000	0.00116	0.99884	0
293	A	0.00000	1e-05	0.99999	0
294	L	0.00000	0	1.00000	0
295	A	0.00000	0	1.00000	0
296	F	0.00000	0	1.00000	0
297	F	0.00000	0	1.00000	0
298	H	0.00000	0	1.00000	0
299	C	0.00000	0	1.00000	0
300	C	0.00000	0	1.00000	0
301	L	0.00007	0	0.99993	0
302	N	0.00104	0	0.99896	0
303	P	0.00227	0	0.99773	0
304	I	0.00630	0	0.99370	0
305	L	0.01969	0	0.98031	0
306	Y	0.04141	0	0.95859	0
307	A	0.09298	0	0.90702	0
308	F	0.13730	0	0.86270	0
309	L	0.38232	0	0.61768	0
310	G	0.74548	0	0.25452	0
311	A	0.93821	0	0.06179	0
312	K	1.00000	0	0.00000	0
313	F	1.00000	0	0.00000	0
314	K	1.00000	0	0.00000	0
315	T	1.00000	0	0.00000	0
316	S	1.00000	0	0.00000	0
317	A	1.00000	0	0.00000	0
318	Q	1.00000	0	0.00000	0
319	H	1.00000	0	0.00000	0
320	A	1.00000	0	0.00000	0
321	L	1.00000	0	0.00000	0
322	T	1.00000	0	0.00000	0
323	S	1.00000	0	0.00000	0
324	V	1.00000	0	0.00000	0
325	S	1.00000	0	0.00000	0
326	R	1.00000	0	0.00000	0
327	G	1.00000	0	0.00000	0
328	S	1.00000	0	0.00000	0
329	S	1.00000	0	0.00000	0
330	L	1.00000	0	0.00000	0
331	K	1.00000	0	0.00000	0
332	I	1.00000	0	0.00000	0
333	L	1.00000	0	0.00000	0
334	S	1.00000	0	0.00000	0
335	K	1.00000	0	0.00000	0
336	G	1.00000	0	0.00000	0
337	K	1.00000	0	0.00000	0
338	R	1.00000	0	0.00000	0
339	G	1.00000	0	0.00000	0
340	G	1.00000	0	0.00000	0
341	H	1.00000	0	0.00000	0
342	S	1.00000	0	0.00000	0
343	S	1.00000	0	0.00000	0
344	V	1.00000	0	0.00000	0
345	S	1.00000	0	0.00000	0
346	T	1.00000	0	0.00000	0
347	E	1.00000	0	0.00000	0
348	S	1.00000	0	0.00000	0
349	E	1.00000	0	0.00000	0
350	S	1.00000	0	0.00000	0
351	S	1.00000	0	0.00000	0
352	S	1.00000	0	0.00000	0
353	F	1.00000	0	0.00000	0
354	H	1.00000	0	0.00000	0
355	S	1.00000	0	0.00000	0
356	S	1.00000	0	0.00000	0
