# UNNAMED
#pos	aa	i	o	M	S
1	M	0.00000	0.00715	0.00000	0.99285
2	S	0.00000	0.00715	0.00000	0.99285
3	P	0.00000	0.00715	0.00000	0.99285
4	G	0.00000	0.00715	0.00000	0.99285
5	A	0.00000	0.00715	0.00000	0.99284
6	S	0.00000	0.00715	0.00000	0.99285
7	R	0.00000	0.00715	0.00000	0.99285
8	G	0.00000	0.00715	0.00000	0.99284
9	P	0.00000	0.00715	0.00000	0.99284
10	R	0.00000	0.00715	0.00000	0.99285
11	G	0.00000	0.00715	0.00000	0.99285
12	S	0.00000	0.00715	0.00000	0.99284
13	Q	0.00000	0.00715	0.00000	0.99284
14	A	0.00000	0.00715	0.00000	0.99284
15	P	0.00000	0.00715	0.00000	0.99284
16	L	0.00000	0.00715	0.00000	0.99284
17	I	0.00000	0.00715	0.00000	0.99285
18	A	0.00000	0.00715	0.00000	0.99284
19	P	0.00000	0.00715	0.00000	0.99284
20	L	0.00000	0.00715	0.00000	0.99284
21	C	0.00000	0.00715	0.00000	0.99284
22	C	0.00000	0.00715	0.00000	0.99285
23	A	0.00000	0.0073	0.00000	0.99269
24	A	0.00000	0.01206	0.00000	0.98795
25	A	0.00000	0.01312	0.00000	0.98687
26	A	0.00000	0.01898	0.00000	0.98101
27	L	0.00000	0.02978	0.00000	0.97022
28	G	0.00000	0.03235	0.00000	0.96764
29	M	0.00000	0.03244	0.00000	0.96756
30	L	0.00000	0.03244	0.00000	0.96756
31	L	0.00000	0.0343	0.00000	0.9657
32	W	0.00000	0.03431	0.00000	0.96569
33	S	0.00000	0.03435	0.00000	0.96565
34	P	0.00000	0.0344	0.00000	0.9656
35	A	0.00000	0.0344	0.00000	0.9656
36	C	0.00000	0.0344	0.00000	0.9656
37	Q	0.00000	0.0344	0.00000	0.9656
38	A	0.00000	0.46977	0.00000	0.53023
39	F	0.00000	0.99998	0.00000	1e-05
40	N	0.00000	0.99999	0.00000	1e-05
41	L	0.00000	1	0.00000	0
42	D	0.00000	1	0.00000	0
43	V	0.00000	1	0.00000	0
44	E	0.00000	1	0.00000	0
45	K	0.00000	1	0.00000	0
46	L	0.00000	1	0.00000	0
47	T	0.00000	1	0.00000	0
48	V	0.00000	1	0.00000	0
49	Y	0.00000	1	0.00000	0
50	S	0.00000	1	0.00000	0
51	G	0.00000	1	0.00000	0
52	P	0.00000	1	0.00000	0
53	K	0.00000	1	0.00000	0
54	G	0.00000	1	0.00000	0
55	S	0.00000	1	0.00000	0
56	Y	0.00000	1	0.00000	0
57	F	0.00000	1	0.00000	0
58	G	0.00000	1	0.00000	0
59	Y	0.00000	1	0.00000	0
60	A	0.00000	1	0.00000	0
61	V	0.00000	1	0.00000	0
62	D	0.00000	1	0.00000	0
63	F	0.00000	1	0.00000	0
64	H	0.00000	1	0.00000	0
65	I	0.00000	1	0.00000	0
66	P	0.00000	1	0.00000	0
67	D	0.00000	1	0.00000	0
68	A	0.00000	1	0.00000	0
69	R	0.00000	1	0.00000	0
70	T	0.00000	1	0.00000	0
71	A	0.00000	1	0.00000	0
72	S	0.00000	1	0.00000	0
73	V	0.00000	1	0.00000	0
74	L	0.00000	1	0.00000	0
75	V	0.00000	1	0.00000	0
76	G	0.00000	1	0.00000	0
77	A	0.00000	1	0.00000	0
78	P	0.00000	1	0.00000	0
79	K	0.00000	1	0.00000	0
80	A	0.00000	1	0.00000	0
81	N	0.00000	1	0.00000	0
82	T	0.00000	1	0.00000	0
83	S	0.00000	1	0.00000	0
84	Q	0.00000	1	0.00000	0
85	P	0.00000	1	0.00000	0
86	D	0.00000	1	0.00000	0
87	I	0.00000	1	0.00000	0
88	V	0.00000	1	0.00000	0
89	E	0.00000	1	0.00000	0
90	G	0.00000	1	0.00000	0
91	G	0.00000	1	0.00000	0
92	A	0.00000	1	0.00000	0
93	V	0.00000	1	0.00000	0
94	Y	0.00000	1	0.00000	0
95	Y	0.00000	1	0.00000	0
96	C	0.00000	1	0.00000	0
97	P	0.00000	1	0.00000	0
98	W	0.00000	1	0.00000	0
99	P	0.00000	1	0.00000	0
100	A	0.00000	1	0.00000	0
101	E	0.00000	1	0.00000	0
102	G	0.00000	1	0.00000	0
103	S	0.00000	1	0.00000	0
104	A	0.00000	1	0.00000	0
105	Q	0.00000	1	0.00000	0
106	C	0.00000	1	0.00000	0
107	R	0.00000	1	0.00000	0
108	Q	0.00000	1	0.00000	0
109	I	0.00000	1	0.00000	0
110	P	0.00000	1	0.00000	0
111	F	0.00000	1	0.00000	0
112	D	0.00000	1	0.00000	0
113	T	0.00000	1	0.00000	0
114	T	0.00000	1	0.00000	0
115	N	0.00000	1	0.00000	0
116	N	0.00000	1	0.00000	0
117	R	0.00000	1	0.00000	0
118	K	0.00000	1	0.00000	0
119	I	0.00000	1	0.00000	0
120	R	0.00000	1	0.00000	0
121	V	0.00000	1	0.00000	0
122	N	0.00000	1	0.00000	0
123	G	0.00000	1	0.00000	0
124	T	0.00000	1	0.00000	0
125	K	0.00000	1	0.00000	0
126	E	0.00000	1	0.00000	0
127	P	0.00000	1	0.00000	0
128	I	0.00000	1	0.00000	0
129	E	0.00000	1	0.00000	0
130	F	0.00000	1	0.00000	0
131	K	0.00000	1	0.00000	0
132	S	0.00000	1	0.00000	0
133	N	0.00000	1	0.00000	0
134	Q	0.00000	1	0.00000	0
135	W	0.00000	1	0.00000	0
136	F	0.00000	1	0.00000	0
137	G	0.00000	1	0.00000	0
138	A	0.00000	1	0.00000	0
139	T	0.00000	1	0.00000	0
140	V	0.00000	1	0.00000	0
141	K	0.00000	1	0.00000	0
142	A	0.00000	1	0.00000	0
143	H	0.00000	1	0.00000	0
144	K	0.00000	1	0.00000	0
145	G	0.00000	1	0.00000	0
146	K	0.00000	1	0.00000	0
147	V	0.00000	1	0.00000	0
148	V	0.00000	1	0.00000	0
149	A	0.00000	1	0.00000	0
150	C	0.00000	1	0.00000	0
151	A	0.00000	1	0.00000	0
152	P	0.00000	1	0.00000	0
153	L	0.00000	1	0.00000	0
154	Y	0.00000	1	0.00000	0
155	H	0.00000	1	0.00000	0
156	W	0.00000	1	0.00000	0
157	R	0.00000	1	0.00000	0
158	T	0.00000	1	0.00000	0
159	L	0.00000	1	0.00000	0
160	K	0.00000	1	0.00000	0
161	P	0.00000	1	0.00000	0
162	T	0.00000	1	0.00000	0
163	P	0.00000	1	0.00000	0
164	E	0.00000	1	0.00000	0
165	K	0.00000	1	0.00000	0
166	D	0.00000	1	0.00000	0
167	P	0.00000	1	0.00000	0
168	V	0.00000	1	0.00000	0
169	G	0.00000	1	0.00000	0
170	T	0.00000	1	0.00000	0
171	C	0.00000	1	0.00000	0
172	Y	0.00000	1	0.00000	0
173	V	0.00000	1	0.00000	0
174	A	0.00000	1	0.00000	0
175	I	0.00000	1	0.00000	0
176	Q	0.00000	1	0.00000	0
177	N	0.00000	1	0.00000	0
178	F	0.00000	1	0.00000	0
179	S	0.00000	1	0.00000	0
180	A	0.00000	1	0.00000	0
181	Y	0.00000	1	0.00000	0
182	A	0.00000	1	0.00000	0
183	E	0.00000	1	0.00000	0
184	F	0.00000	1	0.00000	0
185	S	0.00000	1	0.00000	0
186	P	0.00000	1	0.00000	0
187	C	0.00000	1	0.00000	0
188	R	0.00000	1	0.00000	0
189	N	0.00000	1	0.00000	0
190	S	0.00000	1	0.00000	0
191	N	0.00000	1	0.00000	0
192	A	0.00000	1	0.00000	0
193	D	0.00000	1	0.00000	0
194	P	0.00000	1	0.00000	0
195	E	0.00000	1	0.00000	0
196	G	0.00000	1	0.00000	0
197	Q	0.00000	1	0.00000	0
198	G	0.00000	1	0.00000	0
199	Y	0.00000	1	0.00000	0
200	C	0.00000	1	0.00000	0
201	Q	0.00000	1	0.00000	0
202	A	0.00000	1	0.00000	0
203	G	0.00000	1	0.00000	0
204	F	0.00000	1	0.00000	0
205	S	0.00000	1	0.00000	0
206	L	0.00000	1	0.00000	0
207	D	0.00000	1	0.00000	0
208	F	0.00000	1	0.00000	0
209	Y	0.00000	1	0.00000	0
210	K	0.00000	1	0.00000	0
211	N	0.00000	1	0.00000	0
212	G	0.00000	1	0.00000	0
213	D	0.00000	1	0.00000	0
214	L	0.00000	1	0.00000	0
215	I	0.00000	1	0.00000	0
216	V	0.00000	1	0.00000	0
217	G	0.00000	1	0.00000	0
218	G	0.00000	1	0.00000	0
219	P	0.00000	1	0.00000	0
220	G	0.00000	1	0.00000	0
221	S	0.00000	1	0.00000	0
222	F	0.00000	1	0.00000	0
223	Y	0.00000	1	0.00000	0
224	W	0.00000	1	0.00000	0
225	Q	0.00000	1	0.00000	0
226	G	0.00000	1	0.00000	0
227	Q	0.00000	1	0.00000	0
228	V	0.00000	1	0.00000	0
229	I	0.00000	1	0.00000	0
230	T	0.00000	1	0.00000	0
231	A	0.00000	1	0.00000	0
232	S	0.00000	1	0.00000	0
233	V	0.00000	1	0.00000	0
234	A	0.00000	1	0.00000	0
235	D	0.00000	1	0.00000	0
236	I	0.00000	1	0.00000	0
237	I	0.00000	1	0.00000	0
238	A	0.00000	1	0.00000	0
239	N	0.00000	1	0.00000	0
240	Y	0.00000	1	0.00000	0
241	S	0.00000	1	0.00000	0
242	F	0.00000	1	0.00000	0
243	K	0.00000	1	0.00000	0
244	D	0.00000	1	0.00000	0
245	I	0.00000	1	0.00000	0
246	L	0.00000	1	0.00000	0
247	R	0.00000	1	0.00000	0
248	K	0.00000	1	0.00000	0
249	L	0.00000	1	0.00000	0
250	A	0.00000	1	0.00000	0
251	G	0.00000	1	0.00000	0
252	E	0.00000	1	0.00000	0
253	K	0.00000	1	0.00000	0
254	Q	0.00000	1	0.00000	0
255	T	0.00000	1	0.00000	0
256	E	0.00000	1	0.00000	0
257	V	0.00000	1	0.00000	0
258	A	0.00000	1	0.00000	0
259	P	0.00000	1	0.00000	0
260	A	0.00000	1	0.00000	0
261	S	0.00000	1	0.00000	0
262	Y	0.00000	1	0.00000	0
263	D	0.00000	1	0.00000	0
264	D	0.00000	1	0.00000	0
265	S	0.00000	1	0.00000	0
266	Y	0.00000	1	0.00000	0
267	L	0.00000	1	0.00000	0
268	G	0.00000	1	0.00000	0
269	Y	0.00000	1	0.00000	0
270	S	0.00000	1	0.00000	0
271	V	0.00000	1	0.00000	0
272	A	0.00000	1	0.00000	0
273	A	0.00000	1	0.00000	0
274	G	0.00000	1	0.00000	0
275	E	0.00000	1	0.00000	0
276	F	0.00000	1	0.00000	0
277	T	0.00000	1	0.00000	0
278	G	0.00000	1	0.00000	0
279	D	0.00000	1	0.00000	0
280	S	0.00000	1	0.00000	0
281	Q	0.00000	1	0.00000	0
282	Q	0.00000	1	0.00000	0
283	E	0.00000	1	0.00000	0
284	L	0.00000	1	0.00000	0
285	V	0.00000	1	0.00000	0
286	A	0.00000	1	0.00000	0
287	G	0.00000	1	0.00000	0
288	I	0.00000	1	0.00000	0
289	P	0.00000	1	0.00000	0
290	R	0.00000	1	0.00000	0
291	G	0.00000	1	0.00000	0
292	A	0.00000	1	0.00000	0
293	Q	0.00000	1	0.00000	0
294	N	0.00000	1	0.00000	0
295	F	0.00000	1	0.00000	0
296	G	0.00000	1	0.00000	0
297	Y	0.00000	1	0.00000	0
298	V	0.00000	1	0.00000	0
299	S	0.00000	1	0.00000	0
300	I	0.00000	1	0.00000	0
301	I	0.00000	1	0.00000	0
302	N	0.00000	1	0.00000	0
303	S	0.00000	1	0.00000	0
304	T	0.00000	1	0.00000	0
305	D	0.00000	1	0.00000	0
306	M	0.00000	1	0.00000	0
307	T	0.00000	1	0.00000	0
308	F	0.00000	1	0.00000	0
309	I	0.00000	1	0.00000	0
310	Q	0.00000	1	0.00000	0
311	N	0.00000	1	0.00000	0
312	F	0.00000	1	0.00000	0
313	T	0.00000	1	0.00000	0
314	G	0.00000	1	0.00000	0
315	E	0.00000	1	0.00000	0
316	Q	0.00000	1	0.00000	0
317	M	0.00000	1	0.00000	0
318	A	0.00000	1	0.00000	0
319	S	0.00000	1	0.00000	0
320	Y	0.00000	0.99996	0.00004	0
321	F	0.00000	0.99994	0.00006	0
322	G	0.00000	0.99993	0.00007	0
323	Y	0.00000	0.99991	0.00009	0
324	T	0.00000	0.99991	0.00009	0
325	V	0.00000	0.99991	0.00009	0
326	V	0.00000	0.99991	0.00009	0
327	V	0.00000	0.99991	0.00009	0
328	S	0.00000	0.99991	0.00009	0
329	D	0.00000	0.99991	0.00009	0
330	V	0.00000	0.99991	0.00009	0
331	N	0.00000	0.99991	0.00009	0
332	S	0.00000	0.99991	0.00009	0
333	D	0.00000	0.99991	0.00009	0
334	G	0.00000	0.99991	0.00009	0
335	L	0.00000	0.99991	0.00009	0
336	D	0.00000	0.99991	0.00009	0
337	D	0.00000	0.99991	0.00009	0
338	V	0.00000	0.99991	0.00009	0
339	L	0.00000	0.99991	0.00009	0
340	V	0.00000	0.99991	0.00009	0
341	G	0.00000	0.99991	0.00009	0
342	A	0.00000	0.99991	0.00009	0
343	P	0.00000	0.99991	0.00009	0
344	L	0.00000	0.99991	0.00009	0
345	F	0.00000	0.99991	0.00009	0
346	M	0.00002	0.99991	0.00007	0
347	E	0.00009	0.99991	0.00000	0
348	R	0.00009	0.99991	0.00000	0
349	E	0.00009	0.99991	0.00000	0
350	F	0.00009	0.99991	0.00000	0
351	E	0.00009	0.99991	0.00000	0
352	S	0.00009	0.99991	0.00000	0
353	N	0.00009	0.99991	0.00000	0
354	P	0.00009	0.99991	0.00000	0
355	R	0.00009	0.99991	0.00000	0
356	E	0.00009	0.99991	0.00000	0
357	V	0.00008	0.99991	0.00001	0
358	G	0.00008	0.99991	0.00001	0
359	Q	0.00004	0.99991	0.00005	0
360	I	0.00000	0.99991	0.00009	0
361	Y	0.00000	0.99991	0.00009	0
362	L	0.00000	0.99991	0.00009	0
363	Y	0.00000	0.99991	0.00009	0
364	L	0.00000	0.99991	0.00009	0
365	Q	0.00000	0.99991	0.00009	0
366	V	0.00000	0.99991	0.00009	0
367	S	0.00000	0.99991	0.00009	0
368	S	0.00000	0.99991	0.00009	0
369	L	0.00000	0.99991	0.00009	0
370	L	0.00000	0.99991	0.00009	0
371	F	0.00000	0.99991	0.00009	0
372	R	0.00000	0.99991	0.00009	0
373	D	0.00000	0.99991	0.00009	0
374	P	0.00000	0.99991	0.00009	0
375	Q	0.00000	0.99991	0.00009	0
376	I	0.00000	0.99991	0.00009	0
377	L	0.00000	0.99991	0.00009	0
378	T	0.00000	0.99992	0.00008	0
379	G	0.00000	1	0.00000	0
380	T	0.00000	1	0.00000	0
381	E	0.00000	1	0.00000	0
382	T	0.00000	1	0.00000	0
383	F	0.00000	1	0.00000	0
384	G	0.00000	1	0.00000	0
385	R	0.00000	1	0.00000	0
386	F	0.00000	1	0.00000	0
387	G	0.00000	1	0.00000	0
388	S	0.00000	1	0.00000	0
389	A	0.00000	1	0.00000	0
390	M	0.00000	1	0.00000	0
391	A	0.00000	1	0.00000	0
392	H	0.00000	1	0.00000	0
393	L	0.00000	1	0.00000	0
394	G	0.00000	1	0.00000	0
395	D	0.00000	1	0.00000	0
396	L	0.00000	1	0.00000	0
397	N	0.00000	1	0.00000	0
398	Q	0.00000	1	0.00000	0
399	D	0.00000	0.99993	0.00007	0
400	G	0.00000	0.99991	0.00009	0
401	Y	0.00000	0.99991	0.00009	0
402	N	0.00000	0.99991	0.00009	0
403	D	0.00000	0.99991	0.00009	0
404	I	0.00000	0.99991	0.00009	0
405	A	0.00000	0.99991	0.00009	0
406	I	0.00000	0.99991	0.00009	0
407	G	0.00000	0.99991	0.00009	0
408	V	0.00000	0.99991	0.00009	0
409	P	0.00000	0.99991	0.00009	0
410	F	0.00000	0.99991	0.00009	0
411	A	0.00000	0.99991	0.00009	0
412	G	0.00000	0.99991	0.00009	0
413	K	0.00000	0.99991	0.00009	0
414	D	0.00000	0.99991	0.00009	0
415	Q	0.00000	0.99991	0.00009	0
416	R	0.00000	0.99991	0.00009	0
417	G	0.00000	0.99991	0.00009	0
418	K	0.00006	0.99991	0.00003	0
419	V	0.00009	0.99991	0.00000	0
420	L	0.00009	0.99991	0.00000	0
421	I	0.00009	0.99991	0.00000	0
422	Y	0.00009	0.99991	0.00000	0
423	N	0.00009	0.99991	0.00000	0
424	G	0.00009	0.99991	0.00000	0
425	N	0.00009	0.99991	0.00000	0
426	K	0.00009	0.99991	0.00000	0
427	D	0.00009	0.99991	0.00000	0
428	G	0.00009	0.99991	0.00000	0
429	L	0.00009	0.99991	0.00000	0
430	N	0.00009	0.99991	0.00000	0
431	T	0.00009	0.99991	0.00000	0
432	K	0.00009	0.99991	0.00000	0
433	P	0.00009	0.99991	0.00000	0
434	S	0.00008	0.99991	0.00001	0
435	Q	0.00007	0.99991	0.00002	0
436	V	0.00000	0.99991	0.00009	0
437	L	0.00000	0.99991	0.00009	0
438	Q	0.00000	0.99991	0.00009	0
439	G	0.00000	0.99991	0.00009	0
440	V	0.00000	0.99991	0.00009	0
441	W	0.00000	0.99991	0.00009	0
442	A	0.00000	0.99991	0.00009	0
443	S	0.00000	0.99991	0.00009	0
444	H	0.00000	0.99991	0.00009	0
445	A	0.00000	0.99991	0.00009	0
446	V	0.00000	0.99991	0.00009	0
447	P	0.00000	0.99991	0.00009	0
448	S	0.00000	0.99991	0.00009	0
449	G	0.00000	0.99991	0.00009	0
450	F	0.00000	0.99991	0.00009	0
451	G	0.00000	0.99991	0.00009	0
452	F	0.00000	0.99991	0.00009	0
453	T	0.00000	0.99991	0.00009	0
454	L	0.00000	0.99991	0.00009	0
455	R	0.00000	0.99996	0.00004	0
456	G	0.00000	0.99997	0.00003	0
457	D	0.00000	1	0.00000	0
458	S	0.00000	1	0.00000	0
459	D	0.00000	1	0.00000	0
460	I	0.00000	1	0.00000	0
461	D	0.00000	1	0.00000	0
462	K	0.00000	1	0.00000	0
463	N	0.00000	1	0.00000	0
464	D	0.00000	1	0.00000	0
465	Y	0.00000	1	0.00000	0
466	P	0.00000	1	0.00000	0
467	D	0.00000	1	0.00000	0
468	L	0.00000	1	0.00000	0
469	I	0.00000	1	0.00000	0
470	V	0.00000	1	0.00000	0
471	G	0.00000	1	0.00000	0
472	A	0.00000	1	0.00000	0
473	F	0.00000	1	0.00000	0
474	G	0.00000	1	0.00000	0
475	T	0.00000	1	0.00000	0
476	G	0.00000	1	0.00000	0
477	K	0.00000	1	0.00000	0
478	V	0.00000	1	0.00000	0
479	A	0.00000	0.99992	0.00008	0
480	V	0.00000	0.99991	0.00009	0
481	Y	0.00000	0.99991	0.00009	0
482	R	0.00000	0.99991	0.00009	0
483	A	0.00000	0.99991	0.00009	0
484	R	0.00000	0.99991	0.00009	0
485	P	0.00000	0.99991	0.00009	0
486	V	0.00000	0.99991	0.00009	0
487	V	0.00000	0.99991	0.00009	0
488	T	0.00000	0.99991	0.00009	0
489	V	0.00000	0.99991	0.00009	0
490	D	0.00000	0.99991	0.00009	0
491	A	0.00000	0.99991	0.00009	0
492	Q	0.00000	0.99991	0.00009	0
493	L	0.00000	0.99991	0.00009	0
494	L	0.00000	0.99991	0.00009	0
495	L	0.00000	0.99991	0.00009	0
496	H	0.00000	0.99991	0.00009	0
497	P	0.00000	0.99991	0.00009	0
498	M	0.00000	0.99991	0.00009	0
499	I	0.00000	0.99991	0.00009	0
500	I	0.00000	0.99991	0.00009	0
501	N	0.00003	0.99991	0.00006	0
502	L	0.00003	0.99991	0.00006	0
503	E	0.00009	0.99991	0.00000	0
504	N	0.00009	0.99991	0.00000	0
505	K	0.00009	0.99991	0.00000	0
506	T	0.00009	0.99991	0.00000	0
507	C	0.00009	0.99991	0.00000	0
508	Q	0.00009	0.99991	0.00000	0
509	V	0.00009	0.99991	0.00000	0
510	P	0.00009	0.99991	0.00000	0
511	D	0.00009	0.99991	0.00000	0
512	S	0.00009	0.99991	0.00000	0
513	M	0.00009	0.99991	0.00000	0
514	T	0.00009	0.99991	0.00000	0
515	S	0.00009	0.99991	0.00000	0
516	A	0.00009	0.99991	0.00000	0
517	A	0.00008	0.99991	0.00001	0
518	C	0.00004	0.99991	0.00005	0
519	F	0.00001	0.99991	0.00008	0
520	S	0.00001	0.99991	0.00008	0
521	L	0.00000	0.99991	0.00009	0
522	R	0.00000	0.99991	0.00009	0
523	V	0.00000	0.99991	0.00009	0
524	C	0.00000	0.99991	0.00009	0
525	A	0.00000	0.99991	0.00009	0
526	S	0.00000	0.99991	0.00009	0
527	V	0.00000	0.99991	0.00009	0
528	T	0.00000	0.99991	0.00009	0
529	G	0.00000	0.99991	0.00009	0
530	Q	0.00000	0.99991	0.00009	0
531	S	0.00000	0.99991	0.00009	0
532	I	0.00000	0.99991	0.00009	0
533	A	0.00000	0.99991	0.00009	0
534	N	0.00000	0.99991	0.00009	0
535	T	0.00000	0.99991	0.00009	0
536	I	0.00000	0.99991	0.00009	0
537	V	0.00000	0.99991	0.00009	0
538	L	0.00000	0.99991	0.00009	0
539	M	0.00000	0.99991	0.00009	0
540	A	0.00000	0.99992	0.00008	0
541	E	0.00000	0.99998	0.00002	0
542	V	0.00000	0.99998	0.00002	0
543	Q	0.00000	0.99999	0.00001	0
544	L	0.00000	1	0.00000	0
545	D	0.00000	1	0.00000	0
546	S	0.00000	1	0.00000	0
547	L	0.00000	1	0.00000	0
548	K	0.00000	1	0.00000	0
549	Q	0.00000	1	0.00000	0
550	K	0.00000	1	0.00000	0
551	G	0.00000	0.99999	0.00001	0
552	A	0.00000	0.99993	0.00007	0
553	I	0.00000	0.99991	0.00009	0
554	K	0.00000	0.99991	0.00009	0
555	R	0.00000	0.99991	0.00009	0
556	T	0.00000	0.99991	0.00009	0
557	L	0.00000	0.99991	0.00009	0
558	F	0.00000	0.99991	0.00009	0
559	L	0.00000	0.99991	0.00009	0
560	D	0.00000	0.99991	0.00009	0
561	N	0.00000	0.99991	0.00009	0
562	H	0.00000	0.99991	0.00009	0
563	Q	0.00000	0.99991	0.00009	0
564	A	0.00000	0.99991	0.00009	0
565	H	0.00000	0.99991	0.00009	0
566	R	0.00000	0.99991	0.00009	0
567	V	0.00000	0.99991	0.00009	0
568	F	0.00000	0.99991	0.00009	0
569	P	0.00000	0.99991	0.00009	0
570	L	0.00000	0.99991	0.00009	0
571	V	0.00000	0.99991	0.00009	0
572	I	0.00001	0.99991	0.00008	0
573	K	0.00009	0.99991	0.00000	0
574	R	0.00009	0.99991	0.00000	0
575	Q	0.00009	0.99991	0.00000	0
576	K	0.00009	0.99991	0.00000	0
577	S	0.00009	0.99991	0.00000	0
578	H	0.00009	0.99991	0.00000	0
579	Q	0.00009	0.99991	0.00000	0
580	C	0.00009	0.99991	0.00000	0
581	Q	0.00009	0.99991	0.00000	0
582	D	0.00009	0.99991	0.00000	0
583	F	0.00009	0.99991	0.00000	0
584	I	0.00009	0.99991	0.00000	0
585	V	0.00009	0.99991	0.00000	0
586	Y	0.00009	0.99991	0.00000	0
587	L	0.00009	0.99991	0.00000	0
588	R	0.00009	0.99991	0.00000	0
589	D	0.00009	0.99991	0.00000	0
590	E	0.00009	0.99991	0.00000	0
591	T	0.00009	0.99991	0.00000	0
592	E	0.00009	0.99991	0.00000	0
593	F	0.00009	0.99991	0.00000	0
594	R	0.00009	0.99991	0.00000	0
595	D	0.00009	0.99991	0.00000	0
596	K	0.00009	0.99991	0.00000	0
597	L	0.00009	0.99991	0.00000	0
598	S	0.00009	0.99991	0.00000	0
599	P	0.00009	0.99991	0.00000	0
600	I	0.00009	0.99991	0.00000	0
601	N	0.00009	0.99991	0.00000	0
602	I	0.00009	0.99991	0.00000	0
603	S	0.00009	0.99991	0.00000	0
604	L	0.00009	0.99991	0.00000	0
605	N	0.00009	0.99991	0.00000	0
606	Y	0.00009	0.99991	0.00000	0
607	S	0.00009	0.99991	0.00000	0
608	L	0.00009	0.99991	0.00000	0
609	D	0.00009	0.99991	0.00000	0
610	E	0.00009	0.99991	0.00000	0
611	S	0.00009	0.99991	0.00000	0
612	T	0.00009	0.99991	0.00000	0
613	F	0.00009	0.99991	0.00000	0
614	K	0.00009	0.99991	0.00000	0
615	E	0.00009	0.99991	0.00000	0
616	G	0.00009	0.99991	0.00000	0
617	L	0.00009	0.99991	0.00000	0
618	E	0.00009	0.99991	0.00000	0
619	V	0.00009	0.99991	0.00000	0
620	K	0.00009	0.99991	0.00000	0
621	P	0.00009	0.99991	0.00000	0
622	I	0.00009	0.99991	0.00000	0
623	L	0.00009	0.99991	0.00000	0
624	N	0.00009	0.99991	0.00000	0
625	Y	0.00009	0.99991	0.00000	0
626	Y	0.00009	0.99991	0.00000	0
627	R	0.00009	0.99991	0.00000	0
628	E	0.00009	0.99991	0.00000	0
629	N	0.00009	0.99991	0.00000	0
630	I	0.00009	0.99991	0.00000	0
631	V	0.00009	0.99991	0.00000	0
632	S	0.00009	0.99991	0.00000	0
633	E	0.00009	0.99991	0.00000	0
634	Q	0.00009	0.99991	0.00000	0
635	A	0.00009	0.99991	0.00000	0
636	H	0.00009	0.99991	0.00000	0
637	I	0.00009	0.99991	0.00000	0
638	L	0.00009	0.99991	0.00000	0
639	V	0.00009	0.99991	0.00000	0
640	D	0.00009	0.99991	0.00000	0
641	C	0.00009	0.99991	0.00000	0
642	G	0.00009	0.99991	0.00000	0
643	E	0.00009	0.99991	0.00000	0
644	D	0.00009	0.99991	0.00000	0
645	N	0.00009	0.99991	0.00000	0
646	L	0.00009	0.99991	0.00000	0
647	C	0.00009	0.99991	0.00000	0
648	V	0.00009	0.99991	0.00000	0
649	P	0.00009	0.99991	0.00000	0
650	D	0.00009	0.99991	0.00000	0
651	L	0.00009	0.99991	0.00000	0
652	K	0.00009	0.99991	0.00000	0
653	L	0.00009	0.99991	0.00000	0
654	S	0.00009	0.99991	0.00000	0
655	A	0.00009	0.99991	0.00000	0
656	R	0.00009	0.99991	0.00000	0
657	P	0.00009	0.99991	0.00000	0
658	D	0.00009	0.99991	0.00000	0
659	K	0.00009	0.99991	0.00000	0
660	H	0.00009	0.99991	0.00000	0
661	Q	0.00009	0.99991	0.00000	0
662	V	0.00009	0.99991	0.00000	0
663	I	0.00009	0.99991	0.00000	0
664	I	0.00009	0.99991	0.00000	0
665	G	0.00009	0.99991	0.00000	0
666	D	0.00009	0.99991	0.00000	0
667	E	0.00009	0.99991	0.00000	0
668	N	0.00009	0.99991	0.00000	0
669	H	0.00009	0.99991	0.00000	0
670	L	0.00009	0.99991	0.00000	0
671	M	0.00009	0.99991	0.00000	0
672	L	0.00009	0.99991	0.00000	0
673	I	0.00009	0.99991	0.00000	0
674	I	0.00009	0.99991	0.00000	0
675	N	0.00009	0.99991	0.00000	0
676	A	0.00009	0.99991	0.00000	0
677	R	0.00009	0.99991	0.00000	0
678	N	0.00009	0.99991	0.00000	0
679	E	0.00009	0.99991	0.00000	0
680	G	0.00009	0.99991	0.00000	0
681	E	0.00009	0.99991	0.00000	0
682	G	0.00009	0.9999	0.00001	0
683	A	0.00009	0.9999	0.00001	0
684	Y	0.00009	0.9999	0.00001	0
685	E	0.00009	0.9999	0.00001	0
686	A	0.00009	0.9999	0.00001	0
687	E	0.00009	0.9999	0.00001	0
688	L	0.00009	0.9999	0.00001	0
689	F	0.00009	0.9999	0.00001	0
690	V	0.00009	0.9999	0.00001	0
691	M	0.00009	0.9999	0.00001	0
692	I	0.00009	0.9999	0.00001	0
693	P	0.00009	0.9999	0.00001	0
694	E	0.00009	0.9999	0.00001	0
695	E	0.00009	0.9999	0.00001	0
696	A	0.00009	0.9999	0.00001	0
697	D	0.00009	0.9999	0.00001	0
698	Y	0.00009	0.9999	0.00001	0
699	V	0.00009	0.9999	0.00001	0
700	G	0.00009	0.9999	0.00001	0
701	I	0.00009	0.9999	0.00001	0
702	E	0.00009	0.9999	0.00000	0
703	R	0.00010	0.9999	0.00000	0
704	N	0.00010	0.9999	0.00000	0
705	N	0.00010	0.9999	0.00000	0
706	K	0.00010	0.9999	0.00000	0
707	G	0.00010	0.9999	0.00000	0
708	F	0.00010	0.9999	0.00000	0
709	R	0.00010	0.9999	0.00000	0
710	P	0.00010	0.9999	0.00000	0
711	L	0.00010	0.9999	0.00000	0
712	S	0.00010	0.9999	0.00000	0
713	C	0.00009	0.9999	0.00000	0
714	E	0.00009	0.9999	0.00000	0
715	Y	0.00009	0.9999	0.00001	0
716	K	0.00009	0.9999	0.00001	0
717	M	0.00009	0.9999	0.00001	0
718	E	0.00009	0.9999	0.00001	0
719	N	0.00009	0.99979	0.00012	0
720	V	0.00009	0.99659	0.00332	0
721	T	0.00009	0.99545	0.00446	0
722	R	0.00009	0.99537	0.00454	0
723	M	0.00009	0.99537	0.00454	0
724	V	0.00009	0.99537	0.00454	0
725	V	0.00009	0.99537	0.00454	0
726	C	0.00009	0.99537	0.00454	0
727	D	0.00009	0.99537	0.00454	0
728	L	0.00009	0.99513	0.00478	0
729	G	0.00009	0.99511	0.00480	0
730	N	0.00009	0.99511	0.00480	0
731	P	0.00009	0.99511	0.00480	0
732	M	0.00009	0.99508	0.00483	0
733	V	0.00009	0.99507	0.00484	0
734	S	0.00009	0.99481	0.00510	0
735	G	0.00009	0.99432	0.00559	0
736	T	0.00009	0.99356	0.00635	0
737	N	0.00009	0.99326	0.00665	0
738	Y	0.00009	0.98836	0.01155	0
739	S	0.00009	0.98273	0.01718	0
740	L	0.00009	0.95286	0.04705	0
741	G	0.00018	0.9408	0.05902	0
742	L	0.00036	0.92387	0.07577	0
743	R	0.00432	0.90472	0.09096	0
744	F	0.00432	0.0407	0.95497	0
745	A	0.00437	0.00919	0.98644	0
746	V	0.00441	0.00765	0.98794	0
747	P	0.00485	0.00681	0.98834	0
748	R	0.00488	0.00614	0.98898	0
749	L	0.00488	0.00603	0.98909	0
750	E	0.00488	0.00603	0.98910	0
751	K	0.00487	0.00603	0.98910	0
752	T	0.00462	0.00603	0.98935	0
753	N	0.00180	0.00603	0.99217	0
754	M	0.00075	0.00603	0.99322	0
755	S	0.00069	0.00603	0.99328	0
756	I	0.00032	0.00603	0.99366	0
757	N	0.00028	0.00603	0.99370	0
758	F	0.00018	0.00603	0.99380	0
759	D	0.00444	0.00603	0.98953	0
760	L	0.00460	0.00603	0.98937	0
761	Q	0.01147	0.00603	0.98250	0
762	I	0.01244	0.00603	0.98154	0
763	R	0.60694	0.00603	0.38703	0
764	S	0.74019	0.00603	0.25379	0
765	S	0.90212	0.00603	0.09185	0
766	N	0.96732	0.00603	0.02666	0
767	K	0.98875	0.00603	0.00523	0
768	D	0.98918	0.00603	0.00479	0
769	N	0.98918	0.00603	0.00479	0
770	P	0.98918	0.00603	0.00479	0
771	D	0.97568	0.00684	0.01749	0
772	S	0.95787	0.00827	0.03386	0
773	N	0.86426	0.00833	0.12741	0
774	F	0.79091	0.00843	0.20066	0
775	V	0.77435	0.00996	0.21569	0
776	S	0.71031	0.00997	0.27972	0
777	L	0.02553	0.00998	0.96449	0
778	Q	0.00462	0.01011	0.98527	0
779	I	0.00014	0.01023	0.98963	0
780	N	0.00009	0.01051	0.98939	0
781	I	0.00009	0.01053	0.98938	0
782	T	0.00009	0.01069	0.98922	0
783	A	0.00009	0.01077	0.98914	0
784	V	0.00009	0.01078	0.98913	0
785	A	0.00009	0.01079	0.98912	0
786	Q	0.00009	0.01081	0.98910	0
787	V	0.00009	0.01081	0.98910	0
788	E	0.00009	0.01082	0.98909	0
789	I	0.00009	0.01091	0.98900	0
790	R	0.00009	0.01468	0.98523	0
791	G	0.00009	0.0251	0.97481	0
792	V	0.00009	0.03565	0.96426	0
793	S	0.00009	0.12058	0.87933	0
794	H	0.00009	0.17444	0.82547	0
795	P	0.00009	0.17537	0.82454	0
796	P	0.00009	0.17871	0.82120	0
797	Q	0.00009	0.18398	0.81593	0
798	I	0.00009	0.18661	0.81330	0
799	V	0.00009	0.23864	0.76127	0
800	L	0.00009	0.99827	0.00164	0
801	P	0.00009	0.9999	0.00000	0
802	I	0.00009	0.99991	0.00000	0
803	H	0.00009	0.99991	0.00000	0
804	N	0.00009	0.99991	0.00000	0
805	W	0.00009	0.99991	0.00000	0
806	E	0.00009	0.99991	0.00000	0
807	P	0.00009	0.99991	0.00000	0
808	E	0.00009	0.99991	0.00000	0
809	E	0.00009	0.99991	0.00000	0
810	E	0.00009	0.99991	0.00000	0
811	P	0.00009	0.99991	0.00000	0
812	H	0.00009	0.99991	0.00000	0
813	K	0.00009	0.99991	0.00000	0
814	E	0.00009	0.99991	0.00000	0
815	E	0.00009	0.99991	0.00000	0
816	E	0.00009	0.99991	0.00000	0
817	V	0.00009	0.00617	0.99374	0
818	G	0.00009	0.00617	0.99374	0
819	P	0.00009	0.00616	0.99375	0
820	L	0.00009	0.00614	0.99376	0
821	V	0.00009	0.00577	0.99414	0
822	E	0.00009	0.00575	0.99416	0
823	H	0.00009	0.00546	0.99445	0
824	I	0.00009	0.00025	0.99966	0
825	Y	0.00009	0.00022	0.99969	0
826	E	0.00009	0.00021	0.99969	0
827	L	0.00009	0.00018	0.99972	0
828	H	0.00009	0.00016	0.99975	0
829	N	0.00009	0.00016	0.99975	0
830	I	0.00009	0.00014	0.99977	0
831	G	0.00009	0.00014	0.99977	0
832	P	0.00009	0.00014	0.99977	0
833	S	0.00009	4e-05	0.99987	0
834	T	0.00009	1e-05	0.99990	0
835	I	0.00009	0	0.99991	0
836	S	0.00009	0	0.99991	0
837	D	0.00009	0	0.99991	0
838	T	0.55556	0	0.44444	0
839	I	0.91883	0	0.08117	0
840	L	0.98983	0	0.01017	0
841	E	0.99132	0	0.00868	0
842	V	0.99393	0	0.00607	0
843	G	0.99463	0	0.00537	0
844	W	0.99630	0	0.00370	0
845	P	0.99842	0	0.00158	0
846	F	0.99849	0	0.00151	0
847	S	0.99970	0	0.00030	0
848	A	0.99976	0	0.00023	0
849	R	0.99986	0	0.00014	0
850	D	0.99982	0	0.00018	0
851	E	0.99653	0	0.00346	0
852	F	0.65504	0	0.34496	0
853	L	0.53033	0	0.46967	0
854	L	0.02713	0	0.97287	0
855	Y	0.00281	0	0.99719	0
856	I	0.00029	0	0.99971	0
857	F	0.00023	0	0.99977	0
858	H	0.00023	0	0.99977	0
859	I	0.00023	0	0.99977	0
860	Q	0.00023	0	0.99977	0
861	T	0.00023	0	0.99977	0
862	L	0.00023	0	0.99977	0
863	G	0.00023	0	0.99977	0
864	P	0.00023	0	0.99977	0
865	L	0.00023	0	0.99977	0
866	Q	0.00023	0	0.99977	0
867	C	0.00023	1e-05	0.99976	0
868	Q	0.00023	2e-05	0.99975	0
869	P	0.00023	0.00017	0.99960	0
870	N	0.00023	0.00147	0.99830	0
871	P	0.00023	0.01721	0.98257	0
872	N	0.00023	0.04678	0.95299	0
873	I	0.00014	0.17409	0.82576	0
874	N	0.00014	0.66614	0.33372	0
875	P	0.00011	0.91228	0.08762	0
876	Q	0.00010	0.98417	0.01572	0
877	D	0.00010	0.99974	0.00016	0
878	I	0.00009	0.99975	0.00016	0
879	K	0.00009	0.99977	0.00014	0
880	P	0.00009	0.99976	0.00014	0
881	A	0.00009	0.99976	0.00014	0
882	A	0.00009	0.99976	0.00014	0
883	S	0.00009	0.99976	0.00014	0
884	P	0.00009	0.99976	0.00014	0
885	E	0.00009	0.99976	0.00014	0
886	D	0.00009	0.99976	0.00014	0
887	T	0.00009	0.99976	0.00014	0
888	P	0.00009	0.99976	0.00014	0
889	E	0.00009	0.99976	0.00014	0
890	L	0.00009	0.99812	0.00179	0
891	S	0.00009	0.99375	0.00616	0
892	A	0.00009	0.99375	0.00616	0
893	F	0.00009	0.99375	0.00616	0
894	L	0.00009	0.99377	0.00614	0
895	R	0.00009	0.99387	0.00604	0
896	N	0.00009	0.99387	0.00603	0
897	S	0.00009	0.99388	0.00603	0
898	T	0.00009	0.99388	0.00603	0
899	I	0.00009	0.99388	0.00603	0
900	P	0.00010	0.99388	0.00602	0
901	H	0.00010	0.99388	0.00602	0
902	L	0.00010	0.99388	0.00602	0
903	V	0.00010	0.99388	0.00602	0
904	R	0.00010	0.99388	0.00602	0
905	K	0.00010	0.99388	0.00602	0
906	R	0.00010	0.99388	0.00602	0
907	D	0.00010	0.99388	0.00602	0
908	V	0.00048	0.99388	0.00564	0
909	H	0.00610	0.99386	0.00003	0
910	V	0.00612	0.98718	0.00670	0
911	V	0.00612	0.98646	0.00742	0
912	E	0.00612	0.98481	0.00908	0
913	F	0.00612	0.88808	0.10580	0
914	H	0.00612	0.88757	0.10632	0
915	R	0.00612	0.42305	0.57083	0
916	Q	0.00612	0.4176	0.57629	0
917	S	0.00612	0.40915	0.58473	0
918	P	0.00612	0.10139	0.89250	0
919	A	0.00607	0.05606	0.93787	0
920	K	0.00528	0.0557	0.93903	0
921	I	0.00022	0.00594	0.99383	0
922	L	0.00013	0.00588	0.99400	0
923	N	0.00011	0.00343	0.99646	0
924	C	0.00009	0.00313	0.99678	0
925	T	0.00009	0.00311	0.99680	0
926	N	0.00009	0.00274	0.99717	0
927	I	0.00009	0.00247	0.99744	0
928	E	0.00009	0.00206	0.99785	0
929	C	0.00009	0.00161	0.99830	0
930	L	0.00009	0.00157	0.99834	0
931	Q	0.00023	0.00156	0.99820	0
932	I	0.00027	0.00144	0.99829	0
933	S	0.00083	0.00121	0.99796	0
934	C	0.00104	0.00121	0.99775	0
935	A	0.00305	0.0001	0.99686	0
936	V	0.00775	8e-05	0.99216	0
937	G	0.14746	8e-05	0.85246	0
938	R	0.31388	7e-05	0.68604	0
939	L	0.36236	8e-05	0.63756	0
940	E	0.83382	0.00472	0.16146	0
941	G	0.86473	0.00543	0.12984	0
942	G	0.89740	0.00588	0.09672	0
943	E	0.98722	0.0061	0.00668	0
944	S	0.98731	0.0061	0.00660	0
945	A	0.98733	0.0061	0.00657	0
946	V	0.98737	0.0061	0.00654	0
947	L	0.98770	0.0061	0.00620	0
948	K	0.99045	0.0061	0.00345	0
949	V	0.99055	0.0061	0.00335	0
950	R	0.99203	0.0061	0.00188	0
951	S	0.99225	0.00609	0.00166	0
952	R	0.99235	0.00609	0.00156	0
953	L	0.99236	0.00607	0.00157	0
954	W	0.99237	0.00607	0.00156	0
955	A	0.99286	0.00605	0.00109	0
956	H	0.99292	0.00554	0.00154	0
957	T	0.99335	0.0005	0.00615	0
958	F	0.99336	0.00039	0.00625	0
959	L	0.99346	0	0.00654	0
960	Q	0.99387	0	0.00613	0
961	R	0.99387	0	0.00613	0
962	K	0.99387	0	0.00613	0
963	N	0.99387	0	0.00613	0
964	D	0.99387	0	0.00613	0
965	P	0.99387	0	0.00613	0
966	Y	0.99387	0	0.00613	0
967	A	0.99387	0	0.00613	0
968	L	0.99387	0	0.00613	0
969	A	0.99387	0	0.00613	0
970	S	0.99387	0	0.00613	0
971	L	0.99387	0	0.00613	0
972	V	0.99387	0	0.00613	0
973	S	0.99387	0	0.00613	0
974	F	0.99387	0	0.00613	0
975	E	0.99389	0	0.00611	0
976	V	0.99389	0	0.00611	0
977	K	0.99538	2e-05	0.00460	0
978	K	0.99640	3e-05	0.00357	0
979	M	0.99710	3e-05	0.00288	0
980	P	0.99912	3e-05	0.00085	0
981	Y	0.99927	3e-05	0.00070	0
982	T	0.99995	3e-05	0.00002	0
983	D	0.99996	3e-05	0.00000	0
984	Q	0.99978	3e-05	0.00019	0
985	P	0.99977	3e-05	0.00020	0
986	A	0.99977	3e-05	0.00020	0
987	K	0.99977	3e-05	0.00020	0
988	L	0.99977	3e-05	0.00020	0
989	P	0.99977	3e-05	0.00020	0
990	E	0.99977	3e-05	0.00020	0
991	G	0.93224	3e-05	0.06772	0
992	S	0.53328	3e-05	0.46669	0
993	I	0.00185	3e-05	0.99812	0
994	V	0.00009	3e-05	0.99987	0
995	I	0.00009	3e-05	0.99988	0
996	K	0.00009	3e-05	0.99988	0
997	T	0.00009	3e-05	0.99988	0
998	S	0.00009	3e-05	0.99988	0
999	V	0.00009	2e-05	0.99989	0
1000	I	0.00009	1e-05	0.99990	0
1001	W	0.00009	1e-05	0.99990	0
1002	A	0.00009	1e-05	0.99990	0
1003	T	0.00009	2e-05	0.99989	0
1004	P	0.00009	5e-05	0.99986	0
1005	N	0.00009	9e-05	0.99982	0
1006	V	0.00009	0.00011	0.99980	0
1007	S	0.00009	0.00015	0.99976	0
1008	F	0.00009	0.00017	0.99974	0
1009	S	0.00009	0.00033	0.99958	0
1010	I	0.00009	0.00975	0.99016	0
1011	P	0.00009	0.21034	0.78957	0
1012	L	0.00009	0.33956	0.66035	0
1013	W	0.00009	0.70364	0.29627	0
1014	V	0.00009	0.66723	0.33268	0
1015	I	0.00009	0.17605	0.82386	0
1016	I	0.00009	0.01111	0.98880	0
1017	L	0.00009	0.00069	0.99922	0
1018	A	0.00009	0.0012	0.99871	0
1019	I	0.00009	0.00098	0.99892	0
1020	L	0.00009	0.00036	0.99955	0
1021	L	0.00009	5e-05	0.99986	0
1022	G	0.00010	1e-05	0.99989	0
1023	L	0.00010	0	0.99990	0
1024	L	0.00010	0	0.99990	0
1025	V	0.00011	0	0.99989	0
1026	L	0.00011	0	0.99989	0
1027	A	0.00011	0	0.99989	0
1028	I	0.00011	0	0.99989	0
1029	L	0.00013	0	0.99987	0
1030	T	0.00018	0	0.99982	0
1031	L	0.00043	0	0.99957	0
1032	A	0.00707	0	0.99293	0
1033	L	0.05851	0	0.94149	0
1034	W	0.19690	0	0.80310	0
1035	K	0.99843	0	0.00157	0
1036	C	0.99843	0	0.00157	0
1037	G	0.99843	0	0.00157	0
1038	F	0.99843	0	0.00157	0
1039	F	0.99843	0	0.00157	0
1040	D	0.99843	0	0.00157	0
1041	R	1.00000	0	0.00000	0
1042	A	1.00000	0	0.00000	0
1043	R	1.00000	0	0.00000	0
1044	P	1.00000	0	0.00000	0
1045	P	1.00000	0	0.00000	0
1046	Q	1.00000	0	0.00000	0
1047	E	1.00000	0	0.00000	0
1048	D	1.00000	0	0.00000	0
1049	M	1.00000	0	0.00000	0
1050	T	1.00000	0	0.00000	0
1051	D	1.00000	0	0.00000	0
1052	R	1.00000	0	0.00000	0
1053	E	1.00000	0	0.00000	0
1054	Q	1.00000	0	0.00000	0
1055	L	1.00000	0	0.00000	0
1056	T	1.00000	0	0.00000	0
1057	N	1.00000	0	0.00000	0
1058	D	1.00000	0	0.00000	0
1059	K	1.00000	0	0.00000	0
1060	T	1.00000	0	0.00000	0
1061	P	1.00000	0	0.00000	0
1062	E	1.00000	0	0.00000	0
1063	A	1.00000	0	0.00000	0
