# UNNAMED
#pos	aa	i	o	M	S
1	M	0.00000	1	0.00000	0
2	D	0.00000	1	0.00000	0
3	T	0.00000	1	0.00000	0
4	E	0.00000	0.99996	0.00004	0
5	S	0.00000	0.99905	0.00095	0
6	N	0.00000	0.99891	0.00109	0
7	R	0.00000	0.9976	0.00240	0
8	R	0.00000	0.98408	0.01592	0
9	A	0.00000	0.9113	0.08870	0
10	N	0.00000	0.84102	0.15898	0
11	L	0.00000	0.01037	0.98963	0
12	A	0.00000	0.00049	0.99951	0
13	L	0.00000	1e-05	0.99999	0
14	P	0.00000	1e-05	0.99999	0
15	Q	0.00000	1e-05	0.99999	0
16	E	0.00000	1e-05	0.99999	0
17	P	0.00000	1e-05	0.99999	0
18	S	0.00000	1e-05	0.99999	0
19	S	0.00000	1e-05	0.99999	0
20	V	0.00000	0	1.00000	0
21	P	0.00000	0	1.00000	0
22	A	0.00000	0	1.00000	0
23	F	0.00000	0	0.99999	0
24	E	0.00044	0	0.99955	0
25	V	0.00057	0	0.99943	0
26	L	0.00157	0	0.99843	0
27	E	0.03538	0	0.96462	0
28	I	0.03964	0	0.96036	0
29	S	0.20539	0	0.79460	0
30	P	0.97023	0	0.02976	0
31	Q	0.98885	0	0.01114	0
32	E	0.96946	0	0.03054	0
33	V	0.96712	0	0.03288	0
34	S	0.96656	0	0.03344	0
35	S	0.95095	0	0.04905	0
36	G	0.26895	0	0.73105	0
37	R	0.08032	0	0.91968	0
38	L	0.00008	0	0.99992	0
39	L	0.00000	0	1.00000	0
40	K	0.00000	0	1.00000	0
41	S	0.00000	0	1.00000	0
42	A	0.00000	0	1.00000	0
43	S	0.00000	0	1.00000	0
44	S	0.00001	0	0.99999	0
45	P	0.00001	0	0.99999	0
46	P	0.00001	0	0.99999	0
47	L	0.00001	0	0.99999	0
48	H	0.00001	7e-05	0.99992	0
49	T	0.00001	0.0008	0.99919	0
50	W	0.00001	0.03219	0.96781	0
51	L	0.00001	0.03287	0.96713	0
52	T	0.00001	0.03289	0.96711	0
53	V	0.00001	0.03318	0.96681	0
54	L	0.00001	0.07829	0.92170	0
55	K	0.00001	0.9332	0.06679	0
56	K	0.00001	0.98992	0.01007	0
57	E	0.00001	0.99998	0.00001	0
58	Q	0.00000	0.99999	0.00001	0
59	E	0.00000	0.99999	0.00001	0
60	F	0.00000	0.99668	0.00332	0
61	L	0.00000	0.98642	0.01358	0
62	G	0.00000	0.97771	0.02229	0
63	V	0.00000	0.96788	0.03211	0
64	T	0.00000	0.95173	0.04826	0
65	Q	0.00000	0.50753	0.49247	0
66	I	0.00000	0.05597	0.94403	0
67	L	0.00000	0.00026	0.99974	0
68	T	0.00000	6e-05	0.99994	0
69	A	0.00000	0	1.00000	0
70	M	0.00000	0	1.00000	0
71	I	0.00000	0	1.00000	0
72	C	0.00000	0	1.00000	0
73	L	0.00000	0	1.00000	0
74	C	0.00000	0	1.00000	0
75	F	0.00000	0	1.00000	0
76	G	0.00000	0	1.00000	0
77	T	0.00000	0	1.00000	0
78	V	0.00000	0	1.00000	0
79	V	0.00003	0	0.99997	0
80	C	0.00009	1e-05	0.99990	0
81	S	0.00050	1e-05	0.99950	0
82	V	0.00388	1e-05	0.99612	0
83	L	0.00742	1e-05	0.99257	0
84	D	0.04287	1e-05	0.95712	0
85	I	0.25085	1e-05	0.74914	0
86	S	0.90848	1e-05	0.09152	0
87	H	0.94770	1e-05	0.05229	0
88	I	0.99594	1e-05	0.00405	0
89	E	0.99998	1e-05	0.00001	0
90	G	0.99999	1e-05	0.00000	0
91	D	0.99999	0	0.00000	0
92	I	0.99999	0	0.00001	0
93	F	0.99999	0	0.00001	0
94	S	0.99999	0	0.00001	0
95	S	0.99996	0	0.00004	0
96	F	0.99323	0	0.00677	0
97	K	0.99160	0	0.00840	0
98	A	0.69474	0	0.30525	0
99	G	0.14021	0	0.85979	0
100	Y	0.03520	0	0.96480	0
101	P	0.03126	0	0.96874	0
102	F	0.00097	0	0.99903	0
103	W	0.00031	0	0.99969	0
104	G	0.00004	0	0.99996	0
105	A	0.00000	0	1.00000	0
106	I	0.00000	0	1.00000	0
107	F	0.00000	0	1.00000	0
108	F	0.00000	0	1.00000	0
109	S	0.00000	0	1.00000	0
110	I	0.00000	0	1.00000	0
111	S	0.00000	0	1.00000	0
112	G	0.00001	0	0.99999	0
113	M	0.00001	0	0.99999	0
114	L	0.00001	0	0.99999	0
115	S	0.00001	5e-05	0.99994	0
116	I	0.00001	0.00025	0.99974	0
117	I	0.00001	0.00606	0.99394	0
118	S	0.00001	0.38138	0.61861	0
119	E	0.00001	0.92235	0.07764	0
120	R	0.00001	0.96609	0.03391	0
121	R	0.00001	0.98747	0.01252	0
122	N	0.00001	0.99505	0.00495	0
123	A	0.00001	0.99666	0.00333	0
124	T	0.00001	0.99965	0.00034	0
125	Y	0.00000	0.99999	0.00001	0
126	L	0.00000	0.99999	0.00001	0
127	V	0.00000	0.99999	0.00001	0
128	R	0.00000	0.99999	0.00001	0
129	G	0.00000	0.99906	0.00094	0
130	S	0.00000	0.97337	0.02662	0
131	L	0.00000	0.89593	0.10406	0
132	G	0.00000	0.82432	0.17568	0
133	A	0.00000	0.77824	0.22176	0
134	N	0.00000	0.77766	0.22234	0
135	T	0.00000	0.76019	0.23981	0
136	A	0.00000	0.30309	0.69691	0
137	S	0.00000	0.1952	0.80480	0
138	S	0.00000	0.17789	0.82211	0
139	I	0.00000	0.00065	0.99935	0
140	A	0.00000	0.00025	0.99975	0
141	G	0.00000	6e-05	0.99994	0
142	G	0.00000	2e-05	0.99998	0
143	T	0.00000	1e-05	0.99999	0
144	G	0.00000	1e-05	0.99999	0
145	I	0.00000	1e-05	0.99999	0
146	T	0.00000	1e-05	0.99999	0
147	I	0.00000	1e-05	0.99999	0
148	L	0.00000	1e-05	0.99999	0
149	I	0.00000	1e-05	0.99999	0
150	I	0.00001	1e-05	0.99998	0
151	N	0.00158	1e-05	0.99841	0
152	L	0.00690	1e-05	0.99309	0
153	K	0.15254	1e-05	0.84746	0
154	K	0.18807	1e-05	0.81192	0
155	S	0.19289	1e-05	0.80710	0
156	L	0.19470	1e-05	0.80529	0
157	A	0.21658	0	0.78342	0
158	Y	0.27827	0	0.72173	0
159	I	0.37803	0	0.62197	0
160	H	0.45656	0	0.54344	0
161	I	0.54035	0	0.45965	0
162	H	0.89385	0	0.10615	0
163	S	0.99316	0	0.00684	0
164	C	0.99565	0	0.00435	0
165	Q	0.99992	0	0.00008	0
166	K	0.99992	0	0.00008	0
167	F	0.99992	0	0.00008	0
168	F	0.99992	0	0.00008	0
169	E	0.99992	0	0.00008	0
170	T	0.99566	0	0.00434	0
171	K	0.89360	0	0.10640	0
172	C	0.88774	0	0.11226	0
173	F	0.70154	0	0.29846	0
174	M	0.67456	0	0.32544	0
175	A	0.67236	0	0.32764	0
176	S	0.67236	0	0.32764	0
177	F	0.67235	0	0.32765	0
178	S	0.67236	0	0.32764	0
179	T	0.67235	0	0.32765	0
180	E	0.67233	0	0.32767	0
181	I	0.23627	0	0.76373	0
182	V	0.05188	1e-05	0.94811	0
183	V	0.04821	3e-05	0.95176	0
184	M	0.00074	4e-05	0.99922	0
185	M	0.00039	4e-05	0.99957	0
186	L	0.00037	2e-05	0.99961	0
187	F	0.00000	0	1.00000	0
188	L	0.00000	0	1.00000	0
189	T	0.00000	0	1.00000	0
190	I	0.00000	1e-05	0.99999	0
191	L	0.00000	0.00019	0.99981	0
192	G	0.00000	0.0036	0.99640	0
193	L	0.00000	0.00606	0.99393	0
194	G	0.00000	0.02496	0.97504	0
195	S	0.00000	0.03352	0.96648	0
196	A	0.00000	0.03878	0.96122	0
197	V	0.00000	0.05068	0.94932	0
198	S	0.00000	0.1043	0.89570	0
199	L	0.00000	0.12163	0.87837	0
200	T	0.00000	0.22633	0.77367	0
201	I	0.00000	0.28795	0.71205	0
202	C	0.00000	0.54599	0.45401	0
203	G	0.00000	0.62754	0.37246	0
204	A	0.00000	0.69197	0.30802	0
205	G	0.00001	0.90884	0.09114	0
206	E	0.00007	0.99095	0.00898	0
207	E	0.00007	0.99383	0.00609	0
208	L	0.00007	0.99455	0.00538	0
209	K	0.00007	0.99988	0.00005	0
210	G	0.00007	0.99991	0.00002	0
211	N	0.00007	0.99992	0.00000	0
212	K	0.00007	0.99993	0.00000	0
213	V	0.00007	0.99993	0.00000	0
214	P	0.00007	0.99993	0.00000	0
215	E	0.00007	0.99993	0.00000	0
216	D	0.00007	0.99992	0.00001	0
217	R	0.00007	0.99402	0.00590	0
218	V	0.00007	0.90809	0.09184	0
219	Y	0.00007	0.86788	0.13205	0
220	E	0.00007	0.75362	0.24631	0
221	E	0.00007	0.17837	0.82156	0
222	L	0.00007	0.01221	0.98772	0
223	N	0.00007	0.00322	0.99671	0
224	I	0.00007	5e-05	0.99988	0
225	Y	0.00007	0	0.99993	0
226	S	0.00007	0	0.99993	0
227	A	0.00007	0	0.99993	0
228	T	0.00007	0	0.99993	0
229	Y	0.00007	0	0.99993	0
230	S	0.00007	0	0.99993	0
231	E	0.00007	0	0.99993	0
232	L	0.00007	0	0.99993	0
233	E	0.00007	0	0.99993	0
234	D	0.00007	0	0.99993	0
235	P	0.00007	0	0.99993	0
236	G	0.00007	0	0.99993	0
237	E	0.00007	0	0.99993	0
238	M	0.00007	0	0.99993	0
239	S	0.00007	0	0.99993	0
240	P	0.00007	0	0.99993	0
241	P	0.00008	0	0.99992	0
242	I	0.00008	0	0.99992	0
243	D	0.97611	0	0.02389	0
244	L	1.00000	0	0.00000	0
