# UNNAMED
#pos	aa	i	o	M	S
1	M	0.00000	1	0.00000	0
2	I	0.00000	1	0.00000	0
3	C	0.00000	1	0.00000	0
4	E	0.00000	1	0.00000	0
5	N	0.00000	1	0.00000	0
6	H	0.00000	1	0.00000	0
7	T	0.00000	1	0.00000	0
8	R	0.00000	1	0.00000	0
9	V	0.00000	1	0.00000	0
10	T	0.00000	1	0.00000	0
11	E	0.00000	1	0.00000	0
12	F	0.00000	1	0.00000	0
13	I	0.00000	1	0.00000	0
14	L	0.00000	1	0.00000	0
15	L	0.00000	1	0.00000	0
16	G	0.00000	1	0.00000	0
17	F	0.00000	1	0.00000	0
18	T	0.00000	1	0.00000	0
19	N	0.00000	1	0.00000	0
20	N	0.00000	1	0.00000	0
21	P	0.00000	0.99998	0.00002	0
22	E	0.00000	0.99994	0.00006	0
23	M	0.00000	0.99869	0.00131	0
24	Q	0.00000	0.98816	0.01184	0
25	V	0.00000	0.84421	0.15579	0
26	S	0.00000	0.74537	0.25463	0
27	L	0.00000	0.20217	0.79783	0
28	F	0.00000	0.03847	0.96153	0
29	I	0.00000	0.01847	0.98153	0
30	F	0.00000	0.01589	0.98411	0
31	F	0.00000	0.00361	0.99639	0
32	L	0.00000	0.0013	0.99870	0
33	A	0.00000	0.0006	0.99940	0
34	I	0.00000	4e-05	0.99996	0
35	Y	0.00000	0	1.00000	0
36	T	0.00000	0	1.00000	0
37	V	0.00000	0	1.00000	0
38	T	0.00000	0	1.00000	0
39	L	0.00000	0	1.00000	0
40	L	0.00000	0	1.00000	0
41	G	0.00000	0	1.00000	0
42	N	0.00000	0	1.00000	0
43	F	0.00000	0	1.00000	0
44	L	0.00000	0	1.00000	0
45	I	0.00001	0	0.99999	0
46	V	0.00067	0	0.99933	0
47	T	0.04044	0	0.95956	0
48	V	0.17356	0	0.82644	0
49	T	0.74642	0	0.25358	0
50	S	0.92768	0	0.07232	0
51	V	0.94988	0	0.05012	0
52	D	0.99514	0	0.00486	0
53	L	0.99588	0	0.00412	0
54	A	0.99683	0	0.00317	0
55	L	0.99775	0	0.00225	0
56	Q	0.99999	0	0.00001	0
57	T	1.00000	0	0.00000	0
58	P	1.00000	0	0.00000	0
59	M	0.78478	0	0.21522	0
60	Y	0.54893	0	0.45107	0
61	F	0.06621	0	0.93379	0
62	F	0.00123	0	0.99877	0
63	L	0.00023	0	0.99977	0
64	Q	0.00014	0	0.99986	0
65	N	0.00001	0	0.99999	0
66	L	0.00000	0	1.00000	0
67	S	0.00000	0	1.00000	0
68	L	0.00000	0	1.00000	0
69	L	0.00000	0	1.00000	0
70	E	0.00000	0	1.00000	0
71	V	0.00000	0	1.00000	0
72	C	0.00000	0	1.00000	0
73	F	0.00000	0	1.00000	0
74	T	0.00000	0	1.00000	0
75	L	0.00000	0	1.00000	0
76	V	0.00000	0	1.00000	0
77	M	0.00000	0	1.00000	0
78	V	0.00000	0.00058	0.99942	0
79	P	0.00000	0.00588	0.99412	0
80	K	0.00000	0.04081	0.95919	0
81	M	0.00000	0.06895	0.93105	0
82	L	0.00000	0.20692	0.79308	0
83	V	0.00000	0.49241	0.50759	0
84	D	0.00000	0.99997	0.00003	0
85	L	0.00000	1	0.00000	0
86	V	0.00000	1	0.00000	0
87	S	0.00000	1	0.00000	0
88	P	0.00000	1	0.00000	0
89	R	0.00000	1	0.00000	0
90	K	0.00000	1	0.00000	0
91	I	0.00000	1	0.00000	0
92	I	0.00000	1	0.00000	0
93	S	0.00000	1	0.00000	0
94	F	0.00000	1	0.00000	0
95	V	0.00000	1	0.00000	0
96	G	0.00000	0.99999	0.00001	0
97	C	0.00000	0.99998	0.00002	0
98	G	0.00000	0.99855	0.00145	0
99	T	0.00000	0.98958	0.01042	0
100	Q	0.00000	0.91781	0.08219	0
101	M	0.00000	0.38933	0.61067	0
102	Y	0.00000	0.16999	0.83001	0
103	F	0.00000	0.00869	0.99131	0
104	F	0.00000	5e-05	0.99995	0
105	F	0.00000	0	1.00000	0
106	F	0.00000	0	1.00000	0
107	F	0.00000	0	1.00000	0
108	G	0.00000	0	1.00000	0
109	S	0.00000	0	1.00000	0
110	S	0.00000	0	1.00000	0
111	E	0.00000	0	1.00000	0
112	C	0.00000	0	1.00000	0
113	F	0.00000	0	1.00000	0
114	L	0.00000	0	1.00000	0
115	L	0.00000	0	1.00000	0
116	S	0.00000	0	1.00000	0
117	M	0.00000	0	1.00000	0
118	M	0.00000	0	1.00000	0
119	A	0.00000	0	1.00000	0
120	Y	0.00000	0	1.00000	0
121	D	0.00000	0	1.00000	0
122	R	0.00041	0	0.99959	0
123	F	0.02516	0	0.97484	0
124	V	0.92062	0	0.07938	0
125	A	0.99690	0	0.00310	0
126	I	1.00000	0	0.00000	0
127	C	1.00000	0	0.00000	0
128	N	1.00000	0	0.00000	0
129	P	1.00000	0	0.00000	0
130	L	1.00000	0	0.00000	0
131	H	1.00000	0	0.00000	0
132	Y	1.00000	0	0.00000	0
133	S	1.00000	0	0.00000	0
134	V	1.00000	0	0.00000	0
135	I	1.00000	0	0.00000	0
136	M	1.00000	0	0.00000	0
137	N	0.99997	0	0.00003	0
138	R	0.99953	0	0.00047	0
139	S	0.96962	0	0.03038	0
140	L	0.58211	0	0.41789	0
141	C	0.01468	0	0.98532	0
142	L	0.00327	0	0.99673	0
143	W	0.00097	0	0.99903	0
144	M	0.00061	0	0.99939	0
145	A	0.00021	0	0.99979	0
146	I	0.00006	0	0.99994	0
147	G	0.00001	0	0.99999	0
148	S	0.00000	0	1.00000	0
149	W	0.00000	0	1.00000	0
150	M	0.00000	0	1.00000	0
151	S	0.00000	0	1.00000	0
152	G	0.00000	0	1.00000	0
153	V	0.00000	0	1.00000	0
154	P	0.00000	0	1.00000	0
155	V	0.00000	0	1.00000	0
156	S	0.00000	0	1.00000	0
157	M	0.00000	0	1.00000	0
158	L	0.00000	0.00011	0.99989	0
159	Q	0.00000	0.01047	0.98953	0
160	T	0.00000	0.03544	0.96456	0
161	A	0.00000	0.08139	0.91861	0
162	W	0.00000	0.29129	0.70871	0
163	M	0.00000	0.39735	0.60265	0
164	M	0.00000	0.65445	0.34555	0
165	A	0.00000	0.84983	0.15017	0
166	L	0.00000	0.95179	0.04821	0
167	P	0.00000	0.99758	0.00242	0
168	F	0.00000	0.99939	0.00061	0
169	C	0.00000	0.99999	0.00001	0
170	G	0.00000	1	0.00000	0
171	P	0.00000	1	0.00000	0
172	N	0.00000	1	0.00000	0
173	A	0.00000	1	0.00000	0
174	V	0.00000	1	0.00000	0
175	D	0.00000	1	0.00000	0
176	H	0.00000	1	0.00000	0
177	F	0.00000	1	0.00000	0
178	F	0.00000	1	0.00000	0
179	C	0.00000	1	0.00000	0
180	D	0.00000	1	0.00000	0
181	G	0.00000	1	0.00000	0
182	P	0.00000	1	0.00000	0
183	P	0.00000	1	0.00000	0
184	V	0.00000	1	0.00000	0
185	L	0.00000	1	0.00000	0
186	K	0.00000	1	0.00000	0
187	L	0.00000	1	0.00000	0
188	V	0.00000	1	0.00000	0
189	T	0.00000	1	0.00000	0
190	V	0.00000	1	0.00000	0
191	D	0.00000	0.99961	0.00039	0
192	T	0.00000	0.99012	0.00988	0
193	T	0.00000	0.96453	0.03547	0
194	M	0.00000	0.93088	0.06912	0
195	Y	0.00000	0.92967	0.07033	0
196	E	0.00000	0.92533	0.07467	0
197	M	0.00000	0.05116	0.94884	0
198	Q	0.00000	0.02879	0.97121	0
199	A	0.00000	0.00972	0.99028	0
200	L	0.00000	0.00347	0.99653	0
201	A	0.00000	0.0018	0.99820	0
202	S	0.00000	0.00159	0.99841	0
203	T	0.00000	0.00023	0.99977	0
204	L	0.00000	0.00015	0.99985	0
205	L	0.00000	0	1.00000	0
206	F	0.00000	0	1.00000	0
207	I	0.00000	0	1.00000	0
208	M	0.00000	0	1.00000	0
209	F	0.00000	0	1.00000	0
210	P	0.00000	0	1.00000	0
211	F	0.00000	0	1.00000	0
212	C	0.00000	0	1.00000	0
213	L	0.00000	0	1.00000	0
214	I	0.00000	0	1.00000	0
215	L	0.00003	0	0.99997	0
216	V	0.00345	0	0.99655	0
217	S	0.02994	0	0.97006	0
218	Y	0.04045	0	0.95955	0
219	T	0.26074	0	0.73926	0
220	R	0.41233	0	0.58767	0
221	I	0.42431	0	0.57569	0
222	I	0.47041	0	0.52959	0
223	I	0.82804	0	0.17196	0
224	T	0.97340	0	0.02660	0
225	I	0.99879	0	0.00121	0
226	L	0.99930	0	0.00070	0
227	R	0.99998	0	0.00002	0
228	M	1.00000	0	0.00000	0
229	S	1.00000	0	0.00000	0
230	S	0.99999	0	0.00001	0
231	A	0.99997	0	0.00003	0
232	T	0.99977	0	0.00023	0
233	G	0.99970	0	0.00030	0
234	R	0.99347	0	0.00653	0
235	Q	0.98410	0	0.01590	0
236	K	0.74451	0	0.25549	0
237	A	0.26234	0	0.73766	0
238	F	0.09438	0	0.90562	0
239	S	0.00075	0	0.99925	0
240	T	0.00069	0	0.99931	0
241	C	0.00060	0	0.99940	0
242	S	0.00028	0	0.99972	0
243	S	0.00013	0	0.99987	0
244	H	0.00000	0	1.00000	0
245	L	0.00000	0	1.00000	0
246	I	0.00000	0	1.00000	0
247	V	0.00000	0	1.00000	0
248	V	0.00000	0	1.00000	0
249	S	0.00000	0	1.00000	0
250	L	0.00000	0	1.00000	0
251	F	0.00000	0	1.00000	0
252	Y	0.00000	1e-05	0.99999	0
253	G	0.00000	4e-05	0.99996	0
254	T	0.00000	0.00011	0.99989	0
255	A	0.00000	0.00043	0.99957	0
256	S	0.00000	0.00517	0.99483	0
257	L	0.00000	0.01487	0.98513	0
258	T	0.00000	0.05286	0.94714	0
259	Y	0.00000	0.14862	0.85138	0
260	L	0.00000	0.32478	0.67522	0
261	R	0.00000	0.94467	0.05533	0
262	P	0.00000	0.98893	0.01107	0
263	K	0.00000	0.99986	0.00014	0
264	S	0.00000	0.99998	0.00002	0
265	N	0.00000	1	0.00000	0
266	Q	0.00000	1	0.00000	0
267	S	0.00000	1	0.00000	0
268	P	0.00000	0.99949	0.00051	0
269	E	0.00000	0.98841	0.01159	0
270	S	0.00000	0.87615	0.12385	0
271	K	0.00000	0.78292	0.21708	0
272	K	0.00000	0.16291	0.83709	0
273	L	0.00000	0.00534	0.99466	0
274	V	0.00000	3e-05	0.99997	0
275	S	0.00000	0	1.00000	0
276	L	0.00000	0	1.00000	0
277	S	0.00000	0	1.00000	0
278	Y	0.00000	0	1.00000	0
279	T	0.00000	0	1.00000	0
280	V	0.00000	0	1.00000	0
281	I	0.00000	0	1.00000	0
282	T	0.00000	0	1.00000	0
283	P	0.00000	0	1.00000	0
284	M	0.00000	0	1.00000	0
285	L	0.00000	0	1.00000	0
286	N	0.00000	0	1.00000	0
287	P	0.00000	0	1.00000	0
288	I	0.00000	0	1.00000	0
289	I	0.00042	0	0.99958	0
290	Y	0.00212	0	0.99788	0
291	G	0.01789	0	0.98211	0
292	L	0.11544	0	0.88456	0
293	R	1.00000	0	0.00000	0
294	N	1.00000	0	0.00000	0
295	N	1.00000	0	0.00000	0
296	E	1.00000	0	0.00000	0
297	V	1.00000	0	0.00000	0
298	K	1.00000	0	0.00000	0
299	G	1.00000	0	0.00000	0
300	A	1.00000	0	0.00000	0
301	V	1.00000	0	0.00000	0
302	K	1.00000	0	0.00000	0
303	R	1.00000	0	0.00000	0
304	T	1.00000	0	0.00000	0
305	I	1.00000	0	0.00000	0
306	T	1.00000	0	0.00000	0
307	Q	1.00000	0	0.00000	0
308	K	1.00000	0	0.00000	0
309	V	1.00000	0	0.00000	0
310	L	1.00000	0	0.00000	0
311	Q	1.00000	0	0.00000	0
312	K	1.00000	0	0.00000	0
313	L	1.00000	0	0.00000	0
314	D	1.00000	0	0.00000	0
315	V	1.00000	0	0.00000	0
316	F	1.00000	0	0.00000	0
