# UNNAMED
#pos	aa	i	o	M	S
1	M	0.00000	7e-05	0.00000	0.99993
2	P	0.00000	7e-05	0.00000	0.99993
3	A	0.00000	7e-05	0.00000	0.99993
4	E	0.00000	7e-05	0.00000	0.99993
5	L	0.00000	7e-05	0.00000	0.99992
6	L	0.00000	7e-05	0.00000	0.99993
7	L	0.00000	7e-05	0.00000	0.99993
8	L	0.00000	7e-05	0.00000	0.99993
9	L	0.00000	7e-05	0.00000	0.99993
10	I	0.00000	7e-05	0.00000	0.99993
11	V	0.00000	7e-05	0.00000	0.99993
12	A	0.00000	7e-05	0.00000	0.99993
13	F	0.00000	7e-05	0.00000	0.99993
14	A	0.00000	7e-05	0.00000	0.99993
15	S	0.00000	0.03917	0.00000	0.96083
16	P	0.00000	0.03917	0.00000	0.96083
17	S	0.00000	0.0392	0.00000	0.9608
18	C	0.00000	0.04476	0.00000	0.95524
19	Q	0.00000	0.04501	0.00000	0.95499
20	V	0.00000	0.25982	0.00000	0.74019
21	L	0.00000	0.25992	0.00000	0.74008
22	S	0.00000	0.25992	0.00000	0.74008
23	S	0.00000	0.9324	0.00000	0.06759
24	L	0.00000	0.99247	0.00000	0.00753
25	R	0.00000	0.99999	0.00000	1e-05
26	M	0.00000	0.99999	0.00000	1e-05
27	A	0.00000	0.99999	0.00000	0
28	A	0.00000	1	0.00000	0
29	I	0.00000	1	0.00000	0
30	L	0.00000	1	0.00000	0
31	D	0.00000	1	0.00000	0
32	D	0.00000	1	0.00000	0
33	Q	0.00000	1	0.00000	0
34	T	0.00000	1	0.00000	0
35	V	0.00000	1	0.00000	0
36	C	0.00000	1	0.00000	0
37	G	0.00000	1	0.00000	0
38	R	0.00000	1	0.00000	0
39	G	0.00000	1	0.00000	0
40	E	0.00000	1	0.00000	0
41	R	0.00000	1	0.00000	0
42	L	0.00000	1	0.00000	0
43	A	0.00000	1	0.00000	0
44	L	0.00000	1	0.00000	0
45	A	0.00000	1	0.00000	0
46	L	0.00000	1	0.00000	0
47	A	0.00000	1	0.00000	0
48	R	0.00000	1	0.00000	0
49	E	0.00000	1	0.00000	0
50	Q	0.00000	1	0.00000	0
51	I	0.00000	1	0.00000	0
52	N	0.00000	1	0.00000	0
53	G	0.00000	1	0.00000	0
54	I	0.00000	1	0.00000	0
55	I	0.00000	1	0.00000	0
56	E	0.00000	1	0.00000	0
57	V	0.00000	1	0.00000	0
58	P	0.00000	1	0.00000	0
59	A	0.00000	1	0.00000	0
60	K	0.00000	1	0.00000	0
61	A	0.00000	1	0.00000	0
62	R	0.00000	1	0.00000	0
63	V	0.00000	1	0.00000	0
64	E	0.00000	1	0.00000	0
65	V	0.00000	1	0.00000	0
66	D	0.00000	1	0.00000	0
67	I	0.00000	1	0.00000	0
68	F	0.00000	1	0.00000	0
69	E	0.00000	1	0.00000	0
70	L	0.00000	1	0.00000	0
71	Q	0.00000	1	0.00000	0
72	R	0.00000	1	0.00000	0
73	D	0.00000	1	0.00000	0
74	S	0.00000	1	0.00000	0
75	Q	0.00000	1	0.00000	0
76	Y	0.00000	1	0.00000	0
77	E	0.00000	1	0.00000	0
78	T	0.00000	1	0.00000	0
79	T	0.00000	1	0.00000	0
80	D	0.00000	1	0.00000	0
81	T	0.00000	1	0.00000	0
82	M	0.00000	1	0.00000	0
83	C	0.00000	1	0.00000	0
84	Q	0.00000	1	0.00000	0
85	I	0.00000	1	0.00000	0
86	L	0.00000	1	0.00000	0
87	P	0.00000	1	0.00000	0
88	K	0.00000	1	0.00000	0
89	G	0.00000	1	0.00000	0
90	V	0.00000	1	0.00000	0
91	V	0.00000	1	0.00000	0
92	S	0.00000	1	0.00000	0
93	V	0.00000	1	0.00000	0
94	L	0.00000	1	0.00000	0
95	G	0.00000	1	0.00000	0
96	P	0.00000	1	0.00000	0
97	S	0.00000	1	0.00000	0
98	S	0.00000	1	0.00000	0
99	S	0.00000	1	0.00000	0
100	P	0.00000	1	0.00000	0
101	A	0.00000	1	0.00000	0
102	S	0.00000	1	0.00000	0
103	A	0.00000	1	0.00000	0
104	S	0.00000	1	0.00000	0
105	T	0.00000	1	0.00000	0
106	V	0.00000	1	0.00000	0
107	S	0.00000	1	0.00000	0
108	H	0.00000	1	0.00000	0
109	I	0.00000	1	0.00000	0
110	C	0.00000	1	0.00000	0
111	G	0.00000	1	0.00000	0
112	E	0.00000	1	0.00000	0
113	K	0.00000	1	0.00000	0
114	E	0.00000	1	0.00000	0
115	I	0.00000	1	0.00000	0
116	P	0.00000	1	0.00000	0
117	H	0.00000	1	0.00000	0
118	I	0.00000	1	0.00000	0
119	K	0.00000	1	0.00000	0
120	V	0.00000	1	0.00000	0
121	G	0.00000	1	0.00000	0
122	P	0.00000	1	0.00000	0
123	E	0.00000	1	0.00000	0
124	E	0.00000	1	0.00000	0
125	T	0.00000	1	0.00000	0
126	P	0.00000	1	0.00000	0
127	R	0.00000	1	0.00000	0
128	L	0.00000	1	0.00000	0
129	Q	0.00000	1	0.00000	0
130	Y	0.00000	1	0.00000	0
131	L	0.00000	1	0.00000	0
132	R	0.00000	1	0.00000	0
133	F	0.00000	1	0.00000	0
134	A	0.00000	1	0.00000	0
135	S	0.00000	1	0.00000	0
136	V	0.00000	1	0.00000	0
137	S	0.00000	1	0.00000	0
138	L	0.00000	1	0.00000	0
139	Y	0.00000	1	0.00000	0
140	P	0.00000	1	0.00000	0
141	S	0.00000	1	0.00000	0
142	N	0.00000	1	0.00000	0
143	E	0.00000	1	0.00000	0
144	D	0.00000	1	0.00000	0
145	V	0.00000	1	0.00000	0
146	S	0.00000	1	0.00000	0
147	L	0.00000	1	0.00000	0
148	A	0.00000	1	0.00000	0
149	V	0.00000	1	0.00000	0
150	S	0.00000	1	0.00000	0
151	R	0.00000	1	0.00000	0
152	I	0.00000	1	0.00000	0
153	L	0.00000	1	0.00000	0
154	K	0.00000	1	0.00000	0
155	S	0.00000	1	0.00000	0
156	F	0.00000	1	0.00000	0
157	N	0.00000	1	0.00000	0
158	Y	0.00000	1	0.00000	0
159	P	0.00000	1	0.00000	0
160	S	0.00000	1	0.00000	0
161	A	0.00000	1	0.00000	0
162	S	0.00000	1	0.00000	0
163	L	0.00000	1	0.00000	0
164	I	0.00000	1	0.00000	0
165	C	0.00000	1	0.00000	0
166	A	0.00000	1	0.00000	0
167	K	0.00000	1	0.00000	0
168	A	0.00000	1	0.00000	0
169	E	0.00000	1	0.00000	0
170	C	0.00000	1	0.00000	0
171	L	0.00000	1	0.00000	0
172	L	0.00000	1	0.00000	0
173	R	0.00000	1	0.00000	0
174	L	0.00000	1	0.00000	0
175	E	0.00000	1	0.00000	0
176	E	0.00000	1	0.00000	0
177	L	0.00000	1	0.00000	0
178	V	0.00000	1	0.00000	0
179	R	0.00000	1	0.00000	0
180	G	0.00000	1	0.00000	0
181	F	0.00000	1	0.00000	0
182	L	0.00000	1	0.00000	0
183	I	0.00000	1	0.00000	0
184	S	0.00000	1	0.00000	0
185	K	0.00000	1	0.00000	0
186	E	0.00000	1	0.00000	0
187	T	0.00000	1	0.00000	0
188	L	0.00000	1	0.00000	0
189	S	0.00000	1	0.00000	0
190	V	0.00000	1	0.00000	0
191	R	0.00000	1	0.00000	0
192	M	0.00000	1	0.00000	0
193	L	0.00000	1	0.00000	0
194	D	0.00000	1	0.00000	0
195	D	0.00000	1	0.00000	0
196	S	0.00000	1	0.00000	0
197	R	0.00000	1	0.00000	0
198	D	0.00000	1	0.00000	0
199	P	0.00000	1	0.00000	0
200	T	0.00000	1	0.00000	0
201	P	0.00000	1	0.00000	0
202	L	0.00000	1	0.00000	0
203	L	0.00000	1	0.00000	0
204	K	0.00000	1	0.00000	0
205	E	0.00000	1	0.00000	0
206	I	0.00000	1	0.00000	0
207	R	0.00000	1	0.00000	0
208	D	0.00000	1	0.00000	0
209	D	0.00000	1	0.00000	0
210	K	0.00000	1	0.00000	0
211	V	0.00000	1	0.00000	0
212	S	0.00000	1	0.00000	0
213	T	0.00000	1	0.00000	0
214	I	0.00000	1	0.00000	0
215	I	0.00000	1	0.00000	0
216	I	0.00000	1	0.00000	0
217	D	0.00000	1	0.00000	0
218	A	0.00000	1	0.00000	0
219	N	0.00000	1	0.00000	0
220	A	0.00000	1	0.00000	0
221	S	0.00000	1	0.00000	0
222	I	0.00000	1	0.00000	0
223	S	0.00000	1	0.00000	0
224	H	0.00000	1	0.00000	0
225	L	0.00000	1	0.00000	0
226	I	0.00000	1	0.00000	0
227	L	0.00000	1	0.00000	0
228	R	0.00000	1	0.00000	0
229	K	0.00000	1	0.00000	0
230	A	0.00000	1	0.00000	0
231	S	0.00000	1	0.00000	0
232	E	0.00000	1	0.00000	0
233	L	0.00000	1	0.00000	0
234	G	0.00000	1	0.00000	0
235	M	0.00000	1	0.00000	0
236	T	0.00000	1	0.00000	0
237	S	0.00000	1	0.00000	0
238	A	0.00000	1	0.00000	0
239	F	0.00000	1	0.00000	0
240	Y	0.00000	1	0.00000	0
241	K	0.00000	1	0.00000	0
242	Y	0.00000	1	0.00000	0
243	I	0.00000	1	0.00000	0
244	L	0.00000	1	0.00000	0
245	T	0.00000	1	0.00000	0
246	T	0.00000	1	0.00000	0
247	M	0.00000	1	0.00000	0
248	D	0.00000	1	0.00000	0
249	F	0.00000	1	0.00000	0
250	P	0.00000	1	0.00000	0
251	I	0.00000	1	0.00000	0
252	L	0.00000	1	0.00000	0
253	H	0.00000	1	0.00000	0
254	L	0.00000	1	0.00000	0
255	D	0.00000	1	0.00000	0
256	G	0.00000	1	0.00000	0
257	I	0.00000	1	0.00000	0
258	V	0.00000	1	0.00000	0
259	E	0.00000	1	0.00000	0
260	D	0.00000	1	0.00000	0
261	S	0.00000	1	0.00000	0
262	S	0.00000	1	0.00000	0
263	N	0.00000	1	0.00000	0
264	I	0.00000	1	0.00000	0
265	L	0.00000	1	0.00000	0
266	G	0.00000	1	0.00000	0
267	F	0.00000	1	0.00000	0
268	S	0.00000	1	0.00000	0
269	M	0.00000	1	0.00000	0
270	F	0.00000	1	0.00000	0
271	N	0.00000	1	0.00000	0
272	T	0.00000	1	0.00000	0
273	S	0.00000	1	0.00000	0
274	H	0.00000	1	0.00000	0
275	P	0.00000	1	0.00000	0
276	F	0.00000	1	0.00000	0
277	Y	0.00000	1	0.00000	0
278	P	0.00000	1	0.00000	0
279	E	0.00000	1	0.00000	0
280	F	0.00000	1	0.00000	0
281	V	0.00000	1	0.00000	0
282	R	0.00000	1	0.00000	0
283	S	0.00000	1	0.00000	0
284	L	0.00000	1	0.00000	0
285	N	0.00000	1	0.00000	0
286	M	0.00000	1	0.00000	0
287	S	0.00000	1	0.00000	0
288	W	0.00000	1	0.00000	0
289	R	0.00000	1	0.00000	0
290	E	0.00000	1	0.00000	0
291	N	0.00000	1	0.00000	0
292	C	0.00000	1	0.00000	0
293	E	0.00000	1	0.00000	0
294	A	0.00000	1	0.00000	0
295	S	0.00000	1	0.00000	0
296	T	0.00000	1	0.00000	0
297	Y	0.00000	1	0.00000	0
298	L	0.00000	1	0.00000	0
299	G	0.00000	1	0.00000	0
300	P	0.00000	1	0.00000	0
301	A	0.00000	1	0.00000	0
302	L	0.00000	1	0.00000	0
303	S	0.00000	1	0.00000	0
304	A	0.00000	1	0.00000	0
305	A	0.00000	1	0.00000	0
306	L	0.00000	1	0.00000	0
307	M	0.00000	1	0.00000	0
308	F	0.00000	1	0.00000	0
309	D	0.00000	1	0.00000	0
310	A	0.00000	1	0.00000	0
311	V	0.00000	1	0.00000	0
312	H	0.00000	1	0.00000	0
313	V	0.00000	1	0.00000	0
314	V	0.00000	1	0.00000	0
315	V	0.00000	1	0.00000	0
316	S	0.00000	1	0.00000	0
317	A	0.00000	1	0.00000	0
318	V	0.00000	1	0.00000	0
319	R	0.00000	1	0.00000	0
320	E	0.00000	1	0.00000	0
321	L	0.00000	1	0.00000	0
322	N	0.00000	1	0.00000	0
323	R	0.00000	1	0.00000	0
324	S	0.00000	1	0.00000	0
325	Q	0.00000	1	0.00000	0
326	E	0.00000	1	0.00000	0
327	I	0.00000	1	0.00000	0
328	G	0.00000	1	0.00000	0
329	V	0.00000	1	0.00000	0
330	K	0.00000	1	0.00000	0
331	P	0.00000	1	0.00000	0
332	L	0.00000	1	0.00000	0
333	A	0.00000	1	0.00000	0
334	C	0.00000	1	0.00000	0
335	T	0.00000	1	0.00000	0
336	S	0.00000	1	0.00000	0
337	A	0.00000	1	0.00000	0
338	N	0.00000	1	0.00000	0
339	I	0.00000	1	0.00000	0
340	W	0.00000	1	0.00000	0
341	P	0.00000	1	0.00000	0
342	H	0.00000	1	0.00000	0
343	G	0.00000	1	0.00000	0
344	T	0.00000	1	0.00000	0
345	S	0.00000	1	0.00000	0
346	L	0.00000	1	0.00000	0
347	M	0.00000	1	0.00000	0
348	N	0.00000	1	0.00000	0
349	Y	0.00000	1	0.00000	0
350	L	0.00000	1	0.00000	0
351	R	0.00000	1	0.00000	0
352	M	0.00000	1	0.00000	0
353	V	0.00000	1	0.00000	0
354	E	0.00000	1	0.00000	0
355	Y	0.00000	1	0.00000	0
356	D	0.00000	1	0.00000	0
357	G	0.00000	1	0.00000	0
358	L	0.00000	1	0.00000	0
359	T	0.00000	1	0.00000	0
360	G	0.00000	1	0.00000	0
361	R	0.00000	1	0.00000	0
362	V	0.00000	1	0.00000	0
363	E	0.00000	1	0.00000	0
364	F	0.00000	1	0.00000	0
365	N	0.00000	1	0.00000	0
366	S	0.00000	1	0.00000	0
367	K	0.00000	1	0.00000	0
368	G	0.00000	1	0.00000	0
369	Q	0.00000	1	0.00000	0
370	R	0.00000	1	0.00000	0
371	T	0.00000	1	0.00000	0
372	N	0.00000	1	0.00000	0
373	Y	0.00000	1	0.00000	0
374	T	0.00000	1	0.00000	0
375	L	0.00000	1	0.00000	0
376	R	0.00000	1	0.00000	0
377	I	0.00000	1	0.00000	0
378	L	0.00000	1	0.00000	0
379	E	0.00000	1	0.00000	0
380	K	0.00000	1	0.00000	0
381	S	0.00000	1	0.00000	0
382	R	0.00000	1	0.00000	0
383	Q	0.00000	1	0.00000	0
384	G	0.00000	1	0.00000	0
385	H	0.00000	1	0.00000	0
386	R	0.00000	1	0.00000	0
387	E	0.00000	1	0.00000	0
388	I	0.00000	1	0.00000	0
389	G	0.00000	1	0.00000	0
390	V	0.00000	1	0.00000	0
391	W	0.00000	1	0.00000	0
392	Y	0.00000	1	0.00000	0
393	S	0.00000	1	0.00000	0
394	N	0.00000	1	0.00000	0
395	R	0.00000	1	0.00000	0
396	T	0.00000	1	0.00000	0
397	L	0.00000	1	0.00000	0
398	A	0.00000	1	0.00000	0
399	M	0.00000	1	0.00000	0
400	N	0.00000	1	0.00000	0
401	A	0.00000	1	0.00000	0
402	T	0.00000	1	0.00000	0
403	T	0.00000	1	0.00000	0
404	L	0.00000	1	0.00000	0
405	D	0.00000	1	0.00000	0
406	I	0.00000	0.99997	0.00003	0
407	N	0.00000	0.99996	0.00004	0
408	L	0.00000	0.99986	0.00014	0
409	S	0.00000	0.99982	0.00018	0
410	Q	0.00000	0.99982	0.00018	0
411	T	0.00000	0.99975	0.00025	0
412	L	0.00000	0.99973	0.00027	0
413	A	0.00000	0.99973	0.00027	0
414	N	0.00000	0.99973	0.00027	0
415	K	0.00000	0.99973	0.00027	0
416	T	0.00000	0.99973	0.00027	0
417	L	0.00000	0.99973	0.00027	0
418	V	0.00000	0.99973	0.00027	0
419	V	0.00000	0.99973	0.00027	0
420	T	0.00000	0.99973	0.00027	0
421	T	0.00000	0.99973	0.00027	0
422	I	0.00000	0.99973	0.00027	0
423	L	0.00000	0.99973	0.00027	0
424	E	0.00000	0.99973	0.00026	0
425	N	0.00001	0.99973	0.00026	0
426	P	0.00001	0.99973	0.00026	0
427	Y	0.00001	0.99973	0.00026	0
428	V	0.00001	0.99973	0.00026	0
429	M	0.00001	0.99973	0.00026	0
430	R	0.00015	0.99973	0.00012	0
431	R	0.00024	0.99973	0.00003	0
432	P	0.00027	0.99973	0.00000	0
433	N	0.00027	0.99973	0.00000	0
434	F	0.00026	0.99973	0.00000	0
435	Q	0.00027	0.99973	0.00000	0
436	A	0.00027	0.99973	0.00000	0
437	L	0.00026	0.99973	0.00001	0
438	S	0.00026	0.99973	0.00001	0
439	G	0.00026	0.99973	0.00001	0
440	N	0.00026	0.99973	0.00001	0
441	E	0.00026	0.99973	0.00001	0
442	R	0.00025	0.99973	0.00001	0
443	F	0.00005	0.99973	0.00022	0
444	E	0.00004	0.99973	0.00023	0
445	G	0.00003	0.99973	0.00024	0
446	F	0.00000	0.99973	0.00027	0
447	C	0.00000	0.99973	0.00027	0
448	V	0.00000	0.99973	0.00027	0
449	D	0.00000	0.99973	0.00027	0
450	M	0.00000	0.99973	0.00027	0
451	L	0.00000	0.99973	0.00027	0
452	R	0.00000	0.99973	0.00027	0
453	E	0.00000	0.99973	0.00027	0
454	L	0.00000	0.99973	0.00027	0
455	A	0.00000	0.99973	0.00027	0
456	E	0.00000	0.99973	0.00027	0
457	L	0.00000	0.99973	0.00027	0
458	L	0.00000	0.99973	0.00027	0
459	R	0.00000	0.99973	0.00027	0
460	F	0.00000	0.99973	0.00027	0
461	R	0.00000	0.99974	0.00026	0
462	Y	0.00000	0.99976	0.00024	0
463	R	0.00000	0.99978	0.00022	0
464	L	0.00000	0.9998	0.00020	0
465	R	0.00000	0.99987	0.00013	0
466	L	0.00000	0.99988	0.00012	0
467	V	0.00000	0.99992	0.00008	0
468	E	0.00000	0.99999	0.00001	0
469	D	0.00000	1	0.00000	0
470	G	0.00000	1	0.00000	0
471	L	0.00000	0.99999	0.00001	0
472	Y	0.00000	0.99999	0.00001	0
473	G	0.00000	0.99999	0.00001	0
474	A	0.00000	0.99999	0.00001	0
475	P	0.00000	0.99999	0.00001	0
476	E	0.00000	0.99999	0.00001	0
477	P	0.00000	0.99998	0.00002	0
478	N	0.00000	0.9999	0.00010	0
479	G	0.00000	0.9988	0.00120	0
480	S	0.00000	0.99738	0.00262	0
481	W	0.00000	0.99174	0.00826	0
482	T	0.00000	0.99131	0.00869	0
483	G	0.00000	0.99124	0.00876	0
484	M	0.00000	0.9912	0.00880	0
485	V	0.00000	0.99107	0.00893	0
486	G	0.00000	0.99107	0.00893	0
487	E	0.00000	0.99107	0.00893	0
488	L	0.00000	0.99107	0.00893	0
489	I	0.00000	0.99107	0.00893	0
490	N	0.00000	0.99107	0.00893	0
491	R	0.00001	0.99107	0.00893	0
492	K	0.00001	0.99107	0.00893	0
493	A	0.00001	0.99107	0.00893	0
494	D	0.00001	0.99107	0.00893	0
495	L	0.00001	0.99107	0.00893	0
496	A	0.00001	0.99107	0.00893	0
497	V	0.00001	0.99106	0.00893	0
498	A	0.00000	0.99106	0.00893	0
499	A	0.00000	0.99106	0.00893	0
500	F	0.00001	0.99106	0.00893	0
501	T	0.00018	0.99106	0.00876	0
502	I	0.00033	0.99106	0.00861	0
503	T	0.00348	0.99106	0.00546	0
504	A	0.00507	0.99106	0.00387	0
505	E	0.00882	0.99106	0.00012	0
506	R	0.00892	0.99102	0.00006	0
507	E	0.00893	0.99102	0.00006	0
508	K	0.00892	0.99092	0.00016	0
509	V	0.00889	0.99073	0.00038	0
510	I	0.00875	0.99071	0.00055	0
511	D	0.00875	0.9907	0.00055	0
512	F	0.00875	0.17801	0.81324	0
513	S	0.00875	0.17456	0.81669	0
514	K	0.00875	0.17422	0.81703	0
515	P	0.00875	0.17261	0.81864	0
516	F	0.00020	0.17151	0.82829	0
517	M	0.00000	0.17122	0.82877	0
518	T	0.00000	0.17103	0.82897	0
519	L	0.00000	0.17085	0.82915	0
520	G	0.00000	0.17081	0.82919	0
521	I	0.00000	0.17018	0.82982	0
522	S	0.00000	0.17016	0.82984	0
523	I	0.00000	0.17016	0.82984	0
524	L	0.00000	0.17016	0.82984	0
525	Y	0.00000	0.17016	0.82984	0
526	R	0.00000	0.17016	0.82984	0
527	V	0.00001	0.17016	0.82984	0
528	H	0.00012	0.17021	0.82967	0
529	M	0.00073	0.17021	0.82906	0
530	G	0.53328	0.17027	0.29645	0
531	R	0.80728	0.17032	0.02240	0
532	K	0.81531	0.17033	0.01436	0
533	P	0.81693	0.17033	0.01274	0
534	G	0.81695	0.17242	0.01063	0
535	Y	0.81699	0.17826	0.00475	0
536	F	0.81837	0.17872	0.00291	0
537	S	0.81932	0.17908	0.00160	0
538	F	0.81933	0.17908	0.00159	0
539	L	0.81943	0.17908	0.00149	0
540	D	0.82091	0.17908	0.00000	0
541	P	0.82091	0.17906	0.00003	0
542	F	0.82091	0.17885	0.00023	0
543	S	0.82091	0.175	0.00408	0
544	P	0.82091	0.16389	0.01520	0
545	A	0.64202	0.08829	0.26969	0
546	V	0.16671	0.05256	0.78073	0
547	W	0.03913	0.04517	0.91571	0
548	L	0.00018	0.04411	0.95571	0
549	F	0.00004	0.04385	0.95611	0
550	M	0.00001	0.0421	0.95789	0
551	L	0.00000	0.04024	0.95976	0
552	L	0.00000	0.03987	0.96013	0
553	A	0.00000	0.03976	0.96024	0
554	Y	0.00000	0.03974	0.96026	0
555	L	0.00000	0.03974	0.96026	0
556	A	0.00000	0.03974	0.96026	0
557	V	0.00000	0.03974	0.96026	0
558	S	0.00000	0.03974	0.96026	0
559	C	0.00000	0.03974	0.96026	0
560	V	0.00000	0.03974	0.96026	0
561	L	0.00000	0.03974	0.96026	0
562	F	0.00000	0.03974	0.96026	0
563	L	0.00000	0.03974	0.96026	0
564	A	0.00021	0.03976	0.96003	0
565	A	0.00152	0.09002	0.90846	0
566	R	0.01299	0.22984	0.75718	0
567	L	0.01857	0.30297	0.67846	0
568	S	0.06840	0.51011	0.42148	0
569	P	0.10468	0.57486	0.32045	0
570	Y	0.10913	0.75727	0.13360	0
571	E	0.13756	0.84399	0.01844	0
572	W	0.13765	0.84808	0.01427	0
573	Y	0.13780	0.85506	0.00714	0
574	N	0.13914	0.86066	0.00021	0
575	P	0.13934	0.86066	0.00000	0
576	H	0.13934	0.86066	0.00000	0
577	P	0.13934	0.86066	0.00000	0
578	C	0.13934	0.86065	0.00000	0
579	L	0.13934	0.86064	0.00002	0
580	R	0.13934	0.86062	0.00004	0
581	A	0.13934	0.86048	0.00018	0
582	R	0.13934	0.86023	0.00043	0
583	P	0.13933	0.86022	0.00045	0
584	H	0.01068	0.86022	0.12910	0
585	I	0.00017	0.86022	0.13961	0
586	L	0.00000	0.86022	0.13978	0
587	E	0.00000	0.86022	0.13978	0
588	N	0.00000	0.84584	0.15416	0
589	Q	0.00000	0.0583	0.94170	0
590	Y	0.00000	0.04033	0.95967	0
591	T	0.00000	0.04002	0.95998	0
592	L	0.00000	0.04	0.96000	0
593	G	0.00000	0.04	0.96000	0
594	N	0.00000	0.04	0.96000	0
595	S	0.00000	0.03996	0.96004	0
596	L	0.00000	0.03991	0.96009	0
597	W	0.00000	0.0399	0.96010	0
598	F	0.00000	0.0399	0.96010	0
599	P	0.00002	0.0399	0.96008	0
600	V	0.00002	0.0399	0.96008	0
601	G	0.00002	0.03997	0.96001	0
602	G	0.00002	0.05413	0.94585	0
603	F	0.00002	0.0653	0.93468	0
604	M	0.00002	0.16923	0.83075	0
605	Q	0.00005	0.17697	0.82298	0
606	Q	0.00010	0.17882	0.82109	0
607	G	0.00029	0.17917	0.82054	0
608	S	0.00060	0.17924	0.82016	0
609	E	0.00189	0.17924	0.81887	0
610	I	0.76521	0.17924	0.05554	0
611	M	0.81954	0.17924	0.00121	0
612	P	0.82066	0.17924	0.00010	0
613	R	0.82066	0.17924	0.00010	0
614	A	0.82066	0.17489	0.00445	0
615	L	0.82066	0.17432	0.00502	0
616	S	0.82072	0.17344	0.00584	0
617	T	0.82073	0.17225	0.00702	0
618	R	0.82074	0.16742	0.01184	0
619	C	0.82071	0.14803	0.03127	0
620	V	0.82070	0.08289	0.09640	0
621	S	0.82059	0.07507	0.10434	0
622	G	0.81288	0.05933	0.12779	0
623	V	0.76103	0.01732	0.22166	0
624	W	0.75610	0.00601	0.23789	0
625	W	0.48492	0.00431	0.51076	0
626	A	0.10350	0.00234	0.89416	0
627	F	0.01369	0.00053	0.98579	0
628	T	0.00506	0.00013	0.99482	0
629	L	0.00007	0	0.99992	0
630	I	0.00000	0	0.99999	0
631	I	0.00000	0	1.00000	0
632	I	0.00000	0	1.00000	0
633	S	0.00000	0	1.00000	0
634	S	0.00000	0	1.00000	0
635	Y	0.00003	0	0.99997	0
636	T	0.00059	0	0.99941	0
637	A	0.00292	0	0.99708	0
638	N	0.00357	0	0.99643	0
639	L	0.00448	0	0.99552	0
640	A	0.01078	1e-05	0.98921	0
641	A	0.01387	2e-05	0.98611	0
642	F	0.01711	0.0002	0.98268	0
643	L	0.04628	0.00337	0.95035	0
644	T	0.11671	0.03788	0.84542	0
645	V	0.12434	0.10603	0.76964	0
646	Q	0.16876	0.61048	0.22077	0
647	R	0.17346	0.75302	0.07352	0
648	M	0.17689	0.7632	0.05991	0
649	E	0.17715	0.81712	0.00573	0
650	V	0.17860	0.81839	0.00302	0
651	P	0.17924	0.8206	0.00016	0
652	V	0.17922	0.82074	0.00003	0
653	E	0.17922	0.82076	0.00003	0
654	S	0.17896	0.82076	0.00029	0
655	A	0.17856	0.82076	0.00068	0
656	D	0.17806	0.82076	0.00118	0
657	D	0.17029	0.82076	0.00895	0
658	L	0.13712	0.82073	0.04215	0
659	A	0.12812	0.82073	0.05115	0
660	D	0.11896	0.82072	0.06031	0
661	Q	0.11203	0.82058	0.06739	0
662	T	0.03147	0.81269	0.15584	0
663	N	0.01756	0.81166	0.17079	0
664	I	0.01143	0.81034	0.17823	0
665	E	0.01137	0.78102	0.20760	0
666	Y	0.00931	0.75237	0.23832	0
667	G	0.00919	0.73333	0.25748	0
668	T	0.00919	0.72696	0.26386	0
669	I	0.00919	0.7258	0.26501	0
670	H	0.00919	0.7253	0.26551	0
671	A	0.00919	0.72507	0.26575	0
672	G	0.00919	0.72507	0.26575	0
673	S	0.00919	0.72507	0.26574	0
674	T	0.00919	0.72507	0.26574	0
675	M	0.00919	0.72508	0.26574	0
676	T	0.00919	0.72512	0.26570	0
677	F	0.00919	0.72523	0.26558	0
678	F	0.00919	0.72708	0.26374	0
679	Q	0.00921	0.76472	0.22607	0
680	N	0.00921	0.79059	0.20020	0
681	S	0.00921	0.80777	0.18302	0
682	R	0.00924	0.87256	0.11820	0
683	Y	0.00927	0.87923	0.11150	0
684	Q	0.01127	0.8906	0.09814	0
685	T	0.01164	0.89161	0.09675	0
686	Y	0.01221	0.89247	0.09532	0
687	Q	0.08965	0.89341	0.01694	0
688	R	0.08988	0.89326	0.01686	0
689	M	0.08990	0.8897	0.02041	0
690	W	0.09006	0.88751	0.02244	0
691	N	0.09852	0.84514	0.05634	0
692	Y	0.09887	0.84389	0.05724	0
693	M	0.10478	0.84167	0.05355	0
694	Q	0.10487	0.84166	0.05348	0
695	S	0.10487	0.84165	0.05348	0
696	K	0.10487	0.84165	0.05348	0
697	Q	0.10487	0.84075	0.05438	0
698	P	0.10487	0.06379	0.83134	0
699	S	0.10437	0.04576	0.84986	0
700	V	0.10418	0.04491	0.85091	0
701	F	0.10418	0.04235	0.85347	0
702	V	0.10418	0.04233	0.85350	0
703	K	0.10419	0.04233	0.85349	0
704	S	0.10435	0.04232	0.85333	0
705	T	0.10506	0.04232	0.85262	0
706	E	0.10579	0.04228	0.85192	0
707	E	0.10584	0.04224	0.85191	0
708	G	0.10584	0.02607	0.86810	0
709	I	0.10583	0.00387	0.89030	0
710	A	0.10586	0.0037	0.89044	0
711	R	0.10622	0.00342	0.89036	0
712	V	0.10629	0.00088	0.89282	0
713	L	0.10791	0.00053	0.89155	0
714	N	0.14789	0.00054	0.85157	0
715	S	0.15580	0.00053	0.84367	0
716	R	0.15753	0.00053	0.84195	0
717	Y	0.15753	0.00053	0.84194	0
718	A	0.15754	0.00053	0.84193	0
719	F	0.15781	0.00053	0.84166	0
720	L	0.18002	0.00056	0.81943	0
721	L	0.89399	0.00105	0.10496	0
722	E	0.95646	0.00121	0.04232	0
723	S	0.95683	0.00122	0.04196	0
724	T	0.95689	0.00122	0.04190	0
725	M	0.95691	0.00122	0.04188	0
726	N	0.95692	0.00122	0.04186	0
727	E	0.95693	0.00122	0.04185	0
728	Y	0.95693	0.00122	0.04185	0
729	H	0.95703	0.00123	0.04174	0
730	R	0.95831	0.00124	0.04046	0
731	R	0.96725	0.00124	0.03151	0
732	L	0.99490	0.00124	0.00385	0
733	N	0.99727	0.00127	0.00147	0
734	C	0.99712	0.00127	0.00161	0
735	N	0.98358	0.00121	0.01521	0
736	L	0.62046	0.0011	0.37844	0
737	T	0.62036	0.0011	0.37854	0
738	Q	0.62028	0.0011	0.37862	0
739	I	0.18510	0.0009	0.81400	0
740	G	0.18510	0.0009	0.81400	0
741	G	0.18510	0.00089	0.81401	0
742	L	0.18509	0.00089	0.81402	0
743	L	0.18509	0.00089	0.81402	0
744	D	0.18509	0.00089	0.81402	0
745	T	0.18409	0.00089	0.81502	0
746	K	0.08570	0.00089	0.91342	0
747	G	0.04961	0.00086	0.94953	0
748	Y	0.00513	0.00077	0.99410	0
749	G	0.00381	0.00077	0.99542	0
750	I	0.00004	0.00077	0.99919	0
751	G	0.00002	0.00077	0.99922	0
752	M	0.00002	0.00077	0.99922	0
753	P	0.00002	0.00081	0.99917	0
754	L	0.00002	0.00083	0.99915	0
755	G	0.00002	0.00315	0.99683	0
756	S	0.00002	0.01083	0.98915	0
757	P	0.00002	0.04746	0.95252	0
758	F	0.00002	0.06771	0.93227	0
759	R	0.00017	0.70637	0.29346	0
760	D	0.00020	0.81009	0.18972	0
761	E	0.00020	0.81132	0.18848	0
762	I	0.00020	0.81141	0.18839	0
763	T	0.00033	0.81217	0.18750	0
764	L	0.00038	0.81254	0.18708	0
765	A	0.00039	0.81259	0.18702	0
766	I	0.00039	0.8131	0.18651	0
767	L	0.00039	0.81683	0.18278	0
768	Q	0.00040	0.87062	0.12897	0
769	L	0.00041	0.88838	0.11121	0
770	Q	0.00051	0.98751	0.01198	0
771	E	0.00052	0.99904	0.00044	0
772	N	0.00052	0.99943	0.00005	0
773	N	0.00052	0.99948	0.00000	0
774	R	0.00052	0.99948	0.00000	0
775	L	0.00052	0.99948	0.00000	0
776	E	0.00052	0.99948	0.00000	0
777	I	0.00052	0.99948	0.00000	0
778	L	0.00052	0.99948	0.00000	0
779	K	0.00052	0.99948	0.00000	0
780	R	0.00052	0.99948	0.00000	0
781	K	0.00052	0.99948	0.00000	0
782	W	0.00052	0.99948	0.00000	0
783	W	0.00052	0.99948	0.00000	0
784	E	0.00052	0.99948	0.00000	0
785	G	0.00052	0.99948	0.00000	0
786	G	0.00052	0.99948	0.00000	0
787	R	0.00052	0.99948	0.00000	0
788	C	0.00052	0.99948	0.00000	0
789	P	0.00052	0.99948	0.00000	0
790	K	0.00052	0.99948	0.00000	0
791	E	0.00052	0.99948	0.00000	0
792	E	0.00052	0.99948	0.00000	0
793	D	0.00052	0.99927	0.00021	0
794	H	0.00052	0.99869	0.00079	0
795	R	0.00050	0.99533	0.00417	0
796	A	0.00049	0.994	0.00551	0
797	K	0.00048	0.99157	0.00795	0
798	G	0.00048	0.90505	0.09447	0
799	L	0.00048	0.27358	0.72594	0
800	G	0.00048	0.16102	0.83850	0
801	M	0.00048	0.065	0.93452	0
802	E	0.00048	0.06413	0.93539	0
803	N	0.00048	0.06093	0.93859	0
804	I	0.00042	0.04822	0.95136	0
805	G	0.00017	0.03798	0.96185	0
806	G	0.00016	0.03416	0.96567	0
807	I	0.00012	0.01217	0.98771	0
808	F	0.00002	0.00082	0.99916	0
809	I	0.00002	2e-05	0.99996	0
810	V	0.00002	0	0.99998	0
811	L	0.00002	0	0.99998	0
812	I	0.00002	0	0.99998	0
813	C	0.00003	0	0.99997	0
814	G	0.00018	0	0.99982	0
815	L	0.00035	0	0.99965	0
816	I	0.00053	0	0.99947	0
817	I	0.00214	0	0.99786	0
818	A	0.03658	0	0.96342	0
819	V	0.07285	0	0.92715	0
820	F	0.26790	0	0.73210	0
821	V	0.62546	0	0.37454	0
822	A	0.82109	1e-05	0.17890	0
823	V	0.84672	1e-05	0.15326	0
824	M	0.90506	2e-05	0.09493	0
825	E	0.93814	6e-05	0.06180	0
826	F	0.93819	6e-05	0.06175	0
827	I	0.93849	9e-05	0.06141	0
828	W	0.94014	0.0002	0.05965	0
829	S	0.96341	0.0004	0.03619	0
830	T	0.97070	0.00047	0.02883	0
831	R	0.99923	0.0005	0.00027	0
832	R	0.99948	0.0005	0.00002	0
833	S	0.99949	0.0005	0.00001	0
834	A	0.99950	0.00031	0.00020	0
835	E	0.99950	9e-05	0.00041	0
836	S	0.99950	6e-05	0.00044	0
837	E	0.99950	0	0.00050	0
838	E	0.99950	0	0.00050	0
839	V	0.99950	0	0.00050	0
840	S	0.99950	0	0.00050	0
841	V	0.99950	0	0.00050	0
842	C	0.99950	0	0.00050	0
843	Q	0.99950	0	0.00050	0
844	E	0.99950	0	0.00050	0
845	M	0.99950	0	0.00050	0
846	L	0.99950	0	0.00050	0
847	Q	0.99950	0	0.00050	0
848	E	0.99950	0	0.00050	0
849	L	0.99950	0	0.00050	0
850	R	0.99950	0	0.00050	0
851	H	0.99950	0	0.00050	0
852	A	0.99950	0	0.00050	0
853	V	0.99950	0	0.00050	0
854	S	0.99950	0	0.00050	0
855	C	0.99950	0	0.00050	0
856	R	1.00000	0	0.00000	0
857	K	1.00000	0	0.00000	0
858	T	1.00000	0	0.00000	0
859	S	1.00000	0	0.00000	0
860	R	1.00000	0	0.00000	0
861	S	0.99994	0	0.00006	0
862	R	0.99990	0	0.00010	0
863	R	0.99990	0	0.00010	0
864	R	0.99990	0	0.00010	0
865	R	0.99990	0	0.00010	0
866	R	0.99990	0	0.00010	0
867	P	0.99990	0	0.00010	0
868	G	0.99990	0	0.00010	0
869	G	0.99990	0	0.00010	0
870	P	0.99990	0	0.00010	0
871	S	0.99989	0	0.00011	0
872	R	0.99989	0	0.00011	0
873	A	0.99862	0	0.00138	0
874	L	0.99728	0	0.00272	0
875	L	0.99697	0	0.00303	0
876	S	0.99605	0	0.00395	0
877	L	0.99567	0	0.00433	0
878	R	0.99567	0	0.00433	0
879	A	0.99567	0	0.00433	0
880	V	0.99567	0	0.00433	0
881	R	0.99567	6e-05	0.00427	0
882	E	0.99567	9e-05	0.00424	0
883	M	0.96625	0.0001	0.03366	0
884	R	0.96406	0.0001	0.03584	0
885	L	0.96362	0.0001	0.03628	0
886	S	0.96071	0.0001	0.03919	0
887	N	0.96042	0.0001	0.03948	0
888	G	0.96028	0.0001	0.03962	0
889	K	0.96025	0.0001	0.03965	0
890	L	0.96025	0.0001	0.03965	0
891	Y	0.96025	0.0001	0.03965	0
892	S	0.96025	0.0001	0.03965	0
893	A	0.96025	0.00012	0.03964	0
894	G	0.96025	0.00057	0.03918	0
895	A	0.96025	0.00094	0.03881	0
896	G	0.96025	0.00328	0.03648	0
897	G	0.96025	0.0038	0.03595	0
898	D	0.96025	0.00431	0.03545	0
899	A	0.96025	0.00431	0.03545	0
900	G	0.96025	0.00432	0.03544	0
901	S	0.96025	0.00432	0.03543	0
902	A	0.96025	0.00439	0.03536	0
903	H	0.96025	0.00842	0.03133	0
904	G	0.96025	0.02587	0.01389	0
905	G	0.96025	0.03272	0.00703	0
906	P	0.96025	0.03758	0.00217	0
907	Q	0.96025	0.03202	0.00773	0
908	R	0.96025	0.01064	0.02912	0
909	L	0.96025	0.00019	0.03956	0
910	L	0.96025	0	0.03975	0
911	D	0.96025	0	0.03975	0
912	D	0.96025	0	0.03975	0
913	P	0.96025	0	0.03975	0
914	G	0.96025	0	0.03975	0
915	P	0.96025	0	0.03975	0
916	P	0.96025	0	0.03975	0
917	S	0.96025	0	0.03975	0
918	G	0.96025	0	0.03975	0
919	A	0.96025	0	0.03975	0
920	R	0.96025	0	0.03975	0
921	P	0.96025	0	0.03975	0
922	A	0.96025	0	0.03975	0
923	A	0.96025	0	0.03975	0
924	P	0.96025	0	0.03975	0
925	T	0.96025	0	0.03975	0
926	P	0.96025	0	0.03975	0
927	C	0.96029	0	0.03971	0
928	T	0.96090	0	0.03910	0
929	H	0.96735	0	0.03265	0
930	V	0.98256	0	0.01744	0
931	R	1.00000	0	0.00000	0
932	V	1.00000	0	0.00000	0
933	C	1.00000	0	0.00000	0
934	Q	1.00000	0	0.00000	0
935	E	1.00000	0	0.00000	0
936	C	1.00000	0	0.00000	0
937	R	1.00000	0	0.00000	0
938	R	1.00000	0	0.00000	0
939	I	1.00000	0	0.00000	0
940	Q	1.00000	0	0.00000	0
941	A	1.00000	0	0.00000	0
942	L	1.00000	0	0.00000	0
943	R	1.00000	0	0.00000	0
944	A	1.00000	0	0.00000	0
945	S	1.00000	0	0.00000	0
946	G	1.00000	0	0.00000	0
947	A	1.00000	0	0.00000	0
948	G	1.00000	0	0.00000	0
949	A	1.00000	0	0.00000	0
950	P	1.00000	0	0.00000	0
951	P	1.00000	0	0.00000	0
952	R	1.00000	0	0.00000	0
953	G	1.00000	0	0.00000	0
954	L	1.00000	0	0.00000	0
955	G	1.00000	0	0.00000	0
956	V	1.00000	0	0.00000	0
957	P	1.00000	0	0.00000	0
958	A	1.00000	0	0.00000	0
959	E	1.00000	0	0.00000	0
960	A	1.00000	0	0.00000	0
961	T	1.00000	0	0.00000	0
962	S	1.00000	0	0.00000	0
963	P	1.00000	0	0.00000	0
964	P	1.00000	0	0.00000	0
965	R	1.00000	0	0.00000	0
966	P	1.00000	0	0.00000	0
967	R	1.00000	0	0.00000	0
968	P	1.00000	0	0.00000	0
969	G	1.00000	0	0.00000	0
970	P	1.00000	0	0.00000	0
971	A	1.00000	0	0.00000	0
972	G	1.00000	0	0.00000	0
973	P	1.00000	0	0.00000	0
974	R	1.00000	0	0.00000	0
975	E	1.00000	0	0.00000	0
976	L	1.00000	0	0.00000	0
977	A	1.00000	0	0.00000	0
978	E	1.00000	0	0.00000	0
979	H	1.00000	0	0.00000	0
980	E	1.00000	0	0.00000	0
