# UNNAMED
#pos	aa	i	o	M	S
1	M	0.00000	0.99941	0.00000	0.00059
2	S	0.00000	0.99941	0.00000	0.00059
3	G	0.00000	0.99941	0.00000	0.00059
4	D	0.00000	0.99941	0.00000	0.00059
5	N	0.00000	0.99941	0.00000	0.00059
6	S	0.00000	0.99941	0.00000	0.00059
7	S	0.00000	0.99941	0.00000	0.00059
8	S	0.00000	0.99941	0.00000	0.00059
9	L	0.00000	0.99941	0.00000	0.0006
10	T	0.00000	0.99941	0.00000	0.00059
11	P	0.00000	0.99941	0.00000	0.00059
12	G	0.00000	0.99941	0.00000	0.00059
13	F	0.00000	0.99941	0.00000	0.00059
14	F	0.00000	0.99941	0.00000	0.00059
15	I	0.00000	0.99941	0.00000	0.00059
16	L	0.00000	0.99941	0.00000	0.00059
17	N	0.00000	0.99941	0.00000	0.00059
18	G	0.00000	0.99941	0.00000	0.00059
19	V	0.00000	0.99941	0.00000	0.00059
20	P	0.00000	0.99941	0.00000	0.00059
21	G	0.00000	0.99941	0.00000	0.00059
22	L	0.00000	0.99995	0.00001	4e-05
23	E	0.00000	0.99994	0.00003	4e-05
24	A	0.00000	0.91865	0.08133	2e-05
25	T	0.00000	0.66299	0.33701	0
26	H	0.00000	0.51758	0.48242	0
27	I	0.00000	0.30574	0.69426	0
28	W	0.00000	0.1398	0.86020	0
29	I	0.00000	0.07037	0.92963	0
30	S	0.00000	0.06915	0.93085	0
31	L	0.00000	0.06379	0.93621	0
32	P	0.00000	0.06281	0.93719	0
33	F	0.00000	0.01517	0.98483	0
34	C	0.00000	0.01031	0.98969	0
35	F	0.00000	0.00017	0.99983	0
36	M	0.00000	2e-05	0.99998	0
37	Y	0.00000	0	1.00000	0
38	I	0.00000	0	1.00000	0
39	I	0.00000	0	1.00000	0
40	A	0.00000	0	1.00000	0
41	V	0.00000	0	1.00000	0
42	V	0.00000	0	1.00000	0
43	G	0.00000	0	1.00000	0
44	N	0.00000	0	1.00000	0
45	C	0.00000	0	1.00000	0
46	G	0.00000	0	1.00000	0
47	L	0.00000	0	1.00000	0
48	I	0.00002	0	0.99998	0
49	C	0.00099	0	0.99901	0
50	L	0.01319	0	0.98681	0
51	I	0.04836	0	0.95164	0
52	S	0.87910	0	0.12090	0
53	H	0.97159	0	0.02841	0
54	E	0.99903	0	0.00097	0
55	E	0.99993	0	0.00007	0
56	A	0.99996	0	0.00004	0
57	L	0.99997	0	0.00003	0
58	H	1.00000	0	0.00000	0
59	R	1.00000	0	0.00000	0
60	P	1.00000	0	0.00000	0
61	M	0.12353	0	0.87647	0
62	Y	0.05546	0	0.94454	0
63	Y	0.01544	0	0.98456	0
64	F	0.00018	0	0.99982	0
65	L	0.00001	0	0.99999	0
66	A	0.00000	0	1.00000	0
67	L	0.00000	0	1.00000	0
68	L	0.00000	0	1.00000	0
69	S	0.00000	0	1.00000	0
70	F	0.00000	0	1.00000	0
71	T	0.00000	0	1.00000	0
72	D	0.00000	0	1.00000	0
73	V	0.00000	0	1.00000	0
74	T	0.00000	0	1.00000	0
75	L	0.00000	0	1.00000	0
76	C	0.00000	0	1.00000	0
77	T	0.00000	0	1.00000	0
78	T	0.00000	0	1.00000	0
79	M	0.00000	0	1.00000	0
80	V	0.00000	1e-05	0.99999	0
81	P	0.00000	0.0002	0.99980	0
82	N	0.00000	0.2462	0.75380	0
83	M	0.00000	0.28659	0.71341	0
84	L	0.00000	0.56008	0.43992	0
85	C	0.00000	0.99912	0.00088	0
86	I	0.00000	0.99978	0.00022	0
87	F	0.00000	0.99979	0.00021	0
88	W	0.00000	0.99979	0.00021	0
89	F	0.00000	0.9998	0.00020	0
90	N	0.00000	0.99981	0.00019	0
91	L	0.00000	0.99993	0.00007	0
92	K	0.00000	1	0.00000	0
93	E	0.00000	1	0.00000	0
94	I	0.00000	1	0.00000	0
95	D	0.00000	1	0.00000	0
96	F	0.00000	1	0.00000	0
97	N	0.00000	1	0.00000	0
98	A	0.00000	0.99993	0.00007	0
99	C	0.00000	0.99982	0.00018	0
100	L	0.00000	0.99529	0.00471	0
101	A	0.00000	0.98973	0.01027	0
102	Q	0.00000	0.97104	0.02896	0
103	M	0.00000	0.12235	0.87765	0
104	F	0.00000	0.0096	0.99040	0
105	F	0.00000	0.0002	0.99980	0
106	V	0.00000	1e-05	0.99999	0
107	H	0.00000	0	1.00000	0
108	M	0.00000	0	1.00000	0
109	L	0.00000	0	1.00000	0
110	T	0.00000	0	1.00000	0
111	G	0.00000	0	1.00000	0
112	M	0.00000	0	1.00000	0
113	E	0.00000	0	1.00000	0
114	S	0.00000	0	1.00000	0
115	G	0.00000	0	1.00000	0
116	V	0.00000	0	1.00000	0
117	L	0.00000	0	1.00000	0
118	M	0.00000	0	1.00000	0
119	L	0.00000	0	1.00000	0
120	M	0.00000	0	1.00000	0
121	A	0.00000	0	1.00000	0
122	L	0.00000	0	1.00000	0
123	D	0.00000	0	1.00000	0
124	R	0.00392	0	0.99608	0
125	Y	0.05020	0	0.94980	0
126	V	0.92429	0	0.07571	0
127	A	0.98436	0	0.01564	0
128	I	0.99999	0	0.00001	0
129	C	1.00000	0	0.00000	0
130	Y	1.00000	0	0.00000	0
131	P	1.00000	0	0.00000	0
132	L	1.00000	0	0.00000	0
133	R	1.00000	0	0.00000	0
134	Y	1.00000	0	0.00000	0
135	A	1.00000	0	0.00000	0
136	T	1.00000	0	0.00000	0
137	I	0.99999	0	0.00001	0
138	L	0.99998	0	0.00002	0
139	T	0.99998	0	0.00002	0
140	N	0.99993	0	0.00007	0
141	P	0.98949	0	0.01051	0
142	V	0.34550	0	0.65450	0
143	I	0.10979	0	0.89021	0
144	A	0.05763	0	0.94237	0
145	K	0.04483	0	0.95517	0
146	A	0.00278	0	0.99722	0
147	G	0.00138	0	0.99862	0
148	L	0.00118	0	0.99882	0
149	A	0.00006	0	0.99994	0
150	T	0.00001	0	0.99999	0
151	F	0.00000	0	1.00000	0
152	L	0.00000	0	1.00000	0
153	R	0.00000	0	1.00000	0
154	N	0.00000	0	1.00000	0
155	V	0.00000	0	1.00000	0
156	M	0.00000	0	1.00000	0
157	L	0.00000	0	1.00000	0
158	I	0.00000	1e-05	0.99999	0
159	I	0.00000	1e-05	0.99999	0
160	P	0.00000	7e-05	0.99993	0
161	F	0.00000	0.00071	0.99929	0
162	T	0.00000	0.01874	0.98126	0
163	L	0.00000	0.04614	0.95386	0
164	L	0.00000	0.2055	0.79450	0
165	T	0.00000	0.70971	0.29029	0
166	K	0.00000	0.99601	0.00399	0
167	R	0.00000	0.99824	0.00176	0
168	L	0.00000	0.99836	0.00164	0
169	P	0.00000	0.99913	0.00087	0
170	Y	0.00000	0.99952	0.00048	0
171	C	0.00000	0.99998	0.00002	0
172	R	0.00000	1	0.00000	0
173	G	0.00000	1	0.00000	0
174	N	0.00000	1	0.00000	0
175	F	0.00000	1	0.00000	0
176	I	0.00000	1	0.00000	0
177	P	0.00000	1	0.00000	0
178	H	0.00000	1	0.00000	0
179	T	0.00000	1	0.00000	0
180	Y	0.00000	1	0.00000	0
181	C	0.00000	1	0.00000	0
182	D	0.00000	1	0.00000	0
183	H	0.00000	1	0.00000	0
184	M	0.00000	1	0.00000	0
185	S	0.00000	1	0.00000	0
186	V	0.00000	1	0.00000	0
187	A	0.00000	1	0.00000	0
188	K	0.00000	1	0.00000	0
189	V	0.00000	1	0.00000	0
190	S	0.00000	0.99995	0.00005	0
191	C	0.00000	0.99995	0.00005	0
192	G	0.00000	0.99987	0.00013	0
193	N	0.00000	0.99983	0.00017	0
194	F	0.00000	0.99972	0.00028	0
195	K	0.00000	0.99946	0.00054	0
196	V	0.00000	0.76759	0.23241	0
197	N	0.00000	0.76607	0.23393	0
198	A	0.00000	0.2433	0.75670	0
199	I	0.00000	0.07774	0.92226	0
200	Y	0.00000	0.03147	0.96853	0
201	G	0.00000	0.02207	0.97793	0
202	L	0.00000	0.00458	0.99542	0
203	M	0.00000	0.00249	0.99751	0
204	V	0.00000	0.00029	0.99971	0
205	A	0.00000	0.00027	0.99973	0
206	L	0.00000	0.00026	0.99974	0
207	L	0.00000	0	1.00000	0
208	I	0.00000	0	1.00000	0
209	G	0.00000	0	1.00000	0
210	V	0.00000	0	1.00000	0
211	F	0.00000	0	1.00000	0
212	D	0.00000	0	1.00000	0
213	I	0.00000	0	1.00000	0
214	C	0.00000	0	1.00000	0
215	C	0.00001	0	0.99999	0
216	I	0.00005	0	0.99995	0
217	S	0.00247	0	0.99753	0
218	V	0.00521	0	0.99479	0
219	S	0.03519	0	0.96481	0
220	Y	0.04680	0	0.95320	0
221	T	0.14959	0	0.85041	0
222	M	0.17460	0	0.82540	0
223	I	0.22716	0	0.77284	0
224	L	0.35960	0	0.64040	0
225	Q	0.99571	0	0.00429	0
226	A	0.99673	0	0.00327	0
227	V	0.99741	0	0.00259	0
228	M	0.99894	0	0.00106	0
229	S	0.99961	0	0.00039	0
230	L	0.99967	0	0.00033	0
231	S	0.99997	0	0.00003	0
232	S	1.00000	0	0.00000	0
233	A	1.00000	0	0.00000	0
234	D	1.00000	0	0.00000	0
235	A	0.99999	0	0.00001	0
236	R	0.99983	0	0.00017	0
237	H	0.99951	0	0.00049	0
238	K	0.86131	0	0.13869	0
239	A	0.71750	0	0.28250	0
240	F	0.39983	0	0.60017	0
241	S	0.18016	0	0.81984	0
242	T	0.16333	0	0.83667	0
243	C	0.13929	0	0.86071	0
244	T	0.13210	0	0.86790	0
245	S	0.13203	0	0.86797	0
246	H	0.12739	0	0.87261	0
247	M	0.10551	0	0.89449	0
248	C	0.02895	0	0.97105	0
249	S	0.00092	0	0.99908	0
250	I	0.00000	0	1.00000	0
251	V	0.00000	0	1.00000	0
252	I	0.00000	0	1.00000	0
253	T	0.00000	0	1.00000	0
254	Y	0.00000	0	1.00000	0
255	V	0.00000	0	1.00000	0
256	A	0.00000	0	1.00000	0
257	A	0.00000	0	1.00000	0
258	F	0.00000	9e-05	0.99991	0
259	F	0.00000	0.00239	0.99761	0
260	T	0.00000	0.01256	0.98744	0
261	F	0.00000	0.02808	0.97192	0
262	F	0.00000	0.11663	0.88337	0
263	T	0.00000	0.51898	0.48102	0
264	H	0.00000	0.75807	0.24193	0
265	R	0.00000	0.83169	0.16831	0
266	F	0.00000	0.83518	0.16482	0
267	V	0.00000	0.84938	0.15062	0
268	G	0.00000	0.91775	0.08225	0
269	H	0.00000	0.99428	0.00572	0
270	N	0.00000	0.9995	0.00050	0
271	I	0.00000	0.99845	0.00155	0
272	P	0.00000	0.99797	0.00203	0
273	N	0.00000	0.98546	0.01454	0
274	H	0.00000	0.92346	0.07654	0
275	I	0.00000	0.35446	0.64554	0
276	H	0.00000	0.22189	0.77811	0
277	I	0.00000	0.0347	0.96530	0
278	I	0.00000	0.00162	0.99838	0
279	V	0.00000	1e-05	0.99999	0
280	A	0.00000	0	1.00000	0
281	N	0.00000	0	1.00000	0
282	L	0.00000	0	1.00000	0
283	Y	0.00000	0	1.00000	0
284	L	0.00000	0	1.00000	0
285	L	0.00000	0	1.00000	0
286	L	0.00000	0	1.00000	0
287	P	0.00004	0	0.99996	0
288	P	0.00009	0	0.99991	0
289	T	0.00010	0	0.99990	0
290	M	0.00010	0	0.99990	0
291	N	0.00010	0	0.99990	0
292	P	0.00010	0	0.99990	0
293	I	0.00011	0	0.99989	0
294	V	0.00036	0	0.99964	0
295	Y	0.00636	0	0.99364	0
296	G	0.03067	0	0.96933	0
297	V	0.24684	0	0.75316	0
298	K	1.00000	0	0.00000	0
299	T	1.00000	0	0.00000	0
300	K	1.00000	0	0.00000	0
301	Q	1.00000	0	0.00000	0
302	I	1.00000	0	0.00000	0
303	Q	1.00000	0	0.00000	0
304	E	1.00000	0	0.00000	0
305	G	1.00000	0	0.00000	0
306	V	1.00000	0	0.00000	0
307	I	1.00000	0	0.00000	0
308	K	1.00000	0	0.00000	0
309	F	1.00000	0	0.00000	0
310	L	1.00000	0	0.00000	0
311	L	1.00000	0	0.00000	0
312	G	1.00000	0	0.00000	0
313	D	1.00000	0	0.00000	0
314	K	1.00000	0	0.00000	0
315	V	1.00000	0	0.00000	0
316	S	1.00000	0	0.00000	0
317	F	1.00000	0	0.00000	0
318	T	1.00000	0	0.00000	0
319	Y	1.00000	0	0.00000	0
320	D	1.00000	0	0.00000	0
321	K	1.00000	0	0.00000	0
