# UNNAMED
#pos	aa	i	o	M	S
1	M	0.00000	0.99891	0.00000	0.00109
2	L	0.00000	0.99891	0.00000	0.00109
3	T	0.00000	0.99891	0.00000	0.00109
4	F	0.00000	0.99891	0.00000	0.00109
5	H	0.00000	0.99891	0.00000	0.00109
6	N	0.00000	0.99891	0.00000	0.00109
7	V	0.00000	0.99891	0.00000	0.00109
8	C	0.00000	0.99891	0.00000	0.00109
9	S	0.00000	0.99891	0.00000	0.00109
10	V	0.00000	0.99891	0.00000	0.00109
11	P	0.00000	0.99891	0.00000	0.0011
12	S	0.00000	0.99891	0.00000	0.0011
13	S	0.00000	0.99894	0.00000	0.00107
14	F	0.00000	0.99893	0.00000	0.00107
15	W	0.00000	0.99894	0.00000	0.00106
16	L	0.00000	0.99894	0.00000	0.00106
17	T	0.00000	0.99894	0.00000	0.00105
18	G	0.00000	0.99894	0.00000	0.00106
19	I	0.00000	0.99894	0.00000	0.00105
20	P	0.00000	0.99894	0.00000	0.00106
21	G	0.00000	0.99894	0.00000	0.00106
22	L	0.00000	0.99984	0.00001	0.00016
23	E	0.00000	0.99983	0.00001	0.00016
24	S	0.00000	0.97415	0.02578	6e-05
25	L	0.00000	0.86969	0.13031	0
26	H	0.00000	0.82739	0.17261	0
27	V	0.00000	0.64243	0.35757	0
28	W	0.00000	0.29901	0.70099	0
29	L	0.00000	0.1599	0.84010	0
30	S	0.00000	0.12632	0.87368	0
31	I	0.00000	0.09242	0.90758	0
32	P	0.00000	0.09093	0.90907	0
33	F	0.00000	0.00681	0.99319	0
34	G	0.00000	0.00258	0.99742	0
35	S	0.00000	0.00058	0.99942	0
36	M	0.00000	6e-05	0.99994	0
37	Y	0.00000	0	1.00000	0
38	L	0.00000	0	1.00000	0
39	V	0.00000	0	1.00000	0
40	A	0.00000	0	1.00000	0
41	V	0.00000	0	1.00000	0
42	V	0.00000	0	1.00000	0
43	G	0.00000	0	1.00000	0
44	N	0.00000	0	1.00000	0
45	V	0.00000	0	1.00000	0
46	T	0.00000	0	1.00000	0
47	I	0.00001	0	0.99999	0
48	L	0.00011	0	0.99989	0
49	A	0.00318	0	0.99682	0
50	V	0.04010	0	0.95990	0
51	V	0.16356	0	0.83644	0
52	K	0.89032	0	0.10968	0
53	I	0.90318	0	0.09682	0
54	E	0.99651	0	0.00349	0
55	R	0.99991	0	0.00009	0
56	S	0.99999	0	0.00001	0
57	L	1.00000	0	0.00000	0
58	H	1.00000	0	0.00000	0
59	Q	1.00000	0	0.00000	0
60	P	1.00000	0	0.00000	0
61	M	0.53555	0	0.46445	0
62	Y	0.31723	0	0.68277	0
63	F	0.04251	0	0.95749	0
64	F	0.00036	0	0.99964	0
65	L	0.00000	0	1.00000	0
66	C	0.00000	0	1.00000	0
67	M	0.00000	0	1.00000	0
68	L	0.00000	0	1.00000	0
69	A	0.00000	0	1.00000	0
70	A	0.00000	0	1.00000	0
71	I	0.00000	0	1.00000	0
72	D	0.00000	0	1.00000	0
73	L	0.00000	0	1.00000	0
74	V	0.00000	0	1.00000	0
75	L	0.00000	0	1.00000	0
76	S	0.00000	0	1.00000	0
77	T	0.00000	0	1.00000	0
78	S	0.00000	0	1.00000	0
79	T	0.00000	1e-05	0.99999	0
80	I	0.00000	5e-05	0.99995	0
81	P	0.00000	0.00088	0.99912	0
82	K	0.00000	0.01617	0.98383	0
83	L	0.00000	0.02561	0.97439	0
84	L	0.00000	0.17629	0.82371	0
85	G	0.00000	0.76053	0.23947	0
86	I	0.00000	0.99898	0.00102	0
87	F	0.00000	0.99957	0.00043	0
88	W	0.00000	0.99963	0.00037	0
89	F	0.00000	0.99973	0.00027	0
90	G	0.00000	0.99996	0.00004	0
91	A	0.00000	0.99999	0.00001	0
92	C	0.00000	1	0.00000	0
93	D	0.00000	1	0.00000	0
94	I	0.00000	1	0.00000	0
95	G	0.00000	1	0.00000	0
96	L	0.00000	1	0.00000	0
97	D	0.00000	1	0.00000	0
98	A	0.00000	0.99991	0.00009	0
99	C	0.00000	0.99976	0.00024	0
100	L	0.00000	0.99322	0.00678	0
101	G	0.00000	0.98944	0.01056	0
102	Q	0.00000	0.96929	0.03071	0
103	M	0.00000	0.01802	0.98198	0
104	F	0.00000	0.00312	0.99688	0
105	L	0.00000	0.00018	0.99982	0
106	I	0.00000	0	1.00000	0
107	H	0.00000	0	1.00000	0
108	C	0.00000	0	1.00000	0
109	F	0.00000	0	1.00000	0
110	A	0.00000	0	1.00000	0
111	T	0.00000	0	1.00000	0
112	V	0.00000	0	1.00000	0
113	E	0.00000	0	1.00000	0
114	S	0.00000	0	1.00000	0
115	G	0.00000	0	1.00000	0
116	I	0.00000	0	1.00000	0
117	F	0.00000	0	1.00000	0
118	L	0.00000	0	1.00000	0
119	A	0.00000	0	1.00000	0
120	M	0.00000	0	1.00000	0
121	A	0.00000	0	1.00000	0
122	F	0.00000	0	1.00000	0
123	D	0.00000	0	1.00000	0
124	R	0.00236	0	0.99764	0
125	Y	0.04445	0	0.95555	0
126	V	0.89410	0	0.10590	0
127	A	0.97915	0	0.02085	0
128	I	0.99998	0	0.00002	0
129	C	1.00000	0	0.00000	0
130	N	1.00000	0	0.00000	0
131	P	1.00000	0	0.00000	0
132	L	1.00000	0	0.00000	0
133	R	1.00000	0	0.00000	0
134	H	1.00000	0	0.00000	0
135	S	1.00000	0	0.00000	0
136	M	0.99998	0	0.00002	0
137	V	0.99975	0	0.00025	0
138	L	0.99946	0	0.00054	0
139	T	0.99940	0	0.00060	0
140	Y	0.99916	0	0.00084	0
141	T	0.96387	0	0.03613	0
142	V	0.63830	0	0.36170	0
143	V	0.48721	0	0.51279	0
144	G	0.40638	0	0.59362	0
145	R	0.32062	0	0.67938	0
146	L	0.04483	0	0.95517	0
147	G	0.03132	0	0.96868	0
148	L	0.02425	0	0.97575	0
149	V	0.00022	0	0.99978	0
150	S	0.00001	0	0.99999	0
151	L	0.00000	0	1.00000	0
152	L	0.00000	0	1.00000	0
153	R	0.00000	0	1.00000	0
154	G	0.00000	0	1.00000	0
155	V	0.00000	0	1.00000	0
156	L	0.00000	0	1.00000	0
157	Y	0.00000	7e-05	0.99993	0
158	I	0.00000	0.00038	0.99962	0
159	G	0.00000	0.00048	0.99952	0
160	P	0.00000	0.00071	0.99929	0
161	L	0.00000	0.00158	0.99842	0
162	P	0.00000	0.01904	0.98096	0
163	L	0.00000	0.02238	0.97762	0
164	M	0.00000	0.03973	0.96027	0
165	I	0.00000	0.17715	0.82285	0
166	R	0.00000	0.74609	0.25391	0
167	L	0.00000	0.77081	0.22919	0
168	R	0.00000	0.96642	0.03358	0
169	L	0.00000	0.97373	0.02627	0
170	P	0.00000	0.99362	0.00638	0
171	L	0.00000	0.99936	0.00064	0
172	Y	0.00000	0.99984	0.00016	0
173	K	0.00000	1	0.00000	0
174	T	0.00000	1	0.00000	0
175	H	0.00000	1	0.00000	0
176	V	0.00000	1	0.00000	0
177	I	0.00000	1	0.00000	0
178	S	0.00000	1	0.00000	0
179	H	0.00000	1	0.00000	0
180	S	0.00000	1	0.00000	0
181	Y	0.00000	1	0.00000	0
182	C	0.00000	1	0.00000	0
183	E	0.00000	1	0.00000	0
184	H	0.00000	1	0.00000	0
185	M	0.00000	1	0.00000	0
186	A	0.00000	1	0.00000	0
187	V	0.00000	1	0.00000	0
188	V	0.00000	1	0.00000	0
189	A	0.00000	1	0.00000	0
190	L	0.00000	1	0.00000	0
191	T	0.00000	1	0.00000	0
192	C	0.00000	1	0.00000	0
193	G	0.00000	1	0.00000	0
194	D	0.00000	1	0.00000	0
195	S	0.00000	0.99999	0.00001	0
196	R	0.00000	0.99993	0.00007	0
197	V	0.00000	0.97942	0.02058	0
198	N	0.00000	0.97922	0.02078	0
199	N	0.00000	0.86198	0.13802	0
200	V	0.00000	0.80502	0.19498	0
201	Y	0.00000	0.03971	0.96029	0
202	G	0.00000	0.02698	0.97302	0
203	L	0.00000	0.01497	0.98503	0
204	S	0.00000	0.00921	0.99079	0
205	I	0.00000	0.00884	0.99116	0
206	G	0.00000	0.00877	0.99123	0
207	F	0.00000	0.00872	0.99128	0
208	L	0.00000	0	1.00000	0
209	V	0.00000	0	1.00000	0
210	L	0.00000	0	1.00000	0
211	I	0.00000	0	1.00000	0
212	L	0.00000	0	1.00000	0
213	D	0.00000	0	1.00000	0
214	S	0.00000	0	1.00000	0
215	V	0.00000	0	1.00000	0
216	A	0.00000	0	1.00000	0
217	I	0.00000	0	1.00000	0
218	A	0.00003	0	0.99997	0
219	A	0.00017	0	0.99983	0
220	S	0.00129	0	0.99871	0
221	Y	0.00161	0	0.99839	0
222	V	0.00418	0	0.99582	0
223	M	0.01449	0	0.98551	0
224	I	0.02656	0	0.97344	0
225	F	0.08297	0	0.91703	0
226	R	0.98157	0	0.01843	0
227	A	0.98671	0	0.01329	0
228	V	0.98828	0	0.01172	0
229	M	0.99144	0	0.00856	0
230	G	0.99566	0	0.00434	0
231	L	0.99977	0	0.00023	0
232	A	0.99994	0	0.00006	0
233	T	1.00000	0	0.00000	0
234	P	1.00000	0	0.00000	0
235	E	1.00000	0	0.00000	0
236	A	0.99980	0	0.00020	0
237	R	0.91614	0	0.08386	0
238	L	0.81854	0	0.18146	0
239	K	0.77175	0	0.22825	0
240	T	0.74376	0	0.25624	0
241	L	0.30079	0	0.69921	0
242	G	0.03404	0	0.96596	0
243	T	0.03385	0	0.96615	0
244	C	0.01731	0	0.98269	0
245	A	0.01624	0	0.98376	0
246	S	0.01617	0	0.98383	0
247	H	0.01612	0	0.98388	0
248	L	0.00246	0	0.99754	0
249	C	0.00160	0	0.99840	0
250	A	0.00001	0	0.99999	0
251	I	0.00000	0	1.00000	0
252	L	0.00000	0	1.00000	0
253	I	0.00000	0	1.00000	0
254	F	0.00000	0	1.00000	0
255	Y	0.00000	0	1.00000	0
256	V	0.00000	1e-05	0.99999	0
257	P	0.00000	0.00033	0.99967	0
258	I	0.00000	0.00084	0.99916	0
259	A	0.00000	0.00672	0.99328	0
260	V	0.00000	0.03234	0.96766	0
261	S	0.00000	0.06058	0.93942	0
262	S	0.00000	0.0821	0.91790	0
263	L	0.00000	0.11132	0.88868	0
264	I	0.00000	0.29452	0.70548	0
265	H	0.00000	0.75486	0.24514	0
266	R	0.00000	0.92394	0.07606	0
267	F	0.00000	0.93344	0.06656	0
268	G	0.00000	0.98075	0.01925	0
269	Q	0.00000	0.99501	0.00499	0
270	C	0.00000	0.99951	0.00049	0
271	V	0.00000	0.99936	0.00064	0
272	P	0.00000	0.99928	0.00072	0
273	P	0.00000	0.99789	0.00211	0
274	P	0.00000	0.96753	0.03247	0
275	V	0.00000	0.39707	0.60293	0
276	H	0.00000	0.2762	0.72380	0
277	T	0.00000	0.09343	0.90657	0
278	L	0.00000	0.0031	0.99690	0
279	L	0.00000	2e-05	0.99998	0
280	A	0.00000	0	1.00000	0
281	N	0.00000	0	1.00000	0
282	F	0.00000	0	1.00000	0
283	Y	0.00000	0	1.00000	0
284	L	0.00000	0	1.00000	0
285	L	0.00000	0	1.00000	0
286	I	0.00003	0	0.99997	0
287	P	0.00016	0	0.99984	0
288	P	0.00025	0	0.99975	0
289	I	0.00030	0	0.99970	0
290	L	0.00035	0	0.99965	0
291	N	0.00036	0	0.99964	0
292	P	0.00037	0	0.99963	0
293	I	0.00040	0	0.99960	0
294	V	0.00174	0	0.99826	0
295	Y	0.01878	0	0.98122	0
296	A	0.03562	0	0.96438	0
297	V	0.10827	0	0.89173	0
298	R	1.00000	0	0.00000	0
299	T	1.00000	0	0.00000	0
300	K	1.00000	0	0.00000	0
301	Q	1.00000	0	0.00000	0
302	I	1.00000	0	0.00000	0
303	R	1.00000	0	0.00000	0
304	E	1.00000	0	0.00000	0
305	S	1.00000	0	0.00000	0
306	L	1.00000	0	0.00000	0
307	L	1.00000	0	0.00000	0
308	Q	1.00000	0	0.00000	0
309	I	1.00000	0	0.00000	0
310	P	1.00000	0	0.00000	0
311	R	1.00000	0	0.00000	0
312	I	1.00000	0	0.00000	0
313	E	1.00000	0	0.00000	0
314	M	1.00000	0	0.00000	0
315	K	1.00000	0	0.00000	0
316	I	1.00000	0	0.00000	0
317	R	1.00000	0	0.00000	0
