# UNNAMED
#pos	aa	i	o	M	S
1	M	0.00000	2e-05	0.00000	0.99998
2	R	0.00000	2e-05	0.00000	0.99998
3	A	0.00000	2e-05	0.00000	0.99998
4	P	0.00000	2e-05	0.00000	0.99997
5	G	0.00000	2e-05	0.00000	0.99998
6	A	0.00000	2e-05	0.00000	0.99998
7	L	0.00000	2e-05	0.00000	0.99998
8	L	0.00000	2e-05	0.00000	0.99998
9	A	0.00000	2e-05	0.00000	0.99998
10	R	0.00000	2e-05	0.00000	0.99998
11	M	0.00000	2e-05	0.00000	0.99997
12	S	0.00000	2e-05	0.00000	0.99998
13	R	0.00000	2e-05	0.00000	0.99998
14	L	0.00000	2e-05	0.00000	0.99997
15	L	0.00000	2e-05	0.00000	0.99998
16	L	0.00000	2e-05	0.00000	0.99997
17	L	0.00000	2e-05	0.00000	0.99998
18	L	0.00000	2e-05	0.00000	0.99998
19	L	0.00000	2e-05	0.00000	0.99998
20	L	0.00000	2e-05	0.00000	0.99997
21	K	0.00000	2e-05	0.00000	0.99997
22	V	0.00000	3e-05	0.00000	0.99997
23	S	0.00000	3e-05	0.00000	0.99997
24	A	0.00000	3e-05	0.00000	0.99997
25	S	0.00000	0.10247	0.00000	0.89753
26	S	0.00000	0.1515	0.00000	0.84851
27	A	0.00000	0.31536	0.00000	0.68463
28	L	0.00000	0.34827	0.00000	0.65173
29	G	0.00000	0.35096	0.00000	0.64904
30	V	0.00000	0.99098	0.00000	0.00902
31	A	0.00000	0.99099	0.00000	0.00901
32	P	0.00000	0.99099	0.00000	0.00901
33	A	0.00000	0.991	0.00000	0.009
34	S	0.00000	0.99999	0.00000	0
35	R	0.00000	1	0.00000	0
36	N	0.00000	1	0.00000	0
37	E	0.00000	1	0.00000	0
38	T	0.00000	1	0.00000	0
39	C	0.00000	1	0.00000	0
40	L	0.00000	1	0.00000	0
41	G	0.00000	1	0.00000	0
42	E	0.00000	1	0.00000	0
43	S	0.00000	1	0.00000	0
44	C	0.00000	1	0.00000	0
45	A	0.00000	1	0.00000	0
46	P	0.00000	1	0.00000	0
47	T	0.00000	1	0.00000	0
48	V	0.00000	1	0.00000	0
49	I	0.00000	1	0.00000	0
50	Q	0.00000	1	0.00000	0
51	R	0.00000	1	0.00000	0
52	R	0.00000	1	0.00000	0
53	G	0.00000	1	0.00000	0
54	R	0.00000	1	0.00000	0
55	D	0.00000	1	0.00000	0
56	A	0.00000	1	0.00000	0
57	W	0.00000	1	0.00000	0
58	G	0.00000	1	0.00000	0
59	P	0.00000	1	0.00000	0
60	G	0.00000	1	0.00000	0
61	N	0.00000	1	0.00000	0
62	S	0.00000	1	0.00000	0
63	A	0.00000	1	0.00000	0
64	R	0.00000	1	0.00000	0
65	D	0.00000	1	0.00000	0
66	V	0.00000	1	0.00000	0
67	L	0.00000	1	0.00000	0
68	R	0.00000	1	0.00000	0
69	A	0.00000	1	0.00000	0
70	R	0.00000	1	0.00000	0
71	A	0.00000	1	0.00000	0
72	P	0.00000	1	0.00000	0
73	R	0.00000	1	0.00000	0
74	E	0.00000	1	0.00000	0
75	E	0.00000	1	0.00000	0
76	Q	0.00000	1	0.00000	0
77	G	0.00000	1	0.00000	0
78	A	0.00000	1	0.00000	0
79	A	0.00000	1	0.00000	0
80	F	0.00000	1	0.00000	0
81	L	0.00000	1	0.00000	0
82	A	0.00000	1	0.00000	0
83	G	0.00000	1	0.00000	0
84	P	0.00000	1	0.00000	0
85	S	0.00000	1	0.00000	0
86	W	0.00000	1	0.00000	0
87	D	0.00000	1	0.00000	0
88	L	0.00000	1	0.00000	0
89	P	0.00000	1	0.00000	0
90	A	0.00000	1	0.00000	0
91	A	0.00000	1	0.00000	0
92	P	0.00000	1	0.00000	0
93	G	0.00000	1	0.00000	0
94	R	0.00000	1	0.00000	0
95	D	0.00000	1	0.00000	0
96	P	0.00000	1	0.00000	0
97	A	0.00000	1	0.00000	0
98	A	0.00000	1	0.00000	0
99	G	0.00000	1	0.00000	0
100	R	0.00000	1	0.00000	0
101	G	0.00000	1	0.00000	0
102	A	0.00000	1	0.00000	0
103	E	0.00000	1	0.00000	0
104	A	0.00000	1	0.00000	0
105	S	0.00000	1	0.00000	0
106	A	0.00000	1	0.00000	0
107	A	0.00000	1	0.00000	0
108	G	0.00000	1	0.00000	0
109	P	0.00000	1	0.00000	0
110	P	0.00000	1	0.00000	0
111	G	0.00000	1	0.00000	0
112	P	0.00000	1	0.00000	0
113	P	0.00000	1	0.00000	0
114	T	0.00000	1	0.00000	0
115	R	0.00000	1	0.00000	0
116	P	0.00000	1	0.00000	0
117	P	0.00000	1	0.00000	0
118	G	0.00000	1	0.00000	0
119	P	0.00000	1	0.00000	0
120	W	0.00000	1	0.00000	0
121	R	0.00000	1	0.00000	0
122	W	0.00000	1	0.00000	0
123	K	0.00000	1	0.00000	0
124	G	0.00000	1	0.00000	0
125	A	0.00000	1	0.00000	0
126	R	0.00000	1	0.00000	0
127	G	0.00000	1	0.00000	0
128	Q	0.00000	1	0.00000	0
129	E	0.00000	1	0.00000	0
130	P	0.00000	1	0.00000	0
131	S	0.00000	1	0.00000	0
132	E	0.00000	1	0.00000	0
133	T	0.00000	1	0.00000	0
134	L	0.00000	1	0.00000	0
135	G	0.00000	1	0.00000	0
136	R	0.00000	1	0.00000	0
137	G	0.00000	1	0.00000	0
138	N	0.00000	1	0.00000	0
139	P	0.00000	1	0.00000	0
140	T	0.00000	1	0.00000	0
141	A	0.00000	1	0.00000	0
142	L	0.00000	1	0.00000	0
143	Q	0.00000	1	0.00000	0
144	L	0.00000	1	0.00000	0
145	F	0.00000	1	0.00000	0
146	L	0.00000	1	0.00000	0
147	Q	0.00000	1	0.00000	0
148	I	0.00000	1	0.00000	0
149	S	0.00000	1	0.00000	0
150	E	0.00000	1	0.00000	0
151	E	0.00000	1	0.00000	0
152	E	0.00000	1	0.00000	0
153	E	0.00000	1	0.00000	0
154	K	0.00000	1	0.00000	0
155	G	0.00000	1	0.00000	0
156	P	0.00000	1	0.00000	0
157	R	0.00000	1	0.00000	0
158	G	0.00000	1	0.00000	0
159	A	0.00000	1	0.00000	0
160	G	0.00000	1	0.00000	0
161	I	0.00000	1	0.00000	0
162	S	0.00000	1	0.00000	0
163	G	0.00000	1	0.00000	0
164	R	0.00000	1	0.00000	0
165	S	0.00000	1	0.00000	0
166	Q	0.00000	1	0.00000	0
167	E	0.00000	1	0.00000	0
168	Q	0.00000	1	0.00000	0
169	S	0.00000	1	0.00000	0
170	V	0.00000	1	0.00000	0
171	K	0.00000	1	0.00000	0
172	T	0.00000	1	0.00000	0
173	V	0.00000	1	0.00000	0
174	P	0.00000	1	0.00000	0
175	G	0.00000	1	0.00000	0
176	A	0.00000	1	0.00000	0
177	S	0.00000	1	0.00000	0
178	D	0.00000	1	0.00000	0
179	L	0.00000	1	0.00000	0
180	F	0.00000	1	0.00000	0
181	Y	0.00000	1	0.00000	0
182	W	0.00000	1	0.00000	0
183	P	0.00000	1	0.00000	0
184	R	0.00000	1	0.00000	0
185	R	0.00000	1	0.00000	0
186	A	0.00000	1	0.00000	0
187	G	0.00000	1	0.00000	0
188	K	0.00000	1	0.00000	0
189	L	0.00000	1	0.00000	0
190	Q	0.00000	1	0.00000	0
191	G	0.00000	1	0.00000	0
192	S	0.00000	1	0.00000	0
193	H	0.00000	1	0.00000	0
194	H	0.00000	1	0.00000	0
195	K	0.00000	1	0.00000	0
196	P	0.00000	1	0.00000	0
197	L	0.00000	1	0.00000	0
198	S	0.00000	1	0.00000	0
199	K	0.00000	1	0.00000	0
200	T	0.00000	1	0.00000	0
201	A	0.00000	1	0.00000	0
202	N	0.00000	1	0.00000	0
203	G	0.00000	1	0.00000	0
204	L	0.00000	1	0.00000	0
205	A	0.00000	1	0.00000	0
206	G	0.00000	1	0.00000	0
207	H	0.00000	1	0.00000	0
208	E	0.00000	1	0.00000	0
209	G	0.00000	1	0.00000	0
210	W	0.00000	1	0.00000	0
211	T	0.00000	1	0.00000	0
212	I	0.00000	1	0.00000	0
213	A	0.00000	1	0.00000	0
214	L	0.00000	1	0.00000	0
215	P	0.00000	1	0.00000	0
216	G	0.00000	1	0.00000	0
217	R	0.00000	1	0.00000	0
218	A	0.00000	1	0.00000	0
219	L	0.00000	1	0.00000	0
220	A	0.00000	1	0.00000	0
221	Q	0.00000	1	0.00000	0
222	N	0.00000	1	0.00000	0
223	G	0.00000	1	0.00000	0
224	S	0.00000	1	0.00000	0
225	L	0.00000	1	0.00000	0
226	G	0.00000	1	0.00000	0
227	E	0.00000	1	0.00000	0
228	G	0.00000	1	0.00000	0
229	I	0.00000	1	0.00000	0
230	H	0.00000	1	0.00000	0
231	E	0.00000	1	0.00000	0
232	P	0.00000	1	0.00000	0
233	G	0.00000	1	0.00000	0
234	G	0.00000	1	0.00000	0
235	P	0.00000	1	0.00000	0
236	R	0.00000	1	0.00000	0
237	R	0.00000	1	0.00000	0
238	G	0.00000	1	0.00000	0
239	N	0.00000	1	0.00000	0
240	S	0.00000	1	0.00000	0
241	T	0.00000	1	0.00000	0
242	N	0.00000	1	0.00000	0
243	R	0.00000	1	0.00000	0
244	R	0.00000	1	0.00000	0
245	V	0.00000	1	0.00000	0
246	R	0.00000	1	0.00000	0
247	L	0.00000	1	0.00000	0
248	K	0.00000	1	0.00000	0
249	N	0.00000	1	0.00000	0
250	P	0.00000	1	0.00000	0
251	F	0.00000	1	0.00000	0
252	Y	0.00000	1	0.00000	0
253	P	0.00000	1	0.00000	0
254	L	0.00000	1	0.00000	0
255	T	0.00000	1	0.00000	0
256	Q	0.00000	0.99999	0.00001	0
257	E	0.00000	0.99997	0.00003	0
258	S	0.00000	0.94532	0.05468	0
259	Y	0.00000	0.66196	0.33804	0
260	G	0.00000	0.50355	0.49645	0
261	A	0.00000	0.22073	0.77927	0
262	Y	0.00000	0.17609	0.82391	0
263	A	0.00000	0.16446	0.83554	0
264	V	0.00000	0.15968	0.84032	0
265	M	0.00000	0.15767	0.84233	0
266	C	0.00000	0.15106	0.84894	0
267	L	0.00000	0.07591	0.92409	0
268	S	0.00000	0.03306	0.96694	0
269	V	0.00000	0.0069	0.99310	0
270	V	0.00000	0.0005	0.99950	0
271	I	0.00000	6e-05	0.99994	0
272	F	0.00000	1e-05	0.99999	0
273	G	0.00000	0	1.00000	0
274	T	0.00000	0	1.00000	0
275	G	0.00000	0	1.00000	0
276	I	0.00000	0	1.00000	0
277	I	0.00000	0	1.00000	0
278	G	0.00000	0	1.00000	0
279	N	0.00000	0	1.00000	0
280	L	0.00000	0	1.00000	0
281	A	0.00001	0	0.99999	0
282	V	0.00003	0	0.99997	0
283	M	0.00011	0	0.99989	0
284	C	0.00057	0	0.99943	0
285	I	0.00713	0	0.99287	0
286	V	0.08107	0	0.91893	0
287	C	0.37247	0	0.62753	0
288	H	0.82549	0	0.17451	0
289	N	0.96334	0	0.03666	0
290	Y	0.97312	0	0.02688	0
291	Y	0.98431	0	0.01569	0
292	M	0.99683	0	0.00317	0
293	R	0.99999	0	0.00001	0
294	S	0.99895	0	0.00105	0
295	I	0.96501	0	0.03499	0
296	S	0.95311	0	0.04689	0
297	N	0.93495	0	0.06505	0
298	S	0.83367	0	0.16633	0
299	L	0.01745	0	0.98255	0
300	L	0.00457	0	0.99543	0
301	A	0.00328	0	0.99672	0
302	N	0.00003	0	0.99997	0
303	L	0.00000	0	1.00000	0
304	A	0.00000	0	1.00000	0
305	F	0.00000	0	1.00000	0
306	W	0.00000	0	1.00000	0
307	D	0.00000	0	1.00000	0
308	F	0.00000	0	1.00000	0
309	L	0.00000	0	1.00000	0
310	I	0.00000	0	1.00000	0
311	I	0.00000	0	1.00000	0
312	F	0.00000	0	1.00000	0
313	F	0.00000	0	1.00000	0
314	C	0.00000	4e-05	0.99996	0
315	L	0.00000	4e-05	0.99996	0
316	P	0.00000	4e-05	0.99996	0
317	L	0.00000	4e-05	0.99996	0
318	V	0.00000	6e-05	0.99994	0
319	I	0.00000	0.00012	0.99988	0
320	F	0.00000	0.13513	0.86487	0
321	H	0.00000	0.99999	0.00001	0
322	E	0.00000	1	0.00000	0
323	L	0.00000	1	0.00000	0
324	T	0.00000	1	0.00000	0
325	K	0.00000	1	0.00000	0
326	K	0.00000	1	0.00000	0
327	W	0.00000	1	0.00000	0
328	L	0.00000	1	0.00000	0
329	L	0.00000	1	0.00000	0
330	E	0.00000	1	0.00000	0
331	D	0.00000	1	0.00000	0
332	F	0.00000	1	0.00000	0
333	S	0.00000	1	0.00000	0
334	C	0.00000	0.99999	0.00001	0
335	K	0.00000	0.99842	0.00158	0
336	I	0.00000	0.53034	0.46966	0
337	V	0.00000	0.53034	0.46966	0
338	P	0.00000	0.53034	0.46966	0
339	Y	0.00000	0.53033	0.46967	0
340	I	0.00000	0.53033	0.46967	0
341	E	0.00000	0.53033	0.46967	0
342	V	0.00000	0.0569	0.94310	0
343	A	0.00000	0.00096	0.99904	0
344	S	0.00000	1e-05	0.99999	0
345	L	0.00000	0	1.00000	0
346	G	0.00000	0	1.00000	0
347	V	0.00000	0	1.00000	0
348	T	0.00000	0	1.00000	0
349	T	0.00000	0	1.00000	0
350	F	0.00000	0	1.00000	0
351	T	0.00000	0	1.00000	0
352	L	0.00000	0	1.00000	0
353	C	0.00000	0	1.00000	0
354	A	0.00000	0	1.00000	0
355	L	0.00000	0	1.00000	0
356	C	0.00000	0	1.00000	0
357	I	0.00000	0	1.00000	0
358	D	0.00000	0	1.00000	0
359	R	0.00010	0	0.99990	0
360	F	0.00106	0	0.99894	0
361	R	0.01381	0	0.98619	0
362	A	0.65429	0	0.34571	0
363	A	0.99942	0	0.00058	0
364	T	1.00000	0	0.00000	0
365	N	1.00000	0	0.00000	0
366	V	1.00000	0	0.00000	0
367	Q	1.00000	0	0.00000	0
368	M	1.00000	0	0.00000	0
369	Y	1.00000	0	0.00000	0
370	Y	1.00000	0	0.00000	0
371	E	1.00000	0	0.00000	0
372	M	1.00000	0	0.00000	0
373	I	0.99998	0	0.00002	0
374	E	0.99998	0	0.00002	0
375	N	0.99990	0	0.00010	0
376	C	0.99963	0	0.00037	0
377	S	0.99962	0	0.00038	0
378	S	0.99948	0	0.00052	0
379	T	0.99779	0	0.00221	0
380	T	0.98788	0	0.01212	0
381	A	0.97684	0	0.02316	0
382	K	0.91325	0	0.08675	0
383	L	0.05224	0	0.94776	0
384	A	0.00076	0	0.99924	0
385	V	0.00000	0	1.00000	0
386	I	0.00000	0	1.00000	0
387	W	0.00000	0	1.00000	0
388	V	0.00000	0	1.00000	0
389	G	0.00000	0	1.00000	0
390	A	0.00000	0	1.00000	0
391	L	0.00000	0	1.00000	0
392	L	0.00000	0	1.00000	0
393	L	0.00000	0	1.00000	0
394	A	0.00000	0	1.00000	0
395	L	0.00000	2e-05	0.99998	0
396	P	0.00000	0.00022	0.99978	0
397	E	0.00000	0.00037	0.99963	0
398	V	0.00000	0.00038	0.99962	0
399	V	0.00000	0.00048	0.99952	0
400	L	0.00000	0.00157	0.99843	0
401	R	0.00000	0.02902	0.97098	0
402	Q	0.00000	0.06909	0.93091	0
403	L	0.00000	0.10695	0.89305	0
404	S	0.00000	0.65144	0.34856	0
405	K	0.00000	0.99758	0.00242	0
406	E	0.00000	1	0.00000	0
407	D	0.00000	1	0.00000	0
408	L	0.00000	1	0.00000	0
409	G	0.00000	1	0.00000	0
410	F	0.00000	1	0.00000	0
411	S	0.00000	1	0.00000	0
412	G	0.00000	1	0.00000	0
413	R	0.00000	1	0.00000	0
414	A	0.00000	1	0.00000	0
415	P	0.00000	1	0.00000	0
416	A	0.00000	1	0.00000	0
417	E	0.00000	1	0.00000	0
418	R	0.00000	1	0.00000	0
419	C	0.00000	1	0.00000	0
420	I	0.00000	1	0.00000	0
421	I	0.00000	1	0.00000	0
422	K	0.00000	1	0.00000	0
423	I	0.00000	1	0.00000	0
424	S	0.00000	1	0.00000	0
425	P	0.00000	1	0.00000	0
426	D	0.00000	1	0.00000	0
427	L	0.00000	1	0.00000	0
428	P	0.00000	1	0.00000	0
429	D	0.00000	1	0.00000	0
430	T	0.00000	1	0.00000	0
431	I	0.00000	1	0.00000	0
432	Y	0.00000	1	0.00000	0
433	V	0.00000	1	0.00000	0
434	L	0.00000	0.99931	0.00069	0
435	A	0.00000	0.99931	0.00069	0
436	L	0.00000	0.99931	0.00069	0
437	T	0.00000	0.99928	0.00072	0
438	Y	0.00000	0.99928	0.00072	0
439	D	0.00000	0.99928	0.00072	0
440	S	0.00000	0.99475	0.00525	0
441	A	0.00000	0.9678	0.03220	0
442	R	0.00000	0.96444	0.03556	0
443	L	0.00000	0.01031	0.98969	0
444	W	0.00000	0.00066	0.99934	0
445	W	0.00000	0.0001	0.99990	0
446	Y	0.00000	6e-05	0.99994	0
447	F	0.00000	0	1.00000	0
448	G	0.00000	0	1.00000	0
449	C	0.00000	0	1.00000	0
450	Y	0.00000	0	1.00000	0
451	F	0.00000	0	1.00000	0
452	C	0.00000	0	1.00000	0
453	L	0.00000	0	1.00000	0
454	P	0.00000	0	1.00000	0
455	T	0.00000	0	1.00000	0
456	L	0.00000	0	1.00000	0
457	F	0.00000	0	1.00000	0
458	T	0.00002	0	0.99998	0
459	I	0.00003	0	0.99997	0
460	T	0.00037	0	0.99963	0
461	C	0.00048	0	0.99952	0
462	S	0.00077	0	0.99923	0
463	L	0.00092	0	0.99908	0
464	V	0.00812	0	0.99188	0
465	T	0.15131	0	0.84869	0
466	A	0.42058	0	0.57942	0
467	R	0.91402	0	0.08598	0
468	K	0.99227	0	0.00773	0
469	I	0.99455	0	0.00545	0
470	R	0.99978	0	0.00022	0
471	K	1.00000	0	0.00000	0
472	A	1.00000	0	0.00000	0
473	E	1.00000	0	0.00000	0
474	K	1.00000	0	0.00000	0
475	A	1.00000	0	0.00000	0
476	C	1.00000	0	0.00000	0
477	T	1.00000	0	0.00000	0
478	R	1.00000	0	0.00000	0
479	G	1.00000	0	0.00000	0
480	N	1.00000	0	0.00000	0
481	K	1.00000	0	0.00000	0
482	R	1.00000	0	0.00000	0
483	Q	1.00000	0	0.00000	0
484	I	1.00000	0	0.00000	0
485	Q	1.00000	0	0.00000	0
486	L	1.00000	0	0.00000	0
487	E	1.00000	0	0.00000	0
488	S	0.99999	0	0.00001	0
489	Q	0.99996	0	0.00004	0
490	M	0.99910	0	0.00090	0
491	N	0.99874	0	0.00126	0
492	C	0.99561	0	0.00439	0
493	T	0.64924	0	0.35076	0
494	V	0.60914	0	0.39086	0
495	V	0.60207	0	0.39793	0
496	A	0.09849	0	0.90151	0
497	L	0.00066	0	0.99934	0
498	T	0.00057	0	0.99943	0
499	I	0.00000	0	1.00000	0
500	L	0.00000	0	1.00000	0
501	Y	0.00000	0	1.00000	0
502	G	0.00000	0	1.00000	0
503	F	0.00000	0	1.00000	0
504	C	0.00000	0	1.00000	0
505	I	0.00000	0	1.00000	0
506	I	0.00000	0	1.00000	0
507	P	0.00000	0	1.00000	0
508	E	0.00000	0	1.00000	0
509	N	0.00000	0	1.00000	0
510	I	0.00000	0	1.00000	0
511	C	0.00000	3e-05	0.99997	0
512	N	0.00000	5e-05	0.99995	0
513	I	0.00000	7e-05	0.99993	0
514	V	0.00000	0.00023	0.99977	0
515	T	0.00000	0.00112	0.99888	0
516	A	0.00000	0.00203	0.99797	0
517	Y	0.00000	0.0283	0.97170	0
518	M	0.00000	0.05759	0.94241	0
519	A	0.00000	0.24923	0.75077	0
520	T	0.00000	0.73854	0.26146	0
521	G	0.00000	0.95679	0.04321	0
522	V	0.00000	0.98599	0.01401	0
523	S	0.00000	0.99818	0.00182	0
524	Q	0.00000	0.9999	0.00010	0
525	Q	0.00000	0.99958	0.00042	0
526	T	0.00000	0.99038	0.00962	0
527	M	0.00000	0.95546	0.04454	0
528	D	0.00000	0.94146	0.05854	0
529	L	0.00000	0.11494	0.88506	0
530	L	0.00000	0.07092	0.92908	0
531	N	0.00000	0.05555	0.94445	0
532	I	0.00000	0.01733	0.98267	0
533	I	0.00000	0.00412	0.99588	0
534	S	0.00000	0.0018	0.99820	0
535	Q	0.00000	0.0001	0.99990	0
536	F	0.00000	0	1.00000	0
537	L	0.00000	0	1.00000	0
538	L	0.00000	0	1.00000	0
539	F	0.00000	0	1.00000	0
540	F	0.00000	0	1.00000	0
541	K	0.00000	0	1.00000	0
542	S	0.00000	0	1.00000	0
543	C	0.00000	0	1.00000	0
544	V	0.00000	0	1.00000	0
545	T	0.00000	0	1.00000	0
546	P	0.00000	0	1.00000	0
547	V	0.00000	0	1.00000	0
548	L	0.00001	0	0.99999	0
549	L	0.00013	0	0.99987	0
550	F	0.00081	0	0.99919	0
551	C	0.01464	0	0.98536	0
552	L	0.15606	0	0.84394	0
553	C	0.49480	0	0.50520	0
554	K	1.00000	0	0.00000	0
555	P	1.00000	0	0.00000	0
556	F	1.00000	0	0.00000	0
557	S	1.00000	0	0.00000	0
558	R	1.00000	0	0.00000	0
559	A	1.00000	0	0.00000	0
560	F	1.00000	0	0.00000	0
561	M	1.00000	0	0.00000	0
562	E	1.00000	0	0.00000	0
563	C	1.00000	0	0.00000	0
564	C	1.00000	0	0.00000	0
565	C	1.00000	0	0.00000	0
566	C	1.00000	0	0.00000	0
567	C	1.00000	0	0.00000	0
568	C	1.00000	0	0.00000	0
569	E	1.00000	0	0.00000	0
570	E	1.00000	0	0.00000	0
571	C	1.00000	0	0.00000	0
572	I	1.00000	0	0.00000	0
573	Q	1.00000	0	0.00000	0
574	K	1.00000	0	0.00000	0
575	S	1.00000	0	0.00000	0
576	S	1.00000	0	0.00000	0
577	T	1.00000	0	0.00000	0
578	V	1.00000	0	0.00000	0
579	T	1.00000	0	0.00000	0
580	S	1.00000	0	0.00000	0
581	D	1.00000	0	0.00000	0
582	D	1.00000	0	0.00000	0
583	N	1.00000	0	0.00000	0
584	D	1.00000	0	0.00000	0
585	N	1.00000	0	0.00000	0
586	E	1.00000	0	0.00000	0
587	Y	1.00000	0	0.00000	0
588	T	1.00000	0	0.00000	0
589	T	1.00000	0	0.00000	0
590	E	1.00000	0	0.00000	0
591	L	1.00000	0	0.00000	0
592	E	1.00000	0	0.00000	0
593	L	1.00000	0	0.00000	0
594	S	1.00000	0	0.00000	0
595	P	1.00000	0	0.00000	0
596	F	1.00000	0	0.00000	0
597	S	1.00000	0	0.00000	0
598	T	1.00000	0	0.00000	0
599	I	1.00000	0	0.00000	0
600	R	1.00000	0	0.00000	0
601	R	1.00000	0	0.00000	0
602	E	1.00000	0	0.00000	0
603	M	1.00000	0	0.00000	0
604	S	1.00000	0	0.00000	0
605	T	1.00000	0	0.00000	0
606	F	1.00000	0	0.00000	0
607	A	1.00000	0	0.00000	0
608	S	1.00000	0	0.00000	0
609	V	1.00000	0	0.00000	0
610	G	1.00000	0	0.00000	0
611	T	1.00000	0	0.00000	0
612	H	1.00000	0	0.00000	0
613	C	1.00000	0	0.00000	0
