# UNNAMED
#pos	aa	i	o	M	S
1	M	0.00000	0.99711	0.00000	0.00289
2	S	0.00000	0.99711	0.00000	0.00289
3	S	0.00000	0.99711	0.00000	0.00289
4	H	0.00000	0.99711	0.00000	0.00289
5	K	0.00000	0.99711	0.00000	0.00289
6	G	0.00000	0.99711	0.00000	0.00289
7	S	0.00000	0.99711	0.00000	0.00289
8	V	0.00000	0.99711	0.00000	0.00289
9	V	0.00000	0.99711	0.00000	0.00289
10	A	0.00000	0.99711	0.00000	0.00289
11	Q	0.00000	0.99711	0.00000	0.00289
12	G	0.00000	0.99711	0.00000	0.00289
13	N	0.00000	0.99711	0.00000	0.00289
14	G	0.00000	0.99711	0.00000	0.00289
15	A	0.00000	0.99711	0.00000	0.00289
16	P	0.00000	0.99711	0.00000	0.00289
17	A	0.00000	0.99711	0.00000	0.00289
18	S	0.00000	0.9999	0.00000	0.0001
19	N	0.00000	0.9999	0.00000	9e-05
20	R	0.00000	0.9999	0.00000	0.0001
21	E	0.00000	0.9999	0.00000	0.0001
22	A	0.00000	0.99998	0.00000	2e-05
23	D	0.00000	0.99998	0.00000	2e-05
24	T	0.00000	0.99998	0.00000	2e-05
25	V	0.00000	0.99999	0.00000	0
26	E	0.00000	1	0.00000	0
27	L	0.00000	1	0.00000	0
28	A	0.00000	1	0.00000	0
29	E	0.00000	1	0.00000	0
30	L	0.00000	1	0.00000	0
31	G	0.00000	1	0.00000	0
32	P	0.00000	1	0.00000	0
33	L	0.00000	1	0.00000	0
34	L	0.00000	1	0.00000	0
35	E	0.00000	1	0.00000	0
36	E	0.00000	1	0.00000	0
37	K	0.00000	1	0.00000	0
38	G	0.00000	1	0.00000	0
39	K	0.00000	1	0.00000	0
40	R	0.00000	1	0.00000	0
41	V	0.00000	1	0.00000	0
42	I	0.00000	1	0.00000	0
43	A	0.00000	1	0.00000	0
44	N	0.00000	1	0.00000	0
45	P	0.00000	1	0.00000	0
46	P	0.00000	1	0.00000	0
47	K	0.00000	1	0.00000	0
48	A	0.00000	1	0.00000	0
49	E	0.00000	1	0.00000	0
50	E	0.00000	1	0.00000	0
51	E	0.00000	1	0.00000	0
52	Q	0.00000	1	0.00000	0
53	T	0.00000	1	0.00000	0
54	C	0.00000	1	0.00000	0
55	P	0.00000	1	0.00000	0
56	V	0.00000	1	0.00000	0
57	P	0.00000	1	0.00000	0
58	Q	0.00000	1	0.00000	0
59	E	0.00000	1	0.00000	0
60	E	0.00000	1	0.00000	0
61	E	0.00000	1	0.00000	0
62	E	0.00000	1	0.00000	0
63	E	0.00000	1	0.00000	0
64	V	0.00000	1	0.00000	0
65	R	0.00000	1	0.00000	0
66	V	0.00000	1	0.00000	0
67	L	0.00000	1	0.00000	0
68	T	0.00000	1	0.00000	0
69	L	0.00000	1	0.00000	0
70	P	0.00000	1	0.00000	0
71	L	0.00000	1	0.00000	0
72	Q	0.00000	1	0.00000	0
73	A	0.00000	1	0.00000	0
74	H	0.00000	1	0.00000	0
75	H	0.00000	1	0.00000	0
76	A	0.00000	1	0.00000	0
77	M	0.00000	1	0.00000	0
78	E	0.00000	1	0.00000	0
79	K	0.00000	1	0.00000	0
80	M	0.00000	1	0.00000	0
81	E	0.00000	1	0.00000	0
82	E	0.00000	1	0.00000	0
83	F	0.00000	1	0.00000	0
84	V	0.00000	1	0.00000	0
85	Y	0.00000	1	0.00000	0
86	K	0.00000	1	0.00000	0
87	V	0.00000	1	0.00000	0
88	W	0.00000	1	0.00000	0
89	E	0.00000	1	0.00000	0
90	G	0.00000	1	0.00000	0
91	R	0.00000	1	0.00000	0
92	W	0.00000	1	0.00000	0
93	R	0.00000	1	0.00000	0
94	V	0.00000	1	0.00000	0
95	I	0.00000	1	0.00000	0
96	P	0.00000	1	0.00000	0
97	Y	0.00000	1	0.00000	0
98	D	0.00000	1	0.00000	0
99	V	0.00000	1	0.00000	0
100	L	0.00000	1	0.00000	0
101	P	0.00000	1	0.00000	0
102	D	0.00000	1	0.00000	0
103	W	0.00000	1	0.00000	0
104	L	0.00000	1	0.00000	0
105	K	0.00000	1	0.00000	0
106	D	0.00000	1	0.00000	0
107	N	0.00000	1	0.00000	0
108	D	0.00000	1	0.00000	0
109	Y	0.00000	0.99649	0.00351	0
110	L	0.00000	0.98657	0.01343	0
111	L	0.00000	0.9807	0.01930	0
112	H	0.00000	0.97948	0.02052	0
113	G	0.00000	0.97905	0.02095	0
114	H	0.00000	0.97898	0.02102	0
115	R	0.00000	0.97894	0.02106	0
116	P	0.00000	0.97893	0.02107	0
117	P	0.00000	0.97892	0.02108	0
118	M	0.00000	0.97892	0.02108	0
119	P	0.00000	0.97892	0.02108	0
120	S	0.00000	0.97892	0.02108	0
121	F	0.00000	0.97892	0.02108	0
122	R	0.00000	0.97892	0.02108	0
123	A	0.00000	0.97892	0.02108	0
124	C	0.00000	0.97892	0.02108	0
125	F	0.00000	0.97892	0.02108	0
126	K	0.00001	0.97892	0.02106	0
127	S	0.00009	0.97892	0.02099	0
128	I	0.00010	0.97891	0.02098	0
129	F	0.00110	0.97891	0.01999	0
130	R	0.01937	0.97891	0.00172	0
131	I	0.02026	0.97886	0.00088	0
132	H	0.02051	0.97886	0.00063	0
133	T	0.02101	0.97886	0.00014	0
134	E	0.02107	0.97886	0.00007	0
135	T	0.02107	0.97598	0.00295	0
136	G	0.02104	0.97231	0.00665	0
137	N	0.01310	0.85967	0.12723	0
138	I	0.00214	0.02111	0.97674	0
139	W	0.00118	0.00034	0.99848	0
140	T	0.00094	0.00012	0.99894	0
141	H	0.00005	6e-05	0.99989	0
142	L	0.00000	2e-05	0.99998	0
143	L	0.00000	1e-05	0.99999	0
144	G	0.00000	0	1.00000	0
145	F	0.00000	0	1.00000	0
146	V	0.00000	0	1.00000	0
147	L	0.00000	0	1.00000	0
148	F	0.00000	0	1.00000	0
149	L	0.00000	0	1.00000	0
150	F	0.00000	0	1.00000	0
151	L	0.00000	0	1.00000	0
152	G	0.00000	0	1.00000	0
153	I	0.00000	0	1.00000	0
154	L	0.00000	0	1.00000	0
155	T	0.00007	3e-05	0.99990	0
156	M	0.00046	0.00015	0.99939	0
157	L	0.00834	0.00383	0.98783	0
158	R	0.87034	0.01466	0.11500	0
159	P	0.96576	0.01634	0.01790	0
160	N	0.97407	0.02046	0.00547	0
161	M	0.97618	0.02079	0.00302	0
162	Y	0.97707	0.02105	0.00188	0
163	F	0.97852	0.02107	0.00041	0
164	M	0.97871	0.02108	0.00022	0
165	A	0.97880	0.02108	0.00012	0
166	P	0.97892	0.02108	0.00000	0
167	L	0.95829	0.02108	0.02063	0
168	Q	0.95494	0.02108	0.02399	0
169	E	0.93516	0.02108	0.04376	0
170	K	0.89919	0.02057	0.08024	0
171	V	0.12196	0.00574	0.87231	0
172	V	0.00537	0.00104	0.99359	0
173	F	0.00002	8e-05	0.99990	0
174	G	0.00000	3e-05	0.99997	0
175	M	0.00000	0	1.00000	0
176	F	0.00000	0	1.00000	0
177	F	0.00000	0	1.00000	0
178	L	0.00000	0	1.00000	0
179	G	0.00000	0	1.00000	0
180	A	0.00000	0	1.00000	0
181	V	0.00000	0	1.00000	0
182	L	0.00000	0	1.00000	0
183	C	0.00000	0	1.00000	0
184	L	0.00000	0	1.00000	0
185	S	0.00000	0	1.00000	0
186	F	0.00000	0	1.00000	0
187	S	0.00000	3e-05	0.99997	0
188	W	0.00000	4e-05	0.99996	0
189	L	0.00000	0.01872	0.98128	0
190	F	0.00001	0.24276	0.75723	0
191	H	0.00167	0.96708	0.03125	0
192	T	0.00571	0.97266	0.02163	0
193	V	0.01854	0.97834	0.00312	0
194	Y	0.01976	0.97892	0.00131	0
195	C	0.02074	0.97892	0.00034	0
196	H	0.02105	0.97892	0.00003	0
197	S	0.02107	0.97892	0.00001	0
198	E	0.02107	0.97892	0.00001	0
199	K	0.02108	0.97878	0.00014	0
200	V	0.02108	0.75836	0.22056	0
201	S	0.02108	0.48478	0.49415	0
202	R	0.02108	0.21039	0.76853	0
203	T	0.02108	0.18812	0.79080	0
204	F	0.02107	0.00095	0.97798	0
205	S	0.02106	0.00028	0.97866	0
206	K	0.02101	0.00022	0.97877	0
207	L	0.01867	2e-05	0.98131	0
208	D	0.01816	0	0.98184	0
209	Y	0.00771	0	0.99229	0
210	S	0.00237	0	0.99763	0
211	G	0.00023	0	0.99977	0
212	I	0.00001	0	0.99999	0
213	A	0.00000	0	1.00000	0
214	L	0.00000	0	1.00000	0
215	L	0.00000	0	1.00000	0
216	I	0.00000	0	1.00000	0
217	M	0.00000	0	1.00000	0
218	G	0.00005	0	0.99995	0
219	S	0.00100	0	0.99900	0
220	F	0.01299	0	0.98701	0
221	V	0.39049	0	0.60951	0
222	P	0.97498	0	0.02502	0
223	W	0.97502	0	0.02498	0
224	L	0.97605	0	0.02395	0
225	Y	0.97839	2e-05	0.02159	0
226	Y	0.97884	4e-05	0.02112	0
227	S	0.97884	0.00013	0.02103	0
228	F	0.97891	0.00043	0.02066	0
229	Y	0.97892	0.00468	0.01640	0
230	C	0.97892	0.01919	0.00189	0
231	S	0.97892	0.02047	0.00060	0
232	P	0.97892	0.02084	0.00024	0
233	Q	0.97892	0.02105	0.00003	0
234	P	0.97806	0.02107	0.00086	0
235	R	0.96882	0.02107	0.01010	0
236	L	0.03778	0.02107	0.94115	0
237	I	0.00015	0.02106	0.97879	0
238	Y	0.00009	0.02104	0.97887	0
239	L	0.00002	0.02104	0.97894	0
240	S	0.00001	0.02104	0.97895	0
241	I	0.00000	0.02103	0.97897	0
242	V	0.00000	0.02103	0.97897	0
243	C	0.00000	0.02103	0.97897	0
244	V	0.00000	0.02103	0.97897	0
245	L	0.00000	0.02103	0.97897	0
246	G	0.00000	0.02103	0.97897	0
247	I	0.00000	0.02103	0.97897	0
248	S	0.00000	0.02103	0.97897	0
249	A	0.00000	0.02103	0.97897	0
250	I	0.00000	0.02103	0.97897	0
251	I	0.00000	0.02103	0.97897	0
252	V	0.00000	0.02103	0.97897	0
253	A	0.00000	0.02108	0.97892	0
254	Q	0.00000	0.04795	0.95205	0
255	W	0.00000	0.21962	0.78038	0
256	D	0.00000	0.99924	0.00076	0
257	R	0.00000	0.99987	0.00013	0
258	F	0.00000	0.99993	0.00007	0
259	A	0.00000	0.99994	0.00006	0
260	T	0.00002	0.99996	0.00002	0
261	P	0.00004	0.99996	0.00000	0
262	K	0.00004	0.99994	0.00002	0
263	H	0.00004	0.99988	0.00008	0
264	R	0.00004	0.99819	0.00177	0
265	Q	0.00004	0.99706	0.00290	0
266	T	0.00004	0.99622	0.00374	0
267	R	0.00004	0.99565	0.00430	0
268	A	0.00004	0.20333	0.79663	0
269	G	0.00004	0.20183	0.79813	0
270	V	0.00004	0.00091	0.99905	0
271	F	0.00004	0.00054	0.99942	0
272	L	0.00004	1e-05	0.99995	0
273	G	0.00004	0	0.99996	0
274	L	0.00004	0	0.99996	0
275	G	0.00004	0	0.99996	0
276	L	0.00004	0	0.99996	0
277	S	0.00004	0	0.99996	0
278	G	0.00004	0	0.99996	0
279	V	0.00004	0	0.99996	0
280	V	0.00004	0	0.99996	0
281	P	0.00004	0	0.99996	0
282	T	0.00004	0	0.99996	0
283	M	0.00004	0	0.99996	0
284	H	0.00005	0	0.99995	0
285	F	0.00005	0	0.99995	0
286	T	0.00017	0	0.99983	0
287	I	0.00100	0	0.99900	0
288	A	0.04051	0	0.95949	0
289	E	0.68559	0	0.31441	0
290	G	0.69042	0	0.30958	0
291	F	0.69661	0	0.30339	0
292	V	0.80583	0	0.19417	0
293	K	0.99871	0	0.00129	0
294	A	0.99992	0	0.00008	0
295	T	0.99995	0	0.00005	0
296	T	0.99916	0	0.00084	0
297	V	0.99193	0	0.00807	0
298	G	0.98798	0	0.01202	0
299	Q	0.98070	0	0.01930	0
300	M	0.96804	0	0.03196	0
301	G	0.59685	0	0.40315	0
302	W	0.14503	0	0.85497	0
303	F	0.00826	0	0.99174	0
304	F	0.00151	0	0.99849	0
305	L	0.00001	0	0.99999	0
306	M	0.00001	0	0.99999	0
307	A	0.00000	0	1.00000	0
308	V	0.00000	0	1.00000	0
309	M	0.00000	0	1.00000	0
310	Y	0.00000	0	1.00000	0
311	I	0.00000	0	1.00000	0
312	T	0.00000	0	1.00000	0
313	G	0.00000	0	1.00000	0
314	A	0.00000	1e-05	0.99999	0
315	G	0.00000	1e-05	0.99999	0
316	L	0.00000	1e-05	0.99999	0
317	Y	0.00000	4e-05	0.99996	0
318	A	0.00000	0.0002	0.99980	0
319	A	0.00000	0.00283	0.99717	0
320	R	0.00000	0.02687	0.97313	0
321	I	0.00000	0.05541	0.94459	0
322	P	0.00000	0.72021	0.27979	0
323	E	0.00000	0.97983	0.02017	0
324	R	0.00000	0.99527	0.00473	0
325	F	0.00000	0.99637	0.00363	0
326	F	0.00000	0.99668	0.00332	0
327	P	0.00000	0.99866	0.00134	0
328	G	0.00000	0.99983	0.00017	0
329	K	0.00000	0.98812	0.01188	0
330	F	0.00000	0.82005	0.17995	0
331	D	0.00000	0.70737	0.29263	0
332	I	0.00000	0.21095	0.78905	0
333	W	0.00000	0.0875	0.91250	0
334	F	0.00000	0.04501	0.95499	0
335	Q	0.00000	0.03657	0.96343	0
336	S	0.00000	0.02585	0.97415	0
337	H	0.00000	0.01574	0.98426	0
338	Q	0.00000	0.0067	0.99330	0
339	I	0.00000	0.00049	0.99951	0
340	F	0.00000	2e-05	0.99998	0
341	H	0.00000	0	1.00000	0
342	V	0.00000	0	1.00000	0
343	L	0.00000	0	1.00000	0
344	V	0.00000	0	1.00000	0
345	V	0.00000	0	1.00000	0
346	A	0.00000	0	1.00000	0
347	A	0.00000	0	1.00000	0
348	A	0.00002	0	0.99998	0
349	F	0.00021	0	0.99979	0
350	V	0.00116	0	0.99884	0
351	H	0.00629	0	0.99371	0
352	F	0.01687	0	0.98313	0
353	Y	0.07938	0	0.92062	0
354	G	0.29747	0	0.70253	0
355	V	0.75001	0	0.24999	0
356	S	0.94496	0	0.05504	0
357	N	0.98610	0	0.01390	0
358	L	0.99285	0	0.00715	0
359	Q	0.99890	0	0.00110	0
360	E	1.00000	0	0.00000	0
361	F	1.00000	0	0.00000	0
362	R	1.00000	0	0.00000	0
363	Y	1.00000	0	0.00000	0
364	G	1.00000	0	0.00000	0
365	L	1.00000	0	0.00000	0
366	E	1.00000	0	0.00000	0
367	G	1.00000	0	0.00000	0
368	G	1.00000	0	0.00000	0
369	C	1.00000	0	0.00000	0
370	T	1.00000	0	0.00000	0
371	D	1.00000	0	0.00000	0
372	D	1.00000	0	0.00000	0
373	T	1.00000	0	0.00000	0
374	L	1.00000	0	0.00000	0
375	L	1.00000	0	0.00000	0
