# UNNAMED
#pos	aa	i	o	M	S
1	M	0.00000	1	0.00000	0
2	L	0.00000	1	0.00000	0
3	R	0.00000	1	0.00000	0
4	L	0.00000	0.02769	0.97231	0
5	L	0.00000	0.00154	0.99846	0
6	L	0.00000	3e-05	0.99997	0
7	A	0.00000	0	1.00000	0
8	L	0.00000	0	1.00000	0
9	N	0.00000	0	1.00000	0
10	L	0.00000	0	1.00000	0
11	F	0.00000	0	1.00000	0
12	P	0.00000	0	1.00000	0
13	S	0.00000	0	1.00000	0
14	I	0.00000	0	1.00000	0
15	Q	0.00000	0	1.00000	0
16	V	0.00000	0	1.00000	0
17	T	0.00000	0	1.00000	0
18	G	0.00000	0	1.00000	0
19	N	0.00000	0	1.00000	0
20	K	0.00000	0	1.00000	0
21	I	0.00001	0	0.99999	0
22	L	0.00549	0	0.99451	0
23	V	0.12765	0	0.87235	0
24	K	0.98085	0	0.01915	0
25	Q	1.00000	0	0.00000	0
26	S	1.00000	0	0.00000	0
27	P	1.00000	0	0.00000	0
28	M	0.38905	0	0.61095	0
29	L	0.19039	0	0.80961	0
30	V	0.00512	0	0.99488	0
31	A	0.00037	0	0.99963	0
32	Y	0.00021	0	0.99979	0
33	D	0.00018	0	0.99982	0
34	N	0.00002	0	0.99998	0
35	A	0.00001	0	0.99999	0
36	V	0.00000	0	1.00000	0
37	N	0.00000	0	1.00000	0
38	L	0.00000	0	1.00000	0
39	S	0.00000	0	1.00000	0
40	C	0.00000	0	1.00000	0
41	K	0.00000	0	1.00000	0
42	Y	0.00000	0	1.00000	0
43	S	0.00000	0	1.00000	0
44	Y	0.00000	0	1.00000	0
45	N	0.00000	2e-05	0.99998	0
46	L	0.00000	0.06851	0.93149	0
47	F	0.00000	0.13492	0.86508	0
48	S	0.00000	0.61675	0.38325	0
49	R	0.00000	0.99976	0.00024	0
50	E	0.00000	0.99977	0.00023	0
51	F	0.00000	0.99977	0.00023	0
52	R	0.00000	0.9998	0.00020	0
53	A	0.00000	0.99981	0.00019	0
54	S	0.00000	0.99995	0.00005	0
55	L	0.00000	0.99998	0.00002	0
56	H	0.00000	0.98753	0.01247	0
57	K	0.00000	0.98405	0.01595	0
58	G	0.00000	0.75611	0.24389	0
59	L	0.00000	0.00027	0.99973	0
60	D	0.00000	0.00027	0.99973	0
61	S	0.00000	0.00027	0.99973	0
62	A	0.00000	0.00027	0.99973	0
63	V	0.00000	0.00027	0.99973	0
64	E	0.00000	0.00027	0.99973	0
65	V	0.00000	6e-05	0.99994	0
66	C	0.00000	2e-05	0.99998	0
67	V	0.00000	1e-05	0.99999	0
68	V	0.00000	1e-05	0.99999	0
69	Y	0.00000	1e-05	0.99999	0
70	G	0.00000	1e-05	0.99999	0
71	N	0.00000	1e-05	0.99999	0
72	Y	0.00000	0	1.00000	0
73	S	0.00000	0	1.00000	0
74	Q	0.00000	0	1.00000	0
75	Q	0.00002	0	0.99998	0
76	L	0.00099	0	0.99901	0
77	Q	0.03188	0	0.96812	0
78	V	0.21936	0	0.78064	0
79	Y	0.88410	0	0.11590	0
80	S	0.98933	0	0.01067	0
81	K	0.99574	0	0.00426	0
82	T	0.99973	0	0.00027	0
83	G	0.99973	0	0.00027	0
84	F	0.99975	0	0.00025	0
85	N	0.99980	0	0.00020	0
86	C	0.99988	0	0.00012	0
87	D	0.99988	0	0.00012	0
88	G	0.99997	0	0.00003	0
89	K	0.99997	0	0.00003	0
90	L	0.99986	0	0.00014	0
91	G	0.99977	0	0.00023	0
92	N	0.99569	0	0.00431	0
93	E	0.98265	0	0.01735	0
94	S	0.63395	0	0.36605	0
95	V	0.22947	0	0.77053	0
96	T	0.17174	0	0.82826	0
97	F	0.03256	0	0.96744	0
98	Y	0.01869	0	0.98131	0
99	L	0.00292	0	0.99708	0
100	Q	0.00237	0	0.99763	0
101	N	0.00050	0	0.99950	0
102	L	0.00006	0	0.99994	0
103	Y	0.00001	0	0.99999	0
104	V	0.00000	0	0.99999	0
105	N	0.00000	1e-05	0.99999	0
106	Q	0.00000	1e-05	0.99998	0
107	T	0.00000	2e-05	0.99998	0
108	D	0.00000	4e-05	0.99996	0
109	I	0.00000	4e-05	0.99996	0
110	Y	0.00000	6e-05	0.99994	0
111	F	0.00000	0.00025	0.99975	0
112	C	0.00000	0.01262	0.98738	0
113	K	0.00000	0.09054	0.90946	0
114	I	0.00000	0.12476	0.87524	0
115	E	0.00000	0.58516	0.41484	0
116	V	0.00000	0.59115	0.40885	0
117	M	0.00000	0.60138	0.39862	0
118	Y	0.00000	0.87617	0.12383	0
119	P	0.00000	0.97997	0.02003	0
120	P	0.00000	0.99628	0.00372	0
121	P	0.00000	0.99843	0.00157	0
122	Y	0.00000	0.99919	0.00081	0
123	L	0.00000	0.99965	0.00035	0
124	D	0.00000	0.99996	0.00004	0
125	N	0.00000	0.99995	0.00005	0
126	E	0.00000	0.99995	0.00005	0
127	K	0.00000	0.99994	0.00006	0
128	S	0.00000	0.99984	0.00016	0
129	N	0.00000	0.98953	0.01047	0
130	G	0.00000	0.98753	0.01247	0
131	T	0.00000	0.74013	0.25987	0
132	I	0.00000	0.71481	0.28519	0
133	I	0.00000	0.44602	0.55398	0
134	H	0.00000	0.41707	0.58293	0
135	V	0.00000	0.41417	0.58583	0
136	K	0.00000	0.40705	0.59295	0
137	G	0.00000	0.24182	0.75818	0
138	K	0.00000	0.22713	0.77287	0
139	H	0.00000	0.12228	0.87772	0
140	L	0.00000	0.12218	0.87782	0
141	C	0.00001	0.12212	0.87787	0
142	P	0.00002	0.09045	0.90953	0
143	S	0.00004	0.06355	0.93641	0
144	P	0.00004	0.03349	0.96647	0
145	L	0.00004	0.02551	0.97445	0
146	F	0.00004	0.00011	0.99985	0
147	P	0.00005	0	0.99995	0
148	G	0.00008	0	0.99991	0
149	P	0.00083	0	0.99917	0
150	S	0.01428	0	0.98572	0
151	K	0.07013	0	0.92987	0
152	P	0.08346	0	0.91654	0
153	F	0.09020	0	0.90980	0
154	W	0.09030	0	0.90970	0
155	V	0.10359	0	0.89641	0
156	L	0.20048	0	0.79952	0
157	V	0.21616	0	0.78384	0
158	V	0.48015	0	0.51985	0
159	V	0.83320	0	0.16680	0
160	G	0.84129	0	0.15871	0
161	G	0.80156	0	0.19844	0
162	V	0.78547	0	0.21453	0
163	L	0.78570	0	0.21430	0
164	A	0.78649	0	0.21351	0
165	C	0.76516	0	0.23484	0
166	Y	0.75380	0	0.24620	0
167	S	0.69019	0	0.30981	0
168	L	0.14036	0	0.85964	0
169	L	0.11618	0	0.88382	0
170	V	0.12336	0	0.87664	0
171	T	0.12446	0	0.87554	0
172	V	0.12440	0	0.87560	0
173	A	0.12437	0	0.87563	0
174	F	0.12433	0	0.87567	0
175	I	0.12239	0	0.87761	0
176	I	0.10088	0	0.89912	0
177	F	0.09883	0	0.90117	0
178	W	0.02945	6e-05	0.97049	0
179	V	0.00330	0.00102	0.99568	0
180	R	0.00001	0.03255	0.96744	0
181	S	0.00000	0.04788	0.95212	0
182	K	0.00000	0.08862	0.91138	0
183	R	0.00000	0.09042	0.90958	0
184	S	0.00000	0.09217	0.90783	0
185	R	0.00000	0.10643	0.89357	0
186	L	0.00000	0.10672	0.89328	0
187	L	0.00000	0.12979	0.87021	0
188	H	0.00000	0.78076	0.21924	0
189	S	0.00000	0.8168	0.18320	0
190	D	0.00000	0.87477	0.12523	0
191	Y	0.00000	0.85477	0.14523	0
192	M	0.00000	0.85184	0.14816	0
193	N	0.00000	0.84054	0.15946	0
194	M	0.00000	0.56473	0.43527	0
195	T	0.00000	0.56553	0.43447	0
196	P	0.00000	0.59335	0.40664	0
197	R	0.00000	0.65825	0.34175	0
198	R	0.00000	0.68654	0.31346	0
199	P	0.00000	0.67302	0.32697	0
200	G	0.00000	0.08448	0.91551	0
201	P	0.00000	0.00016	0.99984	0
202	T	0.00000	0	1.00000	0
203	R	0.00001	0	0.99999	0
204	K	0.00001	0	0.99999	0
205	H	0.00001	0	0.99999	0
206	Y	0.00001	0	0.99999	0
207	Q	0.00001	0	0.99999	0
208	P	0.00001	0	0.99999	0
209	Y	0.00001	0	0.99999	0
210	A	0.00064	0	0.99936	0
211	P	0.00331	0	0.99669	0
212	P	0.00617	0	0.99383	0
213	R	0.30556	0	0.69444	0
214	D	0.30556	0	0.69444	0
215	F	0.30556	0	0.69444	0
216	A	0.30556	0	0.69444	0
217	A	0.30556	0	0.69444	0
218	Y	0.30556	0	0.69444	0
219	R	0.99999	0	0.00001	0
220	S	1.00000	0	0.00000	0
