# UNNAMED
#pos	aa	i	o	M	S
1	M	0.00000	1	0.00000	0
2	D	0.00000	1	0.00000	0
3	V	0.00000	1	0.00000	0
4	L	0.00000	1	0.00000	0
5	S	0.00000	1	0.00000	0
6	P	0.00000	1	0.00000	0
7	G	0.00000	1	0.00000	0
8	Q	0.00000	1	0.00000	0
9	G	0.00000	1	0.00000	0
10	N	0.00000	1	0.00000	0
11	N	0.00000	1	0.00000	0
12	T	0.00000	1	0.00000	0
13	T	0.00000	1	0.00000	0
14	S	0.00000	1	0.00000	0
15	P	0.00000	1	0.00000	0
16	P	0.00000	1	0.00000	0
17	A	0.00000	1	0.00000	0
18	P	0.00000	1	0.00000	0
19	F	0.00000	1	0.00000	0
20	E	0.00000	1	0.00000	0
21	T	0.00000	1	0.00000	0
22	G	0.00000	1	0.00000	0
23	G	0.00000	1	0.00000	0
24	N	0.00000	1	0.00000	0
25	T	0.00000	1	0.00000	0
26	T	0.00000	1	0.00000	0
27	G	0.00000	1	0.00000	0
28	I	0.00000	1	0.00000	0
29	S	0.00000	1	0.00000	0
30	D	0.00000	1	0.00000	0
31	V	0.00000	0.99361	0.00639	0
32	T	0.00000	0.98277	0.01723	0
33	V	0.00000	0.9621	0.03790	0
34	S	0.00000	0.93258	0.06742	0
35	Y	0.00000	0.61018	0.38982	0
36	Q	0.00000	0.546	0.45400	0
37	V	0.00000	0.19811	0.80189	0
38	I	0.00000	0.07867	0.92133	0
39	T	0.00000	0.06366	0.93634	0
40	S	0.00000	0.05764	0.94236	0
41	L	0.00000	0.0231	0.97690	0
42	L	0.00000	0.0121	0.98790	0
43	L	0.00000	0.00381	0.99619	0
44	G	0.00000	0.00021	0.99979	0
45	T	0.00000	1e-05	0.99999	0
46	L	0.00000	0	1.00000	0
47	I	0.00000	0	1.00000	0
48	F	0.00000	0	1.00000	0
49	C	0.00000	0	1.00000	0
50	A	0.00000	0	1.00000	0
51	V	0.00000	0	1.00000	0
52	L	0.00000	0	1.00000	0
53	G	0.00000	0	1.00000	0
54	N	0.00000	0	1.00000	0
55	A	0.00000	0	1.00000	0
56	C	0.00001	0	0.99999	0
57	V	0.00003	0	0.99997	0
58	V	0.00019	0	0.99981	0
59	A	0.00348	0	0.99652	0
60	A	0.03330	0	0.96670	0
61	I	0.08742	0	0.91258	0
62	A	0.42956	0	0.57044	0
63	L	0.67787	0	0.32213	0
64	E	0.99409	0	0.00591	0
65	R	0.99991	0	0.00009	0
66	S	0.99999	0	0.00001	0
67	L	0.99998	0	0.00002	0
68	Q	0.99990	0	0.00010	0
69	N	0.99152	0	0.00848	0
70	V	0.95894	0	0.04106	0
71	A	0.76854	0	0.23146	0
72	N	0.22113	0	0.77887	0
73	Y	0.08567	0	0.91433	0
74	L	0.00136	0	0.99864	0
75	I	0.00003	0	0.99997	0
76	G	0.00001	0	0.99999	0
77	S	0.00000	0	1.00000	0
78	L	0.00000	0	1.00000	0
79	A	0.00000	0	1.00000	0
80	V	0.00000	0	1.00000	0
81	T	0.00000	0	1.00000	0
82	D	0.00000	0	1.00000	0
83	L	0.00000	0	1.00000	0
84	M	0.00000	0	1.00000	0
85	V	0.00000	0	1.00000	0
86	S	0.00000	0	1.00000	0
87	V	0.00000	0	1.00000	0
88	L	0.00000	0	1.00000	0
89	V	0.00000	1e-05	0.99999	0
90	L	0.00000	0.00012	0.99988	0
91	P	0.00000	0.00087	0.99913	0
92	M	0.00000	0.0149	0.98510	0
93	A	0.00000	0.09468	0.90532	0
94	A	0.00000	0.27585	0.72415	0
95	L	0.00000	0.43802	0.56198	0
96	Y	0.00000	0.99967	0.00033	0
97	Q	0.00000	0.9998	0.00020	0
98	V	0.00000	0.99982	0.00018	0
99	L	0.00000	0.99987	0.00013	0
100	N	0.00000	0.99999	0.00001	0
101	K	0.00000	1	0.00000	0
102	W	0.00000	1	0.00000	0
103	T	0.00000	1	0.00000	0
104	L	0.00000	1	0.00000	0
105	G	0.00000	1	0.00000	0
106	Q	0.00000	1	0.00000	0
107	V	0.00000	1	0.00000	0
108	T	0.00000	0.99999	0.00001	0
109	C	0.00000	0.99988	0.00012	0
110	D	0.00000	0.99865	0.00135	0
111	L	0.00000	0.9916	0.00840	0
112	F	0.00000	0.32527	0.67473	0
113	I	0.00000	0.03645	0.96355	0
114	A	0.00000	0.00071	0.99929	0
115	L	0.00000	1e-05	0.99999	0
116	D	0.00000	0	1.00000	0
117	V	0.00000	0	1.00000	0
118	L	0.00000	0	1.00000	0
119	C	0.00000	0	1.00000	0
120	C	0.00000	0	1.00000	0
121	T	0.00000	0	1.00000	0
122	S	0.00000	0	1.00000	0
123	S	0.00000	0	1.00000	0
124	I	0.00000	0	1.00000	0
125	L	0.00000	0	1.00000	0
126	H	0.00000	0	1.00000	0
127	L	0.00000	0	1.00000	0
128	C	0.00000	0	1.00000	0
129	A	0.00000	0	1.00000	0
130	I	0.00000	0	1.00000	0
131	A	0.00000	0	1.00000	0
132	L	0.00001	0	0.99999	0
133	D	0.00009	0	0.99991	0
134	R	0.14637	0	0.85363	0
135	Y	0.91052	0	0.08948	0
136	W	0.96181	0	0.03819	0
137	A	0.98321	0	0.01679	0
138	I	1.00000	0	0.00000	0
139	T	1.00000	0	0.00000	0
140	D	1.00000	0	0.00000	0
141	P	1.00000	0	0.00000	0
142	I	1.00000	0	0.00000	0
143	D	1.00000	0	0.00000	0
144	Y	1.00000	0	0.00000	0
145	V	1.00000	0	0.00000	0
146	N	1.00000	0	0.00000	0
147	K	1.00000	0	0.00000	0
148	R	1.00000	0	0.00000	0
149	T	1.00000	0	0.00000	0
150	P	0.99999	0	0.00001	0
151	R	0.99902	0	0.00098	0
152	R	0.94834	0	0.05166	0
153	A	0.05074	0	0.94926	0
154	A	0.00782	0	0.99218	0
155	A	0.00060	0	0.99940	0
156	L	0.00000	0	1.00000	0
157	I	0.00000	0	1.00000	0
158	S	0.00000	0	1.00000	0
159	L	0.00000	0	1.00000	0
160	T	0.00000	0	1.00000	0
161	W	0.00000	0	1.00000	0
162	L	0.00000	0	1.00000	0
163	I	0.00000	0	1.00000	0
164	G	0.00000	0	1.00000	0
165	F	0.00000	0	1.00000	0
166	L	0.00000	0	1.00000	0
167	I	0.00000	0	1.00000	0
168	S	0.00000	0	1.00000	0
169	I	0.00000	0	1.00000	0
170	P	0.00000	2e-05	0.99998	0
171	P	0.00000	0.00018	0.99982	0
172	M	0.00000	0.00105	0.99895	0
173	L	0.00000	0.04179	0.95821	0
174	G	0.00000	0.61218	0.38782	0
175	W	0.00000	0.79032	0.20968	0
176	R	0.00000	0.99296	0.00704	0
177	T	0.00000	0.99952	0.00048	0
178	P	0.00000	0.99998	0.00002	0
179	E	0.00000	1	0.00000	0
180	D	0.00000	1	0.00000	0
181	R	0.00000	1	0.00000	0
182	S	0.00000	1	0.00000	0
183	D	0.00000	1	0.00000	0
184	P	0.00000	1	0.00000	0
185	D	0.00000	1	0.00000	0
186	A	0.00000	1	0.00000	0
187	C	0.00000	1	0.00000	0
188	T	0.00000	1	0.00000	0
189	I	0.00000	1	0.00000	0
190	S	0.00000	1	0.00000	0
191	K	0.00000	1	0.00000	0
192	D	0.00000	1	0.00000	0
193	H	0.00000	0.99367	0.00633	0
194	G	0.00000	0.84608	0.15392	0
195	Y	0.00000	0.75029	0.24971	0
196	T	0.00000	0.72529	0.27471	0
197	I	0.00000	0.0067	0.99330	0
198	Y	0.00000	0.0024	0.99760	0
199	S	0.00000	0.00196	0.99804	0
200	T	0.00000	0.00036	0.99964	0
201	F	0.00000	0.00023	0.99977	0
202	G	0.00000	0	1.00000	0
203	A	0.00000	0	1.00000	0
204	F	0.00000	0	1.00000	0
205	Y	0.00000	0	1.00000	0
206	I	0.00000	0	1.00000	0
207	P	0.00000	0	1.00000	0
208	L	0.00000	0	1.00000	0
209	L	0.00000	0	1.00000	0
210	L	0.00000	0	1.00000	0
211	M	0.00000	0	1.00000	0
212	L	0.00000	0	1.00000	0
213	V	0.00000	0	1.00000	0
214	L	0.00000	0	1.00000	0
215	Y	0.00025	0	0.99975	0
216	G	0.01295	0	0.98705	0
217	R	0.04500	0	0.95500	0
218	I	0.04935	0	0.95065	0
219	F	0.09464	0	0.90536	0
220	R	0.94447	0	0.05553	0
221	A	0.96078	0	0.03922	0
222	A	0.99920	0	0.00080	0
223	R	0.99966	0	0.00034	0
224	F	0.99968	0	0.00032	0
225	R	1.00000	0	0.00000	0
226	I	1.00000	0	0.00000	0
227	R	1.00000	0	0.00000	0
228	K	1.00000	0	0.00000	0
229	T	1.00000	0	0.00000	0
230	V	1.00000	0	0.00000	0
231	K	1.00000	0	0.00000	0
232	K	1.00000	0	0.00000	0
233	V	1.00000	0	0.00000	0
234	E	1.00000	0	0.00000	0
235	K	1.00000	0	0.00000	0
236	T	1.00000	0	0.00000	0
237	G	1.00000	0	0.00000	0
238	A	1.00000	0	0.00000	0
239	D	1.00000	0	0.00000	0
240	T	1.00000	0	0.00000	0
241	R	1.00000	0	0.00000	0
242	H	1.00000	0	0.00000	0
243	G	1.00000	0	0.00000	0
244	A	1.00000	0	0.00000	0
245	S	1.00000	0	0.00000	0
246	P	1.00000	0	0.00000	0
247	A	1.00000	0	0.00000	0
248	P	1.00000	0	0.00000	0
249	Q	1.00000	0	0.00000	0
250	P	1.00000	0	0.00000	0
251	K	1.00000	0	0.00000	0
252	K	1.00000	0	0.00000	0
253	S	1.00000	0	0.00000	0
254	V	1.00000	0	0.00000	0
255	N	1.00000	0	0.00000	0
256	G	1.00000	0	0.00000	0
257	E	1.00000	0	0.00000	0
258	S	1.00000	0	0.00000	0
259	G	1.00000	0	0.00000	0
260	S	1.00000	0	0.00000	0
261	R	1.00000	0	0.00000	0
262	N	1.00000	0	0.00000	0
263	W	1.00000	0	0.00000	0
264	R	1.00000	0	0.00000	0
265	L	1.00000	0	0.00000	0
266	G	1.00000	0	0.00000	0
267	V	1.00000	0	0.00000	0
268	E	1.00000	0	0.00000	0
269	S	1.00000	0	0.00000	0
270	K	1.00000	0	0.00000	0
271	A	1.00000	0	0.00000	0
272	G	1.00000	0	0.00000	0
273	G	1.00000	0	0.00000	0
274	A	1.00000	0	0.00000	0
275	L	1.00000	0	0.00000	0
276	C	1.00000	0	0.00000	0
277	A	1.00000	0	0.00000	0
278	N	1.00000	0	0.00000	0
279	G	1.00000	0	0.00000	0
280	A	1.00000	0	0.00000	0
281	V	1.00000	0	0.00000	0
282	R	1.00000	0	0.00000	0
283	Q	1.00000	0	0.00000	0
284	G	1.00000	0	0.00000	0
285	D	1.00000	0	0.00000	0
286	D	1.00000	0	0.00000	0
287	G	1.00000	0	0.00000	0
288	A	1.00000	0	0.00000	0
289	A	1.00000	0	0.00000	0
290	L	1.00000	0	0.00000	0
291	E	1.00000	0	0.00000	0
292	V	1.00000	0	0.00000	0
293	I	1.00000	0	0.00000	0
294	E	1.00000	0	0.00000	0
295	V	1.00000	0	0.00000	0
296	H	1.00000	0	0.00000	0
297	R	1.00000	0	0.00000	0
298	V	1.00000	0	0.00000	0
299	G	1.00000	0	0.00000	0
300	N	1.00000	0	0.00000	0
301	S	1.00000	0	0.00000	0
302	K	1.00000	0	0.00000	0
303	E	1.00000	0	0.00000	0
304	H	1.00000	0	0.00000	0
305	L	1.00000	0	0.00000	0
306	P	1.00000	0	0.00000	0
307	L	1.00000	0	0.00000	0
308	P	1.00000	0	0.00000	0
309	S	1.00000	0	0.00000	0
310	E	1.00000	0	0.00000	0
311	A	1.00000	0	0.00000	0
312	G	1.00000	0	0.00000	0
313	P	1.00000	0	0.00000	0
314	T	1.00000	0	0.00000	0
315	P	1.00000	0	0.00000	0
316	C	1.00000	0	0.00000	0
317	A	1.00000	0	0.00000	0
318	P	1.00000	0	0.00000	0
319	A	1.00000	0	0.00000	0
320	S	1.00000	0	0.00000	0
321	F	1.00000	0	0.00000	0
322	E	1.00000	0	0.00000	0
323	R	1.00000	0	0.00000	0
324	K	1.00000	0	0.00000	0
325	N	1.00000	0	0.00000	0
326	E	1.00000	0	0.00000	0
327	R	1.00000	0	0.00000	0
328	N	1.00000	0	0.00000	0
329	A	1.00000	0	0.00000	0
330	E	1.00000	0	0.00000	0
331	A	1.00000	0	0.00000	0
332	K	1.00000	0	0.00000	0
333	R	1.00000	0	0.00000	0
334	K	1.00000	0	0.00000	0
335	M	1.00000	0	0.00000	0
336	A	1.00000	0	0.00000	0
337	L	1.00000	0	0.00000	0
338	A	1.00000	0	0.00000	0
339	R	1.00000	0	0.00000	0
340	E	1.00000	0	0.00000	0
341	R	0.99685	0	0.00315	0
342	K	0.99648	0	0.00352	0
343	T	0.71244	0	0.28756	0
344	V	0.70957	0	0.29043	0
345	K	0.70829	0	0.29171	0
346	T	0.59429	0	0.40571	0
347	L	0.01079	0	0.98921	0
348	G	0.00075	0	0.99925	0
349	I	0.00002	0	0.99998	0
350	I	0.00000	0	1.00000	0
351	M	0.00000	0	1.00000	0
352	G	0.00000	0	1.00000	0
353	T	0.00000	0	1.00000	0
354	F	0.00000	0	1.00000	0
355	I	0.00000	0	1.00000	0
356	L	0.00000	0	1.00000	0
357	C	0.00000	0	1.00000	0
358	W	0.00000	0	1.00000	0
359	L	0.00000	0	1.00000	0
360	P	0.00000	0	1.00000	0
361	F	0.00000	0	1.00000	0
362	F	0.00000	0	1.00000	0
363	I	0.00000	1e-05	0.99999	0
364	V	0.00000	8e-05	0.99992	0
365	A	0.00000	0.00054	0.99946	0
366	L	0.00000	0.0044	0.99560	0
367	V	0.00000	0.02398	0.97602	0
368	L	0.00000	0.07815	0.92185	0
369	P	0.00000	0.4037	0.59630	0
370	F	0.00000	0.53995	0.46005	0
371	C	0.00000	0.96137	0.03863	0
372	E	0.00000	0.99861	0.00139	0
373	S	0.00000	0.99956	0.00044	0
374	S	0.00000	0.99982	0.00018	0
375	C	0.00000	0.99996	0.00004	0
376	H	0.00000	0.99979	0.00021	0
377	M	0.00000	0.99668	0.00332	0
378	P	0.00000	0.99656	0.00344	0
379	T	0.00000	0.99459	0.00541	0
380	L	0.00000	0.98801	0.01199	0
381	L	0.00000	0.98533	0.01467	0
382	G	0.00000	0.98476	0.01524	0
383	A	0.00000	0.33384	0.66616	0
384	I	0.00000	0.00306	0.99694	0
385	I	0.00000	0.00012	0.99988	0
386	N	0.00000	0	1.00000	0
387	W	0.00000	0	1.00000	0
388	L	0.00000	0	1.00000	0
389	G	0.00000	0	1.00000	0
390	Y	0.00000	0	1.00000	0
391	S	0.00000	0	1.00000	0
392	N	0.00000	0	1.00000	0
393	S	0.00000	0	1.00000	0
394	L	0.00000	0	1.00000	0
395	L	0.00000	0	1.00000	0
396	N	0.00000	0	1.00000	0
397	P	0.00000	0	1.00000	0
398	V	0.00000	0	1.00000	0
399	I	0.00001	0	0.99999	0
400	Y	0.00006	0	0.99994	0
401	A	0.00013	0	0.99987	0
402	Y	0.00044	0	0.99956	0
403	F	0.03045	0	0.96955	0
404	N	0.53391	0	0.46609	0
405	K	1.00000	0	0.00000	0
406	D	1.00000	0	0.00000	0
407	F	1.00000	0	0.00000	0
408	Q	1.00000	0	0.00000	0
409	N	1.00000	0	0.00000	0
410	A	1.00000	0	0.00000	0
411	F	1.00000	0	0.00000	0
412	K	1.00000	0	0.00000	0
413	K	1.00000	0	0.00000	0
414	I	1.00000	0	0.00000	0
415	I	1.00000	0	0.00000	0
416	K	1.00000	0	0.00000	0
417	C	1.00000	0	0.00000	0
418	K	1.00000	0	0.00000	0
419	F	1.00000	0	0.00000	0
420	C	1.00000	0	0.00000	0
421	R	1.00000	0	0.00000	0
422	Q	1.00000	0	0.00000	0
