# UNNAMED
#pos	aa	i	o	M	S
1	M	0.00000	0.96343	0.00000	0.03657
2	T	0.00000	0.96343	0.00000	0.03657
3	K	0.00000	0.96343	0.00000	0.03657
4	N	0.00000	0.96343	0.00000	0.03657
5	Q	0.00000	0.96343	0.00000	0.03657
6	T	0.00000	0.96343	0.00000	0.03657
7	W	0.00000	0.96343	0.00000	0.03657
8	V	0.00000	0.96343	0.00000	0.03657
9	T	0.00000	0.96343	0.00000	0.03657
10	E	0.00000	0.96343	0.00000	0.03657
11	F	0.00000	0.96343	0.00000	0.03657
12	I	0.00000	0.96343	0.00000	0.03657
13	L	0.00000	0.96343	0.00000	0.03657
14	L	0.00000	0.96343	0.00000	0.03657
15	G	0.00000	0.96343	0.00000	0.03657
16	F	0.00000	0.96344	0.00000	0.03655
17	P	0.00000	0.96344	0.00000	0.03656
18	L	0.00000	0.9634	0.00005	0.03656
19	S	0.00000	0.96326	0.00019	0.03655
20	L	0.00000	0.96269	0.00077	0.03655
21	R	0.00000	0.99841	0.00126	0.00032
22	I	0.00000	0.97566	0.02412	0.00022
23	Q	0.00000	0.97329	0.02657	0.00013
24	M	0.00000	0.96433	0.03553	0.00013
25	L	0.00000	0.93377	0.06611	0.00012
26	L	0.00000	0.88951	0.11037	0.00012
27	S	0.00000	0.87636	0.12352	0.00012
28	G	0.00000	0.8458	0.15415	5e-05
29	L	0.00000	0.81317	0.18682	0
30	F	0.00000	0.20744	0.79256	0
31	S	0.00000	0.12874	0.87126	0
32	L	0.00000	0.01305	0.98695	0
33	L	0.00000	0.00029	0.99971	0
34	Y	0.00000	0	1.00000	0
35	V	0.00000	0	1.00000	0
36	F	0.00000	0	1.00000	0
37	T	0.00000	0	1.00000	0
38	L	0.00000	0	1.00000	0
39	L	0.00000	0	1.00000	0
40	G	0.00000	0	1.00000	0
41	N	0.00000	0	1.00000	0
42	G	0.00000	0	1.00000	0
43	A	0.00000	0	1.00000	0
44	I	0.00000	0	1.00000	0
45	L	0.00000	0	1.00000	0
46	G	0.00005	0	0.99995	0
47	L	0.00024	0	0.99976	0
48	I	0.00374	0	0.99626	0
49	W	0.06771	0	0.93229	0
50	L	0.19322	0	0.80678	0
51	D	0.94076	0	0.05924	0
52	S	0.99141	0	0.00859	0
53	R	0.99987	0	0.00013	0
54	L	1.00000	0	0.00000	0
55	H	1.00000	0	0.00000	0
56	T	1.00000	0	0.00000	0
57	P	1.00000	0	0.00000	0
58	M	0.85842	0	0.14158	0
59	Y	0.81964	0	0.18036	0
60	F	0.15217	0	0.84783	0
61	F	0.00246	0	0.99754	0
62	L	0.00074	0	0.99926	0
63	S	0.00048	0	0.99952	0
64	H	0.00000	0	1.00000	0
65	L	0.00000	0	1.00000	0
66	A	0.00000	0	1.00000	0
67	I	0.00000	0	1.00000	0
68	I	0.00000	0	1.00000	0
69	D	0.00000	0	1.00000	0
70	I	0.00000	0	1.00000	0
71	S	0.00000	0	1.00000	0
72	Y	0.00000	0	1.00000	0
73	A	0.00000	0	1.00000	0
74	S	0.00000	0	1.00000	0
75	N	0.00000	0	1.00000	0
76	N	0.00000	0	1.00000	0
77	V	0.00000	2e-05	0.99998	0
78	P	0.00000	0.00018	0.99982	0
79	K	0.00000	0.00173	0.99827	0
80	M	0.00000	0.00631	0.99369	0
81	L	0.00000	0.08901	0.91099	0
82	T	0.00000	0.78139	0.21861	0
83	N	0.00000	0.99998	0.00002	0
84	L	0.00000	1	0.00000	0
85	G	0.00000	1	0.00000	0
86	L	0.00000	1	0.00000	0
87	N	0.00000	1	0.00000	0
88	K	0.00000	1	0.00000	0
89	R	0.00000	1	0.00000	0
90	K	0.00000	1	0.00000	0
91	T	0.00000	1	0.00000	0
92	I	0.00000	1	0.00000	0
93	S	0.00000	1	0.00000	0
94	F	0.00000	0.99999	0.00001	0
95	V	0.00000	0.99999	0.00001	0
96	P	0.00000	0.99997	0.00003	0
97	C	0.00000	0.99955	0.00045	0
98	T	0.00000	0.98181	0.01819	0
99	M	0.00000	0.90631	0.09369	0
100	Q	0.00000	0.76538	0.23462	0
101	T	0.00000	0.44758	0.55242	0
102	F	0.00000	0.07388	0.92612	0
103	L	0.00000	0.00708	0.99292	0
104	Y	0.00000	0.00378	0.99622	0
105	M	0.00000	2e-05	0.99998	0
106	A	0.00000	0	1.00000	0
107	F	0.00000	0	1.00000	0
108	A	0.00000	0	1.00000	0
109	H	0.00000	0	1.00000	0
110	T	0.00000	0	1.00000	0
111	E	0.00000	0	1.00000	0
112	C	0.00000	0	1.00000	0
113	L	0.00000	0	1.00000	0
114	I	0.00000	0	1.00000	0
115	L	0.00000	0	1.00000	0
116	V	0.00000	0	1.00000	0
117	M	0.00000	0	1.00000	0
118	M	0.00000	0	1.00000	0
119	S	0.00000	0	1.00000	0
120	Y	0.00000	0	1.00000	0
121	D	0.00001	0	0.99999	0
122	R	0.00252	0	0.99748	0
123	Y	0.11400	0	0.88600	0
124	M	0.91643	0	0.08357	0
125	A	0.99682	0	0.00318	0
126	I	1.00000	0	0.00000	0
127	C	1.00000	0	0.00000	0
128	H	1.00000	0	0.00000	0
129	P	1.00000	0	0.00000	0
130	L	1.00000	0	0.00000	0
131	Q	1.00000	0	0.00000	0
132	Y	1.00000	0	0.00000	0
133	S	1.00000	0	0.00000	0
134	V	1.00000	0	0.00000	0
135	I	0.99999	0	0.00001	0
136	M	0.99996	0	0.00004	0
137	R	0.99980	0	0.00020	0
138	W	0.99153	0	0.00847	0
139	G	0.95174	0	0.04826	0
140	V	0.48450	0	0.51550	0
141	C	0.00778	0	0.99222	0
142	T	0.00219	0	0.99781	0
143	V	0.00004	0	0.99996	0
144	L	0.00000	0	1.00000	0
145	A	0.00000	0	1.00000	0
146	V	0.00000	0	1.00000	0
147	T	0.00000	0	1.00000	0
148	S	0.00000	0	1.00000	0
149	W	0.00000	0	1.00000	0
150	A	0.00000	0	1.00000	0
151	C	0.00000	0	1.00000	0
152	G	0.00000	0	1.00000	0
153	S	0.00000	0	1.00000	0
154	L	0.00000	0	1.00000	0
155	L	0.00000	0	1.00000	0
156	A	0.00000	0	1.00000	0
157	L	0.00000	1e-05	0.99999	0
158	V	0.00000	0.00042	0.99958	0
159	H	0.00000	0.00807	0.99193	0
160	V	0.00000	0.01751	0.98249	0
161	V	0.00000	0.069	0.93100	0
162	L	0.00000	0.17212	0.82788	0
163	I	0.00000	0.46228	0.53772	0
164	L	0.00000	0.9522	0.04780	0
165	R	0.00000	0.99893	0.00107	0
166	L	0.00000	0.99951	0.00049	0
167	P	0.00000	0.99997	0.00003	0
168	F	0.00000	0.99999	0.00001	0
169	C	0.00000	1	0.00000	0
170	G	0.00000	1	0.00000	0
171	P	0.00000	1	0.00000	0
172	H	0.00000	1	0.00000	0
173	E	0.00000	1	0.00000	0
174	I	0.00000	1	0.00000	0
175	N	0.00000	1	0.00000	0
176	H	0.00000	1	0.00000	0
177	F	0.00000	1	0.00000	0
178	F	0.00000	1	0.00000	0
179	C	0.00000	1	0.00000	0
180	E	0.00000	1	0.00000	0
181	I	0.00000	0.99999	0.00001	0
182	L	0.00000	0.99999	0.00001	0
183	S	0.00000	0.99999	0.00001	0
184	V	0.00000	0.99999	0.00001	0
185	L	0.00000	0.99999	0.00001	0
186	K	0.00000	0.99999	0.00001	0
187	L	0.00000	0.99999	0.00001	0
188	A	0.00000	0.99999	0.00001	0
189	C	0.00000	0.99999	0.00001	0
190	A	0.00000	0.99965	0.00035	0
191	D	0.00000	0.99955	0.00045	0
192	T	0.00000	0.94789	0.05211	0
193	W	0.00000	0.85366	0.14634	0
194	L	0.00000	0.83694	0.16306	0
195	N	0.00000	0.83357	0.16643	0
196	Q	0.00000	0.78653	0.21347	0
197	V	0.00000	0.56332	0.43668	0
198	V	0.00000	0.02594	0.97406	0
199	I	0.00000	0.0015	0.99850	0
200	F	0.00000	0.00016	0.99984	0
201	A	0.00000	5e-05	0.99995	0
202	A	0.00000	4e-05	0.99996	0
203	S	0.00000	3e-05	0.99997	0
204	V	0.00000	0	1.00000	0
205	F	0.00000	0	1.00000	0
206	I	0.00000	0	1.00000	0
207	L	0.00000	0	1.00000	0
208	V	0.00000	0	1.00000	0
209	G	0.00001	0	0.99999	0
210	P	0.00001	0	0.99999	0
211	L	0.00001	0	0.99999	0
212	C	0.00001	0	0.99999	0
213	L	0.00001	0	0.99999	0
214	V	0.00001	0	0.99999	0
215	L	0.00013	0	0.99987	0
216	V	0.01422	0	0.98578	0
217	S	0.09089	0	0.90911	0
218	Y	0.10916	0	0.89084	0
219	S	0.31414	0	0.68586	0
220	R	0.40656	0	0.59344	0
221	I	0.41659	0	0.58341	0
222	L	0.47121	0	0.52879	0
223	A	0.92093	0	0.07907	0
224	A	0.96295	0	0.03705	0
225	I	0.99897	0	0.00103	0
226	L	0.99962	0	0.00038	0
227	R	0.99999	0	0.00001	0
228	I	1.00000	0	0.00000	0
229	Q	1.00000	0	0.00000	0
230	S	1.00000	0	0.00000	0
231	G	1.00000	0	0.00000	0
232	E	1.00000	0	0.00000	0
233	G	0.99995	0	0.00005	0
234	R	0.99290	0	0.00710	0
235	R	0.97712	0	0.02288	0
236	K	0.81663	0	0.18337	0
237	A	0.38306	0	0.61694	0
238	F	0.17781	0	0.82219	0
239	S	0.01394	0	0.98606	0
240	T	0.01379	0	0.98621	0
241	C	0.00314	0	0.99686	0
242	S	0.00211	0	0.99789	0
243	S	0.00101	0	0.99899	0
244	H	0.00001	0	0.99999	0
245	L	0.00000	0	1.00000	0
246	C	0.00000	0	1.00000	0
247	M	0.00000	0	1.00000	0
248	V	0.00000	0	1.00000	0
249	G	0.00000	0	1.00000	0
250	L	0.00000	0	1.00000	0
251	F	0.00000	0	1.00000	0
252	F	0.00000	0	1.00000	0
253	G	0.00000	0	1.00000	0
254	S	0.00000	0	1.00000	0
255	A	0.00000	0	1.00000	0
256	I	0.00000	1e-05	0.99999	0
257	V	0.00000	0.00014	0.99986	0
258	M	0.00000	0.0009	0.99910	0
259	Y	0.00000	0.01984	0.98016	0
260	M	0.00000	0.06485	0.93515	0
261	A	0.00000	0.27218	0.72782	0
262	P	0.00000	0.82918	0.17082	0
263	K	0.00000	0.99885	0.00115	0
264	S	0.00000	0.99985	0.00015	0
265	R	0.00000	0.99999	0.00001	0
266	H	0.00000	1	0.00000	0
267	P	0.00000	1	0.00000	0
268	E	0.00000	0.99923	0.00077	0
269	E	0.00000	0.98642	0.01358	0
270	Q	0.00000	0.86673	0.13327	0
271	Q	0.00000	0.80643	0.19357	0
272	K	0.00000	0.56174	0.43826	0
273	V	0.00000	0.02333	0.97667	0
274	L	0.00000	1e-05	0.99999	0
275	S	0.00000	0	1.00000	0
276	L	0.00000	0	1.00000	0
277	F	0.00000	0	1.00000	0
278	Y	0.00000	0	1.00000	0
279	S	0.00000	0	1.00000	0
280	L	0.00000	0	1.00000	0
281	F	0.00000	0	1.00000	0
282	N	0.00000	0	1.00000	0
283	P	0.00000	0	1.00000	0
284	M	0.00000	0	1.00000	0
285	L	0.00000	0	1.00000	0
286	N	0.00000	0	1.00000	0
287	P	0.00000	0	1.00000	0
288	L	0.00000	0	1.00000	0
289	I	0.00002	0	0.99998	0
290	Y	0.00017	0	0.99983	0
291	S	0.00115	0	0.99885	0
292	L	0.02560	0	0.97440	0
293	R	1.00000	0	0.00000	0
294	N	1.00000	0	0.00000	0
295	A	1.00000	0	0.00000	0
296	E	1.00000	0	0.00000	0
297	V	1.00000	0	0.00000	0
298	K	1.00000	0	0.00000	0
299	G	1.00000	0	0.00000	0
300	A	1.00000	0	0.00000	0
301	L	1.00000	0	0.00000	0
302	K	1.00000	0	0.00000	0
303	R	1.00000	0	0.00000	0
304	V	1.00000	0	0.00000	0
305	L	1.00000	0	0.00000	0
306	W	1.00000	0	0.00000	0
307	K	1.00000	0	0.00000	0
308	Q	1.00000	0	0.00000	0
309	R	1.00000	0	0.00000	0
310	S	1.00000	0	0.00000	0
311	K	1.00000	0	0.00000	0
