# UNNAMED
#pos	aa	i	o	M	S
1	M	0.00000	0.99999	0.00000	1e-05
2	Q	0.00000	0.99999	0.00000	1e-05
3	D	0.00000	0.99999	0.00000	1e-05
4	V	0.00000	0.99999	0.00000	1e-05
5	Q	0.00000	0.99999	0.00000	1e-05
6	G	0.00000	0.99999	0.00000	1e-05
7	P	0.00000	0.99999	0.00000	1e-05
8	R	0.00000	0.99999	0.00000	1e-05
9	P	0.00000	0.99999	0.00000	1e-05
10	G	0.00000	0.99999	0.00000	1e-05
11	S	0.00000	0.99999	0.00000	1e-05
12	P	0.00000	0.99999	0.00000	1e-05
13	G	0.00000	0.99999	0.00000	1e-05
14	D	0.00000	0.99999	0.00000	1e-05
15	A	0.00000	0.99999	0.00000	1e-05
16	E	0.00000	1	0.00000	0
17	D	0.00000	1	0.00000	0
18	R	0.00000	1	0.00000	0
19	R	0.00000	1	0.00000	0
20	E	0.00000	1	0.00000	0
21	L	0.00000	1	0.00000	0
22	G	0.00000	1	0.00000	0
23	L	0.00000	1	0.00000	0
24	H	0.00000	1	0.00000	0
25	R	0.00000	1	0.00000	0
26	G	0.00000	1	0.00000	0
27	E	0.00000	1	0.00000	0
28	V	0.00000	1	0.00000	0
29	N	0.00000	1	0.00000	0
30	F	0.00000	1	0.00000	0
31	G	0.00000	1	0.00000	0
32	G	0.00000	1	0.00000	0
33	S	0.00000	1	0.00000	0
34	G	0.00000	1	0.00000	0
35	K	0.00000	1	0.00000	0
36	K	0.00000	1	0.00000	0
37	R	0.00000	1	0.00000	0
38	G	0.00000	1	0.00000	0
39	K	0.00000	1	0.00000	0
40	F	0.00000	1	0.00000	0
41	V	0.00000	1	0.00000	0
42	R	0.00000	1	0.00000	0
43	V	0.00000	1	0.00000	0
44	P	0.00000	1	0.00000	0
45	S	0.00000	1	0.00000	0
46	G	0.00000	1	0.00000	0
47	V	0.00000	1	0.00000	0
48	A	0.00000	1	0.00000	0
49	P	0.00000	1	0.00000	0
50	S	0.00000	1	0.00000	0
51	V	0.00000	1	0.00000	0
52	L	0.00000	1	0.00000	0
53	F	0.00000	1	0.00000	0
54	D	0.00000	1	0.00000	0
55	L	0.00000	1	0.00000	0
56	L	0.00000	1	0.00000	0
57	L	0.00000	1	0.00000	0
58	A	0.00000	1	0.00000	0
59	E	0.00000	1	0.00000	0
60	W	0.00000	1	0.00000	0
61	H	0.00000	1	0.00000	0
62	L	0.00000	1	0.00000	0
63	P	0.00000	1	0.00000	0
64	A	0.00000	1	0.00000	0
65	P	0.00000	1	0.00000	0
66	N	0.00000	1	0.00000	0
67	L	0.00000	1	0.00000	0
68	V	0.00000	1	0.00000	0
69	V	0.00000	1	0.00000	0
70	S	0.00000	1	0.00000	0
71	L	0.00000	1	0.00000	0
72	V	0.00000	1	0.00000	0
73	G	0.00000	1	0.00000	0
74	E	0.00000	1	0.00000	0
75	E	0.00000	1	0.00000	0
76	Q	0.00000	1	0.00000	0
77	P	0.00000	1	0.00000	0
78	F	0.00000	1	0.00000	0
79	A	0.00000	1	0.00000	0
80	M	0.00000	1	0.00000	0
81	K	0.00000	1	0.00000	0
82	S	0.00000	1	0.00000	0
83	W	0.00000	1	0.00000	0
84	L	0.00000	1	0.00000	0
85	R	0.00000	1	0.00000	0
86	D	0.00000	1	0.00000	0
87	V	0.00000	1	0.00000	0
88	L	0.00000	1	0.00000	0
89	R	0.00000	1	0.00000	0
90	K	0.00000	1	0.00000	0
91	G	0.00000	1	0.00000	0
92	L	0.00000	1	0.00000	0
93	V	0.00000	1	0.00000	0
94	K	0.00000	1	0.00000	0
95	A	0.00000	1	0.00000	0
96	A	0.00000	1	0.00000	0
97	Q	0.00000	1	0.00000	0
98	S	0.00000	1	0.00000	0
99	T	0.00000	1	0.00000	0
100	G	0.00000	1	0.00000	0
101	A	0.00000	1	0.00000	0
102	W	0.00000	1	0.00000	0
103	I	0.00000	1	0.00000	0
104	L	0.00000	1	0.00000	0
105	T	0.00000	1	0.00000	0
106	S	0.00000	1	0.00000	0
107	A	0.00000	1	0.00000	0
108	L	0.00000	1	0.00000	0
109	R	0.00000	1	0.00000	0
110	V	0.00000	1	0.00000	0
111	G	0.00000	1	0.00000	0
112	L	0.00000	1	0.00000	0
113	A	0.00000	1	0.00000	0
114	R	0.00000	1	0.00000	0
115	H	0.00000	1	0.00000	0
116	V	0.00000	1	0.00000	0
117	G	0.00000	1	0.00000	0
118	Q	0.00000	1	0.00000	0
119	A	0.00000	1	0.00000	0
120	V	0.00000	1	0.00000	0
121	R	0.00000	1	0.00000	0
122	D	0.00000	1	0.00000	0
123	H	0.00000	1	0.00000	0
124	S	0.00000	1	0.00000	0
125	L	0.00000	1	0.00000	0
126	A	0.00000	1	0.00000	0
127	S	0.00000	1	0.00000	0
128	T	0.00000	1	0.00000	0
129	S	0.00000	1	0.00000	0
130	T	0.00000	1	0.00000	0
131	K	0.00000	1	0.00000	0
132	V	0.00000	1	0.00000	0
133	R	0.00000	1	0.00000	0
134	V	0.00000	1	0.00000	0
135	V	0.00000	1	0.00000	0
136	A	0.00000	1	0.00000	0
137	V	0.00000	1	0.00000	0
138	G	0.00000	1	0.00000	0
139	M	0.00000	1	0.00000	0
140	A	0.00000	1	0.00000	0
141	S	0.00000	1	0.00000	0
142	L	0.00000	1	0.00000	0
143	G	0.00000	1	0.00000	0
144	R	0.00000	1	0.00000	0
145	V	0.00000	1	0.00000	0
146	L	0.00000	1	0.00000	0
147	H	0.00000	1	0.00000	0
148	R	0.00000	1	0.00000	0
149	R	0.00000	1	0.00000	0
150	I	0.00000	1	0.00000	0
151	L	0.00000	1	0.00000	0
152	E	0.00000	1	0.00000	0
153	E	0.00000	1	0.00000	0
154	A	0.00000	1	0.00000	0
155	Q	0.00000	1	0.00000	0
156	E	0.00000	1	0.00000	0
157	D	0.00000	1	0.00000	0
158	F	0.00000	1	0.00000	0
159	P	0.00000	1	0.00000	0
160	V	0.00000	1	0.00000	0
161	H	0.00000	1	0.00000	0
162	Y	0.00000	1	0.00000	0
163	P	0.00000	1	0.00000	0
164	E	0.00000	1	0.00000	0
165	D	0.00000	1	0.00000	0
166	D	0.00000	1	0.00000	0
167	G	0.00000	1	0.00000	0
168	G	0.00000	1	0.00000	0
169	S	0.00000	1	0.00000	0
170	Q	0.00000	1	0.00000	0
171	G	0.00000	1	0.00000	0
172	P	0.00000	1	0.00000	0
173	L	0.00000	1	0.00000	0
174	C	0.00000	1	0.00000	0
175	S	0.00000	1	0.00000	0
176	L	0.00000	1	0.00000	0
177	D	0.00000	1	0.00000	0
178	S	0.00000	1	0.00000	0
179	N	0.00000	1	0.00000	0
180	L	0.00000	1	0.00000	0
181	S	0.00000	1	0.00000	0
182	H	0.00000	1	0.00000	0
183	F	0.00000	1	0.00000	0
184	I	0.00000	1	0.00000	0
185	L	0.00000	1	0.00000	0
186	V	0.00000	1	0.00000	0
187	E	0.00000	1	0.00000	0
188	P	0.00000	1	0.00000	0
189	G	0.00000	1	0.00000	0
190	P	0.00000	1	0.00000	0
191	P	0.00000	1	0.00000	0
192	G	0.00000	1	0.00000	0
193	K	0.00000	1	0.00000	0
194	G	0.00000	1	0.00000	0
195	D	0.00000	1	0.00000	0
196	G	0.00000	1	0.00000	0
197	L	0.00000	1	0.00000	0
198	T	0.00000	1	0.00000	0
199	E	0.00000	1	0.00000	0
200	L	0.00000	1	0.00000	0
201	R	0.00000	1	0.00000	0
202	L	0.00000	1	0.00000	0
203	R	0.00000	1	0.00000	0
204	L	0.00000	1	0.00000	0
205	E	0.00000	1	0.00000	0
206	K	0.00000	1	0.00000	0
207	H	0.00000	1	0.00000	0
208	I	0.00000	1	0.00000	0
209	S	0.00000	1	0.00000	0
210	E	0.00000	1	0.00000	0
211	Q	0.00000	1	0.00000	0
212	R	0.00000	1	0.00000	0
213	A	0.00000	1	0.00000	0
214	G	0.00000	1	0.00000	0
215	Y	0.00000	1	0.00000	0
216	G	0.00000	1	0.00000	0
217	G	0.00000	1	0.00000	0
218	T	0.00000	1	0.00000	0
219	G	0.00000	1	0.00000	0
220	S	0.00000	1	0.00000	0
221	I	0.00000	1	0.00000	0
222	E	0.00000	1	0.00000	0
223	I	0.00000	1	0.00000	0
224	P	0.00000	1	0.00000	0
225	V	0.00000	1	0.00000	0
226	L	0.00000	1	0.00000	0
227	C	0.00000	1	0.00000	0
228	L	0.00000	1	0.00000	0
229	L	0.00000	1	0.00000	0
230	V	0.00000	1	0.00000	0
231	N	0.00000	1	0.00000	0
232	G	0.00000	1	0.00000	0
233	D	0.00000	1	0.00000	0
234	P	0.00000	1	0.00000	0
235	N	0.00000	1	0.00000	0
236	T	0.00000	1	0.00000	0
237	L	0.00000	1	0.00000	0
238	E	0.00000	1	0.00000	0
239	R	0.00000	1	0.00000	0
240	I	0.00000	1	0.00000	0
241	S	0.00000	1	0.00000	0
242	R	0.00000	1	0.00000	0
243	A	0.00000	1	0.00000	0
244	V	0.00000	1	0.00000	0
245	E	0.00000	1	0.00000	0
246	Q	0.00000	1	0.00000	0
247	A	0.00000	1	0.00000	0
248	A	0.00000	1	0.00000	0
249	P	0.00000	1	0.00000	0
250	W	0.00000	1	0.00000	0
251	L	0.00000	1	0.00000	0
252	I	0.00000	1	0.00000	0
253	L	0.00000	1	0.00000	0
254	V	0.00000	1	0.00000	0
255	G	0.00000	1	0.00000	0
256	S	0.00000	1	0.00000	0
257	G	0.00000	1	0.00000	0
258	G	0.00000	1	0.00000	0
259	I	0.00000	1	0.00000	0
260	A	0.00000	1	0.00000	0
261	D	0.00000	1	0.00000	0
262	V	0.00000	1	0.00000	0
263	L	0.00000	1	0.00000	0
264	A	0.00000	1	0.00000	0
265	A	0.00000	1	0.00000	0
266	L	0.00000	1	0.00000	0
267	V	0.00000	1	0.00000	0
268	N	0.00000	1	0.00000	0
269	Q	0.00000	1	0.00000	0
270	P	0.00000	1	0.00000	0
271	H	0.00000	1	0.00000	0
272	L	0.00000	1	0.00000	0
273	L	0.00000	1	0.00000	0
274	V	0.00000	1	0.00000	0
275	P	0.00000	1	0.00000	0
276	K	0.00000	1	0.00000	0
277	V	0.00000	1	0.00000	0
278	A	0.00000	1	0.00000	0
279	E	0.00000	1	0.00000	0
280	K	0.00000	1	0.00000	0
281	Q	0.00000	1	0.00000	0
282	F	0.00000	1	0.00000	0
283	K	0.00000	1	0.00000	0
284	E	0.00000	1	0.00000	0
285	K	0.00000	1	0.00000	0
286	F	0.00000	1	0.00000	0
287	P	0.00000	1	0.00000	0
288	S	0.00000	1	0.00000	0
289	K	0.00000	1	0.00000	0
290	H	0.00000	1	0.00000	0
291	F	0.00000	1	0.00000	0
292	S	0.00000	1	0.00000	0
293	W	0.00000	1	0.00000	0
294	E	0.00000	1	0.00000	0
295	D	0.00000	1	0.00000	0
296	I	0.00000	1	0.00000	0
297	V	0.00000	1	0.00000	0
298	R	0.00000	1	0.00000	0
299	W	0.00000	1	0.00000	0
300	T	0.00000	1	0.00000	0
301	K	0.00000	1	0.00000	0
302	L	0.00000	1	0.00000	0
303	L	0.00000	1	0.00000	0
304	Q	0.00000	1	0.00000	0
305	N	0.00000	1	0.00000	0
306	I	0.00000	1	0.00000	0
307	T	0.00000	1	0.00000	0
308	S	0.00000	1	0.00000	0
309	H	0.00000	1	0.00000	0
310	Q	0.00000	1	0.00000	0
311	H	0.00000	1	0.00000	0
312	L	0.00000	1	0.00000	0
313	L	0.00000	1	0.00000	0
314	T	0.00000	1	0.00000	0
315	V	0.00000	1	0.00000	0
316	Y	0.00000	1	0.00000	0
317	D	0.00000	1	0.00000	0
318	F	0.00000	1	0.00000	0
319	E	0.00000	1	0.00000	0
320	Q	0.00000	1	0.00000	0
321	E	0.00000	1	0.00000	0
322	G	0.00000	1	0.00000	0
323	S	0.00000	1	0.00000	0
324	E	0.00000	1	0.00000	0
325	E	0.00000	1	0.00000	0
326	L	0.00000	1	0.00000	0
327	D	0.00000	1	0.00000	0
328	T	0.00000	1	0.00000	0
329	V	0.00000	1	0.00000	0
330	I	0.00000	1	0.00000	0
331	L	0.00000	1	0.00000	0
332	K	0.00000	1	0.00000	0
333	A	0.00000	1	0.00000	0
334	L	0.00000	1	0.00000	0
335	V	0.00000	1	0.00000	0
336	K	0.00000	1	0.00000	0
337	A	0.00000	1	0.00000	0
338	C	0.00000	1	0.00000	0
339	K	0.00000	1	0.00000	0
340	S	0.00000	1	0.00000	0
341	H	0.00000	1	0.00000	0
342	S	0.00000	1	0.00000	0
343	Q	0.00000	1	0.00000	0
344	E	0.00000	1	0.00000	0
345	P	0.00000	1	0.00000	0
346	Q	0.00000	1	0.00000	0
347	D	0.00000	1	0.00000	0
348	Y	0.00000	1	0.00000	0
349	L	0.00000	1	0.00000	0
350	D	0.00000	1	0.00000	0
351	E	0.00000	1	0.00000	0
352	L	0.00000	1	0.00000	0
353	K	0.00000	1	0.00000	0
354	L	0.00000	1	0.00000	0
355	A	0.00000	1	0.00000	0
356	V	0.00000	1	0.00000	0
357	A	0.00000	1	0.00000	0
358	W	0.00000	1	0.00000	0
359	D	0.00000	1	0.00000	0
360	R	0.00000	1	0.00000	0
361	V	0.00000	1	0.00000	0
362	D	0.00000	1	0.00000	0
363	I	0.00000	1	0.00000	0
364	A	0.00000	1	0.00000	0
365	K	0.00000	1	0.00000	0
366	S	0.00000	1	0.00000	0
367	E	0.00000	1	0.00000	0
368	I	0.00000	1	0.00000	0
369	F	0.00000	1	0.00000	0
370	N	0.00000	1	0.00000	0
371	G	0.00000	1	0.00000	0
372	D	0.00000	1	0.00000	0
373	V	0.00000	1	0.00000	0
374	E	0.00000	1	0.00000	0
375	W	0.00000	1	0.00000	0
376	K	0.00000	1	0.00000	0
377	S	0.00000	1	0.00000	0
378	C	0.00000	1	0.00000	0
379	D	0.00000	1	0.00000	0
380	L	0.00000	1	0.00000	0
381	E	0.00000	1	0.00000	0
382	E	0.00000	1	0.00000	0
383	V	0.00000	1	0.00000	0
384	M	0.00000	1	0.00000	0
385	V	0.00000	1	0.00000	0
386	D	0.00000	1	0.00000	0
387	A	0.00000	1	0.00000	0
388	L	0.00000	1	0.00000	0
389	V	0.00000	1	0.00000	0
390	S	0.00000	1	0.00000	0
391	N	0.00000	1	0.00000	0
392	K	0.00000	1	0.00000	0
393	P	0.00000	1	0.00000	0
394	E	0.00000	1	0.00000	0
395	F	0.00000	1	0.00000	0
396	V	0.00000	1	0.00000	0
397	R	0.00000	1	0.00000	0
398	L	0.00000	1	0.00000	0
399	F	0.00000	1	0.00000	0
400	V	0.00000	1	0.00000	0
401	D	0.00000	1	0.00000	0
402	N	0.00000	1	0.00000	0
403	G	0.00000	1	0.00000	0
404	A	0.00000	1	0.00000	0
405	D	0.00000	1	0.00000	0
406	V	0.00000	1	0.00000	0
407	A	0.00000	1	0.00000	0
408	D	0.00000	1	0.00000	0
409	F	0.00000	1	0.00000	0
410	L	0.00000	1	0.00000	0
411	T	0.00000	1	0.00000	0
412	Y	0.00000	1	0.00000	0
413	G	0.00000	1	0.00000	0
414	R	0.00000	1	0.00000	0
415	L	0.00000	1	0.00000	0
416	Q	0.00000	1	0.00000	0
417	E	0.00000	1	0.00000	0
418	L	0.00000	1	0.00000	0
419	Y	0.00000	1	0.00000	0
420	R	0.00000	1	0.00000	0
421	S	0.00000	1	0.00000	0
422	V	0.00000	1	0.00000	0
423	S	0.00000	1	0.00000	0
424	R	0.00000	1	0.00000	0
425	K	0.00000	1	0.00000	0
426	S	0.00000	1	0.00000	0
427	L	0.00000	1	0.00000	0
428	L	0.00000	1	0.00000	0
429	F	0.00000	1	0.00000	0
430	D	0.00000	1	0.00000	0
431	L	0.00000	1	0.00000	0
432	L	0.00000	1	0.00000	0
433	Q	0.00000	1	0.00000	0
434	R	0.00000	1	0.00000	0
435	K	0.00000	1	0.00000	0
436	Q	0.00000	1	0.00000	0
437	E	0.00000	1	0.00000	0
438	E	0.00000	1	0.00000	0
439	A	0.00000	1	0.00000	0
440	R	0.00000	1	0.00000	0
441	L	0.00000	1	0.00000	0
442	T	0.00000	1	0.00000	0
443	L	0.00000	1	0.00000	0
444	A	0.00000	1	0.00000	0
445	G	0.00000	1	0.00000	0
446	L	0.00000	1	0.00000	0
447	G	0.00000	1	0.00000	0
448	T	0.00000	1	0.00000	0
449	Q	0.00000	1	0.00000	0
450	Q	0.00000	1	0.00000	0
451	A	0.00000	1	0.00000	0
452	R	0.00000	1	0.00000	0
453	E	0.00000	1	0.00000	0
454	P	0.00000	1	0.00000	0
455	P	0.00000	1	0.00000	0
456	A	0.00000	1	0.00000	0
457	G	0.00000	1	0.00000	0
458	P	0.00000	1	0.00000	0
459	P	0.00000	1	0.00000	0
460	A	0.00000	1	0.00000	0
461	F	0.00000	1	0.00000	0
462	S	0.00000	1	0.00000	0
463	L	0.00000	1	0.00000	0
464	H	0.00000	1	0.00000	0
465	E	0.00000	1	0.00000	0
466	V	0.00000	1	0.00000	0
467	S	0.00000	1	0.00000	0
468	R	0.00000	1	0.00000	0
469	V	0.00000	1	0.00000	0
470	L	0.00000	1	0.00000	0
471	K	0.00000	1	0.00000	0
472	D	0.00000	1	0.00000	0
473	F	0.00000	1	0.00000	0
474	L	0.00000	1	0.00000	0
475	Q	0.00000	1	0.00000	0
476	D	0.00000	1	0.00000	0
477	A	0.00000	1	0.00000	0
478	C	0.00000	1	0.00000	0
479	R	0.00000	1	0.00000	0
480	G	0.00000	1	0.00000	0
481	F	0.00000	1	0.00000	0
482	Y	0.00000	1	0.00000	0
483	Q	0.00000	1	0.00000	0
484	D	0.00000	1	0.00000	0
485	G	0.00000	1	0.00000	0
486	R	0.00000	1	0.00000	0
487	P	0.00000	1	0.00000	0
488	G	0.00000	1	0.00000	0
489	D	0.00000	1	0.00000	0
490	R	0.00000	1	0.00000	0
491	R	0.00000	1	0.00000	0
492	R	0.00000	1	0.00000	0
493	A	0.00000	1	0.00000	0
494	E	0.00000	1	0.00000	0
495	K	0.00000	1	0.00000	0
496	G	0.00000	1	0.00000	0
497	P	0.00000	1	0.00000	0
498	A	0.00000	1	0.00000	0
499	K	0.00000	1	0.00000	0
500	R	0.00000	1	0.00000	0
501	P	0.00000	1	0.00000	0
502	T	0.00000	1	0.00000	0
503	G	0.00000	1	0.00000	0
504	Q	0.00000	1	0.00000	0
505	K	0.00000	1	0.00000	0
506	W	0.00000	1	0.00000	0
507	L	0.00000	1	0.00000	0
508	L	0.00000	1	0.00000	0
509	D	0.00000	1	0.00000	0
510	L	0.00000	1	0.00000	0
511	N	0.00000	1	0.00000	0
512	Q	0.00000	1	0.00000	0
513	K	0.00000	1	0.00000	0
514	S	0.00000	1	0.00000	0
515	E	0.00000	1	0.00000	0
516	N	0.00000	1	0.00000	0
517	P	0.00000	1	0.00000	0
518	W	0.00000	1	0.00000	0
519	R	0.00000	1	0.00000	0
520	D	0.00000	1	0.00000	0
521	L	0.00000	1	0.00000	0
522	F	0.00000	1	0.00000	0
523	L	0.00000	1	0.00000	0
524	W	0.00000	1	0.00000	0
525	A	0.00000	1	0.00000	0
526	V	0.00000	1	0.00000	0
527	L	0.00000	1	0.00000	0
528	Q	0.00000	1	0.00000	0
529	N	0.00000	1	0.00000	0
530	R	0.00000	1	0.00000	0
531	H	0.00000	1	0.00000	0
532	E	0.00000	1	0.00000	0
533	M	0.00000	1	0.00000	0
534	A	0.00000	1	0.00000	0
535	T	0.00000	1	0.00000	0
536	Y	0.00000	1	0.00000	0
537	F	0.00000	1	0.00000	0
538	W	0.00000	1	0.00000	0
539	A	0.00000	1	0.00000	0
540	M	0.00000	1	0.00000	0
541	G	0.00000	1	0.00000	0
542	Q	0.00000	1	0.00000	0
543	E	0.00000	1	0.00000	0
544	G	0.00000	1	0.00000	0
545	V	0.00000	1	0.00000	0
546	A	0.00000	1	0.00000	0
547	A	0.00000	1	0.00000	0
548	A	0.00000	1	0.00000	0
549	L	0.00000	1	0.00000	0
550	A	0.00000	1	0.00000	0
551	A	0.00000	1	0.00000	0
552	C	0.00000	1	0.00000	0
553	K	0.00000	1	0.00000	0
554	I	0.00000	1	0.00000	0
555	L	0.00000	1	0.00000	0
556	K	0.00000	1	0.00000	0
557	E	0.00000	1	0.00000	0
558	M	0.00000	1	0.00000	0
559	S	0.00000	1	0.00000	0
560	H	0.00000	1	0.00000	0
561	L	0.00000	1	0.00000	0
562	E	0.00000	1	0.00000	0
563	T	0.00000	1	0.00000	0
564	E	0.00000	1	0.00000	0
565	A	0.00000	1	0.00000	0
566	E	0.00000	1	0.00000	0
567	A	0.00000	1	0.00000	0
568	A	0.00000	1	0.00000	0
569	R	0.00000	1	0.00000	0
570	A	0.00000	1	0.00000	0
571	T	0.00000	1	0.00000	0
572	R	0.00000	1	0.00000	0
573	E	0.00000	1	0.00000	0
574	A	0.00000	1	0.00000	0
575	K	0.00000	1	0.00000	0
576	Y	0.00000	1	0.00000	0
577	E	0.00000	1	0.00000	0
578	R	0.00000	1	0.00000	0
579	L	0.00000	1	0.00000	0
580	A	0.00000	1	0.00000	0
581	L	0.00000	1	0.00000	0
582	D	0.00000	1	0.00000	0
583	L	0.00000	1	0.00000	0
584	F	0.00000	1	0.00000	0
585	S	0.00000	1	0.00000	0
586	E	0.00000	1	0.00000	0
587	C	0.00000	1	0.00000	0
588	Y	0.00000	1	0.00000	0
589	S	0.00000	1	0.00000	0
590	N	0.00000	1	0.00000	0
591	S	0.00000	1	0.00000	0
592	E	0.00000	1	0.00000	0
593	A	0.00000	1	0.00000	0
594	R	0.00000	1	0.00000	0
595	A	0.00000	1	0.00000	0
596	F	0.00000	1	0.00000	0
597	A	0.00000	1	0.00000	0
598	L	0.00000	1	0.00000	0
599	L	0.00000	1	0.00000	0
600	V	0.00000	1	0.00000	0
601	R	0.00000	1	0.00000	0
602	R	0.00000	1	0.00000	0
603	N	0.00000	1	0.00000	0
604	R	0.00000	1	0.00000	0
605	C	0.00000	1	0.00000	0
606	W	0.00000	1	0.00000	0
607	S	0.00000	1	0.00000	0
608	K	0.00000	1	0.00000	0
609	T	0.00000	1	0.00000	0
610	T	0.00000	1	0.00000	0
611	C	0.00000	1	0.00000	0
612	L	0.00000	1	0.00000	0
613	H	0.00000	1	0.00000	0
614	L	0.00000	1	0.00000	0
615	A	0.00000	1	0.00000	0
616	T	0.00000	1	0.00000	0
617	E	0.00000	1	0.00000	0
618	A	0.00000	1	0.00000	0
619	D	0.00000	1	0.00000	0
620	A	0.00000	1	0.00000	0
621	K	0.00000	1	0.00000	0
622	A	0.00000	1	0.00000	0
623	F	0.00000	1	0.00000	0
624	F	0.00000	1	0.00000	0
625	A	0.00000	1	0.00000	0
626	H	0.00000	1	0.00000	0
627	D	0.00000	1	0.00000	0
628	G	0.00000	1	0.00000	0
629	V	0.00000	1	0.00000	0
630	Q	0.00000	1	0.00000	0
631	A	0.00000	1	0.00000	0
632	F	0.00000	1	0.00000	0
633	L	0.00000	1	0.00000	0
634	T	0.00000	1	0.00000	0
635	R	0.00000	1	0.00000	0
636	I	0.00000	1	0.00000	0
637	W	0.00000	1	0.00000	0
638	W	0.00000	1	0.00000	0
639	G	0.00000	1	0.00000	0
640	D	0.00000	1	0.00000	0
641	M	0.00000	1	0.00000	0
642	A	0.00000	1	0.00000	0
643	A	0.00000	1	0.00000	0
644	G	0.00000	1	0.00000	0
645	T	0.00000	1	0.00000	0
646	P	0.00000	1	0.00000	0
647	I	0.00000	1	0.00000	0
648	L	0.00000	1	0.00000	0
649	R	0.00000	1	0.00000	0
650	L	0.00000	1	0.00000	0
651	L	0.00000	1	0.00000	0
652	G	0.00000	1	0.00000	0
653	A	0.00000	1	0.00000	0
654	F	0.00000	1	0.00000	0
655	L	0.00000	1	0.00000	0
656	C	0.00000	1	0.00000	0
657	P	0.00000	1	0.00000	0
658	A	0.00000	1	0.00000	0
659	L	0.00000	1	0.00000	0
660	V	0.00000	1	0.00000	0
661	Y	0.00000	1	0.00000	0
662	T	0.00000	1	0.00000	0
663	N	0.00000	1	0.00000	0
664	L	0.00000	1	0.00000	0
665	I	0.00000	1	0.00000	0
666	T	0.00000	1	0.00000	0
667	F	0.00000	1	0.00000	0
668	S	0.00000	1	0.00000	0
669	E	0.00000	1	0.00000	0
670	E	0.00000	1	0.00000	0
671	A	0.00000	1	0.00000	0
672	P	0.00000	1	0.00000	0
673	L	0.00000	1	0.00000	0
674	R	0.00000	1	0.00000	0
675	T	0.00000	1	0.00000	0
676	G	0.00000	1	0.00000	0
677	L	0.00000	1	0.00000	0
678	E	0.00000	1	0.00000	0
679	D	0.00000	1	0.00000	0
680	L	0.00000	1	0.00000	0
681	Q	0.00000	1	0.00000	0
682	D	0.00000	1	0.00000	0
683	L	0.00000	1	0.00000	0
684	D	0.00000	1	0.00000	0
685	S	0.00000	1	0.00000	0
686	L	0.00000	1	0.00000	0
687	D	0.00000	1	0.00000	0
688	T	0.00000	1	0.00000	0
689	E	0.00000	1	0.00000	0
690	K	0.00000	1	0.00000	0
691	S	0.00000	1	0.00000	0
692	P	0.00000	1	0.00000	0
693	L	0.00000	1	0.00000	0
694	Y	0.00000	1	0.00000	0
695	G	0.00000	1	0.00000	0
696	L	0.00000	1	0.00000	0
697	Q	0.00000	1	0.00000	0
698	S	0.00000	1	0.00000	0
699	R	0.00000	1	0.00000	0
700	V	0.00000	1	0.00000	0
701	E	0.00000	1	0.00000	0
702	E	0.00000	1	0.00000	0
703	L	0.00000	1	0.00000	0
704	V	0.00000	1	0.00000	0
705	E	0.00000	1	0.00000	0
706	A	0.00000	1	0.00000	0
707	P	0.00000	1	0.00000	0
708	R	0.00000	1	0.00000	0
709	A	0.00000	1	0.00000	0
710	Q	0.00000	1	0.00000	0
711	G	0.00000	1	0.00000	0
712	D	0.00000	1	0.00000	0
713	R	0.00000	1	0.00000	0
714	G	0.00000	1	0.00000	0
715	P	0.00000	1	0.00000	0
716	R	0.00000	1	0.00000	0
717	A	0.00000	1	0.00000	0
718	V	0.00000	1	0.00000	0
719	F	0.00000	1	0.00000	0
720	L	0.00000	1	0.00000	0
721	L	0.00000	1	0.00000	0
722	T	0.00000	1	0.00000	0
723	R	0.00000	1	0.00000	0
724	W	0.00000	0.99997	0.00003	0
725	R	0.00000	0.99997	0.00003	0
726	K	0.00000	0.99971	0.00029	0
727	F	0.00000	0.91112	0.08888	0
728	W	0.00000	0.86493	0.13507	0
729	G	0.00000	0.83731	0.16269	0
730	A	0.00000	0.74647	0.25353	0
731	P	0.00000	0.56415	0.43585	0
732	V	0.00000	0.08332	0.91668	0
733	T	0.00000	0.00655	0.99345	0
734	V	0.00000	0.00264	0.99736	0
735	F	0.00000	0.00162	0.99838	0
736	L	0.00000	0.00149	0.99851	0
737	G	0.00000	0.00148	0.99852	0
738	N	0.00000	0.00139	0.99861	0
739	V	0.00000	0.00112	0.99888	0
740	V	0.00000	0.00111	0.99889	0
741	M	0.00000	0.00111	0.99889	0
742	Y	0.00000	0.00111	0.99889	0
743	F	0.00000	0.00111	0.99889	0
744	A	0.00000	0.00111	0.99889	0
745	F	0.00000	0.00111	0.99889	0
746	L	0.00000	0.00111	0.99889	0
747	F	0.00000	0.00111	0.99889	0
748	L	0.00000	0.00111	0.99889	0
749	F	0.00000	0.00111	0.99889	0
750	T	0.00000	0.00111	0.99888	0
751	Y	0.00001	0.00111	0.99888	0
752	V	0.00010	0.00111	0.99879	0
753	L	0.00104	0.00111	0.99784	0
754	L	0.01328	0.00111	0.98560	0
755	V	0.08763	0.00111	0.91126	0
756	D	0.99572	0.00111	0.00317	0
757	F	0.99609	0.00111	0.00279	0
758	R	0.99873	0.00111	0.00016	0
759	P	0.99888	0.00111	0.00001	0
760	P	0.99889	0.00111	0.00000	0
761	P	0.99889	0.00111	0.00000	0
762	Q	0.99889	0.00111	0.00000	0
763	G	0.99889	0.00111	0.00000	0
764	P	0.99889	0.00111	0.00000	0
765	S	0.99889	0.00111	0.00000	0
766	G	0.99889	0.00111	0.00000	0
767	P	0.99889	0.00111	0.00000	0
768	E	0.89527	0.00111	0.10362	0
769	V	0.41838	0.00095	0.58067	0
770	T	0.11501	6e-05	0.88493	0
771	L	0.00080	0	0.99920	0
772	Y	0.00000	0	1.00000	0
773	F	0.00000	0	1.00000	0
774	W	0.00000	0	1.00000	0
775	V	0.00000	0	1.00000	0
776	F	0.00000	0	1.00000	0
777	T	0.00000	0	1.00000	0
778	L	0.00000	0	1.00000	0
779	V	0.00000	0	1.00000	0
780	L	0.00000	0	1.00000	0
781	E	0.00000	0	1.00000	0
782	E	0.00000	0	1.00000	0
783	I	0.00000	0	1.00000	0
784	R	0.00000	0	1.00000	0
785	Q	0.00000	0	1.00000	0
786	G	0.00000	4e-05	0.99996	0
787	F	0.00000	0.00098	0.99902	0
788	F	0.00002	0.0384	0.96158	0
789	T	0.00106	0.43598	0.56295	0
790	D	0.00111	0.98382	0.01507	0
791	E	0.00111	0.99804	0.00085	0
792	D	0.00111	0.99877	0.00011	0
793	T	0.00111	0.99881	0.00007	0
794	H	0.00111	0.99883	0.00006	0
795	L	0.00111	0.99883	0.00006	0
796	V	0.00111	0.99883	0.00006	0
797	K	0.00111	0.99884	0.00005	0
798	K	0.00108	0.99885	0.00008	0
799	F	0.00013	0.9988	0.00107	0
800	T	0.00008	0.99881	0.00111	0
801	L	0.00003	0.99633	0.00364	0
802	Y	0.00001	0.99633	0.00366	0
803	V	0.00001	0.99633	0.00367	0
804	G	0.00000	0.99633	0.00367	0
805	D	0.00000	0.99633	0.00367	0
806	N	0.00000	0.99633	0.00367	0
807	W	0.00000	0.99633	0.00367	0
808	N	0.00000	0.99633	0.00367	0
809	K	0.00000	0.99633	0.00367	0
810	C	0.00000	0.99633	0.00367	0
811	D	0.00000	0.99633	0.00367	0
812	M	0.00000	0.99633	0.00367	0
813	V	0.00000	0.99633	0.00367	0
814	A	0.00000	0.99633	0.00367	0
815	I	0.00000	0.99633	0.00367	0
816	F	0.00000	0.99633	0.00367	0
817	L	0.00000	0.99633	0.00367	0
818	F	0.00000	0.99633	0.00367	0
819	I	0.00000	0.99635	0.00364	0
820	V	0.00043	0.9966	0.00297	0
821	G	0.00156	0.99701	0.00143	0
822	V	0.00217	0.99715	0.00069	0
823	T	0.00255	0.99738	0.00007	0
824	C	0.00256	0.99728	0.00017	0
825	R	0.00256	0.99667	0.00077	0
826	M	0.00256	0.99593	0.00151	0
827	L	0.00256	0.9953	0.00214	0
828	P	0.00256	0.9953	0.00214	0
829	S	0.00256	0.9953	0.00214	0
830	A	0.00256	0.9953	0.00214	0
831	F	0.00256	0.99529	0.00215	0
832	E	0.00256	0.99529	0.00215	0
833	A	0.00255	0.05175	0.94569	0
834	G	0.00254	0.00931	0.98815	0
835	R	0.00249	0.00806	0.98946	0
836	T	0.00158	0.00798	0.99044	0
837	V	0.00002	0.00153	0.99845	0
838	L	0.00000	0.00018	0.99982	0
839	A	0.00000	7e-05	0.99993	0
840	M	0.00000	0	1.00000	0
841	D	0.00000	0	1.00000	0
842	F	0.00000	0	1.00000	0
843	M	0.00000	0	1.00000	0
844	V	0.00000	0	1.00000	0
845	F	0.00000	0	1.00000	0
846	T	0.00000	0	1.00000	0
847	L	0.00000	0	1.00000	0
848	R	0.00000	0	1.00000	0
849	L	0.00001	0	0.99999	0
850	I	0.00008	0	0.99992	0
851	H	0.00054	0	0.99946	0
852	I	0.05289	0	0.94711	0
853	F	0.96708	0	0.03291	0
854	A	0.97323	0	0.02677	0
855	I	0.98561	4e-05	0.01436	0
856	H	0.99162	0.0022	0.00618	0
857	K	0.99222	0.00255	0.00523	0
858	Q	0.99236	0.00256	0.00508	0
859	L	0.99314	0.00256	0.00430	0
860	G	0.99682	0.00256	0.00063	0
861	P	0.99744	0.00256	0.00000	0
862	K	0.99744	0.00256	0.00000	0
863	I	0.99744	0.00256	0.00000	0
864	I	0.99744	0.00256	0.00000	0
865	V	0.99744	0.00256	0.00000	0
866	V	0.99744	0.00256	0.00000	0
867	E	0.99744	0.00256	0.00000	0
868	R	0.99744	0.00256	0.00000	0
869	M	0.99728	0.00256	0.00017	0
870	M	0.99699	0.00256	0.00045	0
871	K	0.99671	0.00256	0.00073	0
872	D	0.98511	0.00256	0.01233	0
873	V	0.04130	0.00068	0.95803	0
874	F	0.00194	0.0001	0.99796	0
875	F	0.00007	7e-05	0.99987	0
876	F	0.00000	0	1.00000	0
877	L	0.00000	0	1.00000	0
878	F	0.00000	0	1.00000	0
879	F	0.00000	0	1.00000	0
880	L	0.00000	0	1.00000	0
881	S	0.00000	0	1.00000	0
882	V	0.00000	0	1.00000	0
883	W	0.00000	0	1.00000	0
884	L	0.00000	0	1.00000	0
885	V	0.00000	0	1.00000	0
886	A	0.00000	0	1.00000	0
887	Y	0.00000	0	1.00000	0
888	G	0.00000	0	1.00000	0
889	V	0.00000	2e-05	0.99998	0
890	T	0.00000	0.00018	0.99982	0
891	T	0.00000	0.0008	0.99920	0
892	Q	0.00000	0.00635	0.99365	0
893	A	0.00000	0.00908	0.99092	0
894	L	0.00000	0.05062	0.94938	0
895	L	0.00003	0.29064	0.70933	0
896	H	0.00086	0.91779	0.08135	0
897	P	0.00216	0.99478	0.00306	0
898	H	0.00244	0.99734	0.00022	0
899	D	0.00255	0.99744	0.00000	0
900	G	0.00256	0.99744	0.00000	0
901	R	0.00256	0.99744	0.00000	0
902	L	0.00256	0.99744	0.00000	0
903	E	0.00256	0.99744	0.00000	0
904	W	0.00256	0.99744	0.00000	0
905	I	0.00256	0.99744	0.00000	0
906	F	0.00256	0.99744	0.00000	0
907	R	0.00256	0.99744	0.00001	0
908	R	0.00256	0.99735	0.00010	0
909	V	0.00256	0.99713	0.00031	0
910	L	0.00256	0.99711	0.00033	0
911	Y	0.00256	0.99706	0.00038	0
912	R	0.00256	0.99705	0.00039	0
913	P	0.00256	0.99702	0.00042	0
914	Y	0.00256	0.99665	0.00079	0
915	L	0.00256	0.99662	0.00082	0
916	Q	0.00256	0.99662	0.00083	0
917	I	0.00256	0.99587	0.00157	0
918	F	0.00256	0.99587	0.00157	0
919	G	0.00256	0.99575	0.00170	0
920	Q	0.00256	0.99574	0.00170	0
921	I	0.00256	0.99574	0.00170	0
922	P	0.00256	0.99574	0.00170	0
923	L	0.00256	0.99574	0.00170	0
924	D	0.00256	0.99574	0.00170	0
925	E	0.00256	0.99574	0.00170	0
926	I	0.00256	0.99574	0.00170	0
927	D	0.00256	0.99574	0.00170	0
928	E	0.00257	0.99574	0.00169	0
929	A	0.00257	0.99574	0.00169	0
930	R	0.00263	0.99574	0.00163	0
931	V	0.00264	0.99573	0.00163	0
932	N	0.00278	0.99572	0.00151	0
933	C	0.00280	0.99571	0.00148	0
934	S	0.00298	0.9957	0.00131	0
935	T	0.00323	0.99567	0.00110	0
936	H	0.00324	0.92358	0.07318	0
937	P	0.00325	0.02375	0.97300	0
938	L	0.00325	0.01026	0.98649	0
939	L	0.00326	0.00487	0.99188	0
940	L	0.00336	0.00466	0.99198	0
941	E	0.00426	0.00466	0.99108	0
942	D	0.00426	0.00458	0.99117	0
943	S	0.00426	0.00277	0.99297	0
944	P	0.00426	0.00276	0.99298	0
945	S	0.00424	0.00269	0.99307	0
946	C	0.00424	0.00267	0.99309	0
947	P	0.00424	0.00063	0.99513	0
948	S	0.00424	8e-05	0.99569	0
949	L	0.00424	2e-05	0.99574	0
950	Y	0.00423	0	0.99577	0
951	A	0.00423	0	0.99577	0
952	N	0.00423	0	0.99577	0
953	W	0.00404	0	0.99596	0
954	L	0.00391	0	0.99609	0
955	V	0.00111	0	0.99889	0
956	I	0.00003	0	0.99997	0
957	L	0.00005	0	0.99995	0
958	L	0.00085	0	0.99915	0
959	L	0.01272	0	0.98728	0
960	V	0.10986	0	0.89014	0
961	T	0.50141	0	0.49859	0
962	F	0.56681	0	0.43319	0
963	L	0.76448	0	0.23552	0
964	L	0.92721	0	0.07279	0
965	V	0.99039	0	0.00961	0
966	T	0.99299	1e-05	0.00699	0
967	N	0.99300	2e-05	0.00698	0
968	V	0.99253	1e-05	0.00746	0
969	L	0.99168	1e-05	0.00831	0
970	L	0.98940	0	0.01060	0
971	M	0.97490	0	0.02510	0
972	N	0.93932	0	0.06067	0
973	L	0.68952	0	0.31048	0
974	L	0.04339	0	0.95661	0
975	I	0.00321	0	0.99679	0
976	A	0.00285	1e-05	0.99714	0
977	M	0.00285	5e-05	0.99710	0
978	F	0.00272	0.00036	0.99691	0
979	S	0.00272	0.00207	0.99521	0
980	Y	0.00270	0.00283	0.99447	0
981	T	0.00020	0.0036	0.99620	0
982	F	0.00000	0.0038	0.99620	0
983	Q	0.00000	0.00414	0.99585	0
984	V	0.00000	0.00417	0.99583	0
985	V	0.00000	0.00423	0.99577	0
986	Q	0.00000	0.00426	0.99574	0
987	G	0.00000	0.00431	0.99569	0
988	N	0.00000	0.00449	0.99551	0
989	A	0.00001	0.00458	0.99542	0
990	D	0.00001	0.0065	0.99349	0
991	M	0.00001	0.00653	0.99345	0
992	F	0.00001	0.0073	0.99269	0
993	W	0.00002	0.07465	0.92533	0
994	K	0.00002	0.50407	0.49591	0
995	F	0.00002	0.5167	0.48328	0
996	Q	0.00002	0.93305	0.06693	0
997	R	0.00002	0.99139	0.00858	0
998	Y	0.00002	0.99311	0.00687	0
999	N	0.00002	0.98051	0.01947	0
1000	L	0.00002	0.92279	0.07718	0
1001	I	0.00002	0.91353	0.08645	0
1002	V	0.00002	0.88554	0.11444	0
1003	E	0.00002	0.25252	0.74746	0
1004	Y	0.00002	0.09227	0.90770	0
1005	H	0.00002	0.03321	0.96677	0
1006	E	0.00002	0.00122	0.99876	0
1007	R	0.00002	0	0.99998	0
1008	P	0.00002	0	0.99998	0
1009	A	0.00002	0	0.99998	0
1010	L	0.00002	0	0.99998	0
1011	A	0.00002	0	0.99998	0
1012	P	0.00002	0	0.99998	0
1013	P	0.00002	0	0.99998	0
1014	F	0.00002	0	0.99998	0
1015	I	0.00002	0	0.99998	0
1016	L	0.00002	0	0.99998	0
1017	L	0.00003	0	0.99997	0
1018	S	0.00057	0	0.99943	0
1019	H	0.00425	0	0.99575	0
1020	L	0.00742	0	0.99258	0
1021	S	0.02870	0	0.97130	0
1022	L	0.05315	0	0.94685	0
1023	T	0.09089	0	0.90911	0
1024	L	0.24179	0	0.75821	0
1025	R	1.00000	0	0.00000	0
1026	R	1.00000	0	0.00000	0
1027	V	1.00000	0	0.00000	0
1028	F	1.00000	0	0.00000	0
1029	K	1.00000	0	0.00000	0
1030	K	1.00000	0	0.00000	0
1031	E	1.00000	0	0.00000	0
1032	A	1.00000	0	0.00000	0
1033	E	1.00000	0	0.00000	0
1034	H	1.00000	0	0.00000	0
1035	K	1.00000	0	0.00000	0
1036	R	1.00000	0	0.00000	0
1037	E	1.00000	0	0.00000	0
1038	H	1.00000	0	0.00000	0
1039	L	1.00000	0	0.00000	0
1040	E	1.00000	0	0.00000	0
1041	R	1.00000	0	0.00000	0
1042	D	1.00000	0	0.00000	0
1043	L	1.00000	0	0.00000	0
1044	P	1.00000	0	0.00000	0
1045	D	1.00000	0	0.00000	0
1046	P	1.00000	0	0.00000	0
1047	L	1.00000	0	0.00000	0
1048	D	1.00000	0	0.00000	0
1049	Q	1.00000	0	0.00000	0
1050	K	1.00000	0	0.00000	0
1051	V	1.00000	0	0.00000	0
1052	V	1.00000	0	0.00000	0
1053	T	1.00000	0	0.00000	0
1054	W	1.00000	0	0.00000	0
1055	E	1.00000	0	0.00000	0
1056	T	1.00000	0	0.00000	0
1057	V	1.00000	0	0.00000	0
1058	Q	1.00000	0	0.00000	0
1059	K	1.00000	0	0.00000	0
1060	E	1.00000	0	0.00000	0
1061	N	1.00000	0	0.00000	0
1062	F	1.00000	0	0.00000	0
1063	L	1.00000	0	0.00000	0
1064	S	1.00000	0	0.00000	0
1065	K	1.00000	0	0.00000	0
1066	M	1.00000	0	0.00000	0
1067	E	1.00000	0	0.00000	0
1068	K	1.00000	0	0.00000	0
1069	R	1.00000	0	0.00000	0
1070	R	1.00000	0	0.00000	0
1071	R	1.00000	0	0.00000	0
1072	D	1.00000	0	0.00000	0
1073	S	1.00000	0	0.00000	0
1074	E	1.00000	0	0.00000	0
1075	G	1.00000	0	0.00000	0
1076	E	1.00000	0	0.00000	0
1077	V	1.00000	0	0.00000	0
1078	L	1.00000	0	0.00000	0
1079	R	1.00000	0	0.00000	0
1080	K	1.00000	0	0.00000	0
1081	T	1.00000	0	0.00000	0
1082	A	1.00000	0	0.00000	0
1083	H	1.00000	0	0.00000	0
1084	R	1.00000	0	0.00000	0
1085	V	1.00000	0	0.00000	0
1086	D	1.00000	0	0.00000	0
1087	F	1.00000	0	0.00000	0
1088	I	1.00000	0	0.00000	0
1089	A	1.00000	0	0.00000	0
1090	K	1.00000	0	0.00000	0
1091	Y	1.00000	0	0.00000	0
1092	L	1.00000	0	0.00000	0
1093	G	1.00000	0	0.00000	0
1094	G	1.00000	0	0.00000	0
1095	L	1.00000	0	0.00000	0
1096	R	1.00000	0	0.00000	0
1097	E	1.00000	0	0.00000	0
1098	Q	1.00000	0	0.00000	0
1099	E	1.00000	0	0.00000	0
1100	K	1.00000	0	0.00000	0
1101	R	1.00000	0	0.00000	0
1102	I	1.00000	0	0.00000	0
1103	K	1.00000	0	0.00000	0
1104	C	1.00000	0	0.00000	0
1105	L	1.00000	0	0.00000	0
1106	E	1.00000	0	0.00000	0
1107	S	1.00000	0	0.00000	0
1108	Q	1.00000	0	0.00000	0
1109	I	1.00000	0	0.00000	0
1110	N	1.00000	0	0.00000	0
1111	Y	1.00000	0	0.00000	0
1112	C	1.00000	0	0.00000	0
1113	S	1.00000	0	0.00000	0
1114	V	1.00000	0	0.00000	0
1115	L	1.00000	0	0.00000	0
1116	V	1.00000	0	0.00000	0
1117	S	1.00000	0	0.00000	0
1118	S	1.00000	0	0.00000	0
1119	V	1.00000	0	0.00000	0
1120	A	1.00000	0	0.00000	0
1121	D	1.00000	0	0.00000	0
1122	V	1.00000	0	0.00000	0
1123	L	1.00000	0	0.00000	0
1124	A	1.00000	0	0.00000	0
1125	Q	1.00000	0	0.00000	0
1126	G	1.00000	0	0.00000	0
1127	G	1.00000	0	0.00000	0
1128	G	1.00000	0	0.00000	0
1129	P	1.00000	0	0.00000	0
1130	R	1.00000	0	0.00000	0
1131	S	1.00000	0	0.00000	0
1132	S	1.00000	0	0.00000	0
1133	Q	1.00000	0	0.00000	0
1134	H	1.00000	0	0.00000	0
1135	C	1.00000	0	0.00000	0
1136	G	1.00000	0	0.00000	0
1137	E	1.00000	0	0.00000	0
1138	G	1.00000	0	0.00000	0
1139	S	1.00000	0	0.00000	0
1140	Q	1.00000	0	0.00000	0
1141	L	1.00000	0	0.00000	0
1142	V	1.00000	0	0.00000	0
1143	A	1.00000	0	0.00000	0
1144	A	1.00000	0	0.00000	0
1145	D	1.00000	0	0.00000	0
1146	H	1.00000	0	0.00000	0
1147	R	1.00000	0	0.00000	0
1148	G	1.00000	0	0.00000	0
1149	G	1.00000	0	0.00000	0
1150	L	1.00000	0	0.00000	0
1151	D	1.00000	0	0.00000	0
1152	G	1.00000	0	0.00000	0
1153	W	1.00000	0	0.00000	0
1154	E	1.00000	0	0.00000	0
1155	Q	1.00000	0	0.00000	0
1156	P	1.00000	0	0.00000	0
1157	G	1.00000	0	0.00000	0
1158	A	1.00000	0	0.00000	0
1159	G	1.00000	0	0.00000	0
1160	Q	1.00000	0	0.00000	0
1161	P	1.00000	0	0.00000	0
1162	P	1.00000	0	0.00000	0
1163	S	1.00000	0	0.00000	0
1164	D	1.00000	0	0.00000	0
1165	T	1.00000	0	0.00000	0
