# UNNAMED
#pos	aa	i	o	M	S
1	M	0.00000	0.99948	0.00000	0.00052
2	R	0.00000	0.99948	0.00000	0.00052
3	L	0.00000	0.99948	0.00000	0.00052
4	N	0.00000	0.99948	0.00000	0.00052
5	S	0.00000	0.99948	0.00000	0.00052
6	S	0.00000	0.99948	0.00000	0.00051
7	A	0.00000	0.99948	0.00000	0.00051
8	P	0.00000	0.99948	0.00000	0.00051
9	G	0.00000	0.99948	0.00000	0.00051
10	T	0.00000	0.99948	0.00000	0.00052
11	P	0.00000	0.99948	0.00000	0.00051
12	G	0.00000	0.99948	0.00000	0.00051
13	T	0.00000	0.99948	0.00000	0.00051
14	P	0.00000	0.99948	0.00000	0.00051
15	A	0.00000	0.99948	0.00000	0.00051
16	A	0.00000	0.99987	0.00000	0.00012
17	D	0.00000	0.99987	0.00000	0.00012
18	P	0.00000	0.99987	0.00000	0.00012
19	F	0.00000	0.99987	0.00000	0.00012
20	Q	0.00000	0.99987	0.00000	0.00012
21	R	0.00000	0.99987	0.00000	0.00013
22	A	0.00000	0.99987	0.00000	0.00013
23	Q	0.00000	0.99987	0.00000	0.00012
24	A	0.00000	0.99987	0.00000	0.00013
25	G	0.00000	0.99987	0.00000	0.00013
26	L	0.00000	0.99988	0.00000	0.00012
27	E	0.00000	0.99988	0.00000	0.00012
28	E	0.00000	0.99988	0.00000	0.00012
29	A	0.00000	0.99988	0.00000	0.00012
30	L	0.00000	0.99988	0.00000	0.00012
31	L	0.00000	0.99988	0.00000	0.00012
32	A	0.00000	0.99988	0.00000	0.00012
33	P	0.00000	0.99988	0.00000	0.00012
34	G	0.00000	0.99988	0.00000	0.00012
35	F	0.00000	0.99988	0.00000	0.00012
36	G	0.00000	0.99988	0.00000	0.00012
37	N	0.00000	0.99996	0.00000	4e-05
38	A	0.00000	0.99996	0.00000	4e-05
39	S	0.00000	0.99996	0.00000	4e-05
40	G	0.00000	0.99996	0.00000	4e-05
41	N	0.00000	1	0.00000	0
42	A	0.00000	1	0.00000	0
43	S	0.00000	1	0.00000	0
44	E	0.00000	1	0.00000	0
45	R	0.00000	1	0.00000	0
46	V	0.00000	1	0.00000	0
47	L	0.00000	1	0.00000	0
48	A	0.00000	1	0.00000	0
49	A	0.00000	1	0.00000	0
50	P	0.00000	1	0.00000	0
51	S	0.00000	1	0.00000	0
52	S	0.00000	1	0.00000	0
53	E	0.00000	1	0.00000	0
54	L	0.00000	1	0.00000	0
55	D	0.00000	1	0.00000	0
56	V	0.00000	1	0.00000	0
57	N	0.00000	1	0.00000	0
58	T	0.00000	1	0.00000	0
59	D	0.00000	1	0.00000	0
60	I	0.00000	0.99938	0.00062	0
61	Y	0.00000	0.99927	0.00073	0
62	S	0.00000	0.99921	0.00079	0
63	K	0.00000	0.99861	0.00139	0
64	V	0.00000	0.9648	0.03520	0
65	L	0.00000	0.94637	0.05363	0
66	V	0.00000	0.29893	0.70107	0
67	T	0.00000	0.13855	0.86145	0
68	A	0.00000	0.04455	0.95545	0
69	V	0.00000	0.01025	0.98975	0
70	Y	0.00000	0.00082	0.99918	0
71	L	0.00000	6e-05	0.99994	0
72	A	0.00000	0	1.00000	0
73	L	0.00000	0	1.00000	0
74	F	0.00000	0	1.00000	0
75	V	0.00000	0	1.00000	0
76	V	0.00000	0	1.00000	0
77	G	0.00000	0	1.00000	0
78	T	0.00000	0	1.00000	0
79	V	0.00000	0	1.00000	0
80	G	0.00000	0	1.00000	0
81	N	0.00000	0	1.00000	0
82	T	0.00000	0	1.00000	0
83	V	0.00000	0	1.00000	0
84	T	0.00000	0	1.00000	0
85	A	0.00000	0	1.00000	0
86	F	0.00010	0	0.99990	0
87	T	0.01912	0	0.98088	0
88	L	0.04722	0	0.95278	0
89	A	0.22105	0	0.77895	0
90	R	0.95778	0	0.04222	0
91	K	0.99932	0	0.00068	0
92	K	0.99997	0	0.00003	0
93	S	1.00000	0	0.00000	0
94	L	1.00000	0	0.00000	0
95	Q	1.00000	0	0.00000	0
96	S	1.00000	0	0.00000	0
97	L	1.00000	0	0.00000	0
98	Q	0.99999	0	0.00001	0
99	S	0.99966	0	0.00034	0
100	T	0.93443	0	0.06557	0
101	V	0.19325	0	0.80675	0
102	H	0.00951	0	0.99049	0
103	Y	0.00160	0	0.99840	0
104	H	0.00002	0	0.99998	0
105	L	0.00000	0	1.00000	0
106	G	0.00000	0	1.00000	0
107	S	0.00000	0	1.00000	0
108	L	0.00000	0	1.00000	0
109	A	0.00000	0	1.00000	0
110	L	0.00000	0	1.00000	0
111	S	0.00000	0	1.00000	0
112	D	0.00000	0	1.00000	0
113	L	0.00000	0	1.00000	0
114	L	0.00000	0	1.00000	0
115	T	0.00000	0	1.00000	0
116	L	0.00000	0	1.00000	0
117	L	0.00000	0	1.00000	0
118	L	0.00000	0	1.00000	0
119	A	0.00000	5e-05	0.99995	0
120	M	0.00000	0.00076	0.99924	0
121	P	0.00000	0.0175	0.98250	0
122	V	0.00000	0.10741	0.89259	0
123	E	0.00000	0.62026	0.37974	0
124	L	0.00000	0.67863	0.32137	0
125	Y	0.00000	0.95395	0.04605	0
126	N	0.00000	0.99996	0.00004	0
127	F	0.00000	0.99996	0.00004	0
128	I	0.00000	0.99996	0.00004	0
129	W	0.00000	0.99997	0.00003	0
130	V	0.00000	0.99999	0.00001	0
131	H	0.00000	1	0.00000	0
132	H	0.00000	1	0.00000	0
133	P	0.00000	1	0.00000	0
134	W	0.00000	1	0.00000	0
135	A	0.00000	1	0.00000	0
136	F	0.00000	1	0.00000	0
137	G	0.00000	1	0.00000	0
138	D	0.00000	1	0.00000	0
139	A	0.00000	1	0.00000	0
140	G	0.00000	1	0.00000	0
141	C	0.00000	1	0.00000	0
142	R	0.00000	1	0.00000	0
143	G	0.00000	1	0.00000	0
144	Y	0.00000	0.99664	0.00336	0
145	Y	0.00000	0.27493	0.72507	0
146	F	0.00000	0.00246	0.99754	0
147	L	0.00000	0.00028	0.99972	0
148	R	0.00000	0.00017	0.99983	0
149	D	0.00000	5e-05	0.99995	0
150	A	0.00000	0	1.00000	0
151	C	0.00000	0	1.00000	0
152	T	0.00000	0	1.00000	0
153	Y	0.00000	0	1.00000	0
154	A	0.00000	0	1.00000	0
155	T	0.00000	0	1.00000	0
156	A	0.00000	0	1.00000	0
157	L	0.00000	0	1.00000	0
158	N	0.00000	0	1.00000	0
159	V	0.00000	0	1.00000	0
160	A	0.00000	0	1.00000	0
161	S	0.00000	0	1.00000	0
162	L	0.00000	0	1.00000	0
163	S	0.00000	0	1.00000	0
164	V	0.00000	0	1.00000	0
165	E	0.00000	0	1.00000	0
166	R	0.00262	0	0.99738	0
167	Y	0.14411	0	0.85589	0
168	L	0.66992	0	0.33008	0
169	A	0.95098	0	0.04902	0
170	I	0.99841	0	0.00159	0
171	C	1.00000	0	0.00000	0
172	H	1.00000	0	0.00000	0
173	P	1.00000	0	0.00000	0
174	F	1.00000	0	0.00000	0
175	K	1.00000	0	0.00000	0
176	A	1.00000	0	0.00000	0
177	K	1.00000	0	0.00000	0
178	T	1.00000	0	0.00000	0
179	L	1.00000	0	0.00000	0
180	M	1.00000	0	0.00000	0
181	S	1.00000	0	0.00000	0
182	R	1.00000	0	0.00000	0
183	S	0.99999	0	0.00001	0
184	R	0.99993	0	0.00007	0
185	T	0.99222	0	0.00778	0
186	K	0.98433	0	0.01567	0
187	K	0.77460	0	0.22540	0
188	F	0.01591	0	0.98409	0
189	I	0.00002	0	0.99998	0
190	S	0.00000	0	1.00000	0
191	A	0.00000	0	1.00000	0
192	I	0.00000	0	1.00000	0
193	W	0.00000	0	1.00000	0
194	L	0.00000	0	1.00000	0
195	A	0.00000	0	1.00000	0
196	S	0.00000	0	1.00000	0
197	A	0.00000	0	1.00000	0
198	L	0.00000	0	1.00000	0
199	L	0.00000	0	1.00000	0
200	A	0.00000	0	1.00000	0
201	V	0.00000	0	1.00000	0
202	P	0.00000	0	1.00000	0
203	M	0.00000	0	1.00000	0
204	L	0.00000	0	1.00000	0
205	F	0.00000	0.00016	0.99984	0
206	T	0.00000	0.00238	0.99762	0
207	M	0.00000	0.01217	0.98783	0
208	G	0.00000	0.6984	0.30160	0
209	E	0.00000	0.99073	0.00927	0
210	Q	0.00000	0.99931	0.00069	0
211	N	0.00000	0.99997	0.00003	0
212	R	0.00000	1	0.00000	0
213	S	0.00000	1	0.00000	0
214	A	0.00000	1	0.00000	0
215	D	0.00000	1	0.00000	0
216	G	0.00000	1	0.00000	0
217	Q	0.00000	1	0.00000	0
218	H	0.00000	1	0.00000	0
219	A	0.00000	1	0.00000	0
220	G	0.00000	1	0.00000	0
221	G	0.00000	1	0.00000	0
222	L	0.00000	1	0.00000	0
223	V	0.00000	1	0.00000	0
224	C	0.00000	1	0.00000	0
225	T	0.00000	1	0.00000	0
226	P	0.00000	1	0.00000	0
227	T	0.00000	0.99999	0.00001	0
228	I	0.00000	0.99993	0.00007	0
229	H	0.00000	0.98947	0.01053	0
230	T	0.00000	0.98919	0.01081	0
231	A	0.00000	0.98852	0.01148	0
232	T	0.00000	0.98844	0.01156	0
233	V	0.00000	0.98669	0.01331	0
234	K	0.00000	0.98578	0.01422	0
235	V	0.00000	0.18497	0.81503	0
236	V	0.00000	0.13232	0.86768	0
237	I	0.00000	0.12755	0.87245	0
238	Q	0.00000	0.11875	0.88125	0
239	V	0.00000	0.06234	0.93766	0
240	N	0.00000	0.06182	0.93818	0
241	T	0.00000	0.05862	0.94138	0
242	F	0.00000	0.05181	0.94819	0
243	M	0.00000	0.00091	0.99909	0
244	S	0.00000	0.00026	0.99974	0
245	F	0.00000	1e-05	0.99999	0
246	I	0.00000	0	1.00000	0
247	F	0.00000	0	1.00000	0
248	P	0.00000	0	1.00000	0
249	M	0.00000	0	1.00000	0
250	V	0.00000	0	1.00000	0
251	V	0.00000	0	1.00000	0
252	I	0.00003	0	0.99997	0
253	S	0.00033	0	0.99967	0
254	V	0.00120	0	0.99880	0
255	L	0.00450	0	0.99550	0
256	N	0.01447	0	0.98553	0
257	T	0.01823	0	0.98177	0
258	I	0.02150	0	0.97850	0
259	I	0.10635	0	0.89365	0
260	A	0.54465	0	0.45535	0
261	N	0.86991	0	0.13009	0
262	K	0.91810	0	0.08190	0
263	L	0.92151	0	0.07849	0
264	T	0.93202	0	0.06798	0
265	V	0.93496	0	0.06504	0
266	M	0.95142	0	0.04858	0
267	V	0.98516	0	0.01484	0
268	R	0.99942	0	0.00058	0
269	Q	0.99998	0	0.00002	0
270	A	0.99999	0	0.00001	0
271	A	1.00000	0	0.00000	0
272	E	1.00000	0	0.00000	0
273	Q	1.00000	0	0.00000	0
274	G	1.00000	0	0.00000	0
275	Q	1.00000	0	0.00000	0
276	V	1.00000	0	0.00000	0
277	C	1.00000	0	0.00000	0
278	T	1.00000	0	0.00000	0
279	V	1.00000	0	0.00000	0
280	G	1.00000	0	0.00000	0
281	G	1.00000	0	0.00000	0
282	E	1.00000	0	0.00000	0
283	H	1.00000	0	0.00000	0
284	S	1.00000	0	0.00000	0
285	T	1.00000	0	0.00000	0
286	F	1.00000	0	0.00000	0
287	S	1.00000	0	0.00000	0
288	M	1.00000	0	0.00000	0
289	A	1.00000	0	0.00000	0
290	I	1.00000	0	0.00000	0
291	E	1.00000	0	0.00000	0
292	P	1.00000	0	0.00000	0
293	G	1.00000	0	0.00000	0
294	R	1.00000	0	0.00000	0
295	V	0.99999	0	0.00001	0
296	Q	0.99999	0	0.00001	0
297	A	0.99999	0	0.00001	0
298	L	0.99998	0	0.00002	0
299	R	0.99997	0	0.00003	0
300	H	0.99997	0	0.00003	0
301	G	0.84006	0	0.15994	0
302	V	0.45577	0	0.54423	0
303	R	0.32503	0	0.67497	0
304	V	0.00606	0	0.99394	0
305	L	0.00352	0	0.99648	0
306	R	0.00058	0	0.99942	0
307	A	0.00017	0	0.99983	0
308	V	0.00000	0	1.00000	0
309	V	0.00000	0	1.00000	0
310	I	0.00000	0	1.00000	0
311	A	0.00000	0	1.00000	0
312	F	0.00000	0	1.00000	0
313	V	0.00000	0	1.00000	0
314	V	0.00000	0	1.00000	0
315	C	0.00000	0	1.00000	0
316	W	0.00000	0	1.00000	0
317	L	0.00000	0	1.00000	0
318	P	0.00000	0	1.00000	0
319	Y	0.00000	1e-05	0.99999	0
320	H	0.00000	0.00025	0.99975	0
321	V	0.00000	0.01527	0.98473	0
322	R	0.00000	0.34147	0.65853	0
323	R	0.00000	0.41575	0.58425	0
324	L	0.00000	0.44084	0.55916	0
325	M	0.00000	0.51334	0.48666	0
326	F	0.00000	0.57074	0.42926	0
327	C	0.00000	0.99773	0.00227	0
328	Y	0.00000	0.99968	0.00032	0
329	I	0.00000	0.99976	0.00024	0
330	S	0.00000	0.99996	0.00004	0
331	D	0.00000	1	0.00000	0
332	E	0.00000	1	0.00000	0
333	Q	0.00000	1	0.00000	0
334	W	0.00000	0.99999	0.00001	0
335	T	0.00000	0.99999	0.00001	0
336	P	0.00000	0.99999	0.00001	0
337	F	0.00000	0.99997	0.00003	0
338	L	0.00000	0.99996	0.00004	0
339	Y	0.00000	0.99996	0.00004	0
340	D	0.00000	0.99993	0.00007	0
341	F	0.00000	0.99867	0.00133	0
342	Y	0.00000	0.9974	0.00260	0
343	H	0.00000	0.98361	0.01639	0
344	Y	0.00000	0.81798	0.18202	0
345	F	0.00000	0.34351	0.65649	0
346	Y	0.00000	0.20051	0.79949	0
347	M	0.00000	0.06033	0.93967	0
348	V	0.00000	0.04096	0.95904	0
349	T	0.00000	0.03779	0.96221	0
350	N	0.00000	0.03357	0.96643	0
351	A	0.00000	0.01726	0.98274	0
352	L	0.00000	0.01618	0.98382	0
353	F	0.00000	0.01612	0.98388	0
354	Y	0.00000	0.01608	0.98392	0
355	V	0.00000	0.01595	0.98405	0
356	S	0.00000	0.01592	0.98408	0
357	S	0.00001	0.0159	0.98410	0
358	T	0.00002	0.01578	0.98420	0
359	I	0.00002	0.01552	0.98446	0
360	N	0.00002	0.01536	0.98462	0
361	P	0.00002	0.01489	0.98509	0
362	I	0.00004	0.00679	0.99318	0
363	L	0.00031	0.00039	0.99930	0
364	Y	0.00121	0.00023	0.99856	0
365	N	0.00663	0.00011	0.99326	0
366	L	0.01451	2e-05	0.98547	0
367	V	0.20417	1e-05	0.79582	0
368	S	0.56199	0	0.43801	0
369	A	0.93145	0	0.06855	0
370	N	0.93834	0	0.06166	0
371	F	0.94201	0	0.05799	0
372	R	0.97985	0	0.02015	0
373	H	0.97985	0	0.02015	0
374	I	0.97985	0	0.02015	0
375	F	0.97985	0	0.02015	0
376	L	0.97985	0	0.02015	0
377	A	0.97985	0	0.02015	0
378	T	0.98381	0	0.01619	0
379	L	0.98411	0	0.01589	0
380	A	0.98423	0	0.01577	0
381	C	0.98430	0	0.01570	0
382	L	0.98434	0	0.01566	0
383	C	0.98514	0	0.01486	0
384	P	0.99026	0	0.00974	0
385	V	0.99291	0	0.00709	0
386	W	0.99841	0	0.00159	0
387	R	1.00000	0	0.00000	0
388	R	1.00000	0	0.00000	0
389	R	1.00000	0	0.00000	0
390	R	1.00000	0	0.00000	0
391	K	1.00000	0	0.00000	0
392	R	1.00000	0	0.00000	0
393	P	1.00000	0	0.00000	0
394	A	1.00000	0	0.00000	0
395	F	1.00000	0	0.00000	0
396	S	1.00000	0	0.00000	0
397	R	1.00000	0	0.00000	0
398	K	1.00000	0	0.00000	0
399	A	1.00000	0	0.00000	0
400	D	1.00000	0	0.00000	0
401	S	1.00000	0	0.00000	0
402	V	1.00000	0	0.00000	0
403	S	1.00000	0	0.00000	0
404	S	1.00000	0	0.00000	0
405	N	1.00000	0	0.00000	0
406	H	1.00000	0	0.00000	0
407	T	1.00000	0	0.00000	0
408	L	1.00000	0	0.00000	0
409	S	1.00000	0	0.00000	0
410	S	1.00000	0	0.00000	0
411	N	1.00000	0	0.00000	0
412	A	1.00000	0	0.00000	0
413	T	1.00000	0	0.00000	0
414	R	1.00000	0	0.00000	0
415	E	1.00000	0	0.00000	0
416	T	1.00000	0	0.00000	0
417	L	1.00000	0	0.00000	0
418	Y	1.00000	0	0.00000	0
