# UNNAMED
#pos	aa	i	o	M	S
1	M	0.00000	0.99996	0.00000	4e-05
2	T	0.00000	0.99996	0.00000	4e-05
3	L	0.00000	0.99996	0.00000	4e-05
4	G	0.00000	0.99996	0.00000	4e-05
5	N	0.00000	0.99996	0.00000	4e-05
6	S	0.00000	0.99996	0.00000	4e-05
7	T	0.00000	0.99996	0.00000	4e-05
8	E	0.00000	0.99996	0.00000	4e-05
9	V	0.00000	0.99996	0.00000	4e-05
10	T	0.00000	0.99996	0.00000	4e-05
11	E	0.00000	0.99996	0.00000	4e-05
12	F	0.00000	0.99996	0.00000	4e-05
13	Y	0.00000	0.99996	0.00000	4e-05
14	L	0.00000	0.99996	0.00000	4e-05
15	L	0.00000	0.99996	0.00000	4e-05
16	G	0.00000	0.99996	0.00000	4e-05
17	F	0.00000	0.99997	0.00000	3e-05
18	G	0.00000	0.99997	0.00000	3e-05
19	A	0.00000	0.99998	0.00000	1e-05
20	Q	0.00000	0.99966	0.00032	1e-05
21	H	0.00000	0.99924	0.00076	0
22	E	0.00000	0.9967	0.00330	0
23	F	0.00000	0.90625	0.09375	0
24	W	0.00000	0.83627	0.16373	0
25	C	0.00000	0.79026	0.20974	0
26	I	0.00000	0.23987	0.76013	0
27	L	0.00000	0.07793	0.92207	0
28	F	0.00000	0.01511	0.98489	0
29	I	0.00000	0.0071	0.99290	0
30	V	0.00000	0.00591	0.99409	0
31	F	0.00000	0.00024	0.99976	0
32	L	0.00000	2e-05	0.99998	0
33	L	0.00000	0	1.00000	0
34	I	0.00000	0	1.00000	0
35	Y	0.00000	0	1.00000	0
36	V	0.00000	0	1.00000	0
37	T	0.00000	0	1.00000	0
38	S	0.00000	0	1.00000	0
39	I	0.00000	0	1.00000	0
40	M	0.00000	0	1.00000	0
41	G	0.00000	0	1.00000	0
42	N	0.00000	0	1.00000	0
43	S	0.00000	0	1.00000	0
44	G	0.00000	0	1.00000	0
45	I	0.00000	0	1.00000	0
46	I	0.00000	0	1.00000	0
47	L	0.00003	0	0.99997	0
48	L	0.00110	0	0.99890	0
49	I	0.02208	0	0.97792	0
50	N	0.94229	0	0.05771	0
51	T	0.99497	0	0.00503	0
52	D	0.99996	0	0.00004	0
53	S	1.00000	0	0.00000	0
54	R	1.00000	0	0.00000	0
55	F	1.00000	0	0.00000	0
56	Q	0.99999	0	0.00001	0
57	T	0.99982	0	0.00018	0
58	L	0.99409	0	0.00591	0
59	T	0.99063	0	0.00937	0
60	Y	0.91110	0	0.08890	0
61	F	0.10875	0	0.89125	0
62	F	0.00082	0	0.99918	0
63	L	0.00005	0	0.99995	0
64	Q	0.00001	0	0.99999	0
65	H	0.00000	0	1.00000	0
66	L	0.00000	0	1.00000	0
67	A	0.00000	0	1.00000	0
68	F	0.00000	0	1.00000	0
69	V	0.00000	0	1.00000	0
70	D	0.00000	0	1.00000	0
71	I	0.00000	0	1.00000	0
72	C	0.00000	0	1.00000	0
73	Y	0.00000	0	1.00000	0
74	T	0.00000	0	1.00000	0
75	S	0.00000	0	1.00000	0
76	A	0.00000	0	1.00000	0
77	I	0.00000	0	1.00000	0
78	T	0.00000	0.00046	0.99954	0
79	P	0.00000	0.00117	0.99883	0
80	K	0.00000	0.00869	0.99131	0
81	M	0.00000	0.03062	0.96938	0
82	L	0.00000	0.27342	0.72658	0
83	Q	0.00000	0.74377	0.25623	0
84	S	0.00000	0.99996	0.00004	0
85	F	0.00000	1	0.00000	0
86	T	0.00000	1	0.00000	0
87	E	0.00000	1	0.00000	0
88	E	0.00000	1	0.00000	0
89	K	0.00000	1	0.00000	0
90	N	0.00000	1	0.00000	0
91	L	0.00000	0.99347	0.00653	0
92	M	0.00000	0.95438	0.04562	0
93	L	0.00000	0.95086	0.04914	0
94	F	0.00000	0.94524	0.05476	0
95	Q	0.00000	0.94342	0.05658	0
96	G	0.00000	0.92771	0.07229	0
97	C	0.00000	0.90817	0.09183	0
98	V	0.00000	0.68644	0.31356	0
99	I	0.00000	0.46578	0.53422	0
100	Q	0.00000	0.22702	0.77298	0
101	F	0.00000	0.00397	0.99603	0
102	L	0.00000	0.00017	0.99983	0
103	V	0.00000	0	1.00000	0
104	Y	0.00000	0	1.00000	0
105	A	0.00000	0	1.00000	0
106	T	0.00000	0	1.00000	0
107	F	0.00000	0	1.00000	0
108	A	0.00000	0	1.00000	0
109	T	0.00000	0	1.00000	0
110	S	0.00000	0	1.00000	0
111	D	0.00000	0	1.00000	0
112	C	0.00001	0	0.99999	0
113	Y	0.00002	0	0.99998	0
114	L	0.00017	0	0.99983	0
115	L	0.00354	0	0.99646	0
116	A	0.07387	0	0.92613	0
117	M	0.07389	0	0.92611	0
118	M	0.07396	0	0.92604	0
119	A	0.07405	0	0.92595	0
120	V	0.07464	0	0.92536	0
121	D	0.07755	0	0.92245	0
122	P	0.99989	0	0.00011	0
123	Y	0.99991	0	0.00009	0
124	V	0.99999	0	0.00001	0
125	A	1.00000	0	0.00000	0
126	I	1.00000	0	0.00000	0
127	C	1.00000	0	0.00000	0
128	K	1.00000	0	0.00000	0
129	P	1.00000	0	0.00000	0
130	L	0.99997	0	0.00003	0
131	H	0.99994	0	0.00006	0
132	Y	0.99982	0	0.00018	0
133	T	0.99922	0	0.00078	0
134	V	0.95934	0	0.04066	0
135	I	0.95711	0	0.04289	0
136	M	0.95681	0	0.04319	0
137	S	0.95659	0	0.04341	0
138	R	0.95610	0	0.04390	0
139	T	0.67616	0	0.32384	0
140	V	0.13189	0	0.86811	0
141	C	0.00052	0	0.99948	0
142	I	0.00001	0	0.99999	0
143	R	0.00000	0	1.00000	0
144	L	0.00000	0	1.00000	0
145	V	0.00000	0	1.00000	0
146	A	0.00000	0	1.00000	0
147	G	0.00000	0	1.00000	0
148	S	0.00000	0	1.00000	0
149	Y	0.00000	0	1.00000	0
150	I	0.00000	0	1.00000	0
151	M	0.00000	1e-05	0.99999	0
152	G	0.00000	8e-05	0.99992	0
153	S	0.00000	0.00111	0.99889	0
154	I	0.00000	0.0091	0.99090	0
155	N	0.00000	0.03303	0.96697	0
156	A	0.00000	0.03696	0.96304	0
157	S	0.00000	0.04054	0.95946	0
158	V	0.00000	0.04517	0.95483	0
159	Q	0.00000	0.24294	0.75706	0
160	T	0.00000	0.4441	0.55590	0
161	G	0.00000	0.67512	0.32488	0
162	F	0.00000	0.72774	0.27226	0
163	T	0.00000	0.94427	0.05573	0
164	C	0.00000	0.9991	0.00090	0
165	S	0.00000	0.99983	0.00017	0
166	L	0.00000	0.9999	0.00010	0
167	S	0.00000	0.99999	0.00001	0
168	F	0.00000	1	0.00000	0
169	C	0.00000	1	0.00000	0
170	K	0.00000	1	0.00000	0
171	S	0.00000	1	0.00000	0
172	N	0.00000	1	0.00000	0
173	S	0.00000	1	0.00000	0
174	I	0.00000	1	0.00000	0
175	N	0.00000	1	0.00000	0
176	H	0.00000	1	0.00000	0
177	F	0.00000	1	0.00000	0
178	F	0.00000	1	0.00000	0
179	C	0.00000	1	0.00000	0
180	D	0.00000	1	0.00000	0
181	V	0.00000	1	0.00000	0
182	P	0.00000	1	0.00000	0
183	P	0.00000	1	0.00000	0
184	I	0.00000	1	0.00000	0
185	L	0.00000	1	0.00000	0
186	A	0.00000	1	0.00000	0
187	L	0.00000	1	0.00000	0
188	S	0.00000	1	0.00000	0
189	C	0.00000	1	0.00000	0
190	S	0.00000	0.99999	0.00001	0
191	N	0.00000	0.99999	0.00001	0
192	V	0.00000	0.99986	0.00014	0
193	D	0.00000	0.99985	0.00015	0
194	I	0.00000	0.98828	0.01172	0
195	N	0.00000	0.93528	0.06472	0
196	I	0.00000	0.22578	0.77422	0
197	M	0.00000	0.13532	0.86468	0
198	L	0.00000	0.07492	0.92508	0
199	L	0.00000	0.00353	0.99647	0
200	V	0.00000	0.00052	0.99948	0
201	V	0.00000	0	1.00000	0
202	F	0.00000	0	1.00000	0
203	V	0.00000	0	1.00000	0
204	G	0.00000	0	1.00000	0
205	S	0.00000	0	1.00000	0
206	N	0.00000	0	1.00000	0
207	L	0.00000	0	1.00000	0
208	I	0.00000	0	1.00000	0
209	F	0.00000	0	1.00000	0
210	T	0.00000	0	1.00000	0
211	G	0.00000	0	1.00000	0
212	L	0.00000	0	1.00000	0
213	V	0.00000	0	1.00000	0
214	V	0.00000	0	1.00000	0
215	I	0.00000	0	1.00000	0
216	F	0.00001	0	0.99999	0
217	S	0.00049	0	0.99951	0
218	Y	0.00078	0	0.99922	0
219	I	0.00421	0	0.99579	0
220	Y	0.02532	0	0.97468	0
221	I	0.12405	0	0.87595	0
222	M	0.47496	0	0.52504	0
223	A	0.96081	0	0.03919	0
224	T	0.99560	0	0.00440	0
225	I	0.99859	0	0.00141	0
226	L	0.99942	0	0.00058	0
227	K	1.00000	0	0.00000	0
228	M	1.00000	0	0.00000	0
229	S	1.00000	0	0.00000	0
230	S	1.00000	0	0.00000	0
231	S	1.00000	0	0.00000	0
232	A	0.99885	0	0.00115	0
233	G	0.99883	0	0.00117	0
234	R	0.99560	0	0.00440	0
235	K	0.98903	0	0.01097	0
236	K	0.95561	0	0.04439	0
237	S	0.93866	0	0.06134	0
238	F	0.36594	0	0.63406	0
239	S	0.01352	0	0.98648	0
240	T	0.01328	0	0.98672	0
241	C	0.00235	0	0.99765	0
242	A	0.00123	0	0.99877	0
243	S	0.00081	0	0.99919	0
244	H	0.00051	0	0.99949	0
245	L	0.00006	0	0.99994	0
246	T	0.00005	0	0.99995	0
247	A	0.00000	0	1.00000	0
248	V	0.00000	0	1.00000	0
249	T	0.00000	0	1.00000	0
250	I	0.00000	0	1.00000	0
251	F	0.00000	0	1.00000	0
252	Y	0.00000	1e-05	0.99999	0
253	G	0.00000	7e-05	0.99993	0
254	T	0.00000	0.00012	0.99988	0
255	L	0.00000	0.00019	0.99981	0
256	S	0.00000	0.00091	0.99909	0
257	Y	0.00000	0.00165	0.99835	0
258	M	0.00000	0.00241	0.99759	0
259	Y	0.00000	0.0337	0.96630	0
260	L	0.00000	0.1246	0.87540	0
261	Q	0.00000	0.77996	0.22004	0
262	S	0.00000	0.96831	0.03169	0
263	H	0.00000	0.99423	0.00577	0
264	S	0.00000	0.99902	0.00098	0
265	N	0.00000	0.99977	0.00023	0
266	N	0.00000	0.99994	0.00006	0
267	S	0.00000	0.99996	0.00004	0
268	Q	0.00000	0.99659	0.00341	0
269	E	0.00000	0.9427	0.05730	0
270	N	0.00000	0.74309	0.25691	0
271	M	0.00000	0.17986	0.82014	0
272	K	0.00000	0.12499	0.87501	0
273	V	0.00000	0.00517	0.99483	0
274	A	0.00000	1e-05	0.99999	0
275	F	0.00000	0	1.00000	0
276	I	0.00000	0	1.00000	0
277	F	0.00000	0	1.00000	0
278	Y	0.00000	0	1.00000	0
279	G	0.00000	0	1.00000	0
280	T	0.00000	0	1.00000	0
281	V	0.00000	0	1.00000	0
282	I	0.00000	0	1.00000	0
283	P	0.00000	0	1.00000	0
284	M	0.00000	0	1.00000	0
285	L	0.00000	0	1.00000	0
286	N	0.00000	0	1.00000	0
287	P	0.00000	0	1.00000	0
288	L	0.00001	0	0.99999	0
289	I	0.00033	0	0.99967	0
290	Y	0.00332	0	0.99668	0
291	S	0.00988	0	0.99012	0
292	L	0.06138	0	0.93862	0
293	R	1.00000	0	0.00000	0
294	N	1.00000	0	0.00000	0
295	K	1.00000	0	0.00000	0
296	E	1.00000	0	0.00000	0
297	V	1.00000	0	0.00000	0
298	K	1.00000	0	0.00000	0
299	E	1.00000	0	0.00000	0
300	A	1.00000	0	0.00000	0
301	L	1.00000	0	0.00000	0
302	K	1.00000	0	0.00000	0
303	V	1.00000	0	0.00000	0
304	I	1.00000	0	0.00000	0
305	G	1.00000	0	0.00000	0
306	K	1.00000	0	0.00000	0
307	K	1.00000	0	0.00000	0
308	L	1.00000	0	0.00000	0
309	F	1.00000	0	0.00000	0
