# UNNAMED
#pos	aa	i	o	M	S
1	M	0.00000	0.99999	0.00000	1e-05
2	D	0.00000	0.99999	0.00000	1e-05
3	I	0.00000	0.99999	0.00000	1e-05
4	L	0.00000	0.99999	0.00000	1e-05
5	C	0.00000	0.99999	0.00000	1e-05
6	E	0.00000	0.99999	0.00000	1e-05
7	E	0.00000	0.99999	0.00000	1e-05
8	N	0.00000	0.99999	0.00000	1e-05
9	T	0.00000	0.99999	0.00000	1e-05
10	S	0.00000	0.99999	0.00000	1e-05
11	L	0.00000	0.99999	0.00000	1e-05
12	S	0.00000	0.99999	0.00000	1e-05
13	S	0.00000	0.99999	0.00000	1e-05
14	T	0.00000	0.99999	0.00000	1e-05
15	T	0.00000	0.99999	0.00000	1e-05
16	N	0.00000	1	0.00000	0
17	S	0.00000	1	0.00000	0
18	L	0.00000	1	0.00000	0
19	M	0.00000	1	0.00000	0
20	Q	0.00000	1	0.00000	0
21	L	0.00000	1	0.00000	0
22	N	0.00000	1	0.00000	0
23	D	0.00000	1	0.00000	0
24	D	0.00000	1	0.00000	0
25	T	0.00000	1	0.00000	0
26	R	0.00000	1	0.00000	0
27	L	0.00000	1	0.00000	0
28	Y	0.00000	1	0.00000	0
29	S	0.00000	1	0.00000	0
30	N	0.00000	1	0.00000	0
31	D	0.00000	1	0.00000	0
32	F	0.00000	1	0.00000	0
33	N	0.00000	1	0.00000	0
34	S	0.00000	1	0.00000	0
35	G	0.00000	1	0.00000	0
36	E	0.00000	1	0.00000	0
37	A	0.00000	1	0.00000	0
38	N	0.00000	1	0.00000	0
39	T	0.00000	1	0.00000	0
40	S	0.00000	1	0.00000	0
41	D	0.00000	1	0.00000	0
42	A	0.00000	1	0.00000	0
43	F	0.00000	1	0.00000	0
44	N	0.00000	1	0.00000	0
45	W	0.00000	1	0.00000	0
46	T	0.00000	1	0.00000	0
47	V	0.00000	1	0.00000	0
48	D	0.00000	1	0.00000	0
49	S	0.00000	1	0.00000	0
50	E	0.00000	1	0.00000	0
51	N	0.00000	1	0.00000	0
52	R	0.00000	1	0.00000	0
53	T	0.00000	1	0.00000	0
54	N	0.00000	1	0.00000	0
55	L	0.00000	1	0.00000	0
56	S	0.00000	1	0.00000	0
57	C	0.00000	1	0.00000	0
58	E	0.00000	1	0.00000	0
59	G	0.00000	1	0.00000	0
60	C	0.00000	1	0.00000	0
61	L	0.00000	1	0.00000	0
62	S	0.00000	1	0.00000	0
63	P	0.00000	1	0.00000	0
64	S	0.00000	1	0.00000	0
65	C	0.00000	1	0.00000	0
66	L	0.00000	1	0.00000	0
67	S	0.00000	1	0.00000	0
68	L	0.00000	1	0.00000	0
69	L	0.00000	1	0.00000	0
70	H	0.00000	1	0.00000	0
71	L	0.00000	1	0.00000	0
72	Q	0.00000	1	0.00000	0
73	E	0.00000	0.99999	0.00001	0
74	K	0.00000	0.99962	0.00038	0
75	N	0.00000	0.98481	0.01519	0
76	W	0.00000	0.69389	0.30611	0
77	S	0.00000	0.58393	0.41607	0
78	A	0.00000	0.31127	0.68873	0
79	L	0.00000	0.12836	0.87164	0
80	L	0.00000	0.05891	0.94109	0
81	T	0.00000	0.02231	0.97769	0
82	A	0.00000	0.00237	0.99763	0
83	V	0.00000	0.00011	0.99989	0
84	V	0.00000	0	1.00000	0
85	I	0.00000	0	1.00000	0
86	I	0.00000	0	1.00000	0
87	L	0.00000	0	1.00000	0
88	T	0.00000	0	1.00000	0
89	I	0.00000	0	1.00000	0
90	A	0.00000	0	1.00000	0
91	G	0.00000	0	1.00000	0
92	N	0.00000	0	1.00000	0
93	I	0.00000	0	1.00000	0
94	L	0.00000	0	1.00000	0
95	V	0.00000	0	1.00000	0
96	I	0.00002	0	0.99998	0
97	M	0.00422	0	0.99578	0
98	A	0.05912	0	0.94088	0
99	V	0.17293	0	0.82707	0
100	S	0.72232	0	0.27768	0
101	L	0.82117	0	0.17883	0
102	E	0.99729	0	0.00271	0
103	K	0.99995	0	0.00005	0
104	K	1.00000	0	0.00000	0
105	L	1.00000	0	0.00000	0
106	Q	0.99998	0	0.00002	0
107	N	0.99891	0	0.00109	0
108	A	0.99608	0	0.00392	0
109	T	0.96814	0	0.03186	0
110	N	0.21580	0	0.78420	0
111	Y	0.07319	0	0.92681	0
112	F	0.00085	0	0.99915	0
113	L	0.00012	0	0.99988	0
114	M	0.00000	0	1.00000	0
115	S	0.00000	0	1.00000	0
116	L	0.00000	0	1.00000	0
117	A	0.00000	0	1.00000	0
118	I	0.00000	0	1.00000	0
119	A	0.00000	0	1.00000	0
120	D	0.00000	0	1.00000	0
121	M	0.00000	0	1.00000	0
122	L	0.00000	0	1.00000	0
123	L	0.00000	0	1.00000	0
124	G	0.00000	0	1.00000	0
125	F	0.00000	0	1.00000	0
126	L	0.00000	0	1.00000	0
127	V	0.00000	1e-05	0.99999	0
128	M	0.00000	0.00026	0.99974	0
129	P	0.00000	0.01496	0.98504	0
130	V	0.00000	0.05747	0.94253	0
131	S	0.00000	0.22891	0.77109	0
132	M	0.00000	0.3004	0.69960	0
133	L	0.00000	0.56503	0.43497	0
134	T	0.00000	0.99762	0.00238	0
135	I	0.00000	0.99776	0.00224	0
136	L	0.00000	0.99799	0.00201	0
137	Y	0.00000	0.9997	0.00030	0
138	G	0.00000	0.99989	0.00011	0
139	Y	0.00000	0.99998	0.00002	0
140	R	0.00000	1	0.00000	0
141	W	0.00000	1	0.00000	0
142	P	0.00000	1	0.00000	0
143	L	0.00000	1	0.00000	0
144	P	0.00000	1	0.00000	0
145	S	0.00000	1	0.00000	0
146	K	0.00000	1	0.00000	0
147	L	0.00000	0.99999	0.00001	0
148	C	0.00000	0.99998	0.00002	0
149	A	0.00000	0.99879	0.00121	0
150	V	0.00000	0.99744	0.00256	0
151	W	0.00000	0.87265	0.12735	0
152	I	0.00000	0.20814	0.79186	0
153	Y	0.00000	0.09339	0.90661	0
154	L	0.00000	0.00418	0.99582	0
155	D	0.00000	0.00137	0.99863	0
156	V	0.00000	4e-05	0.99996	0
157	L	0.00000	0	1.00000	0
158	F	0.00000	0	1.00000	0
159	S	0.00000	0	1.00000	0
160	T	0.00000	0	1.00000	0
161	A	0.00000	0	1.00000	0
162	S	0.00000	0	1.00000	0
163	I	0.00000	0	1.00000	0
164	M	0.00000	0	1.00000	0
165	H	0.00000	0	1.00000	0
166	L	0.00000	0	1.00000	0
167	C	0.00000	0	1.00000	0
168	A	0.00000	0	1.00000	0
169	I	0.00000	0	1.00000	0
170	S	0.00000	0	1.00000	0
171	L	0.00000	0	1.00000	0
172	D	0.00002	0	0.99998	0
173	R	0.05509	0	0.94491	0
174	Y	0.30974	0	0.69026	0
175	V	0.84712	0	0.15288	0
176	A	0.91345	0	0.08655	0
177	I	0.99997	0	0.00003	0
178	Q	1.00000	0	0.00000	0
179	N	1.00000	0	0.00000	0
180	P	1.00000	0	0.00000	0
181	I	1.00000	0	0.00000	0
182	H	1.00000	0	0.00000	0
183	H	1.00000	0	0.00000	0
184	S	1.00000	0	0.00000	0
185	R	1.00000	0	0.00000	0
186	F	1.00000	0	0.00000	0
187	N	1.00000	0	0.00000	0
188	S	1.00000	0	0.00000	0
189	R	1.00000	0	0.00000	0
190	T	0.99987	0	0.00013	0
191	K	0.99760	0	0.00240	0
192	A	0.54619	0	0.45381	0
193	F	0.10691	0	0.89309	0
194	L	0.02662	0	0.97338	0
195	K	0.02279	0	0.97721	0
196	I	0.00006	0	0.99994	0
197	I	0.00000	0	1.00000	0
198	A	0.00000	0	1.00000	0
199	V	0.00000	0	1.00000	0
200	W	0.00000	0	1.00000	0
201	T	0.00000	0	1.00000	0
202	I	0.00000	0	1.00000	0
203	S	0.00000	0	1.00000	0
204	V	0.00000	0	1.00000	0
205	G	0.00000	0	1.00000	0
206	I	0.00000	0	1.00000	0
207	S	0.00000	0	1.00000	0
208	M	0.00000	0	1.00000	0
209	P	0.00000	0	1.00000	0
210	I	0.00000	1e-05	0.99999	0
211	P	0.00000	0.00301	0.99699	0
212	V	0.00000	0.01412	0.98588	0
213	F	0.00000	0.12604	0.87396	0
214	G	0.00000	0.51023	0.48977	0
215	L	0.00000	0.66663	0.33337	0
216	Q	0.00000	0.96726	0.03274	0
217	D	0.00000	0.99997	0.00003	0
218	D	0.00000	1	0.00000	0
219	S	0.00000	1	0.00000	0
220	K	0.00000	1	0.00000	0
221	V	0.00000	1	0.00000	0
222	F	0.00000	1	0.00000	0
223	K	0.00000	1	0.00000	0
224	E	0.00000	1	0.00000	0
225	G	0.00000	1	0.00000	0
226	S	0.00000	1	0.00000	0
227	C	0.00000	1	0.00000	0
228	L	0.00000	1	0.00000	0
229	L	0.00000	1	0.00000	0
230	A	0.00000	1	0.00000	0
231	D	0.00000	1	0.00000	0
232	D	0.00000	0.99999	0.00001	0
233	N	0.00000	0.7933	0.20670	0
234	F	0.00000	0.0163	0.98370	0
235	V	0.00000	0.00871	0.99129	0
236	L	0.00000	0.00232	0.99768	0
237	I	0.00000	2e-05	0.99998	0
238	G	0.00000	1e-05	0.99999	0
239	S	0.00000	1e-05	0.99999	0
240	F	0.00000	0	1.00000	0
241	V	0.00000	0	1.00000	0
242	S	0.00000	0	1.00000	0
243	F	0.00000	0	1.00000	0
244	F	0.00000	0	1.00000	0
245	I	0.00000	0	1.00000	0
246	P	0.00000	0	1.00000	0
247	L	0.00000	0	1.00000	0
248	T	0.00000	0	1.00000	0
249	I	0.00000	0	1.00000	0
250	M	0.00000	0	1.00000	0
251	V	0.00000	0	1.00000	0
252	I	0.00000	0	1.00000	0
253	T	0.00000	0	1.00000	0
254	Y	0.00001	0	0.99999	0
255	F	0.00034	0	0.99966	0
256	L	0.01717	0	0.98283	0
257	T	0.18218	0	0.81782	0
258	I	0.25502	0	0.74498	0
259	K	0.99356	0	0.00644	0
260	S	0.99835	0	0.00165	0
261	L	0.99893	0	0.00107	0
262	Q	0.99998	0	0.00002	0
263	K	1.00000	0	0.00000	0
264	E	1.00000	0	0.00000	0
265	A	1.00000	0	0.00000	0
266	T	1.00000	0	0.00000	0
267	L	1.00000	0	0.00000	0
268	C	1.00000	0	0.00000	0
269	V	1.00000	0	0.00000	0
270	S	1.00000	0	0.00000	0
271	D	1.00000	0	0.00000	0
272	L	1.00000	0	0.00000	0
273	G	1.00000	0	0.00000	0
274	T	1.00000	0	0.00000	0
275	R	1.00000	0	0.00000	0
276	A	1.00000	0	0.00000	0
277	K	1.00000	0	0.00000	0
278	L	1.00000	0	0.00000	0
279	A	1.00000	0	0.00000	0
280	S	1.00000	0	0.00000	0
281	F	1.00000	0	0.00000	0
282	S	1.00000	0	0.00000	0
283	F	1.00000	0	0.00000	0
284	L	1.00000	0	0.00000	0
285	P	1.00000	0	0.00000	0
286	Q	1.00000	0	0.00000	0
287	S	1.00000	0	0.00000	0
288	S	1.00000	0	0.00000	0
289	L	1.00000	0	0.00000	0
290	S	1.00000	0	0.00000	0
291	S	1.00000	0	0.00000	0
292	E	1.00000	0	0.00000	0
293	K	1.00000	0	0.00000	0
294	L	1.00000	0	0.00000	0
295	F	1.00000	0	0.00000	0
296	Q	1.00000	0	0.00000	0
297	R	1.00000	0	0.00000	0
298	S	1.00000	0	0.00000	0
299	I	1.00000	0	0.00000	0
300	H	1.00000	0	0.00000	0
301	R	1.00000	0	0.00000	0
302	E	1.00000	0	0.00000	0
303	P	1.00000	0	0.00000	0
304	G	1.00000	0	0.00000	0
305	S	1.00000	0	0.00000	0
306	Y	1.00000	0	0.00000	0
307	T	1.00000	0	0.00000	0
308	G	1.00000	0	0.00000	0
309	R	1.00000	0	0.00000	0
310	R	1.00000	0	0.00000	0
311	T	1.00000	0	0.00000	0
312	M	1.00000	0	0.00000	0
313	Q	1.00000	0	0.00000	0
314	S	1.00000	0	0.00000	0
315	I	1.00000	0	0.00000	0
316	S	1.00000	0	0.00000	0
317	N	1.00000	0	0.00000	0
318	E	1.00000	0	0.00000	0
319	Q	0.99767	0	0.00233	0
320	K	0.99670	0	0.00330	0
321	A	0.14709	0	0.85291	0
322	C	0.14223	0	0.85777	0
323	K	0.01928	0	0.98072	0
324	V	0.00219	0	0.99781	0
325	L	0.00035	0	0.99965	0
326	G	0.00031	0	0.99969	0
327	I	0.00011	0	0.99989	0
328	V	0.00001	0	0.99999	0
329	F	0.00000	0	1.00000	0
330	F	0.00000	0	1.00000	0
331	L	0.00000	0	1.00000	0
332	F	0.00000	0	1.00000	0
333	V	0.00000	0	1.00000	0
334	V	0.00000	0	1.00000	0
335	M	0.00000	0	1.00000	0
336	W	0.00000	0	1.00000	0
337	C	0.00000	0	1.00000	0
338	P	0.00000	0	1.00000	0
339	F	0.00000	0	1.00000	0
340	F	0.00000	0	1.00000	0
341	I	0.00000	4e-05	0.99996	0
342	T	0.00000	0.00065	0.99935	0
343	N	0.00000	0.00853	0.99147	0
344	I	0.00000	0.01199	0.98801	0
345	M	0.00000	0.02513	0.97487	0
346	A	0.00000	0.09116	0.90884	0
347	V	0.00000	0.23467	0.76533	0
348	I	0.00000	0.49449	0.50551	0
349	C	0.00000	0.96806	0.03194	0
350	K	0.00000	0.99988	0.00012	0
351	E	0.00000	1	0.00000	0
352	S	0.00000	1	0.00000	0
353	C	0.00000	1	0.00000	0
354	N	0.00000	1	0.00000	0
355	E	0.00000	1	0.00000	0
356	D	0.00000	0.99999	0.00001	0
357	V	0.00000	0.99882	0.00118	0
358	I	0.00000	0.99732	0.00268	0
359	G	0.00000	0.99643	0.00357	0
360	A	0.00000	0.95127	0.04873	0
361	L	0.00000	0.90879	0.09121	0
362	L	0.00000	0.88655	0.11345	0
363	N	0.00000	0.4709	0.52910	0
364	V	0.00000	0.00339	0.99661	0
365	F	0.00000	0.00013	0.99987	0
366	V	0.00000	0	1.00000	0
367	W	0.00000	0	1.00000	0
368	I	0.00000	0	1.00000	0
369	G	0.00000	0	1.00000	0
370	Y	0.00000	0	1.00000	0
371	L	0.00000	0	1.00000	0
372	S	0.00000	0	1.00000	0
373	S	0.00000	0	1.00000	0
374	A	0.00000	0	1.00000	0
375	V	0.00000	0	1.00000	0
376	N	0.00000	0	1.00000	0
377	P	0.00000	0	1.00000	0
378	L	0.00000	0	1.00000	0
379	V	0.00001	0	0.99999	0
380	Y	0.00019	0	0.99981	0
381	T	0.00089	0	0.99911	0
382	L	0.00318	0	0.99682	0
383	F	0.10580	0	0.89420	0
384	N	0.60612	0	0.39388	0
385	K	1.00000	0	0.00000	0
386	T	1.00000	0	0.00000	0
387	Y	1.00000	0	0.00000	0
388	R	1.00000	0	0.00000	0
389	S	1.00000	0	0.00000	0
390	A	1.00000	0	0.00000	0
391	F	1.00000	0	0.00000	0
392	S	1.00000	0	0.00000	0
393	R	1.00000	0	0.00000	0
394	Y	1.00000	0	0.00000	0
395	I	1.00000	0	0.00000	0
396	Q	1.00000	0	0.00000	0
397	C	1.00000	0	0.00000	0
398	Q	1.00000	0	0.00000	0
399	Y	1.00000	0	0.00000	0
400	K	1.00000	0	0.00000	0
401	E	1.00000	0	0.00000	0
402	N	1.00000	0	0.00000	0
403	K	1.00000	0	0.00000	0
404	K	1.00000	0	0.00000	0
405	P	1.00000	0	0.00000	0
406	L	1.00000	0	0.00000	0
407	Q	1.00000	0	0.00000	0
408	L	1.00000	0	0.00000	0
409	I	1.00000	0	0.00000	0
410	L	1.00000	0	0.00000	0
411	V	1.00000	0	0.00000	0
412	N	1.00000	0	0.00000	0
413	T	1.00000	0	0.00000	0
414	I	1.00000	0	0.00000	0
415	P	1.00000	0	0.00000	0
416	A	1.00000	0	0.00000	0
417	L	1.00000	0	0.00000	0
418	A	1.00000	0	0.00000	0
419	Y	1.00000	0	0.00000	0
420	K	1.00000	0	0.00000	0
421	S	1.00000	0	0.00000	0
422	S	1.00000	0	0.00000	0
423	Q	1.00000	0	0.00000	0
424	L	1.00000	0	0.00000	0
425	Q	1.00000	0	0.00000	0
426	M	1.00000	0	0.00000	0
427	G	1.00000	0	0.00000	0
428	Q	1.00000	0	0.00000	0
429	K	1.00000	0	0.00000	0
430	K	1.00000	0	0.00000	0
431	N	1.00000	0	0.00000	0
432	S	1.00000	0	0.00000	0
433	K	1.00000	0	0.00000	0
434	Q	1.00000	0	0.00000	0
435	D	1.00000	0	0.00000	0
436	A	1.00000	0	0.00000	0
437	K	1.00000	0	0.00000	0
438	T	1.00000	0	0.00000	0
439	T	1.00000	0	0.00000	0
440	D	1.00000	0	0.00000	0
441	N	1.00000	0	0.00000	0
442	D	1.00000	0	0.00000	0
443	C	1.00000	0	0.00000	0
444	S	1.00000	0	0.00000	0
445	M	1.00000	0	0.00000	0
446	V	1.00000	0	0.00000	0
447	A	1.00000	0	0.00000	0
448	L	1.00000	0	0.00000	0
449	G	1.00000	0	0.00000	0
450	K	1.00000	0	0.00000	0
451	Q	1.00000	0	0.00000	0
452	H	1.00000	0	0.00000	0
453	S	1.00000	0	0.00000	0
454	E	1.00000	0	0.00000	0
455	E	1.00000	0	0.00000	0
456	A	1.00000	0	0.00000	0
457	S	1.00000	0	0.00000	0
458	K	1.00000	0	0.00000	0
459	D	1.00000	0	0.00000	0
460	N	1.00000	0	0.00000	0
461	S	1.00000	0	0.00000	0
462	D	1.00000	0	0.00000	0
463	G	1.00000	0	0.00000	0
464	V	1.00000	0	0.00000	0
465	N	1.00000	0	0.00000	0
466	E	1.00000	0	0.00000	0
467	K	1.00000	0	0.00000	0
468	V	1.00000	0	0.00000	0
469	S	1.00000	0	0.00000	0
470	C	1.00000	0	0.00000	0
471	V	1.00000	0	0.00000	0
