# UNNAMED
#pos	aa	i	o	M	S
1	M	0.00000	0.95124	0.00000	0.04876
2	S	0.00000	0.95124	0.00000	0.04876
3	M	0.00000	0.95124	0.00000	0.04877
4	N	0.00000	0.95124	0.00000	0.04876
5	N	0.00000	0.95124	0.00000	0.04876
6	S	0.00000	0.95124	0.00000	0.04877
7	K	0.00000	0.95124	0.00000	0.04876
8	Q	0.00000	0.95124	0.00000	0.04877
9	L	0.00000	0.95124	0.00000	0.04876
10	V	0.00000	0.95124	0.00000	0.04876
11	S	0.00000	0.95124	0.00000	0.04877
12	P	0.00000	0.95124	0.00000	0.04876
13	A	0.00000	0.95124	0.00000	0.04876
14	A	0.00000	0.95124	0.00000	0.04876
15	A	0.00000	0.95124	0.00000	0.04876
16	L	0.00000	0.95126	0.00000	0.04874
17	L	0.00000	0.95128	0.00000	0.04872
18	S	0.00000	0.95139	0.00000	0.04861
19	N	0.00000	0.95145	0.00000	0.04855
20	T	0.00000	0.95145	0.00000	0.04855
21	T	0.00000	0.95145	0.00000	0.04855
22	C	0.00000	0.95157	0.00000	0.04843
23	Q	0.00000	0.99902	0.00000	0.00098
24	T	0.00000	0.99959	0.00000	0.00041
25	E	0.00000	1	0.00000	0
26	N	0.00000	0.99996	0.00004	0
27	R	0.00000	0.99724	0.00276	0
28	L	0.00000	0.75052	0.24948	0
29	S	0.00000	0.67152	0.32848	0
30	V	0.00000	0.33451	0.66549	0
31	F	0.00000	0.10613	0.89387	0
32	F	0.00000	0.02976	0.97024	0
33	S	0.00000	0.02315	0.97685	0
34	V	0.00000	0.00386	0.99614	0
35	I	0.00000	0.00011	0.99989	0
36	F	0.00000	1e-05	0.99999	0
37	M	0.00000	0	1.00000	0
38	T	0.00000	0	1.00000	0
39	V	0.00000	0	1.00000	0
40	G	0.00000	0	1.00000	0
41	I	0.00000	0	1.00000	0
42	L	0.00000	0	1.00000	0
43	S	0.00000	0	1.00000	0
44	N	0.00000	0	1.00000	0
45	S	0.00000	0	1.00000	0
46	L	0.00000	0	1.00000	0
47	A	0.00000	0	1.00000	0
48	I	0.00000	0	1.00000	0
49	A	0.00000	0	1.00000	0
50	I	0.00019	0	0.99981	0
51	L	0.02508	0	0.97492	0
52	M	0.28640	0	0.71360	0
53	K	0.87993	0	0.12007	0
54	A	0.89897	0	0.10103	0
55	Y	0.93881	0	0.06119	0
56	Q	0.99860	0	0.00140	0
57	R	0.99998	0	0.00002	0
58	F	1.00000	0	0.00000	0
59	R	1.00000	0	0.00000	0
60	Q	1.00000	0	0.00000	0
61	K	1.00000	0	0.00000	0
62	S	0.99993	0	0.00007	0
63	K	0.99892	0	0.00108	0
64	A	0.92709	0	0.07291	0
65	S	0.41735	0	0.58265	0
66	F	0.01226	0	0.98774	0
67	L	0.00070	0	0.99930	0
68	L	0.00011	0	0.99989	0
69	L	0.00002	0	0.99998	0
70	A	0.00002	0	0.99998	0
71	S	0.00000	0	1.00000	0
72	G	0.00000	0	1.00000	0
73	L	0.00000	0	1.00000	0
74	V	0.00000	0	1.00000	0
75	I	0.00000	0	1.00000	0
76	T	0.00000	0	1.00000	0
77	D	0.00000	0	1.00000	0
78	F	0.00000	0	1.00000	0
79	F	0.00000	0	1.00000	0
80	G	0.00000	0	1.00000	0
81	H	0.00000	0	1.00000	0
82	L	0.00000	0	1.00000	0
83	I	0.00000	0.00034	0.99966	0
84	N	0.00000	0.00575	0.99425	0
85	G	0.00000	0.00683	0.99317	0
86	A	0.00000	0.00762	0.99238	0
87	I	0.00000	0.01569	0.98431	0
88	A	0.00000	0.06301	0.93699	0
89	V	0.00000	0.09532	0.90468	0
90	F	0.00000	0.24645	0.75355	0
91	V	0.00000	0.40871	0.59129	0
92	Y	0.00000	0.88371	0.11629	0
93	A	0.00000	0.93751	0.06249	0
94	S	0.00000	0.99623	0.00377	0
95	D	0.00000	0.99993	0.00007	0
96	K	0.00000	1	0.00000	0
97	E	0.00000	1	0.00000	0
98	W	0.00000	1	0.00000	0
99	I	0.00000	1	0.00000	0
100	R	0.00000	1	0.00000	0
101	F	0.00000	1	0.00000	0
102	D	0.00000	1	0.00000	0
103	Q	0.00000	0.99999	0.00001	0
104	S	0.00000	0.99999	0.00001	0
105	N	0.00000	0.99997	0.00003	0
106	V	0.00000	0.98682	0.01318	0
107	L	0.00000	0.96679	0.03321	0
108	C	0.00000	0.95066	0.04934	0
109	S	0.00000	0.34843	0.65157	0
110	I	0.00000	0.12053	0.87947	0
111	F	0.00000	0.07354	0.92646	0
112	G	0.00000	0.05073	0.94927	0
113	I	0.00000	0.0059	0.99410	0
114	C	0.00000	0.00449	0.99551	0
115	M	0.00000	0.00022	0.99978	0
116	V	0.00000	0	1.00000	0
117	F	0.00000	0	1.00000	0
118	S	0.00000	0	1.00000	0
119	G	0.00000	0	1.00000	0
120	L	0.00000	0	1.00000	0
121	C	0.00000	0	1.00000	0
122	P	0.00000	0	1.00000	0
123	L	0.00000	0	1.00000	0
124	L	0.00000	0	1.00000	0
125	L	0.00000	0	1.00000	0
126	G	0.00000	0	1.00000	0
127	S	0.00000	0	1.00000	0
128	V	0.00000	0	1.00000	0
129	M	0.00001	0	0.99999	0
130	A	0.00011	0	0.99989	0
131	I	0.00081	0	0.99919	0
132	E	0.00381	0	0.99619	0
133	R	0.32281	0	0.67719	0
134	C	0.67283	0	0.32717	0
135	I	0.96885	0	0.03115	0
136	G	0.99128	0	0.00872	0
137	V	0.99990	0	0.00010	0
138	T	1.00000	0	0.00000	0
139	K	1.00000	0	0.00000	0
140	P	1.00000	0	0.00000	0
141	I	1.00000	0	0.00000	0
142	F	1.00000	0	0.00000	0
143	H	1.00000	0	0.00000	0
144	S	1.00000	0	0.00000	0
145	T	1.00000	0	0.00000	0
146	K	1.00000	0	0.00000	0
147	I	0.99998	0	0.00002	0
148	T	0.99995	0	0.00005	0
149	S	0.99782	0	0.00218	0
150	K	0.98414	0	0.01586	0
151	H	0.55753	0	0.44247	0
152	V	0.07951	0	0.92049	0
153	K	0.05527	0	0.94473	0
154	M	0.00800	0	0.99200	0
155	M	0.00023	0	0.99977	0
156	L	0.00000	0	1.00000	0
157	S	0.00000	0	1.00000	0
158	G	0.00000	0	1.00000	0
159	V	0.00000	0	1.00000	0
160	C	0.00000	0	1.00000	0
161	L	0.00000	0	1.00000	0
162	F	0.00000	0	1.00000	0
163	A	0.00000	0	1.00000	0
164	V	0.00000	0	1.00000	0
165	F	0.00000	0	1.00000	0
166	I	0.00000	0	1.00000	0
167	A	0.00000	0	1.00000	0
168	L	0.00000	0	1.00000	0
169	L	0.00000	9e-05	0.99991	0
170	P	0.00000	0.00477	0.99523	0
171	I	0.00000	0.01554	0.98446	0
172	L	0.00000	0.15389	0.84611	0
173	G	0.00000	0.78091	0.21909	0
174	H	0.00000	0.94965	0.05035	0
175	R	0.00000	0.99563	0.00437	0
176	D	0.00000	0.99999	0.00001	0
177	Y	0.00000	1	0.00000	0
178	K	0.00000	1	0.00000	0
179	I	0.00000	1	0.00000	0
180	Q	0.00000	1	0.00000	0
181	A	0.00000	1	0.00000	0
182	S	0.00000	1	0.00000	0
183	R	0.00000	1	0.00000	0
184	T	0.00000	1	0.00000	0
185	W	0.00000	1	0.00000	0
186	C	0.00000	1	0.00000	0
187	F	0.00000	1	0.00000	0
188	Y	0.00000	1	0.00000	0
189	N	0.00000	1	0.00000	0
190	T	0.00000	1	0.00000	0
191	E	0.00000	1	0.00000	0
192	D	0.00000	1	0.00000	0
193	I	0.00000	1	0.00000	0
194	K	0.00000	1	0.00000	0
195	D	0.00000	1	0.00000	0
196	W	0.00000	1	0.00000	0
197	E	0.00000	1	0.00000	0
198	D	0.00000	1	0.00000	0
199	R	0.00000	0.99764	0.00236	0
200	F	0.00000	0.86925	0.13075	0
201	Y	0.00000	0.17177	0.82823	0
202	L	0.00000	0.12712	0.87288	0
203	L	0.00000	0.11902	0.88098	0
204	L	0.00000	0.00077	0.99923	0
205	F	0.00000	0.0005	0.99950	0
206	S	0.00000	0.00045	0.99955	0
207	F	0.00000	9e-05	0.99991	0
208	L	0.00000	8e-05	0.99992	0
209	G	0.00000	1e-05	0.99999	0
210	L	0.00000	0	1.00000	0
211	L	0.00000	0	1.00000	0
212	A	0.00000	0	1.00000	0
213	L	0.00000	0	1.00000	0
214	G	0.00000	0	1.00000	0
215	V	0.00000	0	1.00000	0
216	S	0.00000	0	1.00000	0
217	L	0.00000	0	1.00000	0
218	L	0.00000	0	1.00000	0
219	C	0.00000	0	1.00000	0
220	N	0.00004	0	0.99996	0
221	A	0.00013	0	0.99987	0
222	I	0.00243	0	0.99757	0
223	T	0.05754	0	0.94246	0
224	G	0.10248	0	0.89752	0
225	I	0.14637	0	0.85363	0
226	T	0.44826	0	0.55174	0
227	L	0.51074	0	0.48926	0
228	L	0.61829	0	0.38171	0
229	R	0.96351	0	0.03649	0
230	V	0.97984	0	0.02016	0
231	K	0.99860	0	0.00140	0
232	F	0.99904	0	0.00096	0
233	K	0.99999	0	0.00001	0
234	S	1.00000	0	0.00000	0
235	Q	1.00000	0	0.00000	0
236	Q	1.00000	0	0.00000	0
237	H	1.00000	0	0.00000	0
238	R	1.00000	0	0.00000	0
239	Q	1.00000	0	0.00000	0
240	G	1.00000	0	0.00000	0
241	R	1.00000	0	0.00000	0
242	S	1.00000	0	0.00000	0
243	H	1.00000	0	0.00000	0
244	H	1.00000	0	0.00000	0
245	L	0.99998	0	0.00002	0
246	E	0.99998	0	0.00002	0
247	M	0.99108	0	0.00892	0
248	V	0.83317	0	0.16683	0
249	I	0.82651	0	0.17349	0
250	Q	0.78711	0	0.21289	0
251	L	0.03526	0	0.96474	0
252	L	0.00819	0	0.99181	0
253	A	0.00049	0	0.99951	0
254	I	0.00000	0	1.00000	0
255	M	0.00000	0	1.00000	0
256	C	0.00000	0	1.00000	0
257	V	0.00000	0	1.00000	0
258	S	0.00000	0	1.00000	0
259	C	0.00000	0	1.00000	0
260	I	0.00000	0	1.00000	0
261	C	0.00000	0	1.00000	0
262	W	0.00000	0	1.00000	0
263	S	0.00000	0	1.00000	0
264	P	0.00000	0	1.00000	0
265	F	0.00000	0	1.00000	0
266	L	0.00000	0	1.00000	0
267	V	0.00000	1e-05	0.99999	0
268	T	0.00000	0.00022	0.99978	0
269	M	0.00000	0.00093	0.99907	0
270	A	0.00000	0.02438	0.97562	0
271	N	0.00000	0.14884	0.85116	0
272	I	0.00000	0.1854	0.81460	0
273	G	0.00000	0.48474	0.51526	0
274	I	0.00000	0.62741	0.37259	0
275	N	0.00000	0.96846	0.03154	0
276	G	0.00000	0.9941	0.00590	0
277	N	0.00000	0.99922	0.00078	0
278	H	0.00000	0.99968	0.00032	0
279	S	0.00000	0.99986	0.00014	0
280	L	0.00000	0.99985	0.00015	0
281	E	0.00000	0.9999	0.00010	0
282	T	0.00000	0.99963	0.00037	0
283	C	0.00000	0.99845	0.00155	0
284	E	0.00000	0.9931	0.00690	0
285	T	0.00000	0.98007	0.01993	0
286	T	0.00000	0.95896	0.04104	0
287	L	0.00000	0.10169	0.89831	0
288	F	0.00000	0.00341	0.99659	0
289	A	0.00000	0.00204	0.99796	0
290	L	0.00000	0.00203	0.99797	0
291	R	0.00000	0.00203	0.99797	0
292	M	0.00000	0.00203	0.99797	0
293	A	0.00000	0.00203	0.99797	0
294	T	0.00000	0.00203	0.99797	0
295	W	0.00000	0.00203	0.99797	0
296	N	0.00000	0.00203	0.99797	0
297	Q	0.00000	0.00203	0.99797	0
298	I	0.00000	0.00203	0.99797	0
299	L	0.00000	0.00203	0.99797	0
300	D	0.00002	0.00203	0.99795	0
301	P	0.00002	0.00203	0.99795	0
302	W	0.00002	0.00203	0.99795	0
303	V	0.00004	0.00203	0.99793	0
304	Y	0.00018	0.00203	0.99779	0
305	I	0.00069	0.00202	0.99729	0
306	L	0.02553	0.00201	0.97246	0
307	L	0.75503	0.00201	0.24296	0
308	R	0.99797	0.00201	0.00002	0
309	K	0.99797	0.00191	0.00012	0
310	A	0.99797	0.00148	0.00055	0
311	V	0.99797	0.00112	0.00091	0
312	L	0.99797	0.00103	0.00100	0
313	K	0.99797	0.00073	0.00130	0
314	N	0.99797	9e-05	0.00194	0
315	L	0.99797	0	0.00203	0
316	Y	0.99797	0	0.00203	0
317	K	0.99797	0	0.00203	0
318	L	0.99797	0	0.00203	0
319	A	0.99797	0	0.00203	0
320	S	0.99797	0	0.00203	0
321	Q	0.99797	0	0.00203	0
322	C	0.99797	0	0.00203	0
323	C	0.99797	0	0.00203	0
324	G	0.99797	0	0.00203	0
325	V	0.99797	0	0.00203	0
326	H	0.99797	0	0.00203	0
327	V	0.99797	0	0.00203	0
328	I	0.99797	0	0.00203	0
329	S	0.99800	0	0.00200	0
330	L	0.99807	0	0.00193	0
331	H	0.99820	0	0.00180	0
332	I	0.99836	0	0.00164	0
333	W	0.99919	0	0.00081	0
334	E	1.00000	0	0.00000	0
335	L	1.00000	0	0.00000	0
336	S	1.00000	0	0.00000	0
337	S	1.00000	0	0.00000	0
338	I	1.00000	0	0.00000	0
339	K	1.00000	0	0.00000	0
340	N	1.00000	0	0.00000	0
341	S	1.00000	0	0.00000	0
342	L	1.00000	0	0.00000	0
343	K	1.00000	0	0.00000	0
344	V	1.00000	0	0.00000	0
345	A	1.00000	0	0.00000	0
346	A	1.00000	0	0.00000	0
347	I	1.00000	0	0.00000	0
348	S	1.00000	0	0.00000	0
349	E	1.00000	0	0.00000	0
350	S	1.00000	0	0.00000	0
351	P	1.00000	0	0.00000	0
352	V	1.00000	0	0.00000	0
353	A	1.00000	0	0.00000	0
354	E	1.00000	0	0.00000	0
355	K	1.00000	0	0.00000	0
356	S	1.00000	0	0.00000	0
357	A	1.00000	0	0.00000	0
358	S	1.00000	0	0.00000	0
359	T	1.00000	0	0.00000	0
