# UNNAMED
#pos	aa	i	o	M	S
1	M	0.00000	1e-05	0.00000	0.99999
2	R	0.00000	1e-05	0.00000	0.99999
3	P	0.00000	1e-05	0.00000	1
4	P	0.00000	1e-05	0.00000	0.99999
5	S	0.00000	1e-05	0.00000	1
6	P	0.00000	1e-05	0.00000	0.99999
7	L	0.00000	1e-05	0.00000	0.99999
8	P	0.00000	1e-05	0.00000	0.99999
9	A	0.00000	1e-05	0.00000	1
10	R	0.00000	1e-05	0.00000	0.99999
11	W	0.00000	1e-05	0.00000	0.99999
12	L	0.00000	1e-05	0.00000	1
13	C	0.00000	1e-05	0.00000	0.99999
14	V	0.00000	1e-05	0.00000	0.99999
15	L	0.00000	1e-05	0.00000	0.99999
16	A	0.00000	1e-05	0.00000	0.99999
17	G	0.00000	1e-05	0.00000	1
18	A	0.00000	1e-05	0.00000	0.99999
19	L	0.00000	1e-05	0.00000	0.99999
20	A	0.00000	1e-05	0.00000	0.99999
21	W	0.00000	0.00193	0.00000	0.99808
22	A	0.00000	0.00193	0.00000	0.99808
23	L	0.00000	0.00598	0.00000	0.99403
24	G	0.00000	0.00597	0.00000	0.99403
25	P	0.00000	0.00597	0.00000	0.99402
26	A	0.00000	0.00597	0.00000	0.99403
27	G	0.00000	0.00836	0.00000	0.99163
28	G	0.00000	0.00836	0.00000	0.99164
29	Q	0.00000	0.9635	0.00000	0.0365
30	A	0.00000	0.97543	0.00000	0.02456
31	A	0.00000	0.993	0.00000	0.007
32	R	0.00000	0.99302	0.00000	0.00698
33	L	0.00000	0.99302	0.00000	0.00698
34	Q	0.00000	1	0.00000	0
35	E	0.00000	1	0.00000	0
36	E	0.00000	1	0.00000	0
37	C	0.00000	1	0.00000	0
38	D	0.00000	1	0.00000	0
39	Y	0.00000	1	0.00000	0
40	V	0.00000	1	0.00000	0
41	Q	0.00000	1	0.00000	0
42	M	0.00000	1	0.00000	0
43	I	0.00000	1	0.00000	0
44	E	0.00000	1	0.00000	0
45	V	0.00000	1	0.00000	0
46	Q	0.00000	1	0.00000	0
47	H	0.00000	1	0.00000	0
48	K	0.00000	1	0.00000	0
49	Q	0.00000	1	0.00000	0
50	C	0.00000	1	0.00000	0
51	L	0.00000	1	0.00000	0
52	E	0.00000	1	0.00000	0
53	E	0.00000	1	0.00000	0
54	A	0.00000	1	0.00000	0
55	Q	0.00000	1	0.00000	0
56	L	0.00000	1	0.00000	0
57	E	0.00000	1	0.00000	0
58	N	0.00000	1	0.00000	0
59	E	0.00000	1	0.00000	0
60	T	0.00000	1	0.00000	0
61	I	0.00000	1	0.00000	0
62	G	0.00000	1	0.00000	0
63	C	0.00000	1	0.00000	0
64	S	0.00000	1	0.00000	0
65	K	0.00000	1	0.00000	0
66	M	0.00000	1	0.00000	0
67	W	0.00000	1	0.00000	0
68	D	0.00000	1	0.00000	0
69	N	0.00000	1	0.00000	0
70	L	0.00000	1	0.00000	0
71	T	0.00000	1	0.00000	0
72	C	0.00000	1	0.00000	0
73	W	0.00000	1	0.00000	0
74	P	0.00000	1	0.00000	0
75	A	0.00000	1	0.00000	0
76	T	0.00000	1	0.00000	0
77	P	0.00000	1	0.00000	0
78	R	0.00000	1	0.00000	0
79	G	0.00000	1	0.00000	0
80	Q	0.00000	1	0.00000	0
81	V	0.00000	1	0.00000	0
82	V	0.00000	1	0.00000	0
83	V	0.00000	1	0.00000	0
84	L	0.00000	1	0.00000	0
85	A	0.00000	1	0.00000	0
86	C	0.00000	1	0.00000	0
87	P	0.00000	1	0.00000	0
88	L	0.00000	1	0.00000	0
89	I	0.00000	1	0.00000	0
90	F	0.00000	1	0.00000	0
91	K	0.00000	1	0.00000	0
92	L	0.00000	1	0.00000	0
93	F	0.00000	1	0.00000	0
94	S	0.00000	1	0.00000	0
95	S	0.00000	1	0.00000	0
96	I	0.00000	1	0.00000	0
97	Q	0.00000	1	0.00000	0
98	G	0.00000	1	0.00000	0
99	R	0.00000	1	0.00000	0
100	N	0.00000	1	0.00000	0
101	V	0.00000	1	0.00000	0
102	S	0.00000	1	0.00000	0
103	R	0.00000	1	0.00000	0
104	S	0.00000	1	0.00000	0
105	C	0.00000	1	0.00000	0
106	T	0.00000	1	0.00000	0
107	D	0.00000	1	0.00000	0
108	E	0.00000	1	0.00000	0
109	G	0.00000	1	0.00000	0
110	W	0.00000	1	0.00000	0
111	T	0.00000	1	0.00000	0
112	H	0.00000	1	0.00000	0
113	L	0.00000	1	0.00000	0
114	E	0.00000	1	0.00000	0
115	P	0.00000	1	0.00000	0
116	G	0.00000	1	0.00000	0
117	P	0.00000	1	0.00000	0
118	Y	0.00000	1	0.00000	0
119	P	0.00000	1	0.00000	0
120	I	0.00000	1	0.00000	0
121	A	0.00000	1	0.00000	0
122	C	0.00000	1	0.00000	0
123	G	0.00000	1	0.00000	0
124	L	0.00000	1	0.00000	0
125	D	0.00000	1	0.00000	0
126	D	0.00000	1	0.00000	0
127	K	0.00000	1	0.00000	0
128	A	0.00000	1	0.00000	0
129	A	0.00000	1	0.00000	0
130	S	0.00000	1	0.00000	0
131	L	0.00000	1	0.00000	0
132	D	0.00000	1	0.00000	0
133	E	0.00000	1	0.00000	0
134	Q	0.00000	1	0.00000	0
135	Q	0.00000	1	0.00000	0
136	T	0.00000	1	0.00000	0
137	M	0.00000	1	0.00000	0
138	F	0.00000	1	0.00000	0
139	Y	0.00000	1	0.00000	0
140	G	0.00000	1	0.00000	0
141	S	0.00000	1	0.00000	0
142	V	0.00000	0.99964	0.00036	0
143	K	0.00000	0.99936	0.00064	0
144	T	0.00000	0.96805	0.03195	0
145	G	0.00000	0.95675	0.04325	0
146	Y	0.00000	0.08522	0.91478	0
147	T	0.00000	0.01674	0.98326	0
148	I	0.00000	0.00025	0.99975	0
149	G	0.00000	3e-05	0.99997	0
150	Y	0.00000	0	1.00000	0
151	G	0.00000	0	1.00000	0
152	L	0.00000	0	1.00000	0
153	S	0.00000	0	1.00000	0
154	L	0.00000	0	1.00000	0
155	A	0.00000	0	1.00000	0
156	T	0.00000	0	1.00000	0
157	L	0.00000	0	1.00000	0
158	L	0.00000	0	1.00000	0
159	V	0.00000	0	1.00000	0
160	A	0.00000	0	1.00000	0
161	T	0.00000	0	1.00000	0
162	A	0.00000	0	1.00000	0
163	I	0.00000	0	1.00000	0
164	L	0.00026	0	0.99974	0
165	S	0.00671	0	0.99329	0
166	L	0.01337	0	0.98663	0
167	F	0.10449	0	0.89551	0
168	R	0.98172	0	0.01828	0
169	K	0.99881	0	0.00119	0
170	L	0.99906	0	0.00094	0
171	H	0.99986	0	0.00014	0
172	C	0.99998	0	0.00002	0
173	T	1.00000	0	0.00000	0
174	R	0.99997	0	0.00003	0
175	N	0.98097	0	0.01903	0
176	Y	0.47963	0	0.52037	0
177	I	0.08370	0	0.91630	0
178	H	0.03562	0	0.96438	0
179	M	0.00181	0	0.99819	0
180	H	0.00025	0	0.99975	0
181	L	0.00002	0	0.99998	0
182	F	0.00000	0	1.00000	0
183	I	0.00000	0	1.00000	0
184	S	0.00000	0	1.00000	0
185	F	0.00000	0	1.00000	0
186	I	0.00000	0	1.00000	0
187	L	0.00000	0	1.00000	0
188	R	0.00000	0	1.00000	0
189	A	0.00000	0	1.00000	0
190	A	0.00000	0	1.00000	0
191	A	0.00000	0	1.00000	0
192	V	0.00000	0	1.00000	0
193	F	0.00000	1e-05	0.99999	0
194	I	0.00000	0.00094	0.99906	0
195	K	0.00000	0.07348	0.92652	0
196	D	0.00000	0.24412	0.75588	0
197	L	0.00000	0.29079	0.70921	0
198	A	0.00000	0.45346	0.54654	0
199	L	0.00000	0.62919	0.37081	0
200	F	0.00000	0.93943	0.06057	0
201	D	0.00000	0.98419	0.01581	0
202	S	0.00000	0.99598	0.00402	0
203	G	0.00000	0.99813	0.00187	0
204	E	0.00000	0.9999	0.00010	0
205	S	0.00000	0.99999	0.00001	0
206	D	0.00000	1	0.00000	0
207	Q	0.00000	1	0.00000	0
208	C	0.00000	1	0.00000	0
209	S	0.00000	1	0.00000	0
210	E	0.00000	1	0.00000	0
211	G	0.00000	1	0.00000	0
212	S	0.00000	0.99999	0.00001	0
213	V	0.00000	0.99995	0.00005	0
214	G	0.00000	0.99994	0.00006	0
215	C	0.00000	0.99992	0.00008	0
216	K	0.00000	0.99933	0.00067	0
217	A	0.00000	0.92938	0.07062	0
218	A	0.00000	0.82705	0.17295	0
219	M	0.00000	0.3572	0.64280	0
220	V	0.00000	0.00423	0.99577	0
221	F	0.00000	0.00075	0.99925	0
222	F	0.00000	3e-05	0.99997	0
223	Q	0.00000	1e-05	0.99999	0
224	Y	0.00000	0	1.00000	0
225	C	0.00000	0	1.00000	0
226	V	0.00000	0	1.00000	0
227	M	0.00000	0	1.00000	0
228	A	0.00000	0	1.00000	0
229	N	0.00000	0	1.00000	0
230	F	0.00000	0	1.00000	0
231	F	0.00000	0	1.00000	0
232	W	0.00000	0	1.00000	0
233	L	0.00000	0	1.00000	0
234	L	0.00000	0	1.00000	0
235	V	0.00000	0	1.00000	0
236	E	0.00001	0	0.99999	0
237	G	0.00078	0	0.99922	0
238	L	0.00522	0	0.99478	0
239	Y	0.03247	0	0.96753	0
240	L	0.16529	0	0.83471	0
241	Y	0.59540	0	0.40460	0
242	T	0.75539	0	0.24461	0
243	L	0.96299	0	0.03701	0
244	L	0.99947	0	0.00053	0
245	A	0.99998	0	0.00002	0
246	V	1.00000	0	0.00000	0
247	S	1.00000	0	0.00000	0
248	F	1.00000	0	0.00000	0
249	F	1.00000	0	0.00000	0
250	S	1.00000	0	0.00000	0
251	E	1.00000	0	0.00000	0
252	R	1.00000	0	0.00000	0
253	K	0.99996	0	0.00004	0
254	Y	0.91798	0	0.08202	0
255	F	0.50557	0	0.49443	0
256	W	0.35975	0	0.64025	0
257	G	0.04366	0	0.95634	0
258	Y	0.00622	0	0.99378	0
259	I	0.00014	0	0.99986	0
260	L	0.00002	0	0.99998	0
261	I	0.00000	0	1.00000	0
262	G	0.00000	0	1.00000	0
263	W	0.00000	0	1.00000	0
264	G	0.00000	0	1.00000	0
265	V	0.00000	0	1.00000	0
266	P	0.00000	0	1.00000	0
267	S	0.00000	0	1.00000	0
268	T	0.00000	0	1.00000	0
269	F	0.00000	0	1.00000	0
270	T	0.00000	0	1.00000	0
271	M	0.00000	0	1.00000	0
272	V	0.00000	0	1.00000	0
273	W	0.00000	0.00104	0.99896	0
274	T	0.00000	0.0183	0.98170	0
275	I	0.00000	0.05732	0.94268	0
276	A	0.00000	0.33039	0.66961	0
277	R	0.00000	0.87646	0.12354	0
278	I	0.00000	0.91193	0.08807	0
279	H	0.00000	0.98613	0.01387	0
280	F	0.00000	0.9942	0.00580	0
281	E	0.00000	1	0.00000	0
282	D	0.00000	1	0.00000	0
283	Y	0.00000	1	0.00000	0
284	G	0.00000	1	0.00000	0
285	C	0.00000	1	0.00000	0
286	W	0.00000	1	0.00000	0
287	D	0.00000	1	0.00000	0
288	T	0.00000	1	0.00000	0
289	I	0.00000	1	0.00000	0
290	N	0.00000	0.99999	0.00001	0
291	S	0.00000	0.99995	0.00005	0
292	S	0.00000	0.99973	0.00027	0
293	L	0.00000	0.03543	0.96457	0
294	W	0.00000	0.02257	0.97743	0
295	W	0.00000	0.00608	0.99392	0
296	I	0.00000	0.00588	0.99412	0
297	I	0.00000	0.00584	0.99416	0
298	K	0.00000	0.0058	0.99420	0
299	G	0.00000	0.0001	0.99990	0
300	P	0.00000	1e-05	0.99999	0
301	I	0.00000	0	1.00000	0
302	L	0.00000	0	1.00000	0
303	T	0.00000	0	1.00000	0
304	S	0.00000	0	1.00000	0
305	I	0.00000	0	1.00000	0
306	L	0.00000	0	1.00000	0
307	V	0.00000	0	1.00000	0
308	N	0.00000	0	1.00000	0
309	F	0.00000	0	1.00000	0
310	I	0.00000	0	1.00000	0
311	L	0.00000	0	1.00000	0
312	F	0.00000	0	1.00000	0
313	I	0.00000	0	1.00000	0
314	C	0.00013	0	0.99987	0
315	I	0.00443	0	0.99557	0
316	I	0.06247	0	0.93753	0
317	R	0.54007	0	0.45993	0
318	I	0.56872	0	0.43128	0
319	L	0.64628	0	0.35372	0
320	L	0.81018	0	0.18982	0
321	Q	0.99890	0	0.00110	0
322	K	1.00000	0	0.00000	0
323	L	1.00000	0	0.00000	0
324	R	1.00000	0	0.00000	0
325	P	1.00000	0	0.00000	0
326	P	1.00000	0	0.00000	0
327	D	1.00000	0	0.00000	0
328	I	1.00000	0	0.00000	0
329	R	1.00000	0	0.00000	0
330	K	1.00000	0	0.00000	0
331	S	1.00000	0	0.00000	0
332	D	1.00000	0	0.00000	0
333	S	1.00000	0	0.00000	0
334	S	1.00000	0	0.00000	0
335	P	1.00000	0	0.00000	0
336	Y	0.98718	0	0.01282	0
337	S	0.45145	0	0.54855	0
338	R	0.03021	0	0.96979	0
339	L	0.00858	0	0.99142	0
340	A	0.00583	0	0.99417	0
341	R	0.00513	0	0.99487	0
342	S	0.00340	0	0.99660	0
343	T	0.00000	0	1.00000	0
344	L	0.00000	0	1.00000	0
345	L	0.00000	0	1.00000	0
346	L	0.00000	0	1.00000	0
347	I	0.00000	0	1.00000	0
348	P	0.00000	0	1.00000	0
349	L	0.00000	0	1.00000	0
350	F	0.00000	0	1.00000	0
351	G	0.00000	0	1.00000	0
352	V	0.00000	0	1.00000	0
353	H	0.00000	0	1.00000	0
354	Y	0.00000	0	1.00000	0
355	I	0.00000	0	1.00000	0
356	M	0.00000	2e-05	0.99998	0
357	F	0.00000	0.00259	0.99741	0
358	A	0.00000	0.07492	0.92508	0
359	F	0.00000	0.11393	0.88607	0
360	F	0.00000	0.21025	0.78975	0
361	P	0.00000	0.87137	0.12863	0
362	D	0.00000	0.99937	0.00063	0
363	N	0.00000	0.99967	0.00033	0
364	F	0.00000	0.99971	0.00029	0
365	K	0.00000	0.99999	0.00001	0
366	P	0.00000	0.99995	0.00005	0
367	E	0.00000	0.99777	0.00223	0
368	V	0.00000	0.98123	0.01877	0
369	K	0.00000	0.9227	0.07730	0
370	M	0.00000	0.20198	0.79802	0
371	V	0.00000	0.04488	0.95512	0
372	F	0.00000	0.00047	0.99953	0
373	E	0.00000	4e-05	0.99996	0
374	L	0.00000	0	1.00000	0
375	V	0.00000	0	1.00000	0
376	V	0.00000	0	1.00000	0
377	G	0.00000	0	1.00000	0
378	S	0.00000	0	1.00000	0
379	F	0.00000	0	1.00000	0
380	Q	0.00000	0	1.00000	0
381	G	0.00000	0	1.00000	0
382	F	0.00000	0	1.00000	0
383	V	0.00000	0	1.00000	0
384	V	0.00000	0	1.00000	0
385	A	0.00000	0	1.00000	0
386	I	0.00000	0	1.00000	0
387	L	0.00000	0	1.00000	0
388	Y	0.00001	0	0.99999	0
389	C	0.00035	0	0.99965	0
390	F	0.00204	0	0.99796	0
391	L	0.07667	0	0.92333	0
392	N	0.85630	0	0.14370	0
393	G	0.95693	0	0.04307	0
394	E	1.00000	0	0.00000	0
395	V	1.00000	0	0.00000	0
396	Q	1.00000	0	0.00000	0
397	A	1.00000	0	0.00000	0
398	E	1.00000	0	0.00000	0
399	L	1.00000	0	0.00000	0
400	R	1.00000	0	0.00000	0
401	R	1.00000	0	0.00000	0
402	K	1.00000	0	0.00000	0
403	W	1.00000	0	0.00000	0
404	R	1.00000	0	0.00000	0
405	R	1.00000	0	0.00000	0
406	W	1.00000	0	0.00000	0
407	H	1.00000	0	0.00000	0
408	L	1.00000	0	0.00000	0
409	Q	1.00000	0	0.00000	0
410	G	1.00000	0	0.00000	0
411	V	1.00000	0	0.00000	0
412	L	1.00000	0	0.00000	0
413	G	1.00000	0	0.00000	0
414	W	1.00000	0	0.00000	0
415	N	1.00000	0	0.00000	0
416	P	1.00000	0	0.00000	0
417	K	1.00000	0	0.00000	0
418	Y	1.00000	0	0.00000	0
419	R	1.00000	0	0.00000	0
420	H	1.00000	0	0.00000	0
421	P	1.00000	0	0.00000	0
422	S	1.00000	0	0.00000	0
423	G	1.00000	0	0.00000	0
424	G	1.00000	0	0.00000	0
425	S	1.00000	0	0.00000	0
426	N	1.00000	0	0.00000	0
427	G	1.00000	0	0.00000	0
428	A	1.00000	0	0.00000	0
429	T	1.00000	0	0.00000	0
430	C	1.00000	0	0.00000	0
431	S	1.00000	0	0.00000	0
432	T	1.00000	0	0.00000	0
433	Q	1.00000	0	0.00000	0
434	V	1.00000	0	0.00000	0
435	S	1.00000	0	0.00000	0
436	M	1.00000	0	0.00000	0
437	L	1.00000	0	0.00000	0
438	T	1.00000	0	0.00000	0
439	R	1.00000	0	0.00000	0
440	V	1.00000	0	0.00000	0
441	S	1.00000	0	0.00000	0
442	P	1.00000	0	0.00000	0
443	G	1.00000	0	0.00000	0
444	A	1.00000	0	0.00000	0
445	R	1.00000	0	0.00000	0
446	R	1.00000	0	0.00000	0
447	S	1.00000	0	0.00000	0
448	S	1.00000	0	0.00000	0
449	S	1.00000	0	0.00000	0
450	F	1.00000	0	0.00000	0
451	Q	1.00000	0	0.00000	0
452	A	1.00000	0	0.00000	0
453	E	1.00000	0	0.00000	0
454	V	1.00000	0	0.00000	0
455	S	1.00000	0	0.00000	0
456	L	1.00000	0	0.00000	0
457	V	1.00000	0	0.00000	0
