# UNNAMED
#pos	aa	i	o	M	S
1	M	0.00000	0.12025	0.00000	0.87975
2	A	0.00000	0.13237	0.00000	0.86763
3	R	0.00000	0.08474	0.00000	0.91526
4	G	0.00000	0.09981	0.00000	0.9002
5	S	0.00000	0.16262	0.00000	0.83738
6	L	0.00000	0.06842	0.00000	0.93158
7	R	0.00000	0.23746	0.00000	0.76255
8	R	0.00000	0.22068	0.00000	0.77933
9	L	0.00000	0.32979	0.00001	0.6702
10	L	0.00000	0.14035	0.00001	0.85964
11	R	0.00000	0.4918	0.00000	0.5082
12	L	0.00000	0.25862	0.00002	0.74136
13	L	0.00000	0.06902	0.00001	0.93096
14	V	0.00000	0.02936	0.00002	0.97062
15	L	0.00000	0.00612	0.00001	0.99387
16	G	0.00000	0.01454	0.00001	0.98545
17	L	0.00000	0.00351	0.00001	0.99648
18	W	0.00000	0.00147	0.00000	0.99853
19	L	0.00000	0.00034	0.00000	0.99966
20	A	0.00000	0.00112	0.00000	0.99887
21	L	0.00000	0.00035	0.00000	0.99966
22	L	0.00000	9e-05	0.00000	0.99991
23	R	0.00000	0.00018	0.00000	0.99982
24	S	0.00000	0.00012	0.00000	0.99987
25	V	0.00000	0.00872	0.00000	0.99129
26	A	0.00000	0.00771	0.00000	0.99229
27	G	0.00000	0.00236	0.00000	0.99763
28	E	0.00000	0.99269	0.00000	0.00731
29	Q	0.00000	0.99877	0.00000	0.00123
30	A	0.00000	0.99642	0.00000	0.00358
31	P	0.00000	0.9992	0.00000	0.0008
32	G	0.00000	0.99718	0.00000	0.00282
33	T	0.00000	0.99995	0.00000	5e-05
34	A	0.00000	0.99981	0.00001	0.00018
35	P	0.00000	0.99999	0.00001	0
36	C	0.00000	1	0.00000	0
37	S	0.00000	0.99999	0.00001	0
38	R	0.00000	1	0.00000	0
39	G	0.00000	0.99998	0.00002	0
40	S	0.00000	0.99998	0.00002	0
41	S	0.00000	0.99998	0.00002	0
42	W	0.00000	0.99963	0.00037	0
43	S	0.00000	0.99987	0.00013	0
44	A	0.00000	0.99976	0.00024	0
45	D	0.00000	1	0.00000	0
46	L	0.00000	0.99983	0.00017	0
47	D	0.00000	1	0.00000	0
48	K	0.00000	1	0.00000	0
49	C	0.00000	0.99998	0.00002	0
50	M	0.00000	0.99995	0.00005	0
51	D	0.00000	1	0.00000	0
52	C	0.00000	0.99998	0.00002	0
53	A	0.00000	0.99973	0.00027	0
54	S	0.00000	0.99986	0.00014	0
55	C	0.00000	0.99995	0.00005	0
56	R	0.00000	0.99999	0.00001	0
57	A	0.00000	0.99967	0.00033	0
58	R	0.00000	0.99998	0.00002	0
59	P	0.00000	0.9999	0.00010	0
60	H	0.00000	0.9997	0.00030	0
61	S	0.00000	0.99982	0.00018	0
62	D	0.00000	1	0.00000	0
63	F	0.00000	0.99854	0.00146	0
64	C	0.00000	0.99977	0.00023	0
65	L	0.00000	0.99894	0.00106	0
66	G	0.00000	0.99923	0.00077	0
67	C	0.00000	0.99985	0.00015	0
68	A	0.00000	0.99923	0.00077	0
69	A	0.00000	0.99849	0.00151	0
70	A	0.00000	0.99756	0.00244	0
71	P	0.00000	0.99914	0.00086	0
72	P	0.00000	0.99957	0.00043	0
73	A	0.00000	0.99876	0.00124	0
74	P	0.00000	0.99948	0.00052	0
75	F	0.00000	0.9957	0.00430	0
76	R	0.00000	0.99987	0.00013	0
77	L	0.00000	0.99866	0.00134	0
78	L	0.00000	0.99664	0.00336	0
79	W	0.00000	0.98198	0.01802	0
80	P	0.00000	0.99444	0.00556	0
81	I	0.00000	0.95956	0.04044	0
82	L	0.00000	0.9186	0.08140	0
83	G	0.00000	0.90737	0.09263	0
84	G	0.00000	0.88067	0.11933	0
85	A	0.00000	0.8186	0.18140	0
86	L	0.00000	0.6202	0.37980	0
87	S	0.00000	0.66915	0.33085	0
88	L	0.00000	0.42215	0.57785	0
89	T	0.00000	0.48483	0.51517	0
90	F	0.00000	0.27504	0.72496	0
91	V	0.00000	0.11857	0.88143	0
92	L	0.00000	0.04675	0.95325	0
93	G	0.00001	0.03939	0.96060	0
94	L	0.00001	0.01495	0.98504	0
95	L	0.00014	0.0057	0.99416	0
96	S	0.00690	0.01221	0.98089	0
97	G	0.00942	0.01542	0.97516	0
98	F	0.00211	0.00528	0.99257	0
99	L	0.01004	0.00214	0.98756	0
100	V	0.01609	0.00075	0.98303	0
101	W	0.04040	0.00022	0.95925	0
102	R	0.80743	0.00035	0.18239	0
103	R	0.93734	0.00014	0.00471	0
104	C	0.79525	0.00026	0.00494	0
105	R	0.45873	6e-05	0.00005	0
106	R	0.43096	2e-05	0.00000	0
107	R	0.43097	1e-05	0.00002	0
108	E	0.43120	2e-05	0.00076	0
109	K	0.43418	1e-05	0.00065	0
110	F	0.33489	1e-05	0.23703	0
111	T	0.41760	1e-05	0.06075	0
112	T	0.43650	1e-05	0.03211	0
113	P	0.45752	2e-05	0.00000	0
114	I	0.08424	2e-05	0.81837	0
115	E	0.21113	0.00017	0.55038	0
116	E	0.32254	0.00139	0.31971	0
117	T	0.35201	0.00353	0.26274	0
118	G	0.27978	0.01805	0.40346	0
119	G	0.16347	0.08465	0.57940	0
120	E	0.08012	0.51356	0.32250	0
121	G	0.01077	0.8095	0.16854	0
122	C	0.00055	0.77957	0.21932	0
123	P	0.00005	0.99884	0.00106	0
124	A	0.00000	0.9963	0.00369	0
125	V	0.00000	0.9854	0.01460	0
126	A	0.00000	0.9799	0.02010	0
127	L	0.00000	0.9616	0.03840	0
128	I	0.00000	0.80793	0.19207	0
129	Q	0.00000	0	0.00000	0
