# UNNAMED
#pos	aa	i	o	M	S
1	M	0.00000	0.9641	0.00000	0.0359
2	A	0.00000	0.9641	0.00000	0.0359
3	E	0.00000	0.9641	0.00000	0.0359
4	V	0.00000	0.9641	0.00000	0.03591
5	N	0.00000	0.9641	0.00000	0.0359
6	I	0.00000	0.9641	0.00000	0.0359
7	I	0.00000	0.9641	0.00000	0.0359
8	Y	0.00000	0.9641	0.00000	0.0359
9	V	0.00000	0.9641	0.00000	0.03591
10	T	0.00000	0.9641	0.00000	0.0359
11	V	0.00000	0.9641	0.00000	0.03591
12	F	0.00000	0.9641	0.00000	0.03591
13	I	0.00000	0.9641	0.00000	0.0359
14	L	0.00000	0.9641	0.00000	0.0359
15	K	0.00000	0.9641	0.00000	0.0359
16	G	0.00000	0.9641	0.00000	0.0359
17	I	0.00000	0.99454	0.00000	0.00546
18	T	0.00000	0.99454	0.00000	0.00546
19	N	0.00000	0.99982	0.00000	0.00019
20	R	0.00000	1	0.00000	0
21	P	0.00000	0.99999	0.00000	0
22	E	0.00000	0.99991	0.00009	0
23	L	0.00000	0.99931	0.00069	0
24	Q	0.00000	0.99824	0.00176	0
25	A	0.00000	0.99462	0.00538	0
26	P	0.00000	0.98992	0.01008	0
27	C	0.00000	0.95869	0.04131	0
28	F	0.00000	0.79628	0.20372	0
29	G	0.00000	0.75865	0.24135	0
30	V	0.00000	0.67142	0.32858	0
31	F	0.00000	0.04243	0.95757	0
32	L	0.00000	0.00601	0.99399	0
33	V	0.00000	0.00033	0.99967	0
34	I	0.00000	0	1.00000	0
35	Y	0.00000	0	1.00000	0
36	L	0.00000	0	1.00000	0
37	V	0.00000	0	1.00000	0
38	T	0.00000	0	1.00000	0
39	V	0.00000	0	1.00000	0
40	L	0.00000	0	1.00000	0
41	G	0.00000	0	1.00000	0
42	N	0.00000	0	1.00000	0
43	L	0.00000	0	1.00000	0
44	G	0.00000	0	1.00000	0
45	L	0.00000	0	1.00000	0
46	I	0.00000	0	1.00000	0
47	T	0.00006	0	0.99994	0
48	L	0.00037	0	0.99963	0
49	I	0.00396	0	0.99604	0
50	K	0.45805	0	0.54195	0
51	I	0.50389	0	0.49611	0
52	D	0.98385	0	0.01615	0
53	T	0.99789	0	0.00211	0
54	R	0.99997	0	0.00003	0
55	L	1.00000	0	0.00000	0
56	H	1.00000	0	0.00000	0
57	T	1.00000	0	0.00000	0
58	P	1.00000	0	0.00000	0
59	M	0.85641	0	0.14359	0
60	Y	0.82428	0	0.17572	0
61	Y	0.33238	0	0.66762	0
62	F	0.00472	0	0.99528	0
63	L	0.00063	0	0.99937	0
64	S	0.00023	0	0.99977	0
65	H	0.00000	0	1.00000	0
66	L	0.00000	0	1.00000	0
67	A	0.00000	0	1.00000	0
68	F	0.00000	0	1.00000	0
69	V	0.00000	0	1.00000	0
70	D	0.00000	0	1.00000	0
71	L	0.00000	0	1.00000	0
72	C	0.00000	0	1.00000	0
73	Y	0.00000	0	1.00000	0
74	S	0.00000	0	1.00000	0
75	S	0.00000	0	1.00000	0
76	A	0.00000	0	1.00000	0
77	I	0.00000	0	1.00000	0
78	T	0.00000	5e-05	0.99995	0
79	P	0.00000	0.00012	0.99988	0
80	K	0.00000	0.00161	0.99839	0
81	M	0.00000	0.00558	0.99442	0
82	M	0.00000	0.0612	0.93880	0
83	V	0.00000	0.26288	0.73712	0
84	N	0.00000	0.99993	0.00007	0
85	F	0.00000	0.99998	0.00002	0
86	V	0.00000	0.99999	0.00001	0
87	V	0.00000	1	0.00000	0
88	E	0.00000	1	0.00000	0
89	R	0.00000	1	0.00000	0
90	N	0.00000	1	0.00000	0
91	T	0.00000	1	0.00000	0
92	I	0.00000	1	0.00000	0
93	P	0.00000	0.99999	0.00001	0
94	F	0.00000	0.99971	0.00029	0
95	H	0.00000	0.99958	0.00042	0
96	A	0.00000	0.99668	0.00332	0
97	C	0.00000	0.99031	0.00969	0
98	A	0.00000	0.82938	0.17062	0
99	T	0.00000	0.81105	0.18895	0
100	Q	0.00000	0.6689	0.33110	0
101	L	0.00000	0.21298	0.78702	0
102	G	0.00000	0.16786	0.83214	0
103	C	0.00000	0.10187	0.89813	0
104	F	0.00000	0.00457	0.99543	0
105	L	0.00000	3e-05	0.99997	0
106	T	0.00000	0	1.00000	0
107	F	0.00000	0	1.00000	0
108	M	0.00000	0	1.00000	0
109	I	0.00000	0	1.00000	0
110	T	0.00000	0	1.00000	0
111	E	0.00000	0	1.00000	0
112	C	0.00000	0	1.00000	0
113	F	0.00000	0	1.00000	0
114	L	0.00000	0	1.00000	0
115	L	0.00000	0	1.00000	0
116	A	0.00000	0	1.00000	0
117	S	0.00000	0	1.00000	0
118	M	0.00000	0	1.00000	0
119	A	0.00000	0	1.00000	0
120	Y	0.00001	0	0.99999	0
121	D	0.00011	0	0.99989	0
122	C	0.02778	0	0.97222	0
123	Y	0.10702	0	0.89298	0
124	V	0.92691	0	0.07309	0
125	A	0.99630	0	0.00370	0
126	I	1.00000	0	0.00000	0
127	C	1.00000	0	0.00000	0
128	S	1.00000	0	0.00000	0
129	P	1.00000	0	0.00000	0
130	L	1.00000	0	0.00000	0
131	H	1.00000	0	0.00000	0
132	Y	1.00000	0	0.00000	0
133	S	1.00000	0	0.00000	0
134	T	1.00000	0	0.00000	0
135	L	1.00000	0	0.00000	0
136	M	0.99998	0	0.00002	0
137	S	0.99990	0	0.00010	0
138	R	0.99900	0	0.00100	0
139	R	0.98046	0	0.01954	0
140	V	0.37007	0	0.62993	0
141	C	0.00271	0	0.99729	0
142	I	0.00019	0	0.99981	0
143	Q	0.00003	0	0.99997	0
144	L	0.00001	0	0.99999	0
145	V	0.00001	0	0.99999	0
146	A	0.00000	0	1.00000	0
147	V	0.00000	0	1.00000	0
148	P	0.00000	0	1.00000	0
149	Y	0.00000	0	1.00000	0
150	I	0.00000	0	1.00000	0
151	Y	0.00000	0	1.00000	0
152	S	0.00000	0	1.00000	0
153	F	0.00000	0	1.00000	0
154	L	0.00000	0	1.00000	0
155	V	0.00000	0	1.00000	0
156	A	0.00000	0	1.00000	0
157	L	0.00000	0	1.00000	0
158	F	0.00000	0.00015	0.99985	0
159	H	0.00000	0.01526	0.98474	0
160	T	0.00000	0.064	0.93600	0
161	V	0.00000	0.16185	0.83815	0
162	I	0.00000	0.37926	0.62074	0
163	T	0.00000	0.88172	0.11828	0
164	F	0.00000	0.98868	0.01132	0
165	R	0.00000	0.99976	0.00024	0
166	L	0.00000	0.99989	0.00011	0
167	T	0.00000	0.99999	0.00001	0
168	Y	0.00000	1	0.00000	0
169	C	0.00000	1	0.00000	0
170	G	0.00000	1	0.00000	0
171	P	0.00000	1	0.00000	0
172	N	0.00000	1	0.00000	0
173	L	0.00000	1	0.00000	0
174	I	0.00000	1	0.00000	0
175	N	0.00000	1	0.00000	0
176	H	0.00000	1	0.00000	0
177	F	0.00000	1	0.00000	0
178	Y	0.00000	1	0.00000	0
179	C	0.00000	1	0.00000	0
180	D	0.00000	1	0.00000	0
181	D	0.00000	1	0.00000	0
182	L	0.00000	1	0.00000	0
183	P	0.00000	1	0.00000	0
184	F	0.00000	1	0.00000	0
185	L	0.00000	1	0.00000	0
186	A	0.00000	1	0.00000	0
187	L	0.00000	1	0.00000	0
188	S	0.00000	1	0.00000	0
189	C	0.00000	1	0.00000	0
190	S	0.00000	1	0.00000	0
191	D	0.00000	1	0.00000	0
192	T	0.00000	1	0.00000	0
193	H	0.00000	1	0.00000	0
194	M	0.00000	0.99999	0.00001	0
195	K	0.00000	0.99998	0.00002	0
196	E	0.00000	0.99632	0.00368	0
197	I	0.00000	0.87452	0.12548	0
198	L	0.00000	0.73044	0.26956	0
199	I	0.00000	0.32708	0.67292	0
200	F	0.00000	0.32524	0.67476	0
201	A	0.00000	0.00036	0.99964	0
202	F	0.00000	5e-05	0.99995	0
203	A	0.00000	4e-05	0.99996	0
204	G	0.00000	2e-05	0.99998	0
205	F	0.00000	1e-05	0.99999	0
206	D	0.00000	1e-05	0.99999	0
207	M	0.00000	0	1.00000	0
208	I	0.00000	0	1.00000	0
209	S	0.00000	0	1.00000	0
210	S	0.00000	0	1.00000	0
211	S	0.00000	0	1.00000	0
212	S	0.00000	0	1.00000	0
213	I	0.00000	0	1.00000	0
214	V	0.00000	0	1.00000	0
215	L	0.00000	0	1.00000	0
216	T	0.00000	0	1.00000	0
217	S	0.00000	0	1.00000	0
218	Y	0.00000	0	1.00000	0
219	I	0.00001	0	0.99999	0
220	F	0.00021	0	0.99979	0
221	I	0.00331	0	0.99669	0
222	I	0.04349	0	0.95651	0
223	A	0.62055	0	0.37945	0
224	A	0.71027	0	0.28973	0
225	I	0.75549	0	0.24451	0
226	L	0.87814	0	0.12186	0
227	R	0.99875	0	0.00125	0
228	I	0.99966	0	0.00034	0
229	R	1.00000	0	0.00000	0
230	S	1.00000	0	0.00000	0
231	T	1.00000	0	0.00000	0
232	Q	1.00000	0	0.00000	0
233	G	1.00000	0	0.00000	0
234	Q	0.99996	0	0.00004	0
235	H	0.99961	0	0.00039	0
236	K	0.81319	0	0.18681	0
237	A	0.22346	0	0.77654	0
238	I	0.07386	0	0.92614	0
239	S	0.00930	0	0.99070	0
240	T	0.00491	0	0.99509	0
241	C	0.00127	0	0.99873	0
242	G	0.00053	0	0.99947	0
243	S	0.00021	0	0.99979	0
244	H	0.00010	0	0.99990	0
245	M	0.00004	0	0.99996	0
246	V	0.00003	0	0.99997	0
247	T	0.00000	0	1.00000	0
248	V	0.00000	0	1.00000	0
249	T	0.00000	0	1.00000	0
250	I	0.00000	0	1.00000	0
251	F	0.00000	0	1.00000	0
252	Y	0.00000	0	1.00000	0
253	G	0.00000	0	1.00000	0
254	T	0.00000	0	1.00000	0
255	L	0.00000	0	1.00000	0
256	I	0.00000	3e-05	0.99997	0
257	F	0.00000	0.00056	0.99944	0
258	M	0.00000	0.00311	0.99689	0
259	Y	0.00000	0.07389	0.92611	0
260	L	0.00000	0.20497	0.79503	0
261	Q	0.00000	0.85864	0.14136	0
262	P	0.00000	0.97298	0.02702	0
263	K	0.00000	0.99973	0.00027	0
264	S	0.00000	0.9999	0.00010	0
265	N	0.00000	0.99993	0.00007	0
266	H	0.00000	0.99994	0.00006	0
267	S	0.00000	0.99995	0.00005	0
268	L	0.00000	0.99843	0.00157	0
269	D	0.00000	0.99657	0.00343	0
270	T	0.00000	0.95291	0.04709	0
271	D	0.00000	0.94448	0.05552	0
272	K	0.00000	0.65065	0.34935	0
273	M	0.00000	0.01257	0.98743	0
274	A	0.00000	0.00015	0.99985	0
275	S	0.00000	0	1.00000	0
276	V	0.00000	0	1.00000	0
277	F	0.00000	0	1.00000	0
278	Y	0.00000	0	1.00000	0
279	T	0.00000	0	1.00000	0
280	V	0.00000	0	1.00000	0
281	V	0.00000	0	1.00000	0
282	I	0.00000	0	1.00000	0
283	P	0.00000	0	1.00000	0
284	M	0.00000	0	1.00000	0
285	L	0.00000	0	1.00000	0
286	N	0.00000	0	1.00000	0
287	P	0.00000	0	1.00000	0
288	L	0.00000	0	1.00000	0
289	I	0.00016	0	0.99984	0
290	Y	0.00089	0	0.99911	0
291	S	0.00650	0	0.99350	0
292	L	0.02298	0	0.97702	0
293	R	1.00000	0	0.00000	0
294	N	1.00000	0	0.00000	0
295	K	1.00000	0	0.00000	0
296	E	1.00000	0	0.00000	0
297	V	1.00000	0	0.00000	0
298	K	1.00000	0	0.00000	0
299	D	1.00000	0	0.00000	0
300	A	1.00000	0	0.00000	0
301	S	1.00000	0	0.00000	0
302	K	1.00000	0	0.00000	0
303	K	1.00000	0	0.00000	0
304	A	1.00000	0	0.00000	0
305	L	1.00000	0	0.00000	0
306	D	1.00000	0	0.00000	0
307	K	1.00000	0	0.00000	0
308	G	1.00000	0	0.00000	0
309	C	1.00000	0	0.00000	0
310	E	1.00000	0	0.00000	0
311	N	1.00000	0	0.00000	0
312	L	1.00000	0	0.00000	0
313	Q	1.00000	0	0.00000	0
314	I	1.00000	0	0.00000	0
315	L	1.00000	0	0.00000	0
316	T	1.00000	0	0.00000	0
317	F	1.00000	0	0.00000	0
318	L	1.00000	0	0.00000	0
319	K	1.00000	0	0.00000	0
320	I	1.00000	0	0.00000	0
321	R	1.00000	0	0.00000	0
322	K	1.00000	0	0.00000	0
323	L	1.00000	0	0.00000	0
324	Y	1.00000	0	0.00000	0
