# UNNAMED
#pos	aa	i	o	M	S
1	M	0.00000	0.0002	0.00000	0.9998
2	A	0.00000	0.0002	0.00000	0.99981
3	S	0.00000	0.0002	0.00000	0.99981
4	S	0.00000	0.0002	0.00000	0.99981
5	L	0.00000	0.0002	0.00000	0.9998
6	P	0.00000	0.0002	0.00000	0.9998
7	W	0.00000	0.0002	0.00000	0.9998
8	L	0.00000	0.0002	0.00000	0.9998
9	C	0.00000	0.0002	0.00000	0.9998
10	I	0.00000	0.0002	0.00000	0.99981
11	I	0.00000	0.0002	0.00000	0.99981
12	L	0.00000	0.0002	0.00000	0.99981
13	W	0.00000	0.0002	0.00000	0.99981
14	L	0.00000	0.0002	0.00000	0.9998
15	E	0.00000	0.0006	0.00000	0.9994
16	N	0.00000	0.00059	0.00000	0.9994
17	A	0.00000	0.00059	0.00000	0.9994
18	L	0.00000	0.00059	0.00000	0.99941
19	G	0.00000	0.00093	0.00000	0.99907
20	K	0.00000	0.9981	0.00000	0.0019
21	L	0.00000	0.99809	0.00000	0.0019
22	E	0.00000	0.99921	0.00000	0.0008
23	V	0.00000	0.9992	0.00000	0.00079
24	E	0.00000	0.99921	0.00000	0.00079
25	G	0.00000	0.99921	0.00000	0.00079
26	N	0.00000	1	0.00000	0
27	F	0.00000	1	0.00000	0
28	Y	0.00000	1	0.00000	0
29	S	0.00000	1	0.00000	0
30	E	0.00000	1	0.00000	0
31	N	0.00000	1	0.00000	0
32	V	0.00000	1	0.00000	0
33	S	0.00000	1	0.00000	0
34	R	0.00000	1	0.00000	0
35	I	0.00000	1	0.00000	0
36	L	0.00000	1	0.00000	0
37	D	0.00000	1	0.00000	0
38	N	0.00000	1	0.00000	0
39	L	0.00000	1	0.00000	0
40	L	0.00000	1	0.00000	0
41	E	0.00000	1	0.00000	0
42	G	0.00000	1	0.00000	0
43	Y	0.00000	1	0.00000	0
44	D	0.00000	1	0.00000	0
45	N	0.00000	1	0.00000	0
46	R	0.00000	1	0.00000	0
47	L	0.00000	1	0.00000	0
48	R	0.00000	1	0.00000	0
49	P	0.00000	1	0.00000	0
50	G	0.00000	1	0.00000	0
51	F	0.00000	1	0.00000	0
52	G	0.00000	1	0.00000	0
53	G	0.00000	1	0.00000	0
54	A	0.00000	1	0.00000	0
55	V	0.00000	1	0.00000	0
56	T	0.00000	1	0.00000	0
57	E	0.00000	1	0.00000	0
58	V	0.00000	1	0.00000	0
59	K	0.00000	1	0.00000	0
60	T	0.00000	1	0.00000	0
61	D	0.00000	1	0.00000	0
62	I	0.00000	1	0.00000	0
63	Y	0.00000	1	0.00000	0
64	V	0.00000	1	0.00000	0
65	T	0.00000	1	0.00000	0
66	S	0.00000	1	0.00000	0
67	F	0.00000	1	0.00000	0
68	G	0.00000	1	0.00000	0
69	P	0.00000	1	0.00000	0
70	V	0.00000	1	0.00000	0
71	S	0.00000	1	0.00000	0
72	D	0.00000	1	0.00000	0
73	V	0.00000	1	0.00000	0
74	E	0.00000	1	0.00000	0
75	M	0.00000	1	0.00000	0
76	E	0.00000	1	0.00000	0
77	Y	0.00000	1	0.00000	0
78	T	0.00000	1	0.00000	0
79	M	0.00000	1	0.00000	0
80	D	0.00000	1	0.00000	0
81	V	0.00000	1	0.00000	0
82	F	0.00000	1	0.00000	0
83	F	0.00000	1	0.00000	0
84	R	0.00000	1	0.00000	0
85	Q	0.00000	1	0.00000	0
86	T	0.00000	1	0.00000	0
87	W	0.00000	1	0.00000	0
88	T	0.00000	1	0.00000	0
89	D	0.00000	1	0.00000	0
90	E	0.00000	1	0.00000	0
91	R	0.00000	1	0.00000	0
92	L	0.00000	0.99997	0.00003	0
93	K	0.00000	0.99994	0.00006	0
94	F	0.00000	0.9989	0.00110	0
95	G	0.00000	0.99887	0.00113	0
96	G	0.00000	0.99876	0.00124	0
97	P	0.00000	0.9986	0.00140	0
98	T	0.00000	0.99841	0.00159	0
99	E	0.00000	0.99832	0.00168	0
100	I	0.00000	0.99818	0.00182	0
101	L	0.00000	0.99818	0.00182	0
102	S	0.00000	0.99818	0.00182	0
103	L	0.00000	0.99818	0.00182	0
104	N	0.00000	0.99818	0.00182	0
105	N	0.00000	0.99818	0.00182	0
106	L	0.00000	0.99815	0.00185	0
107	M	0.00000	0.99813	0.00187	0
108	V	0.00000	0.99706	0.00294	0
109	S	0.00000	0.997	0.00300	0
110	K	0.00000	0.99698	0.00302	0
111	I	0.00000	0.99698	0.00302	0
112	W	0.00002	0.99698	0.00300	0
113	T	0.00030	0.99698	0.00273	0
114	P	0.00062	0.99698	0.00240	0
115	D	0.00089	0.99698	0.00213	0
116	T	0.00089	0.99698	0.00213	0
117	F	0.00089	0.99698	0.00213	0
118	F	0.00090	0.99698	0.00213	0
119	R	0.00119	0.99698	0.00184	0
120	N	0.00133	0.99698	0.00169	0
121	G	0.00144	0.99698	0.00158	0
122	K	0.00179	0.99698	0.00123	0
123	K	0.00181	0.99698	0.00121	0
124	S	0.00177	0.99698	0.00126	0
125	I	0.00114	0.99698	0.00189	0
126	A	0.00114	0.99698	0.00189	0
127	H	0.00219	0.99698	0.00083	0
128	N	0.00231	0.99697	0.00072	0
129	M	0.00231	0.99697	0.00071	0
130	T	0.00232	0.99697	0.00071	0
131	T	0.00232	0.99697	0.00070	0
132	P	0.00233	0.99697	0.00070	0
133	N	0.00222	0.99697	0.00081	0
134	K	0.00219	0.99697	0.00084	0
135	L	0.00172	0.99697	0.00131	0
136	F	0.00163	0.99697	0.00140	0
137	R	0.00159	0.99697	0.00144	0
138	I	0.00017	0.99697	0.00286	0
139	M	0.00014	0.99697	0.00289	0
140	Q	0.00012	0.99697	0.00291	0
141	N	0.00006	0.99697	0.00297	0
142	G	0.00001	0.99697	0.00302	0
143	T	0.00001	0.99696	0.00303	0
144	I	0.00000	0.99697	0.00303	0
145	L	0.00000	0.99706	0.00294	0
146	Y	0.00000	0.99717	0.00283	0
147	T	0.00000	0.99731	0.00269	0
148	M	0.00000	0.99734	0.00266	0
149	R	0.00000	0.99752	0.00247	0
150	L	0.00001	0.99754	0.00245	0
151	T	0.00001	0.9976	0.00240	0
152	I	0.00001	0.99761	0.00238	0
153	N	0.00001	0.99771	0.00229	0
154	A	0.00001	0.99772	0.00228	0
155	D	0.00001	0.99774	0.00225	0
156	C	0.00001	0.99775	0.00224	0
157	P	0.00001	0.99775	0.00224	0
158	M	0.00000	0.99775	0.00225	0
159	R	0.00000	0.99775	0.00225	0
160	L	0.00000	0.99775	0.00225	0
161	V	0.00000	0.99775	0.00225	0
162	N	0.00000	0.99997	0.00002	0
163	F	0.00000	0.99998	0.00002	0
164	P	0.00001	0.99998	0.00001	0
165	M	0.00001	0.99998	0.00001	0
166	D	0.00001	0.99998	0.00001	0
167	G	0.00001	0.99998	0.00001	0
168	H	0.00001	0.99998	0.00001	0
169	A	0.00001	0.99998	0.00001	0
170	C	0.00001	0.99998	0.00001	0
171	P	0.00001	0.99998	0.00001	0
172	L	0.00001	0.99998	0.00001	0
173	K	0.00001	0.99998	0.00002	0
174	F	0.00000	0.99998	0.00002	0
175	G	0.00000	0.99998	0.00002	0
176	S	0.00000	0.99999	0.00001	0
177	Y	0.00000	0.99999	0.00001	0
178	A	0.00000	0.99999	0.00001	0
179	Y	0.00000	0.99999	0.00001	0
180	P	0.00000	0.99999	0.00001	0
181	K	0.00000	0.99999	0.00001	0
182	S	0.00000	0.99999	0.00001	0
183	E	0.00000	0.99999	0.00001	0
184	I	0.00000	0.99999	0.00001	0
185	I	0.00000	0.99999	0.00001	0
186	Y	0.00000	0.99999	0.00001	0
187	T	0.00000	0.99999	0.00001	0
188	W	0.00000	0.99999	0.00001	0
189	K	0.00000	0.99999	0.00001	0
190	K	0.00000	0.99997	0.00003	0
191	G	0.00000	0.99964	0.00036	0
192	P	0.00000	0.9992	0.00080	0
193	L	0.00000	0.99907	0.00093	0
194	Y	0.00000	0.99905	0.00095	0
195	S	0.00000	0.99905	0.00095	0
196	V	0.00000	0.99905	0.00095	0
197	E	0.00000	0.99905	0.00095	0
198	V	0.00000	0.99905	0.00095	0
199	P	0.00000	0.99905	0.00095	0
200	E	0.00000	0.99905	0.00095	0
201	E	0.00000	0.99905	0.00095	0
202	S	0.00000	0.99905	0.00095	0
203	S	0.00000	0.99904	0.00096	0
204	S	0.00000	0.99789	0.00211	0
205	L	0.00000	0.99611	0.00389	0
206	L	0.00000	0.99575	0.00425	0
207	Q	0.00000	0.9956	0.00440	0
208	Y	0.00000	0.99539	0.00461	0
209	D	0.00000	0.995	0.00500	0
210	L	0.00000	0.34133	0.65867	0
211	I	0.00000	0.03416	0.96584	0
212	G	0.00015	0.02348	0.97637	0
213	Q	0.00094	0.01868	0.98038	0
214	T	0.00094	0.01498	0.98407	0
215	V	0.00094	0.01197	0.98709	0
216	S	0.00095	0.01098	0.98807	0
217	S	0.00095	0.00272	0.99633	0
218	E	0.00095	0.00035	0.99870	0
219	T	0.00095	1e-05	0.99904	0
220	I	0.00095	0	0.99905	0
221	K	0.00095	0	0.99905	0
222	S	0.00095	0	0.99905	0
223	N	0.00093	0	0.99907	0
224	T	0.00093	0	0.99907	0
225	G	0.00098	0	0.99902	0
226	E	0.00065	0	0.99935	0
227	Y	0.00042	0	0.99958	0
228	V	0.00151	0	0.99849	0
229	I	0.00255	0	0.99745	0
230	M	0.02589	0	0.97411	0
231	T	0.25300	0	0.74700	0
232	V	0.74952	0	0.25048	0
233	Y	0.78216	0	0.21784	0
234	F	0.83656	0	0.16344	0
235	H	0.95077	0	0.04923	0
236	L	0.96614	0	0.03386	0
237	Q	0.99870	0	0.00130	0
238	R	0.99902	0	0.00098	0
239	K	0.99585	0	0.00415	0
240	M	0.84056	0	0.15944	0
241	G	0.73410	0	0.26589	0
242	Y	0.28255	1e-05	0.71744	0
243	F	0.06565	1e-05	0.93435	0
244	M	0.00256	3e-05	0.99741	0
245	I	0.00000	5e-05	0.99995	0
246	Q	0.00000	0.00025	0.99975	0
247	I	0.00000	0.00034	0.99966	0
248	Y	0.00000	0.00076	0.99924	0
249	T	0.00000	0.00089	0.99911	0
250	P	0.00000	0.00092	0.99908	0
251	C	0.00000	0.00096	0.99904	0
252	I	0.00000	0.00096	0.99904	0
253	M	0.00000	0.00096	0.99904	0
254	T	0.00000	0.00096	0.99904	0
255	V	0.00000	0.00096	0.99904	0
256	I	0.00000	0.00096	0.99904	0
257	L	0.00000	0.00115	0.99885	0
258	S	0.00000	0.0251	0.97490	0
259	Q	0.00000	0.05309	0.94691	0
260	V	0.00000	0.12043	0.87957	0
261	S	0.00000	0.4934	0.50660	0
262	F	0.00000	0.5449	0.45510	0
263	W	0.00000	0.72378	0.27622	0
264	I	0.00000	0.99562	0.00438	0
265	N	0.00000	0.99981	0.00019	0
266	K	0.00000	1	0.00000	0
267	E	0.00000	1	0.00000	0
268	S	0.00000	0.99847	0.00153	0
269	V	0.00000	0.99524	0.00476	0
270	P	0.00000	0.99263	0.00737	0
271	A	0.00000	0.78036	0.21964	0
272	R	0.00000	0.62068	0.37932	0
273	T	0.00000	0.34312	0.65688	0
274	V	0.00000	0.01354	0.98646	0
275	F	0.00000	0.00361	0.99639	0
276	G	0.00000	0.00305	0.99695	0
277	I	0.00000	0.00304	0.99696	0
278	T	0.00000	0.00304	0.99696	0
279	T	0.00000	0.00304	0.99696	0
280	V	0.00000	0.00304	0.99696	0
281	L	0.00000	0.00304	0.99696	0
282	T	0.00000	0.00304	0.99696	0
283	M	0.00000	0.00304	0.99696	0
284	T	0.00000	0.00304	0.99696	0
285	T	0.00000	0.00304	0.99696	0
286	L	0.00000	0.00304	0.99696	0
287	S	0.00000	0.00304	0.99695	0
288	I	0.00004	0.00304	0.99692	0
289	S	0.00124	0.00304	0.99572	0
290	A	0.03283	0.00304	0.96413	0
291	R	0.05643	0.00304	0.94053	0
292	H	0.11340	0.00304	0.88356	0
293	S	0.71556	0.00304	0.28140	0
294	L	0.86262	0.00304	0.13434	0
295	P	0.99696	0.00304	0.00000	0
296	K	0.99696	0.00304	0.00000	0
297	V	0.99696	0.00304	0.00000	0
298	S	0.99696	0.00304	0.00001	0
299	Y	0.99696	0.00034	0.00270	0
300	A	0.99696	0.00034	0.00271	0
301	T	0.99695	0.00034	0.00271	0
302	A	0.99688	0.00033	0.00279	0
303	M	0.99620	0.00033	0.00347	0
304	D	0.98963	0.00033	0.01004	0
305	W	0.47644	0	0.52356	0
306	F	0.04843	0	0.95157	0
307	I	0.00403	0	0.99597	0
308	A	0.00037	0	0.99963	0
309	V	0.00001	0	0.99999	0
310	C	0.00000	0	1.00000	0
311	F	0.00000	0	1.00000	0
312	A	0.00000	0	1.00000	0
313	F	0.00000	0	1.00000	0
314	V	0.00000	0	1.00000	0
315	F	0.00000	0	1.00000	0
316	S	0.00000	0	1.00000	0
317	A	0.00000	0	1.00000	0
318	L	0.00000	0	1.00000	0
319	I	0.00000	0	1.00000	0
320	E	0.00001	0	0.99999	0
321	F	0.00001	0	0.99999	0
322	A	0.00022	1e-05	0.99977	0
323	A	0.00057	0.00025	0.99919	0
324	V	0.00092	0.02503	0.97404	0
325	N	0.00186	0.67624	0.32191	0
326	Y	0.00192	0.8249	0.17318	0
327	F	0.00213	0.94146	0.05641	0
328	T	0.00283	0.99539	0.00178	0
329	N	0.00297	0.99692	0.00011	0
330	L	0.00299	0.99694	0.00008	0
331	Q	0.00304	0.99696	0.00000	0
332	T	0.00304	0.99696	0.00000	0
333	Q	0.00304	0.99696	0.00000	0
334	K	0.00304	0.99696	0.00000	0
335	A	0.00304	0.99696	0.00000	0
336	K	0.00304	0.99696	0.00000	0
337	R	0.00304	0.99696	0.00000	0
338	K	0.00304	0.99681	0.00014	0
339	A	0.00304	0.28832	0.70864	0
340	Q	0.00304	0.0578	0.93916	0
341	F	0.00304	0.00577	0.99118	0
342	A	0.00304	0.00149	0.99547	0
343	A	0.00304	0.00114	0.99582	0
344	P	0.00304	0.00114	0.99582	0
345	P	0.00304	0.00112	0.99584	0
346	T	0.00304	0.00026	0.99670	0
347	V	0.00304	0.00025	0.99671	0
348	T	0.00304	0.00025	0.99671	0
349	I	0.00304	1e-05	0.99695	0
350	S	0.00304	0	0.99695	0
351	K	0.00304	0	0.99695	0
352	A	0.00304	0	0.99696	0
353	T	0.00304	0	0.99696	0
354	E	0.00304	0	0.99696	0
355	P	0.00304	0	0.99696	0
356	L	0.00304	0	0.99696	0
357	E	0.00304	0	0.99696	0
358	A	0.00304	0	0.99696	0
359	E	0.00305	0	0.99695	0
360	I	0.00306	0	0.99694	0
361	V	0.00850	0	0.99150	0
362	L	0.08978	0	0.91022	0
363	H	0.69833	0	0.30167	0
364	P	0.98343	0	0.01657	0
365	D	0.99869	0	0.00131	0
366	S	0.99887	0	0.00113	0
367	K	0.99895	0	0.00105	0
368	Y	0.99897	0	0.00103	0
369	H	0.99899	0	0.00101	0
370	L	0.99917	0	0.00083	0
371	K	0.99989	0	0.00011	0
372	K	1.00000	0	0.00000	0
373	R	1.00000	0	0.00000	0
374	I	1.00000	0	0.00000	0
375	T	1.00000	0	0.00000	0
376	S	1.00000	0	0.00000	0
377	L	1.00000	0	0.00000	0
378	S	1.00000	0	0.00000	0
379	L	1.00000	0	0.00000	0
380	P	1.00000	0	0.00000	0
381	I	1.00000	0	0.00000	0
382	V	1.00000	0	0.00000	0
383	S	1.00000	0	0.00000	0
384	S	1.00000	0	0.00000	0
385	S	1.00000	0	0.00000	0
386	E	1.00000	0	0.00000	0
387	A	0.99997	0	0.00003	0
388	N	0.99859	0	0.00141	0
389	K	0.61579	0	0.38420	0
390	V	0.02807	0	0.97193	0
391	L	0.02779	0	0.97221	0
392	T	0.02778	0	0.97222	0
393	R	0.00472	0	0.99528	0
394	A	0.00092	0	0.99908	0
395	P	0.00076	0	0.99924	0
396	I	0.00000	0	1.00000	0
397	L	0.00000	0	1.00000	0
398	Q	0.00000	0	1.00000	0
399	S	0.00000	0	1.00000	0
400	T	0.00000	0	1.00000	0
401	P	0.00000	0	1.00000	0
402	V	0.00000	0	1.00000	0
403	T	0.00000	0	1.00000	0
404	P	0.00000	0	1.00000	0
405	P	0.00000	0	1.00000	0
406	P	0.00000	0	1.00000	0
407	L	0.00000	1e-05	0.99999	0
408	S	0.00000	7e-05	0.99993	0
409	P	0.00000	0.00055	0.99945	0
410	A	0.00000	0.00236	0.99764	0
411	F	0.00000	0.03113	0.96887	0
412	G	0.00000	0.58144	0.41856	0
413	G	0.00000	0.79466	0.20534	0
414	T	0.00000	0.88689	0.11311	0
415	S	0.00000	0.97792	0.02208	0
416	K	0.00000	0.99905	0.00095	0
417	I	0.00000	0.99909	0.00091	0
418	D	0.00000	0.99567	0.00433	0
419	Q	0.00000	0.88913	0.11087	0
420	Y	0.00000	0.44673	0.55327	0
421	S	0.00000	0.1122	0.88780	0
422	R	0.00000	0.04793	0.95207	0
423	I	0.00000	0.00024	0.99976	0
424	L	0.00000	0	1.00000	0
425	F	0.00000	0	1.00000	0
426	P	0.00000	0	1.00000	0
427	V	0.00000	0	1.00000	0
428	A	0.00000	0	1.00000	0
429	F	0.00000	0	1.00000	0
430	A	0.00000	0	1.00000	0
431	G	0.00000	0	1.00000	0
432	F	0.00000	0	1.00000	0
433	N	0.00000	0	1.00000	0
434	L	0.00000	0	1.00000	0
435	V	0.00000	0	1.00000	0
436	Y	0.00001	0	0.99999	0
437	W	0.00004	0	0.99996	0
438	V	0.00035	0	0.99965	0
439	V	0.01279	0	0.98721	0
440	Y	0.11479	0	0.88521	0
441	L	0.55508	0	0.44492	0
442	S	0.99320	0	0.00680	0
443	K	1.00000	0	0.00000	0
444	D	1.00000	0	0.00000	0
445	T	1.00000	0	0.00000	0
446	M	1.00000	0	0.00000	0
447	E	1.00000	0	0.00000	0
448	V	1.00000	0	0.00000	0
449	S	1.00000	0	0.00000	0
450	S	1.00000	0	0.00000	0
451	S	1.00000	0	0.00000	0
452	V	1.00000	0	0.00000	0
453	E	1.00000	0	0.00000	0
