# UNNAMED
#pos	aa	i	o	M	S
1	M	0.00000	1	0.00000	0
2	S	0.00000	1	0.00000	0
3	Q	0.00000	1	0.00000	0
4	Q	0.00000	1	0.00000	0
5	N	0.00000	1	0.00000	0
6	T	0.00000	1	0.00000	0
7	S	0.00000	1	0.00000	0
8	G	0.00000	1	0.00000	0
9	D	0.00000	1	0.00000	0
10	C	0.00000	1	0.00000	0
11	L	0.00000	1	0.00000	0
12	F	0.00000	1	0.00000	0
13	D	0.00000	1	0.00000	0
14	G	0.00000	1	0.00000	0
15	V	0.00000	1	0.00000	0
16	N	0.00000	1	0.00000	0
17	E	0.00000	1	0.00000	0
18	L	0.00000	1	0.00000	0
19	M	0.00000	1	0.00000	0
20	K	0.00000	0.99999	0.00001	0
21	T	0.00000	0.9996	0.00040	0
22	L	0.00000	0.99903	0.00097	0
23	Q	0.00000	0.98761	0.01239	0
24	F	0.00000	0.837	0.16300	0
25	A	0.00000	0.66017	0.33983	0
26	V	0.00000	0.39478	0.60522	0
27	H	0.00000	0.23848	0.76152	0
28	I	0.00000	0.02473	0.97527	0
29	P	0.00000	0.01051	0.98949	0
30	T	0.00000	0.00135	0.99865	0
31	F	0.00000	3e-05	0.99997	0
32	V	0.00000	0	1.00000	0
33	L	0.00000	0	1.00000	0
34	G	0.00000	0	1.00000	0
35	L	0.00000	0	1.00000	0
36	L	0.00000	0	1.00000	0
37	L	0.00000	0	1.00000	0
38	N	0.00000	0	1.00000	0
39	L	0.00000	0	1.00000	0
40	L	0.00000	0	1.00000	0
41	A	0.00000	0	1.00000	0
42	I	0.00000	0	1.00000	0
43	H	0.00000	0	1.00000	0
44	G	0.00036	0	0.99964	0
45	F	0.00252	0	0.99748	0
46	S	0.11309	0	0.88691	0
47	T	0.23354	0	0.76646	0
48	F	0.28561	0	0.71439	0
49	L	0.32078	0	0.67922	0
50	K	0.98160	0	0.01840	0
51	N	0.99635	0	0.00365	0
52	R	0.99979	0	0.00021	0
53	W	0.99995	0	0.00005	0
54	P	1.00000	0	0.00000	0
55	D	1.00000	0	0.00000	0
56	Y	1.00000	0	0.00000	0
57	A	0.99999	0	0.00001	0
58	A	0.99980	0	0.00020	0
59	T	0.99762	0	0.00238	0
60	S	0.95704	0	0.04296	0
61	I	0.05778	0	0.94222	0
62	Y	0.00101	0	0.99899	0
63	M	0.00003	0	0.99997	0
64	I	0.00000	0	1.00000	0
65	N	0.00000	0	1.00000	0
66	L	0.00000	0	1.00000	0
67	A	0.00000	0	1.00000	0
68	V	0.00000	0	1.00000	0
69	F	0.00000	0	1.00000	0
70	D	0.00000	0	1.00000	0
71	L	0.00000	0	1.00000	0
72	L	0.00000	0	1.00000	0
73	L	0.00000	0	1.00000	0
74	V	0.00000	0	1.00000	0
75	L	0.00000	0	1.00000	0
76	S	0.00000	0	1.00000	0
77	L	0.00000	0	1.00000	0
78	P	0.00000	0	1.00000	0
79	F	0.00000	0.00012	0.99988	0
80	K	0.00000	0.00286	0.99714	0
81	M	0.00000	0.00687	0.99313	0
82	V	0.00000	0.16979	0.83021	0
83	L	0.00000	0.99754	0.00246	0
84	S	0.00000	0.99976	0.00024	0
85	Q	0.00000	0.99999	0.00001	0
86	V	0.00000	1	0.00000	0
87	Q	0.00000	1	0.00000	0
88	S	0.00000	1	0.00000	0
89	P	0.00000	1	0.00000	0
90	F	0.00000	1	0.00000	0
91	P	0.00000	1	0.00000	0
92	S	0.00000	1	0.00000	0
93	L	0.00000	0.99963	0.00037	0
94	C	0.00000	0.99963	0.00037	0
95	T	0.00000	0.99963	0.00037	0
96	L	0.00000	0.99963	0.00037	0
97	V	0.00000	0.99963	0.00037	0
98	E	0.00000	0.99963	0.00037	0
99	C	0.00000	0.67383	0.32617	0
100	L	0.00000	0.13894	0.86106	0
101	Y	0.00000	0.08088	0.91912	0
102	F	0.00000	0.00327	0.99673	0
103	V	0.00000	2e-05	0.99998	0
104	S	0.00000	0	1.00000	0
105	M	0.00000	0	1.00000	0
106	Y	0.00000	0	1.00000	0
107	G	0.00000	0	1.00000	0
108	S	0.00000	0	1.00000	0
109	V	0.00000	0	1.00000	0
110	F	0.00000	0	1.00000	0
111	T	0.00000	0	1.00000	0
112	I	0.00000	0	1.00000	0
113	C	0.00000	0	1.00000	0
114	F	0.00000	0	1.00000	0
115	I	0.00000	0	1.00000	0
116	S	0.00000	0	1.00000	0
117	M	0.00000	0	1.00000	0
118	D	0.00000	0	1.00000	0
119	R	0.00461	0	0.99539	0
120	F	0.04590	0	0.95410	0
121	L	0.39746	0	0.60254	0
122	A	0.57568	0	0.42432	0
123	I	0.99971	0	0.00029	0
124	R	1.00000	0	0.00000	0
125	Y	1.00000	0	0.00000	0
126	P	1.00000	0	0.00000	0
127	L	1.00000	0	0.00000	0
128	L	1.00000	0	0.00000	0
129	V	1.00000	0	0.00000	0
130	S	1.00000	0	0.00000	0
131	H	1.00000	0	0.00000	0
132	L	1.00000	0	0.00000	0
133	R	1.00000	0	0.00000	0
134	S	1.00000	0	0.00000	0
135	P	1.00000	0	0.00000	0
136	R	0.99988	0	0.00012	0
137	K	0.99062	0	0.00938	0
138	I	0.04338	0	0.95662	0
139	F	0.00502	0	0.99498	0
140	G	0.00222	0	0.99778	0
141	I	0.00001	0	0.99999	0
142	C	0.00000	0	1.00000	0
143	C	0.00000	0	1.00000	0
144	T	0.00000	0	1.00000	0
145	I	0.00000	0	1.00000	0
146	W	0.00000	0	1.00000	0
147	V	0.00000	0	1.00000	0
148	L	0.00000	0	1.00000	0
149	V	0.00000	0	1.00000	0
150	W	0.00000	0	1.00000	0
151	T	0.00000	0	1.00000	0
152	G	0.00000	0	1.00000	0
153	S	0.00000	0	1.00000	0
154	I	0.00000	0	1.00000	0
155	P	0.00000	0	1.00000	0
156	I	0.00000	2e-05	0.99998	0
157	Y	0.00000	0.00306	0.99694	0
158	S	0.00000	0.07769	0.92231	0
159	F	0.00000	0.19892	0.80108	0
160	H	0.00000	0.78741	0.21259	0
161	G	0.00000	0.9814	0.01860	0
162	K	0.00000	0.99998	0.00002	0
163	V	0.00000	0.99999	0.00001	0
164	E	0.00000	1	0.00000	0
165	K	0.00000	1	0.00000	0
166	Y	0.00000	1	0.00000	0
167	M	0.00000	1	0.00000	0
168	C	0.00000	1	0.00000	0
169	F	0.00000	1	0.00000	0
170	H	0.00000	1	0.00000	0
171	N	0.00000	1	0.00000	0
172	M	0.00000	1	0.00000	0
173	S	0.00000	1	0.00000	0
174	D	0.00000	1	0.00000	0
175	D	0.00000	0.99996	0.00004	0
176	T	0.00000	0.99973	0.00027	0
177	W	0.00000	0.99952	0.00048	0
178	S	0.00000	0.99925	0.00075	0
179	A	0.00000	0.98008	0.01992	0
180	K	0.00000	0.98005	0.01995	0
181	V	0.00000	0.01135	0.98865	0
182	F	0.00000	0.00656	0.99344	0
183	F	0.00000	0.00616	0.99384	0
184	P	0.00000	0.00376	0.99624	0
185	L	0.00000	0.00362	0.99638	0
186	E	0.00000	0.0036	0.99640	0
187	V	0.00000	0.00336	0.99664	0
188	F	0.00000	4e-05	0.99996	0
189	G	0.00000	2e-05	0.99998	0
190	F	0.00000	0	1.00000	0
191	L	0.00000	0	1.00000	0
192	L	0.00000	0	1.00000	0
193	P	0.00000	0	1.00000	0
194	M	0.00000	0	1.00000	0
195	G	0.00000	0	1.00000	0
196	I	0.00000	0	1.00000	0
197	M	0.00000	0	1.00000	0
198	G	0.00000	0	1.00000	0
199	F	0.00000	0	1.00000	0
200	C	0.00003	0	0.99997	0
201	C	0.00258	0	0.99742	0
202	S	0.12953	0	0.87047	0
203	R	0.33211	0	0.66789	0
204	S	0.41211	0	0.58789	0
205	I	0.43990	0	0.56010	0
206	H	0.60437	0	0.39563	0
207	I	0.65304	0	0.34696	0
208	L	0.96922	0	0.03078	0
209	L	0.97554	0	0.02446	0
210	G	0.99603	0	0.00397	0
211	R	0.99999	0	0.00001	0
212	R	1.00000	0	0.00000	0
213	D	1.00000	0	0.00000	0
214	H	1.00000	0	0.00000	0
215	T	1.00000	0	0.00000	0
216	Q	1.00000	0	0.00000	0
217	D	1.00000	0	0.00000	0
218	W	0.99992	0	0.00008	0
219	V	0.99965	0	0.00035	0
220	Q	0.99965	0	0.00035	0
221	Q	0.99415	0	0.00585	0
222	K	0.95143	0	0.04857	0
223	A	0.94961	0	0.05039	0
224	C	0.91752	0	0.08248	0
225	I	0.85367	0	0.14633	0
226	Y	0.71483	0	0.28517	0
227	S	0.71299	0	0.28701	0
228	I	0.30912	0	0.69088	0
229	A	0.07092	0	0.92908	0
230	A	0.06371	0	0.93629	0
231	S	0.04168	0	0.95832	0
232	L	0.00594	0	0.99406	0
233	A	0.00002	0	0.99998	0
234	V	0.00000	0	1.00000	0
235	F	0.00000	0	1.00000	0
236	V	0.00000	0	1.00000	0
237	V	0.00000	0	1.00000	0
238	S	0.00000	0	1.00000	0
239	F	0.00000	0	1.00000	0
240	L	0.00000	0	1.00000	0
241	P	0.00000	3e-05	0.99997	0
242	V	0.00000	6e-05	0.99994	0
243	H	0.00000	0.00037	0.99963	0
244	L	0.00000	0.00068	0.99932	0
245	G	0.00000	0.00272	0.99728	0
246	F	0.00000	0.00351	0.99649	0
247	F	0.00000	0.01319	0.98681	0
248	L	0.00000	0.07675	0.92325	0
249	Q	0.00000	0.10281	0.89719	0
250	F	0.00000	0.10773	0.89227	0
251	L	0.00000	0.16647	0.83353	0
252	V	0.00000	0.4156	0.58440	0
253	R	0.00000	0.9673	0.03270	0
254	N	0.00000	0.99217	0.00783	0
255	S	0.00000	0.99342	0.00658	0
256	F	0.00000	0.99387	0.00613	0
257	I	0.00000	0.99541	0.00459	0
258	V	0.00000	0.99973	0.00027	0
259	E	0.00000	0.99995	0.00005	0
260	C	0.00000	0.99971	0.00029	0
261	R	0.00000	0.99956	0.00044	0
262	A	0.00000	0.99876	0.00124	0
263	K	0.00000	0.99867	0.00133	0
264	Q	0.00000	0.99778	0.00222	0
265	S	0.00000	0.99268	0.00732	0
266	I	0.00000	0.90395	0.09605	0
267	S	0.00000	0.85537	0.14463	0
268	F	0.00000	0.09472	0.90528	0
269	F	0.00000	0.05427	0.94573	0
270	L	0.00000	0.00734	0.99266	0
271	Q	0.00000	0.005	0.99500	0
272	L	0.00000	7e-05	0.99993	0
273	S	0.00000	2e-05	0.99998	0
274	M	0.00000	0	1.00000	0
275	C	0.00000	0	1.00000	0
276	F	0.00000	0	1.00000	0
277	S	0.00000	0	1.00000	0
278	N	0.00000	0	1.00000	0
279	V	0.00001	0	0.99999	0
280	N	0.00002	0	0.99998	0
281	C	0.00003	0	0.99997	0
282	C	0.00006	0	0.99994	0
283	L	0.00022	0	0.99978	0
284	D	0.00087	0	0.99913	0
285	V	0.00092	0	0.99908	0
286	F	0.00276	0	0.99724	0
287	C	0.01552	0	0.98448	0
288	Y	0.03302	0	0.96698	0
289	Y	0.12917	0	0.87083	0
290	F	0.38202	0	0.61798	0
291	V	0.53599	0	0.46401	0
292	I	0.72819	0	0.27181	0
293	K	1.00000	0	0.00000	0
294	E	1.00000	0	0.00000	0
295	F	1.00000	0	0.00000	0
296	R	1.00000	0	0.00000	0
297	M	1.00000	0	0.00000	0
298	N	1.00000	0	0.00000	0
299	I	1.00000	0	0.00000	0
300	R	1.00000	0	0.00000	0
301	A	1.00000	0	0.00000	0
302	H	1.00000	0	0.00000	0
303	R	1.00000	0	0.00000	0
304	P	1.00000	0	0.00000	0
305	S	1.00000	0	0.00000	0
306	R	1.00000	0	0.00000	0
307	V	1.00000	0	0.00000	0
308	Q	1.00000	0	0.00000	0
309	L	1.00000	0	0.00000	0
310	V	1.00000	0	0.00000	0
311	L	1.00000	0	0.00000	0
312	Q	1.00000	0	0.00000	0
313	D	1.00000	0	0.00000	0
314	T	1.00000	0	0.00000	0
315	T	1.00000	0	0.00000	0
316	I	1.00000	0	0.00000	0
317	S	1.00000	0	0.00000	0
318	R	1.00000	0	0.00000	0
319	G	1.00000	0	0.00000	0
