# UNNAMED
#pos	aa	i	o	M	S
1	M	0.00000	1	0.00000	0
2	G	0.00000	1	0.00000	0
3	S	0.00000	1	0.00000	0
4	L	0.00000	1	0.00000	0
5	Y	0.00000	1	0.00000	0
6	S	0.00000	1	0.00000	0
7	E	0.00000	1	0.00000	0
8	Y	0.00000	1	0.00000	0
9	L	0.00000	1	0.00000	0
10	N	0.00000	1	0.00000	0
11	P	0.00000	1	0.00000	0
12	N	0.00000	1	0.00000	0
13	K	0.00000	1	0.00000	0
14	V	0.00000	1	0.00000	0
15	Q	0.00000	1	0.00000	0
16	E	0.00000	1	0.00000	0
17	H	0.00000	1	0.00000	0
18	Y	0.00000	1	0.00000	0
19	N	0.00000	1	0.00000	0
20	Y	0.00000	1	0.00000	0
21	T	0.00000	1	0.00000	0
22	K	0.00000	1	0.00000	0
23	E	0.00000	1	0.00000	0
24	T	0.00000	1	0.00000	0
25	L	0.00000	1	0.00000	0
26	E	0.00000	1	0.00000	0
27	T	0.00000	1	0.00000	0
28	Q	0.00000	1	0.00000	0
29	E	0.00000	1	0.00000	0
30	T	0.00000	0.99994	0.00006	0
31	T	0.00000	0.99984	0.00016	0
32	S	0.00000	0.99972	0.00028	0
33	R	0.00000	0.99946	0.00054	0
34	Q	0.00000	0.98845	0.01155	0
35	V	0.00000	0.86226	0.13774	0
36	A	0.00000	0.75799	0.24201	0
37	S	0.00000	0.66524	0.33476	0
38	A	0.00000	0.16347	0.83653	0
39	F	0.00000	0.00208	0.99792	0
40	I	0.00000	1e-05	0.99999	0
41	V	0.00000	0	1.00000	0
42	I	0.00000	0	1.00000	0
43	L	0.00000	0	1.00000	0
44	C	0.00000	0	1.00000	0
45	C	0.00000	0	1.00000	0
46	A	0.00000	0	1.00000	0
47	I	0.00000	0	1.00000	0
48	V	0.00000	0	1.00000	0
49	V	0.00000	0	1.00000	0
50	E	0.00000	0	1.00000	0
51	N	0.00000	0	1.00000	0
52	L	0.00000	0	1.00000	0
53	L	0.00000	0	1.00000	0
54	V	0.00000	0	1.00000	0
55	L	0.00000	0	1.00000	0
56	I	0.00021	0	0.99979	0
57	A	0.02481	0	0.97519	0
58	V	0.10376	0	0.89624	0
59	A	0.48570	0	0.51430	0
60	R	0.98405	0	0.01595	0
61	N	0.99950	0	0.00050	0
62	S	0.99996	0	0.00004	0
63	K	1.00000	0	0.00000	0
64	F	0.99929	0	0.00071	0
65	H	0.99686	0	0.00314	0
66	S	0.99213	0	0.00787	0
67	A	0.90961	0	0.09039	0
68	M	0.31865	0	0.68135	0
69	Y	0.22408	0	0.77592	0
70	L	0.04577	0	0.95423	0
71	F	0.00070	0	0.99930	0
72	L	0.00002	0	0.99998	0
73	G	0.00001	0	0.99999	0
74	N	0.00000	0	1.00000	0
75	L	0.00000	0	1.00000	0
76	A	0.00000	0	1.00000	0
77	A	0.00000	0	1.00000	0
78	S	0.00000	0	1.00000	0
79	D	0.00000	0	1.00000	0
80	L	0.00000	0	1.00000	0
81	L	0.00000	0	1.00000	0
82	A	0.00000	0	1.00000	0
83	G	0.00000	0	1.00000	0
84	V	0.00000	0	1.00000	0
85	A	0.00000	3e-05	0.99997	0
86	F	0.00000	0.00045	0.99955	0
87	V	0.00000	0.01605	0.98395	0
88	A	0.00000	0.29083	0.70917	0
89	N	0.00000	0.62058	0.37942	0
90	T	0.00000	0.65365	0.34635	0
91	L	0.00000	0.68713	0.31287	0
92	L	0.00000	0.75819	0.24181	0
93	S	0.00000	0.88767	0.11233	0
94	G	0.00000	0.92244	0.07756	0
95	S	0.00000	0.96319	0.03681	0
96	V	0.00000	0.96933	0.03067	0
97	T	0.00000	0.98116	0.01884	0
98	L	0.00000	0.98432	0.01568	0
99	R	0.00000	0.99888	0.00112	0
100	L	0.00000	0.9992	0.00080	0
101	T	0.00000	0.99996	0.00004	0
102	P	0.00000	1	0.00000	0
103	V	0.00000	0.99999	0.00001	0
104	Q	0.00000	0.99101	0.00899	0
105	W	0.00000	0.99101	0.00899	0
106	F	0.00000	0.99101	0.00899	0
107	A	0.00000	0.99101	0.00899	0
108	R	0.00000	0.99101	0.00899	0
109	E	0.00000	0.99101	0.00899	0
110	G	0.00000	0.41168	0.58832	0
111	S	0.00000	0.22535	0.77465	0
112	A	0.00000	0.00981	0.99019	0
113	F	0.00000	0.00012	0.99988	0
114	I	0.00000	0	1.00000	0
115	T	0.00000	0	1.00000	0
116	L	0.00000	0	1.00000	0
117	S	0.00000	0	1.00000	0
118	A	0.00000	0	1.00000	0
119	S	0.00000	0	1.00000	0
120	V	0.00000	0	1.00000	0
121	F	0.00000	0	1.00000	0
122	S	0.00000	0	1.00000	0
123	L	0.00000	0	1.00000	0
124	L	0.00000	0	1.00000	0
125	A	0.00001	0	0.99999	0
126	I	0.00002	0	0.99998	0
127	A	0.00003	0	0.99997	0
128	I	0.00006	0	0.99994	0
129	E	0.00012	0	0.99988	0
130	R	0.00843	0	0.99157	0
131	H	0.22860	0	0.77140	0
132	V	0.40906	0	0.59094	0
133	A	0.94979	0	0.05021	0
134	I	0.99760	0	0.00240	0
135	A	1.00000	0	0.00000	0
136	K	1.00000	0	0.00000	0
137	V	1.00000	0	0.00000	0
138	K	1.00000	0	0.00000	0
139	L	1.00000	0	0.00000	0
140	Y	1.00000	0	0.00000	0
141	G	1.00000	0	0.00000	0
142	S	1.00000	0	0.00000	0
143	D	1.00000	0	0.00000	0
144	K	0.99998	0	0.00002	0
145	S	0.99164	0	0.00836	0
146	C	0.85771	0	0.14229	0
147	R	0.85181	0	0.14819	0
148	M	0.43686	0	0.56314	0
149	L	0.03907	0	0.96093	0
150	L	0.00378	0	0.99622	0
151	L	0.00261	0	0.99739	0
152	I	0.00004	0	0.99996	0
153	G	0.00001	0	0.99999	0
154	A	0.00000	0	1.00000	0
155	S	0.00000	0	1.00000	0
156	W	0.00000	0	1.00000	0
157	L	0.00000	0	1.00000	0
158	I	0.00000	0	1.00000	0
159	S	0.00000	0	1.00000	0
160	L	0.00000	0	1.00000	0
161	V	0.00000	0	1.00000	0
162	L	0.00000	0	1.00000	0
163	G	0.00000	0	1.00000	0
164	G	0.00000	5e-05	0.99995	0
165	L	0.00000	0.00042	0.99958	0
166	P	0.00000	0.00978	0.99022	0
167	I	0.00000	0.01732	0.98268	0
168	L	0.00000	0.04895	0.95105	0
169	G	0.00000	0.4525	0.54750	0
170	W	0.00000	0.74997	0.25003	0
171	N	0.00000	0.97196	0.02804	0
172	C	0.00000	0.99721	0.00279	0
173	L	0.00000	0.99827	0.00173	0
174	G	0.00000	0.99972	0.00028	0
175	H	0.00000	0.99997	0.00003	0
176	L	0.00000	0.99999	0.00001	0
177	E	0.00000	1	0.00000	0
178	A	0.00000	1	0.00000	0
179	C	0.00000	1	0.00000	0
180	S	0.00000	1	0.00000	0
181	T	0.00000	1	0.00000	0
182	V	0.00000	0.99999	0.00001	0
183	L	0.00000	0.99041	0.00959	0
184	P	0.00000	0.98804	0.01196	0
185	L	0.00000	0.97257	0.02743	0
186	Y	0.00000	0.96398	0.03602	0
187	A	0.00000	0.96235	0.03765	0
188	K	0.00000	0.95225	0.04775	0
189	H	0.00000	0.86381	0.13619	0
190	Y	0.00000	0.53634	0.46366	0
191	V	0.00000	0.21321	0.78679	0
192	L	0.00000	0.18917	0.81083	0
193	C	0.00000	0.1855	0.81450	0
194	V	0.00000	0.00039	0.99961	0
195	V	0.00000	1e-05	0.99999	0
196	T	0.00000	0	1.00000	0
197	I	0.00000	0	1.00000	0
198	F	0.00000	0	1.00000	0
199	S	0.00000	0	1.00000	0
200	I	0.00000	0	1.00000	0
201	I	0.00000	0	1.00000	0
202	L	0.00000	0	1.00000	0
203	L	0.00000	0	1.00000	0
204	A	0.00000	0	1.00000	0
205	I	0.00001	0	0.99999	0
206	V	0.00010	0	0.99990	0
207	A	0.00069	0	0.99931	0
208	L	0.00132	0	0.99868	0
209	Y	0.00361	0	0.99639	0
210	V	0.01425	0	0.98575	0
211	R	0.04605	0	0.95395	0
212	I	0.04853	0	0.95147	0
213	Y	0.07151	0	0.92849	0
214	C	0.27614	0	0.72386	0
215	V	0.44000	0	0.56000	0
216	V	0.96652	0	0.03348	0
217	R	0.99863	0	0.00137	0
218	S	0.99997	0	0.00003	0
219	S	1.00000	0	0.00000	0
220	H	1.00000	0	0.00000	0
221	A	1.00000	0	0.00000	0
222	D	1.00000	0	0.00000	0
223	M	1.00000	0	0.00000	0
224	A	1.00000	0	0.00000	0
225	A	1.00000	0	0.00000	0
226	P	1.00000	0	0.00000	0
227	Q	1.00000	0	0.00000	0
228	T	0.99207	0	0.00793	0
229	L	0.52980	0	0.47020	0
230	A	0.33497	0	0.66503	0
231	L	0.09341	0	0.90659	0
232	L	0.09003	0	0.90997	0
233	K	0.07223	0	0.92777	0
234	T	0.07175	0	0.92825	0
235	V	0.00066	0	0.99934	0
236	T	0.00001	0	0.99999	0
237	I	0.00000	0	1.00000	0
238	V	0.00000	0	1.00000	0
239	L	0.00000	0	1.00000	0
240	G	0.00000	0	1.00000	0
241	V	0.00000	0	1.00000	0
242	F	0.00000	0	1.00000	0
243	I	0.00000	0	1.00000	0
244	V	0.00000	0	1.00000	0
245	C	0.00000	0	1.00000	0
246	W	0.00000	0	1.00000	0
247	L	0.00000	0	1.00000	0
248	P	0.00000	0	1.00000	0
249	A	0.00000	0	1.00000	0
250	F	0.00000	2e-05	0.99998	0
251	S	0.00000	0.00239	0.99761	0
252	I	0.00000	0.0044	0.99560	0
253	L	0.00000	0.01312	0.98688	0
254	L	0.00000	0.09731	0.90269	0
255	L	0.00000	0.31161	0.68839	0
256	D	0.00000	0.99163	0.00837	0
257	Y	0.00000	0.99346	0.00654	0
258	A	0.00000	0.99544	0.00456	0
259	C	0.00000	0.99933	0.00067	0
260	P	0.00000	0.99964	0.00036	0
261	V	0.00000	0.9997	0.00030	0
262	H	0.00000	0.99998	0.00002	0
263	S	0.00000	0.99999	0.00001	0
264	C	0.00000	0.9999	0.00010	0
265	P	0.00000	0.97659	0.02341	0
266	I	0.00000	0.71472	0.28528	0
267	L	0.00000	0.60954	0.39046	0
268	Y	0.00000	0.56092	0.43908	0
269	K	0.00000	0.47325	0.52675	0
270	A	0.00000	0.09494	0.90506	0
271	H	0.00000	0.03944	0.96056	0
272	Y	0.00000	0.00013	0.99987	0
273	F	0.00000	0	1.00000	0
274	F	0.00000	0	1.00000	0
275	A	0.00000	0	1.00000	0
276	V	0.00000	0	1.00000	0
277	S	0.00000	0	1.00000	0
278	T	0.00000	0	1.00000	0
279	L	0.00000	0	1.00000	0
280	N	0.00000	0	1.00000	0
281	S	0.00000	0	1.00000	0
282	L	0.00000	0	1.00000	0
283	L	0.00000	0	1.00000	0
284	N	0.00001	0	0.99999	0
285	P	0.00004	0	0.99996	0
286	V	0.00064	0	0.99936	0
287	I	0.02260	0	0.97740	0
288	Y	0.03661	0	0.96339	0
289	T	0.06995	0	0.93005	0
290	W	0.12551	0	0.87449	0
291	R	1.00000	0	0.00000	0
292	S	1.00000	0	0.00000	0
293	R	1.00000	0	0.00000	0
294	D	1.00000	0	0.00000	0
295	L	1.00000	0	0.00000	0
296	R	1.00000	0	0.00000	0
297	R	1.00000	0	0.00000	0
298	E	1.00000	0	0.00000	0
299	V	1.00000	0	0.00000	0
300	L	1.00000	0	0.00000	0
301	R	1.00000	0	0.00000	0
302	P	1.00000	0	0.00000	0
303	L	1.00000	0	0.00000	0
304	Q	1.00000	0	0.00000	0
305	C	1.00000	0	0.00000	0
306	W	1.00000	0	0.00000	0
307	R	1.00000	0	0.00000	0
308	P	1.00000	0	0.00000	0
309	G	1.00000	0	0.00000	0
310	V	1.00000	0	0.00000	0
311	G	1.00000	0	0.00000	0
312	V	1.00000	0	0.00000	0
313	Q	1.00000	0	0.00000	0
314	G	1.00000	0	0.00000	0
315	R	1.00000	0	0.00000	0
316	R	1.00000	0	0.00000	0
317	R	1.00000	0	0.00000	0
318	G	1.00000	0	0.00000	0
319	G	1.00000	0	0.00000	0
320	T	1.00000	0	0.00000	0
321	P	1.00000	0	0.00000	0
322	G	1.00000	0	0.00000	0
323	H	1.00000	0	0.00000	0
324	H	1.00000	0	0.00000	0
325	L	1.00000	0	0.00000	0
326	L	1.00000	0	0.00000	0
327	P	1.00000	0	0.00000	0
328	L	1.00000	0	0.00000	0
329	R	1.00000	0	0.00000	0
330	S	1.00000	0	0.00000	0
331	S	1.00000	0	0.00000	0
332	S	1.00000	0	0.00000	0
333	S	1.00000	0	0.00000	0
334	L	1.00000	0	0.00000	0
335	E	1.00000	0	0.00000	0
336	R	1.00000	0	0.00000	0
337	G	1.00000	0	0.00000	0
338	M	1.00000	0	0.00000	0
339	H	1.00000	0	0.00000	0
340	M	1.00000	0	0.00000	0
341	P	1.00000	0	0.00000	0
342	T	1.00000	0	0.00000	0
343	S	1.00000	0	0.00000	0
344	P	1.00000	0	0.00000	0
345	T	1.00000	0	0.00000	0
346	F	1.00000	0	0.00000	0
347	L	1.00000	0	0.00000	0
348	E	1.00000	0	0.00000	0
349	G	1.00000	0	0.00000	0
350	N	1.00000	0	0.00000	0
351	T	1.00000	0	0.00000	0
352	V	1.00000	0	0.00000	0
353	V	1.00000	0	0.00000	0
