# UNNAMED
#pos	aa	i	o	M	S
1	M	0.00000	0.99376	0.00000	0.00624
2	V	0.00000	0.99376	0.00000	0.00624
3	C	0.00000	0.99376	0.00000	0.00624
4	E	0.00000	0.99376	0.00000	0.00624
5	G	0.00000	0.99376	0.00000	0.00623
6	K	0.00000	0.99376	0.00000	0.00623
7	R	0.00000	0.99376	0.00000	0.00623
8	S	0.00000	0.99376	0.00000	0.00623
9	A	0.00000	0.99376	0.00000	0.00624
10	S	0.00000	0.99376	0.00000	0.00624
11	C	0.00000	0.99376	0.00000	0.00624
12	P	0.00000	0.99376	0.00000	0.00623
13	C	0.00000	0.99376	0.00000	0.00623
14	F	0.00000	0.99377	0.00000	0.00623
15	F	0.00000	0.99377	0.00000	0.00623
16	L	0.00000	0.99377	0.00000	0.00622
17	L	0.00000	0.99377	0.00000	0.00623
18	T	0.00000	0.99377	0.00000	0.00623
19	A	0.00000	0.99377	0.00000	0.00623
20	K	0.00000	0.99447	0.00000	0.00553
21	F	0.00000	0.99447	0.00000	0.00553
22	Y	0.00000	0.99449	0.00000	0.00551
23	W	0.00000	0.99449	0.00000	0.00551
24	I	0.00000	0.99449	0.00000	0.00551
25	L	0.00000	0.99449	0.00000	0.00551
26	T	0.00000	0.99449	0.00000	0.00551
27	M	0.00000	0.99449	0.00000	0.00551
28	M	0.00000	0.99449	0.00000	0.00551
29	Q	0.00000	0.99452	0.00000	0.00548
30	R	0.00000	0.99452	0.00000	0.00548
31	T	0.00000	0.99452	0.00000	0.00548
32	H	0.00000	0.99452	0.00000	0.00548
33	S	0.00000	0.99452	0.00000	0.00548
34	Q	0.00000	1	0.00000	0
35	E	0.00000	1	0.00000	0
36	Y	0.00000	1	0.00000	0
37	A	0.00000	1	0.00000	0
38	H	0.00000	1	0.00000	0
39	S	0.00000	1	0.00000	0
40	I	0.00000	1	0.00000	0
41	R	0.00000	1	0.00000	0
42	V	0.00000	1	0.00000	0
43	D	0.00000	1	0.00000	0
44	G	0.00000	1	0.00000	0
45	D	0.00000	1	0.00000	0
46	I	0.00000	1	0.00000	0
47	I	0.00000	1	0.00000	0
48	L	0.00000	1	0.00000	0
49	G	0.00000	1	0.00000	0
50	G	0.00000	1	0.00000	0
51	L	0.00000	1	0.00000	0
52	F	0.00000	1	0.00000	0
53	P	0.00000	1	0.00000	0
54	V	0.00000	1	0.00000	0
55	H	0.00000	1	0.00000	0
56	A	0.00000	1	0.00000	0
57	K	0.00000	1	0.00000	0
58	G	0.00000	1	0.00000	0
59	E	0.00000	1	0.00000	0
60	R	0.00000	1	0.00000	0
61	G	0.00000	1	0.00000	0
62	V	0.00000	1	0.00000	0
63	P	0.00000	1	0.00000	0
64	C	0.00000	1	0.00000	0
65	G	0.00000	1	0.00000	0
66	E	0.00000	1	0.00000	0
67	L	0.00000	1	0.00000	0
68	K	0.00000	1	0.00000	0
69	K	0.00000	1	0.00000	0
70	E	0.00000	1	0.00000	0
71	K	0.00000	1	0.00000	0
72	G	0.00000	1	0.00000	0
73	I	0.00000	1	0.00000	0
74	H	0.00000	1	0.00000	0
75	R	0.00000	1	0.00000	0
76	L	0.00000	1	0.00000	0
77	E	0.00000	1	0.00000	0
78	A	0.00000	1	0.00000	0
79	M	0.00000	1	0.00000	0
80	L	0.00000	1	0.00000	0
81	Y	0.00000	1	0.00000	0
82	A	0.00000	1	0.00000	0
83	I	0.00000	1	0.00000	0
84	D	0.00000	1	0.00000	0
85	Q	0.00000	1	0.00000	0
86	I	0.00000	1	0.00000	0
87	N	0.00000	1	0.00000	0
88	K	0.00000	1	0.00000	0
89	D	0.00000	1	0.00000	0
90	P	0.00000	1	0.00000	0
91	D	0.00000	1	0.00000	0
92	L	0.00000	1	0.00000	0
93	L	0.00000	1	0.00000	0
94	S	0.00000	1	0.00000	0
95	N	0.00000	1	0.00000	0
96	I	0.00000	1	0.00000	0
97	T	0.00000	1	0.00000	0
98	L	0.00000	1	0.00000	0
99	G	0.00000	1	0.00000	0
100	V	0.00000	1	0.00000	0
101	R	0.00000	1	0.00000	0
102	I	0.00000	1	0.00000	0
103	L	0.00000	1	0.00000	0
104	D	0.00000	1	0.00000	0
105	T	0.00000	1	0.00000	0
106	C	0.00000	1	0.00000	0
107	S	0.00000	1	0.00000	0
108	R	0.00000	1	0.00000	0
109	D	0.00000	1	0.00000	0
110	T	0.00000	1	0.00000	0
111	Y	0.00000	1	0.00000	0
112	A	0.00000	1	0.00000	0
113	L	0.00000	1	0.00000	0
114	E	0.00000	1	0.00000	0
115	Q	0.00000	1	0.00000	0
116	S	0.00000	1	0.00000	0
117	L	0.00000	1	0.00000	0
118	T	0.00000	1	0.00000	0
119	F	0.00000	1	0.00000	0
120	V	0.00000	1	0.00000	0
121	Q	0.00000	1	0.00000	0
122	A	0.00000	1	0.00000	0
123	L	0.00000	1	0.00000	0
124	I	0.00000	1	0.00000	0
125	E	0.00000	1	0.00000	0
126	K	0.00000	1	0.00000	0
127	D	0.00000	1	0.00000	0
128	A	0.00000	1	0.00000	0
129	S	0.00000	1	0.00000	0
130	D	0.00000	1	0.00000	0
131	V	0.00000	1	0.00000	0
132	K	0.00000	1	0.00000	0
133	C	0.00000	1	0.00000	0
134	A	0.00000	1	0.00000	0
135	N	0.00000	1	0.00000	0
136	G	0.00000	1	0.00000	0
137	D	0.00000	1	0.00000	0
138	P	0.00000	1	0.00000	0
139	P	0.00000	1	0.00000	0
140	I	0.00000	1	0.00000	0
141	F	0.00000	1	0.00000	0
142	T	0.00000	1	0.00000	0
143	K	0.00000	1	0.00000	0
144	P	0.00000	1	0.00000	0
145	D	0.00000	1	0.00000	0
146	K	0.00000	1	0.00000	0
147	I	0.00000	1	0.00000	0
148	S	0.00000	1	0.00000	0
149	G	0.00000	1	0.00000	0
150	V	0.00000	1	0.00000	0
151	I	0.00000	1	0.00000	0
152	G	0.00000	1	0.00000	0
153	A	0.00000	1	0.00000	0
154	A	0.00000	1	0.00000	0
155	A	0.00000	1	0.00000	0
156	S	0.00000	1	0.00000	0
157	S	0.00000	1	0.00000	0
158	V	0.00000	1	0.00000	0
159	S	0.00000	1	0.00000	0
160	I	0.00000	1	0.00000	0
161	M	0.00000	1	0.00000	0
162	V	0.00000	1	0.00000	0
163	A	0.00000	1	0.00000	0
164	N	0.00000	1	0.00000	0
165	I	0.00000	1	0.00000	0
166	L	0.00000	1	0.00000	0
167	R	0.00000	1	0.00000	0
168	L	0.00000	1	0.00000	0
169	F	0.00000	1	0.00000	0
170	K	0.00000	1	0.00000	0
171	I	0.00000	1	0.00000	0
172	P	0.00000	1	0.00000	0
173	Q	0.00000	1	0.00000	0
174	I	0.00000	1	0.00000	0
175	S	0.00000	1	0.00000	0
176	Y	0.00000	1	0.00000	0
177	A	0.00000	1	0.00000	0
178	S	0.00000	1	0.00000	0
179	T	0.00000	1	0.00000	0
180	A	0.00000	1	0.00000	0
181	P	0.00000	1	0.00000	0
182	E	0.00000	1	0.00000	0
183	L	0.00000	1	0.00000	0
184	S	0.00000	1	0.00000	0
185	D	0.00000	1	0.00000	0
186	N	0.00000	1	0.00000	0
187	T	0.00000	1	0.00000	0
188	R	0.00000	1	0.00000	0
189	Y	0.00000	1	0.00000	0
190	D	0.00000	1	0.00000	0
191	F	0.00000	1	0.00000	0
192	F	0.00000	1	0.00000	0
193	S	0.00000	1	0.00000	0
194	R	0.00000	1	0.00000	0
195	V	0.00000	1	0.00000	0
196	V	0.00000	1	0.00000	0
197	P	0.00000	1	0.00000	0
198	P	0.00000	1	0.00000	0
199	D	0.00000	1	0.00000	0
200	S	0.00000	1	0.00000	0
201	Y	0.00000	1	0.00000	0
202	Q	0.00000	1	0.00000	0
203	A	0.00000	1	0.00000	0
204	Q	0.00000	1	0.00000	0
205	A	0.00000	1	0.00000	0
206	M	0.00000	1	0.00000	0
207	V	0.00000	1	0.00000	0
208	D	0.00000	1	0.00000	0
209	I	0.00000	1	0.00000	0
210	V	0.00000	1	0.00000	0
211	T	0.00000	1	0.00000	0
212	A	0.00000	1	0.00000	0
213	L	0.00000	1	0.00000	0
214	G	0.00000	1	0.00000	0
215	W	0.00000	1	0.00000	0
216	N	0.00000	1	0.00000	0
217	Y	0.00000	1	0.00000	0
218	V	0.00000	1	0.00000	0
219	S	0.00000	1	0.00000	0
220	T	0.00000	1	0.00000	0
221	L	0.00000	1	0.00000	0
222	A	0.00000	1	0.00000	0
223	S	0.00000	1	0.00000	0
224	E	0.00000	1	0.00000	0
225	G	0.00000	1	0.00000	0
226	N	0.00000	1	0.00000	0
227	Y	0.00000	1	0.00000	0
228	G	0.00000	1	0.00000	0
229	E	0.00000	1	0.00000	0
230	S	0.00000	1	0.00000	0
231	G	0.00000	1	0.00000	0
232	V	0.00000	1	0.00000	0
233	E	0.00000	1	0.00000	0
234	A	0.00000	1	0.00000	0
235	F	0.00000	1	0.00000	0
236	T	0.00000	1	0.00000	0
237	Q	0.00000	1	0.00000	0
238	I	0.00000	1	0.00000	0
239	S	0.00000	1	0.00000	0
240	R	0.00000	1	0.00000	0
241	E	0.00000	1	0.00000	0
242	I	0.00000	1	0.00000	0
243	G	0.00000	1	0.00000	0
244	G	0.00000	1	0.00000	0
245	V	0.00000	1	0.00000	0
246	C	0.00000	1	0.00000	0
247	I	0.00000	1	0.00000	0
248	A	0.00000	1	0.00000	0
249	Q	0.00000	1	0.00000	0
250	S	0.00000	1	0.00000	0
251	Q	0.00000	1	0.00000	0
252	K	0.00000	1	0.00000	0
253	I	0.00000	1	0.00000	0
254	P	0.00000	1	0.00000	0
255	R	0.00000	1	0.00000	0
256	E	0.00000	1	0.00000	0
257	P	0.00000	1	0.00000	0
258	R	0.00000	1	0.00000	0
259	P	0.00000	1	0.00000	0
260	G	0.00000	1	0.00000	0
261	E	0.00000	1	0.00000	0
262	F	0.00000	1	0.00000	0
263	E	0.00000	1	0.00000	0
264	K	0.00000	1	0.00000	0
265	I	0.00000	1	0.00000	0
266	I	0.00000	1	0.00000	0
267	K	0.00000	1	0.00000	0
268	R	0.00000	1	0.00000	0
269	L	0.00000	1	0.00000	0
270	L	0.00000	1	0.00000	0
271	E	0.00000	1	0.00000	0
272	T	0.00000	1	0.00000	0
273	P	0.00000	1	0.00000	0
274	N	0.00000	1	0.00000	0
275	A	0.00000	1	0.00000	0
276	R	0.00000	1	0.00000	0
277	A	0.00000	1	0.00000	0
278	V	0.00000	1	0.00000	0
279	I	0.00000	1	0.00000	0
280	M	0.00000	1	0.00000	0
281	F	0.00000	1	0.00000	0
282	A	0.00000	1	0.00000	0
283	N	0.00000	1	0.00000	0
284	E	0.00000	1	0.00000	0
285	D	0.00000	1	0.00000	0
286	D	0.00000	1	0.00000	0
287	I	0.00000	1	0.00000	0
288	R	0.00000	1	0.00000	0
289	R	0.00000	1	0.00000	0
290	I	0.00000	1	0.00000	0
291	L	0.00000	1	0.00000	0
292	E	0.00000	1	0.00000	0
293	A	0.00000	1	0.00000	0
294	A	0.00000	1	0.00000	0
295	K	0.00000	1	0.00000	0
296	K	0.00000	1	0.00000	0
297	L	0.00000	1	0.00000	0
298	N	0.00000	1	0.00000	0
299	Q	0.00000	1	0.00000	0
300	S	0.00000	1	0.00000	0
301	G	0.00000	1	0.00000	0
302	H	0.00000	1	0.00000	0
303	F	0.00000	1	0.00000	0
304	L	0.00000	1	0.00000	0
305	W	0.00000	1	0.00000	0
306	I	0.00000	1	0.00000	0
307	G	0.00000	1	0.00000	0
308	S	0.00000	1	0.00000	0
309	D	0.00000	1	0.00000	0
310	S	0.00000	1	0.00000	0
311	W	0.00000	1	0.00000	0
312	G	0.00000	1	0.00000	0
313	S	0.00000	1	0.00000	0
314	K	0.00000	1	0.00000	0
315	I	0.00000	1	0.00000	0
316	A	0.00000	1	0.00000	0
317	P	0.00000	1	0.00000	0
318	V	0.00000	1	0.00000	0
319	Y	0.00000	1	0.00000	0
320	Q	0.00000	1	0.00000	0
321	Q	0.00000	1	0.00000	0
322	E	0.00000	1	0.00000	0
323	E	0.00000	1	0.00000	0
324	I	0.00000	1	0.00000	0
325	A	0.00000	1	0.00000	0
326	E	0.00000	1	0.00000	0
327	G	0.00000	1	0.00000	0
328	A	0.00000	1	0.00000	0
329	V	0.00000	1	0.00000	0
330	T	0.00000	1	0.00000	0
331	I	0.00000	1	0.00000	0
332	L	0.00000	1	0.00000	0
333	P	0.00000	1	0.00000	0
334	K	0.00000	1	0.00000	0
335	R	0.00000	1	0.00000	0
336	A	0.00000	1	0.00000	0
337	S	0.00000	1	0.00000	0
338	I	0.00000	1	0.00000	0
339	D	0.00000	1	0.00000	0
340	G	0.00000	1	0.00000	0
341	F	0.00000	1	0.00000	0
342	D	0.00000	1	0.00000	0
343	R	0.00000	1	0.00000	0
344	Y	0.00000	1	0.00000	0
345	F	0.00000	1	0.00000	0
346	R	0.00000	1	0.00000	0
347	S	0.00000	1	0.00000	0
348	R	0.00000	1	0.00000	0
349	T	0.00000	1	0.00000	0
350	L	0.00000	1	0.00000	0
351	A	0.00000	1	0.00000	0
352	N	0.00000	1	0.00000	0
353	N	0.00000	1	0.00000	0
354	R	0.00000	1	0.00000	0
355	R	0.00000	1	0.00000	0
356	N	0.00000	1	0.00000	0
357	V	0.00000	1	0.00000	0
358	W	0.00000	1	0.00000	0
359	F	0.00000	1	0.00000	0
360	A	0.00000	1	0.00000	0
361	E	0.00000	1	0.00000	0
362	F	0.00000	1	0.00000	0
363	W	0.00000	1	0.00000	0
364	E	0.00000	1	0.00000	0
365	E	0.00000	1	0.00000	0
366	N	0.00000	1	0.00000	0
367	F	0.00000	1	0.00000	0
368	G	0.00000	1	0.00000	0
369	C	0.00000	1	0.00000	0
370	K	0.00000	1	0.00000	0
371	L	0.00000	1	0.00000	0
372	G	0.00000	1	0.00000	0
373	S	0.00000	1	0.00000	0
374	H	0.00000	1	0.00000	0
375	G	0.00000	1	0.00000	0
376	K	0.00000	1	0.00000	0
377	R	0.00000	1	0.00000	0
378	N	0.00000	1	0.00000	0
379	S	0.00000	1	0.00000	0
380	H	0.00000	1	0.00000	0
381	I	0.00000	1	0.00000	0
382	K	0.00000	1	0.00000	0
383	K	0.00000	1	0.00000	0
384	C	0.00000	1	0.00000	0
385	T	0.00000	1	0.00000	0
386	G	0.00000	1	0.00000	0
387	L	0.00000	1	0.00000	0
388	E	0.00000	1	0.00000	0
389	R	0.00000	1	0.00000	0
390	I	0.00000	1	0.00000	0
391	A	0.00000	1	0.00000	0
392	R	0.00000	1	0.00000	0
393	D	0.00000	1	0.00000	0
394	S	0.00000	1	0.00000	0
395	S	0.00000	1	0.00000	0
396	Y	0.00000	1	0.00000	0
397	E	0.00000	1	0.00000	0
398	Q	0.00000	1	0.00000	0
399	E	0.00000	1	0.00000	0
400	G	0.00000	1	0.00000	0
401	K	0.00000	1	0.00000	0
402	V	0.00000	1	0.00000	0
403	Q	0.00000	1	0.00000	0
404	F	0.00000	1	0.00000	0
405	V	0.00000	1	0.00000	0
406	I	0.00000	1	0.00000	0
407	D	0.00000	1	0.00000	0
408	A	0.00000	1	0.00000	0
409	V	0.00000	1	0.00000	0
410	Y	0.00000	1	0.00000	0
411	S	0.00000	1	0.00000	0
412	M	0.00000	1	0.00000	0
413	A	0.00000	1	0.00000	0
414	Y	0.00000	1	0.00000	0
415	A	0.00000	1	0.00000	0
416	L	0.00000	1	0.00000	0
417	H	0.00000	1	0.00000	0
418	N	0.00000	1	0.00000	0
419	M	0.00000	1	0.00000	0
420	H	0.00000	1	0.00000	0
421	K	0.00000	1	0.00000	0
422	D	0.00000	1	0.00000	0
423	L	0.00000	1	0.00000	0
424	C	0.00000	1	0.00000	0
425	P	0.00000	1	0.00000	0
426	G	0.00000	1	0.00000	0
427	Y	0.00000	1	0.00000	0
428	I	0.00000	1	0.00000	0
429	G	0.00000	1	0.00000	0
430	L	0.00000	1	0.00000	0
431	C	0.00000	1	0.00000	0
432	P	0.00000	1	0.00000	0
433	R	0.00000	1	0.00000	0
434	M	0.00000	1	0.00000	0
435	S	0.00000	1	0.00000	0
436	T	0.00000	1	0.00000	0
437	I	0.00000	1	0.00000	0
438	D	0.00000	1	0.00000	0
439	G	0.00000	1	0.00000	0
440	K	0.00000	1	0.00000	0
441	E	0.00000	1	0.00000	0
442	L	0.00000	1	0.00000	0
443	L	0.00000	1	0.00000	0
444	G	0.00000	1	0.00000	0
445	Y	0.00000	1	0.00000	0
446	I	0.00000	1	0.00000	0
447	R	0.00000	1	0.00000	0
448	A	0.00000	1	0.00000	0
449	V	0.00000	1	0.00000	0
450	N	0.00000	1	0.00000	0
451	F	0.00000	1	0.00000	0
452	N	0.00000	1	0.00000	0
453	G	0.00000	1	0.00000	0
454	S	0.00000	1	0.00000	0
455	A	0.00000	1	0.00000	0
456	G	0.00000	1	0.00000	0
457	T	0.00000	1	0.00000	0
458	P	0.00000	1	0.00000	0
459	V	0.00000	1	0.00000	0
460	T	0.00000	1	0.00000	0
461	F	0.00000	1	0.00000	0
462	N	0.00000	1	0.00000	0
463	E	0.00000	1	0.00000	0
464	N	0.00000	1	0.00000	0
465	G	0.00000	1	0.00000	0
466	D	0.00000	1	0.00000	0
467	A	0.00000	1	0.00000	0
468	P	0.00000	1	0.00000	0
469	G	0.00000	1	0.00000	0
470	R	0.00000	1	0.00000	0
471	Y	0.00000	1	0.00000	0
472	D	0.00000	1	0.00000	0
473	I	0.00000	1	0.00000	0
474	F	0.00000	1	0.00000	0
475	Q	0.00000	1	0.00000	0
476	Y	0.00000	1	0.00000	0
477	Q	0.00000	1	0.00000	0
478	I	0.00000	1	0.00000	0
479	T	0.00000	1	0.00000	0
480	N	0.00000	1	0.00000	0
481	K	0.00000	1	0.00000	0
482	S	0.00000	1	0.00000	0
483	T	0.00000	1	0.00000	0
484	E	0.00000	1	0.00000	0
485	Y	0.00000	1	0.00000	0
486	K	0.00000	1	0.00000	0
487	V	0.00000	1	0.00000	0
488	I	0.00000	1	0.00000	0
489	G	0.00000	1	0.00000	0
490	H	0.00000	1	0.00000	0
491	W	0.00000	1	0.00000	0
492	T	0.00000	1	0.00000	0
493	N	0.00000	1	0.00000	0
494	Q	0.00000	1	0.00000	0
495	L	0.00000	1	0.00000	0
496	H	0.00000	1	0.00000	0
497	L	0.00000	1	0.00000	0
498	K	0.00000	1	0.00000	0
499	V	0.00000	1	0.00000	0
500	E	0.00000	1	0.00000	0
501	D	0.00000	1	0.00000	0
502	M	0.00000	1	0.00000	0
503	Q	0.00000	1	0.00000	0
504	W	0.00000	1	0.00000	0
505	A	0.00000	1	0.00000	0
506	H	0.00000	1	0.00000	0
507	R	0.00000	1	0.00000	0
508	E	0.00000	1	0.00000	0
509	H	0.00000	1	0.00000	0
510	T	0.00000	1	0.00000	0
511	H	0.00000	1	0.00000	0
512	P	0.00000	1	0.00000	0
513	A	0.00000	1	0.00000	0
514	S	0.00000	1	0.00000	0
515	V	0.00000	1	0.00000	0
516	C	0.00000	1	0.00000	0
517	S	0.00000	1	0.00000	0
518	L	0.00000	1	0.00000	0
519	P	0.00000	1	0.00000	0
520	C	0.00000	1	0.00000	0
521	K	0.00000	1	0.00000	0
522	P	0.00000	1	0.00000	0
523	G	0.00000	1	0.00000	0
524	E	0.00000	1	0.00000	0
525	R	0.00000	1	0.00000	0
526	K	0.00000	1	0.00000	0
527	K	0.00000	1	0.00000	0
528	T	0.00000	1	0.00000	0
529	V	0.00000	1	0.00000	0
530	K	0.00000	1	0.00000	0
531	G	0.00000	1	0.00000	0
532	V	0.00000	1	0.00000	0
533	P	0.00000	1	0.00000	0
534	C	0.00000	1	0.00000	0
535	C	0.00000	1	0.00000	0
536	W	0.00000	1	0.00000	0
537	H	0.00000	1	0.00000	0
538	C	0.00000	1	0.00000	0
539	E	0.00000	1	0.00000	0
540	R	0.00000	1	0.00000	0
541	C	0.00000	1	0.00000	0
542	E	0.00000	1	0.00000	0
543	G	0.00000	1	0.00000	0
544	Y	0.00000	1	0.00000	0
545	N	0.00000	1	0.00000	0
546	Y	0.00000	1	0.00000	0
547	Q	0.00000	1	0.00000	0
548	V	0.00000	1	0.00000	0
549	D	0.00000	1	0.00000	0
550	E	0.00000	1	0.00000	0
551	L	0.00000	1	0.00000	0
552	S	0.00000	1	0.00000	0
553	C	0.00000	1	0.00000	0
554	E	0.00000	1	0.00000	0
555	L	0.00000	1	0.00000	0
556	C	0.00000	1	0.00000	0
557	P	0.00000	1	0.00000	0
558	L	0.00000	1	0.00000	0
559	D	0.00000	1	0.00000	0
560	Q	0.00000	1	0.00000	0
561	R	0.00000	1	0.00000	0
562	P	0.00000	1	0.00000	0
563	N	0.00000	1	0.00000	0
564	M	0.00000	1	0.00000	0
565	N	0.00000	1	0.00000	0
566	R	0.00000	1	0.00000	0
567	T	0.00000	1	0.00000	0
568	G	0.00000	1	0.00000	0
569	C	0.00000	1	0.00000	0
570	Q	0.00000	1	0.00000	0
571	L	0.00000	1	0.00000	0
572	I	0.00000	1	0.00000	0
573	P	0.00000	1	0.00000	0
574	I	0.00000	1	0.00000	0
575	I	0.00000	1	0.00000	0
576	K	0.00000	1	0.00000	0
577	L	0.00000	1	0.00000	0
578	E	0.00000	1	0.00000	0
579	W	0.00000	0.99116	0.00884	0
580	H	0.00000	0.98866	0.01134	0
581	S	0.00000	0.98249	0.01751	0
582	P	0.00000	0.94923	0.05077	0
583	W	0.00000	0.41546	0.58454	0
584	A	0.00000	0.27948	0.72052	0
585	V	0.00000	0.09736	0.90264	0
586	V	0.00000	0.0426	0.95740	0
587	P	0.00000	0.03307	0.96693	0
588	V	0.00000	0.00295	0.99705	0
589	F	0.00000	0.0001	0.99990	0
590	V	0.00000	1e-05	0.99999	0
591	A	0.00000	0	1.00000	0
592	I	0.00000	0	1.00000	0
593	L	0.00000	0	1.00000	0
594	G	0.00000	0	1.00000	0
595	I	0.00000	0	1.00000	0
596	I	0.00000	0	1.00000	0
597	A	0.00000	0	1.00000	0
598	T	0.00000	0	1.00000	0
599	T	0.00000	0	1.00000	0
600	F	0.00000	0	1.00000	0
601	V	0.00000	0	1.00000	0
602	I	0.00000	0	1.00000	0
603	V	0.00002	0	0.99998	0
604	T	0.00153	0	0.99847	0
605	F	0.00610	0	0.99390	0
606	V	0.09508	0	0.90492	0
607	R	0.78096	0	0.21904	0
608	Y	0.82089	0	0.17911	0
609	N	0.96671	0	0.03329	0
610	D	0.99970	0	0.00030	0
611	T	0.99997	0	0.00003	0
612	P	1.00000	0	0.00000	0
613	I	1.00000	0	0.00000	0
614	V	1.00000	0	0.00000	0
615	R	1.00000	0	0.00000	0
616	A	0.99997	0	0.00003	0
617	S	0.99978	0	0.00022	0
618	G	0.99949	0	0.00051	0
619	R	0.99499	0	0.00501	0
620	E	0.82181	0	0.17819	0
621	L	0.05915	0	0.94085	0
622	S	0.01171	0	0.98829	0
623	Y	0.00020	0	0.99980	0
624	V	0.00002	0	0.99998	0
625	L	0.00000	0	1.00000	0
626	L	0.00000	0	1.00000	0
627	T	0.00000	0	1.00000	0
628	G	0.00000	0	1.00000	0
629	I	0.00000	0	1.00000	0
630	F	0.00000	0	1.00000	0
631	L	0.00000	0	1.00000	0
632	C	0.00000	0	1.00000	0
633	Y	0.00000	0	1.00000	0
634	S	0.00000	0	1.00000	0
635	I	0.00000	0	1.00000	0
636	T	0.00000	0	1.00000	0
637	F	0.00000	0	1.00000	0
638	L	0.00000	6e-05	0.99994	0
639	M	0.00000	0.00135	0.99865	0
640	I	0.00000	0.09954	0.90046	0
641	A	0.00000	0.37373	0.62627	0
642	A	0.00000	0.7769	0.22310	0
643	P	0.00000	0.93122	0.06878	0
644	D	0.00000	0.99984	0.00016	0
645	T	0.00000	1	0.00000	0
646	I	0.00000	1	0.00000	0
647	I	0.00000	1	0.00000	0
648	C	0.00000	1	0.00000	0
649	S	0.00000	0.99997	0.00003	0
650	F	0.00000	0.96334	0.03666	0
651	R	0.00000	0.90651	0.09349	0
652	R	0.00000	0.67271	0.32729	0
653	V	0.00000	0.25654	0.74346	0
654	F	0.00000	0.03049	0.96951	0
655	L	0.00000	0.00077	0.99923	0
656	G	0.00000	0.00036	0.99964	0
657	L	0.00000	1e-05	0.99999	0
658	G	0.00000	1e-05	0.99999	0
659	M	0.00000	0	1.00000	0
660	C	0.00000	0	1.00000	0
661	F	0.00000	0	1.00000	0
662	S	0.00000	0	1.00000	0
663	Y	0.00000	0	1.00000	0
664	A	0.00000	0	1.00000	0
665	A	0.00000	0	1.00000	0
666	L	0.00000	0	1.00000	0
667	L	0.00000	0	1.00000	0
668	T	0.00000	0	1.00000	0
669	K	0.00000	0	1.00000	0
670	T	0.00002	0	0.99998	0
671	N	0.00038	0	0.99962	0
672	R	0.00944	0	0.99056	0
673	I	0.14581	0	0.85419	0
674	H	0.31923	0	0.68077	0
675	R	0.37208	0	0.62792	0
676	I	0.62799	0	0.37201	0
677	F	0.99788	0	0.00212	0
678	E	0.99819	0	0.00181	0
679	Q	0.99958	0	0.00042	0
680	G	1.00000	0	0.00000	0
681	K	1.00000	0	0.00000	0
682	K	1.00000	0	0.00000	0
683	S	1.00000	0	0.00000	0
684	V	1.00000	0	0.00000	0
685	T	1.00000	0	0.00000	0
686	A	0.99999	0	0.00001	0
687	P	0.99999	0	0.00001	0
688	K	0.99997	0	0.00003	0
689	F	0.99816	0	0.00184	0
690	I	0.99747	0	0.00253	0
691	S	0.99741	0	0.00259	0
692	P	0.99696	0	0.00304	0
693	A	0.97006	0	0.02994	0
694	S	0.95648	0	0.04352	0
695	Q	0.90643	0	0.09357	0
696	L	0.01146	0	0.98854	0
697	V	0.00008	0	0.99992	0
698	I	0.00000	0	1.00000	0
699	T	0.00000	0	1.00000	0
700	F	0.00000	0	1.00000	0
701	S	0.00000	0	1.00000	0
702	L	0.00000	0	1.00000	0
703	I	0.00000	0	1.00000	0
704	S	0.00000	0	1.00000	0
705	V	0.00000	0	1.00000	0
706	Q	0.00000	0	1.00000	0
707	L	0.00000	0	1.00000	0
708	L	0.00000	1e-05	0.99999	0
709	G	0.00000	0.00012	0.99988	0
710	V	0.00000	0.00026	0.99974	0
711	F	0.00000	0.00074	0.99926	0
712	V	0.00000	0.00139	0.99861	0
713	W	0.00000	0.0022	0.99780	0
714	F	0.00000	0.00312	0.99688	0
715	V	0.00000	0.01716	0.98284	0
716	V	0.00000	0.16776	0.83224	0
717	D	0.00000	0.99721	0.00279	0
718	P	0.00000	0.99956	0.00044	0
719	P	0.00000	0.99995	0.00005	0
720	H	0.00000	0.99999	0.00001	0
721	I	0.00000	0.99999	0.00001	0
722	I	0.00000	0.99999	0.00001	0
723	I	0.00000	1	0.00000	0
724	D	0.00000	1	0.00000	0
725	Y	0.00000	1	0.00000	0
726	G	0.00000	1	0.00000	0
727	E	0.00000	1	0.00000	0
728	Q	0.00000	1	0.00000	0
729	R	0.00000	1	0.00000	0
730	T	0.00000	1	0.00000	0
731	L	0.00000	1	0.00000	0
732	D	0.00000	1	0.00000	0
733	P	0.00000	1	0.00000	0
734	E	0.00000	1	0.00000	0
735	K	0.00000	1	0.00000	0
736	A	0.00000	0.99996	0.00004	0
737	R	0.00000	0.99996	0.00004	0
738	G	0.00000	0.99981	0.00019	0
739	V	0.00000	0.99981	0.00019	0
740	L	0.00000	0.99981	0.00019	0
741	K	0.00000	0.99976	0.00024	0
742	C	0.00000	0.99976	0.00024	0
743	D	0.00000	0.99916	0.00084	0
744	I	0.00000	0.99242	0.00758	0
745	S	0.00000	0.9895	0.01050	0
746	D	0.00000	0.97014	0.02986	0
747	L	0.00000	0.00904	0.99096	0
748	S	0.00000	0.00826	0.99174	0
749	L	0.00000	3e-05	0.99997	0
750	I	0.00000	0	1.00000	0
751	C	0.00000	0	1.00000	0
752	S	0.00000	0	1.00000	0
753	L	0.00000	0	1.00000	0
754	G	0.00000	0	1.00000	0
755	Y	0.00000	0	1.00000	0
756	S	0.00000	0	1.00000	0
757	I	0.00000	0	1.00000	0
758	L	0.00000	0	1.00000	0
759	L	0.00000	0	1.00000	0
760	M	0.00002	0	0.99998	0
761	V	0.00002	0	0.99998	0
762	T	0.00010	0	0.99990	0
763	C	0.00012	0	0.99988	0
764	T	0.00016	0	0.99984	0
765	V	0.00016	0	0.99984	0
766	Y	0.00022	0	0.99978	0
767	A	0.00142	0	0.99858	0
768	I	0.02372	0	0.97628	0
769	K	0.79982	0	0.20018	0
770	T	0.94786	0	0.05214	0
771	R	0.99939	0	0.00061	0
772	G	0.99982	0	0.00018	0
773	V	0.99992	0	0.00008	0
774	P	1.00000	0	0.00000	0
775	E	1.00000	0	0.00000	0
776	T	1.00000	0	0.00000	0
777	F	1.00000	0	0.00000	0
778	N	1.00000	0	0.00000	0
779	E	1.00000	0	0.00000	0
780	A	0.99995	0	0.00005	0
781	K	0.99949	0	0.00051	0
782	P	0.99712	0	0.00288	0
783	I	0.07364	0	0.92636	0
784	G	0.05517	0	0.94483	0
785	F	0.01106	0	0.98894	0
786	T	0.00024	0	0.99976	0
787	M	0.00012	0	0.99988	0
788	Y	0.00009	0	0.99991	0
789	T	0.00001	0	0.99999	0
790	T	0.00001	0	0.99999	0
791	C	0.00000	0	1.00000	0
792	I	0.00000	0	1.00000	0
793	I	0.00000	0	1.00000	0
794	W	0.00000	0	1.00000	0
795	L	0.00000	0	1.00000	0
796	A	0.00000	0	1.00000	0
797	F	0.00000	0	1.00000	0
798	I	0.00000	0	1.00000	0
799	P	0.00000	0	1.00000	0
800	I	0.00000	0	1.00000	0
801	F	0.00000	0	1.00000	0
802	F	0.00000	0.00051	0.99949	0
803	G	0.00000	0.0275	0.97250	0
804	T	0.00000	0.07046	0.92954	0
805	A	0.00000	0.19445	0.80555	0
806	Q	0.00000	0.73419	0.26581	0
807	S	0.00000	0.82517	0.17483	0
808	A	0.00000	0.8602	0.13980	0
809	E	0.00000	0.99668	0.00332	0
810	K	0.00000	0.99575	0.00425	0
811	M	0.00000	0.92866	0.07134	0
812	Y	0.00000	0.90801	0.09199	0
813	I	0.00000	0.84318	0.15682	0
814	Q	0.00000	0.79603	0.20397	0
815	T	0.00000	0.61379	0.38621	0
816	T	0.00000	0.23646	0.76354	0
817	T	0.00000	0.20512	0.79488	0
818	L	0.00000	0.06152	0.93848	0
819	T	0.00000	0.0525	0.94750	0
820	V	0.00000	0.01202	0.98798	0
821	S	0.00000	0.00998	0.99002	0
822	M	0.00000	0.00073	0.99927	0
823	S	0.00000	0.00063	0.99937	0
824	L	0.00000	2e-05	0.99998	0
825	S	0.00000	1e-05	0.99999	0
826	A	0.00000	0	1.00000	0
827	S	0.00000	0	1.00000	0
828	V	0.00000	0	1.00000	0
829	S	0.00007	0	0.99993	0
830	L	0.00012	0	0.99988	0
831	G	0.00040	0	0.99960	0
832	M	0.00194	0	0.99806	0
833	L	0.01365	0	0.98635	0
834	Y	0.02270	0	0.97730	0
835	M	0.09884	0	0.90116	0
836	P	0.21188	0	0.78812	0
837	K	0.77693	0	0.22307	0
838	V	0.77693	0	0.22307	0
839	Y	0.77693	0	0.22307	0
840	I	0.77693	0	0.22307	0
841	I	0.77693	0	0.22307	0
842	I	0.77693	0	0.22307	0
843	F	0.90894	0	0.09106	0
844	H	0.99232	0	0.00768	0
845	P	0.99869	0	0.00131	0
846	E	1.00000	0	0.00000	0
847	Q	1.00000	0	0.00000	0
848	N	1.00000	0	0.00000	0
849	V	1.00000	0	0.00000	0
850	Q	1.00000	0	0.00000	0
851	K	1.00000	0	0.00000	0
852	R	1.00000	0	0.00000	0
853	K	1.00000	0	0.00000	0
854	R	1.00000	0	0.00000	0
855	S	1.00000	0	0.00000	0
856	F	1.00000	0	0.00000	0
857	K	1.00000	0	0.00000	0
858	A	1.00000	0	0.00000	0
859	V	1.00000	0	0.00000	0
860	V	1.00000	0	0.00000	0
861	T	1.00000	0	0.00000	0
862	A	1.00000	0	0.00000	0
863	A	1.00000	0	0.00000	0
864	T	1.00000	0	0.00000	0
865	M	1.00000	0	0.00000	0
866	Q	1.00000	0	0.00000	0
867	S	1.00000	0	0.00000	0
868	K	1.00000	0	0.00000	0
869	L	1.00000	0	0.00000	0
870	I	1.00000	0	0.00000	0
871	Q	1.00000	0	0.00000	0
872	K	1.00000	0	0.00000	0
873	G	1.00000	0	0.00000	0
874	N	1.00000	0	0.00000	0
875	D	1.00000	0	0.00000	0
876	R	1.00000	0	0.00000	0
877	P	1.00000	0	0.00000	0
878	N	1.00000	0	0.00000	0
879	G	1.00000	0	0.00000	0
880	E	1.00000	0	0.00000	0
881	V	1.00000	0	0.00000	0
882	K	1.00000	0	0.00000	0
883	S	1.00000	0	0.00000	0
884	E	1.00000	0	0.00000	0
885	L	1.00000	0	0.00000	0
886	C	1.00000	0	0.00000	0
887	E	1.00000	0	0.00000	0
888	S	1.00000	0	0.00000	0
889	L	1.00000	0	0.00000	0
890	E	1.00000	0	0.00000	0
891	T	1.00000	0	0.00000	0
892	N	1.00000	0	0.00000	0
893	T	1.00000	0	0.00000	0
894	S	1.00000	0	0.00000	0
895	S	1.00000	0	0.00000	0
896	T	1.00000	0	0.00000	0
897	K	1.00000	0	0.00000	0
898	T	1.00000	0	0.00000	0
899	T	1.00000	0	0.00000	0
900	Y	1.00000	0	0.00000	0
901	I	1.00000	0	0.00000	0
902	S	1.00000	0	0.00000	0
903	Y	1.00000	0	0.00000	0
904	S	1.00000	0	0.00000	0
905	N	1.00000	0	0.00000	0
906	H	1.00000	0	0.00000	0
907	S	1.00000	0	0.00000	0
908	I	1.00000	0	0.00000	0
