# UNNAMED
#pos	aa	i	o	M	S
1	M	0.00000	1	0.00000	0
2	E	0.00000	1	0.00000	0
3	E	0.00000	1	0.00000	0
4	G	0.00000	1	0.00000	0
5	Q	0.00000	1	0.00000	0
6	Y	0.00000	1	0.00000	0
7	S	0.00000	1	0.00000	0
8	E	0.00000	1	0.00000	0
9	I	0.00000	1	0.00000	0
10	E	0.00000	1	0.00000	0
11	E	0.00000	1	0.00000	0
12	L	0.00000	1	0.00000	0
13	P	0.00000	1	0.00000	0
14	R	0.00000	1	0.00000	0
15	R	0.00000	1	0.00000	0
16	R	0.00000	1	0.00000	0
17	C	0.00000	1	0.00000	0
18	C	0.00000	1	0.00000	0
19	R	0.00000	0.99997	0.00003	0
20	R	0.00000	0.99702	0.00298	0
21	G	0.00000	0.83477	0.16523	0
22	T	0.00000	0.57008	0.42992	0
23	Q	0.00000	0.40329	0.59671	0
24	I	0.00000	0.04452	0.95548	0
25	V	0.00000	0.01508	0.98492	0
26	L	0.00000	0.00674	0.99326	0
27	L	0.00000	0.00164	0.99836	0
28	G	0.00000	0.00055	0.99945	0
29	L	0.00000	0.00011	0.99989	0
30	V	0.00000	8e-05	0.99992	0
31	T	0.00000	0	1.00000	0
32	A	0.00000	0	1.00000	0
33	A	0.00000	0	1.00000	0
34	L	0.00000	0	1.00000	0
35	W	0.00000	0	1.00000	0
36	A	0.00000	0	1.00000	0
37	G	0.00000	0	1.00000	0
38	L	0.00000	0	1.00000	0
39	L	0.00003	0	0.99997	0
40	T	0.00196	0	0.99804	0
41	L	0.00202	0	0.99798	0
42	L	0.00282	0	0.99718	0
43	L	0.02228	0	0.97772	0
44	L	0.10133	0	0.89867	0
45	W	0.31099	0	0.68901	0
46	H	0.63744	0	0.36256	0
47	W	0.75410	0	0.24590	0
48	D	0.99135	0	0.00865	0
49	T	0.99770	0	0.00230	0
50	T	0.99923	0	0.00077	0
51	Q	0.98102	0	0.01898	0
52	S	0.82103	0	0.17897	0
53	L	0.36341	0	0.63659	0
54	K	0.33700	0	0.66300	0
55	Q	0.30222	0	0.69778	0
56	L	0.29938	0	0.70062	0
57	E	0.29936	0	0.70064	0
58	E	0.29934	0	0.70066	0
59	R	0.29855	0	0.70145	0
60	A	0.26345	0	0.73655	0
61	A	0.25165	0	0.74834	0
62	R	0.23037	0	0.76963	0
63	N	0.00420	0	0.99580	0
64	V	0.00107	0	0.99893	0
65	S	0.00050	0	0.99950	0
66	Q	0.00007	0	0.99993	0
67	V	0.00000	0	0.99999	0
68	S	0.00000	6e-05	0.99994	0
69	K	0.00000	0.00172	0.99828	0
70	N	0.00000	0.0133	0.98670	0
71	L	0.00000	0.09243	0.90757	0
72	E	0.00000	0.45564	0.54436	0
73	S	0.00000	0.52869	0.47131	0
74	H	0.00000	0.69982	0.30018	0
75	H	0.00000	0.70007	0.29993	0
76	G	0.00000	0.70008	0.29992	0
77	D	0.00000	0.70011	0.29989	0
78	Q	0.00000	0.70011	0.29989	0
79	M	0.00000	0.70013	0.29987	0
80	A	0.00000	0.70183	0.29817	0
81	Q	0.00000	0.74296	0.25704	0
82	K	0.00000	0.77937	0.22063	0
83	S	0.00000	0.97801	0.02199	0
84	Q	0.00000	0.9925	0.00750	0
85	S	0.00000	0.99776	0.00224	0
86	T	0.00000	0.9998	0.00020	0
87	Q	0.00000	0.99996	0.00004	0
88	I	0.00000	0.99996	0.00004	0
89	S	0.00000	0.99999	0.00001	0
90	Q	0.00000	1	0.00000	0
91	E	0.00000	1	0.00000	0
92	L	0.00000	1	0.00000	0
93	E	0.00000	1	0.00000	0
94	E	0.00000	1	0.00000	0
95	L	0.00000	1	0.00000	0
96	R	0.00000	1	0.00000	0
97	A	0.00000	1	0.00000	0
98	E	0.00000	1	0.00000	0
99	Q	0.00000	0.99884	0.00115	0
100	Q	0.00000	0.99815	0.00184	0
101	R	0.00000	0.98931	0.01069	0
102	L	0.00000	0.09551	0.90449	0
103	K	0.00000	0.01336	0.98664	0
104	S	0.00000	0.01336	0.98664	0
105	Q	0.00000	0.01336	0.98664	0
106	D	0.00000	0.01336	0.98664	0
107	L	0.00000	0.01336	0.98664	0
108	E	0.00000	0.01336	0.98664	0
109	L	0.00000	0.01055	0.98945	0
110	S	0.00000	0.01054	0.98946	0
111	W	0.00000	0.01053	0.98947	0
112	N	0.00000	0.01053	0.98947	0
113	L	0.00000	0.01042	0.98958	0
114	N	0.00000	0.01042	0.98958	0
115	G	0.00000	0.00051	0.99949	0
116	L	0.00000	0	1.00000	0
117	Q	0.00000	0	1.00000	0
118	A	0.00000	0	1.00000	0
119	D	0.00000	0	1.00000	0
120	L	0.00000	0	0.99999	0
121	S	0.00948	0	0.99052	0
122	S	0.29696	0	0.70304	0
123	F	0.31174	0	0.68826	0
124	K	0.97511	0	0.02489	0
125	S	0.97626	0	0.02374	0
126	Q	0.97636	0	0.02364	0
127	E	0.97679	0	0.02321	0
128	L	0.98663	0	0.01337	0
129	N	0.98713	0	0.01286	0
130	E	0.98719	1e-05	0.01281	0
131	R	0.98945	1e-05	0.01054	0
132	N	0.98947	1e-05	0.01053	0
133	E	0.98948	1e-05	0.01052	0
134	A	0.99579	1e-05	0.00420	0
135	S	0.99922	1e-05	0.00077	0
136	D	0.99997	1e-05	0.00002	0
137	L	0.99998	1e-05	0.00002	0
138	L	0.99991	1e-05	0.00009	0
139	E	0.99986	1e-05	0.00013	0
140	R	0.99959	1e-05	0.00040	0
141	L	0.99812	1e-05	0.00187	0
142	R	0.99807	1e-05	0.00193	0
143	E	0.99434	1e-05	0.00566	0
144	E	0.98753	1e-05	0.01247	0
145	V	0.01679	0	0.98320	0
146	T	0.01427	0	0.98573	0
147	K	0.01344	0	0.98655	0
148	L	0.01100	0	0.98899	0
149	R	0.01075	0	0.98925	0
150	M	0.00295	0	0.99704	0
151	E	0.00084	0	0.99916	0
152	L	0.00000	0	1.00000	0
153	Q	0.00000	0	1.00000	0
154	V	0.00000	0	1.00000	0
155	S	0.00000	0	1.00000	0
156	S	0.00000	0	1.00000	0
157	G	0.00000	0	1.00000	0
158	F	0.00000	1e-05	0.99999	0
159	V	0.00000	4e-05	0.99996	0
160	C	0.00000	0.00065	0.99935	0
161	N	0.00000	0.00134	0.99866	0
162	T	0.00000	0.00184	0.99816	0
163	C	0.00000	0.01743	0.98257	0
164	P	0.00000	0.16563	0.83437	0
165	E	0.00000	0.67976	0.32024	0
166	K	0.00000	0.97771	0.02229	0
167	W	0.00000	0.98002	0.01998	0
168	I	0.00000	0.981	0.01900	0
169	N	0.00000	0.9897	0.01030	0
170	F	0.00000	0.99191	0.00808	0
171	Q	0.00000	0.99927	0.00072	0
172	R	0.00000	0.99994	0.00006	0
173	K	0.00000	0.99999	0.00000	0
174	C	0.00000	0.99999	0.00000	0
175	Y	0.00000	0.99999	0.00000	0
176	Y	0.00000	0.99999	0.00000	0
177	F	0.00001	0.99999	0.00001	0
178	G	0.00001	0.99999	0.00001	0
179	K	0.00001	0.99999	0.00001	0
180	G	0.00001	0.99997	0.00003	0
181	T	0.00001	0.99844	0.00156	0
182	K	0.00001	0.9983	0.00169	0
183	Q	0.00001	0.08809	0.91190	0
184	W	0.00000	0.01037	0.98963	0
185	V	0.00000	0.00724	0.99276	0
186	H	0.00000	0.00714	0.99286	0
187	A	0.00000	0.00702	0.99297	0
188	R	0.00000	0.00702	0.99297	0
189	Y	0.00000	0.00702	0.99297	0
190	A	0.00000	0.00702	0.99297	0
191	C	0.00000	0.00702	0.99297	0
192	D	0.00000	0.00702	0.99297	0
193	D	0.00000	0.00702	0.99297	0
194	M	0.00000	0.00702	0.99297	0
195	E	0.00000	0.00702	0.99297	0
196	G	0.00000	0.00702	0.99297	0
197	Q	0.00000	0.00702	0.99297	0
198	L	0.00000	0.00702	0.99297	0
199	V	0.00000	0.00702	0.99297	0
200	S	0.00001	0.00702	0.99297	0
201	I	0.00001	0.00702	0.99297	0
202	H	0.00139	0.00702	0.99158	0
203	S	0.16281	0.00702	0.83016	0
204	P	0.76675	0.00702	0.22622	0
205	E	0.95686	0.00702	0.03611	0
206	E	0.99183	0.00702	0.00115	0
207	Q	0.99296	0.00702	0.00002	0
208	D	0.99296	0.00702	0.00002	0
209	F	0.99296	0.00701	0.00003	0
210	L	0.99297	0.00699	0.00004	0
211	T	0.99297	0.00695	0.00009	0
212	K	0.99294	0.00693	0.00013	0
213	H	0.99160	0.00269	0.00571	0
214	A	0.83846	0.00151	0.16004	0
215	S	0.83549	0.00149	0.16301	0
216	H	0.83516	0.00149	0.16334	0
217	T	0.16160	0.00147	0.83692	0
218	G	0.16153	0.00147	0.83700	0
219	S	0.01043	0.00074	0.98883	0
220	W	0.00116	0.00039	0.99845	0
221	I	0.00111	0.00039	0.99850	0
222	G	0.00000	1e-05	0.99999	0
223	L	0.00000	1e-05	0.99999	0
224	R	0.00000	0	0.99999	0
225	N	0.00000	0	1.00000	0
226	L	0.00000	0	1.00000	0
227	D	0.00000	0	1.00000	0
228	L	0.00000	0	1.00000	0
229	K	0.00001	0	0.99999	0
230	G	0.00001	0	0.99999	0
231	E	0.00001	0	0.99999	0
232	F	0.00001	0	0.99999	0
233	I	0.00001	8e-05	0.99991	0
234	W	0.00003	0.00306	0.99691	0
235	V	0.00018	0.01622	0.98359	0
236	D	0.00520	0.79166	0.20314	0
237	G	0.00538	0.80403	0.19059	0
238	S	0.00551	0.82789	0.16660	0
239	H	0.00553	0.89871	0.09576	0
240	V	0.00555	0.9557	0.03875	0
241	D	0.00591	0.9324	0.06170	0
242	Y	0.00592	0.10846	0.88562	0
243	S	0.00644	0.02032	0.97324	0
244	N	0.00691	0.011	0.98209	0
245	W	0.00692	0.00755	0.98553	0
246	A	0.00699	0.00755	0.98546	0
247	P	0.00702	0.00757	0.98540	0
248	G	0.00702	0.00758	0.98540	0
249	E	0.00703	0.00734	0.98563	0
250	P	0.00702	0.00717	0.98580	0
251	T	0.00702	0.00548	0.98750	0
252	S	0.00702	0.00528	0.98770	0
253	R	0.00702	0.00165	0.99133	0
254	S	0.00702	0.00073	0.99225	0
255	Q	0.00702	0.00062	0.99236	0
256	G	0.00702	0.00057	0.99240	0
257	E	0.00702	0.00055	0.99242	0
258	D	0.00702	0.00055	0.99242	0
259	C	0.00045	0.00022	0.99933	0
260	V	0.00002	8e-05	0.99990	0
261	M	0.00001	8e-05	0.99992	0
262	M	0.00000	8e-05	0.99992	0
263	R	0.98539	8e-05	0.01453	0
264	G	0.98539	7e-05	0.01453	0
265	S	0.98539	7e-05	0.01453	0
266	G	0.98540	7e-05	0.01453	0
267	R	0.98540	7e-05	0.01453	0
268	W	0.98540	7e-05	0.01453	0
269	N	0.98540	7e-05	0.01453	0
270	D	0.98540	7e-05	0.01453	0
271	A	0.98540	7e-05	0.01453	0
272	F	0.98540	7e-05	0.01453	0
273	C	0.99109	7e-05	0.00884	0
274	D	0.99217	7e-05	0.00776	0
275	R	0.99242	7e-05	0.00751	0
276	K	0.99242	7e-05	0.00751	0
277	L	0.99242	7e-05	0.00751	0
278	G	0.99242	7e-05	0.00750	0
279	A	0.99242	0.00025	0.00733	0
280	W	0.99242	0.00562	0.00195	0
281	V	0.99242	0.00607	0.00150	0
282	C	0.99276	0.00696	0.00028	0
283	D	0.99290	0.00655	0.00055	0
284	R	0.99290	0.00404	0.00306	0
285	L	0.99290	2e-05	0.00708	0
286	A	0.99290	0	0.00710	0
287	T	0.99290	0	0.00710	0
288	C	0.99290	0	0.00710	0
289	T	0.99290	0	0.00710	0
290	P	0.99290	0	0.00710	0
291	P	0.99290	0	0.00709	0
292	A	0.99291	0	0.00709	0
293	S	0.99291	0	0.00709	0
294	E	0.99291	0	0.00709	0
295	G	0.99291	0	0.00709	0
296	S	0.99291	0	0.00709	0
297	A	0.99291	0	0.00709	0
298	E	0.99291	0	0.00709	0
299	S	0.99291	0	0.00709	0
300	M	0.99291	0	0.00709	0
301	G	0.99291	0	0.00709	0
302	P	0.99291	0	0.00709	0
303	D	0.99291	0	0.00709	0
304	S	0.99347	0	0.00653	0
305	R	1.00000	0	0.00000	0
306	P	1.00000	0	0.00000	0
307	D	1.00000	0	0.00000	0
308	P	1.00000	0	0.00000	0
309	D	1.00000	0	0.00000	0
310	G	1.00000	0	0.00000	0
311	R	1.00000	0	0.00000	0
312	L	1.00000	0	0.00000	0
313	P	1.00000	0	0.00000	0
314	T	1.00000	0	0.00000	0
315	P	1.00000	0	0.00000	0
316	S	1.00000	0	0.00000	0
317	A	1.00000	0	0.00000	0
318	P	1.00000	0	0.00000	0
319	L	1.00000	0	0.00000	0
320	H	1.00000	0	0.00000	0
321	S	1.00000	0	0.00000	0
