# UNNAMED
#pos	aa	i	o	M	S
1	M	0.00000	0.99998	0.00000	2e-05
2	R	0.00000	0.99998	0.00000	2e-05
3	T	0.00000	0.99998	0.00000	2e-05
4	L	0.00000	0.99998	0.00000	2e-05
5	N	0.00000	0.99998	0.00000	2e-05
6	T	0.00000	0.99998	0.00000	2e-05
7	S	0.00000	0.99998	0.00000	2e-05
8	A	0.00000	0.99998	0.00000	2e-05
9	M	0.00000	0.99998	0.00000	2e-05
10	D	0.00000	0.99998	0.00000	2e-05
11	G	0.00000	0.99998	0.00000	2e-05
12	T	0.00000	0.99998	0.00000	2e-05
13	G	0.00000	0.99998	0.00000	2e-05
14	L	0.00000	0.99999	0.00000	1e-05
15	V	0.00000	1	0.00000	0
16	V	0.00000	1	0.00000	0
17	E	0.00000	1	0.00000	0
18	R	0.00000	1	0.00000	0
19	D	0.00000	1	0.00000	0
20	F	0.00000	0.97563	0.02437	0
21	S	0.00000	0.96679	0.03321	0
22	V	0.00000	0.86412	0.13588	0
23	R	0.00000	0.8096	0.19040	0
24	I	0.00000	0.39938	0.60062	0
25	L	0.00000	0.24262	0.75738	0
26	T	0.00000	0.15676	0.84324	0
27	A	0.00000	0.12292	0.87708	0
28	C	0.00000	0.10458	0.89542	0
29	F	0.00000	0.03039	0.96961	0
30	L	0.00000	0.0068	0.99320	0
31	S	0.00000	0.0026	0.99740	0
32	L	0.00000	0.00056	0.99944	0
33	L	0.00000	3e-05	0.99997	0
34	I	0.00000	0	1.00000	0
35	L	0.00000	0	1.00000	0
36	S	0.00000	0	1.00000	0
37	T	0.00000	0	1.00000	0
38	L	0.00000	0	1.00000	0
39	L	0.00000	0	1.00000	0
40	G	0.00000	0	1.00000	0
41	N	0.00000	0	1.00000	0
42	T	0.00000	0	1.00000	0
43	L	0.00000	0	1.00000	0
44	V	0.00000	0	1.00000	0
45	C	0.00003	0	0.99997	0
46	A	0.00056	0	0.99944	0
47	A	0.00807	0	0.99193	0
48	V	0.04043	0	0.95957	0
49	I	0.15265	0	0.84735	0
50	R	0.88771	0	0.11229	0
51	F	0.90794	0	0.09206	0
52	R	0.99746	0	0.00254	0
53	H	0.99948	0	0.00052	0
54	L	0.99984	0	0.00016	0
55	R	1.00000	0	0.00000	0
56	S	0.99999	0	0.00001	0
57	K	0.99961	0	0.00039	0
58	V	0.95961	0	0.04039	0
59	T	0.92405	0	0.07595	0
60	N	0.13055	0	0.86945	0
61	F	0.01475	0	0.98525	0
62	F	0.00014	0	0.99986	0
63	V	0.00002	0	0.99998	0
64	I	0.00000	0	1.00000	0
65	S	0.00000	0	1.00000	0
66	L	0.00000	0	1.00000	0
67	A	0.00000	0	1.00000	0
68	V	0.00000	0	1.00000	0
69	S	0.00000	0	1.00000	0
70	D	0.00000	0	1.00000	0
71	L	0.00000	0	1.00000	0
72	L	0.00000	0	1.00000	0
73	V	0.00000	0	1.00000	0
74	A	0.00000	0	1.00000	0
75	V	0.00000	0	1.00000	0
76	L	0.00000	0	1.00000	0
77	V	0.00000	3e-05	0.99997	0
78	M	0.00000	0.00063	0.99937	0
79	P	0.00000	0.01156	0.98844	0
80	W	0.00000	0.12346	0.87654	0
81	K	0.00000	0.44249	0.55751	0
82	A	0.00000	0.6182	0.38180	0
83	V	0.00000	0.77733	0.22267	0
84	A	0.00000	0.99982	0.00018	0
85	E	0.00000	1	0.00000	0
86	I	0.00000	1	0.00000	0
87	A	0.00000	1	0.00000	0
88	G	0.00000	1	0.00000	0
89	F	0.00000	1	0.00000	0
90	W	0.00000	1	0.00000	0
91	P	0.00000	1	0.00000	0
92	F	0.00000	1	0.00000	0
93	G	0.00000	1	0.00000	0
94	S	0.00000	1	0.00000	0
95	F	0.00000	1	0.00000	0
96	C	0.00000	1	0.00000	0
97	N	0.00000	0.99999	0.00001	0
98	I	0.00000	0.99786	0.00214	0
99	W	0.00000	0.81444	0.18556	0
100	V	0.00000	0.09381	0.90619	0
101	A	0.00000	0.00267	0.99733	0
102	F	0.00000	6e-05	0.99994	0
103	D	0.00000	1e-05	0.99999	0
104	I	0.00000	0	1.00000	0
105	M	0.00000	0	1.00000	0
106	C	0.00000	0	1.00000	0
107	S	0.00000	0	1.00000	0
108	T	0.00000	0	1.00000	0
109	A	0.00000	0	1.00000	0
110	S	0.00000	0	1.00000	0
111	I	0.00000	0	1.00000	0
112	L	0.00000	0	1.00000	0
113	N	0.00000	0	1.00000	0
114	L	0.00000	0	1.00000	0
115	C	0.00000	0	1.00000	0
116	V	0.00000	0	1.00000	0
117	I	0.00000	0	1.00000	0
118	S	0.00000	0	1.00000	0
119	V	0.00000	0	1.00000	0
120	D	0.00006	0	0.99994	0
121	R	0.11904	0	0.88096	0
122	Y	0.45500	0	0.54500	0
123	W	0.81313	0	0.18687	0
124	A	0.98846	0	0.01154	0
125	I	1.00000	0	0.00000	0
126	S	1.00000	0	0.00000	0
127	S	1.00000	0	0.00000	0
128	P	1.00000	0	0.00000	0
129	F	1.00000	0	0.00000	0
130	R	1.00000	0	0.00000	0
131	Y	1.00000	0	0.00000	0
132	E	1.00000	0	0.00000	0
133	R	1.00000	0	0.00000	0
134	K	1.00000	0	0.00000	0
135	M	0.99997	0	0.00003	0
136	T	0.99990	0	0.00010	0
137	P	0.99953	0	0.00047	0
138	K	0.96008	0	0.03992	0
139	A	0.35785	0	0.64215	0
140	A	0.05712	0	0.94288	0
141	F	0.00634	0	0.99366	0
142	I	0.00044	0	0.99956	0
143	L	0.00002	0	0.99998	0
144	I	0.00000	0	1.00000	0
145	S	0.00000	0	1.00000	0
146	V	0.00000	0	1.00000	0
147	A	0.00000	0	1.00000	0
148	W	0.00000	0	1.00000	0
149	T	0.00000	0	1.00000	0
150	L	0.00000	0	1.00000	0
151	S	0.00000	0	1.00000	0
152	V	0.00000	0	1.00000	0
153	L	0.00000	0	1.00000	0
154	I	0.00000	0	1.00000	0
155	S	0.00000	0	1.00000	0
156	F	0.00000	0	1.00000	0
157	I	0.00000	0.00019	0.99981	0
158	P	0.00000	0.01738	0.98262	0
159	V	0.00000	0.0614	0.93860	0
160	Q	0.00000	0.43008	0.56992	0
161	L	0.00000	0.53927	0.46073	0
162	S	0.00000	0.8556	0.14440	0
163	W	0.00000	0.93342	0.06658	0
164	H	0.00000	0.99413	0.00587	0
165	K	0.00000	0.99999	0.00001	0
166	A	0.00000	1	0.00000	0
167	K	0.00000	1	0.00000	0
168	P	0.00000	1	0.00000	0
169	T	0.00000	1	0.00000	0
170	S	0.00000	1	0.00000	0
171	P	0.00000	1	0.00000	0
172	S	0.00000	1	0.00000	0
173	D	0.00000	1	0.00000	0
174	G	0.00000	1	0.00000	0
175	N	0.00000	1	0.00000	0
176	A	0.00000	1	0.00000	0
177	T	0.00000	1	0.00000	0
178	S	0.00000	1	0.00000	0
179	L	0.00000	1	0.00000	0
180	A	0.00000	1	0.00000	0
181	E	0.00000	1	0.00000	0
182	T	0.00000	1	0.00000	0
183	I	0.00000	1	0.00000	0
184	D	0.00000	1	0.00000	0
185	N	0.00000	1	0.00000	0
186	C	0.00000	1	0.00000	0
187	D	0.00000	0.99999	0.00001	0
188	S	0.00000	0.99948	0.00052	0
189	S	0.00000	0.9956	0.00440	0
190	L	0.00000	0.98594	0.01406	0
191	S	0.00000	0.98504	0.01496	0
192	R	0.00000	0.95493	0.04507	0
193	T	0.00000	0.57661	0.42339	0
194	Y	0.00000	0.06522	0.93478	0
195	A	0.00000	0.01038	0.98962	0
196	I	0.00000	0.00745	0.99255	0
197	S	0.00000	0.00117	0.99883	0
198	S	0.00000	0.00099	0.99901	0
199	S	0.00000	0.00011	0.99989	0
200	V	0.00000	5e-05	0.99995	0
201	I	0.00000	0	1.00000	0
202	S	0.00000	0	1.00000	0
203	F	0.00000	0	1.00000	0
204	Y	0.00000	0	1.00000	0
205	I	0.00000	0	1.00000	0
206	P	0.00000	0	1.00000	0
207	V	0.00000	0	1.00000	0
208	A	0.00000	0	1.00000	0
209	I	0.00000	0	1.00000	0
210	M	0.00000	0	1.00000	0
211	I	0.00000	0	1.00000	0
212	V	0.00035	0	0.99965	0
213	T	0.00366	0	0.99634	0
214	Y	0.00660	0	0.99340	0
215	T	0.07556	0	0.92444	0
216	R	0.16742	0	0.83258	0
217	I	0.17693	0	0.82307	0
218	Y	0.23887	0	0.76113	0
219	R	0.96054	0	0.03946	0
220	I	0.96650	0	0.03350	0
221	A	0.99973	0	0.00027	0
222	Q	0.99999	0	0.00001	0
223	K	1.00000	0	0.00000	0
224	Q	1.00000	0	0.00000	0
225	I	1.00000	0	0.00000	0
226	R	1.00000	0	0.00000	0
227	R	1.00000	0	0.00000	0
228	I	1.00000	0	0.00000	0
229	A	1.00000	0	0.00000	0
230	A	1.00000	0	0.00000	0
231	L	1.00000	0	0.00000	0
232	E	1.00000	0	0.00000	0
233	R	1.00000	0	0.00000	0
234	A	1.00000	0	0.00000	0
235	A	1.00000	0	0.00000	0
236	V	1.00000	0	0.00000	0
237	H	1.00000	0	0.00000	0
238	A	1.00000	0	0.00000	0
239	K	1.00000	0	0.00000	0
240	N	1.00000	0	0.00000	0
241	C	1.00000	0	0.00000	0
242	Q	1.00000	0	0.00000	0
243	T	1.00000	0	0.00000	0
244	T	1.00000	0	0.00000	0
245	T	1.00000	0	0.00000	0
246	G	1.00000	0	0.00000	0
247	N	1.00000	0	0.00000	0
248	G	1.00000	0	0.00000	0
249	K	1.00000	0	0.00000	0
250	P	1.00000	0	0.00000	0
251	V	1.00000	0	0.00000	0
252	E	1.00000	0	0.00000	0
253	C	1.00000	0	0.00000	0
254	S	1.00000	0	0.00000	0
255	Q	1.00000	0	0.00000	0
256	P	1.00000	0	0.00000	0
257	E	1.00000	0	0.00000	0
258	S	1.00000	0	0.00000	0
259	S	1.00000	0	0.00000	0
260	F	1.00000	0	0.00000	0
261	K	1.00000	0	0.00000	0
262	M	1.00000	0	0.00000	0
263	S	1.00000	0	0.00000	0
264	F	1.00000	0	0.00000	0
265	K	1.00000	0	0.00000	0
266	R	1.00000	0	0.00000	0
267	E	1.00000	0	0.00000	0
268	T	0.93521	0	0.06479	0
269	K	0.93365	0	0.06635	0
270	V	0.28717	0	0.71283	0
271	L	0.25345	0	0.74655	0
272	K	0.25311	0	0.74689	0
273	T	0.21923	0	0.78077	0
274	L	0.00571	0	0.99429	0
275	S	0.00153	0	0.99847	0
276	V	0.00090	0	0.99910	0
277	I	0.00009	0	0.99991	0
278	M	0.00000	0	1.00000	0
279	G	0.00000	0	1.00000	0
280	V	0.00000	0	1.00000	0
281	F	0.00000	0	1.00000	0
282	V	0.00000	0	1.00000	0
283	C	0.00000	0	1.00000	0
284	C	0.00000	0	1.00000	0
285	W	0.00000	0	1.00000	0
286	L	0.00000	0	1.00000	0
287	P	0.00000	0	1.00000	0
288	F	0.00000	0	1.00000	0
289	F	0.00000	1e-05	0.99999	0
290	I	0.00000	0.00249	0.99751	0
291	L	0.00000	0.03072	0.96928	0
292	N	0.00000	0.29584	0.70416	0
293	C	0.00000	0.40709	0.59291	0
294	I	0.00000	0.42055	0.57945	0
295	L	0.00000	0.46249	0.53751	0
296	P	0.00000	0.64745	0.35255	0
297	F	0.00000	0.69394	0.30606	0
298	C	0.00000	0.84816	0.15184	0
299	G	0.00000	0.96384	0.03616	0
300	S	0.00000	0.99016	0.00984	0
301	G	0.00000	0.99733	0.00267	0
302	E	0.00000	0.99986	0.00014	0
303	T	0.00000	0.99989	0.00011	0
304	Q	0.00000	0.99997	0.00003	0
305	P	0.00000	0.99999	0.00001	0
306	F	0.00000	0.99999	0.00001	0
307	C	0.00000	0.99999	0.00001	0
308	I	0.00000	0.99999	0.00001	0
309	D	0.00000	0.99999	0.00001	0
310	S	0.00000	0.99997	0.00003	0
311	N	0.00000	0.99945	0.00055	0
312	T	0.00000	0.99785	0.00215	0
313	F	0.00000	0.99356	0.00644	0
314	D	0.00000	0.90266	0.09734	0
315	V	0.00000	0.0916	0.90840	0
316	F	0.00000	0.08411	0.91589	0
317	V	0.00000	0.0039	0.99610	0
318	W	0.00000	0.00012	0.99988	0
319	F	0.00000	0	1.00000	0
320	G	0.00000	0	1.00000	0
321	W	0.00000	0	1.00000	0
322	A	0.00000	0	1.00000	0
323	N	0.00000	0	1.00000	0
324	S	0.00000	0	1.00000	0
325	S	0.00000	0	1.00000	0
326	L	0.00000	0	1.00000	0
327	N	0.00000	0	1.00000	0
328	P	0.00000	0	1.00000	0
329	I	0.00000	0	1.00000	0
330	I	0.00000	0	1.00000	0
331	Y	0.00001	0	0.99999	0
332	A	0.00001	0	0.99999	0
333	F	0.00038	0	0.99962	0
334	N	0.11412	0	0.88588	0
335	A	0.42594	0	0.57406	0
336	D	0.83089	0	0.16911	0
337	F	0.87678	0	0.12322	0
338	R	1.00000	0	0.00000	0
339	K	1.00000	0	0.00000	0
340	A	1.00000	0	0.00000	0
341	F	1.00000	0	0.00000	0
342	S	1.00000	0	0.00000	0
343	T	1.00000	0	0.00000	0
344	L	1.00000	0	0.00000	0
345	L	1.00000	0	0.00000	0
346	G	1.00000	0	0.00000	0
347	C	1.00000	0	0.00000	0
348	Y	1.00000	0	0.00000	0
349	R	1.00000	0	0.00000	0
350	L	1.00000	0	0.00000	0
351	C	1.00000	0	0.00000	0
352	P	1.00000	0	0.00000	0
353	A	1.00000	0	0.00000	0
354	T	1.00000	0	0.00000	0
355	N	1.00000	0	0.00000	0
356	N	1.00000	0	0.00000	0
357	A	1.00000	0	0.00000	0
358	I	1.00000	0	0.00000	0
359	E	1.00000	0	0.00000	0
360	T	1.00000	0	0.00000	0
361	V	1.00000	0	0.00000	0
362	S	1.00000	0	0.00000	0
363	I	1.00000	0	0.00000	0
364	N	1.00000	0	0.00000	0
365	N	1.00000	0	0.00000	0
366	N	1.00000	0	0.00000	0
367	G	1.00000	0	0.00000	0
368	A	1.00000	0	0.00000	0
369	A	1.00000	0	0.00000	0
370	M	1.00000	0	0.00000	0
371	F	1.00000	0	0.00000	0
372	S	1.00000	0	0.00000	0
373	S	1.00000	0	0.00000	0
374	H	1.00000	0	0.00000	0
375	H	1.00000	0	0.00000	0
376	E	1.00000	0	0.00000	0
377	P	1.00000	0	0.00000	0
378	R	1.00000	0	0.00000	0
379	G	1.00000	0	0.00000	0
380	S	1.00000	0	0.00000	0
381	I	1.00000	0	0.00000	0
382	S	1.00000	0	0.00000	0
383	K	1.00000	0	0.00000	0
384	E	1.00000	0	0.00000	0
385	C	1.00000	0	0.00000	0
386	N	1.00000	0	0.00000	0
387	L	1.00000	0	0.00000	0
388	V	1.00000	0	0.00000	0
389	Y	1.00000	0	0.00000	0
390	L	1.00000	0	0.00000	0
391	I	1.00000	0	0.00000	0
392	P	1.00000	0	0.00000	0
393	H	1.00000	0	0.00000	0
394	A	1.00000	0	0.00000	0
395	V	1.00000	0	0.00000	0
396	G	1.00000	0	0.00000	0
397	S	1.00000	0	0.00000	0
398	S	1.00000	0	0.00000	0
399	E	1.00000	0	0.00000	0
400	D	1.00000	0	0.00000	0
401	L	1.00000	0	0.00000	0
402	K	1.00000	0	0.00000	0
403	K	1.00000	0	0.00000	0
404	E	1.00000	0	0.00000	0
405	E	1.00000	0	0.00000	0
406	A	1.00000	0	0.00000	0
407	A	1.00000	0	0.00000	0
408	G	1.00000	0	0.00000	0
409	I	1.00000	0	0.00000	0
410	A	1.00000	0	0.00000	0
411	R	1.00000	0	0.00000	0
412	P	1.00000	0	0.00000	0
413	L	1.00000	0	0.00000	0
414	E	1.00000	0	0.00000	0
415	K	1.00000	0	0.00000	0
416	L	1.00000	0	0.00000	0
417	S	1.00000	0	0.00000	0
418	P	1.00000	0	0.00000	0
419	A	1.00000	0	0.00000	0
420	L	1.00000	0	0.00000	0
421	S	1.00000	0	0.00000	0
422	V	1.00000	0	0.00000	0
423	I	1.00000	0	0.00000	0
424	L	1.00000	0	0.00000	0
425	D	1.00000	0	0.00000	0
426	Y	1.00000	0	0.00000	0
427	D	1.00000	0	0.00000	0
428	T	1.00000	0	0.00000	0
429	D	1.00000	0	0.00000	0
430	V	1.00000	0	0.00000	0
431	S	1.00000	0	0.00000	0
432	L	1.00000	0	0.00000	0
433	E	1.00000	0	0.00000	0
434	K	1.00000	0	0.00000	0
435	I	1.00000	0	0.00000	0
436	Q	1.00000	0	0.00000	0
437	P	1.00000	0	0.00000	0
438	I	1.00000	0	0.00000	0
439	T	1.00000	0	0.00000	0
440	Q	1.00000	0	0.00000	0
441	N	1.00000	0	0.00000	0
442	G	1.00000	0	0.00000	0
443	Q	1.00000	0	0.00000	0
444	H	1.00000	0	0.00000	0
445	P	1.00000	0	0.00000	0
446	T	1.00000	0	0.00000	0
