# UNNAMED
#pos	aa	i	o	M	S
1	M	0.00000	0.99985	0.00000	0.00015
2	V	0.00000	0.99985	0.00000	0.00015
3	F	0.00000	0.99985	0.00000	0.00015
4	L	0.00000	0.99985	0.00000	0.00015
5	S	0.00000	0.99985	0.00000	0.00015
6	G	0.00000	0.99985	0.00000	0.00015
7	N	0.00000	0.99985	0.00000	0.00015
8	A	0.00000	0.99985	0.00000	0.00015
9	S	0.00000	0.99985	0.00000	0.00016
10	D	0.00000	0.99985	0.00000	0.00015
11	S	0.00000	0.99985	0.00000	0.00015
12	S	0.00000	0.99985	0.00000	0.00015
13	N	0.00000	0.99985	0.00000	0.00015
14	C	0.00000	0.99985	0.00000	0.00015
15	T	0.00000	0.99985	0.00000	0.00015
16	Q	0.00000	1	0.00000	0
17	P	0.00000	1	0.00000	0
18	P	0.00000	1	0.00000	0
19	A	0.00000	0.99999	0.00001	0
20	P	0.00000	0.99999	0.00001	0
21	V	0.00000	0.99974	0.00026	0
22	N	0.00000	0.99959	0.00041	0
23	I	0.00000	0.98478	0.01522	0
24	S	0.00000	0.98216	0.01784	0
25	K	0.00000	0.97207	0.02793	0
26	A	0.00000	0.67081	0.32919	0
27	I	0.00000	0.26945	0.73055	0
28	L	0.00000	0.11379	0.88621	0
29	L	0.00000	0.03986	0.96014	0
30	G	0.00000	0.01961	0.98039	0
31	V	0.00000	0.00397	0.99603	0
32	I	0.00000	0.00093	0.99907	0
33	L	0.00000	0.00032	0.99968	0
34	G	0.00000	0.00019	0.99981	0
35	G	0.00000	4e-05	0.99996	0
36	L	0.00000	1e-05	0.99999	0
37	I	0.00000	0	1.00000	0
38	L	0.00000	0	1.00000	0
39	F	0.00000	0	1.00000	0
40	G	0.00000	0	1.00000	0
41	V	0.00000	0	1.00000	0
42	L	0.00000	0	1.00000	0
43	G	0.00000	0	1.00000	0
44	N	0.00000	0	1.00000	0
45	I	0.00000	0	1.00000	0
46	L	0.00000	0	1.00000	0
47	V	0.00001	0	0.99999	0
48	I	0.00011	0	0.99989	0
49	L	0.01042	0	0.98958	0
50	S	0.34243	0	0.65757	0
51	V	0.40105	0	0.59895	0
52	A	0.59824	0	0.40176	0
53	C	0.79633	0	0.20367	0
54	H	0.95155	0	0.04845	0
55	R	0.99734	0	0.00266	0
56	H	0.99949	0	0.00051	0
57	L	0.99978	0	0.00022	0
58	H	0.99992	0	0.00008	0
59	S	0.99965	0	0.00035	0
60	V	0.98503	0	0.01497	0
61	T	0.93630	0	0.06370	0
62	H	0.68282	0	0.31718	0
63	Y	0.22200	0	0.77800	0
64	Y	0.00700	0	0.99300	0
65	I	0.00013	0	0.99987	0
66	V	0.00000	0	1.00000	0
67	N	0.00000	0	1.00000	0
68	L	0.00000	0	1.00000	0
69	A	0.00000	0	1.00000	0
70	V	0.00000	0	1.00000	0
71	A	0.00000	0	1.00000	0
72	D	0.00000	0	1.00000	0
73	L	0.00000	0	1.00000	0
74	L	0.00000	0	1.00000	0
75	L	0.00000	0	1.00000	0
76	T	0.00000	0	1.00000	0
77	S	0.00000	0	1.00000	0
78	T	0.00000	0	1.00000	0
79	V	0.00000	0	1.00000	0
80	L	0.00000	4e-05	0.99996	0
81	P	0.00000	0.00068	0.99932	0
82	F	0.00000	0.00588	0.99412	0
83	S	0.00000	0.21243	0.78757	0
84	A	0.00000	0.30796	0.69204	0
85	I	0.00000	0.4173	0.58270	0
86	F	0.00000	0.99658	0.00342	0
87	E	0.00000	0.99824	0.00176	0
88	V	0.00000	0.9983	0.00170	0
89	L	0.00000	0.9987	0.00130	0
90	G	0.00000	0.99975	0.00025	0
91	Y	0.00000	0.99997	0.00003	0
92	W	0.00000	0.99999	0.00001	0
93	A	0.00000	1	0.00000	0
94	F	0.00000	0.99999	0.00001	0
95	G	0.00000	0.99999	0.00001	0
96	R	0.00000	0.99999	0.00001	0
97	V	0.00000	0.99999	0.00001	0
98	F	0.00000	0.99999	0.00001	0
99	C	0.00000	0.99999	0.00001	0
100	N	0.00000	0.99998	0.00002	0
101	I	0.00000	0.99875	0.00125	0
102	W	0.00000	0.88764	0.11236	0
103	A	0.00000	0.29644	0.70356	0
104	A	0.00000	0.00799	0.99201	0
105	V	0.00000	7e-05	0.99993	0
106	D	0.00000	2e-05	0.99998	0
107	V	0.00000	0	1.00000	0
108	L	0.00000	0	1.00000	0
109	C	0.00000	0	1.00000	0
110	C	0.00000	0	1.00000	0
111	T	0.00000	0	1.00000	0
112	A	0.00000	0	1.00000	0
113	S	0.00000	0	1.00000	0
114	I	0.00000	0	1.00000	0
115	M	0.00000	0	1.00000	0
116	G	0.00000	0	1.00000	0
117	L	0.00000	0	1.00000	0
118	C	0.00000	0	1.00000	0
119	I	0.00000	0	1.00000	0
120	I	0.00000	0	1.00000	0
121	S	0.00000	0	1.00000	0
122	I	0.00000	0	1.00000	0
123	D	0.00004	0	0.99996	0
124	R	0.07673	0	0.92327	0
125	Y	0.30137	0	0.69863	0
126	I	0.87295	0	0.12705	0
127	G	0.98172	0	0.01828	0
128	V	0.99999	0	0.00001	0
129	S	1.00000	0	0.00000	0
130	Y	1.00000	0	0.00000	0
131	P	1.00000	0	0.00000	0
132	L	1.00000	0	0.00000	0
133	R	1.00000	0	0.00000	0
134	Y	1.00000	0	0.00000	0
135	P	1.00000	0	0.00000	0
136	T	1.00000	0	0.00000	0
137	I	1.00000	0	0.00000	0
138	V	1.00000	0	0.00000	0
139	T	1.00000	0	0.00000	0
140	Q	0.99999	0	0.00001	0
141	R	0.99988	0	0.00012	0
142	R	0.99501	0	0.00499	0
143	G	0.68601	0	0.31399	0
144	L	0.04636	0	0.95364	0
145	M	0.00790	0	0.99210	0
146	A	0.00015	0	0.99985	0
147	L	0.00000	0	1.00000	0
148	L	0.00000	0	1.00000	0
149	C	0.00000	0	1.00000	0
150	V	0.00000	0	1.00000	0
151	W	0.00000	0	1.00000	0
152	A	0.00000	0	1.00000	0
153	L	0.00000	0	1.00000	0
154	S	0.00000	0	1.00000	0
155	L	0.00000	0	1.00000	0
156	V	0.00000	0	1.00000	0
157	I	0.00000	0	1.00000	0
158	S	0.00000	0	1.00000	0
159	I	0.00000	0	1.00000	0
160	G	0.00000	1e-05	0.99999	0
161	P	0.00000	3e-05	0.99997	0
162	L	0.00000	0.00029	0.99971	0
163	F	0.00000	0.01458	0.98542	0
164	G	0.00000	0.37709	0.62291	0
165	W	0.00000	0.58148	0.41852	0
166	R	0.00000	0.97924	0.02076	0
167	Q	0.00000	0.99898	0.00102	0
168	P	0.00000	0.99989	0.00011	0
169	A	0.00000	0.99995	0.00005	0
170	P	0.00000	1	0.00000	0
171	E	0.00000	1	0.00000	0
172	D	0.00000	1	0.00000	0
173	E	0.00000	1	0.00000	0
174	T	0.00000	1	0.00000	0
175	I	0.00000	1	0.00000	0
176	C	0.00000	1	0.00000	0
177	Q	0.00000	1	0.00000	0
178	I	0.00000	1	0.00000	0
179	N	0.00000	1	0.00000	0
180	E	0.00000	1	0.00000	0
181	E	0.00000	1	0.00000	0
182	P	0.00000	0.99936	0.00064	0
183	G	0.00000	0.92283	0.07717	0
184	Y	0.00000	0.85672	0.14328	0
185	V	0.00000	0.82833	0.17167	0
186	L	0.00000	0.05939	0.94061	0
187	F	0.00000	0.00263	0.99737	0
188	S	0.00000	0.0023	0.99770	0
189	A	0.00000	5e-05	0.99995	0
190	L	0.00000	2e-05	0.99998	0
191	G	0.00000	0	1.00000	0
192	S	0.00000	0	1.00000	0
193	F	0.00000	0	1.00000	0
194	Y	0.00000	0	1.00000	0
195	L	0.00000	0	1.00000	0
196	P	0.00000	0	1.00000	0
197	L	0.00000	0	1.00000	0
198	A	0.00000	0	1.00000	0
199	I	0.00000	0	1.00000	0
200	I	0.00000	0	1.00000	0
201	L	0.00000	0	1.00000	0
202	V	0.00000	0	1.00000	0
203	M	0.00000	0	1.00000	0
204	Y	0.00002	0	0.99998	0
205	C	0.00095	0	0.99905	0
206	R	0.01289	0	0.98711	0
207	V	0.01437	0	0.98563	0
208	Y	0.02380	0	0.97620	0
209	V	0.14023	0	0.85977	0
210	V	0.28039	0	0.71961	0
211	A	0.99277	0	0.00723	0
212	K	0.99984	0	0.00016	0
213	R	1.00000	0	0.00000	0
214	E	1.00000	0	0.00000	0
215	S	1.00000	0	0.00000	0
216	R	1.00000	0	0.00000	0
217	G	1.00000	0	0.00000	0
218	L	1.00000	0	0.00000	0
219	K	1.00000	0	0.00000	0
220	S	1.00000	0	0.00000	0
221	G	1.00000	0	0.00000	0
222	L	1.00000	0	0.00000	0
223	K	1.00000	0	0.00000	0
224	T	1.00000	0	0.00000	0
225	D	1.00000	0	0.00000	0
226	K	1.00000	0	0.00000	0
227	S	1.00000	0	0.00000	0
228	D	1.00000	0	0.00000	0
229	S	1.00000	0	0.00000	0
230	E	1.00000	0	0.00000	0
231	Q	1.00000	0	0.00000	0
232	V	1.00000	0	0.00000	0
233	T	1.00000	0	0.00000	0
234	L	1.00000	0	0.00000	0
235	R	1.00000	0	0.00000	0
236	I	1.00000	0	0.00000	0
237	H	1.00000	0	0.00000	0
238	R	1.00000	0	0.00000	0
239	K	1.00000	0	0.00000	0
240	N	1.00000	0	0.00000	0
241	A	1.00000	0	0.00000	0
242	P	1.00000	0	0.00000	0
243	A	1.00000	0	0.00000	0
244	G	1.00000	0	0.00000	0
245	G	1.00000	0	0.00000	0
246	S	1.00000	0	0.00000	0
247	G	1.00000	0	0.00000	0
248	M	1.00000	0	0.00000	0
249	A	1.00000	0	0.00000	0
250	S	1.00000	0	0.00000	0
251	A	1.00000	0	0.00000	0
252	K	1.00000	0	0.00000	0
253	T	1.00000	0	0.00000	0
254	K	1.00000	0	0.00000	0
255	T	1.00000	0	0.00000	0
256	H	1.00000	0	0.00000	0
257	F	1.00000	0	0.00000	0
258	S	1.00000	0	0.00000	0
259	V	1.00000	0	0.00000	0
260	R	1.00000	0	0.00000	0
261	L	1.00000	0	0.00000	0
262	L	1.00000	0	0.00000	0
263	K	1.00000	0	0.00000	0
264	F	1.00000	0	0.00000	0
265	S	1.00000	0	0.00000	0
266	R	1.00000	0	0.00000	0
267	E	1.00000	0	0.00000	0
268	K	0.98702	0	0.01298	0
269	K	0.98633	0	0.01367	0
270	A	0.56022	0	0.43978	0
271	A	0.55842	0	0.44158	0
272	K	0.52257	0	0.47743	0
273	T	0.43100	0	0.56900	0
274	L	0.01175	0	0.98825	0
275	G	0.00061	0	0.99939	0
276	I	0.00028	0	0.99972	0
277	V	0.00001	0	0.99999	0
278	V	0.00000	0	1.00000	0
279	G	0.00000	0	1.00000	0
280	C	0.00000	0	1.00000	0
281	F	0.00000	0	1.00000	0
282	V	0.00000	0	1.00000	0
283	L	0.00000	0	1.00000	0
284	C	0.00000	0	1.00000	0
285	W	0.00000	0	1.00000	0
286	L	0.00000	0	1.00000	0
287	P	0.00000	0	1.00000	0
288	F	0.00000	0	1.00000	0
289	F	0.00000	0	1.00000	0
290	L	0.00000	7e-05	0.99993	0
291	V	0.00000	0.00127	0.99873	0
292	M	0.00000	0.00804	0.99196	0
293	P	0.00000	0.1418	0.85820	0
294	I	0.00000	0.18793	0.81207	0
295	G	0.00000	0.34052	0.65948	0
296	S	0.00000	0.38452	0.61548	0
297	F	0.00000	0.40766	0.59234	0
298	F	0.00000	0.46486	0.53514	0
299	P	0.00000	0.89848	0.10152	0
300	D	0.00000	0.99869	0.00131	0
301	F	0.00000	0.99899	0.00101	0
302	K	0.00000	0.99999	0.00001	0
303	P	0.00000	1	0.00000	0
304	S	0.00000	1	0.00000	0
305	E	0.00000	0.99867	0.00133	0
306	T	0.00000	0.99069	0.00931	0
307	V	0.00000	0.95973	0.04027	0
308	F	0.00000	0.95205	0.04795	0
309	K	0.00000	0.77782	0.22218	0
310	I	0.00000	0.008	0.99200	0
311	V	0.00000	0.00034	0.99966	0
312	F	0.00000	1e-05	0.99999	0
313	W	0.00000	0	1.00000	0
314	L	0.00000	0	1.00000	0
315	G	0.00000	0	1.00000	0
316	Y	0.00000	0	1.00000	0
317	L	0.00000	0	1.00000	0
318	N	0.00000	0	1.00000	0
319	S	0.00000	0	1.00000	0
320	C	0.00000	0	1.00000	0
321	I	0.00000	0	1.00000	0
322	N	0.00000	0	1.00000	0
323	P	0.00000	0	1.00000	0
324	I	0.00000	0	1.00000	0
325	I	0.00000	0	1.00000	0
326	Y	0.00006	0	0.99994	0
327	P	0.00048	0	0.99952	0
328	C	0.00659	0	0.99341	0
329	S	0.16249	0	0.83751	0
330	S	0.35787	0	0.64213	0
331	Q	0.98504	0	0.01496	0
332	E	1.00000	0	0.00000	0
333	F	1.00000	0	0.00000	0
334	K	1.00000	0	0.00000	0
335	K	1.00000	0	0.00000	0
336	A	1.00000	0	0.00000	0
337	F	1.00000	0	0.00000	0
338	Q	1.00000	0	0.00000	0
339	N	1.00000	0	0.00000	0
340	V	1.00000	0	0.00000	0
341	L	1.00000	0	0.00000	0
342	R	1.00000	0	0.00000	0
343	I	1.00000	0	0.00000	0
344	Q	1.00000	0	0.00000	0
345	C	1.00000	0	0.00000	0
346	L	1.00000	0	0.00000	0
347	C	1.00000	0	0.00000	0
348	R	1.00000	0	0.00000	0
349	K	1.00000	0	0.00000	0
350	Q	1.00000	0	0.00000	0
351	S	1.00000	0	0.00000	0
352	S	1.00000	0	0.00000	0
353	K	1.00000	0	0.00000	0
354	H	1.00000	0	0.00000	0
355	A	1.00000	0	0.00000	0
356	L	1.00000	0	0.00000	0
357	G	1.00000	0	0.00000	0
358	Y	1.00000	0	0.00000	0
359	T	1.00000	0	0.00000	0
360	L	1.00000	0	0.00000	0
361	H	1.00000	0	0.00000	0
362	P	1.00000	0	0.00000	0
363	P	1.00000	0	0.00000	0
364	S	1.00000	0	0.00000	0
365	Q	1.00000	0	0.00000	0
366	A	1.00000	0	0.00000	0
367	V	1.00000	0	0.00000	0
368	E	1.00000	0	0.00000	0
369	G	1.00000	0	0.00000	0
370	Q	1.00000	0	0.00000	0
371	H	1.00000	0	0.00000	0
372	K	1.00000	0	0.00000	0
373	D	1.00000	0	0.00000	0
374	M	1.00000	0	0.00000	0
375	V	1.00000	0	0.00000	0
376	R	1.00000	0	0.00000	0
377	I	1.00000	0	0.00000	0
378	P	1.00000	0	0.00000	0
379	V	1.00000	0	0.00000	0
380	G	1.00000	0	0.00000	0
381	S	1.00000	0	0.00000	0
382	R	1.00000	0	0.00000	0
383	E	1.00000	0	0.00000	0
384	T	1.00000	0	0.00000	0
385	F	1.00000	0	0.00000	0
386	Y	1.00000	0	0.00000	0
387	R	1.00000	0	0.00000	0
388	I	1.00000	0	0.00000	0
389	S	1.00000	0	0.00000	0
390	K	1.00000	0	0.00000	0
391	T	1.00000	0	0.00000	0
392	D	1.00000	0	0.00000	0
393	G	1.00000	0	0.00000	0
394	V	1.00000	0	0.00000	0
395	C	1.00000	0	0.00000	0
396	E	1.00000	0	0.00000	0
397	W	1.00000	0	0.00000	0
398	K	1.00000	0	0.00000	0
399	F	1.00000	0	0.00000	0
400	F	1.00000	0	0.00000	0
401	S	1.00000	0	0.00000	0
402	S	1.00000	0	0.00000	0
403	M	1.00000	0	0.00000	0
404	P	1.00000	0	0.00000	0
405	R	1.00000	0	0.00000	0
406	G	1.00000	0	0.00000	0
407	S	1.00000	0	0.00000	0
408	A	1.00000	0	0.00000	0
409	R	1.00000	0	0.00000	0
410	I	1.00000	0	0.00000	0
411	T	1.00000	0	0.00000	0
412	V	1.00000	0	0.00000	0
413	S	1.00000	0	0.00000	0
414	K	1.00000	0	0.00000	0
415	D	1.00000	0	0.00000	0
416	Q	1.00000	0	0.00000	0
417	S	1.00000	0	0.00000	0
418	S	1.00000	0	0.00000	0
419	C	1.00000	0	0.00000	0
420	T	1.00000	0	0.00000	0
421	T	1.00000	0	0.00000	0
422	A	1.00000	0	0.00000	0
423	R	1.00000	0	0.00000	0
424	T	1.00000	0	0.00000	0
425	K	1.00000	0	0.00000	0
426	S	1.00000	0	0.00000	0
427	R	1.00000	0	0.00000	0
428	S	1.00000	0	0.00000	0
429	V	1.00000	0	0.00000	0
430	T	1.00000	0	0.00000	0
431	R	1.00000	0	0.00000	0
432	L	1.00000	0	0.00000	0
433	E	1.00000	0	0.00000	0
434	C	1.00000	0	0.00000	0
435	S	1.00000	0	0.00000	0
436	G	1.00000	0	0.00000	0
437	M	1.00000	0	0.00000	0
438	I	1.00000	0	0.00000	0
439	L	1.00000	0	0.00000	0
440	A	1.00000	0	0.00000	0
441	H	1.00000	0	0.00000	0
442	C	1.00000	0	0.00000	0
443	N	1.00000	0	0.00000	0
444	L	1.00000	0	0.00000	0
445	R	1.00000	0	0.00000	0
446	L	1.00000	0	0.00000	0
447	P	1.00000	0	0.00000	0
448	G	1.00000	0	0.00000	0
449	S	1.00000	0	0.00000	0
450	R	1.00000	0	0.00000	0
451	D	1.00000	0	0.00000	0
452	S	1.00000	0	0.00000	0
453	P	1.00000	0	0.00000	0
454	A	1.00000	0	0.00000	0
455	S	1.00000	0	0.00000	0
456	A	1.00000	0	0.00000	0
457	S	1.00000	0	0.00000	0
458	Q	1.00000	0	0.00000	0
459	A	1.00000	0	0.00000	0
460	A	1.00000	0	0.00000	0
461	G	1.00000	0	0.00000	0
462	T	1.00000	0	0.00000	0
463	T	1.00000	0	0.00000	0
464	G	1.00000	0	0.00000	0
465	M	1.00000	0	0.00000	0
466	C	1.00000	0	0.00000	0
467	H	1.00000	0	0.00000	0
468	Q	1.00000	0	0.00000	0
469	A	1.00000	0	0.00000	0
470	D	1.00000	0	0.00000	0
471	A	1.00000	0	0.00000	0
472	T	1.00000	0	0.00000	0
473	R	1.00000	0	0.00000	0
474	P	1.00000	0	0.00000	0
475	S	1.00000	0	0.00000	0
