# UNNAMED
#pos	aa	i	o	M	S
1	M	0.00000	0.99999	0.00000	1e-05
2	A	0.00000	0.99999	0.00000	0
3	R	0.00000	0.99999	0.00000	0
4	R	0.00000	0.99999	0.00000	0
5	F	0.00000	0.99999	0.00000	1e-05
6	Q	0.00000	0.99999	0.00000	1e-05
7	E	0.00000	0.99999	0.00000	1e-05
8	E	0.00000	0.99999	0.00000	1e-05
9	L	0.00000	0.99999	0.00000	0
10	A	0.00000	0.99999	0.00000	0
11	A	0.00000	0.99999	0.00000	0
12	F	0.00000	0.99999	0.00000	0
13	L	0.00000	0.99999	0.00000	0
14	F	0.00000	0.99999	0.00000	0
15	E	0.00000	1	0.00000	0
16	Y	0.00000	1	0.00000	0
17	D	0.00000	1	0.00000	0
18	T	0.00000	1	0.00000	0
19	P	0.00000	1	0.00000	0
20	R	0.00000	1	0.00000	0
21	M	0.00000	1	0.00000	0
22	V	0.00000	1	0.00000	0
23	L	0.00000	1	0.00000	0
24	V	0.00000	1	0.00000	0
25	R	0.00000	1	0.00000	0
26	N	0.00000	1	0.00000	0
27	K	0.00000	0.99997	0.00003	0
28	K	0.00000	0.99697	0.00303	0
29	V	0.00000	0.74483	0.25517	0
30	G	0.00000	0.40318	0.59682	0
31	V	0.00000	0.10613	0.89386	0
32	I	0.00000	0.00761	0.99239	0
33	F	0.00000	0.00012	0.99988	0
34	R	0.00000	2e-05	0.99998	0
35	L	0.00000	0	1.00000	0
36	I	0.00000	0	1.00000	0
37	Q	0.00000	0	1.00000	0
38	L	0.00000	0	1.00000	0
39	V	0.00000	0	1.00000	0
40	V	0.00000	0	1.00000	0
41	L	0.00000	0	1.00000	0
42	V	0.00000	0	1.00000	0
43	Y	0.00000	0	1.00000	0
44	V	0.00000	0	1.00000	0
45	I	0.00000	0	1.00000	0
46	G	0.00000	0	1.00000	0
47	W	0.00006	0	0.99993	0
48	V	0.00185	0	0.99815	0
49	F	0.00265	0	0.99735	0
50	L	0.01863	0	0.98136	0
51	Y	0.08716	0	0.91283	0
52	E	0.99940	0	0.00060	0
53	K	0.99999	0	0.00001	0
54	G	0.99999	0	0.00001	0
55	Y	0.99999	0	0.00001	0
56	Q	0.99999	0	0.00001	0
57	T	0.99979	0	0.00021	0
58	S	0.98082	0	0.01918	0
59	S	0.90003	0	0.09997	0
60	G	0.68797	0	0.31202	0
61	L	0.02911	0	0.97089	0
62	I	0.00706	0	0.99294	0
63	S	0.00657	0	0.99343	0
64	S	0.00283	0	0.99717	0
65	V	0.00078	0	0.99922	0
66	S	0.00016	0	0.99984	0
67	V	0.00001	0	0.99999	0
68	K	0.00000	0	1.00000	0
69	L	0.00000	0	1.00000	0
70	K	0.00000	0	1.00000	0
71	G	0.00000	0	1.00000	0
72	L	0.00000	0	1.00000	0
73	A	0.00000	0	1.00000	0
74	V	0.00000	0	1.00000	0
75	T	0.00000	1e-05	0.99999	0
76	Q	0.00000	2e-05	0.99998	0
77	L	0.00000	4e-05	0.99996	0
78	P	0.00000	0.00079	0.99921	0
79	G	0.00000	0.01367	0.98632	0
80	L	0.00000	0.04637	0.95363	0
81	G	0.00000	0.42805	0.57195	0
82	P	0.00000	0.54791	0.45208	0
83	Q	0.00000	0.99763	0.00237	0
84	V	0.00000	0.99786	0.00214	0
85	W	0.00000	0.99822	0.00178	0
86	D	0.00000	0.99992	0.00008	0
87	V	0.00000	1	0.00000	0
88	A	0.00000	1	0.00000	0
89	D	0.00000	1	0.00000	0
90	Y	0.00000	1	0.00000	0
91	V	0.00000	1	0.00000	0
92	F	0.00000	1	0.00000	0
93	P	0.00000	0.99999	0.00000	0
94	A	0.00000	0.99999	0.00001	0
95	Q	0.00000	0.99999	0.00001	0
96	G	0.00000	0.99999	0.00001	0
97	D	0.00000	0.99999	0.00001	0
98	N	0.00000	0.99995	0.00005	0
99	S	0.00000	0.99769	0.00231	0
100	F	0.00000	0.99622	0.00378	0
101	V	0.00000	0.99622	0.00378	0
102	V	0.00000	0.99622	0.00378	0
103	M	0.00000	0.99622	0.00378	0
104	T	0.00000	0.99622	0.00378	0
105	N	0.00000	0.99622	0.00378	0
106	F	0.00000	0.99622	0.00378	0
107	I	0.00000	0.99622	0.00378	0
108	V	0.00000	0.99622	0.00378	0
109	T	0.00000	0.99622	0.00378	0
110	P	0.00000	0.99622	0.00378	0
111	K	0.00000	0.99622	0.00378	0
112	Q	0.00000	0.99621	0.00379	0
113	T	0.00000	0.99621	0.00379	0
114	Q	0.00000	0.99621	0.00379	0
115	G	0.00000	0.99621	0.00379	0
116	Y	0.00000	0.99621	0.00379	0
117	C	0.00000	0.99621	0.00379	0
118	A	0.00000	0.99621	0.00379	0
119	E	0.00001	0.99621	0.00379	0
120	H	0.00002	0.99621	0.00377	0
121	P	0.00377	0.99621	0.00002	0
122	E	0.00377	0.99621	0.00002	0
123	G	0.00377	0.99621	0.00002	0
124	G	0.00377	0.99621	0.00002	0
125	I	0.00377	0.99621	0.00002	0
126	C	0.00377	0.99621	0.00002	0
127	K	0.00378	0.99621	0.00002	0
128	E	0.00378	0.99621	0.00002	0
129	D	0.00378	0.99621	0.00002	0
130	S	0.00378	0.99621	0.00001	0
131	G	0.00378	0.99621	0.00001	0
132	C	0.00379	0.99621	0.00000	0
133	T	0.00379	0.99621	0.00000	0
134	P	0.00379	0.99621	0.00000	0
135	G	0.00379	0.99621	0.00000	0
136	K	0.00379	0.99621	0.00000	0
137	A	0.00379	0.99621	0.00000	0
138	K	0.00379	0.99621	0.00000	0
139	R	0.00379	0.99621	0.00000	0
140	K	0.00379	0.99621	0.00001	0
141	A	0.00137	0.99618	0.00245	0
142	Q	0.00120	0.99618	0.00262	0
143	G	0.00070	0.99617	0.00312	0
144	I	0.00001	0.99617	0.00382	0
145	R	0.00001	0.99617	0.00382	0
146	T	0.00000	0.99617	0.00382	0
147	G	0.00000	0.99617	0.00382	0
148	K	0.00000	0.99617	0.00382	0
149	C	0.00000	0.99617	0.00383	0
150	V	0.00000	0.99617	0.00383	0
151	A	0.00000	0.99617	0.00383	0
152	F	0.00000	0.99617	0.00383	0
153	N	0.00000	0.99617	0.00383	0
154	D	0.00000	0.99617	0.00383	0
155	T	0.00000	0.99617	0.00383	0
156	V	0.00000	0.99617	0.00383	0
157	K	0.00000	0.99618	0.00382	0
158	T	0.00000	0.99618	0.00382	0
159	C	0.00000	0.99618	0.00382	0
160	E	0.00000	0.99646	0.00354	0
161	I	0.00002	0.99654	0.00344	0
162	F	0.00002	0.99714	0.00284	0
163	G	0.00003	0.99866	0.00131	0
164	W	0.00003	0.9989	0.00107	0
165	C	0.00003	0.99994	0.00002	0
166	P	0.00003	0.99996	0.00001	0
167	V	0.00003	0.99996	0.00000	0
168	E	0.00003	0.99996	0.00000	0
169	V	0.00003	0.99996	0.00000	0
170	D	0.00003	0.99997	0.00000	0
171	D	0.00003	0.99987	0.00009	0
172	D	0.00003	0.99953	0.00043	0
173	I	0.00003	0.99894	0.00103	0
174	P	0.00003	0.99886	0.00111	0
175	R	0.00003	0.99794	0.00202	0
176	P	0.00003	0.00368	0.99629	0
177	A	0.00001	0.00363	0.99636	0
178	L	0.00000	0.00039	0.99961	0
179	L	0.00000	0.00033	0.99967	0
180	R	0.00000	0.00033	0.99967	0
181	E	0.00000	0.00033	0.99967	0
182	A	0.00000	0.00033	0.99967	0
183	E	0.00000	0.00033	0.99967	0
184	N	0.00000	0.00011	0.99989	0
185	F	0.00000	0	1.00000	0
186	T	0.00000	0	1.00000	0
187	L	0.00000	0	1.00000	0
188	F	0.00000	0	1.00000	0
189	I	0.00000	0	1.00000	0
190	K	0.00000	0	1.00000	0
191	N	0.00000	0	1.00000	0
192	S	0.00000	0	0.99999	0
193	I	0.00006	0	0.99994	0
194	S	0.00032	0	0.99968	0
195	F	0.00338	0	0.99661	0
196	P	0.08837	1e-05	0.91163	0
197	R	0.08838	2e-05	0.91161	0
198	F	0.08841	2e-05	0.91157	0
199	K	0.08874	3e-05	0.91123	0
200	V	0.08889	3e-05	0.91107	0
201	N	0.08988	4e-05	0.91009	0
202	R	0.99985	4e-05	0.00012	0
203	R	0.99986	4e-05	0.00010	0
204	N	0.99986	4e-05	0.00010	0
205	L	0.99986	4e-05	0.00010	0
206	V	0.99987	4e-05	0.00010	0
207	E	0.99996	4e-05	0.00000	0
208	E	0.99996	4e-05	0.00000	0
209	V	0.99996	4e-05	0.00000	0
210	N	0.99996	3e-05	0.00000	0
211	A	0.99996	3e-05	0.00001	0
212	A	0.99995	3e-05	0.00002	0
213	H	0.99994	3e-05	0.00002	0
214	M	0.99985	3e-05	0.00011	0
215	K	0.99851	3e-05	0.00145	0
216	T	0.94147	0	0.05853	0
217	C	0.00181	0	0.99819	0
218	L	0.00052	0	0.99948	0
219	F	0.00030	0	0.99970	0
220	H	0.00029	0	0.99971	0
221	K	0.00029	0	0.99971	0
222	T	0.00028	0	0.99972	0
223	L	0.00027	0	0.99973	0
224	H	0.00027	0	0.99973	0
225	P	0.00027	0	0.99973	0
226	L	0.00001	0	0.99999	0
227	C	0.00001	0	0.99999	0
228	P	0.00000	0	0.99999	0
229	V	0.00000	0	1.00000	0
230	F	0.00000	0	1.00000	0
231	Q	0.00000	0	1.00000	0
232	L	0.00000	0	1.00000	0
233	G	0.00000	1e-05	0.99999	0
234	Y	0.00000	1e-05	0.99999	0
235	V	0.00000	0.00052	0.99948	0
236	V	0.00000	0.05196	0.94804	0
237	Q	0.00003	0.69657	0.30340	0
238	E	0.00003	0.97754	0.02243	0
239	S	0.00003	0.99786	0.00210	0
240	G	0.00003	0.99943	0.00054	0
241	Q	0.00003	0.99965	0.00032	0
242	N	0.00003	0.99967	0.00029	0
243	F	0.00003	0.99967	0.00029	0
244	S	0.00003	0.99968	0.00028	0
245	T	0.00003	0.99969	0.00028	0
246	L	0.00003	0.99969	0.00027	0
247	A	0.00003	0.99974	0.00023	0
248	E	0.00003	0.99995	0.00002	0
249	K	0.00000	0.99996	0.00004	0
250	G	0.00000	0.99996	0.00004	0
251	G	0.00000	0.99996	0.00004	0
252	V	0.00000	0.99996	0.00004	0
253	V	0.00000	0.99996	0.00004	0
254	G	0.00000	0.99996	0.00004	0
255	I	0.00000	0.99996	0.00004	0
256	T	0.00000	0.99996	0.00004	0
257	I	0.00000	0.99996	0.00004	0
258	D	0.00000	0.99996	0.00004	0
259	W	0.00000	0.99996	0.00004	0
260	H	0.00000	0.99996	0.00004	0
261	C	0.00000	0.99996	0.00004	0
262	D	0.00000	0.99996	0.00004	0
263	L	0.00000	0.99996	0.00004	0
264	D	0.00000	0.99996	0.00004	0
265	W	0.00000	0.99996	0.00004	0
266	H	0.00000	0.99996	0.00004	0
267	V	0.00000	0.99995	0.00004	0
268	R	0.00000	0.99996	0.00004	0
269	H	0.00000	0.99995	0.00005	0
270	C	0.00000	0.99413	0.00587	0
271	R	0.00000	0.994	0.00600	0
272	P	0.00000	0.77464	0.22536	0
273	I	0.00000	0.47046	0.52953	0
274	Y	0.00000	0.47033	0.52967	0
275	E	0.00000	0.46998	0.53002	0
276	F	0.00000	0.07563	0.92437	0
277	H	0.00000	0.04901	0.95099	0
278	G	0.00000	0.02048	0.97952	0
279	L	0.00000	0.02033	0.97967	0
280	Y	0.00000	0.02033	0.97967	0
281	E	0.00000	0.02033	0.97967	0
282	E	0.00000	0.02033	0.97967	0
283	K	0.00000	0.02033	0.97967	0
284	N	0.00000	0.02033	0.97967	0
285	L	0.00000	0.01975	0.98025	0
286	S	0.00000	0.01975	0.98025	0
287	P	0.00000	0.01757	0.98243	0
288	G	0.00000	0.01755	0.98245	0
289	F	0.00000	0.01754	0.98246	0
290	N	0.00000	0.01704	0.98295	0
291	F	0.00000	0.00981	0.99019	0
292	R	0.00010	0.00978	0.99012	0
293	F	0.00085	0.00932	0.98983	0
294	A	0.10029	0.00506	0.89465	0
295	R	0.46063	0.00497	0.53440	0
296	H	0.51900	0.00419	0.47681	0
297	F	0.61060	0.00415	0.38525	0
298	V	0.64903	0.00414	0.34683	0
299	E	0.96749	0.00414	0.02837	0
300	N	0.97964	0.00411	0.01625	0
301	G	0.97967	0.00406	0.01628	0
302	T	0.97967	0.00406	0.01628	0
303	N	0.97967	0.00406	0.01628	0
304	Y	0.97963	0.00383	0.01654	0
305	R	0.97808	0.00383	0.01809	0
306	H	0.97784	0.00383	0.01833	0
307	L	0.56083	0.00382	0.43534	0
308	F	0.56076	0.00382	0.43541	0
309	K	0.54048	0.00383	0.45570	0
310	V	0.52778	0.00383	0.46839	0
311	F	0.04991	0.00383	0.94627	0
312	G	0.05003	0.00383	0.94614	0
313	I	0.05045	0.00383	0.94572	0
314	R	0.05752	0.00383	0.93865	0
315	F	0.05761	0.00383	0.93857	0
316	D	0.05911	0.00383	0.93706	0
317	I	0.05918	0.00383	0.93699	0
318	L	0.06020	0.00383	0.93598	0
319	V	0.06318	0.00383	0.93300	0
320	D	0.06331	0.00383	0.93287	0
321	G	0.06332	0.00383	0.93286	0
322	K	0.06328	0.00383	0.93289	0
323	A	0.06329	0.00383	0.93289	0
324	G	0.06331	0.00391	0.93278	0
325	K	0.06341	0.00559	0.93100	0
326	F	0.06342	0.00917	0.92740	0
327	D	0.06353	0.3879	0.54858	0
328	I	0.06314	0.39017	0.54669	0
329	I	0.06299	0.39538	0.54164	0
330	P	0.06299	0.43816	0.49886	0
331	T	0.03141	0.17681	0.79177	0
332	M	0.01145	0.02558	0.96297	0
333	T	0.00569	0.18641	0.80790	0
334	T	0.00563	0.27696	0.71740	0
335	I	0.00030	0.26849	0.73121	0
336	G	0.00029	0.42162	0.57809	0
337	S	0.00028	0.37855	0.62116	0
338	G	0.00002	0.11692	0.88307	0
339	I	0.00000	0.01007	0.98993	0
340	G	0.00000	0.00136	0.99864	0
341	I	0.00000	0	1.00000	0
342	F	0.00000	0	1.00000	0
343	G	0.00000	0	1.00000	0
344	V	0.00000	0	1.00000	0
345	A	0.00000	0	1.00000	0
346	T	0.00000	1e-05	0.99999	0
347	V	0.00000	1e-05	0.99998	0
348	L	0.00000	2e-05	0.99997	0
349	C	0.00006	0.00011	0.99983	0
350	D	0.00041	0.00013	0.99945	0
351	L	0.00056	0.00013	0.99931	0
352	L	0.00258	0.00013	0.99728	0
353	L	0.01028	0.00014	0.98958	0
354	L	0.03028	0.00022	0.96950	0
355	H	0.09351	0.004	0.90249	0
356	I	0.30086	0.00821	0.69093	0
357	L	0.49701	0.01998	0.48301	0
358	P	0.72975	0.05633	0.21392	0
359	K	0.93639	0.06355	0.00005	0
360	R	0.93639	0.06361	0.00000	0
361	H	0.93639	0.06361	0.00000	0
362	Y	0.93639	0.06361	0.00000	0
363	Y	0.93639	0.06361	0.00000	0
364	K	0.93639	0.06361	0.00000	0
365	Q	0.93639	0.06361	0.00000	0
366	K	0.93639	0.0636	0.00001	0
367	K	0.93639	0.06353	0.00007	0
368	F	0.93639	0.05749	0.00612	0
369	K	0.93639	0.05582	0.00779	0
370	Y	0.93639	0.00927	0.05433	0
371	A	0.93639	0.00067	0.06293	0
372	E	0.93639	0.00023	0.06338	0
373	D	0.93639	0.00017	0.06344	0
374	M	0.93639	0	0.06360	0
375	G	0.93639	0	0.06361	0
376	P	0.93639	0	0.06361	0
377	G	0.93639	0	0.06361	0
378	A	0.93639	0	0.06361	0
379	A	0.93639	0	0.06361	0
380	E	0.93639	0	0.06361	0
381	R	0.93639	0	0.06361	0
382	D	0.93639	0	0.06361	0
383	L	0.93639	0	0.06361	0
384	A	0.93639	0	0.06361	0
385	A	0.93639	0	0.06361	0
386	T	0.93639	0	0.06361	0
387	S	0.93640	0	0.06360	0
388	S	0.93650	0	0.06350	0
389	T	0.93660	0	0.06340	0
390	L	0.93714	0	0.06286	0
391	G	0.94150	0	0.05850	0
392	L	0.95102	0	0.04898	0
393	Q	0.99608	0	0.00392	0
394	E	1.00000	0	0.00000	0
395	N	1.00000	0	0.00000	0
396	M	1.00000	0	0.00000	0
397	R	1.00000	0	0.00000	0
398	T	1.00000	0	0.00000	0
399	S	1.00000	0	0.00000	0
