# UNNAMED
#pos	aa	i	o	M	S
1	M	0.00000	0.00124	0.00000	0.99876
2	N	0.00000	0.00124	0.00000	0.99876
3	L	0.00000	0.00124	0.00000	0.99876
4	Q	0.00000	0.00124	0.00000	0.99876
5	P	0.00000	0.00124	0.00000	0.99875
6	I	0.00000	0.00124	0.00000	0.99876
7	F	0.00000	0.00124	0.00000	0.99876
8	W	0.00000	0.00124	0.00000	0.99876
9	I	0.00000	0.00124	0.00000	0.99876
10	G	0.00000	0.00124	0.00000	0.99876
11	L	0.00000	0.00124	0.00000	0.99875
12	I	0.00000	0.00124	0.00000	0.99876
13	S	0.00000	0.00124	0.00000	0.99875
14	S	0.00000	0.00134	0.00000	0.99866
15	V	0.00000	0.00313	0.00000	0.99687
16	C	0.00000	0.00313	0.00000	0.99688
17	C	0.00000	0.00313	0.00000	0.99687
18	V	0.00000	0.23871	0.00000	0.76129
19	F	0.00000	0.23873	0.00000	0.76127
20	A	0.00000	0.23873	0.00000	0.76127
21	Q	0.00000	0.92725	0.00000	0.07275
22	T	0.00000	0.92725	0.00000	0.07274
23	D	0.00000	0.93457	0.00000	0.06542
24	E	0.00000	0.93458	0.00000	0.06542
25	N	0.00000	0.9935	0.00000	0.0065
26	R	0.00000	0.9935	0.00000	0.0065
27	C	0.00000	0.9935	0.00000	0.0065
28	L	0.00000	0.99925	0.00000	0.00074
29	K	0.00000	0.99926	0.00000	0.00074
30	A	0.00000	0.99926	0.00000	0.00074
31	N	0.00000	1	0.00000	0
32	A	0.00000	1	0.00000	0
33	K	0.00000	1	0.00000	0
34	S	0.00000	1	0.00000	0
35	C	0.00000	1	0.00000	0
36	G	0.00000	1	0.00000	0
37	E	0.00000	1	0.00000	0
38	C	0.00000	1	0.00000	0
39	I	0.00000	1	0.00000	0
40	Q	0.00000	1	0.00000	0
41	A	0.00000	1	0.00000	0
42	G	0.00000	1	0.00000	0
43	P	0.00000	1	0.00000	0
44	N	0.00000	1	0.00000	0
45	C	0.00000	1	0.00000	0
46	G	0.00000	1	0.00000	0
47	W	0.00000	1	0.00000	0
48	C	0.00000	1	0.00000	0
49	T	0.00000	1	0.00000	0
50	N	0.00000	1	0.00000	0
51	S	0.00000	1	0.00000	0
52	T	0.00000	1	0.00000	0
53	F	0.00000	1	0.00000	0
54	L	0.00000	1	0.00000	0
55	Q	0.00000	1	0.00000	0
56	E	0.00000	1	0.00000	0
57	G	0.00000	1	0.00000	0
58	M	0.00000	1	0.00000	0
59	P	0.00000	1	0.00000	0
60	T	0.00000	1	0.00000	0
61	S	0.00000	1	0.00000	0
62	A	0.00000	1	0.00000	0
63	R	0.00000	1	0.00000	0
64	C	0.00000	1	0.00000	0
65	D	0.00000	1	0.00000	0
66	D	0.00000	1	0.00000	0
67	L	0.00000	1	0.00000	0
68	E	0.00000	1	0.00000	0
69	A	0.00000	1	0.00000	0
70	L	0.00000	1	0.00000	0
71	K	0.00000	1	0.00000	0
72	K	0.00000	1	0.00000	0
73	K	0.00000	1	0.00000	0
74	G	0.00000	1	0.00000	0
75	C	0.00000	1	0.00000	0
76	P	0.00000	1	0.00000	0
77	P	0.00000	1	0.00000	0
78	D	0.00000	1	0.00000	0
79	D	0.00000	1	0.00000	0
80	I	0.00000	1	0.00000	0
81	E	0.00000	1	0.00000	0
82	N	0.00000	1	0.00000	0
83	P	0.00000	1	0.00000	0
84	R	0.00000	1	0.00000	0
85	G	0.00000	1	0.00000	0
86	S	0.00000	1	0.00000	0
87	K	0.00000	1	0.00000	0
88	D	0.00000	1	0.00000	0
89	I	0.00000	1	0.00000	0
90	K	0.00000	1	0.00000	0
91	K	0.00000	1	0.00000	0
92	N	0.00000	1	0.00000	0
93	K	0.00000	1	0.00000	0
94	N	0.00000	1	0.00000	0
95	V	0.00000	1	0.00000	0
96	T	0.00000	1	0.00000	0
97	N	0.00000	1	0.00000	0
98	R	0.00000	1	0.00000	0
99	S	0.00000	1	0.00000	0
100	K	0.00000	1	0.00000	0
101	G	0.00000	1	0.00000	0
102	T	0.00000	1	0.00000	0
103	A	0.00000	1	0.00000	0
104	E	0.00000	1	0.00000	0
105	K	0.00000	1	0.00000	0
106	L	0.00000	1	0.00000	0
107	K	0.00000	1	0.00000	0
108	P	0.00000	1	0.00000	0
109	E	0.00000	1	0.00000	0
110	D	0.00000	1	0.00000	0
111	I	0.00000	1	0.00000	0
112	T	0.00000	1	0.00000	0
113	Q	0.00000	1	0.00000	0
114	I	0.00000	1	0.00000	0
115	Q	0.00000	1	0.00000	0
116	P	0.00000	1	0.00000	0
117	Q	0.00000	1	0.00000	0
118	Q	0.00000	1	0.00000	0
119	L	0.00000	1	0.00000	0
120	V	0.00000	1	0.00000	0
121	L	0.00000	1	0.00000	0
122	R	0.00000	1	0.00000	0
123	L	0.00000	1	0.00000	0
124	R	0.00000	1	0.00000	0
125	S	0.00000	1	0.00000	0
126	G	0.00000	1	0.00000	0
127	E	0.00000	1	0.00000	0
128	P	0.00000	1	0.00000	0
129	Q	0.00000	1	0.00000	0
130	T	0.00000	1	0.00000	0
131	F	0.00000	1	0.00000	0
132	T	0.00000	1	0.00000	0
133	L	0.00000	1	0.00000	0
134	K	0.00000	1	0.00000	0
135	F	0.00000	1	0.00000	0
136	K	0.00000	1	0.00000	0
137	R	0.00000	1	0.00000	0
138	A	0.00000	1	0.00000	0
139	E	0.00000	1	0.00000	0
140	D	0.00000	1	0.00000	0
141	Y	0.00000	1	0.00000	0
142	P	0.00000	1	0.00000	0
143	I	0.00000	1	0.00000	0
144	D	0.00000	1	0.00000	0
145	L	0.00000	1	0.00000	0
146	Y	0.00000	1	0.00000	0
147	Y	0.00000	1	0.00000	0
148	L	0.00000	1	0.00000	0
149	M	0.00000	1	0.00000	0
150	D	0.00000	1	0.00000	0
151	L	0.00000	1	0.00000	0
152	S	0.00000	1	0.00000	0
153	Y	0.00000	1	0.00000	0
154	S	0.00000	1	0.00000	0
155	M	0.00000	1	0.00000	0
156	K	0.00000	1	0.00000	0
157	D	0.00000	1	0.00000	0
158	D	0.00000	1	0.00000	0
159	L	0.00000	1	0.00000	0
160	E	0.00000	1	0.00000	0
161	N	0.00000	1	0.00000	0
162	V	0.00000	1	0.00000	0
163	K	0.00000	1	0.00000	0
164	S	0.00000	1	0.00000	0
165	L	0.00000	1	0.00000	0
166	G	0.00000	1	0.00000	0
167	T	0.00000	1	0.00000	0
168	D	0.00000	1	0.00000	0
169	L	0.00000	1	0.00000	0
170	M	0.00000	1	0.00000	0
171	N	0.00000	1	0.00000	0
172	E	0.00000	1	0.00000	0
173	M	0.00000	1	0.00000	0
174	R	0.00000	1	0.00000	0
175	R	0.00000	1	0.00000	0
176	I	0.00000	1	0.00000	0
177	T	0.00000	1	0.00000	0
178	S	0.00000	1	0.00000	0
179	D	0.00000	1	0.00000	0
180	F	0.00000	1	0.00000	0
181	R	0.00000	1	0.00000	0
182	I	0.00000	1	0.00000	0
183	G	0.00000	1	0.00000	0
184	F	0.00000	1	0.00000	0
185	G	0.00000	1	0.00000	0
186	S	0.00000	1	0.00000	0
187	F	0.00000	1	0.00000	0
188	V	0.00000	1	0.00000	0
189	E	0.00000	1	0.00000	0
190	K	0.00000	1	0.00000	0
191	T	0.00000	1	0.00000	0
192	V	0.00000	1	0.00000	0
193	M	0.00000	1	0.00000	0
194	P	0.00000	1	0.00000	0
195	Y	0.00000	1	0.00000	0
196	I	0.00000	1	0.00000	0
197	S	0.00000	1	0.00000	0
198	T	0.00000	1	0.00000	0
199	T	0.00000	1	0.00000	0
200	P	0.00000	1	0.00000	0
201	A	0.00000	1	0.00000	0
202	K	0.00000	1	0.00000	0
203	L	0.00000	1	0.00000	0
204	R	0.00000	1	0.00000	0
205	N	0.00000	1	0.00000	0
206	P	0.00000	1	0.00000	0
207	C	0.00000	1	0.00000	0
208	T	0.00000	1	0.00000	0
209	S	0.00000	1	0.00000	0
210	E	0.00000	1	0.00000	0
211	Q	0.00000	1	0.00000	0
212	N	0.00000	1	0.00000	0
213	C	0.00000	1	0.00000	0
214	T	0.00000	1	0.00000	0
215	S	0.00000	1	0.00000	0
216	P	0.00000	1	0.00000	0
217	F	0.00000	1	0.00000	0
218	S	0.00000	1	0.00000	0
219	Y	0.00000	1	0.00000	0
220	K	0.00000	1	0.00000	0
221	N	0.00000	1	0.00000	0
222	V	0.00000	0.99999	0.00001	0
223	L	0.00000	0.99999	0.00001	0
224	S	0.00000	0.99999	0.00001	0
225	L	0.00000	0.99999	0.00001	0
226	T	0.00000	0.99999	0.00001	0
227	N	0.00000	0.99999	0.00001	0
228	K	0.00000	0.99999	0.00001	0
229	G	0.00000	0.99999	0.00001	0
230	E	0.00000	0.99999	0.00001	0
231	V	0.00000	0.99999	0.00001	0
232	F	0.00000	0.99999	0.00001	0
233	N	0.00000	0.99999	0.00001	0
234	E	0.00000	0.99999	0.00001	0
235	L	0.00000	0.99998	0.00002	0
236	V	0.00000	0.99993	0.00007	0
237	G	0.00000	0.99988	0.00012	0
238	K	0.00000	0.99982	0.00017	0
239	Q	0.00000	0.99863	0.00137	0
240	R	0.00000	0.99817	0.00183	0
241	I	0.00000	0.98735	0.01265	0
242	S	0.00000	0.98735	0.01265	0
243	G	0.00000	0.98735	0.01265	0
244	N	0.00000	0.98735	0.01265	0
245	L	0.00000	0.98735	0.01265	0
246	D	0.00000	0.98735	0.01265	0
247	S	0.00000	0.93902	0.06098	0
248	P	0.00000	0.85285	0.14715	0
249	E	0.00000	0.85284	0.14715	0
250	G	0.00000	0.85284	0.14715	0
251	G	0.00000	0.85284	0.14716	0
252	F	0.00000	0.85284	0.14716	0
253	D	0.00000	0.85284	0.14716	0
254	A	0.00000	0.85145	0.14855	0
255	I	0.00000	0.85142	0.14858	0
256	M	0.00000	0.85142	0.14858	0
257	Q	0.00000	0.85142	0.14858	0
258	V	0.00000	0.85142	0.14858	0
259	A	0.00001	0.85142	0.14857	0
260	V	0.00009	0.85142	0.14849	0
261	C	0.00076	0.85142	0.14782	0
262	G	0.00279	0.85142	0.14579	0
263	S	0.00625	0.85142	0.14233	0
264	L	0.00677	0.85142	0.14181	0
265	I	0.00830	0.85142	0.14028	0
266	G	0.03066	0.85142	0.11792	0
267	W	0.05109	0.85142	0.09749	0
268	R	0.14328	0.85142	0.00530	0
269	N	0.14697	0.85142	0.00161	0
270	V	0.14702	0.85142	0.00156	0
271	T	0.14709	0.85142	0.00149	0
272	R	0.14760	0.85142	0.00098	0
273	L	0.02904	0.85142	0.11954	0
274	L	0.00542	0.85142	0.14316	0
275	V	0.00317	0.85142	0.14541	0
276	F	0.00284	0.85142	0.14574	0
277	S	0.00286	0.85142	0.14572	0
278	T	0.00281	0.85142	0.14576	0
279	D	0.00153	0.85142	0.14704	0
280	A	0.00028	0.85142	0.14830	0
281	G	0.00011	0.85142	0.14847	0
282	F	0.00000	0.85142	0.14857	0
283	H	0.00000	0.85142	0.14857	0
284	F	0.00000	0.85142	0.14857	0
285	A	0.00000	0.85142	0.14857	0
286	G	0.00000	0.85142	0.14857	0
287	D	0.00000	0.85142	0.14857	0
288	G	0.00000	0.85143	0.14857	0
289	K	0.00000	0.85143	0.14857	0
290	L	0.00000	0.85143	0.14857	0
291	G	0.00000	0.85161	0.14839	0
292	G	0.00000	0.8524	0.14760	0
293	I	0.00000	0.8679	0.13210	0
294	V	0.00000	0.92036	0.07964	0
295	L	0.00000	0.92972	0.07028	0
296	P	0.00000	0.97056	0.02944	0
297	N	0.00000	0.9974	0.00260	0
298	D	0.00000	0.99886	0.00114	0
299	G	0.00000	0.9991	0.00090	0
300	Q	0.00000	0.99951	0.00049	0
301	C	0.00000	1	0.00000	0
302	H	0.00000	1	0.00000	0
303	L	0.00000	1	0.00000	0
304	E	0.00000	1	0.00000	0
305	N	0.00000	1	0.00000	0
306	N	0.00000	1	0.00000	0
307	M	0.00000	1	0.00000	0
308	Y	0.00000	0.99999	0.00001	0
309	T	0.00000	0.99997	0.00003	0
310	M	0.00000	0.99977	0.00023	0
311	S	0.00000	0.98897	0.01103	0
312	H	0.00000	0.89426	0.10574	0
313	Y	0.00000	0.87453	0.12547	0
314	Y	0.00000	0.87397	0.12603	0
315	D	0.00000	0.87386	0.12614	0
316	Y	0.00000	0.87382	0.12618	0
317	P	0.00000	0.87375	0.12625	0
318	S	0.00000	0.87289	0.12711	0
319	I	0.00000	0.86519	0.13481	0
320	A	0.00000	0.85462	0.14538	0
321	H	0.00000	0.85178	0.14822	0
322	L	0.00000	0.8514	0.14860	0
323	V	0.00000	0.8514	0.14860	0
324	Q	0.00000	0.8514	0.14860	0
325	K	0.00000	0.8514	0.14860	0
326	L	0.00000	0.8514	0.14860	0
327	S	0.00000	0.8514	0.14860	0
328	E	0.00000	0.8514	0.14860	0
329	N	0.00002	0.85139	0.14859	0
330	N	0.00009	0.85136	0.14855	0
331	I	0.00013	0.85101	0.14886	0
332	Q	0.00177	0.851	0.14723	0
333	T	0.10233	0.85096	0.04671	0
334	I	0.12250	0.85094	0.02656	0
335	F	0.12523	0.85094	0.02383	0
336	A	0.12614	0.85094	0.02291	0
337	V	0.12623	0.85094	0.02283	0
338	T	0.12624	0.85094	0.02282	0
339	E	0.12625	0.85094	0.02280	0
340	E	0.12645	0.85094	0.02260	0
341	F	0.13121	0.85094	0.01785	0
342	Q	0.14743	0.85094	0.00163	0
343	P	0.14860	0.85094	0.00046	0
344	V	0.14860	0.85094	0.00046	0
345	Y	0.14860	0.85094	0.00046	0
346	K	0.14860	0.85094	0.00045	0
347	E	0.14859	0.85094	0.00047	0
348	L	0.14818	0.85094	0.00088	0
349	K	0.14824	0.85094	0.00081	0
350	N	0.11310	0.85094	0.03596	0
351	L	0.03088	0.85094	0.11817	0
352	I	0.02359	0.85094	0.12547	0
353	P	0.02337	0.85094	0.12568	0
354	K	0.02276	0.85094	0.12630	0
355	S	0.02133	0.85094	0.12772	0
356	A	0.01427	0.85094	0.13479	0
357	V	0.00803	0.85094	0.14103	0
358	G	0.00448	0.85094	0.14458	0
359	T	0.00102	0.85094	0.14804	0
360	L	0.00052	0.85094	0.14854	0
361	S	0.00051	0.85094	0.14855	0
362	A	0.00047	0.85094	0.14859	0
363	N	0.00042	0.85094	0.14864	0
364	S	0.00035	0.85094	0.14871	0
365	S	0.00024	0.85094	0.14882	0
366	N	0.00006	0.85094	0.14900	0
367	V	0.00001	0.85095	0.14904	0
368	I	0.00000	0.85097	0.14903	0
369	Q	0.00000	0.85124	0.14876	0
370	L	0.00000	0.85156	0.14844	0
371	I	0.00000	0.85765	0.14235	0
372	I	0.00000	0.88581	0.11419	0
373	D	0.00000	0.97704	0.02296	0
374	A	0.00000	0.97719	0.02280	0
375	Y	0.00000	0.97779	0.02220	0
376	N	0.00000	0.9813	0.01870	0
377	S	0.00000	0.98253	0.01747	0
378	L	0.00000	0.9834	0.01659	0
379	S	0.00000	0.99544	0.00456	0
380	S	0.00000	0.999	0.00100	0
381	E	0.00000	0.99941	0.00059	0
382	V	0.00000	0.9994	0.00060	0
383	I	0.00000	0.99925	0.00074	0
384	L	0.00000	0.99928	0.00072	0
385	E	0.00000	0.99956	0.00043	0
386	N	0.00000	0.99952	0.00048	0
387	G	0.00000	0.99947	0.00053	0
388	K	0.00000	0.99948	0.00051	0
389	L	0.00000	0.99932	0.00068	0
390	S	0.00000	0.99934	0.00066	0
391	E	0.00000	0.99931	0.00069	0
392	G	0.00000	0.99914	0.00086	0
393	V	0.00000	0.90508	0.09492	0
394	T	0.00000	0.90468	0.09532	0
395	I	0.00000	0.90458	0.09542	0
396	S	0.00000	0.90457	0.09543	0
397	Y	0.00000	0.90447	0.09553	0
398	K	0.00000	0.90447	0.09553	0
399	S	0.00000	0.90442	0.09557	0
400	Y	0.00000	0.90442	0.09558	0
401	C	0.00000	0.90442	0.09558	0
402	K	0.00002	0.90442	0.09556	0
403	N	0.00003	0.90441	0.09556	0
404	G	0.00003	0.90409	0.09588	0
405	V	0.00007	0.90264	0.09729	0
406	N	0.00017	0.90262	0.09721	0
407	G	0.00025	0.90254	0.09721	0
408	T	0.00028	0.89932	0.10041	0
409	G	0.00033	0.86058	0.13909	0
410	E	0.00058	0.86041	0.13901	0
411	N	0.00061	0.86021	0.13918	0
412	G	0.00063	0.86012	0.13924	0
413	R	0.00257	0.86012	0.13730	0
414	K	0.00812	0.86012	0.13175	0
415	C	0.01235	0.86012	0.12752	0
416	S	0.06444	0.86012	0.07544	0
417	N	0.08776	0.86012	0.05212	0
418	I	0.09510	0.86012	0.04479	0
419	S	0.09548	0.86012	0.04440	0
420	I	0.09549	0.86012	0.04439	0
421	G	0.09552	0.86012	0.04437	0
422	D	0.09558	0.86012	0.04431	0
423	E	0.09558	0.86012	0.04430	0
424	V	0.09558	0.86012	0.04430	0
425	Q	0.09561	0.86012	0.04427	0
426	F	0.09565	0.86012	0.04423	0
427	E	0.09688	0.86012	0.04300	0
428	I	0.09693	0.86012	0.04295	0
429	S	0.09745	0.86012	0.04243	0
430	I	0.09800	0.86012	0.04188	0
431	T	0.12433	0.86012	0.01555	0
432	S	0.13853	0.86012	0.00136	0
433	N	0.13988	0.86012	0.00001	0
434	K	0.13988	0.86012	0.00000	0
435	C	0.13988	0.86012	0.00000	0
436	P	0.13988	0.86012	0.00000	0
437	K	0.13988	0.86012	0.00000	0
438	K	0.13988	0.86012	0.00000	0
439	D	0.13988	0.86012	0.00000	0
440	S	0.13988	0.86012	0.00000	0
441	D	0.13988	0.86012	0.00000	0
442	S	0.00067	0.86012	0.13921	0
443	F	0.00057	0.86011	0.13932	0
444	K	0.00000	0.86011	0.13988	0
445	I	0.00000	0.86011	0.13989	0
446	R	0.00000	0.86011	0.13989	0
447	P	0.00000	0.86011	0.13989	0
448	L	0.00000	0.86011	0.13989	0
449	G	0.00000	0.86011	0.13989	0
450	F	0.00000	0.86011	0.13989	0
451	T	0.00000	0.86011	0.13989	0
452	E	0.00000	0.86011	0.13989	0
453	E	0.00000	0.86011	0.13989	0
454	V	0.00000	0.86011	0.13989	0
455	E	0.00000	0.86011	0.13989	0
456	V	0.00000	0.86011	0.13989	0
457	I	0.00000	0.86011	0.13989	0
458	L	0.00000	0.86011	0.13989	0
459	Q	0.00000	0.86011	0.13989	0
460	Y	0.00000	0.86013	0.13987	0
461	I	0.00000	0.86156	0.13844	0
462	C	0.00000	0.94289	0.05711	0
463	E	0.00000	0.99529	0.00471	0
464	C	0.00000	0.99958	0.00042	0
465	E	0.00001	0.99998	0.00001	0
466	C	0.00001	0.99999	0.00001	0
467	Q	0.00001	0.99999	0.00001	0
468	S	0.00001	0.99999	0.00000	0
469	E	0.00001	0.99999	0.00000	0
470	G	0.00001	0.99999	0.00000	0
471	I	0.00001	0.99999	0.00000	0
472	P	0.00001	0.99999	0.00000	0
473	E	0.00001	0.99999	0.00000	0
474	S	0.00001	0.99999	0.00000	0
475	P	0.00001	0.99999	0.00000	0
476	K	0.00001	0.99999	0.00000	0
477	C	0.00000	0.99999	0.00001	0
478	H	0.00000	0.99999	0.00001	0
479	E	0.00000	0.99999	0.00001	0
480	G	0.00000	0.99999	0.00001	0
481	N	0.00000	0.99999	0.00001	0
482	G	0.00000	0.99999	0.00001	0
483	T	0.00000	0.99999	0.00001	0
484	F	0.00000	0.99999	0.00001	0
485	E	0.00000	0.99999	0.00001	0
486	C	0.00000	0.99999	0.00001	0
487	G	0.00000	0.99999	0.00001	0
488	A	0.00000	0.99999	0.00001	0
489	C	0.00000	0.99999	0.00001	0
490	R	0.00000	0.99999	0.00001	0
491	C	0.00000	0.99999	0.00001	0
492	N	0.00000	0.99999	0.00001	0
493	E	0.00000	0.99999	0.00001	0
494	G	0.00000	0.99999	0.00001	0
495	R	0.00000	0.99999	0.00001	0
496	V	0.00000	0.99999	0.00001	0
497	G	0.00000	0.99999	0.00001	0
498	R	0.00000	1	0.00000	0
499	H	0.00000	1	0.00000	0
500	C	0.00000	1	0.00000	0
501	E	0.00000	1	0.00000	0
502	C	0.00000	1	0.00000	0
503	S	0.00000	1	0.00000	0
504	T	0.00000	1	0.00000	0
505	D	0.00000	1	0.00000	0
506	E	0.00000	1	0.00000	0
507	V	0.00000	1	0.00000	0
508	N	0.00000	1	0.00000	0
509	S	0.00000	1	0.00000	0
510	E	0.00000	1	0.00000	0
511	D	0.00000	1	0.00000	0
512	M	0.00000	1	0.00000	0
513	D	0.00000	1	0.00000	0
514	A	0.00000	0.96706	0.03294	0
515	Y	0.00000	0.95936	0.04064	0
516	C	0.00000	0.9592	0.04080	0
517	R	0.00000	0.95877	0.04123	0
518	K	0.00000	0.95453	0.04547	0
519	E	0.00000	0.93146	0.06853	0
520	N	0.00000	0.48087	0.51913	0
521	S	0.00000	0.19992	0.80008	0
522	S	0.00000	0.15056	0.84944	0
523	E	0.00000	0.14964	0.85036	0
524	I	0.00000	0.14956	0.85044	0
525	C	0.00000	0.14956	0.85044	0
526	S	0.00000	0.14956	0.85044	0
527	N	0.00000	0.14956	0.85044	0
528	N	0.00000	0.14956	0.85044	0
529	G	0.00000	0.14956	0.85044	0
530	E	0.00000	0.14956	0.85044	0
531	C	0.00000	0.14956	0.85044	0
532	V	0.00000	0.14956	0.85044	0
533	C	0.00000	0.14956	0.85044	0
534	G	0.00026	0.14956	0.85018	0
535	Q	0.00202	0.14956	0.84842	0
536	C	0.00287	0.14956	0.84757	0
537	V	0.00548	0.14956	0.84497	0
538	C	0.01940	0.14956	0.83105	0
539	R	0.25563	0.14956	0.59481	0
540	K	0.63833	0.14956	0.21212	0
541	R	0.82229	0.14956	0.02816	0
542	D	0.84958	0.14956	0.00086	0
543	N	0.85032	0.14956	0.00012	0
544	T	0.85031	0.14956	0.00013	0
545	N	0.84957	0.14956	0.00088	0
546	E	0.84892	0.14956	0.00153	0
547	I	0.77768	0.1494	0.07291	0
548	Y	0.76657	0.14936	0.08407	0
549	S	0.76280	0.14935	0.08784	0
550	G	0.74416	0.14935	0.10648	0
551	K	0.68280	0.14935	0.16785	0
552	F	0.33090	0.14935	0.51975	0
553	C	0.19685	0.14935	0.65380	0
554	E	0.16639	0.14935	0.68426	0
555	C	0.00191	0.14935	0.84874	0
556	D	0.00001	0.14935	0.85064	0
557	N	0.00000	0.14935	0.85065	0
558	F	0.00000	0.14935	0.85065	0
559	N	0.00000	0.14935	0.85065	0
560	C	0.00000	0.14935	0.85065	0
561	D	0.00000	0.14935	0.85065	0
562	R	0.00000	0.14923	0.85077	0
563	S	0.00000	0.14907	0.85093	0
564	N	0.00000	0.14907	0.85093	0
565	G	0.00000	0.14907	0.85093	0
566	L	0.00000	0.14917	0.85083	0
567	I	0.00000	0.1564	0.84360	0
568	C	0.00000	0.21607	0.78393	0
569	G	0.00000	0.21726	0.78273	0
570	G	0.00003	0.22035	0.77962	0
571	N	0.00013	0.22231	0.77756	0
572	G	0.00014	0.22282	0.77704	0
573	V	0.00015	0.22329	0.77656	0
574	C	0.00016	0.99762	0.00222	0
575	K	0.00020	0.99922	0.00058	0
576	C	0.00020	0.99951	0.00029	0
577	R	0.00020	0.99951	0.00029	0
578	V	0.00020	0.99951	0.00029	0
579	C	0.00021	0.99951	0.00029	0
580	E	0.00036	0.99951	0.00013	0
581	C	0.00037	0.99951	0.00013	0
582	N	0.00049	0.99951	0.00000	0
583	P	0.00049	0.99951	0.00000	0
584	N	0.00030	0.99951	0.00019	0
585	Y	0.00028	0.9995	0.00022	0
586	T	0.00027	0.9995	0.00023	0
587	G	0.00025	0.99888	0.00087	0
588	S	0.00020	0.99883	0.00097	0
589	A	0.00018	0.99879	0.00103	0
590	C	0.00007	0.99876	0.00117	0
591	D	0.00005	0.89375	0.10620	0
592	C	0.00000	0.70634	0.29366	0
593	S	0.00000	0.37381	0.62619	0
594	L	0.00000	0.17079	0.82921	0
595	D	0.00000	0.16976	0.83024	0
596	T	0.00000	0.16976	0.83024	0
597	S	0.00000	0.16976	0.83024	0
598	T	0.00000	0.16976	0.83024	0
599	C	0.00000	0.16976	0.83024	0
600	E	0.00000	0.16976	0.83024	0
601	A	0.00000	0.16976	0.83024	0
602	S	0.00000	0.16976	0.83024	0
603	N	0.00000	0.16976	0.83024	0
604	G	0.00000	0.16976	0.83024	0
605	Q	0.00000	0.1698	0.83020	0
606	I	0.00000	0.16982	0.83018	0
607	C	0.00001	0.17006	0.82994	0
608	N	0.00011	0.17006	0.82983	0
609	G	0.00051	0.17007	0.82942	0
610	R	0.00077	0.17007	0.82916	0
611	G	0.00141	0.17007	0.82852	0
612	I	0.00173	0.17007	0.82819	0
613	C	0.01019	0.17025	0.81956	0
614	E	0.03474	0.17025	0.79500	0
615	C	0.82942	0.17025	0.00032	0
616	G	0.82961	0.17025	0.00014	0
617	V	0.82974	0.17013	0.00013	0
618	C	0.82974	0.17013	0.00013	0
619	K	0.82975	0.17011	0.00014	0
620	C	0.82975	0.17011	0.00014	0
621	T	0.82975	0.17011	0.00015	0
622	D	0.82975	0.1701	0.00016	0
623	P	0.82974	0.16997	0.00028	0
624	K	0.82969	0.16807	0.00223	0
625	F	0.82959	0.14272	0.02770	0
626	Q	0.82920	0.13972	0.03108	0
627	G	0.81020	0.13965	0.05015	0
628	Q	0.75014	0.13965	0.11022	0
629	T	0.20990	0.13964	0.65046	0
630	C	0.07307	0.13964	0.78728	0
631	E	0.06806	0.13963	0.79231	0
632	M	0.02218	0.13963	0.83819	0
633	C	0.00003	0.13963	0.86034	0
634	Q	0.00002	0.13963	0.86035	0
635	T	0.00002	0.13963	0.86035	0
636	C	0.00000	0.13963	0.86037	0
637	L	0.00000	0.13963	0.86037	0
638	G	0.00000	0.13963	0.86037	0
639	V	0.00000	0.13963	0.86037	0
640	C	0.00001	0.13963	0.86036	0
641	A	0.00006	0.13963	0.86030	0
642	E	0.00014	0.13963	0.86022	0
643	H	0.00015	0.13964	0.86021	0
644	K	0.00022	0.13978	0.86000	0
645	E	0.00033	0.13989	0.85978	0
646	C	0.00898	0.14277	0.84825	0
647	V	0.02179	0.14897	0.82924	0
648	Q	0.03055	0.63935	0.33010	0
649	C	0.03059	0.72232	0.24709	0
650	R	0.03060	0.75137	0.21803	0
651	A	0.03060	0.75323	0.21617	0
652	F	0.03060	0.7936	0.17580	0
653	N	0.03061	0.96086	0.00853	0
654	K	0.03062	0.96873	0.00065	0
655	G	0.03062	0.96937	0.00001	0
656	E	0.03062	0.96938	0.00000	0
657	K	0.03058	0.96938	0.00004	0
658	K	0.02950	0.96938	0.00113	0
659	D	0.02859	0.96938	0.00203	0
660	T	0.02134	0.96938	0.00928	0
661	C	0.01005	0.96938	0.02057	0
662	T	0.01003	0.96938	0.02059	0
663	Q	0.01000	0.96938	0.02062	0
664	E	0.00984	0.96938	0.02078	0
665	C	0.00943	0.96938	0.02120	0
666	S	0.00943	0.96938	0.02120	0
667	Y	0.00942	0.96938	0.02120	0
668	F	0.00942	0.96938	0.02120	0
669	N	0.00942	0.96938	0.02120	0
670	I	0.00942	0.96938	0.02120	0
671	T	0.00942	0.96938	0.02120	0
672	K	0.00942	0.96938	0.02120	0
673	V	0.00942	0.96938	0.02120	0
674	E	0.00942	0.96938	0.02120	0
675	S	0.00942	0.96938	0.02120	0
676	R	0.00942	0.96952	0.02106	0
677	D	0.00942	0.97101	0.01956	0
678	K	0.00942	0.97123	0.01935	0
679	L	0.00942	0.97137	0.01920	0
680	P	0.00942	0.97721	0.01337	0
681	Q	0.00942	0.98967	0.00090	0
682	P	0.00942	0.98981	0.00077	0
683	V	0.00942	0.98992	0.00066	0
684	Q	0.00942	0.99025	0.00033	0
685	P	0.00942	0.99043	0.00015	0
686	D	0.00942	0.99057	0.00000	0
687	P	0.00942	0.99057	0.00000	0
688	V	0.00942	0.99057	0.00000	0
689	S	0.00942	0.99057	0.00000	0
690	H	0.00942	0.99057	0.00000	0
691	C	0.00942	0.99057	0.00000	0
692	K	0.00942	0.99057	0.00000	0
693	E	0.00942	0.99055	0.00002	0
694	K	0.00942	0.99055	0.00002	0
695	D	0.00942	0.99055	0.00003	0
696	V	0.00942	0.99029	0.00029	0
697	D	0.00942	0.99002	0.00056	0
698	D	0.00942	0.9846	0.00597	0
699	C	0.00153	0.54316	0.45530	0
700	W	0.00001	0.18349	0.81650	0
701	F	0.00000	0.13943	0.86057	0
702	Y	0.00000	0.13941	0.86059	0
703	F	0.00000	0.13941	0.86059	0
704	T	0.00000	0.1394	0.86060	0
705	Y	0.00000	0.1394	0.86060	0
706	S	0.00000	0.1394	0.86060	0
707	V	0.00000	0.1394	0.86060	0
708	N	0.00000	0.1394	0.86060	0
709	G	0.00000	0.1394	0.86059	0
710	N	0.00000	0.1394	0.86059	0
711	N	0.00000	0.1394	0.86059	0
712	E	0.00000	0.1394	0.86059	0
713	V	0.00000	0.1394	0.86060	0
714	M	0.00000	0.1394	0.86060	0
715	V	0.00000	0.1394	0.86060	0
716	H	0.00000	0.1394	0.86060	0
717	V	0.00001	0.1394	0.86059	0
718	V	0.00049	0.13959	0.85992	0
719	E	0.24201	0.14757	0.61043	0
720	N	0.48684	0.14842	0.36474	0
721	P	0.84315	0.1488	0.00804	0
722	E	0.84939	0.14882	0.00179	0
723	C	0.84975	0.14882	0.00143	0
724	P	0.85111	0.14882	0.00007	0
725	T	0.85116	0.14881	0.00004	0
726	G	0.85116	0.14877	0.00007	0
727	P	0.85117	0.14867	0.00016	0
728	D	0.85117	0.14706	0.00177	0
729	I	0.84800	0.03087	0.12112	0
730	I	0.82301	0.00411	0.17289	0
731	P	0.82127	0.0035	0.17522	0
732	I	0.45991	0.00025	0.53984	0
733	V	0.38609	0	0.61390	0
734	A	0.07876	0	0.92124	0
735	G	0.07739	0	0.92261	0
736	V	0.00114	0	0.99886	0
737	V	0.00093	0	0.99907	0
738	A	0.00085	0	0.99915	0
739	G	0.00000	0	1.00000	0
740	I	0.00000	0	1.00000	0
741	V	0.00000	0	1.00000	0
742	L	0.00001	0	0.99999	0
743	I	0.00001	0	0.99999	0
744	G	0.00001	0	0.99999	0
745	L	0.00001	0	0.99999	0
746	A	0.00001	0	0.99999	0
747	L	0.00002	0	0.99998	0
748	L	0.00004	0	0.99996	0
749	L	0.00042	0	0.99957	0
750	I	0.00212	0.0001	0.99778	0
751	W	0.01691	0.00142	0.98167	0
752	K	0.14883	0.00452	0.84666	0
753	L	0.14883	0.00461	0.84656	0
754	L	0.14883	0.00544	0.84574	0
755	M	0.14883	0.01107	0.84010	0
756	I	0.14883	0.05945	0.79173	0
757	I	0.14883	0.24636	0.60482	0
758	H	0.14883	0.7208	0.13037	0
759	D	0.14883	0.85094	0.00023	0
760	R	0.14883	0.85116	0.00001	0
761	R	0.14883	0.85117	0.00000	0
762	E	0.14883	0.85117	0.00000	0
763	F	0.14883	0.85117	0.00000	0
764	A	0.14883	0.85117	0.00000	0
765	K	0.14883	0.85117	0.00000	0
766	F	0.14883	0.85117	0.00000	0
767	E	0.14883	0.85117	0.00000	0
768	K	0.14883	0.85117	0.00000	0
769	E	0.14883	0.85116	0.00001	0
770	K	0.14883	0.84981	0.00136	0
771	M	0.14883	0.05552	0.79565	0
772	N	0.14883	0.02985	0.82132	0
773	A	0.14883	0.00277	0.84840	0
774	K	0.14883	0.00229	0.84888	0
775	W	0.14883	1e-05	0.85116	0
776	D	0.14883	0	0.85117	0
777	T	0.14883	0	0.85117	0
778	G	0.14883	0	0.85117	0
779	E	0.14883	0	0.85117	0
780	N	0.14883	0	0.85117	0
781	P	0.14883	0	0.85117	0
782	I	0.14883	0	0.85117	0
783	Y	0.14883	0	0.85117	0
784	K	0.14883	0	0.85117	0
785	S	0.14883	0	0.85117	0
786	A	0.14883	0	0.85117	0
787	V	0.14883	0	0.85117	0
788	T	0.14883	0	0.85117	0
789	T	0.14883	0	0.85117	0
790	V	0.14927	0	0.85073	0
791	V	0.17763	0	0.82237	0
792	N	0.68889	0	0.31111	0
793	P	0.83112	0	0.16888	0
794	K	1.00000	0	0.00000	0
795	Y	1.00000	0	0.00000	0
796	E	1.00000	0	0.00000	0
797	G	1.00000	0	0.00000	0
798	K	1.00000	0	0.00000	0
