# UNNAMED
#pos	aa	i	o	M	S
1	M	0.00000	0.99998	0.00000	2e-05
2	A	0.00000	0.99998	0.00000	2e-05
3	N	0.00000	0.99998	0.00000	2e-05
4	T	0.00000	0.99998	0.00000	2e-05
5	T	0.00000	0.99998	0.00000	2e-05
6	G	0.00000	0.99998	0.00000	2e-05
7	E	0.00000	0.99998	0.00000	2e-05
8	P	0.00000	0.99998	0.00000	2e-05
9	E	0.00000	0.99998	0.00000	2e-05
10	E	0.00000	0.99998	0.00000	2e-05
11	V	0.00000	0.99998	0.00000	2e-05
12	S	0.00000	0.99998	0.00000	2e-05
13	G	0.00000	0.99998	0.00000	2e-05
14	A	0.00000	1	0.00000	0
15	L	0.00000	1	0.00000	0
16	S	0.00000	1	0.00000	0
17	P	0.00000	1	0.00000	0
18	P	0.00000	1	0.00000	0
19	S	0.00000	0.9996	0.00040	0
20	A	0.00000	0.99655	0.00345	0
21	S	0.00000	0.96197	0.03802	0
22	A	0.00000	0.82453	0.17547	0
23	Y	0.00000	0.61924	0.38076	0
24	V	0.00000	0.56298	0.43702	0
25	K	0.00000	0.5461	0.45390	0
26	L	0.00000	0.19706	0.80294	0
27	V	0.00000	0.07208	0.92792	0
28	L	0.00000	0.01021	0.98979	0
29	L	0.00000	0.00025	0.99975	0
30	G	0.00000	5e-05	0.99995	0
31	L	0.00000	0	1.00000	0
32	I	0.00000	0	1.00000	0
33	M	0.00000	0	1.00000	0
34	C	0.00000	0	1.00000	0
35	V	0.00000	0	1.00000	0
36	S	0.00000	0	1.00000	0
37	L	0.00000	0	1.00000	0
38	A	0.00000	0	1.00000	0
39	G	0.00000	0	1.00000	0
40	N	0.00000	0	1.00000	0
41	A	0.00000	0	1.00000	0
42	I	0.00000	0	1.00000	0
43	L	0.00001	0	0.99999	0
44	S	0.00023	0	0.99977	0
45	L	0.00069	0	0.99931	0
46	L	0.01514	0	0.98486	0
47	V	0.10661	0	0.89339	0
48	L	0.31875	0	0.68125	0
49	K	0.95529	0	0.04471	0
50	E	0.99912	0	0.00088	0
51	R	0.99998	0	0.00002	0
52	A	0.99999	0	0.00001	0
53	L	1.00000	0	0.00000	0
54	H	1.00000	0	0.00000	0
55	K	1.00000	0	0.00000	0
56	A	1.00000	0	0.00000	0
57	P	1.00000	0	0.00000	0
58	Y	0.18443	0	0.81557	0
59	Y	0.06914	0	0.93086	0
60	F	0.00357	0	0.99643	0
61	L	0.00026	0	0.99974	0
62	L	0.00000	0	1.00000	0
63	D	0.00000	0	1.00000	0
64	L	0.00000	0	1.00000	0
65	C	0.00000	0	1.00000	0
66	L	0.00000	0	1.00000	0
67	A	0.00000	0	1.00000	0
68	D	0.00000	0	1.00000	0
69	G	0.00000	0	1.00000	0
70	I	0.00000	0	1.00000	0
71	R	0.00000	0	1.00000	0
72	S	0.00000	0	1.00000	0
73	A	0.00000	0	1.00000	0
74	V	0.00000	0	1.00000	0
75	C	0.00000	0	1.00000	0
76	F	0.00000	0	1.00000	0
77	P	0.00000	0	1.00000	0
78	F	0.00000	1e-05	0.99999	0
79	V	0.00000	0.00021	0.99979	0
80	L	0.00000	0.00074	0.99926	0
81	A	0.00000	0.57797	0.42203	0
82	S	0.00000	0.99987	0.00013	0
83	V	0.00000	0.99993	0.00007	0
84	R	0.00000	1	0.00000	0
85	H	0.00000	1	0.00000	0
86	G	0.00000	1	0.00000	0
87	S	0.00000	1	0.00000	0
88	S	0.00000	1	0.00000	0
89	W	0.00000	1	0.00000	0
90	T	0.00000	1	0.00000	0
91	F	0.00000	0.99999	0.00001	0
92	S	0.00000	0.99999	0.00001	0
93	A	0.00000	0.99999	0.00001	0
94	L	0.00000	0.99995	0.00005	0
95	S	0.00000	0.99987	0.00013	0
96	C	0.00000	0.99947	0.00053	0
97	K	0.00000	0.98603	0.01397	0
98	I	0.00000	0.28028	0.71972	0
99	V	0.00000	0.14059	0.85941	0
100	A	0.00000	0.04408	0.95592	0
101	F	0.00000	0.00553	0.99447	0
102	M	0.00000	4e-05	0.99996	0
103	A	0.00000	1e-05	0.99999	0
104	V	0.00000	1e-05	0.99999	0
105	L	0.00000	0	1.00000	0
106	F	0.00000	0	1.00000	0
107	C	0.00000	0	1.00000	0
108	F	0.00000	0	1.00000	0
109	H	0.00000	0	1.00000	0
110	A	0.00000	0	1.00000	0
111	A	0.00000	0	1.00000	0
112	F	0.00000	0	1.00000	0
113	M	0.00000	0	1.00000	0
114	L	0.00000	0	1.00000	0
115	F	0.00000	0	1.00000	0
116	C	0.00001	0	0.99999	0
117	I	0.00006	0	0.99994	0
118	S	0.00064	0	0.99936	0
119	V	0.00832	0	0.99168	0
120	T	0.03540	0	0.96460	0
121	R	0.09016	0	0.90984	0
122	Y	0.80492	0	0.19508	0
123	M	0.96582	0	0.03418	0
124	A	0.99703	0	0.00297	0
125	I	0.99955	0	0.00045	0
126	A	1.00000	0	0.00000	0
127	H	1.00000	0	0.00000	0
128	H	1.00000	0	0.00000	0
129	R	1.00000	0	0.00000	0
130	F	1.00000	0	0.00000	0
131	Y	1.00000	0	0.00000	0
132	A	1.00000	0	0.00000	0
133	K	1.00000	0	0.00000	0
134	R	0.99951	0	0.00049	0
135	M	0.98358	0	0.01642	0
136	T	0.82979	0	0.17021	0
137	L	0.31021	0	0.68979	0
138	W	0.18918	0	0.81082	0
139	T	0.09095	0	0.90905	0
140	C	0.00015	0	0.99985	0
141	A	0.00001	0	0.99999	0
142	A	0.00000	0	1.00000	0
143	V	0.00000	0	1.00000	0
144	I	0.00000	0	1.00000	0
145	C	0.00000	0	1.00000	0
146	M	0.00000	0	1.00000	0
147	A	0.00000	0	1.00000	0
148	W	0.00000	0	1.00000	0
149	T	0.00000	0	1.00000	0
150	L	0.00000	0	1.00000	0
151	S	0.00000	0	1.00000	0
152	V	0.00000	0	1.00000	0
153	A	0.00000	0	1.00000	0
154	M	0.00000	1e-05	0.99999	0
155	A	0.00000	0.00049	0.99951	0
156	F	0.00000	0.01031	0.98969	0
157	P	0.00000	0.33398	0.66602	0
158	P	0.00000	0.61179	0.38821	0
159	V	0.00000	0.68193	0.31807	0
160	F	0.00000	0.77578	0.22422	0
161	D	0.00000	0.99901	0.00099	0
162	V	0.00000	0.99929	0.00071	0
163	G	0.00000	0.99989	0.00011	0
164	T	0.00000	0.99999	0.00001	0
165	Y	0.00000	1	0.00000	0
166	K	0.00000	1	0.00000	0
167	F	0.00000	1	0.00000	0
168	I	0.00000	1	0.00000	0
169	R	0.00000	1	0.00000	0
170	E	0.00000	1	0.00000	0
171	E	0.00000	1	0.00000	0
172	D	0.00000	1	0.00000	0
173	Q	0.00000	1	0.00000	0
174	C	0.00000	1	0.00000	0
175	I	0.00000	1	0.00000	0
176	F	0.00000	1	0.00000	0
177	E	0.00000	1	0.00000	0
178	H	0.00000	1	0.00000	0
179	R	0.00000	0.99999	0.00001	0
180	Y	0.00000	0.9868	0.01320	0
181	F	0.00000	0.98679	0.01321	0
182	K	0.00000	0.98679	0.01321	0
183	A	0.00000	0.98594	0.01406	0
184	N	0.00000	0.98594	0.01406	0
185	D	0.00000	0.9854	0.01460	0
186	T	0.00000	0.96289	0.03711	0
187	L	0.00000	0.06793	0.93207	0
188	G	0.00000	0.05917	0.94083	0
189	F	0.00000	0.00359	0.99641	0
190	M	0.00000	3e-05	0.99997	0
191	L	0.00000	1e-05	0.99999	0
192	M	0.00000	0	1.00000	0
193	L	0.00000	0	1.00000	0
194	A	0.00000	0	1.00000	0
195	V	0.00000	0	1.00000	0
196	L	0.00000	0	1.00000	0
197	M	0.00000	0	1.00000	0
198	A	0.00000	0	1.00000	0
199	A	0.00000	0	1.00000	0
200	T	0.00000	0	1.00000	0
201	H	0.00001	0	0.99999	0
202	A	0.00004	0	0.99996	0
203	V	0.00017	0	0.99983	0
204	Y	0.00113	0	0.99887	0
205	G	0.00799	0	0.99201	0
206	K	0.01390	0	0.98610	0
207	L	0.01391	0	0.98609	0
208	L	0.01423	0	0.98577	0
209	L	0.02281	0	0.97719	0
210	F	0.04796	0	0.95204	0
211	E	0.97409	0	0.02591	0
212	Y	0.97751	0	0.02249	0
213	R	0.99879	0	0.00121	0
214	H	0.99974	0	0.00026	0
215	R	0.99999	0	0.00001	0
216	K	1.00000	0	0.00000	0
217	M	1.00000	0	0.00000	0
218	K	1.00000	0	0.00000	0
219	P	1.00000	0	0.00000	0
220	V	1.00000	0	0.00000	0
221	Q	1.00000	0	0.00000	0
222	M	1.00000	0	0.00000	0
223	V	1.00000	0	0.00000	0
224	P	1.00000	0	0.00000	0
225	A	1.00000	0	0.00000	0
226	I	1.00000	0	0.00000	0
227	S	1.00000	0	0.00000	0
228	Q	1.00000	0	0.00000	0
229	N	1.00000	0	0.00000	0
230	W	1.00000	0	0.00000	0
231	T	1.00000	0	0.00000	0
232	F	1.00000	0	0.00000	0
233	H	1.00000	0	0.00000	0
234	G	1.00000	0	0.00000	0
235	P	1.00000	0	0.00000	0
236	G	1.00000	0	0.00000	0
237	A	1.00000	0	0.00000	0
238	T	1.00000	0	0.00000	0
239	G	1.00000	0	0.00000	0
240	Q	1.00000	0	0.00000	0
241	A	1.00000	0	0.00000	0
242	A	1.00000	0	0.00000	0
243	A	1.00000	0	0.00000	0
244	N	1.00000	0	0.00000	0
245	W	1.00000	0	0.00000	0
246	I	1.00000	0	0.00000	0
247	A	1.00000	0	0.00000	0
248	G	1.00000	0	0.00000	0
249	F	1.00000	0	0.00000	0
250	G	1.00000	0	0.00000	0
251	R	1.00000	0	0.00000	0
252	G	1.00000	0	0.00000	0
253	P	1.00000	0	0.00000	0
254	M	1.00000	0	0.00000	0
255	P	1.00000	0	0.00000	0
256	P	1.00000	0	0.00000	0
257	T	1.00000	0	0.00000	0
258	L	1.00000	0	0.00000	0
259	L	1.00000	0	0.00000	0
260	G	1.00000	0	0.00000	0
261	I	1.00000	0	0.00000	0
262	R	1.00000	0	0.00000	0
263	Q	1.00000	0	0.00000	0
264	N	1.00000	0	0.00000	0
265	G	1.00000	0	0.00000	0
266	H	1.00000	0	0.00000	0
267	A	1.00000	0	0.00000	0
268	A	1.00000	0	0.00000	0
269	S	1.00000	0	0.00000	0
270	R	1.00000	0	0.00000	0
271	R	1.00000	0	0.00000	0
272	L	1.00000	0	0.00000	0
273	L	1.00000	0	0.00000	0
274	G	1.00000	0	0.00000	0
275	M	1.00000	0	0.00000	0
276	D	1.00000	0	0.00000	0
277	E	1.00000	0	0.00000	0
278	V	1.00000	0	0.00000	0
279	K	1.00000	0	0.00000	0
280	G	1.00000	0	0.00000	0
281	E	1.00000	0	0.00000	0
282	K	0.97768	0	0.02232	0
283	Q	0.97413	0	0.02587	0
284	L	0.24566	0	0.75434	0
285	G	0.23977	0	0.76023	0
286	R	0.23795	0	0.76205	0
287	M	0.00607	0	0.99393	0
288	F	0.00455	0	0.99545	0
289	Y	0.00406	0	0.99594	0
290	A	0.00017	0	0.99983	0
291	I	0.00002	0	0.99998	0
292	T	0.00000	0	1.00000	0
293	L	0.00000	0	1.00000	0
294	L	0.00000	0	1.00000	0
295	F	0.00000	0	1.00000	0
296	L	0.00000	0	1.00000	0
297	L	0.00000	0	1.00000	0
298	L	0.00000	0	1.00000	0
299	W	0.00000	0	1.00000	0
300	S	0.00000	0	1.00000	0
301	P	0.00000	0	1.00000	0
302	Y	0.00000	2e-05	0.99998	0
303	I	0.00000	0.00019	0.99981	0
304	V	0.00000	0.00415	0.99585	0
305	A	0.00000	0.04702	0.95298	0
306	C	0.00000	0.40685	0.59315	0
307	Y	0.00000	0.54645	0.45355	0
308	W	0.00000	0.6038	0.39620	0
309	R	0.00000	0.68209	0.31791	0
310	V	0.00000	0.68663	0.31337	0
311	F	0.00000	0.69308	0.30692	0
312	V	0.00000	0.8995	0.10050	0
313	K	0.00000	0.99922	0.00078	0
314	A	0.00000	0.99995	0.00005	0
315	C	0.00000	0.99999	0.00001	0
316	A	0.00000	0.99998	0.00002	0
317	V	0.00000	0.99997	0.00003	0
318	P	0.00000	0.99995	0.00005	0
319	H	0.00000	0.99965	0.00035	0
320	R	0.00000	0.99761	0.00239	0
321	Y	0.00000	0.99028	0.00972	0
322	L	0.00000	0.96115	0.03885	0
323	A	0.00000	0.4154	0.58460	0
324	T	0.00000	0.01203	0.98797	0
325	A	0.00000	0.00045	0.99955	0
326	V	0.00000	0	1.00000	0
327	W	0.00000	0	1.00000	0
328	M	0.00000	0	1.00000	0
329	S	0.00000	0	1.00000	0
330	F	0.00000	0	1.00000	0
331	A	0.00000	0	1.00000	0
332	Q	0.00000	0	1.00000	0
333	A	0.00000	0	1.00000	0
334	A	0.00000	0	1.00000	0
335	V	0.00000	0	1.00000	0
336	N	0.00000	0	1.00000	0
337	P	0.00000	0	1.00000	0
338	I	0.00000	0	1.00000	0
339	V	0.00001	0	0.99999	0
340	C	0.00002	0	0.99998	0
341	F	0.00004	0	0.99996	0
342	L	0.00029	0	0.99971	0
343	L	0.03175	0	0.96825	0
344	N	0.84109	0	0.15891	0
345	K	1.00000	0	0.00000	0
346	D	1.00000	0	0.00000	0
347	L	1.00000	0	0.00000	0
348	K	1.00000	0	0.00000	0
349	K	1.00000	0	0.00000	0
350	C	1.00000	0	0.00000	0
351	L	1.00000	0	0.00000	0
352	R	1.00000	0	0.00000	0
353	T	1.00000	0	0.00000	0
354	H	1.00000	0	0.00000	0
355	A	1.00000	0	0.00000	0
356	P	1.00000	0	0.00000	0
357	C	1.00000	0	0.00000	0
358	W	1.00000	0	0.00000	0
359	G	1.00000	0	0.00000	0
360	T	1.00000	0	0.00000	0
361	G	1.00000	0	0.00000	0
362	G	1.00000	0	0.00000	0
363	A	1.00000	0	0.00000	0
364	P	1.00000	0	0.00000	0
365	A	1.00000	0	0.00000	0
366	P	1.00000	0	0.00000	0
367	R	1.00000	0	0.00000	0
368	E	1.00000	0	0.00000	0
369	P	1.00000	0	0.00000	0
370	Y	1.00000	0	0.00000	0
371	C	1.00000	0	0.00000	0
372	V	1.00000	0	0.00000	0
373	M	1.00000	0	0.00000	0
