# UNNAMED
#pos	aa	i	o	M	S
1	M	0.00000	0.99999	0.00000	1e-05
2	G	0.00000	0.99999	0.00000	1e-05
3	T	0.00000	0.99999	0.00000	0
4	E	0.00000	0.99999	0.00000	0
5	A	0.00000	0.99999	0.00000	1e-05
6	T	0.00000	0.99999	0.00000	1e-05
7	E	0.00000	0.99999	0.00000	1e-05
8	Q	0.00000	0.99999	0.00000	1e-05
9	V	0.00000	0.99999	0.00000	1e-05
10	S	0.00000	0.99999	0.00000	1e-05
11	W	0.00000	0.99999	0.00000	1e-05
12	G	0.00000	0.99999	0.00000	1e-05
13	H	0.00000	0.99999	0.00000	1e-05
14	Y	0.00000	0.99999	0.00000	0
15	S	0.00000	0.99999	0.00000	0
16	G	0.00000	0.99999	0.00000	1e-05
17	D	0.00000	0.99999	0.00000	1e-05
18	E	0.00000	0.99999	0.00000	1e-05
19	E	0.00000	0.99999	0.00000	0
20	D	0.00000	1	0.00000	0
21	A	0.00000	1	0.00000	0
22	Y	0.00000	1	0.00000	0
23	S	0.00000	1	0.00000	0
24	A	0.00000	1	0.00000	0
25	E	0.00000	1	0.00000	0
26	P	0.00000	1	0.00000	0
27	L	0.00000	1	0.00000	0
28	P	0.00000	1	0.00000	0
29	E	0.00000	1	0.00000	0
30	L	0.00000	1	0.00000	0
31	C	0.00000	1	0.00000	0
32	Y	0.00000	1	0.00000	0
33	K	0.00000	1	0.00000	0
34	A	0.00000	1	0.00000	0
35	D	0.00000	1	0.00000	0
36	V	0.00000	1	0.00000	0
37	Q	0.00000	1	0.00000	0
38	A	0.00000	0.99999	0.00001	0
39	F	0.00000	0.99996	0.00004	0
40	S	0.00000	0.99993	0.00007	0
41	R	0.00000	0.99914	0.00086	0
42	A	0.00000	0.98	0.02000	0
43	F	0.00000	0.95205	0.04795	0
44	Q	0.00000	0.94777	0.05223	0
45	P	0.00000	0.92872	0.07128	0
46	S	0.00000	0.80569	0.19431	0
47	V	0.00000	0.33965	0.66035	0
48	S	0.00000	0.22913	0.77087	0
49	L	0.00000	0.03645	0.96355	0
50	T	0.00000	0.00299	0.99701	0
51	V	0.00000	8e-05	0.99992	0
52	A	0.00000	0	1.00000	0
53	A	0.00000	0	1.00000	0
54	L	0.00000	0	1.00000	0
55	G	0.00000	0	1.00000	0
56	L	0.00000	0	1.00000	0
57	A	0.00000	0	1.00000	0
58	G	0.00000	0	1.00000	0
59	N	0.00000	0	1.00000	0
60	G	0.00000	0	1.00000	0
61	L	0.00000	0	1.00000	0
62	V	0.00000	0	1.00000	0
63	L	0.00000	0	1.00000	0
64	A	0.00004	0	0.99996	0
65	T	0.00142	0	0.99858	0
66	H	0.00579	0	0.99421	0
67	L	0.01614	0	0.98386	0
68	A	0.09848	0	0.90152	0
69	A	0.34170	0	0.65830	0
70	R	0.95072	0	0.04928	0
71	R	0.99988	0	0.00012	0
72	A	0.99994	0	0.00006	0
73	A	0.99998	0	0.00002	0
74	R	1.00000	0	0.00000	0
75	S	1.00000	0	0.00000	0
76	P	1.00000	0	0.00000	0
77	T	0.99937	0	0.00063	0
78	S	0.98672	0	0.01328	0
79	A	0.80064	0	0.19936	0
80	H	0.01849	0	0.98151	0
81	L	0.00100	0	0.99900	0
82	L	0.00000	0	1.00000	0
83	Q	0.00000	0	1.00000	0
84	L	0.00000	0	1.00000	0
85	A	0.00000	0	1.00000	0
86	L	0.00000	0	1.00000	0
87	A	0.00000	0	1.00000	0
88	D	0.00000	0	1.00000	0
89	L	0.00000	0	1.00000	0
90	L	0.00000	0	1.00000	0
91	L	0.00000	0	1.00000	0
92	A	0.00000	0	1.00000	0
93	L	0.00000	0	1.00000	0
94	T	0.00000	0	1.00000	0
95	L	0.00000	0	1.00000	0
96	P	0.00000	0	1.00000	0
97	F	0.00000	6e-05	0.99994	0
98	A	0.00000	0.00436	0.99564	0
99	A	0.00000	0.05092	0.94908	0
100	A	0.00000	0.28173	0.71827	0
101	G	0.00000	0.99585	0.00415	0
102	A	0.00000	0.9965	0.00350	0
103	L	0.00000	0.99699	0.00301	0
104	Q	0.00000	0.9987	0.00130	0
105	G	0.00000	0.9994	0.00060	0
106	W	0.00000	0.99984	0.00016	0
107	S	0.00000	0.99996	0.00004	0
108	L	0.00000	0.99998	0.00002	0
109	G	0.00000	1	0.00000	0
110	S	0.00000	1	0.00000	0
111	A	0.00000	0.99999	0.00001	0
112	T	0.00000	0.99984	0.00016	0
113	C	0.00000	0.99947	0.00053	0
114	R	0.00000	0.9883	0.01170	0
115	T	0.00000	0.96424	0.03576	0
116	I	0.00000	0.3951	0.60490	0
117	S	0.00000	0.33378	0.66622	0
118	G	0.00000	0.17975	0.82025	0
119	L	0.00000	0.12585	0.87415	0
120	Y	0.00000	0.10507	0.89493	0
121	S	0.00000	0.03086	0.96914	0
122	A	0.00000	0.00171	0.99829	0
123	S	0.00000	0.0001	0.99990	0
124	F	0.00000	0	1.00000	0
125	H	0.00000	0	1.00000	0
126	A	0.00000	0	1.00000	0
127	G	0.00000	0	1.00000	0
128	F	0.00000	0	1.00000	0
129	L	0.00000	0	1.00000	0
130	F	0.00000	0	1.00000	0
131	L	0.00000	0	1.00000	0
132	A	0.00000	0	1.00000	0
133	C	0.00000	0	1.00000	0
134	I	0.00000	0	1.00000	0
135	S	0.00000	0	1.00000	0
136	A	0.00000	0	1.00000	0
137	D	0.00000	0	1.00000	0
138	R	0.00179	0	0.99821	0
139	Y	0.09340	0	0.90660	0
140	V	0.23632	0	0.76368	0
141	A	0.66803	0	0.33197	0
142	I	0.99995	0	0.00005	0
143	A	1.00000	0	0.00000	0
144	R	1.00000	0	0.00000	0
145	A	1.00000	0	0.00000	0
146	L	1.00000	0	0.00000	0
147	P	1.00000	0	0.00000	0
148	A	1.00000	0	0.00000	0
149	G	1.00000	0	0.00000	0
150	P	1.00000	0	0.00000	0
151	R	1.00000	0	0.00000	0
152	P	1.00000	0	0.00000	0
153	S	1.00000	0	0.00000	0
154	T	1.00000	0	0.00000	0
155	P	0.99995	0	0.00005	0
156	G	0.99303	0	0.00697	0
157	R	0.97806	0	0.02194	0
158	A	0.62453	0	0.37547	0
159	H	0.31767	0	0.68233	0
160	L	0.02108	0	0.97892	0
161	V	0.00031	0	0.99969	0
162	S	0.00001	0	0.99999	0
163	V	0.00000	0	1.00000	0
164	I	0.00000	0	1.00000	0
165	V	0.00000	0	1.00000	0
166	W	0.00000	0	1.00000	0
167	L	0.00000	0	1.00000	0
168	L	0.00000	0	1.00000	0
169	S	0.00000	0	1.00000	0
170	L	0.00000	0	1.00000	0
171	L	0.00000	0	1.00000	0
172	L	0.00000	0	1.00000	0
173	A	0.00000	0	1.00000	0
174	L	0.00000	0	1.00000	0
175	P	0.00000	2e-05	0.99998	0
176	A	0.00000	7e-05	0.99993	0
177	L	0.00000	0.00059	0.99941	0
178	L	0.00000	0.00898	0.99102	0
179	F	0.00000	0.07187	0.92813	0
180	S	0.00000	0.50242	0.49758	0
181	Q	0.00000	0.96373	0.03627	0
182	D	0.00000	0.99996	0.00004	0
183	G	0.00000	1	0.00000	0
184	Q	0.00000	1	0.00000	0
185	R	0.00000	1	0.00000	0
186	E	0.00000	1	0.00000	0
187	G	0.00000	1	0.00000	0
188	Q	0.00000	1	0.00000	0
189	R	0.00000	1	0.00000	0
190	R	0.00000	1	0.00000	0
191	C	0.00000	1	0.00000	0
192	R	0.00000	1	0.00000	0
193	L	0.00000	1	0.00000	0
194	I	0.00000	1	0.00000	0
195	F	0.00000	1	0.00000	0
196	P	0.00000	1	0.00000	0
197	E	0.00000	1	0.00000	0
198	G	0.00000	1	0.00000	0
199	L	0.00000	0.99966	0.00034	0
200	T	0.00000	0.99966	0.00034	0
201	Q	0.00000	0.99965	0.00035	0
202	T	0.00000	0.99925	0.00075	0
203	V	0.00000	0.99905	0.00095	0
204	K	0.00000	0.99878	0.00122	0
205	G	0.00000	0.97111	0.02889	0
206	A	0.00000	0.43483	0.56517	0
207	S	0.00000	0.25262	0.74738	0
208	A	0.00000	0.05435	0.94565	0
209	V	0.00000	0.04532	0.95468	0
210	A	0.00000	0.00161	0.99839	0
211	Q	0.00000	0.00154	0.99846	0
212	V	0.00000	0.00083	0.99917	0
213	A	0.00000	0.00078	0.99922	0
214	L	0.00000	0	1.00000	0
215	G	0.00000	0	1.00000	0
216	F	0.00000	0	1.00000	0
217	A	0.00000	0	1.00000	0
218	L	0.00000	0	1.00000	0
219	P	0.00000	0	1.00000	0
220	L	0.00000	0	1.00000	0
221	G	0.00000	0	1.00000	0
222	V	0.00000	0	1.00000	0
223	M	0.00000	0	1.00000	0
224	V	0.00000	0	1.00000	0
225	A	0.00007	0	0.99993	0
226	C	0.00010	0	0.99990	0
227	Y	0.00046	0	0.99954	0
228	A	0.00842	0	0.99158	0
229	L	0.03161	0	0.96839	0
230	L	0.16304	0	0.83696	0
231	G	0.69918	0	0.30082	0
232	R	0.99190	0	0.00810	0
233	T	0.99447	0	0.00553	0
234	L	0.99502	0	0.00498	0
235	L	0.99622	0	0.00378	0
236	A	0.99827	0	0.00173	0
237	A	0.99999	0	0.00001	0
238	R	1.00000	0	0.00000	0
239	G	1.00000	0	0.00000	0
240	P	1.00000	0	0.00000	0
241	E	1.00000	0	0.00000	0
242	R	0.99992	0	0.00008	0
243	R	0.99505	0	0.00495	0
244	R	0.95101	0	0.04899	0
245	A	0.63700	0	0.36300	0
246	L	0.46953	0	0.53047	0
247	R	0.46771	0	0.53229	0
248	V	0.03830	0	0.96170	0
249	V	0.00470	0	0.99530	0
250	V	0.00023	0	0.99977	0
251	A	0.00020	0	0.99980	0
252	L	0.00013	0	0.99987	0
253	V	0.00012	0	0.99988	0
254	A	0.00012	0	0.99988	0
255	A	0.00000	0	1.00000	0
256	F	0.00000	0	1.00000	0
257	V	0.00000	0	1.00000	0
258	V	0.00000	0	1.00000	0
259	L	0.00000	0	1.00000	0
260	Q	0.00000	0	1.00000	0
261	L	0.00000	0	1.00000	0
262	P	0.00000	0	1.00000	0
263	Y	0.00000	0	1.00000	0
264	S	0.00000	3e-05	0.99997	0
265	L	0.00000	9e-05	0.99991	0
266	A	0.00000	0.00058	0.99942	0
267	L	0.00000	0.00338	0.99662	0
268	L	0.00000	0.0507	0.94930	0
269	L	0.00000	0.14548	0.85452	0
270	D	0.00000	0.99383	0.00617	0
271	T	0.00000	0.99629	0.00371	0
272	A	0.00000	0.99729	0.00271	0
273	D	0.00000	0.99945	0.00055	0
274	L	0.00000	0.99946	0.00054	0
275	L	0.00000	0.99947	0.00053	0
276	A	0.00000	0.99958	0.00042	0
277	A	0.00000	0.99976	0.00024	0
278	R	0.00000	0.99997	0.00003	0
279	E	0.00000	1	0.00000	0
280	R	0.00000	1	0.00000	0
281	S	0.00000	1	0.00000	0
282	C	0.00000	1	0.00000	0
283	P	0.00000	1	0.00000	0
284	A	0.00000	1	0.00000	0
285	S	0.00000	1	0.00000	0
286	K	0.00000	1	0.00000	0
287	R	0.00000	0.99995	0.00005	0
288	K	0.00000	0.99945	0.00055	0
289	D	0.00000	0.99008	0.00992	0
290	V	0.00000	0.28349	0.71651	0
291	A	0.00000	0.0184	0.98160	0
292	L	0.00000	0.00038	0.99962	0
293	L	0.00000	9e-05	0.99991	0
294	V	0.00000	3e-05	0.99997	0
295	T	0.00000	3e-05	0.99997	0
296	S	0.00000	3e-05	0.99997	0
297	G	0.00000	2e-05	0.99998	0
298	L	0.00000	0	1.00000	0
299	A	0.00000	0	1.00000	0
300	L	0.00000	0	1.00000	0
301	A	0.00000	0	1.00000	0
302	R	0.00000	0	1.00000	0
303	C	0.00000	0	1.00000	0
304	G	0.00000	0	1.00000	0
305	L	0.00000	0	1.00000	0
306	N	0.00000	0	1.00000	0
307	P	0.00000	0	1.00000	0
308	V	0.00000	0	1.00000	0
309	L	0.00019	0	0.99981	0
310	Y	0.00441	0	0.99559	0
311	A	0.03584	0	0.96416	0
312	F	0.16902	0	0.83098	0
313	L	0.74664	0	0.25336	0
314	G	0.93559	0	0.06441	0
315	L	0.97149	0	0.02851	0
316	R	1.00000	0	0.00000	0
317	F	1.00000	0	0.00000	0
318	R	1.00000	0	0.00000	0
319	Q	1.00000	0	0.00000	0
320	D	1.00000	0	0.00000	0
321	L	1.00000	0	0.00000	0
322	R	1.00000	0	0.00000	0
323	R	1.00000	0	0.00000	0
324	L	1.00000	0	0.00000	0
325	L	1.00000	0	0.00000	0
326	R	1.00000	0	0.00000	0
327	G	1.00000	0	0.00000	0
328	G	1.00000	0	0.00000	0
329	S	1.00000	0	0.00000	0
330	C	1.00000	0	0.00000	0
331	P	1.00000	0	0.00000	0
332	S	1.00000	0	0.00000	0
333	G	1.00000	0	0.00000	0
334	P	1.00000	0	0.00000	0
335	Q	1.00000	0	0.00000	0
336	P	1.00000	0	0.00000	0
337	R	1.00000	0	0.00000	0
338	R	1.00000	0	0.00000	0
339	G	1.00000	0	0.00000	0
340	C	1.00000	0	0.00000	0
341	P	1.00000	0	0.00000	0
342	R	1.00000	0	0.00000	0
343	R	1.00000	0	0.00000	0
344	P	1.00000	0	0.00000	0
345	R	1.00000	0	0.00000	0
346	L	1.00000	0	0.00000	0
347	S	1.00000	0	0.00000	0
348	S	1.00000	0	0.00000	0
349	C	1.00000	0	0.00000	0
350	S	1.00000	0	0.00000	0
351	A	1.00000	0	0.00000	0
352	P	1.00000	0	0.00000	0
353	T	1.00000	0	0.00000	0
354	E	1.00000	0	0.00000	0
355	T	1.00000	0	0.00000	0
356	H	1.00000	0	0.00000	0
357	S	1.00000	0	0.00000	0
358	L	1.00000	0	0.00000	0
359	S	1.00000	0	0.00000	0
360	W	1.00000	0	0.00000	0
361	D	1.00000	0	0.00000	0
362	N	1.00000	0	0.00000	0
