# UNNAMED
#pos	aa	i	o	M	S
1	M	0.00000	0.00159	0.00000	0.99841
2	A	0.00000	0.00159	0.00000	0.99841
3	V	0.00000	0.00159	0.00000	0.9984
4	P	0.00000	0.00159	0.00000	0.99841
5	S	0.00000	0.00159	0.00000	0.9984
6	L	0.00000	0.00159	0.00000	0.99841
7	W	0.00000	0.00159	0.00000	0.99841
8	P	0.00000	0.00159	0.00000	0.99841
9	W	0.00000	0.00159	0.00000	0.99841
10	G	0.00000	0.00159	0.00000	0.9984
11	A	0.00000	0.00159	0.00000	0.9984
12	C	0.00000	0.00159	0.00000	0.9984
13	L	0.00000	0.00159	0.00000	0.99841
14	P	0.00000	0.00159	0.00000	0.99841
15	V	0.00000	0.00159	0.00000	0.99841
16	I	0.00000	0.00159	0.00000	0.9984
17	F	0.00000	0.00159	0.00000	0.99841
18	L	0.00000	0.00159	0.00000	0.9984
19	S	0.00000	0.00578	0.00000	0.99422
20	L	0.00000	0.00578	0.00000	0.99422
21	G	0.00000	0.00726	0.00000	0.99274
22	F	0.00000	0.06496	0.00000	0.93504
23	G	0.00000	0.06497	0.00000	0.93503
24	L	0.00000	0.95008	0.00000	0.04993
25	D	0.00000	0.95009	0.00000	0.04991
26	T	0.00000	0.9501	0.00000	0.0499
27	V	0.00000	0.99562	0.00000	0.00438
28	E	0.00000	0.99562	0.00000	0.00438
29	V	0.00000	0.99564	0.00000	0.00436
30	C	0.00000	0.99573	0.00000	0.00428
31	P	0.00000	0.99572	0.00000	0.00428
32	S	0.00000	0.99572	0.00000	0.00427
33	L	0.00000	1	0.00000	0
34	D	0.00000	1	0.00000	0
35	I	0.00000	1	0.00000	0
36	R	0.00000	1	0.00000	0
37	S	0.00000	1	0.00000	0
38	E	0.00000	1	0.00000	0
39	V	0.00000	1	0.00000	0
40	A	0.00000	1	0.00000	0
41	E	0.00000	1	0.00000	0
42	L	0.00000	1	0.00000	0
43	R	0.00000	1	0.00000	0
44	Q	0.00000	1	0.00000	0
45	L	0.00000	1	0.00000	0
46	E	0.00000	1	0.00000	0
47	N	0.00000	1	0.00000	0
48	C	0.00000	1	0.00000	0
49	S	0.00000	1	0.00000	0
50	V	0.00000	1	0.00000	0
51	V	0.00000	1	0.00000	0
52	E	0.00000	1	0.00000	0
53	G	0.00000	1	0.00000	0
54	H	0.00000	1	0.00000	0
55	L	0.00000	1	0.00000	0
56	Q	0.00000	1	0.00000	0
57	I	0.00000	1	0.00000	0
58	L	0.00000	1	0.00000	0
59	L	0.00000	1	0.00000	0
60	M	0.00000	1	0.00000	0
61	F	0.00000	1	0.00000	0
62	T	0.00000	1	0.00000	0
63	A	0.00000	1	0.00000	0
64	T	0.00000	1	0.00000	0
65	G	0.00000	1	0.00000	0
66	E	0.00000	1	0.00000	0
67	D	0.00000	1	0.00000	0
68	F	0.00000	1	0.00000	0
69	R	0.00000	1	0.00000	0
70	G	0.00000	1	0.00000	0
71	L	0.00000	1	0.00000	0
72	S	0.00000	1	0.00000	0
73	F	0.00000	1	0.00000	0
74	P	0.00000	1	0.00000	0
75	R	0.00000	1	0.00000	0
76	L	0.00000	1	0.00000	0
77	T	0.00000	1	0.00000	0
78	Q	0.00000	1	0.00000	0
79	V	0.00000	1	0.00000	0
80	T	0.00000	1	0.00000	0
81	D	0.00000	1	0.00000	0
82	Y	0.00000	1	0.00000	0
83	L	0.00000	1	0.00000	0
84	L	0.00000	1	0.00000	0
85	L	0.00000	1	0.00000	0
86	F	0.00000	1	0.00000	0
87	R	0.00000	1	0.00000	0
88	V	0.00000	1	0.00000	0
89	Y	0.00000	1	0.00000	0
90	G	0.00000	1	0.00000	0
91	L	0.00000	1	0.00000	0
92	E	0.00000	1	0.00000	0
93	S	0.00000	1	0.00000	0
94	L	0.00000	1	0.00000	0
95	R	0.00000	1	0.00000	0
96	D	0.00000	1	0.00000	0
97	L	0.00000	1	0.00000	0
98	F	0.00000	1	0.00000	0
99	P	0.00000	1	0.00000	0
100	N	0.00000	1	0.00000	0
101	L	0.00000	1	0.00000	0
102	A	0.00000	1	0.00000	0
103	V	0.00000	1	0.00000	0
104	I	0.00000	1	0.00000	0
105	R	0.00000	1	0.00000	0
106	G	0.00000	1	0.00000	0
107	T	0.00000	1	0.00000	0
108	R	0.00000	1	0.00000	0
109	L	0.00000	1	0.00000	0
110	F	0.00000	1	0.00000	0
111	L	0.00000	1	0.00000	0
112	G	0.00000	1	0.00000	0
113	Y	0.00000	1	0.00000	0
114	A	0.00000	1	0.00000	0
115	L	0.00000	1	0.00000	0
116	V	0.00000	1	0.00000	0
117	I	0.00000	1	0.00000	0
118	F	0.00000	1	0.00000	0
119	E	0.00000	1	0.00000	0
120	M	0.00000	1	0.00000	0
121	P	0.00000	1	0.00000	0
122	H	0.00000	1	0.00000	0
123	L	0.00000	1	0.00000	0
124	R	0.00000	1	0.00000	0
125	D	0.00000	1	0.00000	0
126	V	0.00000	1	0.00000	0
127	A	0.00000	1	0.00000	0
128	L	0.00000	1	0.00000	0
129	P	0.00000	1	0.00000	0
130	A	0.00000	1	0.00000	0
131	L	0.00000	1	0.00000	0
132	G	0.00000	1	0.00000	0
133	A	0.00000	1	0.00000	0
134	V	0.00000	1	0.00000	0
135	L	0.00000	1	0.00000	0
136	R	0.00000	1	0.00000	0
137	G	0.00000	1	0.00000	0
138	A	0.00000	1	0.00000	0
139	V	0.00000	1	0.00000	0
140	R	0.00000	1	0.00000	0
141	V	0.00000	1	0.00000	0
142	E	0.00000	1	0.00000	0
143	K	0.00000	1	0.00000	0
144	N	0.00000	1	0.00000	0
145	Q	0.00000	1	0.00000	0
146	E	0.00000	1	0.00000	0
147	L	0.00000	1	0.00000	0
148	C	0.00000	1	0.00000	0
149	H	0.00000	1	0.00000	0
150	L	0.00000	1	0.00000	0
151	S	0.00000	1	0.00000	0
152	T	0.00000	1	0.00000	0
153	I	0.00000	1	0.00000	0
154	D	0.00000	1	0.00000	0
155	W	0.00000	1	0.00000	0
156	G	0.00000	1	0.00000	0
157	L	0.00000	1	0.00000	0
158	L	0.00000	1	0.00000	0
159	Q	0.00000	1	0.00000	0
160	P	0.00000	1	0.00000	0
161	A	0.00000	1	0.00000	0
162	P	0.00000	1	0.00000	0
163	G	0.00000	1	0.00000	0
164	A	0.00000	1	0.00000	0
165	N	0.00000	1	0.00000	0
166	H	0.00000	1	0.00000	0
167	I	0.00000	1	0.00000	0
168	V	0.00000	1	0.00000	0
169	G	0.00000	1	0.00000	0
170	N	0.00000	1	0.00000	0
171	K	0.00000	1	0.00000	0
172	L	0.00000	1	0.00000	0
173	G	0.00000	1	0.00000	0
174	E	0.00000	1	0.00000	0
175	E	0.00000	1	0.00000	0
176	C	0.00000	1	0.00000	0
177	A	0.00000	1	0.00000	0
178	D	0.00000	1	0.00000	0
179	V	0.00000	1	0.00000	0
180	C	0.00000	1	0.00000	0
181	P	0.00000	1	0.00000	0
182	G	0.00000	1	0.00000	0
183	V	0.00000	1	0.00000	0
184	L	0.00000	1	0.00000	0
185	G	0.00000	1	0.00000	0
186	A	0.00000	1	0.00000	0
187	A	0.00000	1	0.00000	0
188	G	0.00000	1	0.00000	0
189	E	0.00000	1	0.00000	0
190	P	0.00000	1	0.00000	0
191	C	0.00000	1	0.00000	0
192	A	0.00000	1	0.00000	0
193	K	0.00000	1	0.00000	0
194	T	0.00000	1	0.00000	0
195	T	0.00000	1	0.00000	0
196	F	0.00000	1	0.00000	0
197	S	0.00000	1	0.00000	0
198	G	0.00000	1	0.00000	0
199	H	0.00000	1	0.00000	0
200	T	0.00000	1	0.00000	0
201	D	0.00000	1	0.00000	0
202	Y	0.00000	1	0.00000	0
203	R	0.00000	1	0.00000	0
204	C	0.00000	1	0.00000	0
205	W	0.00000	1	0.00000	0
206	T	0.00000	1	0.00000	0
207	S	0.00000	1	0.00000	0
208	S	0.00000	1	0.00000	0
209	H	0.00000	1	0.00000	0
210	C	0.00000	1	0.00000	0
211	Q	0.00000	1	0.00000	0
212	R	0.00000	1	0.00000	0
213	V	0.00000	1	0.00000	0
214	C	0.00000	1	0.00000	0
215	P	0.00000	1	0.00000	0
216	C	0.00000	1	0.00000	0
217	P	0.00000	1	0.00000	0
218	H	0.00000	1	0.00000	0
219	G	0.00000	1	0.00000	0
220	M	0.00000	1	0.00000	0
221	A	0.00000	1	0.00000	0
222	C	0.00000	1	0.00000	0
223	T	0.00000	1	0.00000	0
224	A	0.00000	1	0.00000	0
225	R	0.00000	1	0.00000	0
226	G	0.00000	1	0.00000	0
227	E	0.00000	1	0.00000	0
228	C	0.00000	1	0.00000	0
229	C	0.00000	1	0.00000	0
230	H	0.00000	1	0.00000	0
231	T	0.00000	1	0.00000	0
232	E	0.00000	1	0.00000	0
233	C	0.00000	1	0.00000	0
234	L	0.00000	1	0.00000	0
235	G	0.00000	1	0.00000	0
236	G	0.00000	1	0.00000	0
237	C	0.00000	1	0.00000	0
238	S	0.00000	1	0.00000	0
239	Q	0.00000	1	0.00000	0
240	P	0.00000	1	0.00000	0
241	E	0.00000	1	0.00000	0
242	D	0.00000	1	0.00000	0
243	P	0.00000	1	0.00000	0
244	R	0.00000	1	0.00000	0
245	A	0.00000	1	0.00000	0
246	C	0.00000	1	0.00000	0
247	V	0.00000	1	0.00000	0
248	A	0.00000	1	0.00000	0
249	C	0.00000	1	0.00000	0
250	R	0.00000	1	0.00000	0
251	H	0.00000	1	0.00000	0
252	L	0.00000	1	0.00000	0
253	Y	0.00000	1	0.00000	0
254	F	0.00000	1	0.00000	0
255	Q	0.00000	1	0.00000	0
256	G	0.00000	1	0.00000	0
257	A	0.00000	1	0.00000	0
258	C	0.00000	1	0.00000	0
259	L	0.00000	1	0.00000	0
260	W	0.00000	1	0.00000	0
261	A	0.00000	1	0.00000	0
262	C	0.00000	1	0.00000	0
263	P	0.00000	1	0.00000	0
264	P	0.00000	1	0.00000	0
265	G	0.00000	1	0.00000	0
266	T	0.00000	1	0.00000	0
267	Y	0.00000	1	0.00000	0
268	Q	0.00000	1	0.00000	0
269	Y	0.00000	1	0.00000	0
270	E	0.00000	1	0.00000	0
271	S	0.00000	1	0.00000	0
272	W	0.00000	1	0.00000	0
273	R	0.00000	1	0.00000	0
274	C	0.00000	1	0.00000	0
275	V	0.00000	1	0.00000	0
276	T	0.00000	1	0.00000	0
277	A	0.00000	1	0.00000	0
278	E	0.00000	1	0.00000	0
279	R	0.00000	1	0.00000	0
280	C	0.00000	1	0.00000	0
281	A	0.00000	1	0.00000	0
282	S	0.00000	1	0.00000	0
283	L	0.00000	1	0.00000	0
284	H	0.00000	1	0.00000	0
285	S	0.00000	1	0.00000	0
286	V	0.00000	1	0.00000	0
287	P	0.00000	1	0.00000	0
288	G	0.00000	1	0.00000	0
289	R	0.00000	1	0.00000	0
290	A	0.00000	1	0.00000	0
291	S	0.00000	1	0.00000	0
292	T	0.00000	1	0.00000	0
293	F	0.00000	1	0.00000	0
294	G	0.00000	1	0.00000	0
295	I	0.00000	1	0.00000	0
296	H	0.00000	1	0.00000	0
297	Q	0.00000	1	0.00000	0
298	G	0.00000	1	0.00000	0
299	S	0.00000	1	0.00000	0
300	C	0.00000	1	0.00000	0
301	L	0.00000	1	0.00000	0
302	A	0.00000	1	0.00000	0
303	Q	0.00000	1	0.00000	0
304	C	0.00000	1	0.00000	0
305	P	0.00000	1	0.00000	0
306	S	0.00000	1	0.00000	0
307	G	0.00000	1	0.00000	0
308	F	0.00000	1	0.00000	0
309	T	0.00000	1	0.00000	0
310	R	0.00000	1	0.00000	0
311	N	0.00000	1	0.00000	0
312	S	0.00000	1	0.00000	0
313	S	0.00000	1	0.00000	0
314	S	0.00000	1	0.00000	0
315	I	0.00000	1	0.00000	0
316	F	0.00000	1	0.00000	0
317	C	0.00000	1	0.00000	0
318	H	0.00000	1	0.00000	0
319	K	0.00000	1	0.00000	0
320	C	0.00000	1	0.00000	0
321	E	0.00000	1	0.00000	0
322	G	0.00000	1	0.00000	0
323	L	0.00000	1	0.00000	0
324	C	0.00000	1	0.00000	0
325	P	0.00000	1	0.00000	0
326	K	0.00000	1	0.00000	0
327	E	0.00000	1	0.00000	0
328	C	0.00000	1	0.00000	0
329	K	0.00000	1	0.00000	0
330	V	0.00000	1	0.00000	0
331	G	0.00000	1	0.00000	0
332	T	0.00000	1	0.00000	0
333	K	0.00000	1	0.00000	0
334	T	0.00000	1	0.00000	0
335	I	0.00000	1	0.00000	0
336	D	0.00000	1	0.00000	0
337	S	0.00000	1	0.00000	0
338	I	0.00000	1	0.00000	0
339	Q	0.00000	1	0.00000	0
340	A	0.00000	1	0.00000	0
341	A	0.00000	1	0.00000	0
342	Q	0.00000	1	0.00000	0
343	D	0.00000	1	0.00000	0
344	L	0.00000	1	0.00000	0
345	V	0.00000	1	0.00000	0
346	G	0.00000	1	0.00000	0
347	C	0.00000	1	0.00000	0
348	T	0.00000	1	0.00000	0
349	H	0.00000	1	0.00000	0
350	V	0.00000	1	0.00000	0
351	E	0.00000	1	0.00000	0
352	G	0.00000	1	0.00000	0
353	S	0.00000	1	0.00000	0
354	L	0.00000	1	0.00000	0
355	I	0.00000	1	0.00000	0
356	L	0.00000	1	0.00000	0
357	N	0.00000	1	0.00000	0
358	L	0.00000	1	0.00000	0
359	R	0.00000	1	0.00000	0
360	Q	0.00000	1	0.00000	0
361	G	0.00000	1	0.00000	0
362	Y	0.00000	1	0.00000	0
363	N	0.00000	1	0.00000	0
364	L	0.00000	1	0.00000	0
365	E	0.00000	1	0.00000	0
366	P	0.00000	1	0.00000	0
367	Q	0.00000	1	0.00000	0
368	L	0.00000	1	0.00000	0
369	Q	0.00000	1	0.00000	0
370	H	0.00000	1	0.00000	0
371	S	0.00000	1	0.00000	0
372	L	0.00000	1	0.00000	0
373	G	0.00000	1	0.00000	0
374	L	0.00000	1	0.00000	0
375	V	0.00000	1	0.00000	0
376	E	0.00000	1	0.00000	0
377	T	0.00000	1	0.00000	0
378	I	0.00000	1	0.00000	0
379	T	0.00000	1	0.00000	0
380	G	0.00000	1	0.00000	0
381	F	0.00000	1	0.00000	0
382	L	0.00000	1	0.00000	0
383	K	0.00000	1	0.00000	0
384	I	0.00000	1	0.00000	0
385	K	0.00000	1	0.00000	0
386	H	0.00000	1	0.00000	0
387	S	0.00000	1	0.00000	0
388	F	0.00000	1	0.00000	0
389	A	0.00000	1	0.00000	0
390	L	0.00000	1	0.00000	0
391	V	0.00000	1	0.00000	0
392	S	0.00000	1	0.00000	0
393	L	0.00000	1	0.00000	0
394	G	0.00000	1	0.00000	0
395	F	0.00000	1	0.00000	0
396	F	0.00000	1	0.00000	0
397	K	0.00000	1	0.00000	0
398	N	0.00000	1	0.00000	0
399	L	0.00000	1	0.00000	0
400	K	0.00000	1	0.00000	0
401	L	0.00000	1	0.00000	0
402	I	0.00000	1	0.00000	0
403	R	0.00000	1	0.00000	0
404	G	0.00000	1	0.00000	0
405	D	0.00000	1	0.00000	0
406	A	0.00000	1	0.00000	0
407	M	0.00000	1	0.00000	0
408	V	0.00000	1	0.00000	0
409	D	0.00000	1	0.00000	0
410	G	0.00000	1	0.00000	0
411	N	0.00000	1	0.00000	0
412	Y	0.00000	1	0.00000	0
413	T	0.00000	1	0.00000	0
414	L	0.00000	1	0.00000	0
415	Y	0.00000	1	0.00000	0
416	V	0.00000	1	0.00000	0
417	L	0.00000	1	0.00000	0
418	D	0.00000	1	0.00000	0
419	N	0.00000	1	0.00000	0
420	Q	0.00000	1	0.00000	0
421	N	0.00000	1	0.00000	0
422	L	0.00000	1	0.00000	0
423	Q	0.00000	1	0.00000	0
424	Q	0.00000	1	0.00000	0
425	L	0.00000	1	0.00000	0
426	G	0.00000	1	0.00000	0
427	S	0.00000	1	0.00000	0
428	W	0.00000	1	0.00000	0
429	V	0.00000	1	0.00000	0
430	A	0.00000	1	0.00000	0
431	A	0.00000	1	0.00000	0
432	G	0.00000	1	0.00000	0
433	L	0.00000	1	0.00000	0
434	T	0.00000	1	0.00000	0
435	I	0.00000	1	0.00000	0
436	P	0.00000	1	0.00000	0
437	V	0.00000	1	0.00000	0
438	G	0.00000	1	0.00000	0
439	K	0.00000	1	0.00000	0
440	I	0.00000	1	0.00000	0
441	Y	0.00000	1	0.00000	0
442	F	0.00000	1	0.00000	0
443	A	0.00000	1	0.00000	0
444	F	0.00000	1	0.00000	0
445	N	0.00000	1	0.00000	0
446	P	0.00000	1	0.00000	0
447	R	0.00000	1	0.00000	0
448	L	0.00000	1	0.00000	0
449	C	0.00000	1	0.00000	0
450	L	0.00000	1	0.00000	0
451	E	0.00000	1	0.00000	0
452	H	0.00000	1	0.00000	0
453	I	0.00000	1	0.00000	0
454	Y	0.00000	1	0.00000	0
455	R	0.00000	1	0.00000	0
456	L	0.00000	1	0.00000	0
457	E	0.00000	1	0.00000	0
458	E	0.00000	1	0.00000	0
459	V	0.00000	1	0.00000	0
460	T	0.00000	1	0.00000	0
461	G	0.00000	1	0.00000	0
462	T	0.00000	1	0.00000	0
463	R	0.00000	1	0.00000	0
464	G	0.00000	1	0.00000	0
465	R	0.00000	1	0.00000	0
466	Q	0.00000	1	0.00000	0
467	N	0.00000	1	0.00000	0
468	K	0.00000	1	0.00000	0
469	A	0.00000	1	0.00000	0
470	E	0.00000	1	0.00000	0
471	I	0.00000	1	0.00000	0
472	N	0.00000	1	0.00000	0
473	P	0.00000	1	0.00000	0
474	R	0.00000	1	0.00000	0
475	T	0.00000	1	0.00000	0
476	N	0.00000	1	0.00000	0
477	G	0.00000	1	0.00000	0
478	D	0.00000	1	0.00000	0
479	R	0.00000	1	0.00000	0
480	A	0.00000	1	0.00000	0
481	A	0.00000	1	0.00000	0
482	C	0.00000	1	0.00000	0
483	Q	0.00000	1	0.00000	0
484	T	0.00000	1	0.00000	0
485	R	0.00000	1	0.00000	0
486	T	0.00000	1	0.00000	0
487	L	0.00000	1	0.00000	0
488	R	0.00000	1	0.00000	0
489	F	0.00000	1	0.00000	0
490	V	0.00000	1	0.00000	0
491	S	0.00000	1	0.00000	0
492	N	0.00000	1	0.00000	0
493	V	0.00000	1	0.00000	0
494	T	0.00000	1	0.00000	0
495	E	0.00000	1	0.00000	0
496	A	0.00000	1	0.00000	0
497	D	0.00000	1	0.00000	0
498	R	0.00000	1	0.00000	0
499	I	0.00000	1	0.00000	0
500	L	0.00000	1	0.00000	0
501	L	0.00000	1	0.00000	0
502	R	0.00000	1	0.00000	0
503	W	0.00000	1	0.00000	0
504	E	0.00000	1	0.00000	0
505	R	0.00000	1	0.00000	0
506	Y	0.00000	1	0.00000	0
507	E	0.00000	1	0.00000	0
508	P	0.00000	1	0.00000	0
509	L	0.00000	1	0.00000	0
510	E	0.00000	1	0.00000	0
511	A	0.00000	1	0.00000	0
512	R	0.00000	1	0.00000	0
513	D	0.00000	1	0.00000	0
514	L	0.00000	1	0.00000	0
515	L	0.00000	1	0.00000	0
516	S	0.00000	1	0.00000	0
517	F	0.00000	1	0.00000	0
518	I	0.00000	1	0.00000	0
519	V	0.00000	1	0.00000	0
520	Y	0.00000	1	0.00000	0
521	Y	0.00000	1	0.00000	0
522	K	0.00000	1	0.00000	0
523	E	0.00000	1	0.00000	0
524	S	0.00000	1	0.00000	0
525	P	0.00000	1	0.00000	0
526	F	0.00000	1	0.00000	0
527	Q	0.00000	1	0.00000	0
528	N	0.00000	1	0.00000	0
529	A	0.00000	1	0.00000	0
530	T	0.00000	1	0.00000	0
531	E	0.00000	1	0.00000	0
532	H	0.00000	1	0.00000	0
533	V	0.00000	1	0.00000	0
534	G	0.00000	1	0.00000	0
535	P	0.00000	1	0.00000	0
536	D	0.00000	1	0.00000	0
537	A	0.00000	1	0.00000	0
538	C	0.00000	1	0.00000	0
539	G	0.00000	1	0.00000	0
540	T	0.00000	1	0.00000	0
541	Q	0.00000	1	0.00000	0
542	S	0.00000	1	0.00000	0
543	W	0.00000	1	0.00000	0
544	N	0.00000	1	0.00000	0
545	L	0.00000	1	0.00000	0
546	L	0.00000	1	0.00000	0
547	D	0.00000	1	0.00000	0
548	V	0.00000	1	0.00000	0
549	E	0.00000	1	0.00000	0
550	L	0.00000	1	0.00000	0
551	P	0.00000	1	0.00000	0
552	L	0.00000	1	0.00000	0
553	S	0.00000	1	0.00000	0
554	R	0.00000	1	0.00000	0
555	T	0.00000	1	0.00000	0
556	Q	0.00000	1	0.00000	0
557	E	0.00000	1	0.00000	0
558	P	0.00000	1	0.00000	0
559	G	0.00000	1	0.00000	0
560	V	0.00000	1	0.00000	0
561	T	0.00000	1	0.00000	0
562	L	0.00000	1	0.00000	0
563	A	0.00000	1	0.00000	0
564	S	0.00000	1	0.00000	0
565	L	0.00000	1	0.00000	0
566	K	0.00000	1	0.00000	0
567	P	0.00000	1	0.00000	0
568	W	0.00000	1	0.00000	0
569	T	0.00000	1	0.00000	0
570	Q	0.00000	1	0.00000	0
571	Y	0.00000	1	0.00000	0
572	A	0.00000	1	0.00000	0
573	V	0.00000	1	0.00000	0
574	F	0.00000	1	0.00000	0
575	V	0.00000	1	0.00000	0
576	R	0.00000	1	0.00000	0
577	A	0.00000	1	0.00000	0
578	I	0.00000	1	0.00000	0
579	T	0.00000	1	0.00000	0
580	L	0.00000	1	0.00000	0
581	T	0.00000	1	0.00000	0
582	T	0.00000	1	0.00000	0
583	E	0.00000	1	0.00000	0
584	E	0.00000	1	0.00000	0
585	D	0.00000	1	0.00000	0
586	S	0.00000	1	0.00000	0
587	P	0.00000	1	0.00000	0
588	H	0.00000	1	0.00000	0
589	Q	0.00000	1	0.00000	0
590	G	0.00000	1	0.00000	0
591	A	0.00000	1	0.00000	0
592	Q	0.00000	1	0.00000	0
593	S	0.00000	1	0.00000	0
594	P	0.00000	1	0.00000	0
595	I	0.00000	1	0.00000	0
596	V	0.00000	1	0.00000	0
597	Y	0.00000	1	0.00000	0
598	L	0.00000	1	0.00000	0
599	R	0.00000	1	0.00000	0
600	T	0.00000	1	0.00000	0
601	L	0.00000	1	0.00000	0
602	P	0.00000	1	0.00000	0
603	A	0.00000	1	0.00000	0
604	A	0.00000	1	0.00000	0
605	P	0.00000	1	0.00000	0
606	T	0.00000	1	0.00000	0
607	V	0.00000	1	0.00000	0
608	P	0.00000	1	0.00000	0
609	Q	0.00000	1	0.00000	0
610	D	0.00000	1	0.00000	0
611	V	0.00000	1	0.00000	0
612	I	0.00000	1	0.00000	0
613	S	0.00000	1	0.00000	0
614	T	0.00000	1	0.00000	0
615	S	0.00000	1	0.00000	0
616	N	0.00000	1	0.00000	0
617	S	0.00000	1	0.00000	0
618	S	0.00000	1	0.00000	0
619	S	0.00000	1	0.00000	0
620	H	0.00000	1	0.00000	0
621	L	0.00000	1	0.00000	0
622	L	0.00000	1	0.00000	0
623	V	0.00000	1	0.00000	0
624	R	0.00000	1	0.00000	0
625	W	0.00000	1	0.00000	0
626	K	0.00000	1	0.00000	0
627	P	0.00000	1	0.00000	0
628	P	0.00000	1	0.00000	0
629	T	0.00000	1	0.00000	0
630	Q	0.00000	1	0.00000	0
631	R	0.00000	1	0.00000	0
632	N	0.00000	1	0.00000	0
633	G	0.00000	1	0.00000	0
634	N	0.00000	1	0.00000	0
635	L	0.00000	1	0.00000	0
636	T	0.00000	1	0.00000	0
637	Y	0.00000	1	0.00000	0
638	Y	0.00000	1	0.00000	0
639	L	0.00000	1	0.00000	0
640	V	0.00000	1	0.00000	0
641	L	0.00000	1	0.00000	0
642	W	0.00000	1	0.00000	0
643	Q	0.00000	1	0.00000	0
644	R	0.00000	1	0.00000	0
645	L	0.00000	1	0.00000	0
646	A	0.00000	1	0.00000	0
647	E	0.00000	1	0.00000	0
648	D	0.00000	1	0.00000	0
649	G	0.00000	1	0.00000	0
650	D	0.00000	1	0.00000	0
651	L	0.00000	1	0.00000	0
652	Y	0.00000	1	0.00000	0
653	L	0.00000	1	0.00000	0
654	N	0.00000	1	0.00000	0
655	D	0.00000	1	0.00000	0
656	Y	0.00000	1	0.00000	0
657	C	0.00000	1	0.00000	0
658	H	0.00000	1	0.00000	0
659	R	0.00000	1	0.00000	0
660	G	0.00000	1	0.00000	0
661	L	0.00000	1	0.00000	0
662	R	0.00000	1	0.00000	0
663	L	0.00000	1	0.00000	0
664	P	0.00000	1	0.00000	0
665	T	0.00000	1	0.00000	0
666	S	0.00000	1	0.00000	0
667	N	0.00000	1	0.00000	0
668	N	0.00000	1	0.00000	0
669	D	0.00000	1	0.00000	0
670	P	0.00000	1	0.00000	0
671	R	0.00000	1	0.00000	0
672	F	0.00000	1	0.00000	0
673	D	0.00000	1	0.00000	0
674	G	0.00000	1	0.00000	0
675	E	0.00000	1	0.00000	0
676	D	0.00000	1	0.00000	0
677	G	0.00000	1	0.00000	0
678	D	0.00000	1	0.00000	0
679	P	0.00000	1	0.00000	0
680	E	0.00000	1	0.00000	0
681	A	0.00000	1	0.00000	0
682	E	0.00000	1	0.00000	0
683	M	0.00000	1	0.00000	0
684	E	0.00000	1	0.00000	0
685	S	0.00000	1	0.00000	0
686	D	0.00000	1	0.00000	0
687	C	0.00000	1	0.00000	0
688	C	0.00000	1	0.00000	0
689	P	0.00000	1	0.00000	0
690	C	0.00000	1	0.00000	0
691	Q	0.00000	1	0.00000	0
692	H	0.00000	1	0.00000	0
693	P	0.00000	1	0.00000	0
694	P	0.00000	1	0.00000	0
695	P	0.00000	1	0.00000	0
696	G	0.00000	1	0.00000	0
697	Q	0.00000	1	0.00000	0
698	V	0.00000	1	0.00000	0
699	L	0.00000	1	0.00000	0
700	P	0.00000	1	0.00000	0
701	P	0.00000	1	0.00000	0
702	L	0.00000	1	0.00000	0
703	E	0.00000	1	0.00000	0
704	A	0.00000	1	0.00000	0
705	Q	0.00000	1	0.00000	0
706	E	0.00000	1	0.00000	0
707	A	0.00000	1	0.00000	0
708	S	0.00000	1	0.00000	0
709	F	0.00000	1	0.00000	0
710	Q	0.00000	1	0.00000	0
711	K	0.00000	1	0.00000	0
712	K	0.00000	1	0.00000	0
713	F	0.00000	1	0.00000	0
714	E	0.00000	1	0.00000	0
715	N	0.00000	1	0.00000	0
716	F	0.00000	1	0.00000	0
717	L	0.00000	1	0.00000	0
718	H	0.00000	1	0.00000	0
719	N	0.00000	1	0.00000	0
720	A	0.00000	1	0.00000	0
721	I	0.00000	1	0.00000	0
722	T	0.00000	1	0.00000	0
723	I	0.00000	1	0.00000	0
724	P	0.00000	1	0.00000	0
725	I	0.00000	1	0.00000	0
726	S	0.00000	1	0.00000	0
727	P	0.00000	1	0.00000	0
728	W	0.00000	1	0.00000	0
729	K	0.00000	1	0.00000	0
730	V	0.00000	1	0.00000	0
731	T	0.00000	1	0.00000	0
732	S	0.00000	1	0.00000	0
733	I	0.00000	1	0.00000	0
734	N	0.00000	1	0.00000	0
735	K	0.00000	1	0.00000	0
736	S	0.00000	1	0.00000	0
737	P	0.00000	1	0.00000	0
738	Q	0.00000	1	0.00000	0
739	R	0.00000	1	0.00000	0
740	D	0.00000	1	0.00000	0
741	S	0.00000	1	0.00000	0
742	G	0.00000	1	0.00000	0
743	R	0.00000	1	0.00000	0
744	H	0.00000	1	0.00000	0
745	R	0.00000	1	0.00000	0
746	R	0.00000	1	0.00000	0
747	A	0.00000	1	0.00000	0
748	A	0.00000	1	0.00000	0
749	G	0.00000	1	0.00000	0
750	P	0.00000	1	0.00000	0
751	L	0.00000	1	0.00000	0
752	R	0.00000	1	0.00000	0
753	L	0.00000	1	0.00000	0
754	G	0.00000	1	0.00000	0
755	G	0.00000	1	0.00000	0
756	N	0.00000	1	0.00000	0
757	S	0.00000	1	0.00000	0
758	S	0.00000	1	0.00000	0
759	D	0.00000	1	0.00000	0
760	F	0.00000	1	0.00000	0
761	E	0.00000	1	0.00000	0
762	I	0.00000	1	0.00000	0
763	Q	0.00000	1	0.00000	0
764	E	0.00000	1	0.00000	0
765	D	0.00000	1	0.00000	0
766	K	0.00000	1	0.00000	0
767	V	0.00000	1	0.00000	0
768	P	0.00000	1	0.00000	0
769	R	0.00000	1	0.00000	0
770	E	0.00000	1	0.00000	0
771	R	0.00000	1	0.00000	0
772	A	0.00000	1	0.00000	0
773	V	0.00000	1	0.00000	0
774	L	0.00000	1	0.00000	0
775	S	0.00000	1	0.00000	0
776	G	0.00000	1	0.00000	0
777	L	0.00000	1	0.00000	0
778	R	0.00000	1	0.00000	0
779	H	0.00000	1	0.00000	0
780	F	0.00000	0.99998	0.00002	0
781	T	0.00000	0.99997	0.00003	0
782	E	0.00000	0.99997	0.00003	0
783	Y	0.00000	0.99997	0.00003	0
784	R	0.00000	0.99997	0.00003	0
785	I	0.00000	0.99996	0.00004	0
786	D	0.00000	0.99996	0.00004	0
787	I	0.00000	0.98562	0.01438	0
788	H	0.00000	0.96141	0.03859	0
789	A	0.00000	0.95196	0.04804	0
790	C	0.00000	0.95029	0.04971	0
791	N	0.00000	0.869	0.13100	0
792	H	0.00000	0.16103	0.83897	0
793	A	0.00000	0.02807	0.97193	0
794	A	0.00000	0.02311	0.97689	0
795	H	0.00000	0.02308	0.97692	0
796	T	0.00000	0.02308	0.97692	0
797	V	0.00000	0.02308	0.97692	0
798	G	0.00000	0.02308	0.97692	0
799	C	0.00000	0.02308	0.97692	0
800	S	0.00000	0.02308	0.97692	0
801	A	0.00000	0.02308	0.97692	0
802	A	0.00000	0.02308	0.97692	0
803	T	0.00000	0.02308	0.97692	0
804	F	0.00000	0.02308	0.97692	0
805	V	0.00000	0.02308	0.97692	0
806	F	0.00002	0.02308	0.97691	0
807	A	0.00212	0.02308	0.97480	0
808	R	0.03164	0.02308	0.94528	0
809	T	0.04802	0.02308	0.92890	0
810	M	0.11059	0.02308	0.86633	0
811	P	0.75543	0.02308	0.22149	0
812	H	0.83620	0.02308	0.14072	0
813	R	0.97658	0.02308	0.00035	0
814	E	0.97690	0.02308	0.00002	0
815	A	0.97692	0.02308	0.00001	0
816	D	0.97692	0.02308	0.00000	0
817	G	0.97692	0.01532	0.00776	0
818	I	0.97692	0.00812	0.01497	0
819	P	0.97692	0.00791	0.01517	0
820	G	0.78213	0.00306	0.21482	0
821	K	0.43920	0.00294	0.55786	0
822	V	0.01471	0.00281	0.98247	0
823	A	0.00326	0.00281	0.99393	0
824	W	0.00206	0.00281	0.99513	0
825	E	0.00117	0.00281	0.99602	0
826	A	0.00000	0.00281	0.99718	0
827	S	0.00000	0.00281	0.99719	0
828	S	0.00000	0.00281	0.99719	0
829	K	0.00000	0.00281	0.99719	0
830	N	0.00000	0.00281	0.99719	0
831	S	0.00000	0.00273	0.99727	0
832	V	0.00000	0.0001	0.99990	0
833	L	0.00000	2e-05	0.99998	0
834	L	0.00000	2e-05	0.99998	0
835	R	0.00000	2e-05	0.99998	0
836	W	0.00003	2e-05	0.99995	0
837	L	0.00108	3e-05	0.99889	0
838	E	0.01630	0.0024	0.98130	0
839	P	0.01956	0.00684	0.97360	0
840	P	0.02025	0.09551	0.88424	0
841	D	0.02026	0.88687	0.09286	0
842	P	0.02026	0.89937	0.08037	0
843	N	0.02026	0.96497	0.01477	0
844	G	0.02025	0.97691	0.00284	0
845	L	0.01999	0.97693	0.00307	0
846	I	0.01991	0.97693	0.00315	0
847	L	0.01987	0.97694	0.00319	0
848	K	0.01977	0.97694	0.00328	0
849	Y	0.00280	0.97694	0.02026	0
850	E	0.00292	0.97694	0.02013	0
851	I	0.00237	0.9769	0.02074	0
852	K	0.00381	0.97689	0.01930	0
853	Y	0.00361	0.97685	0.01954	0
854	R	0.00359	0.97685	0.01956	0
855	R	0.00330	0.97685	0.01984	0
856	L	0.00175	0.97685	0.02139	0
857	G	0.00161	0.97685	0.02154	0
858	E	0.00124	0.97685	0.02191	0
859	E	0.00009	0.97685	0.02306	0
860	A	0.00000	0.97685	0.02315	0
861	T	0.00000	0.97685	0.02315	0
862	V	0.00000	0.97685	0.02315	0
863	L	0.00000	0.97686	0.02314	0
864	C	0.00000	0.97694	0.02306	0
865	V	0.00000	0.97694	0.02306	0
866	S	0.00000	0.97695	0.02305	0
867	R	0.00000	0.97696	0.02304	0
868	L	0.00000	0.97696	0.02304	0
869	R	0.00000	0.97699	0.02301	0
870	Y	0.00000	0.98065	0.01935	0
871	A	0.00000	0.98181	0.01818	0
872	K	0.00009	0.9879	0.01201	0
873	F	0.00009	0.98918	0.01073	0
874	G	0.00009	0.99352	0.00639	0
875	G	0.00009	0.9955	0.00441	0
876	V	0.00009	0.99627	0.00364	0
877	H	0.00009	0.99988	0.00003	0
878	L	0.00009	0.99988	0.00003	0
879	A	0.00009	0.99988	0.00003	0
880	L	0.00009	0.99988	0.00003	0
881	L	0.00009	0.99988	0.00003	0
882	P	0.00009	0.99988	0.00003	0
883	P	0.00009	0.99988	0.00003	0
884	G	0.00009	0.99988	0.00003	0
885	N	0.00009	0.99983	0.00008	0
886	Y	0.00009	0.99545	0.00446	0
887	S	0.00009	0.22608	0.77383	0
888	A	0.00007	0.00375	0.99618	0
889	R	0.00006	3e-05	0.99991	0
890	V	0.00000	2e-05	0.99998	0
891	R	0.00000	2e-05	0.99998	0
892	A	0.00000	2e-05	0.99998	0
893	T	0.00000	2e-05	0.99998	0
894	S	0.00003	2e-05	0.99995	0
895	L	0.00003	2e-05	0.99995	0
896	A	0.00003	2e-05	0.99995	0
897	G	0.00003	2e-05	0.99995	0
898	N	0.00003	2e-05	0.99995	0
899	G	0.00003	2e-05	0.99995	0
900	S	0.00003	2e-05	0.99995	0
901	W	0.00003	2e-05	0.99995	0
902	T	0.00003	2e-05	0.99995	0
903	D	0.00003	2e-05	0.99995	0
904	S	0.00003	2e-05	0.99995	0
905	V	0.00084	2e-05	0.99914	0
906	A	0.07324	2e-05	0.92674	0
907	F	0.34951	2e-05	0.65047	0
908	Y	0.99977	2e-05	0.00021	0
909	I	0.99989	3e-05	0.00009	0
910	L	0.99989	5e-05	0.00006	0
911	G	0.99989	0.00011	0.00000	0
912	P	0.99989	0.00011	0.00000	0
913	E	0.99989	0.00011	0.00000	0
914	E	0.99989	0.00011	0.00000	0
915	E	0.99989	0.00011	0.00000	0
916	D	0.99989	0.00011	0.00000	0
917	A	0.99988	0.00011	0.00002	0
918	G	0.99986	0.00011	0.00003	0
919	G	0.99929	0.00011	0.00060	0
920	L	0.97686	0.0001	0.02304	0
921	H	0.93122	0.0001	0.06868	0
922	V	0.15728	9e-05	0.84263	0
923	L	0.00352	1e-05	0.99647	0
924	L	0.00057	0	0.99943	0
925	T	0.00017	0	0.99983	0
926	A	0.00001	0	0.99999	0
927	T	0.00000	0	1.00000	0
928	P	0.00000	0	1.00000	0
929	V	0.00000	0	1.00000	0
930	G	0.00000	0	1.00000	0
931	L	0.00000	0	1.00000	0
932	T	0.00000	0	1.00000	0
933	L	0.00000	0	1.00000	0
934	L	0.00000	0	1.00000	0
935	I	0.00000	0	1.00000	0
936	V	0.00000	0	1.00000	0
937	L	0.00000	0	1.00000	0
938	A	0.00000	0	1.00000	0
939	A	0.00000	3e-05	0.99997	0
940	L	0.00000	0.00056	0.99944	0
941	G	0.00000	0.01176	0.98824	0
942	F	0.00000	0.02689	0.97311	0
943	F	0.00000	0.18333	0.81667	0
944	Y	0.00001	0.72579	0.27420	0
945	G	0.00005	0.97248	0.02747	0
946	K	0.00010	0.99969	0.00021	0
947	K	0.00011	0.99989	0.00000	0
948	R	0.00011	0.99989	0.00000	0
949	N	0.00011	0.99989	0.00000	0
950	R	0.00011	0.99989	0.00000	0
951	T	0.00011	0.99989	0.00000	0
952	L	0.00010	0.99989	0.00001	0
953	Y	0.00009	0.99989	0.00002	0
954	A	0.00009	0.99989	0.00002	0
955	S	0.00009	0.99989	0.00002	0
956	V	0.00009	0.99989	0.00002	0
957	N	0.00009	0.99989	0.00002	0
958	P	0.00009	0.99989	0.00002	0
959	E	0.00009	0.99989	0.00002	0
960	Y	0.00009	0.99989	0.00002	0
961	F	0.00009	0.99989	0.00002	0
962	S	0.00009	0.99989	0.00002	0
963	A	0.00009	0.99989	0.00002	0
964	S	0.00009	0.99989	0.00002	0
965	D	0.00009	0.99989	0.00002	0
966	M	0.00009	0.99989	0.00002	0
967	Y	0.00009	0.99989	0.00002	0
968	V	0.00009	0.99989	0.00002	0
969	P	0.00009	0.99989	0.00002	0
970	D	0.00009	0.99989	0.00002	0
971	E	0.00009	0.9999	0.00001	0
972	W	0.00009	0.99988	0.00003	0
973	E	0.00009	0.99989	0.00002	0
974	V	0.00009	0.99989	0.00002	0
975	P	0.00009	0.99988	0.00003	0
976	R	0.00009	0.99988	0.00003	0
977	E	0.00009	0.99987	0.00004	0
978	Q	0.00007	0.96045	0.03948	0
979	I	0.00001	0.00313	0.99686	0
980	S	0.00001	0.00298	0.99700	0
981	I	0.00001	0.00027	0.99971	0
982	I	0.00001	0.00026	0.99973	0
983	R	0.00001	0.00025	0.99973	0
984	E	0.00001	0.00025	0.99973	0
985	L	0.00001	0.00025	0.99973	0
986	G	0.00001	0.00025	0.99973	0
987	Q	0.00001	0.00025	0.99973	0
988	G	0.00001	0.00025	0.99973	0
989	S	0.00001	0.00025	0.99973	0
990	F	0.00001	4e-05	0.99995	0
991	G	0.00001	3e-05	0.99995	0
992	M	0.00001	3e-05	0.99995	0
993	V	0.00001	3e-05	0.99995	0
994	Y	0.00001	3e-05	0.99996	0
995	E	0.00003	3e-05	0.99994	0
996	G	0.00003	2e-05	0.99995	0
997	L	0.00003	0	0.99997	0
998	A	0.00050	0	0.99950	0
999	R	0.02625	5e-05	0.97370	0
1000	G	0.03298	5e-05	0.96697	0
1001	L	0.06095	5e-05	0.93900	0
1002	E	0.91617	7e-05	0.08376	0
1003	A	0.95868	8e-05	0.04124	0
1004	G	0.99942	8e-05	0.00050	0
1005	E	0.99966	8e-05	0.00026	0
1006	E	0.99967	8e-05	0.00025	0
1007	S	0.99967	8e-05	0.00025	0
1008	T	0.99967	8e-05	0.00025	0
1009	P	0.99967	8e-05	0.00025	0
1010	V	0.99967	8e-05	0.00025	0
1011	A	0.99967	8e-05	0.00025	0
1012	L	0.99968	8e-05	0.00025	0
1013	K	0.99974	8e-05	0.00019	0
1014	T	0.99975	8e-05	0.00018	0
1015	V	0.99979	8e-05	0.00014	0
1016	N	0.99989	8e-05	0.00004	0
1017	E	0.99990	8e-05	0.00003	0
1018	L	0.99991	8e-05	0.00002	0
1019	A	0.99991	8e-05	0.00001	0
1020	S	0.99992	8e-05	0.00001	0
1021	P	0.99992	8e-05	0.00000	0
1022	R	0.99992	8e-05	0.00000	0
1023	E	0.99992	8e-05	0.00000	0
1024	C	0.99992	8e-05	0.00000	0
1025	I	0.99992	8e-05	0.00000	0
1026	E	0.99992	8e-05	0.00000	0
1027	F	0.99992	8e-05	0.00000	0
1028	L	0.99992	8e-05	0.00000	0
1029	K	0.99992	8e-05	0.00000	0
1030	E	0.99992	8e-05	0.00000	0
1031	A	0.99992	8e-05	0.00000	0
1032	S	0.99992	8e-05	0.00000	0
1033	V	0.99992	8e-05	0.00000	0
1034	M	0.99992	7e-05	0.00001	0
1035	K	0.99991	7e-05	0.00002	0
1036	A	0.99990	7e-05	0.00003	0
1037	F	0.99990	7e-05	0.00003	0
1038	K	0.99990	7e-05	0.00003	0
1039	C	0.99988	7e-05	0.00005	0
1040	H	0.99988	3e-05	0.00010	0
1041	H	0.99983	0	0.00016	0
1042	V	0.01206	0	0.98794	0
1043	V	0.00134	0	0.99866	0
1044	R	0.00074	0	0.99926	0
1045	L	0.00008	0	0.99992	0
1046	L	0.00000	0	1.00000	0
1047	G	0.00000	0	1.00000	0
1048	V	0.00000	0	1.00000	0
1049	V	0.00000	0	1.00000	0
1050	S	0.00000	0	1.00000	0
1051	Q	0.00000	0	1.00000	0
1052	G	0.00000	0	1.00000	0
1053	Q	0.00000	0	1.00000	0
1054	P	0.00000	0	1.00000	0
1055	T	0.00000	0	1.00000	0
1056	L	0.00000	0	1.00000	0
1057	V	0.00000	0	1.00000	0
1058	I	0.00000	0	1.00000	0
1059	M	0.00000	0	1.00000	0
1060	E	0.00008	0.0001	0.99982	0
1061	L	0.00008	0.00029	0.99963	0
1062	M	0.00008	0.01096	0.98896	0
1063	T	0.00008	0.37299	0.62693	0
1064	R	0.00008	0.96028	0.03964	0
1065	G	0.00008	0.99179	0.00813	0
1066	D	0.00008	0.99986	0.00006	0
1067	L	0.00008	0.99988	0.00004	0
1068	K	0.00008	0.99992	0.00000	0
1069	S	0.00008	0.99992	0.00000	0
1070	H	0.00008	0.99992	0.00000	0
1071	L	0.00008	0.99991	0.00001	0
1072	R	0.00008	0.99991	0.00001	0
1073	S	0.00008	0.99987	0.00005	0
1074	L	0.00008	0.99958	0.00035	0
1075	R	0.00008	0.99892	0.00100	0
1076	P	0.00008	0.99747	0.00246	0
1077	E	0.00008	0.99294	0.00698	0
1078	A	0.00008	0.99246	0.00746	0
1079	E	0.00008	0.99245	0.00747	0
1080	N	0.00008	0.99235	0.00758	0
1081	N	0.00008	0.99226	0.00767	0
1082	P	0.00008	0.99169	0.00824	0
1083	G	0.00008	0.99059	0.00934	0
1084	L	0.00008	0.97502	0.02490	0
1085	P	0.00008	0.96764	0.03228	0
1086	Q	0.00008	0.96217	0.03775	0
1087	P	0.00008	0.88211	0.11781	0
1088	A	0.00008	0.15768	0.84225	0
1089	L	0.00008	0.02619	0.97373	0
1090	G	0.00008	0.02024	0.97969	0
1091	E	0.00008	0.00069	0.99923	0
1092	M	0.00008	1e-05	0.99991	0
1093	I	0.00008	0	0.99992	0
1094	Q	0.00008	0	0.99992	0
1095	M	0.00008	0	0.99992	0
1096	A	0.00008	0	0.99992	0
1097	G	0.00320	0	0.99680	0
1098	E	0.00750	0	0.99249	0
1099	I	0.00750	0	0.99249	0
1100	A	0.00750	0	0.99249	0
1101	D	0.00750	0	0.99249	0
1102	G	0.00750	0	0.99249	0
1103	M	0.00750	0	0.99249	0
1104	A	0.00761	0	0.99239	0
1105	Y	0.00771	0	0.99229	0
1106	L	0.00849	0	0.99151	0
1107	A	0.10528	0	0.89471	0
1108	A	0.51118	0	0.48882	0
1109	N	0.79495	0	0.20505	0
1110	K	0.99999	0	0.00001	0
1111	F	0.99999	0	0.00001	0
1112	V	0.99999	0	0.00001	0
1113	H	0.99999	0	0.00001	0
1114	R	0.99999	0	0.00000	0
1115	D	1.00000	0	0.00000	0
1116	L	1.00000	0	0.00000	0
1117	A	1.00000	0	0.00000	0
1118	A	1.00000	0	0.00000	0
1119	R	1.00000	0	0.00000	0
1120	N	1.00000	0	0.00000	0
1121	C	1.00000	0	0.00000	0
1122	M	1.00000	0	0.00000	0
1123	V	1.00000	0	0.00000	0
1124	S	1.00000	0	0.00000	0
1125	Q	1.00000	0	0.00000	0
1126	D	1.00000	0	0.00000	0
1127	F	1.00000	0	0.00000	0
1128	T	1.00000	0	0.00000	0
1129	V	1.00000	0	0.00000	0
1130	K	1.00000	0	0.00000	0
1131	I	1.00000	0	0.00000	0
1132	G	1.00000	0	0.00000	0
1133	D	1.00000	0	0.00000	0
1134	F	1.00000	0	0.00000	0
1135	G	1.00000	0	0.00000	0
1136	M	1.00000	0	0.00000	0
1137	T	1.00000	0	0.00000	0
1138	R	1.00000	0	0.00000	0
1139	D	1.00000	0	0.00000	0
1140	V	1.00000	0	0.00000	0
1141	Y	1.00000	0	0.00000	0
1142	E	1.00000	0	0.00000	0
1143	T	1.00000	0	0.00000	0
1144	D	1.00000	0	0.00000	0
1145	Y	1.00000	0	0.00000	0
1146	Y	1.00000	0	0.00000	0
1147	R	1.00000	0	0.00000	0
1148	K	1.00000	0	0.00000	0
1149	G	1.00000	0	0.00000	0
1150	G	1.00000	0	0.00000	0
1151	K	1.00000	0	0.00000	0
1152	G	1.00000	0	0.00000	0
1153	L	1.00000	0	0.00000	0
1154	L	1.00000	0	0.00000	0
1155	P	1.00000	0	0.00000	0
1156	V	1.00000	0	0.00000	0
1157	R	1.00000	0	0.00000	0
1158	W	1.00000	0	0.00000	0
1159	M	1.00000	0	0.00000	0
1160	A	1.00000	0	0.00000	0
1161	P	1.00000	0	0.00000	0
1162	E	1.00000	0	0.00000	0
1163	S	1.00000	0	0.00000	0
1164	L	1.00000	0	0.00000	0
1165	K	1.00000	0	0.00000	0
1166	D	1.00000	0	0.00000	0
1167	G	0.99998	0	0.00002	0
1168	I	0.99998	0	0.00002	0
1169	F	0.99998	0	0.00002	0
1170	T	0.99998	0	0.00002	0
1171	T	0.99998	0	0.00002	0
1172	H	0.99998	0	0.00002	0
1173	S	0.99998	0	0.00002	0
1174	D	0.99998	0	0.00002	0
1175	V	0.99998	0	0.00002	0
1176	W	0.99998	0	0.00002	0
1177	S	0.99998	0	0.00002	0
1178	F	0.99998	0	0.00002	0
1179	G	0.99998	0	0.00002	0
1180	V	0.99998	0	0.00002	0
1181	V	0.99998	0	0.00002	0
1182	L	0.99998	0	0.00002	0
1183	W	0.99998	0	0.00002	0
1184	E	0.99998	0	0.00002	0
1185	I	0.99998	0	0.00002	0
1186	V	0.99998	0	0.00002	0
1187	T	0.99998	0	0.00002	0
1188	L	0.99998	0	0.00002	0
1189	A	0.99998	1e-05	0.00001	0
1190	E	0.99998	2e-05	0.00000	0
1191	Q	0.99998	2e-05	0.00000	0
1192	P	0.99998	2e-05	0.00000	0
1193	Y	0.99998	2e-05	0.00000	0
1194	Q	0.99998	2e-05	0.00000	0
1195	G	0.99998	2e-05	0.00000	0
1196	L	0.99998	2e-05	0.00000	0
1197	S	0.99998	2e-05	0.00000	0
1198	N	0.99998	2e-05	0.00000	0
1199	E	0.99998	2e-05	0.00000	0
1200	Q	0.99998	2e-05	0.00000	0
1201	V	0.99998	0	0.00002	0
1202	L	0.99998	0	0.00002	0
1203	K	0.99998	0	0.00002	0
1204	F	0.99998	0	0.00002	0
1205	V	0.99998	0	0.00002	0
1206	M	0.99998	0	0.00002	0
1207	D	0.99998	0	0.00002	0
1208	G	0.99998	0	0.00002	0
1209	G	0.99998	0	0.00002	0
1210	V	0.99998	0	0.00002	0
1211	L	0.99998	0	0.00002	0
1212	E	0.99998	0	0.00002	0
1213	E	0.99998	0	0.00002	0
1214	L	0.99998	0	0.00002	0
1215	E	0.99998	0	0.00002	0
1216	G	0.99998	0	0.00002	0
1217	C	0.99998	0	0.00002	0
1218	P	0.99998	0	0.00002	0
1219	L	0.99998	0	0.00002	0
1220	Q	0.99998	0	0.00002	0
1221	L	0.99998	0	0.00002	0
1222	Q	1.00000	0	0.00000	0
1223	E	1.00000	0	0.00000	0
1224	L	1.00000	0	0.00000	0
1225	M	1.00000	0	0.00000	0
1226	S	1.00000	0	0.00000	0
1227	R	1.00000	0	0.00000	0
1228	C	1.00000	0	0.00000	0
1229	W	1.00000	0	0.00000	0
1230	Q	1.00000	0	0.00000	0
1231	P	1.00000	0	0.00000	0
1232	N	1.00000	0	0.00000	0
1233	P	1.00000	0	0.00000	0
1234	R	1.00000	0	0.00000	0
1235	L	1.00000	0	0.00000	0
1236	R	1.00000	0	0.00000	0
1237	P	1.00000	0	0.00000	0
1238	S	1.00000	0	0.00000	0
1239	F	1.00000	0	0.00000	0
1240	T	1.00000	0	0.00000	0
1241	H	1.00000	0	0.00000	0
1242	I	1.00000	0	0.00000	0
1243	L	1.00000	0	0.00000	0
1244	D	1.00000	0	0.00000	0
1245	S	1.00000	0	0.00000	0
1246	I	1.00000	0	0.00000	0
1247	Q	1.00000	0	0.00000	0
1248	E	1.00000	0	0.00000	0
1249	E	1.00000	0	0.00000	0
1250	L	1.00000	0	0.00000	0
1251	R	1.00000	0	0.00000	0
1252	P	1.00000	0	0.00000	0
1253	S	1.00000	0	0.00000	0
1254	F	1.00000	0	0.00000	0
1255	R	1.00000	0	0.00000	0
1256	L	1.00000	0	0.00000	0
1257	L	1.00000	0	0.00000	0
1258	S	1.00000	0	0.00000	0
1259	F	1.00000	0	0.00000	0
1260	Y	1.00000	0	0.00000	0
1261	Y	1.00000	0	0.00000	0
1262	S	1.00000	0	0.00000	0
1263	P	1.00000	0	0.00000	0
1264	E	1.00000	0	0.00000	0
1265	C	1.00000	0	0.00000	0
1266	R	1.00000	0	0.00000	0
1267	G	1.00000	0	0.00000	0
1268	A	1.00000	0	0.00000	0
1269	R	1.00000	0	0.00000	0
1270	G	1.00000	0	0.00000	0
1271	S	1.00000	0	0.00000	0
1272	L	1.00000	0	0.00000	0
1273	P	1.00000	0	0.00000	0
1274	T	1.00000	0	0.00000	0
1275	T	1.00000	0	0.00000	0
1276	D	1.00000	0	0.00000	0
1277	A	1.00000	0	0.00000	0
1278	E	1.00000	0	0.00000	0
1279	P	1.00000	0	0.00000	0
1280	D	1.00000	0	0.00000	0
1281	S	1.00000	0	0.00000	0
1282	S	1.00000	0	0.00000	0
1283	P	1.00000	0	0.00000	0
1284	T	1.00000	0	0.00000	0
1285	P	1.00000	0	0.00000	0
1286	R	1.00000	0	0.00000	0
1287	D	1.00000	0	0.00000	0
1288	C	1.00000	0	0.00000	0
1289	S	1.00000	0	0.00000	0
1290	P	1.00000	0	0.00000	0
1291	Q	1.00000	0	0.00000	0
1292	N	1.00000	0	0.00000	0
1293	G	1.00000	0	0.00000	0
1294	G	1.00000	0	0.00000	0
1295	P	1.00000	0	0.00000	0
1296	G	1.00000	0	0.00000	0
1297	H	1.00000	0	0.00000	0
