# UNNAMED
#pos	aa	i	o	M	S
1	M	0.00000	0.0008	0.00000	0.9992
2	A	0.00000	0.0008	0.00000	0.9992
3	R	0.00000	0.0008	0.00000	0.99921
4	A	0.00000	0.0008	0.00000	0.9992
5	P	0.00000	0.0008	0.00000	0.9992
6	L	0.00000	0.0008	0.00000	0.99921
7	G	0.00000	0.0008	0.00000	0.9992
8	V	0.00000	0.0008	0.00000	0.9992
9	L	0.00000	0.0008	0.00000	0.9992
10	L	0.00000	0.0008	0.00000	0.9992
11	L	0.00000	0.0008	0.00000	0.9992
12	L	0.00000	0.0008	0.00000	0.99921
13	G	0.00000	0.0008	0.00000	0.9992
14	L	0.00000	0.0008	0.00000	0.9992
15	L	0.00000	0.0008	0.00000	0.9992
16	G	0.00000	0.00081	0.00000	0.99919
17	R	0.00000	0.03137	0.00000	0.96864
18	G	0.00000	0.0314	0.00000	0.9686
19	V	0.00000	0.95498	0.00000	0.04501
20	G	0.00000	0.95498	0.00000	0.04502
21	K	0.00000	0.97409	0.00000	0.02591
22	N	0.00000	0.98664	0.00000	0.01336
23	E	0.00000	0.98767	0.00000	0.01233
24	E	0.00000	0.98767	0.00000	0.01233
25	L	0.00000	0.99875	0.00000	0.00125
26	R	0.00000	0.99875	0.00000	0.00125
27	L	0.00000	0.99875	0.00000	0.00125
28	Y	0.00000	1	0.00000	0
29	H	0.00000	1	0.00000	0
30	H	0.00000	1	0.00000	0
31	L	0.00000	1	0.00000	0
32	F	0.00000	1	0.00000	0
33	N	0.00000	1	0.00000	0
34	N	0.00000	1	0.00000	0
35	Y	0.00000	1	0.00000	0
36	D	0.00000	1	0.00000	0
37	P	0.00000	1	0.00000	0
38	G	0.00000	1	0.00000	0
39	S	0.00000	1	0.00000	0
40	R	0.00000	1	0.00000	0
41	P	0.00000	1	0.00000	0
42	V	0.00000	1	0.00000	0
43	R	0.00000	1	0.00000	0
44	E	0.00000	1	0.00000	0
45	P	0.00000	1	0.00000	0
46	E	0.00000	1	0.00000	0
47	D	0.00000	1	0.00000	0
48	T	0.00000	1	0.00000	0
49	V	0.00000	1	0.00000	0
50	T	0.00000	1	0.00000	0
51	I	0.00000	1	0.00000	0
52	S	0.00000	1	0.00000	0
53	L	0.00000	1	0.00000	0
54	K	0.00000	1	0.00000	0
55	V	0.00000	1	0.00000	0
56	T	0.00000	1	0.00000	0
57	L	0.00000	0.99999	0.00001	0
58	T	0.00000	0.99999	0.00001	0
59	N	0.00000	0.99999	0.00001	0
60	L	0.00000	0.99999	0.00001	0
61	I	0.00000	0.99999	0.00001	0
62	S	0.00000	0.99999	0.00001	0
63	L	0.00000	0.99999	0.00001	0
64	N	0.00000	0.99999	0.00001	0
65	E	0.00000	0.99999	0.00001	0
66	K	0.00000	0.99999	0.00001	0
67	E	0.00000	0.99999	0.00001	0
68	E	0.00000	0.99999	0.00001	0
69	T	0.00000	0.99999	0.00001	0
70	L	0.00000	0.99999	0.00001	0
71	T	0.00000	0.99999	0.00001	0
72	T	0.00000	0.99999	0.00001	0
73	S	0.00000	0.99999	0.00001	0
74	V	0.00000	0.99999	0.00001	0
75	W	0.00000	0.99999	0.00001	0
76	I	0.00000	0.99999	0.00001	0
77	G	0.00000	0.99999	0.00001	0
78	I	0.00000	0.99999	0.00001	0
79	D	0.00001	0.99999	0.00000	0
80	W	0.00001	0.99999	0.00000	0
81	Q	0.00001	0.99999	0.00000	0
82	D	0.00001	0.99999	0.00000	0
83	Y	0.00001	0.99999	0.00000	0
84	R	0.00001	0.99999	0.00000	0
85	L	0.00000	0.99999	0.00000	0
86	N	0.00000	0.99999	0.00000	0
87	Y	0.00000	0.99999	0.00000	0
88	S	0.00000	0.99999	0.00000	0
89	K	0.00000	0.99999	0.00000	0
90	D	0.00000	0.99999	0.00000	0
91	D	0.00000	0.99999	0.00000	0
92	F	0.00000	0.99999	0.00001	0
93	G	0.00000	0.99999	0.00001	0
94	G	0.00000	0.99999	0.00001	0
95	I	0.00000	0.99999	0.00001	0
96	E	0.00000	0.99999	0.00001	0
97	T	0.00000	0.99999	0.00001	0
98	L	0.00000	0.99999	0.00001	0
99	R	0.00000	0.99999	0.00001	0
100	V	0.00000	0.99999	0.00001	0
101	P	0.00000	0.99999	0.00001	0
102	S	0.00000	0.99999	0.00001	0
103	E	0.00000	0.99999	0.00001	0
104	L	0.00000	0.99974	0.00026	0
105	V	0.00000	0.99969	0.00031	0
106	W	0.00000	0.99965	0.00035	0
107	L	0.00000	0.99964	0.00036	0
108	P	0.00000	0.99963	0.00037	0
109	E	0.00000	0.99963	0.00037	0
110	I	0.00000	0.99962	0.00038	0
111	V	0.00000	0.99962	0.00038	0
112	L	0.00000	0.99962	0.00038	0
113	E	0.00000	0.99962	0.00038	0
114	N	0.00000	0.99962	0.00038	0
115	N	0.00000	0.99962	0.00038	0
116	I	0.00000	0.99962	0.00038	0
117	D	0.00000	0.99962	0.00038	0
118	G	0.00000	0.99962	0.00038	0
119	Q	0.00000	0.99962	0.00038	0
120	F	0.00000	0.99895	0.00105	0
121	G	0.00000	0.99895	0.00105	0
122	V	0.00000	0.99894	0.00106	0
123	A	0.00000	0.99894	0.00106	0
124	Y	0.00000	0.99894	0.00106	0
125	D	0.00003	0.99894	0.00102	0
126	A	0.00003	0.99885	0.00112	0
127	N	0.00008	0.99583	0.00408	0
128	V	0.00010	0.98462	0.01528	0
129	L	0.00019	0.9839	0.01591	0
130	V	0.00020	0.98385	0.01595	0
131	Y	0.00025	0.98385	0.01591	0
132	E	0.00036	0.98385	0.01579	0
133	G	0.00038	0.98385	0.01578	0
134	G	0.00038	0.98361	0.01601	0
135	S	0.00038	0.98342	0.01620	0
136	V	0.00038	0.98207	0.01756	0
137	T	0.00038	0.98125	0.01837	0
138	W	0.00038	0.98106	0.01856	0
139	L	0.00038	0.98105	0.01858	0
140	P	0.00047	0.981	0.01853	0
141	P	0.00054	0.98098	0.01849	0
142	A	0.00021	0.98097	0.01882	0
143	I	0.00028	0.98097	0.01875	0
144	Y	0.00032	0.98097	0.01871	0
145	R	0.00052	0.98097	0.01851	0
146	S	0.00056	0.98097	0.01846	0
147	V	0.00066	0.98097	0.01836	0
148	C	0.00319	0.98097	0.01584	0
149	A	0.01482	0.98097	0.00421	0
150	V	0.01551	0.98097	0.00351	0
151	E	0.01564	0.98097	0.00339	0
152	V	0.01566	0.98097	0.00337	0
153	T	0.01571	0.98097	0.00332	0
154	Y	0.01573	0.98097	0.00330	0
155	F	0.01587	0.98097	0.00316	0
156	P	0.01691	0.98097	0.00212	0
157	F	0.01587	0.98097	0.00315	0
158	D	0.01703	0.98098	0.00199	0
159	W	0.01662	0.98098	0.00240	0
160	Q	0.01565	0.98104	0.00330	0
161	N	0.00688	0.98135	0.01176	0
162	C	0.00182	0.98135	0.01683	0
163	S	0.00158	0.98133	0.01709	0
164	L	0.00137	0.98132	0.01731	0
165	I	0.00134	0.98132	0.01734	0
166	F	0.00134	0.98132	0.01734	0
167	R	0.00134	0.98132	0.01734	0
168	S	0.00102	0.98132	0.01765	0
169	Q	0.00082	0.98134	0.01784	0
170	T	0.00048	0.98137	0.01815	0
171	Y	0.00002	0.98138	0.01859	0
172	N	0.00000	0.98139	0.01861	0
173	A	0.00000	0.98139	0.01861	0
174	E	0.00000	0.9814	0.01860	0
175	E	0.00000	0.9814	0.01860	0
176	V	0.00000	0.9814	0.01860	0
177	E	0.00000	0.98144	0.01856	0
178	F	0.00000	0.98145	0.01855	0
179	T	0.00000	0.9816	0.01840	0
180	F	0.00000	0.98174	0.01826	0
181	A	0.00000	0.98311	0.01689	0
182	V	0.00000	0.9855	0.01450	0
183	D	0.00003	0.99787	0.00210	0
184	N	0.00003	0.99852	0.00144	0
185	D	0.00003	0.9986	0.00136	0
186	G	0.00003	0.99861	0.00136	0
187	K	0.00003	0.99861	0.00135	0
188	T	0.00003	0.99862	0.00135	0
189	I	0.00003	0.99865	0.00133	0
190	N	0.00003	0.99921	0.00077	0
191	K	0.00002	0.99981	0.00016	0
192	I	0.00001	0.99993	0.00007	0
193	D	0.00000	0.99995	0.00004	0
194	I	0.00000	0.99995	0.00004	0
195	D	0.00000	0.99996	0.00004	0
196	T	0.00000	0.99996	0.00004	0
197	E	0.00000	0.99996	0.00004	0
198	A	0.00000	0.99996	0.00004	0
199	Y	0.00000	0.99996	0.00004	0
200	T	0.00000	0.99996	0.00004	0
201	E	0.00000	0.99996	0.00004	0
202	N	0.00000	0.99996	0.00004	0
203	G	0.00000	0.99996	0.00004	0
204	E	0.00000	0.99996	0.00004	0
205	W	0.00000	0.99996	0.00004	0
206	A	0.00000	0.99996	0.00004	0
207	I	0.00000	0.99996	0.00004	0
208	D	0.00000	0.99996	0.00004	0
209	F	0.00000	0.99996	0.00004	0
210	C	0.00000	0.99997	0.00003	0
211	P	0.00000	0.99997	0.00003	0
212	G	0.00000	0.99396	0.00604	0
213	V	0.00000	0.98371	0.01629	0
214	I	0.00000	0.98189	0.01811	0
215	R	0.00000	0.98187	0.01813	0
216	R	0.00000	0.98189	0.01811	0
217	H	0.00000	0.98189	0.01811	0
218	H	0.00000	0.98189	0.01810	0
219	G	0.00001	0.98189	0.01810	0
220	G	0.00001	0.98189	0.01810	0
221	A	0.00001	0.98189	0.01810	0
222	T	0.00001	0.98189	0.01810	0
223	D	0.00001	0.98189	0.01810	0
224	G	0.00001	0.98189	0.01810	0
225	P	0.00001	0.98189	0.01810	0
226	G	0.00001	0.98189	0.01810	0
227	E	0.00001	0.98189	0.01810	0
228	T	0.00001	0.98189	0.01810	0
229	D	0.00001	0.98189	0.01810	0
230	V	0.00001	0.98189	0.01810	0
231	I	0.00020	0.98189	0.01791	0
232	Y	0.01191	0.98189	0.00620	0
233	S	0.01528	0.98189	0.00282	0
234	L	0.01810	0.98125	0.00065	0
235	I	0.01811	0.98111	0.00079	0
236	I	0.01811	0.98108	0.00081	0
237	R	0.01811	0.98108	0.00081	0
238	R	0.01811	0.98108	0.00081	0
239	K	0.01811	0.97961	0.00228	0
240	P	0.01811	0.87813	0.10377	0
241	L	0.01810	0.06224	0.91965	0
242	F	0.01806	0.02542	0.95652	0
243	Y	0.01528	0.00831	0.97641	0
244	V	0.00766	0.00162	0.99072	0
245	I	0.00273	0.00037	0.99690	0
246	N	0.00258	0.00015	0.99727	0
247	I	0.00078	0	0.99922	0
248	I	0.00014	0	0.99986	0
249	V	0.00008	0	0.99992	0
250	P	0.00007	0	0.99993	0
251	C	0.00000	0	1.00000	0
252	V	0.00000	0	1.00000	0
253	L	0.00000	0	1.00000	0
254	I	0.00000	0	1.00000	0
255	S	0.00000	0	1.00000	0
256	G	0.00006	0	0.99994	0
257	L	0.00042	0	0.99958	0
258	V	0.00077	0	0.99923	0
259	L	0.00081	0	0.99919	0
260	L	0.00086	0	0.99914	0
261	A	0.00102	0	0.99898	0
262	Y	0.00412	0	0.99588	0
263	F	0.02473	4e-05	0.97524	0
264	L	0.21398	0.00085	0.78517	0
265	P	0.93106	0.00867	0.06027	0
266	A	0.95487	0.01173	0.03340	0
267	Q	0.98188	0.01669	0.00143	0
268	A	0.98189	0.01698	0.00113	0
269	G	0.98188	0.01778	0.00034	0
270	G	0.98184	0.01797	0.00019	0
271	Q	0.98151	0.01809	0.00040	0
272	K	0.98084	0.01811	0.00106	0
273	C	0.93252	0.01811	0.04937	0
274	T	0.81043	0.01811	0.17146	0
275	V	0.45168	0.01811	0.53022	0
276	S	0.27332	0.01811	0.70858	0
277	I	0.00021	0.01811	0.98169	0
278	N	0.00001	0.01811	0.98188	0
279	V	0.00000	0.01811	0.98189	0
280	L	0.00000	0.01811	0.98189	0
281	L	0.00000	0.01811	0.98189	0
282	A	0.00000	0.01811	0.98189	0
283	Q	0.00000	0.01811	0.98189	0
284	T	0.00000	0.01811	0.98189	0
285	V	0.00000	0.01811	0.98189	0
286	F	0.00000	0.01811	0.98189	0
287	L	0.00000	0.01811	0.98189	0
288	F	0.00000	0.01811	0.98189	0
289	L	0.00000	0.01811	0.98189	0
290	I	0.00000	0.01813	0.98187	0
291	A	0.00000	0.01929	0.98071	0
292	Q	0.00000	0.03127	0.96873	0
293	K	0.00000	0.07083	0.92917	0
294	I	0.00000	0.09663	0.90337	0
295	P	0.00000	0.40853	0.59147	0
296	E	0.00000	0.94697	0.05303	0
297	T	0.00000	0.99965	0.00035	0
298	S	0.00000	0.99996	0.00004	0
299	L	0.00000	0.99995	0.00005	0
300	S	0.00000	0.99979	0.00021	0
301	V	0.00000	0.98448	0.01552	0
302	P	0.00000	0.98427	0.01573	0
303	L	0.00000	0.97671	0.02329	0
304	L	0.00000	0.96986	0.03014	0
305	G	0.00000	0.94252	0.05748	0
306	R	0.00000	0.69513	0.30487	0
307	F	0.00000	0.04027	0.95973	0
308	L	0.00000	0.00889	0.99111	0
309	I	0.00000	0.00224	0.99776	0
310	F	0.00000	0.00013	0.99987	0
311	V	0.00000	1e-05	0.99999	0
312	M	0.00000	0	1.00000	0
313	V	0.00000	0	1.00000	0
314	V	0.00000	0	1.00000	0
315	A	0.00000	0	1.00000	0
316	T	0.00000	0	1.00000	0
317	L	0.00000	0	1.00000	0
318	I	0.00000	0	1.00000	0
319	V	0.00000	0	1.00000	0
320	M	0.00000	0	1.00000	0
321	N	0.00000	0	1.00000	0
322	C	0.00000	0	1.00000	0
323	V	0.00003	0	0.99997	0
324	I	0.00026	0	0.99974	0
325	V	0.00142	0	0.99858	0
326	L	0.01279	0	0.98721	0
327	N	0.19683	0	0.80317	0
328	V	0.91211	0	0.08789	0
329	S	0.96887	0	0.03113	0
330	Q	0.98378	0	0.01622	0
331	R	0.99368	0	0.00632	0
332	T	0.99718	0	0.00282	0
333	P	1.00000	0	0.00000	0
334	T	1.00000	0	0.00000	0
335	T	1.00000	0	0.00000	0
336	H	1.00000	0	0.00000	0
337	A	1.00000	0	0.00000	0
338	M	1.00000	0	0.00000	0
339	S	1.00000	0	0.00000	0
340	P	0.99998	0	0.00002	0
341	R	0.99943	0	0.00057	0
342	L	0.97653	0	0.02347	0
343	R	0.96865	0	0.03135	0
344	H	0.78259	0	0.21741	0
345	V	0.14593	0	0.85407	0
346	L	0.02409	0	0.97591	0
347	L	0.02377	0	0.97623	0
348	E	0.02115	0	0.97885	0
349	L	0.01909	0	0.98091	0
350	L	0.01906	0	0.98094	0
351	P	0.01906	0	0.98094	0
352	R	0.01906	0	0.98094	0
353	L	0.01906	0	0.98094	0
354	L	0.01906	0	0.98094	0
355	G	0.01906	0	0.98094	0
356	S	0.01906	0	0.98094	0
357	P	0.01906	0	0.98094	0
358	P	0.01906	0	0.98094	0
359	P	0.01906	0	0.98094	0
360	P	0.01906	4e-05	0.98089	0
361	E	0.01906	0.00154	0.97940	0
362	A	0.01906	0.00232	0.97862	0
363	P	0.01906	0.0196	0.96134	0
364	R	0.01906	0.07549	0.90545	0
365	A	0.01906	0.10082	0.88012	0
366	A	0.01906	0.37623	0.60471	0
367	S	0.01906	0.86192	0.11902	0
368	P	0.01906	0.95463	0.02631	0
369	P	0.01906	0.98078	0.00016	0
370	R	0.01906	0.98093	0.00000	0
371	R	0.01906	0.98094	0.00000	0
372	A	0.01906	0.98094	0.00000	0
373	S	0.01906	0.98094	0.00000	0
374	S	0.01906	0.98094	0.00000	0
375	V	0.01906	0.98094	0.00000	0
376	G	0.01906	0.98094	0.00000	0
377	L	0.01906	0.98093	0.00000	0
378	L	0.01906	0.98093	0.00000	0
379	L	0.01906	0.98093	0.00000	0
380	R	0.01906	0.98093	0.00000	0
381	A	0.01906	0.98093	0.00000	0
382	E	0.01906	0.98093	0.00000	0
383	E	0.01906	0.98093	0.00000	0
384	L	0.01906	0.98093	0.00000	0
385	I	0.01906	0.98093	0.00000	0
386	L	0.01906	0.98093	0.00000	0
387	K	0.01906	0.98093	0.00000	0
388	K	0.01906	0.98093	0.00000	0
389	P	0.01906	0.98093	0.00000	0
390	R	0.01906	0.98093	0.00000	0
391	S	0.01906	0.98093	0.00000	0
392	E	0.01906	0.98093	0.00000	0
393	L	0.01906	0.98093	0.00000	0
394	V	0.01906	0.98093	0.00000	0
395	F	0.01906	0.98093	0.00000	0
396	E	0.01906	0.98093	0.00001	0
397	G	0.01792	0.98092	0.00117	0
398	Q	0.01780	0.98047	0.00173	0
399	R	0.01775	0.98014	0.00211	0
400	H	0.01774	0.97255	0.00971	0
401	R	0.01711	0.95411	0.02878	0
402	Q	0.01692	0.8119	0.17118	0
403	G	0.01606	0.44097	0.54297	0
404	T	0.01586	0.3492	0.63494	0
405	W	0.01356	0.19562	0.79083	0
406	T	0.00235	0.1731	0.82455	0
407	A	0.00049	0.00882	0.99069	0
408	A	0.00049	0.0079	0.99162	0
409	F	0.00003	0.00024	0.99973	0
410	C	0.00003	0.00022	0.99975	0
411	Q	0.00003	0.00018	0.99979	0
412	S	0.00001	0.00016	0.99983	0
413	L	0.00001	2e-05	0.99998	0
414	G	0.00001	0	0.99999	0
415	A	0.00001	0	0.99999	0
416	A	0.00001	0	0.99999	0
417	A	0.00001	3e-05	0.99996	0
418	P	0.00001	0.00061	0.99938	0
419	E	0.00001	0.00111	0.99888	0
420	V	0.00002	0.00119	0.99879	0
421	R	0.00003	0.00194	0.99802	0
422	C	0.00004	0.00215	0.99781	0
423	C	0.00010	0.00227	0.99763	0
424	V	0.02625	0.00239	0.97136	0
425	D	0.60920	0.0031	0.38770	0
426	A	0.65028	0.00311	0.34661	0
427	V	0.65212	0.00311	0.34478	0
428	N	0.67336	0.00318	0.32346	0
429	F	0.67891	0.00331	0.31778	0
430	V	0.72793	0.00413	0.26793	0
431	A	0.88305	0.01051	0.10644	0
432	E	0.97929	0.01877	0.00193	0
433	S	0.98061	0.01898	0.00041	0
434	T	0.98081	0.01904	0.00015	0
435	R	0.98093	0.01906	0.00001	0
436	D	0.98094	0.01906	0.00000	0
437	Q	0.98094	0.01906	0.00000	0
438	E	0.98094	0.01906	0.00000	0
439	A	0.98094	0.01906	0.00000	0
440	T	0.98094	0.01906	0.00000	0
441	G	0.98094	0.01906	0.00000	0
442	E	0.98094	0.01906	0.00000	0
443	E	0.98094	0.01906	0.00000	0
444	V	0.98093	0.01906	0.00001	0
445	S	0.98092	0.01906	0.00002	0
446	D	0.98078	0.01904	0.00018	0
447	W	0.55906	0.019	0.42194	0
448	V	0.38744	0.01899	0.59357	0
449	R	0.38683	0.01899	0.59417	0
450	M	0.00001	0.01899	0.98100	0
451	G	0.00001	0.01899	0.98100	0
452	N	0.00001	0.01898	0.98102	0
453	A	0.00001	0.01892	0.98108	0
454	L	0.00001	0.0189	0.98109	0
455	D	0.00001	0.0189	0.98110	0
456	N	0.00001	0.01044	0.98956	0
457	I	0.00001	0.00295	0.99705	0
458	C	0.00001	0.00219	0.99780	0
459	F	0.00001	0.00048	0.99952	0
460	W	0.00001	5e-05	0.99994	0
461	A	0.00001	0	0.99999	0
462	A	0.00001	0	0.99999	0
463	L	0.00001	0	0.99999	0
464	V	0.00001	0	0.99999	0
465	L	0.00001	1e-05	0.99999	0
466	F	0.00001	0.00213	0.99786	0
467	S	0.00002	0.07736	0.92262	0
468	V	0.00005	0.17364	0.82631	0
469	G	0.00006	0.7626	0.23733	0
470	S	0.00007	0.96278	0.03715	0
471	S	0.00007	0.44174	0.55819	0
472	L	0.00007	0.01981	0.98012	0
473	I	0.00007	0.0004	0.99953	0
474	F	0.00007	0	0.99992	0
475	L	0.00007	0	0.99993	0
476	G	0.00037	0	0.99963	0
477	A	0.00857	0	0.99143	0
478	Y	0.01298	0	0.98702	0
479	F	0.01496	0	0.98504	0
480	N	0.01829	0	0.98171	0
481	R	0.01907	0	0.98093	0
482	V	0.01907	0	0.98093	0
483	P	0.01907	0	0.98093	0
484	D	0.01907	0	0.98093	0
485	L	0.01907	0	0.98093	0
486	P	0.01907	0	0.98093	0
487	Y	0.01907	0	0.98093	0
488	A	0.01907	0	0.98093	0
489	P	0.01910	0	0.98090	0
490	C	0.02314	0	0.97686	0
491	I	0.05089	0	0.94911	0
492	Q	0.97787	0	0.02213	0
493	P	1.00000	0	0.00000	0
