# UNNAMED
#pos	aa	i	o	M	S
1	M	0.00000	0.99998	0.00000	2e-05
2	E	0.00000	0.99998	0.00000	2e-05
3	P	0.00000	0.99998	0.00000	2e-05
4	E	0.00000	0.99998	0.00000	2e-05
5	K	0.00000	0.99998	0.00000	1e-05
6	Q	0.00000	0.99998	0.00000	2e-05
7	T	0.00000	0.99998	0.00000	2e-05
8	E	0.00000	0.99998	0.00000	2e-05
9	I	0.00000	0.99998	0.00000	2e-05
10	S	0.00000	0.99998	0.00000	2e-05
11	E	0.00000	0.99998	0.00000	2e-05
12	F	0.00000	0.99998	0.00000	2e-05
13	F	0.00000	0.99998	0.00000	2e-05
14	L	0.00000	0.99998	0.00000	2e-05
15	Q	0.00000	0.99998	0.00000	2e-05
16	G	0.00000	0.99998	0.00000	2e-05
17	L	0.00000	0.99998	0.00000	2e-05
18	S	0.00000	0.99998	0.00000	2e-05
19	E	0.00000	0.99999	0.00000	1e-05
20	K	0.00000	1	0.00000	0
21	P	0.00000	0.99999	0.00001	0
22	E	0.00000	0.99993	0.00007	0
23	H	0.00000	0.99777	0.00223	0
24	Q	0.00000	0.98816	0.01184	0
25	T	0.00000	0.84633	0.15367	0
26	L	0.00000	0.74558	0.25442	0
27	L	0.00000	0.60538	0.39462	0
28	F	0.00000	0.54102	0.45898	0
29	T	0.00000	0.53466	0.46534	0
30	M	0.00000	0.52815	0.47185	0
31	F	0.00000	0.0274	0.97260	0
32	L	0.00000	0.0029	0.99710	0
33	S	0.00000	0.00075	0.99925	0
34	T	0.00000	6e-05	0.99994	0
35	Y	0.00000	1e-05	0.99999	0
36	L	0.00000	0	1.00000	0
37	V	0.00000	0	1.00000	0
38	T	0.00000	0	1.00000	0
39	I	0.00000	0	1.00000	0
40	I	0.00000	0	1.00000	0
41	G	0.00000	0	1.00000	0
42	N	0.00000	0	1.00000	0
43	A	0.00000	0	1.00000	0
44	L	0.00000	0	1.00000	0
45	I	0.00000	0	1.00000	0
46	I	0.00000	0	1.00000	0
47	L	0.00007	0	0.99993	0
48	A	0.00269	0	0.99731	0
49	I	0.01031	0	0.98969	0
50	I	0.10305	0	0.89695	0
51	T	0.86327	0	0.13673	0
52	D	0.99793	0	0.00207	0
53	S	0.99964	0	0.00036	0
54	H	0.99990	0	0.00010	0
55	L	0.99995	0	0.00005	0
56	H	0.99999	0	0.00001	0
57	T	1.00000	0	0.00000	0
58	P	1.00000	0	0.00000	0
59	M	0.83081	0	0.16919	0
60	Y	0.63637	0	0.36363	0
61	F	0.09121	0	0.90879	0
62	F	0.00151	0	0.99849	0
63	L	0.00010	0	0.99990	0
64	F	0.00000	0	1.00000	0
65	N	0.00000	0	1.00000	0
66	L	0.00000	0	1.00000	0
67	S	0.00000	0	1.00000	0
68	L	0.00000	0	1.00000	0
69	V	0.00000	0	1.00000	0
70	D	0.00000	0	1.00000	0
71	T	0.00000	0	1.00000	0
72	L	0.00000	0	1.00000	0
73	L	0.00000	0	1.00000	0
74	S	0.00000	0	1.00000	0
75	S	0.00000	0	1.00000	0
76	T	0.00000	0	1.00000	0
77	T	0.00000	2e-05	0.99998	0
78	V	0.00000	0.00016	0.99984	0
79	P	0.00000	0.00228	0.99772	0
80	K	0.00000	0.03748	0.96252	0
81	M	0.00000	0.09546	0.90454	0
82	L	0.00000	0.36479	0.63521	0
83	A	0.00000	0.82962	0.17038	0
84	N	0.00000	1	0.00000	0
85	I	0.00000	1	0.00000	0
86	Q	0.00000	1	0.00000	0
87	A	0.00000	1	0.00000	0
88	Q	0.00000	1	0.00000	0
89	S	0.00000	1	0.00000	0
90	R	0.00000	0.99932	0.00068	0
91	A	0.00000	0.98218	0.01782	0
92	I	0.00000	0.82949	0.17051	0
93	P	0.00000	0.81074	0.18926	0
94	F	0.00000	0.08465	0.91535	0
95	V	0.00000	0.04059	0.95941	0
96	G	0.00000	0.01002	0.98998	0
97	C	0.00000	0.00727	0.99273	0
98	L	0.00000	0.00575	0.99425	0
99	T	0.00000	0.00572	0.99428	0
100	Q	0.00000	0.00556	0.99444	0
101	M	0.00000	0.00099	0.99901	0
102	Y	0.00000	0.00041	0.99959	0
103	A	0.00000	7e-05	0.99993	0
104	F	0.00000	0	1.00000	0
105	H	0.00000	0	1.00000	0
106	L	0.00000	0	1.00000	0
107	F	0.00000	0	1.00000	0
108	G	0.00000	0	1.00000	0
109	T	0.00000	0	1.00000	0
110	M	0.00000	0	1.00000	0
111	D	0.00000	0	1.00000	0
112	S	0.00000	0	1.00000	0
113	F	0.00002	0	0.99998	0
114	L	0.00088	0	0.99912	0
115	L	0.02078	0	0.97922	0
116	A	0.99403	0	0.00597	0
117	V	0.99406	0	0.00594	0
118	M	0.99412	0	0.00588	0
119	A	0.99413	0	0.00587	0
120	I	0.99415	0	0.00585	0
121	D	0.99418	0	0.00582	0
122	R	0.99602	0	0.00398	0
123	F	0.99691	0	0.00309	0
124	V	0.99981	0	0.00019	0
125	A	0.99999	0	0.00001	0
126	I	1.00000	0	0.00000	0
127	V	1.00000	0	0.00000	0
128	H	1.00000	0	0.00000	0
129	P	1.00000	0	0.00000	0
130	Q	0.99979	0	0.00021	0
131	R	0.98620	0	0.01380	0
132	Y	0.35334	0	0.64666	0
133	L	0.02388	0	0.97612	0
134	V	0.00376	0	0.99624	0
135	L	0.00343	0	0.99657	0
136	M	0.00311	0	0.99689	0
137	C	0.00238	0	0.99762	0
138	S	0.00238	0	0.99762	0
139	P	0.00232	0	0.99768	0
140	V	0.00077	0	0.99923	0
141	C	0.00016	0	0.99984	0
142	G	0.00016	0	0.99984	0
143	L	0.00002	0	0.99998	0
144	L	0.00001	0	0.99999	0
145	L	0.00001	0	0.99999	0
146	G	0.00001	0	0.99999	0
147	A	0.00000	0	1.00000	0
148	S	0.00000	0	1.00000	0
149	W	0.00000	0	1.00000	0
150	M	0.00000	1e-05	0.99999	0
151	I	0.00000	0.00257	0.99743	0
152	T	0.00000	0.2425	0.75750	0
153	N	0.00000	0.56022	0.43978	0
154	L	0.00000	0.64753	0.35247	0
155	Q	0.00000	0.97266	0.02734	0
156	S	0.00000	0.98882	0.01118	0
157	L	0.00000	0.99171	0.00829	0
158	I	0.00000	0.99508	0.00492	0
159	H	0.00000	0.99757	0.00243	0
160	T	0.00000	0.99831	0.00169	0
161	C	0.00000	0.99876	0.00124	0
162	L	0.00000	0.99885	0.00115	0
163	M	0.00000	0.99911	0.00089	0
164	A	0.00000	0.99989	0.00011	0
165	Q	0.00000	0.99995	0.00005	0
166	L	0.00000	0.99995	0.00005	0
167	T	0.00000	0.99999	0.00001	0
168	F	0.00000	0.99999	0.00001	0
169	C	0.00000	1	0.00000	0
170	A	0.00000	1	0.00000	0
171	G	0.00000	1	0.00000	0
172	S	0.00000	1	0.00000	0
173	E	0.00000	1	0.00000	0
174	I	0.00000	1	0.00000	0
175	S	0.00000	1	0.00000	0
176	H	0.00000	1	0.00000	0
177	F	0.00000	1	0.00000	0
178	F	0.00000	1	0.00000	0
179	C	0.00000	1	0.00000	0
180	D	0.00000	1	0.00000	0
181	L	0.00000	1	0.00000	0
182	M	0.00000	1	0.00000	0
183	P	0.00000	1	0.00000	0
184	L	0.00000	1	0.00000	0
185	L	0.00000	1	0.00000	0
186	K	0.00000	1	0.00000	0
187	L	0.00000	1	0.00000	0
188	S	0.00000	1	0.00000	0
189	G	0.00000	1	0.00000	0
190	S	0.00000	1	0.00000	0
191	D	0.00000	1	0.00000	0
192	T	0.00000	1	0.00000	0
193	H	0.00000	0.99995	0.00005	0
194	T	0.00000	0.99991	0.00009	0
195	N	0.00000	0.99977	0.00023	0
196	E	0.00000	0.99533	0.00467	0
197	L	0.00000	0.8809	0.11910	0
198	V	0.00000	0.01161	0.98839	0
199	I	0.00000	0.0056	0.99440	0
200	F	0.00000	0.00081	0.99919	0
201	A	0.00000	0.00037	0.99963	0
202	F	0.00000	0	1.00000	0
203	G	0.00000	0	1.00000	0
204	I	0.00000	0	1.00000	0
205	V	0.00000	0	1.00000	0
206	V	0.00000	0	1.00000	0
207	G	0.00000	0	1.00000	0
208	T	0.00000	0	1.00000	0
209	S	0.00000	0	1.00000	0
210	P	0.00000	0	1.00000	0
211	F	0.00000	0	1.00000	0
212	S	0.00000	0	1.00000	0
213	C	0.00000	0	1.00000	0
214	I	0.00000	0	1.00000	0
215	L	0.00000	0	1.00000	0
216	L	0.00000	0	1.00000	0
217	S	0.00002	0	0.99998	0
218	Y	0.00006	0	0.99994	0
219	I	0.00220	0	0.99780	0
220	R	0.03821	0	0.96179	0
221	I	0.04241	0	0.95759	0
222	F	0.06772	0	0.93228	0
223	W	0.47865	0	0.52135	0
224	T	0.95976	0	0.04024	0
225	V	0.99898	0	0.00102	0
226	F	0.99947	0	0.00053	0
227	K	1.00000	0	0.00000	0
228	I	1.00000	0	0.00000	0
229	P	1.00000	0	0.00000	0
230	S	1.00000	0	0.00000	0
231	T	1.00000	0	0.00000	0
232	R	0.99986	0	0.00014	0
233	G	0.99928	0	0.00072	0
234	K	0.89373	0	0.10627	0
235	W	0.74204	0	0.25796	0
236	K	0.59425	0	0.40575	0
237	A	0.16815	0	0.83185	0
238	F	0.16752	0	0.83248	0
239	S	0.00874	0	0.99126	0
240	T	0.00863	0	0.99137	0
241	C	0.00304	0	0.99696	0
242	G	0.00174	0	0.99826	0
243	L	0.00074	0	0.99926	0
244	H	0.00058	0	0.99942	0
245	L	0.00056	0	0.99944	0
246	T	0.00013	0	0.99987	0
247	V	0.00000	0	1.00000	0
248	V	0.00000	0	1.00000	0
249	S	0.00000	0	1.00000	0
250	L	0.00000	0	1.00000	0
251	S	0.00000	0	1.00000	0
252	Y	0.00000	0	1.00000	0
253	G	0.00000	0	1.00000	0
254	T	0.00000	2e-05	0.99998	0
255	I	0.00000	9e-05	0.99991	0
256	F	0.00000	0.00076	0.99924	0
257	A	0.00000	0.01018	0.98982	0
258	V	0.00000	0.02142	0.97858	0
259	Y	0.00000	0.10836	0.89164	0
260	L	0.00000	0.23321	0.76679	0
261	Q	0.00000	0.88385	0.11615	0
262	P	0.00000	0.97371	0.02629	0
263	T	0.00000	0.98961	0.01039	0
264	S	0.00000	0.99812	0.00188	0
265	P	0.00000	0.99912	0.00088	0
266	S	0.00000	0.99945	0.00055	0
267	S	0.00000	0.99958	0.00042	0
268	S	0.00000	0.99978	0.00022	0
269	Q	0.00000	0.99967	0.00033	0
270	K	0.00000	0.99872	0.00128	0
271	D	0.00000	0.99394	0.00606	0
272	K	0.00000	0.86635	0.13365	0
273	A	0.00000	0.01514	0.98486	0
274	A	0.00000	2e-05	0.99998	0
275	A	0.00000	0	1.00000	0
276	L	0.00000	0	1.00000	0
277	M	0.00000	0	1.00000	0
278	C	0.00000	0	1.00000	0
279	G	0.00000	0	1.00000	0
280	V	0.00000	0	1.00000	0
281	F	0.00000	0	1.00000	0
282	I	0.00000	0	1.00000	0
283	P	0.00000	0	1.00000	0
284	M	0.00000	0	1.00000	0
285	L	0.00000	0	1.00000	0
286	N	0.00000	0	1.00000	0
287	P	0.00000	0	1.00000	0
288	F	0.00000	0	1.00000	0
289	I	0.00000	0	1.00000	0
290	Y	0.00002	0	0.99998	0
291	S	0.00052	0	0.99948	0
292	I	0.00649	0	0.99351	0
293	R	1.00000	0	0.00000	0
294	N	1.00000	0	0.00000	0
295	K	1.00000	0	0.00000	0
296	D	1.00000	0	0.00000	0
297	M	1.00000	0	0.00000	0
298	K	1.00000	0	0.00000	0
299	A	1.00000	0	0.00000	0
300	A	1.00000	0	0.00000	0
301	L	1.00000	0	0.00000	0
302	G	1.00000	0	0.00000	0
303	K	1.00000	0	0.00000	0
304	L	1.00000	0	0.00000	0
305	I	1.00000	0	0.00000	0
306	G	1.00000	0	0.00000	0
307	K	1.00000	0	0.00000	0
308	V	1.00000	0	0.00000	0
309	A	1.00000	0	0.00000	0
310	V	1.00000	0	0.00000	0
311	P	1.00000	0	0.00000	0
312	C	1.00000	0	0.00000	0
313	P	1.00000	0	0.00000	0
314	R	1.00000	0	0.00000	0
315	P	1.00000	0	0.00000	0
316	E	1.00000	0	0.00000	0
317	Q	1.00000	0	0.00000	0
318	L	1.00000	0	0.00000	0
319	L	1.00000	0	0.00000	0
320	D	1.00000	0	0.00000	0
321	V	1.00000	0	0.00000	0
322	Y	1.00000	0	0.00000	0
323	H	1.00000	0	0.00000	0
324	V	1.00000	0	0.00000	0
325	P	1.00000	0	0.00000	0
326	G	1.00000	0	0.00000	0
327	S	1.00000	0	0.00000	0
328	L	1.00000	0	0.00000	0
329	L	1.00000	0	0.00000	0
330	A	1.00000	0	0.00000	0
331	A	1.00000	0	0.00000	0
332	R	1.00000	0	0.00000	0
333	D	1.00000	0	0.00000	0
334	T	1.00000	0	0.00000	0
335	E	1.00000	0	0.00000	0
336	M	1.00000	0	0.00000	0
337	H	1.00000	0	0.00000	0
338	P	1.00000	0	0.00000	0
339	I	1.00000	0	0.00000	0
340	P	1.00000	0	0.00000	0
341	Y	1.00000	0	0.00000	0
342	P	1.00000	0	0.00000	0
343	G	1.00000	0	0.00000	0
344	G	1.00000	0	0.00000	0
345	V	1.00000	0	0.00000	0
346	Q	1.00000	0	0.00000	0
347	S	1.00000	0	0.00000	0
348	L	1.00000	0	0.00000	0
349	A	1.00000	0	0.00000	0
350	G	1.00000	0	0.00000	0
351	N	1.00000	0	0.00000	0
352	R	1.00000	0	0.00000	0
353	D	1.00000	0	0.00000	0
354	M	1.00000	0	0.00000	0
355	E	1.00000	0	0.00000	0
