# UNNAMED
#pos	aa	i	o	M	S
1	M	0.00000	0.99991	0.00000	9e-05
2	V	0.00000	0.99991	0.00000	9e-05
3	N	0.00000	0.99991	0.00000	9e-05
4	S	0.00000	0.99991	0.00000	9e-05
5	T	0.00000	0.99991	0.00000	9e-05
6	H	0.00000	0.99991	0.00000	9e-05
7	R	0.00000	0.99991	0.00000	9e-05
8	G	0.00000	0.99991	0.00000	8e-05
9	M	0.00000	0.99991	0.00000	8e-05
10	H	0.00000	0.99991	0.00000	9e-05
11	T	0.00000	0.99991	0.00000	9e-05
12	S	0.00000	0.99991	0.00000	8e-05
13	L	0.00000	0.99991	0.00000	9e-05
14	H	0.00000	0.99991	0.00000	9e-05
15	L	0.00000	0.99991	0.00000	9e-05
16	W	0.00000	0.99991	0.00000	9e-05
17	N	0.00000	0.99991	0.00000	9e-05
18	R	0.00000	0.99991	0.00000	9e-05
19	S	0.00000	0.99991	0.00000	8e-05
20	S	0.00000	0.99991	0.00000	9e-05
21	Y	0.00000	0.99991	0.00000	9e-05
22	R	0.00000	0.99991	0.00000	9e-05
23	L	0.00000	0.99991	0.00000	9e-05
24	H	0.00000	0.99991	0.00000	9e-05
25	S	0.00000	0.99991	0.00000	9e-05
26	N	0.00000	1	0.00000	0
27	A	0.00000	1	0.00000	0
28	S	0.00000	1	0.00000	0
29	E	0.00000	1	0.00000	0
30	S	0.00000	1	0.00000	0
31	L	0.00000	1	0.00000	0
32	G	0.00000	1	0.00000	0
33	K	0.00000	1	0.00000	0
34	G	0.00000	1	0.00000	0
35	Y	0.00000	1	0.00000	0
36	S	0.00000	1	0.00000	0
37	D	0.00000	1	0.00000	0
38	G	0.00000	1	0.00000	0
39	G	0.00000	1	0.00000	0
40	C	0.00000	0.99999	0.00001	0
41	Y	0.00000	0.99982	0.00018	0
42	E	0.00000	0.99972	0.00028	0
43	Q	0.00000	0.99765	0.00235	0
44	L	0.00000	0.92973	0.07027	0
45	F	0.00000	0.91485	0.08515	0
46	V	0.00000	0.90906	0.09094	0
47	S	0.00000	0.90492	0.09508	0
48	P	0.00000	0.88942	0.11058	0
49	E	0.00000	0.82107	0.17893	0
50	V	0.00000	0.04809	0.95191	0
51	F	0.00000	0.00293	0.99707	0
52	V	0.00000	0.00016	0.99984	0
53	T	0.00000	0	1.00000	0
54	L	0.00000	0	1.00000	0
55	G	0.00000	0	1.00000	0
56	V	0.00000	0	1.00000	0
57	I	0.00000	0	1.00000	0
58	S	0.00000	0	1.00000	0
59	L	0.00000	0	1.00000	0
60	L	0.00000	0	1.00000	0
61	E	0.00000	0	1.00000	0
62	N	0.00000	0	1.00000	0
63	I	0.00000	0	1.00000	0
64	L	0.00000	0	1.00000	0
65	V	0.00000	0	1.00000	0
66	I	0.00000	0	1.00000	0
67	V	0.00038	0	0.99962	0
68	A	0.00897	0	0.99103	0
69	I	0.02424	0	0.97576	0
70	A	0.34972	0	0.65028	0
71	K	0.98744	0	0.01256	0
72	N	0.99944	0	0.00056	0
73	K	0.99999	0	0.00001	0
74	N	1.00000	0	0.00000	0
75	L	1.00000	0	0.00000	0
76	H	1.00000	0	0.00000	0
77	S	1.00000	0	0.00000	0
78	P	1.00000	0	0.00000	0
79	M	0.49816	0	0.50184	0
80	Y	0.10848	0	0.89152	0
81	F	0.02640	0	0.97360	0
82	F	0.00055	0	0.99945	0
83	I	0.00002	0	0.99998	0
84	C	0.00000	0	1.00000	0
85	S	0.00000	0	1.00000	0
86	L	0.00000	0	1.00000	0
87	A	0.00000	0	1.00000	0
88	V	0.00000	0	1.00000	0
89	A	0.00000	0	1.00000	0
90	D	0.00000	0	1.00000	0
91	M	0.00000	0	1.00000	0
92	L	0.00000	0	1.00000	0
93	V	0.00000	0	1.00000	0
94	S	0.00000	0	1.00000	0
95	V	0.00000	0	1.00000	0
96	S	0.00000	9e-05	0.99991	0
97	N	0.00000	0.00232	0.99768	0
98	G	0.00000	0.0061	0.99390	0
99	S	0.00000	0.01588	0.98412	0
100	E	0.00000	0.03648	0.96352	0
101	T	0.00000	0.03814	0.96186	0
102	I	0.00000	0.04195	0.95805	0
103	V	0.00000	0.07182	0.92818	0
104	I	0.00000	0.10039	0.89961	0
105	T	0.00000	0.42766	0.57234	0
106	L	0.00000	0.53626	0.46374	0
107	L	0.00000	0.77565	0.22435	0
108	N	0.00000	0.99326	0.00674	0
109	S	0.00000	0.99959	0.00041	0
110	T	0.00000	0.99992	0.00008	0
111	D	0.00000	1	0.00000	0
112	T	0.00000	1	0.00000	0
113	D	0.00000	1	0.00000	0
114	A	0.00000	1	0.00000	0
115	Q	0.00000	1	0.00000	0
116	S	0.00000	1	0.00000	0
117	F	0.00000	1	0.00000	0
118	T	0.00000	1	0.00000	0
119	V	0.00000	1	0.00000	0
120	N	0.00000	1	0.00000	0
121	I	0.00000	1	0.00000	0
122	D	0.00000	0.99973	0.00027	0
123	N	0.00000	0.99902	0.00098	0
124	V	0.00000	0.54614	0.45386	0
125	I	0.00000	0.04639	0.95361	0
126	D	0.00000	0.03194	0.96806	0
127	S	0.00000	0.01457	0.98543	0
128	V	0.00000	0.00195	0.99805	0
129	I	0.00000	0.00025	0.99975	0
130	C	0.00000	0.00012	0.99988	0
131	S	0.00000	1e-05	0.99999	0
132	S	0.00000	0	1.00000	0
133	L	0.00000	0	1.00000	0
134	L	0.00000	0	1.00000	0
135	A	0.00000	0	1.00000	0
136	S	0.00000	0	1.00000	0
137	I	0.00000	0	1.00000	0
138	C	0.00000	0	1.00000	0
139	S	0.00000	0	1.00000	0
140	L	0.00000	0	1.00000	0
141	L	0.00000	0	1.00000	0
142	S	0.00000	0	1.00000	0
143	I	0.00000	0	1.00000	0
144	A	0.00001	0	0.99999	0
145	V	0.00004	0	0.99996	0
146	D	0.00015	0	0.99985	0
147	R	0.03100	0	0.96900	0
148	Y	0.10579	0	0.89421	0
149	F	0.19205	0	0.80795	0
150	T	0.85665	0	0.14335	0
151	I	0.99998	0	0.00002	0
152	F	1.00000	0	0.00000	0
153	Y	1.00000	0	0.00000	0
154	A	1.00000	0	0.00000	0
155	L	1.00000	0	0.00000	0
156	Q	1.00000	0	0.00000	0
157	Y	1.00000	0	0.00000	0
158	H	1.00000	0	0.00000	0
159	N	1.00000	0	0.00000	0
160	I	1.00000	0	0.00000	0
161	M	0.99999	0	0.00001	0
162	T	0.99993	0	0.00007	0
163	V	0.99968	0	0.00032	0
164	K	0.99952	0	0.00048	0
165	R	0.98591	0	0.01409	0
166	V	0.02565	0	0.97435	0
167	G	0.00428	0	0.99572	0
168	I	0.00008	0	0.99992	0
169	I	0.00000	0	1.00000	0
170	I	0.00000	0	1.00000	0
171	S	0.00000	0	1.00000	0
172	C	0.00000	0	1.00000	0
173	I	0.00000	0	1.00000	0
174	W	0.00000	0	1.00000	0
175	A	0.00000	0	1.00000	0
176	A	0.00000	0	1.00000	0
177	C	0.00000	0	1.00000	0
178	T	0.00000	0	1.00000	0
179	V	0.00000	0	1.00000	0
180	S	0.00000	0	1.00000	0
181	G	0.00000	0	1.00000	0
182	I	0.00000	1e-05	0.99999	0
183	L	0.00000	4e-05	0.99996	0
184	F	0.00000	0.00017	0.99983	0
185	I	0.00000	0.00937	0.99063	0
186	I	0.00000	0.1436	0.85640	0
187	Y	0.00000	0.82879	0.17121	0
188	S	0.00000	0.99191	0.00809	0
189	D	0.00000	1	0.00000	0
190	S	0.00000	1	0.00000	0
191	S	0.00000	1	0.00000	0
192	A	0.00000	1	0.00000	0
193	V	0.00000	1	0.00000	0
194	I	0.00000	1	0.00000	0
195	I	0.00000	0.99998	0.00002	0
196	C	0.00000	0.99998	0.00002	0
197	L	0.00000	0.99737	0.00263	0
198	I	0.00000	0.96394	0.03606	0
199	T	0.00000	0.55168	0.44832	0
200	M	0.00000	0.34607	0.65393	0
201	F	0.00000	0.02647	0.97353	0
202	F	0.00000	0.01507	0.98493	0
203	T	0.00000	0.00107	0.99893	0
204	M	0.00000	0.0001	0.99990	0
205	L	0.00000	0	1.00000	0
206	A	0.00000	0	1.00000	0
207	L	0.00000	0	1.00000	0
208	M	0.00000	0	1.00000	0
209	A	0.00000	0	1.00000	0
210	S	0.00000	0	1.00000	0
211	L	0.00000	0	1.00000	0
212	Y	0.00000	0	1.00000	0
213	V	0.00000	0	1.00000	0
214	H	0.00000	0	1.00000	0
215	M	0.00000	0	1.00000	0
216	F	0.00000	0	1.00000	0
217	L	0.00002	0	0.99998	0
218	M	0.00067	0	0.99933	0
219	A	0.01984	0	0.98016	0
220	R	0.03400	0	0.96600	0
221	L	0.04028	0	0.95972	0
222	H	0.13724	0	0.86276	0
223	I	0.21751	0	0.78249	0
224	K	0.96293	0	0.03707	0
225	R	0.99971	0	0.00029	0
226	I	0.99975	0	0.00025	0
227	A	0.99994	0	0.00006	0
228	V	0.99995	0	0.00005	0
229	L	0.99999	0	0.00001	0
230	P	1.00000	0	0.00000	0
231	G	1.00000	0	0.00000	0
232	T	1.00000	0	0.00000	0
233	G	1.00000	0	0.00000	0
234	A	1.00000	0	0.00000	0
235	I	1.00000	0	0.00000	0
236	R	1.00000	0	0.00000	0
237	Q	1.00000	0	0.00000	0
238	G	0.99990	0	0.00010	0
239	A	0.99986	0	0.00014	0
240	N	0.99985	0	0.00015	0
241	M	0.94169	0	0.05831	0
242	K	0.94100	0	0.05900	0
243	G	0.71449	0	0.28551	0
244	A	0.67367	0	0.32633	0
245	I	0.65994	0	0.34006	0
246	T	0.65149	0	0.34851	0
247	L	0.00762	0	0.99238	0
248	T	0.00029	0	0.99971	0
249	I	0.00008	0	0.99992	0
250	L	0.00000	0	1.00000	0
251	I	0.00000	0	1.00000	0
252	G	0.00000	0	1.00000	0
253	V	0.00000	0	1.00000	0
254	F	0.00000	0	1.00000	0
255	V	0.00000	0	1.00000	0
256	V	0.00000	0	1.00000	0
257	C	0.00000	0	1.00000	0
258	W	0.00000	0	1.00000	0
259	A	0.00000	0	1.00000	0
260	P	0.00000	0	1.00000	0
261	F	0.00000	0	1.00000	0
262	F	0.00000	0	1.00000	0
263	L	0.00000	0.00027	0.99973	0
264	H	0.00000	0.00272	0.99728	0
265	L	0.00000	0.00363	0.99637	0
266	I	0.00000	0.01504	0.98496	0
267	F	0.00000	0.05874	0.94126	0
268	Y	0.00000	0.31984	0.68016	0
269	I	0.00000	0.75418	0.24582	0
270	S	0.00000	0.91238	0.08762	0
271	C	0.00000	0.98978	0.01022	0
272	P	0.00000	0.99822	0.00178	0
273	Q	0.00000	0.99993	0.00007	0
274	N	0.00000	0.99995	0.00005	0
275	P	0.00000	0.99991	0.00009	0
276	Y	0.00000	0.99897	0.00103	0
277	C	0.00000	0.98295	0.01705	0
278	V	0.00000	0.96223	0.03777	0
279	C	0.00000	0.95067	0.04933	0
280	F	0.00000	0.85789	0.14211	0
281	M	0.00000	0.80874	0.19126	0
282	S	0.00000	0.79197	0.20803	0
283	H	0.00000	0.62738	0.37262	0
284	F	0.00000	0.09222	0.90778	0
285	N	0.00000	0.02861	0.97139	0
286	L	0.00000	0.00011	0.99989	0
287	Y	0.00000	0	1.00000	0
288	L	0.00000	0	1.00000	0
289	I	0.00000	0	1.00000	0
290	L	0.00000	0	1.00000	0
291	I	0.00000	0	1.00000	0
292	M	0.00000	0	1.00000	0
293	C	0.00001	0	0.99999	0
294	N	0.00001	0	0.99999	0
295	S	0.00002	0	0.99998	0
296	I	0.00003	0	0.99997	0
297	I	0.00023	0	0.99977	0
298	D	0.00057	0	0.99943	0
299	P	0.00065	0	0.99935	0
300	L	0.00121	0	0.99879	0
301	I	0.00269	0	0.99731	0
302	Y	0.00574	0	0.99426	0
303	A	0.01059	0	0.98941	0
304	L	0.04605	0	0.95395	0
305	R	1.00000	0	0.00000	0
306	S	1.00000	0	0.00000	0
307	Q	1.00000	0	0.00000	0
308	E	1.00000	0	0.00000	0
309	L	1.00000	0	0.00000	0
310	R	1.00000	0	0.00000	0
311	K	1.00000	0	0.00000	0
312	T	1.00000	0	0.00000	0
313	F	1.00000	0	0.00000	0
314	K	1.00000	0	0.00000	0
315	E	1.00000	0	0.00000	0
316	I	1.00000	0	0.00000	0
317	I	1.00000	0	0.00000	0
318	C	1.00000	0	0.00000	0
319	C	1.00000	0	0.00000	0
320	Y	1.00000	0	0.00000	0
321	P	1.00000	0	0.00000	0
322	L	1.00000	0	0.00000	0
323	G	1.00000	0	0.00000	0
324	G	1.00000	0	0.00000	0
325	L	1.00000	0	0.00000	0
326	C	1.00000	0	0.00000	0
327	D	1.00000	0	0.00000	0
328	L	1.00000	0	0.00000	0
329	S	1.00000	0	0.00000	0
330	S	1.00000	0	0.00000	0
331	R	1.00000	0	0.00000	0
332	Y	1.00000	0	0.00000	0
