# UNNAMED
#pos	aa	i	o	M	S
1	M	0.00000	0.09781	0.00000	0.90219
2	S	0.00000	0.09781	0.00000	0.9022
3	S	0.00000	0.09781	0.00000	0.90219
4	S	0.00000	0.09781	0.00000	0.90219
5	C	0.00000	0.09781	0.00000	0.90219
6	S	0.00000	0.09781	0.00000	0.90219
7	G	0.00000	0.09781	0.00000	0.9022
8	L	0.00000	0.09781	0.00000	0.90219
9	S	0.00000	0.09781	0.00000	0.90219
10	R	0.00000	0.09781	0.00000	0.90219
11	V	0.00000	0.09781	0.00000	0.9022
12	L	0.00000	0.09781	0.00000	0.90219
13	V	0.00000	0.09781	0.00000	0.9022
14	A	0.00000	0.09781	0.00000	0.90219
15	V	0.00000	0.09781	0.00000	0.90219
16	A	0.00000	0.09781	0.00000	0.90219
17	T	0.00000	0.09781	0.00000	0.90219
18	A	0.00000	0.11104	0.00000	0.88896
19	L	0.00000	0.1325	0.00000	0.86749
20	V	0.00000	0.13909	0.00000	0.86091
21	S	0.00000	0.13913	0.00000	0.86087
22	A	0.00000	0.13915	0.00000	0.86084
23	S	0.00000	0.97076	0.00000	0.02925
24	S	0.00000	0.98901	0.00000	0.01099
25	P	0.00000	0.98902	0.00000	0.01098
26	C	0.00000	0.98904	0.00000	0.01096
27	P	0.00000	0.98904	0.00000	0.01096
28	Q	0.00000	0.98904	0.00000	0.01096
29	A	0.00000	0.99995	0.00000	4e-05
30	W	0.00000	0.99996	0.00000	4e-05
31	G	0.00000	0.99996	0.00000	4e-05
32	P	0.00000	1	0.00000	0
33	P	0.00000	1	0.00000	0
34	G	0.00000	1	0.00000	0
35	V	0.00000	1	0.00000	0
36	Q	0.00000	1	0.00000	0
37	Y	0.00000	1	0.00000	0
38	G	0.00000	1	0.00000	0
39	Q	0.00000	1	0.00000	0
40	P	0.00000	1	0.00000	0
41	G	0.00000	1	0.00000	0
42	R	0.00000	1	0.00000	0
43	S	0.00000	1	0.00000	0
44	V	0.00000	1	0.00000	0
45	K	0.00000	1	0.00000	0
46	L	0.00000	1	0.00000	0
47	C	0.00000	1	0.00000	0
48	C	0.00000	1	0.00000	0
49	P	0.00000	1	0.00000	0
50	G	0.00000	1	0.00000	0
51	V	0.00000	1	0.00000	0
52	T	0.00000	1	0.00000	0
53	A	0.00000	1	0.00000	0
54	G	0.00000	1	0.00000	0
55	D	0.00000	1	0.00000	0
56	P	0.00000	1	0.00000	0
57	V	0.00000	1	0.00000	0
58	S	0.00000	1	0.00000	0
59	W	0.00000	1	0.00000	0
60	F	0.00000	1	0.00000	0
61	R	0.00000	1	0.00000	0
62	D	0.00000	1	0.00000	0
63	G	0.00000	1	0.00000	0
64	E	0.00000	1	0.00000	0
65	P	0.00000	0.99999	0.00001	0
66	K	0.00000	0.99999	0.00001	0
67	L	0.00000	0.99997	0.00003	0
68	L	0.00000	0.99997	0.00003	0
69	Q	0.00000	0.99997	0.00003	0
70	G	0.00000	0.99997	0.00003	0
71	P	0.00000	0.99997	0.00003	0
72	D	0.00000	0.99997	0.00003	0
73	S	0.00000	0.99997	0.00003	0
74	G	0.00000	0.99997	0.00003	0
75	L	0.00000	0.99997	0.00003	0
76	G	0.00000	0.99997	0.00003	0
77	H	0.00000	0.99997	0.00003	0
78	E	0.00000	0.99997	0.00003	0
79	L	0.00000	0.99997	0.00003	0
80	V	0.00000	0.99997	0.00003	0
81	L	0.00000	0.99997	0.00003	0
82	A	0.00000	0.99997	0.00003	0
83	Q	0.00000	0.99997	0.00003	0
84	A	0.00000	0.99997	0.00003	0
85	D	0.00003	0.99997	0.00001	0
86	S	0.00003	0.99997	0.00000	0
87	T	0.00003	0.99997	0.00000	0
88	D	0.00003	0.99997	0.00000	0
89	E	0.00003	0.91259	0.08737	0
90	G	0.00003	0.73362	0.26635	0
91	T	0.00003	0.35599	0.64398	0
92	Y	0.00002	0.14528	0.85470	0
93	I	0.00000	0.13518	0.86482	0
94	C	0.00000	0.13518	0.86482	0
95	Q	0.00000	0.13518	0.86482	0
96	T	0.00000	0.13518	0.86482	0
97	L	0.00000	0.13518	0.86482	0
98	D	0.00000	0.13518	0.86482	0
99	G	0.00000	0.13518	0.86482	0
100	A	0.00000	0.13518	0.86482	0
101	L	0.00000	0.13518	0.86482	0
102	G	0.00000	0.13518	0.86482	0
103	G	0.00000	0.13518	0.86482	0
104	T	0.00000	0.13518	0.86482	0
105	V	0.00000	0.13518	0.86482	0
106	T	0.00000	0.13518	0.86482	0
107	L	0.00007	0.13518	0.86475	0
108	Q	0.01388	0.13518	0.85094	0
109	L	0.02331	0.13517	0.84152	0
110	G	0.17598	0.13517	0.68885	0
111	Y	0.25900	0.13517	0.60583	0
112	P	0.81306	0.13517	0.05178	0
113	P	0.84999	0.13517	0.01484	0
114	A	0.85544	0.13516	0.00940	0
115	R	0.86379	0.13517	0.00104	0
116	P	0.86479	0.13517	0.00004	0
117	V	0.50962	0.13517	0.35520	0
118	V	0.43740	0.13517	0.42742	0
119	S	0.42867	0.13517	0.43615	0
120	C	0.42227	0.13517	0.44256	0
121	Q	0.41744	0.13517	0.44739	0
122	A	0.41042	0.13517	0.45440	0
123	A	0.33438	0.13517	0.53045	0
124	D	0.13962	0.13517	0.72521	0
125	Y	0.01208	0.13517	0.85275	0
126	E	0.00306	0.13517	0.86177	0
127	N	0.00026	0.13517	0.86457	0
128	F	0.00000	0.13514	0.86486	0
129	S	0.00000	0.13514	0.86486	0
130	C	0.00000	0.13514	0.86486	0
131	T	0.00000	0.13514	0.86486	0
132	W	0.00000	0.13514	0.86486	0
133	S	0.00002	0.13514	0.86484	0
134	P	0.00003	0.13514	0.86483	0
135	S	0.00003	0.13519	0.86478	0
136	Q	0.00003	0.18246	0.81751	0
137	I	0.00003	0.31186	0.68811	0
138	S	0.00003	0.41345	0.58652	0
139	G	0.00003	0.57537	0.42460	0
140	L	0.00003	0.57557	0.42439	0
141	P	0.00003	0.58288	0.41708	0
142	T	0.00003	0.60044	0.39952	0
143	R	0.00003	0.62907	0.37089	0
144	Y	0.00001	0.71892	0.28107	0
145	L	0.00001	0.75254	0.24745	0
146	T	0.00002	0.99973	0.00025	0
147	S	0.00003	0.99987	0.00010	0
148	Y	0.00003	0.99992	0.00005	0
149	R	0.00003	0.99993	0.00004	0
150	K	0.00003	0.99993	0.00004	0
151	K	0.00003	0.99993	0.00004	0
152	T	0.00001	0.99993	0.00006	0
153	V	0.00000	0.99993	0.00006	0
154	L	0.00000	0.99993	0.00006	0
155	G	0.00000	0.99994	0.00006	0
156	A	0.00000	0.99994	0.00006	0
157	D	0.00000	0.99994	0.00006	0
158	S	0.00000	0.99994	0.00006	0
159	Q	0.00000	0.99994	0.00006	0
160	R	0.00000	0.99994	0.00006	0
161	R	0.00000	0.99993	0.00006	0
162	S	0.00000	0.99992	0.00008	0
163	P	0.00000	0.99978	0.00021	0
164	S	0.00000	0.98835	0.01165	0
165	T	0.00000	0.9511	0.04890	0
166	G	0.00000	0.95028	0.04972	0
167	P	0.00000	0.94775	0.05225	0
168	W	0.00000	0.93873	0.06127	0
169	P	0.00000	0.93873	0.06127	0
170	C	0.00000	0.93875	0.06124	0
171	P	0.00000	0.93876	0.06124	0
172	Q	0.00000	0.93876	0.06124	0
173	D	0.00000	0.93876	0.06124	0
174	P	0.00000	0.90998	0.09002	0
175	L	0.00000	0.86494	0.13506	0
176	G	0.00000	0.86392	0.13608	0
177	A	0.00000	0.86347	0.13653	0
178	A	0.00000	0.86344	0.13656	0
179	R	0.00000	0.86344	0.13656	0
180	C	0.00000	0.86344	0.13656	0
181	V	0.00000	0.86343	0.13657	0
182	V	0.00004	0.86343	0.13653	0
183	H	0.00455	0.86344	0.13201	0
184	G	0.03752	0.86344	0.09904	0
185	A	0.03977	0.86344	0.09680	0
186	E	0.04572	0.86344	0.09084	0
187	F	0.04621	0.86243	0.09136	0
188	W	0.05541	0.66037	0.28422	0
189	S	0.05719	0.08221	0.86061	0
190	Q	0.05948	0.05641	0.88411	0
191	Y	0.05928	0.00264	0.93807	0
192	R	0.07944	0	0.92056	0
193	I	0.06052	0	0.93948	0
194	N	0.06722	0	0.93278	0
195	V	0.06072	0	0.93928	0
196	T	0.09182	0	0.90817	0
197	E	0.09183	0	0.90817	0
198	V	0.09173	0	0.90826	0
199	N	0.09173	0	0.90827	0
200	P	0.09173	0	0.90827	0
201	L	0.02946	0	0.97053	0
202	G	0.02775	0	0.97224	0
203	A	0.01965	0	0.98035	0
204	S	0.00437	0	0.99563	0
205	T	0.00208	0	0.99792	0
206	R	0.00182	0	0.99817	0
207	L	0.00057	0	0.99943	0
208	L	0.00034	0	0.99965	0
209	D	0.00031	0	0.99968	0
210	V	0.01153	1e-05	0.98847	0
211	S	0.83120	2e-05	0.16877	0
212	L	0.83319	5e-05	0.16676	0
213	Q	0.85013	0.00045	0.14942	0
214	S	0.86345	0.00096	0.13559	0
215	I	0.86344	0.00187	0.13469	0
216	L	0.86344	0.00456	0.13200	0
217	R	0.86344	0.03637	0.10019	0
218	P	0.86344	0.04293	0.09363	0
219	D	0.86344	0.04542	0.09115	0
220	P	0.86344	0.04858	0.08798	0
221	P	0.86344	0.05865	0.07791	0
222	Q	0.86344	0.103	0.03356	0
223	G	0.86344	0.13431	0.00226	0
224	L	0.86343	0.13434	0.00222	0
225	R	0.86343	0.13512	0.00144	0
226	V	0.86343	0.13514	0.00143	0
227	E	0.86343	0.13596	0.00062	0
228	S	0.86343	0.136	0.00057	0
229	V	0.86343	0.13608	0.00049	0
230	P	0.86343	0.1365	0.00007	0
231	G	0.86280	0.13651	0.00069	0
232	Y	0.86084	0.13651	0.00265	0
233	P	0.79395	0.13067	0.07537	0
234	R	0.46679	0.02936	0.50385	0
235	R	0.15760	0.0066	0.83580	0
236	L	0.00064	0.00268	0.99668	0
237	R	0.00042	0.00242	0.99716	0
238	A	0.00000	0.00174	0.99826	0
239	S	0.00000	0.00153	0.99847	0
240	W	0.00000	0.00144	0.99856	0
241	T	0.00000	0.00143	0.99857	0
242	Y	0.00000	0.00143	0.99857	0
243	P	0.00000	0.00143	0.99857	0
244	A	0.00000	0.00143	0.99857	0
245	S	0.00000	0.00143	0.99857	0
246	W	0.00000	0.00144	0.99856	0
247	P	0.00000	0.00144	0.99856	0
248	C	0.00000	0.00144	0.99856	0
249	Q	0.00000	0.00144	0.99856	0
250	P	0.00000	0.00144	0.99856	0
251	H	0.00000	0.00145	0.99855	0
252	F	0.00000	0.00145	0.99855	0
253	L	0.00000	0.00186	0.99814	0
254	L	0.00000	0.08822	0.91177	0
255	K	0.00000	0.75783	0.24217	0
256	F	0.07612	0.81531	0.10857	0
257	R	0.11887	0.85774	0.02339	0
258	L	0.12280	0.85975	0.01745	0
259	Q	0.13148	0.86451	0.00402	0
260	Y	0.13504	0.86476	0.00019	0
261	R	0.13513	0.86482	0.00005	0
262	P	0.13513	0.86481	0.00006	0
263	A	0.13513	0.86478	0.00009	0
264	Q	0.13513	0.86474	0.00013	0
265	H	0.13513	0.86472	0.00015	0
266	P	0.13513	0.86466	0.00021	0
267	A	0.13435	0.82432	0.04134	0
268	W	0.13028	0.82112	0.04860	0
269	S	0.12956	0.82099	0.04945	0
270	T	0.12384	0.818	0.05815	0
271	V	0.11059	0.81797	0.07144	0
272	E	0.10830	0.8131	0.07860	0
273	P	0.09518	0.77262	0.13220	0
274	A	0.01055	0.77253	0.21692	0
275	G	0.00158	0.77253	0.22589	0
276	L	0.00005	0.77253	0.22742	0
277	E	0.00003	0.77252	0.22745	0
278	E	0.00002	0.77252	0.22746	0
279	V	0.00002	0.77252	0.22746	0
280	I	0.00002	0.77252	0.22746	0
281	T	0.00003	0.77252	0.22745	0
282	D	0.00005	0.77252	0.22743	0
283	A	0.00005	0.77251	0.22744	0
284	V	0.00005	0.7725	0.22745	0
285	A	0.00006	0.7725	0.22744	0
286	G	0.00008	0.7725	0.22742	0
287	L	0.00034	0.77246	0.22720	0
288	P	0.01712	0.77552	0.20736	0
289	H	0.02268	0.77685	0.20047	0
290	A	0.02666	0.77771	0.19563	0
291	V	0.02990	0.77751	0.19259	0
292	R	0.04358	0.78324	0.17318	0
293	V	0.04384	0.78653	0.16964	0
294	S	0.08879	0.87508	0.03613	0
295	A	0.08986	0.86236	0.04778	0
296	R	0.09217	0.87121	0.03661	0
297	D	0.09233	0.86979	0.03788	0
298	F	0.09233	0.83978	0.06789	0
299	L	0.09233	0.83759	0.07007	0
300	D	0.09234	0.83705	0.07061	0
301	A	0.06117	0.82561	0.11322	0
302	G	0.05949	0.8221	0.11840	0
303	T	0.02611	0.77265	0.20125	0
304	W	0.01992	0.64193	0.33815	0
305	S	0.01990	0.23816	0.74194	0
306	T	0.01990	0.23258	0.74752	0
307	W	0.01990	0.21846	0.76164	0
308	S	0.01993	0.16204	0.81803	0
309	P	0.01996	0.15754	0.82250	0
310	E	0.01996	0.09659	0.88345	0
311	A	0.00344	0.00156	0.99500	0
312	W	0.00235	0.00065	0.99700	0
313	G	0.00201	0.00013	0.99786	0
314	T	0.00298	0.00012	0.99690	0
315	P	0.01696	0.00013	0.98291	0
316	S	0.01850	0.00013	0.98137	0
317	T	0.01897	8e-05	0.98095	0
318	G	0.01923	6e-05	0.98072	0
319	T	0.01974	6e-05	0.98020	0
320	I	0.02015	0.00015	0.97970	0
321	P	0.06171	0.00962	0.92867	0
322	K	0.07301	0.03566	0.89134	0
323	E	0.07498	0.03731	0.88771	0
324	I	0.07533	0.03771	0.88697	0
325	P	0.08540	0.04124	0.87336	0
326	A	0.08717	0.04331	0.86952	0
327	W	0.15889	0.05682	0.78429	0
328	G	0.37297	0.06856	0.55847	0
329	Q	0.54338	0.07055	0.38607	0
330	L	0.54650	0.07081	0.38269	0
331	H	0.70670	0.07565	0.21764	0
332	T	0.80235	0.07977	0.11788	0
333	Q	0.89440	0.08593	0.01967	0
334	P	0.90616	0.08981	0.00403	0
335	E	0.90915	0.09057	0.00028	0
336	V	0.90926	0.09059	0.00015	0
337	E	0.90928	0.09061	0.00011	0
338	P	0.90929	0.09061	0.00011	0
339	Q	0.90929	0.09061	0.00010	0
340	V	0.90930	0.09061	0.00009	0
341	D	0.90936	0.09061	0.00004	0
342	S	0.90936	0.09061	0.00004	0
343	P	0.90936	0.09061	0.00004	0
344	A	0.90936	0.09061	0.00004	0
345	P	0.90936	0.09061	0.00003	0
346	P	0.90936	0.09061	0.00003	0
347	R	0.90936	0.09061	0.00003	0
348	P	0.90936	0.09061	0.00003	0
349	S	0.90936	0.09061	0.00003	0
350	L	0.90936	0.09061	0.00003	0
351	Q	0.90937	0.09061	0.00002	0
352	P	0.90938	0.09061	0.00000	0
353	H	0.90938	0.09061	0.00000	0
354	P	0.90939	0.09061	0.00000	0
355	R	0.90939	0.09061	0.00000	0
356	L	0.90939	0.0906	0.00001	0
357	L	0.90939	0.0906	0.00002	0
358	D	0.90939	0.0906	0.00001	0
359	H	0.90939	0.09059	0.00002	0
360	R	0.90939	0.09046	0.00015	0
361	D	0.90939	0.09009	0.00052	0
362	S	0.90939	0.07949	0.01112	0
363	V	0.90939	0.05532	0.03529	0
364	E	0.90939	0.04841	0.04220	0
365	Q	0.89868	0.03163	0.06969	0
366	V	0.03729	0.00295	0.95976	0
367	A	0.03682	0.00174	0.96145	0
368	V	0.00009	8e-05	0.99983	0
369	L	0.00006	2e-05	0.99992	0
370	A	0.00006	1e-05	0.99993	0
371	S	0.00000	0	1.00000	0
372	L	0.00000	0	1.00000	0
373	G	0.00000	0	1.00000	0
374	I	0.00000	0	1.00000	0
375	L	0.00000	0	1.00000	0
376	S	0.00000	0	1.00000	0
377	F	0.00000	0	1.00000	0
378	L	0.00000	0	1.00000	0
379	G	0.00000	0	1.00000	0
380	L	0.00001	0	0.99999	0
381	V	0.00017	0	0.99983	0
382	A	0.00582	0	0.99418	0
383	G	0.00894	0	0.99106	0
384	A	0.03118	0	0.96881	0
385	L	0.04315	0.00016	0.95670	0
386	A	0.05732	0.00697	0.93571	0
387	L	0.06001	0.08196	0.85804	0
388	G	0.06331	0.4818	0.45490	0
389	L	0.07480	0.72159	0.20362	0
390	W	0.08212	0.79468	0.12319	0
391	L	0.08360	0.20002	0.71638	0
392	R	0.09061	0.21872	0.69067	0
393	L	0.09061	0.199	0.71039	0
394	R	0.09061	0.06207	0.84732	0
395	R	0.09061	0.00311	0.90628	0
396	G	0.09061	0.00101	0.90838	0
397	G	0.09061	0.00095	0.90844	0
398	K	0.09061	0.00095	0.90844	0
399	D	0.09061	0.00092	0.90847	0
400	G	0.09061	0.0008	0.90859	0
401	S	0.09061	0.00069	0.90870	0
402	P	0.09061	0.00043	0.90896	0
403	K	0.09061	3e-05	0.90936	0
404	P	0.09061	0	0.90939	0
405	G	0.09061	0	0.90939	0
406	F	0.09061	0	0.90939	0
407	L	0.09061	0	0.90939	0
408	A	0.09061	0	0.90939	0
409	S	0.09064	0	0.90936	0
410	V	0.09187	0	0.90813	0
411	I	0.11602	0	0.88398	0
412	P	0.20958	0	0.79042	0
413	V	0.29278	0	0.70722	0
414	D	0.85450	0	0.14550	0
415	R	0.99905	0	0.00095	0
416	R	0.99905	0	0.00095	0
417	P	0.99905	0	0.00095	0
418	G	0.99905	0	0.00095	0
419	A	0.99905	0	0.00095	0
420	P	0.99905	0	0.00095	0
421	N	0.99905	0	0.00095	0
422	L	1.00000	0	0.00000	0
