# UNNAMED
#pos	aa	i	o	M	S
1	M	0.00000	0.00126	0.00000	0.99874
2	V	0.00000	0.00126	0.00000	0.99874
3	G	0.00000	0.00126	0.00000	0.99874
4	L	0.00000	0.00126	0.00000	0.99874
5	L	0.00000	0.00126	0.00000	0.99873
6	L	0.00000	0.00126	0.00000	0.99874
7	F	0.00000	0.00126	0.00000	0.99873
8	F	0.00000	0.00126	0.00000	0.99874
9	F	0.00000	0.00126	0.00000	0.99874
10	P	0.00000	0.00126	0.00000	0.99875
11	A	0.00000	0.00126	0.00000	0.99873
12	I	0.00000	0.00126	0.00000	0.99874
13	F	0.00000	0.00126	0.00000	0.99874
14	L	0.00000	0.0013	0.00000	0.9987
15	E	0.00000	0.33908	0.00000	0.66092
16	V	0.00000	0.3391	0.00000	0.6609
17	S	0.00000	0.33913	0.00000	0.66087
18	L	0.00000	0.33913	0.00000	0.66087
19	L	0.00000	0.6595	0.00000	0.3405
20	P	0.00000	0.66088	0.00000	0.33912
21	R	0.00000	0.66208	0.00000	0.33792
22	S	0.00000	0.66214	0.00000	0.33786
23	P	0.00000	0.66213	0.00000	0.33786
24	G	0.00000	0.66213	0.00000	0.33786
25	R	0.00000	0.99544	0.00000	0.00455
26	K	0.00000	0.99545	0.00000	0.00455
27	V	0.00000	0.99547	0.00000	0.00453
28	L	0.00000	0.99547	0.00000	0.00453
29	L	0.00000	0.99547	0.00000	0.00453
30	A	0.00000	0.99994	0.00000	5e-05
31	G	0.00000	1	0.00000	0
32	A	0.00000	1	0.00000	0
33	S	0.00000	1	0.00000	0
34	S	0.00000	1	0.00000	0
35	Q	0.00000	1	0.00000	0
36	R	0.00000	1	0.00000	0
37	S	0.00000	1	0.00000	0
38	V	0.00000	1	0.00000	0
39	A	0.00000	1	0.00000	0
40	R	0.00000	1	0.00000	0
41	M	0.00000	1	0.00000	0
42	D	0.00000	1	0.00000	0
43	G	0.00000	1	0.00000	0
44	D	0.00000	1	0.00000	0
45	V	0.00000	1	0.00000	0
46	I	0.00000	1	0.00000	0
47	I	0.00000	1	0.00000	0
48	G	0.00000	1	0.00000	0
49	A	0.00000	1	0.00000	0
50	L	0.00000	1	0.00000	0
51	F	0.00000	1	0.00000	0
52	S	0.00000	1	0.00000	0
53	V	0.00000	1	0.00000	0
54	H	0.00000	1	0.00000	0
55	H	0.00000	1	0.00000	0
56	Q	0.00000	1	0.00000	0
57	P	0.00000	1	0.00000	0
58	P	0.00000	1	0.00000	0
59	A	0.00000	1	0.00000	0
60	E	0.00000	1	0.00000	0
61	K	0.00000	1	0.00000	0
62	V	0.00000	1	0.00000	0
63	P	0.00000	1	0.00000	0
64	E	0.00000	1	0.00000	0
65	R	0.00000	1	0.00000	0
66	K	0.00000	1	0.00000	0
67	C	0.00000	1	0.00000	0
68	G	0.00000	1	0.00000	0
69	E	0.00000	1	0.00000	0
70	I	0.00000	1	0.00000	0
71	R	0.00000	1	0.00000	0
72	E	0.00000	1	0.00000	0
73	Q	0.00000	1	0.00000	0
74	Y	0.00000	1	0.00000	0
75	G	0.00000	1	0.00000	0
76	I	0.00000	1	0.00000	0
77	Q	0.00000	1	0.00000	0
78	R	0.00000	1	0.00000	0
79	V	0.00000	1	0.00000	0
80	E	0.00000	1	0.00000	0
81	A	0.00000	1	0.00000	0
82	M	0.00000	1	0.00000	0
83	F	0.00000	1	0.00000	0
84	H	0.00000	1	0.00000	0
85	T	0.00000	1	0.00000	0
86	L	0.00000	1	0.00000	0
87	D	0.00000	1	0.00000	0
88	K	0.00000	1	0.00000	0
89	I	0.00000	1	0.00000	0
90	N	0.00000	1	0.00000	0
91	A	0.00000	1	0.00000	0
92	D	0.00000	1	0.00000	0
93	P	0.00000	1	0.00000	0
94	V	0.00000	1	0.00000	0
95	L	0.00000	1	0.00000	0
96	L	0.00000	1	0.00000	0
97	P	0.00000	1	0.00000	0
98	N	0.00000	1	0.00000	0
99	I	0.00000	1	0.00000	0
100	T	0.00000	1	0.00000	0
101	L	0.00000	1	0.00000	0
102	G	0.00000	1	0.00000	0
103	S	0.00000	1	0.00000	0
104	E	0.00000	1	0.00000	0
105	I	0.00000	1	0.00000	0
106	R	0.00000	1	0.00000	0
107	D	0.00000	1	0.00000	0
108	S	0.00000	1	0.00000	0
109	C	0.00000	1	0.00000	0
110	W	0.00000	1	0.00000	0
111	H	0.00000	1	0.00000	0
112	S	0.00000	1	0.00000	0
113	S	0.00000	1	0.00000	0
114	V	0.00000	1	0.00000	0
115	A	0.00000	1	0.00000	0
116	L	0.00000	1	0.00000	0
117	E	0.00000	1	0.00000	0
118	Q	0.00000	1	0.00000	0
119	S	0.00000	1	0.00000	0
120	I	0.00000	1	0.00000	0
121	E	0.00000	1	0.00000	0
122	F	0.00000	1	0.00000	0
123	I	0.00000	1	0.00000	0
124	R	0.00000	1	0.00000	0
125	D	0.00000	1	0.00000	0
126	S	0.00000	1	0.00000	0
127	L	0.00000	1	0.00000	0
128	I	0.00000	1	0.00000	0
129	S	0.00000	1	0.00000	0
130	I	0.00000	1	0.00000	0
131	R	0.00000	1	0.00000	0
132	D	0.00000	1	0.00000	0
133	E	0.00000	1	0.00000	0
134	K	0.00000	1	0.00000	0
135	D	0.00000	1	0.00000	0
136	G	0.00000	1	0.00000	0
137	I	0.00000	1	0.00000	0
138	N	0.00000	1	0.00000	0
139	R	0.00000	1	0.00000	0
140	C	0.00000	1	0.00000	0
141	L	0.00000	1	0.00000	0
142	P	0.00000	1	0.00000	0
143	D	0.00000	1	0.00000	0
144	G	0.00000	1	0.00000	0
145	Q	0.00000	1	0.00000	0
146	S	0.00000	1	0.00000	0
147	L	0.00000	1	0.00000	0
148	P	0.00000	1	0.00000	0
149	P	0.00000	1	0.00000	0
150	G	0.00000	1	0.00000	0
151	R	0.00000	1	0.00000	0
152	T	0.00000	1	0.00000	0
153	K	0.00000	1	0.00000	0
154	K	0.00000	1	0.00000	0
155	P	0.00000	1	0.00000	0
156	I	0.00000	1	0.00000	0
157	A	0.00000	1	0.00000	0
158	G	0.00000	1	0.00000	0
159	V	0.00000	1	0.00000	0
160	I	0.00000	1	0.00000	0
161	G	0.00000	1	0.00000	0
162	P	0.00000	1	0.00000	0
163	G	0.00000	1	0.00000	0
164	S	0.00000	1	0.00000	0
165	S	0.00000	1	0.00000	0
166	S	0.00000	1	0.00000	0
167	V	0.00000	1	0.00000	0
168	A	0.00000	1	0.00000	0
169	I	0.00000	1	0.00000	0
170	Q	0.00000	1	0.00000	0
171	V	0.00000	1	0.00000	0
172	Q	0.00000	1	0.00000	0
173	N	0.00000	1	0.00000	0
174	L	0.00000	1	0.00000	0
175	L	0.00000	1	0.00000	0
176	Q	0.00000	1	0.00000	0
177	L	0.00000	1	0.00000	0
178	F	0.00000	1	0.00000	0
179	D	0.00000	1	0.00000	0
180	I	0.00000	1	0.00000	0
181	P	0.00000	1	0.00000	0
182	Q	0.00000	1	0.00000	0
183	I	0.00000	1	0.00000	0
184	A	0.00000	1	0.00000	0
185	Y	0.00000	1	0.00000	0
186	S	0.00000	1	0.00000	0
187	A	0.00000	1	0.00000	0
188	T	0.00000	1	0.00000	0
189	S	0.00000	1	0.00000	0
190	I	0.00000	1	0.00000	0
191	D	0.00000	1	0.00000	0
192	L	0.00000	1	0.00000	0
193	S	0.00000	1	0.00000	0
194	D	0.00000	1	0.00000	0
195	K	0.00000	1	0.00000	0
196	T	0.00000	1	0.00000	0
197	L	0.00000	1	0.00000	0
198	Y	0.00000	1	0.00000	0
199	K	0.00000	1	0.00000	0
200	Y	0.00000	1	0.00000	0
201	F	0.00000	1	0.00000	0
202	L	0.00000	1	0.00000	0
203	R	0.00000	1	0.00000	0
204	V	0.00000	1	0.00000	0
205	V	0.00000	1	0.00000	0
206	P	0.00000	1	0.00000	0
207	S	0.00000	1	0.00000	0
208	D	0.00000	1	0.00000	0
209	T	0.00000	1	0.00000	0
210	L	0.00000	1	0.00000	0
211	Q	0.00000	1	0.00000	0
212	A	0.00000	1	0.00000	0
213	R	0.00000	1	0.00000	0
214	A	0.00000	1	0.00000	0
215	M	0.00000	1	0.00000	0
216	L	0.00000	1	0.00000	0
217	D	0.00000	1	0.00000	0
218	I	0.00000	1	0.00000	0
219	V	0.00000	1	0.00000	0
220	K	0.00000	1	0.00000	0
221	R	0.00000	1	0.00000	0
222	Y	0.00000	1	0.00000	0
223	N	0.00000	1	0.00000	0
224	W	0.00000	1	0.00000	0
225	T	0.00000	1	0.00000	0
226	Y	0.00000	1	0.00000	0
227	V	0.00000	1	0.00000	0
228	S	0.00000	1	0.00000	0
229	A	0.00000	1	0.00000	0
230	V	0.00000	1	0.00000	0
231	H	0.00000	1	0.00000	0
232	T	0.00000	1	0.00000	0
233	E	0.00000	1	0.00000	0
234	G	0.00000	1	0.00000	0
235	N	0.00000	1	0.00000	0
236	Y	0.00000	1	0.00000	0
237	G	0.00000	1	0.00000	0
238	E	0.00000	1	0.00000	0
239	S	0.00000	1	0.00000	0
240	G	0.00000	1	0.00000	0
241	M	0.00000	1	0.00000	0
242	D	0.00000	1	0.00000	0
243	A	0.00000	1	0.00000	0
244	F	0.00000	1	0.00000	0
245	K	0.00000	1	0.00000	0
246	E	0.00000	1	0.00000	0
247	L	0.00000	1	0.00000	0
248	A	0.00000	1	0.00000	0
249	A	0.00000	1	0.00000	0
250	Q	0.00000	1	0.00000	0
251	E	0.00000	1	0.00000	0
252	G	0.00000	1	0.00000	0
253	L	0.00000	1	0.00000	0
254	C	0.00000	1	0.00000	0
255	I	0.00000	1	0.00000	0
256	A	0.00000	1	0.00000	0
257	H	0.00000	1	0.00000	0
258	S	0.00000	1	0.00000	0
259	D	0.00000	1	0.00000	0
260	K	0.00000	1	0.00000	0
261	I	0.00000	1	0.00000	0
262	Y	0.00000	1	0.00000	0
263	S	0.00000	1	0.00000	0
264	N	0.00000	1	0.00000	0
265	A	0.00000	1	0.00000	0
266	G	0.00000	1	0.00000	0
267	E	0.00000	1	0.00000	0
268	K	0.00000	1	0.00000	0
269	S	0.00000	1	0.00000	0
270	F	0.00000	1	0.00000	0
271	D	0.00000	1	0.00000	0
272	R	0.00000	1	0.00000	0
273	L	0.00000	1	0.00000	0
274	L	0.00000	1	0.00000	0
275	R	0.00000	1	0.00000	0
276	K	0.00000	1	0.00000	0
277	L	0.00000	1	0.00000	0
278	R	0.00000	1	0.00000	0
279	E	0.00000	1	0.00000	0
280	R	0.00000	1	0.00000	0
281	L	0.00000	1	0.00000	0
282	P	0.00000	1	0.00000	0
283	K	0.00000	1	0.00000	0
284	A	0.00000	1	0.00000	0
285	R	0.00000	1	0.00000	0
286	V	0.00000	1	0.00000	0
287	V	0.00000	1	0.00000	0
288	V	0.00000	1	0.00000	0
289	C	0.00000	1	0.00000	0
290	F	0.00000	1	0.00000	0
291	C	0.00000	1	0.00000	0
292	E	0.00000	1	0.00000	0
293	G	0.00000	1	0.00000	0
294	M	0.00000	1	0.00000	0
295	T	0.00000	1	0.00000	0
296	V	0.00000	1	0.00000	0
297	R	0.00000	1	0.00000	0
298	G	0.00000	1	0.00000	0
299	L	0.00000	1	0.00000	0
300	L	0.00000	1	0.00000	0
301	S	0.00000	1	0.00000	0
302	A	0.00000	1	0.00000	0
303	M	0.00000	1	0.00000	0
304	R	0.00000	1	0.00000	0
305	R	0.00000	1	0.00000	0
306	L	0.00000	1	0.00000	0
307	G	0.00000	1	0.00000	0
308	V	0.00000	1	0.00000	0
309	V	0.00000	1	0.00000	0
310	G	0.00000	1	0.00000	0
311	E	0.00000	1	0.00000	0
312	F	0.00000	1	0.00000	0
313	S	0.00000	1	0.00000	0
314	L	0.00000	1	0.00000	0
315	I	0.00000	1	0.00000	0
316	G	0.00000	1	0.00000	0
317	S	0.00000	1	0.00000	0
318	D	0.00000	1	0.00000	0
319	G	0.00000	1	0.00000	0
320	W	0.00000	1	0.00000	0
321	A	0.00000	1	0.00000	0
322	D	0.00000	1	0.00000	0
323	R	0.00000	1	0.00000	0
324	D	0.00000	1	0.00000	0
325	E	0.00000	1	0.00000	0
326	V	0.00000	1	0.00000	0
327	I	0.00000	1	0.00000	0
328	E	0.00000	1	0.00000	0
329	G	0.00000	1	0.00000	0
330	Y	0.00000	1	0.00000	0
331	E	0.00000	1	0.00000	0
332	V	0.00000	1	0.00000	0
333	E	0.00000	1	0.00000	0
334	A	0.00000	1	0.00000	0
335	N	0.00000	1	0.00000	0
336	G	0.00000	1	0.00000	0
337	G	0.00000	1	0.00000	0
338	I	0.00000	1	0.00000	0
339	T	0.00000	1	0.00000	0
340	I	0.00000	1	0.00000	0
341	K	0.00000	1	0.00000	0
342	L	0.00000	1	0.00000	0
343	Q	0.00000	1	0.00000	0
344	S	0.00000	1	0.00000	0
345	P	0.00000	1	0.00000	0
346	E	0.00000	1	0.00000	0
347	V	0.00000	1	0.00000	0
348	R	0.00000	1	0.00000	0
349	S	0.00000	1	0.00000	0
350	F	0.00000	1	0.00000	0
351	D	0.00000	1	0.00000	0
352	D	0.00000	1	0.00000	0
353	Y	0.00000	1	0.00000	0
354	F	0.00000	1	0.00000	0
355	L	0.00000	1	0.00000	0
356	K	0.00000	1	0.00000	0
357	L	0.00000	1	0.00000	0
358	R	0.00000	1	0.00000	0
359	L	0.00000	1	0.00000	0
360	D	0.00000	1	0.00000	0
361	T	0.00000	1	0.00000	0
362	N	0.00000	1	0.00000	0
363	T	0.00000	1	0.00000	0
364	R	0.00000	1	0.00000	0
365	N	0.00000	1	0.00000	0
366	P	0.00000	1	0.00000	0
367	W	0.00000	1	0.00000	0
368	F	0.00000	1	0.00000	0
369	P	0.00000	1	0.00000	0
370	E	0.00000	1	0.00000	0
371	F	0.00000	1	0.00000	0
372	W	0.00000	1	0.00000	0
373	Q	0.00000	1	0.00000	0
374	H	0.00000	1	0.00000	0
375	R	0.00000	1	0.00000	0
376	F	0.00000	1	0.00000	0
377	Q	0.00000	1	0.00000	0
378	C	0.00000	1	0.00000	0
379	R	0.00000	1	0.00000	0
380	L	0.00000	1	0.00000	0
381	P	0.00000	1	0.00000	0
382	G	0.00000	1	0.00000	0
383	H	0.00000	1	0.00000	0
384	L	0.00000	1	0.00000	0
385	L	0.00000	1	0.00000	0
386	E	0.00000	1	0.00000	0
387	N	0.00000	1	0.00000	0
388	P	0.00000	1	0.00000	0
389	N	0.00000	1	0.00000	0
390	F	0.00000	1	0.00000	0
391	K	0.00000	1	0.00000	0
392	R	0.00000	1	0.00000	0
393	I	0.00000	1	0.00000	0
394	C	0.00000	1	0.00000	0
395	T	0.00000	1	0.00000	0
396	G	0.00000	1	0.00000	0
397	N	0.00000	1	0.00000	0
398	E	0.00000	1	0.00000	0
399	S	0.00000	1	0.00000	0
400	L	0.00000	1	0.00000	0
401	E	0.00000	1	0.00000	0
402	E	0.00000	1	0.00000	0
403	N	0.00000	1	0.00000	0
404	Y	0.00000	1	0.00000	0
405	V	0.00000	1	0.00000	0
406	Q	0.00000	1	0.00000	0
407	D	0.00000	1	0.00000	0
408	S	0.00000	1	0.00000	0
409	K	0.00000	1	0.00000	0
410	M	0.00000	1	0.00000	0
411	G	0.00000	1	0.00000	0
412	F	0.00000	1	0.00000	0
413	V	0.00000	1	0.00000	0
414	I	0.00000	1	0.00000	0
415	N	0.00000	1	0.00000	0
416	A	0.00000	1	0.00000	0
417	I	0.00000	1	0.00000	0
418	Y	0.00000	1	0.00000	0
419	A	0.00000	1	0.00000	0
420	M	0.00000	1	0.00000	0
421	A	0.00000	1	0.00000	0
422	H	0.00000	1	0.00000	0
423	G	0.00000	1	0.00000	0
424	L	0.00000	1	0.00000	0
425	Q	0.00000	1	0.00000	0
426	N	0.00000	1	0.00000	0
427	M	0.00000	1	0.00000	0
428	H	0.00000	1	0.00000	0
429	H	0.00000	1	0.00000	0
430	A	0.00000	1	0.00000	0
431	L	0.00000	1	0.00000	0
432	C	0.00000	1	0.00000	0
433	P	0.00000	1	0.00000	0
434	G	0.00000	1	0.00000	0
435	H	0.00000	1	0.00000	0
436	V	0.00000	1	0.00000	0
437	G	0.00000	1	0.00000	0
438	L	0.00000	1	0.00000	0
439	C	0.00000	1	0.00000	0
440	D	0.00000	1	0.00000	0
441	A	0.00000	1	0.00000	0
442	M	0.00000	1	0.00000	0
443	K	0.00000	1	0.00000	0
444	P	0.00000	1	0.00000	0
445	I	0.00000	1	0.00000	0
446	D	0.00000	1	0.00000	0
447	G	0.00000	1	0.00000	0
448	S	0.00000	1	0.00000	0
449	K	0.00000	1	0.00000	0
450	L	0.00000	1	0.00000	0
451	L	0.00000	1	0.00000	0
452	D	0.00000	1	0.00000	0
453	F	0.00000	1	0.00000	0
454	L	0.00000	1	0.00000	0
455	I	0.00000	1	0.00000	0
456	K	0.00000	1	0.00000	0
457	S	0.00000	1	0.00000	0
458	S	0.00000	1	0.00000	0
459	F	0.00000	1	0.00000	0
460	I	0.00000	1	0.00000	0
461	G	0.00000	1	0.00000	0
462	V	0.00000	1	0.00000	0
463	S	0.00000	1	0.00000	0
464	G	0.00000	1	0.00000	0
465	E	0.00000	1	0.00000	0
466	E	0.00000	1	0.00000	0
467	V	0.00000	1	0.00000	0
468	W	0.00000	1	0.00000	0
469	F	0.00000	1	0.00000	0
470	D	0.00000	1	0.00000	0
471	E	0.00000	1	0.00000	0
472	K	0.00000	1	0.00000	0
473	G	0.00000	1	0.00000	0
474	D	0.00000	1	0.00000	0
475	A	0.00000	1	0.00000	0
476	P	0.00000	1	0.00000	0
477	G	0.00000	1	0.00000	0
478	R	0.00000	1	0.00000	0
479	Y	0.00000	1	0.00000	0
480	D	0.00000	1	0.00000	0
481	I	0.00000	1	0.00000	0
482	M	0.00000	1	0.00000	0
483	N	0.00000	1	0.00000	0
484	L	0.00000	1	0.00000	0
485	Q	0.00000	1	0.00000	0
486	Y	0.00000	1	0.00000	0
487	T	0.00000	1	0.00000	0
488	E	0.00000	1	0.00000	0
489	A	0.00000	1	0.00000	0
490	N	0.00000	1	0.00000	0
491	R	0.00000	1	0.00000	0
492	Y	0.00000	1	0.00000	0
493	D	0.00000	1	0.00000	0
494	Y	0.00000	1	0.00000	0
495	V	0.00000	1	0.00000	0
496	H	0.00000	1	0.00000	0
497	V	0.00000	1	0.00000	0
498	G	0.00000	1	0.00000	0
499	T	0.00000	1	0.00000	0
500	W	0.00000	1	0.00000	0
501	H	0.00000	1	0.00000	0
502	E	0.00000	1	0.00000	0
503	G	0.00000	1	0.00000	0
504	V	0.00000	1	0.00000	0
505	L	0.00000	1	0.00000	0
506	N	0.00000	1	0.00000	0
507	I	0.00000	1	0.00000	0
508	D	0.00000	1	0.00000	0
509	D	0.00000	1	0.00000	0
510	Y	0.00000	1	0.00000	0
511	K	0.00000	1	0.00000	0
512	I	0.00000	1	0.00000	0
513	Q	0.00000	1	0.00000	0
514	M	0.00000	1	0.00000	0
515	N	0.00000	1	0.00000	0
516	K	0.00000	1	0.00000	0
517	S	0.00000	1	0.00000	0
518	G	0.00000	1	0.00000	0
519	V	0.00000	1	0.00000	0
520	V	0.00000	1	0.00000	0
521	R	0.00000	1	0.00000	0
522	S	0.00000	1	0.00000	0
523	V	0.00000	1	0.00000	0
524	C	0.00000	1	0.00000	0
525	S	0.00000	1	0.00000	0
526	E	0.00000	1	0.00000	0
527	P	0.00000	1	0.00000	0
528	C	0.00000	1	0.00000	0
529	L	0.00000	1	0.00000	0
530	K	0.00000	1	0.00000	0
531	G	0.00000	1	0.00000	0
532	Q	0.00000	1	0.00000	0
533	I	0.00000	1	0.00000	0
534	K	0.00000	1	0.00000	0
535	V	0.00000	1	0.00000	0
536	I	0.00000	1	0.00000	0
537	R	0.00000	1	0.00000	0
538	K	0.00000	1	0.00000	0
539	G	0.00000	1	0.00000	0
540	E	0.00000	1	0.00000	0
541	V	0.00000	1	0.00000	0
542	S	0.00000	1	0.00000	0
543	C	0.00000	1	0.00000	0
544	C	0.00000	1	0.00000	0
545	W	0.00000	1	0.00000	0
546	I	0.00000	1	0.00000	0
547	C	0.00000	1	0.00000	0
548	T	0.00000	1	0.00000	0
549	A	0.00000	1	0.00000	0
550	C	0.00000	1	0.00000	0
551	K	0.00000	1	0.00000	0
552	E	0.00000	1	0.00000	0
553	N	0.00000	1	0.00000	0
554	E	0.00000	1	0.00000	0
555	Y	0.00000	1	0.00000	0
556	V	0.00000	1	0.00000	0
557	Q	0.00000	1	0.00000	0
558	D	0.00000	1	0.00000	0
559	E	0.00000	1	0.00000	0
560	F	0.00000	1	0.00000	0
561	T	0.00000	1	0.00000	0
562	C	0.00000	1	0.00000	0
563	K	0.00000	1	0.00000	0
564	A	0.00000	1	0.00000	0
565	C	0.00000	1	0.00000	0
566	D	0.00000	1	0.00000	0
567	L	0.00000	1	0.00000	0
568	G	0.00000	1	0.00000	0
569	W	0.00000	1	0.00000	0
570	W	0.00000	1	0.00000	0
571	P	0.00000	1	0.00000	0
572	N	0.00000	1	0.00000	0
573	A	0.00000	1	0.00000	0
574	D	0.00000	1	0.00000	0
575	L	0.00000	1	0.00000	0
576	T	0.00000	1	0.00000	0
577	G	0.00000	1	0.00000	0
578	C	0.00000	1	0.00000	0
579	E	0.00000	1	0.00000	0
580	P	0.00000	1	0.00000	0
581	I	0.00000	1	0.00000	0
582	P	0.00000	1	0.00000	0
583	V	0.00000	1	0.00000	0
584	R	0.00000	1	0.00000	0
585	Y	0.00000	0.99995	0.00005	0
586	L	0.00000	0.99994	0.00006	0
587	E	0.00000	0.99994	0.00006	0
588	W	0.00000	0.99986	0.00014	0
589	S	0.00000	0.99985	0.00015	0
590	N	0.00000	0.9997	0.00030	0
591	I	0.00000	0.98721	0.01279	0
592	E	0.00000	0.98495	0.01505	0
593	S	0.00000	0.80045	0.19955	0
594	I	0.00000	0.17279	0.82721	0
595	I	0.00000	0.00877	0.99123	0
596	A	0.00000	0.00058	0.99942	0
597	I	0.00000	3e-05	0.99997	0
598	A	0.00000	0	1.00000	0
599	F	0.00000	0	1.00000	0
600	S	0.00000	0	1.00000	0
601	C	0.00000	0	1.00000	0
602	L	0.00000	0	1.00000	0
603	G	0.00000	0	1.00000	0
604	I	0.00000	0	1.00000	0
605	L	0.00000	0	1.00000	0
606	V	0.00000	0	1.00000	0
607	T	0.00000	0	1.00000	0
608	L	0.00000	0	1.00000	0
609	F	0.00000	0	1.00000	0
610	V	0.00000	0	1.00000	0
611	T	0.00000	0	1.00000	0
612	L	0.00000	0	1.00000	0
613	I	0.00000	0	1.00000	0
614	F	0.00004	0	0.99996	0
615	V	0.00109	0	0.99891	0
616	L	0.01202	0	0.98798	0
617	Y	0.18625	0	0.81375	0
618	R	0.97513	0	0.02487	0
619	D	0.99980	0	0.00020	0
620	T	0.99998	0	0.00002	0
621	P	1.00000	0	0.00000	0
622	V	1.00000	0	0.00000	0
623	V	1.00000	0	0.00000	0
624	K	1.00000	0	0.00000	0
625	S	1.00000	0	0.00000	0
626	S	1.00000	0	0.00000	0
627	S	0.99999	0	0.00001	0
628	R	0.99959	0	0.00041	0
629	E	0.90571	0	0.09429	0
630	L	0.04217	0	0.95783	0
631	C	0.00014	0	0.99986	0
632	Y	0.00000	0	1.00000	0
633	I	0.00000	0	1.00000	0
634	I	0.00000	0	1.00000	0
635	L	0.00000	0	1.00000	0
636	A	0.00000	0	1.00000	0
637	G	0.00000	0	1.00000	0
638	I	0.00000	0	1.00000	0
639	F	0.00000	0	1.00000	0
640	L	0.00000	0	1.00000	0
641	G	0.00000	0	1.00000	0
642	Y	0.00000	0	1.00000	0
643	V	0.00000	0	1.00000	0
644	C	0.00000	0	1.00000	0
645	P	0.00000	0	1.00000	0
646	F	0.00000	0	1.00000	0
647	T	0.00000	0	1.00000	0
648	L	0.00000	3e-05	0.99997	0
649	I	0.00000	0.00037	0.99963	0
650	A	0.00000	0.99876	0.00124	0
651	K	0.00000	0.99991	0.00009	0
652	P	0.00000	0.99999	0.00001	0
653	T	0.00000	1	0.00000	0
654	T	0.00000	1	0.00000	0
655	T	0.00000	1	0.00000	0
656	S	0.00000	1	0.00000	0
657	C	0.00000	1	0.00000	0
658	Y	0.00000	1	0.00000	0
659	L	0.00000	0.99998	0.00002	0
660	Q	0.00000	0.93959	0.06041	0
661	R	0.00000	0.48682	0.51318	0
662	L	0.00000	0.03334	0.96666	0
663	L	0.00000	0.002	0.99800	0
664	V	0.00000	0.00018	0.99982	0
665	G	0.00000	3e-05	0.99997	0
666	L	0.00000	0	1.00000	0
667	S	0.00000	0	1.00000	0
668	S	0.00000	0	1.00000	0
669	A	0.00000	0	1.00000	0
670	M	0.00000	0	1.00000	0
671	C	0.00000	0	1.00000	0
672	Y	0.00000	0	1.00000	0
673	S	0.00000	0	1.00000	0
674	A	0.00000	0	1.00000	0
675	L	0.00000	0	1.00000	0
676	V	0.00000	0	1.00000	0
677	T	0.00000	0	1.00000	0
678	K	0.00000	0	1.00000	0
679	T	0.00000	0	1.00000	0
680	N	0.00014	0	0.99986	0
681	R	0.00313	0	0.99687	0
682	I	0.03357	0	0.96643	0
683	A	0.60404	0	0.39596	0
684	R	0.62417	0	0.37583	0
685	I	0.78229	0	0.21771	0
686	L	0.99989	0	0.00011	0
687	A	0.99998	0	0.00002	0
688	G	0.99998	0	0.00002	0
689	S	1.00000	0	0.00000	0
690	K	1.00000	0	0.00000	0
691	K	1.00000	0	0.00000	0
692	K	1.00000	0	0.00000	0
693	I	1.00000	0	0.00000	0
694	C	1.00000	0	0.00000	0
695	T	1.00000	0	0.00000	0
696	R	1.00000	0	0.00000	0
697	K	1.00000	0	0.00000	0
698	P	1.00000	0	0.00000	0
699	R	0.99985	0	0.00015	0
700	F	0.64651	0	0.35349	0
701	M	0.56946	0	0.43054	0
702	S	0.54883	0	0.45117	0
703	A	0.47057	0	0.52943	0
704	W	0.34045	0	0.65955	0
705	A	0.27663	0	0.72337	0
706	Q	0.18914	0	0.81086	0
707	V	0.00434	0	0.99566	0
708	I	0.00001	0	0.99999	0
709	I	0.00000	0	1.00000	0
710	A	0.00000	0	1.00000	0
711	S	0.00000	0	1.00000	0
712	I	0.00000	0	1.00000	0
713	L	0.00000	0	1.00000	0
714	I	0.00000	0	1.00000	0
715	S	0.00000	0	1.00000	0
716	V	0.00000	0	1.00000	0
717	Q	0.00000	0	1.00000	0
718	L	0.00000	0	1.00000	0
719	T	0.00000	0.0004	0.99960	0
720	L	0.00000	0.00349	0.99651	0
721	V	0.00000	0.0583	0.94170	0
722	V	0.00000	0.24168	0.75832	0
723	T	0.00000	0.36706	0.63294	0
724	L	0.00000	0.39356	0.60644	0
725	I	0.00000	0.43769	0.56231	0
726	I	0.00000	0.49485	0.50515	0
727	M	0.00000	0.59588	0.40412	0
728	E	0.00000	0.99147	0.00853	0
729	P	0.00000	0.99893	0.00107	0
730	P	0.00000	0.99982	0.00018	0
731	M	0.00000	0.9999	0.00010	0
732	P	0.00000	1	0.00000	0
733	I	0.00000	1	0.00000	0
734	L	0.00000	1	0.00000	0
735	S	0.00000	1	0.00000	0
736	Y	0.00000	1	0.00000	0
737	P	0.00000	1	0.00000	0
738	S	0.00000	1	0.00000	0
739	I	0.00000	1	0.00000	0
740	K	0.00000	1	0.00000	0
741	E	0.00000	0.99997	0.00003	0
742	V	0.00000	0.99907	0.00093	0
743	Y	0.00000	0.99895	0.00105	0
744	L	0.00000	0.99758	0.00242	0
745	I	0.00000	0.99653	0.00347	0
746	C	0.00000	0.99652	0.00348	0
747	N	0.00000	0.98246	0.01754	0
748	T	0.00000	0.97205	0.02795	0
749	S	0.00000	0.95596	0.04404	0
750	N	0.00000	0.93992	0.06008	0
751	L	0.00000	0.00258	0.99742	0
752	G	0.00000	0.00238	0.99762	0
753	V	0.00000	1e-05	0.99999	0
754	V	0.00000	0	1.00000	0
755	A	0.00000	0	1.00000	0
756	P	0.00000	0	1.00000	0
757	L	0.00000	0	1.00000	0
758	G	0.00000	0	1.00000	0
759	Y	0.00000	0	1.00000	0
760	N	0.00000	0	1.00000	0
761	G	0.00000	0	1.00000	0
762	L	0.00000	0	1.00000	0
763	L	0.00000	0	1.00000	0
764	I	0.00003	0	0.99997	0
765	M	0.00012	0	0.99988	0
766	S	0.00036	0	0.99964	0
767	C	0.00047	0	0.99953	0
768	T	0.00083	0	0.99917	0
769	Y	0.00092	0	0.99908	0
770	Y	0.00124	0	0.99876	0
771	A	0.00360	0	0.99640	0
772	F	0.02170	0	0.97830	0
773	K	0.84179	0	0.15821	0
774	T	0.98888	0	0.01112	0
775	R	0.99991	0	0.00009	0
776	N	0.99999	0	0.00001	0
777	V	1.00000	0	0.00000	0
778	P	1.00000	0	0.00000	0
779	A	1.00000	0	0.00000	0
780	N	1.00000	0	0.00000	0
781	F	1.00000	0	0.00000	0
782	N	1.00000	0	0.00000	0
783	E	1.00000	0	0.00000	0
784	A	0.99393	0	0.00607	0
785	K	0.95213	0	0.04787	0
786	Y	0.82553	0	0.17447	0
787	I	0.00806	0	0.99194	0
788	A	0.00142	0	0.99858	0
789	F	0.00006	0	0.99994	0
790	T	0.00000	0	1.00000	0
791	M	0.00000	0	1.00000	0
792	Y	0.00000	0	1.00000	0
793	T	0.00000	0	1.00000	0
794	T	0.00000	0	1.00000	0
795	C	0.00000	0	1.00000	0
796	I	0.00000	0	1.00000	0
797	I	0.00000	0	1.00000	0
798	W	0.00000	0	1.00000	0
799	L	0.00000	0	1.00000	0
800	A	0.00000	0	1.00000	0
801	F	0.00000	0	1.00000	0
802	V	0.00000	0	1.00000	0
803	P	0.00000	1e-05	0.99999	0
804	I	0.00000	6e-05	0.99994	0
805	Y	0.00000	0.00171	0.99829	0
806	F	0.00000	0.01228	0.98772	0
807	G	0.00000	0.28124	0.71876	0
808	S	0.00000	0.56402	0.43598	0
809	N	0.00000	0.95699	0.04301	0
810	Y	0.00000	0.92431	0.07569	0
811	K	0.00000	0.61246	0.38754	0
812	I	0.00000	0.10539	0.89461	0
813	I	0.00000	0.00988	0.99012	0
814	T	0.00000	0.00381	0.99619	0
815	T	0.00000	0.00149	0.99851	0
816	C	0.00000	0.00136	0.99864	0
817	F	0.00000	0.00017	0.99983	0
818	A	0.00000	0.00011	0.99989	0
819	V	0.00000	4e-05	0.99996	0
820	S	0.00000	3e-05	0.99997	0
821	L	0.00000	0	1.00000	0
822	S	0.00000	0	1.00000	0
823	V	0.00000	0	1.00000	0
824	T	0.00000	0	1.00000	0
825	V	0.00000	0	1.00000	0
826	A	0.00000	0	1.00000	0
827	L	0.00000	0	1.00000	0
828	G	0.00001	0	0.99999	0
829	C	0.00010	0	0.99990	0
830	M	0.00203	0	0.99797	0
831	F	0.00966	0	0.99034	0
832	T	0.22478	0	0.77522	0
833	P	0.71860	0	0.28140	0
834	K	0.99813	0	0.00187	0
835	M	0.99813	0	0.00187	0
836	Y	0.99813	0	0.00187	0
837	I	0.99813	0	0.00187	0
838	I	0.99813	0	0.00187	0
839	I	0.99813	0	0.00187	0
840	A	0.99976	0	0.00024	0
841	K	1.00000	0	0.00000	0
842	P	1.00000	0	0.00000	0
843	E	1.00000	0	0.00000	0
844	R	1.00000	0	0.00000	0
845	N	1.00000	0	0.00000	0
846	V	1.00000	0	0.00000	0
847	R	1.00000	0	0.00000	0
848	S	1.00000	0	0.00000	0
849	A	1.00000	0	0.00000	0
850	F	1.00000	0	0.00000	0
851	T	1.00000	0	0.00000	0
852	T	1.00000	0	0.00000	0
853	S	1.00000	0	0.00000	0
854	D	1.00000	0	0.00000	0
855	V	1.00000	0	0.00000	0
856	V	1.00000	0	0.00000	0
857	R	1.00000	0	0.00000	0
858	M	1.00000	0	0.00000	0
859	H	1.00000	0	0.00000	0
860	V	1.00000	0	0.00000	0
861	G	1.00000	0	0.00000	0
862	D	1.00000	0	0.00000	0
863	G	1.00000	0	0.00000	0
864	K	1.00000	0	0.00000	0
865	L	1.00000	0	0.00000	0
866	P	1.00000	0	0.00000	0
867	C	1.00000	0	0.00000	0
868	R	1.00000	0	0.00000	0
869	S	1.00000	0	0.00000	0
870	N	1.00000	0	0.00000	0
871	T	1.00000	0	0.00000	0
872	F	1.00000	0	0.00000	0
873	L	1.00000	0	0.00000	0
874	N	1.00000	0	0.00000	0
875	I	1.00000	0	0.00000	0
876	F	1.00000	0	0.00000	0
877	R	1.00000	0	0.00000	0
878	R	1.00000	0	0.00000	0
879	K	1.00000	0	0.00000	0
880	K	1.00000	0	0.00000	0
881	A	1.00000	0	0.00000	0
882	G	1.00000	0	0.00000	0
883	A	1.00000	0	0.00000	0
884	G	1.00000	0	0.00000	0
885	N	1.00000	0	0.00000	0
886	A	1.00000	0	0.00000	0
887	N	1.00000	0	0.00000	0
888	S	1.00000	0	0.00000	0
889	N	1.00000	0	0.00000	0
890	G	1.00000	0	0.00000	0
891	K	1.00000	0	0.00000	0
892	S	1.00000	0	0.00000	0
893	V	1.00000	0	0.00000	0
894	S	1.00000	0	0.00000	0
895	W	1.00000	0	0.00000	0
896	S	1.00000	0	0.00000	0
897	E	1.00000	0	0.00000	0
898	P	1.00000	0	0.00000	0
899	G	1.00000	0	0.00000	0
900	G	1.00000	0	0.00000	0
901	G	1.00000	0	0.00000	0
902	Q	1.00000	0	0.00000	0
903	V	1.00000	0	0.00000	0
904	P	1.00000	0	0.00000	0
905	K	1.00000	0	0.00000	0
906	G	1.00000	0	0.00000	0
907	Q	1.00000	0	0.00000	0
908	H	1.00000	0	0.00000	0
909	M	1.00000	0	0.00000	0
910	W	1.00000	0	0.00000	0
911	H	1.00000	0	0.00000	0
912	R	1.00000	0	0.00000	0
913	L	1.00000	0	0.00000	0
914	S	1.00000	0	0.00000	0
915	V	1.00000	0	0.00000	0
916	H	1.00000	0	0.00000	0
917	V	1.00000	0	0.00000	0
918	K	1.00000	0	0.00000	0
919	T	1.00000	0	0.00000	0
920	N	1.00000	0	0.00000	0
921	E	1.00000	0	0.00000	0
922	T	1.00000	0	0.00000	0
923	A	1.00000	0	0.00000	0
924	C	1.00000	0	0.00000	0
925	N	1.00000	0	0.00000	0
926	Q	1.00000	0	0.00000	0
927	T	1.00000	0	0.00000	0
928	A	1.00000	0	0.00000	0
929	V	1.00000	0	0.00000	0
930	I	1.00000	0	0.00000	0
931	K	1.00000	0	0.00000	0
932	P	1.00000	0	0.00000	0
933	L	1.00000	0	0.00000	0
934	T	1.00000	0	0.00000	0
935	K	1.00000	0	0.00000	0
936	S	1.00000	0	0.00000	0
937	Y	1.00000	0	0.00000	0
938	Q	1.00000	0	0.00000	0
939	G	1.00000	0	0.00000	0
940	S	1.00000	0	0.00000	0
941	G	1.00000	0	0.00000	0
942	K	1.00000	0	0.00000	0
943	S	1.00000	0	0.00000	0
944	L	1.00000	0	0.00000	0
945	T	1.00000	0	0.00000	0
946	F	1.00000	0	0.00000	0
947	S	1.00000	0	0.00000	0
948	D	1.00000	0	0.00000	0
949	T	1.00000	0	0.00000	0
950	S	1.00000	0	0.00000	0
951	T	1.00000	0	0.00000	0
952	K	1.00000	0	0.00000	0
953	T	1.00000	0	0.00000	0
954	L	1.00000	0	0.00000	0
955	Y	1.00000	0	0.00000	0
956	N	1.00000	0	0.00000	0
957	V	1.00000	0	0.00000	0
958	E	1.00000	0	0.00000	0
959	E	1.00000	0	0.00000	0
960	E	1.00000	0	0.00000	0
961	E	1.00000	0	0.00000	0
962	D	1.00000	0	0.00000	0
963	A	1.00000	0	0.00000	0
964	Q	1.00000	0	0.00000	0
965	P	1.00000	0	0.00000	0
966	I	1.00000	0	0.00000	0
967	R	1.00000	0	0.00000	0
968	F	1.00000	0	0.00000	0
969	S	1.00000	0	0.00000	0
970	P	1.00000	0	0.00000	0
971	P	1.00000	0	0.00000	0
972	G	1.00000	0	0.00000	0
973	S	1.00000	0	0.00000	0
974	P	1.00000	0	0.00000	0
975	S	1.00000	0	0.00000	0
976	M	1.00000	0	0.00000	0
977	V	1.00000	0	0.00000	0
978	V	1.00000	0	0.00000	0
979	H	1.00000	0	0.00000	0
980	R	1.00000	0	0.00000	0
981	R	1.00000	0	0.00000	0
982	V	1.00000	0	0.00000	0
983	P	1.00000	0	0.00000	0
984	S	1.00000	0	0.00000	0
985	A	1.00000	0	0.00000	0
986	A	1.00000	0	0.00000	0
987	T	1.00000	0	0.00000	0
988	T	1.00000	0	0.00000	0
989	P	1.00000	0	0.00000	0
990	P	1.00000	0	0.00000	0
991	L	1.00000	0	0.00000	0
992	P	1.00000	0	0.00000	0
993	S	1.00000	0	0.00000	0
994	H	1.00000	0	0.00000	0
995	L	1.00000	0	0.00000	0
996	T	1.00000	0	0.00000	0
997	A	1.00000	0	0.00000	0
998	E	1.00000	0	0.00000	0
999	E	1.00000	0	0.00000	0
1000	T	1.00000	0	0.00000	0
1001	P	1.00000	0	0.00000	0
1002	L	1.00000	0	0.00000	0
1003	F	1.00000	0	0.00000	0
1004	L	1.00000	0	0.00000	0
1005	A	1.00000	0	0.00000	0
1006	E	1.00000	0	0.00000	0
1007	P	1.00000	0	0.00000	0
1008	A	1.00000	0	0.00000	0
1009	L	1.00000	0	0.00000	0
1010	P	1.00000	0	0.00000	0
1011	K	1.00000	0	0.00000	0
1012	G	1.00000	0	0.00000	0
1013	L	1.00000	0	0.00000	0
1014	P	1.00000	0	0.00000	0
1015	P	1.00000	0	0.00000	0
1016	P	1.00000	0	0.00000	0
1017	L	1.00000	0	0.00000	0
1018	Q	1.00000	0	0.00000	0
1019	Q	1.00000	0	0.00000	0
1020	Q	1.00000	0	0.00000	0
1021	Q	1.00000	0	0.00000	0
1022	Q	1.00000	0	0.00000	0
1023	P	1.00000	0	0.00000	0
1024	P	1.00000	0	0.00000	0
1025	P	1.00000	0	0.00000	0
1026	Q	1.00000	0	0.00000	0
1027	Q	1.00000	0	0.00000	0
1028	K	1.00000	0	0.00000	0
1029	S	1.00000	0	0.00000	0
1030	L	1.00000	0	0.00000	0
1031	M	1.00000	0	0.00000	0
1032	D	1.00000	0	0.00000	0
1033	Q	1.00000	0	0.00000	0
1034	L	1.00000	0	0.00000	0
1035	Q	1.00000	0	0.00000	0
1036	G	1.00000	0	0.00000	0
1037	V	1.00000	0	0.00000	0
1038	V	1.00000	0	0.00000	0
1039	S	1.00000	0	0.00000	0
1040	N	1.00000	0	0.00000	0
1041	F	1.00000	0	0.00000	0
1042	S	1.00000	0	0.00000	0
1043	T	1.00000	0	0.00000	0
1044	A	1.00000	0	0.00000	0
1045	I	1.00000	0	0.00000	0
1046	P	1.00000	0	0.00000	0
1047	D	1.00000	0	0.00000	0
1048	F	1.00000	0	0.00000	0
1049	H	1.00000	0	0.00000	0
1050	A	1.00000	0	0.00000	0
1051	V	1.00000	0	0.00000	0
1052	L	1.00000	0	0.00000	0
1053	A	1.00000	0	0.00000	0
1054	G	1.00000	0	0.00000	0
1055	P	1.00000	0	0.00000	0
1056	G	1.00000	0	0.00000	0
1057	G	1.00000	0	0.00000	0
1058	P	1.00000	0	0.00000	0
1059	G	1.00000	0	0.00000	0
1060	N	1.00000	0	0.00000	0
1061	G	1.00000	0	0.00000	0
1062	L	1.00000	0	0.00000	0
1063	R	1.00000	0	0.00000	0
1064	S	1.00000	0	0.00000	0
1065	L	1.00000	0	0.00000	0
1066	Y	1.00000	0	0.00000	0
1067	P	1.00000	0	0.00000	0
1068	P	1.00000	0	0.00000	0
1069	P	1.00000	0	0.00000	0
1070	P	1.00000	0	0.00000	0
1071	P	1.00000	0	0.00000	0
1072	P	1.00000	0	0.00000	0
1073	Q	1.00000	0	0.00000	0
1074	H	1.00000	0	0.00000	0
1075	L	1.00000	0	0.00000	0
1076	Q	1.00000	0	0.00000	0
1077	M	1.00000	0	0.00000	0
1078	L	1.00000	0	0.00000	0
1079	P	1.00000	0	0.00000	0
1080	L	1.00000	0	0.00000	0
1081	Q	1.00000	0	0.00000	0
1082	L	1.00000	0	0.00000	0
1083	S	1.00000	0	0.00000	0
1084	T	1.00000	0	0.00000	0
1085	F	1.00000	0	0.00000	0
1086	G	1.00000	0	0.00000	0
1087	E	1.00000	0	0.00000	0
1088	E	1.00000	0	0.00000	0
1089	L	1.00000	0	0.00000	0
1090	V	1.00000	0	0.00000	0
1091	S	1.00000	0	0.00000	0
1092	P	1.00000	0	0.00000	0
1093	P	1.00000	0	0.00000	0
1094	A	1.00000	0	0.00000	0
1095	D	1.00000	0	0.00000	0
1096	D	1.00000	0	0.00000	0
1097	D	1.00000	0	0.00000	0
1098	D	1.00000	0	0.00000	0
1099	D	1.00000	0	0.00000	0
1100	S	1.00000	0	0.00000	0
1101	E	1.00000	0	0.00000	0
1102	R	1.00000	0	0.00000	0
1103	F	1.00000	0	0.00000	0
1104	K	1.00000	0	0.00000	0
1105	L	1.00000	0	0.00000	0
1106	L	1.00000	0	0.00000	0
1107	Q	1.00000	0	0.00000	0
1108	E	1.00000	0	0.00000	0
1109	Y	1.00000	0	0.00000	0
1110	V	1.00000	0	0.00000	0
1111	Y	1.00000	0	0.00000	0
1112	E	1.00000	0	0.00000	0
1113	H	1.00000	0	0.00000	0
1114	E	1.00000	0	0.00000	0
1115	R	1.00000	0	0.00000	0
1116	E	1.00000	0	0.00000	0
1117	G	1.00000	0	0.00000	0
1118	N	1.00000	0	0.00000	0
1119	T	1.00000	0	0.00000	0
1120	E	1.00000	0	0.00000	0
1121	E	1.00000	0	0.00000	0
1122	D	1.00000	0	0.00000	0
1123	E	1.00000	0	0.00000	0
1124	L	1.00000	0	0.00000	0
1125	E	1.00000	0	0.00000	0
1126	E	1.00000	0	0.00000	0
1127	E	1.00000	0	0.00000	0
1128	E	1.00000	0	0.00000	0
1129	E	1.00000	0	0.00000	0
1130	D	1.00000	0	0.00000	0
1131	L	1.00000	0	0.00000	0
1132	Q	1.00000	0	0.00000	0
1133	A	1.00000	0	0.00000	0
1134	A	1.00000	0	0.00000	0
1135	S	1.00000	0	0.00000	0
1136	K	1.00000	0	0.00000	0
1137	L	1.00000	0	0.00000	0
1138	T	1.00000	0	0.00000	0
1139	P	1.00000	0	0.00000	0
1140	D	1.00000	0	0.00000	0
1141	D	1.00000	0	0.00000	0
1142	S	1.00000	0	0.00000	0
1143	P	1.00000	0	0.00000	0
1144	A	1.00000	0	0.00000	0
1145	L	1.00000	0	0.00000	0
1146	T	1.00000	0	0.00000	0
1147	P	1.00000	0	0.00000	0
1148	P	1.00000	0	0.00000	0
1149	S	1.00000	0	0.00000	0
1150	P	1.00000	0	0.00000	0
1151	F	1.00000	0	0.00000	0
1152	R	1.00000	0	0.00000	0
1153	D	1.00000	0	0.00000	0
1154	S	1.00000	0	0.00000	0
1155	V	1.00000	0	0.00000	0
1156	A	1.00000	0	0.00000	0
1157	S	1.00000	0	0.00000	0
1158	G	1.00000	0	0.00000	0
1159	S	1.00000	0	0.00000	0
1160	S	1.00000	0	0.00000	0
1161	V	1.00000	0	0.00000	0
1162	P	1.00000	0	0.00000	0
1163	S	1.00000	0	0.00000	0
1164	S	1.00000	0	0.00000	0
1165	P	1.00000	0	0.00000	0
1166	V	1.00000	0	0.00000	0
1167	S	1.00000	0	0.00000	0
1168	E	1.00000	0	0.00000	0
1169	S	1.00000	0	0.00000	0
1170	V	1.00000	0	0.00000	0
1171	L	1.00000	0	0.00000	0
1172	C	1.00000	0	0.00000	0
1173	T	1.00000	0	0.00000	0
1174	P	1.00000	0	0.00000	0
1175	P	1.00000	0	0.00000	0
1176	N	1.00000	0	0.00000	0
1177	V	1.00000	0	0.00000	0
1178	S	1.00000	0	0.00000	0
1179	Y	1.00000	0	0.00000	0
1180	A	1.00000	0	0.00000	0
1181	S	1.00000	0	0.00000	0
1182	V	1.00000	0	0.00000	0
1183	I	1.00000	0	0.00000	0
1184	L	1.00000	0	0.00000	0
1185	R	1.00000	0	0.00000	0
1186	D	1.00000	0	0.00000	0
1187	Y	1.00000	0	0.00000	0
1188	K	1.00000	0	0.00000	0
1189	Q	1.00000	0	0.00000	0
1190	S	1.00000	0	0.00000	0
1191	S	1.00000	0	0.00000	0
1192	S	1.00000	0	0.00000	0
1193	T	1.00000	0	0.00000	0
1194	L	1.00000	0	0.00000	0
