# UNNAMED
#pos	aa	i	o	M	S
1	M	0.00000	1	0.00000	0
2	Y	0.00000	1	0.00000	0
3	K	0.00000	1	0.00000	0
4	D	0.00000	1	0.00000	0
5	C	0.00000	1	0.00000	0
6	I	0.00000	1	0.00000	0
7	E	0.00000	1	0.00000	0
8	S	0.00000	1	0.00000	0
9	T	0.00000	1	0.00000	0
10	G	0.00000	1	0.00000	0
11	D	0.00000	1	0.00000	0
12	Y	0.00000	1	0.00000	0
13	F	0.00000	1	0.00000	0
14	L	0.00000	1	0.00000	0
15	L	0.00000	1	0.00000	0
16	C	0.00000	1	0.00000	0
17	D	0.00000	1	0.00000	0
18	A	0.00000	0.99977	0.00023	0
19	E	0.00000	0.9996	0.00040	0
20	G	0.00000	0.97778	0.02222	0
21	P	0.00000	0.81022	0.18978	0
22	W	0.00000	0.16307	0.83693	0
23	G	0.00000	0.10894	0.89106	0
24	I	0.00000	0.04619	0.95381	0
25	I	0.00000	0.0382	0.96180	0
26	L	0.00000	0.03713	0.96287	0
27	E	0.00000	0.0359	0.96410	0
28	S	0.00000	0.01916	0.98084	0
29	L	0.00000	0.00698	0.99302	0
30	A	0.00000	0.00169	0.99831	0
31	I	0.00000	0.00013	0.99987	0
32	L	0.00000	4e-05	0.99996	0
33	G	0.00000	1e-05	0.99999	0
34	I	0.00000	0	1.00000	0
35	V	0.00000	0	1.00000	0
36	V	0.00000	0	1.00000	0
37	T	0.00000	0	1.00000	0
38	I	0.00000	0	1.00000	0
39	L	0.00000	0	1.00000	0
40	L	0.00000	0	1.00000	0
41	L	0.00000	0	1.00000	0
42	L	0.00000	0	1.00000	0
43	A	0.00000	0	1.00000	0
44	F	0.00000	0	1.00000	0
45	L	0.00007	0	0.99993	0
46	F	0.00134	0	0.99866	0
47	L	0.03446	0	0.96554	0
48	M	0.33388	0	0.66612	0
49	R	0.96023	0	0.03977	0
50	K	0.98892	0	0.01108	0
51	I	0.99022	0	0.00978	0
52	Q	0.99963	0	0.00037	0
53	D	1.00000	0	0.00000	0
54	C	0.99999	0	0.00001	0
55	S	0.99998	0	0.00002	0
56	Q	0.99977	0	0.00023	0
57	W	0.99977	0	0.00023	0
58	N	0.99976	0	0.00024	0
59	V	0.99976	0	0.00024	0
60	L	0.99976	0	0.00024	0
61	P	0.99976	0	0.00024	0
62	T	0.80509	0	0.19491	0
63	Q	0.32997	0	0.67003	0
64	L	0.00045	0	0.99955	0
65	L	0.00000	0	1.00000	0
66	F	0.00000	0	1.00000	0
67	L	0.00000	0	1.00000	0
68	L	0.00000	0	1.00000	0
69	S	0.00000	0	1.00000	0
70	V	0.00000	0	1.00000	0
71	L	0.00000	0	1.00000	0
72	G	0.00000	0	1.00000	0
73	L	0.00000	0	1.00000	0
74	F	0.00000	0	1.00000	0
75	G	0.00000	0	1.00000	0
76	L	0.00000	1e-05	0.99999	0
77	A	0.00000	3e-05	0.99997	0
78	F	0.00000	4e-05	0.99996	0
79	A	0.00000	0.00011	0.99989	0
80	F	0.00000	0.00043	0.99957	0
81	I	0.00000	0.00515	0.99485	0
82	I	0.00000	0.08305	0.91695	0
83	E	0.00000	0.9571	0.04290	0
84	L	0.00000	0.9883	0.01170	0
85	N	0.00000	0.99993	0.00007	0
86	Q	0.00000	1	0.00000	0
87	Q	0.00000	1	0.00000	0
88	T	0.00000	1	0.00000	0
89	A	0.00000	1	0.00000	0
90	P	0.00000	0.99999	0.00001	0
91	V	0.00000	0.99865	0.00135	0
92	R	0.00000	0.98096	0.01904	0
93	Y	0.00000	0.68371	0.31629	0
94	F	0.00000	0.05729	0.94271	0
95	L	0.00000	0.00789	0.99211	0
96	F	0.00000	0.00044	0.99956	0
97	G	0.00000	0.00013	0.99987	0
98	V	0.00000	0	1.00000	0
99	L	0.00000	0	1.00000	0
100	F	0.00000	0	1.00000	0
101	A	0.00000	0	1.00000	0
102	L	0.00000	0	1.00000	0
103	C	0.00000	0	1.00000	0
104	F	0.00000	0	1.00000	0
105	S	0.00000	0	1.00000	0
106	C	0.00000	0	1.00000	0
107	L	0.00000	0	1.00000	0
108	L	0.00000	0	1.00000	0
109	A	0.00000	0	1.00000	0
110	H	0.00000	0	1.00000	0
111	A	0.00012	0	0.99988	0
112	S	0.00368	0	0.99632	0
113	N	0.03988	0	0.96012	0
114	L	0.19728	0	0.80272	0
115	V	0.95346	0	0.04654	0
116	K	0.97179	0	0.02821	0
117	L	0.98155	0	0.01845	0
118	V	0.99823	0	0.00177	0
119	R	0.99993	0	0.00007	0
120	G	1.00000	0	0.00000	0
121	C	1.00000	0	0.00000	0
122	V	1.00000	0	0.00000	0
123	S	1.00000	0	0.00000	0
124	F	0.99999	0	0.00001	0
125	S	0.99999	0	0.00001	0
126	W	0.99996	0	0.00004	0
127	T	0.99852	0	0.00148	0
128	T	0.96399	0	0.03601	0
129	I	0.56293	0	0.43707	0
130	L	0.10112	0	0.89888	0
131	C	0.00074	0	0.99926	0
132	I	0.00001	0	0.99999	0
133	A	0.00000	0	1.00000	0
134	I	0.00000	0	1.00000	0
135	G	0.00000	0	1.00000	0
136	C	0.00000	0	1.00000	0
137	S	0.00000	0	1.00000	0
138	L	0.00000	0	1.00000	0
139	L	0.00000	0	1.00000	0
140	Q	0.00000	0	1.00000	0
141	I	0.00000	0	1.00000	0
142	I	0.00000	0	1.00000	0
143	I	0.00000	0	1.00000	0
144	A	0.00000	0	1.00000	0
145	T	0.00000	2e-05	0.99998	0
146	E	0.00000	0.00031	0.99969	0
147	Y	0.00000	0.00058	0.99942	0
148	V	0.00000	0.00463	0.99537	0
149	T	0.00000	0.06815	0.93185	0
150	L	0.00000	0.12067	0.87933	0
151	I	0.00000	0.38041	0.61959	0
152	M	0.00000	0.74491	0.25509	0
153	T	0.00000	0.96627	0.03373	0
154	R	0.00000	0.99971	0.00029	0
155	G	0.00000	0.99999	0.00001	0
156	M	0.00000	1	0.00000	0
157	M	0.00000	1	0.00000	0
158	F	0.00000	1	0.00000	0
159	V	0.00000	1	0.00000	0
160	N	0.00000	1	0.00000	0
161	M	0.00000	1	0.00000	0
162	T	0.00000	0.99999	0.00001	0
163	P	0.00000	0.99997	0.00003	0
164	C	0.00000	0.95903	0.04097	0
165	Q	0.00000	0.95887	0.04113	0
166	L	0.00000	0.95637	0.04363	0
167	N	0.00000	0.95611	0.04389	0
168	V	0.00000	0.95582	0.04418	0
169	D	0.00000	0.95562	0.04438	0
170	F	0.00000	0.29926	0.70074	0
171	V	0.00000	0.04278	0.95722	0
172	V	0.00000	0.00036	0.99964	0
173	L	0.00000	1e-05	0.99999	0
174	L	0.00000	0	1.00000	0
175	V	0.00000	0	1.00000	0
176	Y	0.00000	0	1.00000	0
177	V	0.00000	0	1.00000	0
178	L	0.00000	0	1.00000	0
179	F	0.00000	0	1.00000	0
180	L	0.00000	0	1.00000	0
181	M	0.00000	0	1.00000	0
182	A	0.00000	0	1.00000	0
183	L	0.00000	0	1.00000	0
184	T	0.00000	0	1.00000	0
185	F	0.00000	0	1.00000	0
186	F	0.00019	0	0.99981	0
187	V	0.00546	0	0.99454	0
188	S	0.03743	0	0.96257	0
189	K	0.04321	0	0.95679	0
190	A	0.04361	0	0.95639	0
191	T	0.04559	0	0.95441	0
192	F	0.04954	0	0.95046	0
193	C	0.11886	0	0.88114	0
194	G	0.97183	0	0.02817	0
195	P	0.99960	0	0.00040	0
196	C	1.00000	0	0.00000	0
197	E	1.00000	0	0.00000	0
198	N	1.00000	0	0.00000	0
199	W	1.00000	0	0.00000	0
200	K	1.00000	0	0.00000	0
201	Q	1.00000	0	0.00000	0
202	H	1.00000	0	0.00000	0
203	G	0.99866	0	0.00134	0
204	R	0.79866	0	0.20134	0
205	L	0.00183	0	0.99817	0
206	I	0.00059	0	0.99941	0
207	F	0.00033	0	0.99967	0
208	I	0.00000	0	1.00000	0
209	T	0.00000	0	1.00000	0
210	V	0.00000	0	1.00000	0
211	L	0.00000	0	1.00000	0
212	F	0.00000	0	1.00000	0
213	S	0.00000	0	1.00000	0
214	I	0.00000	0	1.00000	0
215	I	0.00000	0	1.00000	0
216	I	0.00000	0	1.00000	0
217	W	0.00000	0	1.00000	0
218	V	0.00000	0	1.00000	0
219	V	0.00000	0	1.00000	0
220	W	0.00000	0	1.00000	0
221	I	0.00000	0	1.00000	0
222	S	0.00000	0	1.00000	0
223	M	0.00000	1e-05	0.99999	0
224	L	0.00000	0.00102	0.99898	0
225	L	0.00000	0.04418	0.95582	0
226	R	0.00000	0.81764	0.18236	0
227	G	0.00000	0.92302	0.07698	0
228	N	0.00000	0.99217	0.00783	0
229	P	0.00000	0.99819	0.00181	0
230	Q	0.00000	0.99978	0.00022	0
231	F	0.00000	0.99996	0.00004	0
232	Q	0.00000	0.99998	0.00002	0
233	R	0.00000	0.99625	0.00375	0
234	Q	0.00000	0.98918	0.01082	0
235	P	0.00000	0.9803	0.01970	0
236	Q	0.00000	0.97643	0.02357	0
237	W	0.00000	0.96228	0.03772	0
238	D	0.00000	0.95369	0.04631	0
239	D	0.00000	0.92517	0.07483	0
240	P	0.00000	0.62803	0.37197	0
241	V	0.00000	0.20597	0.79403	0
242	V	0.00000	0.17621	0.82379	0
243	C	0.00000	0.1628	0.83720	0
244	I	0.00000	0.08856	0.91144	0
245	A	0.00000	0.06725	0.93275	0
246	L	0.00000	0.06087	0.93913	0
247	V	0.00000	0.00402	0.99598	0
248	T	0.00000	9e-05	0.99991	0
249	N	0.00000	0	1.00000	0
250	A	0.00000	0	1.00000	0
251	W	0.00000	0	1.00000	0
252	V	0.00000	0	1.00000	0
253	F	0.00000	0	1.00000	0
254	L	0.00003	0	0.99997	0
255	L	0.00122	0	0.99878	0
256	L	0.02309	0	0.97691	0
257	Y	0.02403	0	0.97597	0
258	I	0.02580	0	0.97420	0
259	V	0.07414	0	0.92586	0
260	P	0.20218	0	0.79782	0
261	E	0.80564	0	0.19436	0
262	L	0.80564	0	0.19436	0
263	C	0.80564	0	0.19436	0
264	I	0.80564	0	0.19436	0
265	L	0.80564	0	0.19436	0
266	Y	0.80565	0	0.19435	0
267	R	1.00000	0	0.00000	0
268	S	1.00000	0	0.00000	0
269	C	1.00000	0	0.00000	0
270	R	1.00000	0	0.00000	0
271	Q	1.00000	0	0.00000	0
272	E	1.00000	0	0.00000	0
273	C	1.00000	0	0.00000	0
274	P	1.00000	0	0.00000	0
275	L	1.00000	0	0.00000	0
276	Q	1.00000	0	0.00000	0
277	G	1.00000	0	0.00000	0
278	N	1.00000	0	0.00000	0
279	A	1.00000	0	0.00000	0
280	C	1.00000	0	0.00000	0
281	P	1.00000	0	0.00000	0
282	V	1.00000	0	0.00000	0
283	T	1.00000	0	0.00000	0
284	A	1.00000	0	0.00000	0
285	Y	1.00000	0	0.00000	0
286	Q	1.00000	0	0.00000	0
287	H	1.00000	0	0.00000	0
288	S	1.00000	0	0.00000	0
289	F	1.00000	0	0.00000	0
290	Q	1.00000	0	0.00000	0
291	V	1.00000	0	0.00000	0
292	E	1.00000	0	0.00000	0
293	N	1.00000	0	0.00000	0
294	Q	1.00000	0	0.00000	0
295	E	1.00000	0	0.00000	0
296	L	1.00000	0	0.00000	0
297	S	1.00000	0	0.00000	0
298	R	1.00000	0	0.00000	0
299	A	1.00000	0	0.00000	0
300	R	1.00000	0	0.00000	0
301	D	1.00000	0	0.00000	0
302	S	1.00000	0	0.00000	0
303	D	1.00000	0	0.00000	0
304	G	1.00000	0	0.00000	0
305	A	1.00000	0	0.00000	0
306	E	1.00000	0	0.00000	0
307	E	1.00000	0	0.00000	0
308	D	1.00000	0	0.00000	0
309	V	1.00000	0	0.00000	0
310	A	1.00000	0	0.00000	0
311	L	1.00000	0	0.00000	0
312	T	1.00000	0	0.00000	0
313	S	1.00000	0	0.00000	0
314	Y	1.00000	0	0.00000	0
315	G	1.00000	0	0.00000	0
316	T	1.00000	0	0.00000	0
317	P	1.00000	0	0.00000	0
318	I	1.00000	0	0.00000	0
319	Q	1.00000	0	0.00000	0
320	P	1.00000	0	0.00000	0
321	Q	1.00000	0	0.00000	0
322	T	1.00000	0	0.00000	0
323	V	1.00000	0	0.00000	0
324	D	1.00000	0	0.00000	0
325	P	1.00000	0	0.00000	0
326	T	1.00000	0	0.00000	0
327	Q	1.00000	0	0.00000	0
328	E	1.00000	0	0.00000	0
329	C	1.00000	0	0.00000	0
330	F	1.00000	0	0.00000	0
331	I	1.00000	0	0.00000	0
332	P	1.00000	0	0.00000	0
333	Q	1.00000	0	0.00000	0
334	A	1.00000	0	0.00000	0
335	K	1.00000	0	0.00000	0
336	L	1.00000	0	0.00000	0
337	S	1.00000	0	0.00000	0
338	P	1.00000	0	0.00000	0
339	Q	1.00000	0	0.00000	0
340	Q	1.00000	0	0.00000	0
341	D	1.00000	0	0.00000	0
342	A	1.00000	0	0.00000	0
343	G	1.00000	0	0.00000	0
344	G	1.00000	0	0.00000	0
345	V	1.00000	0	0.00000	0
