# UNNAMED
#pos	aa	i	o	M	S
1	M	0.00000	0.02049	0.00000	0.97951
2	G	0.00000	0.02049	0.00000	0.97951
3	C	0.00000	0.02049	0.00000	0.97951
4	S	0.00000	0.02049	0.00000	0.9795
5	A	0.00000	0.02049	0.00000	0.97951
6	K	0.00000	0.02049	0.00000	0.9795
7	A	0.00000	0.02049	0.00000	0.9795
8	R	0.00000	0.02049	0.00000	0.97951
9	W	0.00000	0.02049	0.00000	0.97951
10	A	0.00000	0.02049	0.00000	0.97951
11	A	0.00000	0.02049	0.00000	0.97951
12	G	0.00000	0.02049	0.00000	0.9795
13	A	0.00000	0.02049	0.00000	0.9795
14	L	0.00000	0.02049	0.00000	0.9795
15	G	0.00000	0.02049	0.00000	0.97951
16	V	0.00000	0.02051	0.00000	0.97948
17	A	0.00000	0.02051	0.00000	0.97948
18	G	0.00000	0.02051	0.00000	0.97949
19	L	0.00000	0.02054	0.00000	0.97946
20	L	0.00000	0.02056	0.00000	0.97944
21	C	0.00000	0.02056	0.00000	0.97943
22	A	0.00000	0.02163	0.00000	0.97837
23	V	0.00000	0.02502	0.00000	0.97499
24	L	0.00000	0.02501	0.00000	0.97498
25	G	0.00000	0.02501	0.00000	0.97499
26	A	0.00000	0.84443	0.00000	0.15557
27	V	0.00000	0.98964	0.00000	0.01035
28	M	0.00000	0.98965	0.00000	0.01035
29	I	0.00000	0.98965	0.00000	0.01035
30	V	0.00000	0.99095	0.00000	0.00905
31	M	0.00000	0.99095	0.00000	0.00905
32	V	0.00000	0.99095	0.00000	0.00905
33	P	0.00000	0.99095	0.00000	0.00905
34	S	0.00000	0.99095	0.00000	0.00905
35	L	0.00000	0.99709	0.00000	0.00291
36	I	0.00000	0.99709	0.00000	0.00291
37	K	0.00000	0.9971	0.00000	0.0029
38	Q	0.00000	0.99711	0.00000	0.0029
39	Q	0.00000	1	0.00000	0
40	V	0.00000	1	0.00000	0
41	L	0.00000	1	0.00000	0
42	K	0.00000	1	0.00000	0
43	N	0.00000	1	0.00000	0
44	V	0.00000	1	0.00000	0
45	R	0.00000	1	0.00000	0
46	I	0.00000	1	0.00000	0
47	D	0.00000	1	0.00000	0
48	P	0.00000	1	0.00000	0
49	S	0.00000	1	0.00000	0
50	S	0.00000	1	0.00000	0
51	L	0.00000	1	0.00000	0
52	S	0.00000	1	0.00000	0
53	F	0.00000	1	0.00000	0
54	N	0.00000	1	0.00000	0
55	M	0.00000	1	0.00000	0
56	W	0.00000	1	0.00000	0
57	K	0.00000	1	0.00000	0
58	E	0.00000	1	0.00000	0
59	I	0.00000	1	0.00000	0
60	P	0.00000	1	0.00000	0
61	I	0.00000	1	0.00000	0
62	P	0.00000	1	0.00000	0
63	F	0.00000	1	0.00000	0
64	Y	0.00000	1	0.00000	0
65	L	0.00000	1	0.00000	0
66	S	0.00000	1	0.00000	0
67	V	0.00000	1	0.00000	0
68	Y	0.00000	1	0.00000	0
69	F	0.00000	1	0.00000	0
70	F	0.00000	1	0.00000	0
71	D	0.00000	1	0.00000	0
72	V	0.00000	1	0.00000	0
73	M	0.00000	1	0.00000	0
74	N	0.00000	1	0.00000	0
75	P	0.00000	1	0.00000	0
76	S	0.00000	1	0.00000	0
77	E	0.00000	1	0.00000	0
78	I	0.00000	1	0.00000	0
79	L	0.00000	1	0.00000	0
80	K	0.00000	1	0.00000	0
81	G	0.00000	1	0.00000	0
82	E	0.00000	1	0.00000	0
83	K	0.00000	1	0.00000	0
84	P	0.00000	1	0.00000	0
85	Q	0.00000	1	0.00000	0
86	V	0.00000	1	0.00000	0
87	R	0.00000	1	0.00000	0
88	E	0.00000	1	0.00000	0
89	R	0.00000	1	0.00000	0
90	G	0.00000	1	0.00000	0
91	P	0.00000	1	0.00000	0
92	Y	0.00000	1	0.00000	0
93	V	0.00000	1	0.00000	0
94	Y	0.00000	1	0.00000	0
95	R	0.00000	1	0.00000	0
96	E	0.00000	1	0.00000	0
97	F	0.00000	1	0.00000	0
98	R	0.00000	1	0.00000	0
99	H	0.00000	1	0.00000	0
100	K	0.00000	1	0.00000	0
101	S	0.00000	1	0.00000	0
102	N	0.00000	1	0.00000	0
103	I	0.00000	1	0.00000	0
104	T	0.00000	1	0.00000	0
105	F	0.00000	1	0.00000	0
106	N	0.00000	1	0.00000	0
107	N	0.00000	1	0.00000	0
108	N	0.00000	1	0.00000	0
109	D	0.00000	1	0.00000	0
110	T	0.00000	1	0.00000	0
111	V	0.00000	1	0.00000	0
112	S	0.00000	1	0.00000	0
113	F	0.00000	1	0.00000	0
114	L	0.00000	1	0.00000	0
115	E	0.00000	1	0.00000	0
116	Y	0.00000	1	0.00000	0
117	R	0.00000	1	0.00000	0
118	T	0.00000	1	0.00000	0
119	F	0.00000	0.99999	0.00001	0
120	Q	0.00000	0.99999	0.00001	0
121	F	0.00000	0.99995	0.00005	0
122	Q	0.00000	0.99995	0.00005	0
123	P	0.00000	0.99903	0.00097	0
124	S	0.00000	0.9976	0.00240	0
125	K	0.00000	0.99558	0.00442	0
126	S	0.00000	0.97602	0.02398	0
127	H	0.00000	0.95631	0.04369	0
128	G	0.00000	0.95631	0.04369	0
129	S	0.00000	0.9563	0.04370	0
130	E	0.00000	0.95628	0.04372	0
131	S	0.00000	0.95622	0.04378	0
132	D	0.00000	0.95622	0.04378	0
133	Y	0.00000	0.08905	0.91095	0
134	I	0.00000	0.08885	0.91115	0
135	V	0.00000	0.08884	0.91116	0
136	M	0.00000	0.08884	0.91116	0
137	P	0.00000	0.08884	0.91116	0
138	N	0.00000	0.08884	0.91116	0
139	I	0.00000	0.08884	0.91116	0
140	L	0.00000	0.08884	0.91116	0
141	V	0.00000	0.08884	0.91116	0
142	L	0.00000	0.08884	0.91116	0
143	G	0.00001	0.08884	0.91116	0
144	A	0.00006	0.08884	0.91110	0
145	A	0.00029	0.08884	0.91088	0
146	V	0.00155	0.08884	0.90962	0
147	M	0.00936	0.08884	0.90180	0
148	M	0.01859	0.08884	0.89257	0
149	E	0.04310	0.08884	0.86806	0
150	N	0.11330	0.08884	0.79786	0
151	K	0.83475	0.08884	0.07641	0
152	P	0.90757	0.08884	0.00359	0
153	M	0.90889	0.08884	0.00228	0
154	T	0.90918	0.08883	0.00199	0
155	L	0.90373	0.08883	0.00743	0
156	K	0.90258	0.08883	0.00859	0
157	L	0.13817	0.08883	0.77300	0
158	I	0.05723	0.08883	0.85393	0
159	M	0.03031	0.08883	0.88085	0
160	T	0.02380	0.08883	0.88737	0
161	L	0.00669	0.08883	0.90448	0
162	A	0.00307	0.08883	0.90810	0
163	F	0.00024	0.08883	0.91093	0
164	T	0.00013	0.08883	0.91104	0
165	T	0.00010	0.08883	0.91107	0
166	L	0.00009	0.08883	0.91108	0
167	G	0.00009	0.08883	0.91108	0
168	E	0.00009	0.08883	0.91108	0
169	R	0.00007	0.08883	0.91110	0
170	A	0.00001	0.08883	0.91116	0
171	F	0.00000	0.08883	0.91117	0
172	M	0.00000	0.08883	0.91117	0
173	N	0.00000	0.08908	0.91092	0
174	R	0.00000	0.08942	0.91058	0
175	T	0.00000	0.0902	0.90980	0
176	V	0.00000	0.09617	0.90382	0
177	G	0.00000	0.14146	0.85854	0
178	E	0.00000	0.19221	0.80779	0
179	I	0.00000	0.20418	0.79581	0
180	M	0.00000	0.25387	0.74613	0
181	W	0.00000	0.54403	0.45597	0
182	G	0.00000	0.8844	0.11560	0
183	Y	0.00000	0.97202	0.02798	0
184	K	0.00000	0.99702	0.00297	0
185	D	0.00000	0.99979	0.00021	0
186	P	0.00000	0.99985	0.00015	0
187	L	0.00000	0.99986	0.00014	0
188	V	0.00000	0.99986	0.00013	0
189	N	0.00000	0.99993	0.00007	0
190	L	0.00000	0.99993	0.00007	0
191	I	0.00000	0.99995	0.00004	0
192	N	0.00000	0.99996	0.00004	0
193	K	0.00000	0.99996	0.00004	0
194	Y	0.00000	0.99996	0.00004	0
195	F	0.00000	0.99996	0.00004	0
196	P	0.00001	0.99996	0.00004	0
197	G	0.00001	0.99996	0.00004	0
198	M	0.00004	0.99996	0.00001	0
199	F	0.00004	0.99995	0.00001	0
200	P	0.00004	0.99996	0.00000	0
201	F	0.00004	0.99993	0.00003	0
202	K	0.00004	0.99992	0.00005	0
203	D	0.00004	0.99875	0.00122	0
204	K	0.00003	0.98143	0.01853	0
205	F	0.00002	0.09553	0.90445	0
206	G	0.00002	0.09466	0.90533	0
207	L	0.00001	0.09278	0.90722	0
208	F	0.00000	0.09265	0.90735	0
209	A	0.00000	0.09264	0.90736	0
210	E	0.00000	0.09264	0.90736	0
211	L	0.00000	0.09239	0.90761	0
212	N	0.00000	0.09238	0.90762	0
213	N	0.00000	0.09212	0.90788	0
214	S	0.00000	0.08558	0.91442	0
215	D	0.00000	0.07895	0.92105	0
216	S	0.00000	0.01653	0.98347	0
217	G	0.00000	0.00029	0.99971	0
218	L	0.00000	1e-05	0.99999	0
219	F	0.00000	1e-05	0.99999	0
220	T	0.00000	1e-05	0.99999	0
221	V	0.00000	1e-05	0.99999	0
222	F	0.00000	1e-05	0.99999	0
223	T	0.00000	1e-05	0.99999	0
224	G	0.00007	1e-05	0.99992	0
225	V	0.00043	1e-05	0.99956	0
226	Q	0.00373	3e-05	0.99624	0
227	N	0.06095	4e-05	0.93902	0
228	I	0.07273	4e-05	0.92723	0
229	S	0.12199	5e-05	0.87796	0
230	R	0.82975	5e-05	0.17020	0
231	I	0.89576	5e-05	0.10419	0
232	H	0.89772	5e-05	0.10223	0
233	L	0.89958	5e-05	0.10037	0
234	V	0.90528	5e-05	0.09467	0
235	D	0.99919	5e-05	0.00076	0
236	K	0.99979	5e-05	0.00016	0
237	W	0.99990	5e-05	0.00005	0
238	N	0.99993	5e-05	0.00002	0
239	G	0.99995	5e-05	0.00000	0
240	L	0.99995	5e-05	0.00001	0
241	S	0.99994	5e-05	0.00001	0
242	K	0.99991	5e-05	0.00004	0
243	V	0.94941	5e-05	0.05054	0
244	D	0.93455	5e-05	0.06541	0
245	F	0.82310	5e-05	0.17685	0
246	W	0.80192	5e-05	0.19803	0
247	H	0.78872	5e-05	0.21123	0
248	S	0.78364	5e-05	0.21631	0
249	D	0.77825	5e-05	0.22170	0
250	Q	0.73896	5e-05	0.26099	0
251	C	0.00136	5e-05	0.99859	0
252	N	0.00055	5e-05	0.99940	0
253	M	0.00008	4e-05	0.99988	0
254	I	0.00002	4e-05	0.99995	0
255	N	0.00001	4e-05	0.99995	0
256	G	0.00001	1e-05	0.99997	0
257	T	0.00000	1e-05	0.99999	0
258	S	0.00000	1e-05	0.99999	0
259	G	0.00000	1e-05	0.99999	0
260	Q	0.00000	1e-05	0.99999	0
261	M	0.00000	0	1.00000	0
262	W	0.00000	0.00013	0.99987	0
263	P	0.00000	0.00192	0.99808	0
264	P	0.00000	0.01675	0.98325	0
265	F	0.00000	0.03602	0.96398	0
266	M	0.00000	0.06506	0.93494	0
267	T	0.00000	0.17299	0.82701	0
268	P	0.00000	0.20402	0.79598	0
269	E	0.00000	0.22949	0.77051	0
270	S	0.00000	0.25438	0.74562	0
271	S	0.00000	0.36308	0.63692	0
272	L	0.00000	0.45609	0.54391	0
273	E	0.00000	0.95046	0.04954	0
274	F	0.00000	0.96937	0.03063	0
275	Y	0.00000	0.99077	0.00923	0
276	S	0.00001	0.99892	0.00106	0
277	P	0.00004	0.9999	0.00006	0
278	E	0.00004	0.99995	0.00001	0
279	A	0.00004	0.99744	0.00252	0
280	C	0.00004	0.99492	0.00504	0
281	R	0.00004	0.97426	0.02570	0
282	S	0.00004	0.96561	0.03435	0
283	M	0.00005	0.91334	0.08662	0
284	K	0.00005	0.91126	0.08869	0
285	L	0.00005	0.91126	0.08869	0
286	M	0.00005	0.91126	0.08869	0
287	Y	0.00005	0.91126	0.08869	0
288	K	0.00005	0.91126	0.08869	0
289	E	0.00005	0.91126	0.08869	0
290	S	0.00005	0.91126	0.08870	0
291	G	0.00004	0.91126	0.08870	0
292	V	0.00003	0.91126	0.08872	0
293	F	0.00003	0.91126	0.08872	0
294	E	0.00003	0.91126	0.08872	0
295	G	0.00003	0.91126	0.08872	0
296	I	0.00001	0.91116	0.08883	0
297	P	0.00001	0.91116	0.08883	0
298	T	0.00001	0.91116	0.08883	0
299	Y	0.00001	0.91104	0.08896	0
300	R	0.00001	0.90961	0.09038	0
301	F	0.00000	0.90948	0.09052	0
302	V	0.00000	0.90948	0.09052	0
303	A	0.03960	0.90948	0.05092	0
304	P	0.08869	0.90948	0.00183	0
305	K	0.08869	0.90941	0.00191	0
306	T	0.08869	0.90619	0.00513	0
307	L	0.08869	0.90548	0.00583	0
308	F	0.08869	0.90547	0.00584	0
309	A	0.08869	0.90547	0.00584	0
310	N	0.08869	0.90545	0.00586	0
311	G	0.08869	0.90536	0.00595	0
312	S	0.08869	0.90528	0.00603	0
313	I	0.08869	0.90236	0.00894	0
314	Y	0.08869	0.90232	0.00899	0
315	P	0.08879	0.90232	0.00889	0
316	P	0.08879	0.90232	0.00890	0
317	N	0.08860	0.90231	0.00908	0
318	E	0.08832	0.90231	0.00937	0
319	G	0.07233	0.90231	0.02536	0
320	F	0.02283	0.89463	0.08255	0
321	C	0.00062	0.89455	0.10483	0
322	P	0.00060	0.89384	0.10556	0
323	C	0.00023	0.89379	0.10598	0
324	L	0.00036	0.88936	0.11028	0
325	E	0.00173	0.88317	0.11510	0
326	S	0.00177	0.86835	0.12988	0
327	G	0.00174	0.81855	0.17971	0
328	I	0.00189	0.81212	0.18599	0
329	Q	0.00525	0.8116	0.18316	0
330	N	0.00539	0.80094	0.19366	0
331	V	0.00532	0.80059	0.19409	0
332	S	0.00558	0.79883	0.19559	0
333	T	0.00566	0.79847	0.19587	0
334	C	0.00567	0.78562	0.20871	0
335	R	0.00607	0.78502	0.20891	0
336	F	0.00616	0.76507	0.22878	0
337	S	0.00731	0.76345	0.22924	0
338	A	0.00797	0.67969	0.31234	0
339	P	0.00883	0.53478	0.45639	0
340	L	0.00886	0.0663	0.92484	0
341	F	0.00886	0.0201	0.97104	0
342	L	0.00892	0.03487	0.95621	0
343	S	0.01095	0.085	0.90405	0
344	H	0.01163	0.09056	0.89781	0
345	P	0.01594	0.09156	0.89250	0
346	H	0.01617	0.08899	0.89484	0
347	F	0.01626	0.08887	0.89487	0
348	L	0.01771	0.08887	0.89341	0
349	N	0.07205	0.0889	0.83905	0
350	A	0.07319	0.0889	0.83790	0
351	D	0.10852	0.08898	0.80250	0
352	P	0.10863	0.08898	0.80240	0
353	V	0.10865	0.08897	0.80239	0
354	L	0.10883	0.08897	0.80220	0
355	A	0.11046	0.08896	0.80057	0
356	E	0.11294	0.08896	0.79810	0
357	A	0.11305	0.08894	0.79801	0
358	V	0.11569	0.08892	0.79539	0
359	T	0.13201	0.08892	0.77907	0
360	G	0.14371	0.08892	0.76737	0
361	L	0.16656	0.08832	0.74511	0
362	H	0.51081	0.08832	0.40086	0
363	P	0.86410	0.08786	0.04804	0
364	N	0.89804	0.08677	0.01520	0
365	Q	0.90787	0.0867	0.00543	0
366	E	0.90824	0.08654	0.00522	0
367	A	0.90825	0.08619	0.00556	0
368	H	0.90825	0.00864	0.08311	0
369	S	0.90829	0.00862	0.08309	0
370	L	0.90830	0.00327	0.08842	0
371	F	0.90847	0.00067	0.09086	0
372	L	0.90936	0.00066	0.08998	0
373	D	0.91101	0.00066	0.08833	0
374	I	0.91101	7e-05	0.08892	0
375	H	0.91102	7e-05	0.08892	0
376	P	0.91102	2e-05	0.08896	0
377	V	0.91102	2e-05	0.08896	0
378	T	0.91103	1e-05	0.08896	0
379	G	0.91104	1e-05	0.08895	0
380	I	0.91105	1e-05	0.08893	0
381	P	0.91106	1e-05	0.08893	0
382	M	0.91107	1e-05	0.08891	0
383	N	0.91111	1e-05	0.08888	0
384	C	0.91078	1e-05	0.08920	0
385	S	0.91102	1e-05	0.08897	0
386	V	0.91094	1e-05	0.08905	0
387	K	0.91327	1e-05	0.08671	0
388	L	0.91419	1e-05	0.08580	0
389	Q	0.93659	1e-05	0.06339	0
390	L	0.93422	0	0.06578	0
391	S	0.91029	0	0.08971	0
392	L	0.84503	0	0.15497	0
393	Y	0.83620	0	0.16380	0
394	M	0.56286	0	0.43713	0
395	K	0.57102	0	0.42898	0
396	S	0.51410	0	0.48590	0
397	V	0.09410	0	0.90590	0
398	A	0.09155	0	0.90845	0
399	G	0.08579	0	0.91421	0
400	I	0.06290	0	0.93710	0
401	G	0.05829	0	0.94171	0
402	Q	0.03080	1e-05	0.96919	0
403	T	0.03079	2e-05	0.96919	0
404	G	0.03079	6e-05	0.96914	0
405	K	0.03079	0.00023	0.96898	0
406	I	0.03079	0.00023	0.96897	0
407	E	0.03079	0.00032	0.96889	0
408	P	0.03073	0.00032	0.96896	0
409	V	0.02384	0.00032	0.97585	0
410	V	0.00350	0.00032	0.99618	0
411	L	0.00320	0.00033	0.99647	0
412	P	0.00306	0.00043	0.99652	0
413	L	0.00000	0.00047	0.99952	0
414	L	0.00000	0.00129	0.99871	0
415	W	0.00000	0.00788	0.99212	0
416	F	0.00000	0.02035	0.97965	0
417	A	0.00000	0.10017	0.89983	0
418	E	0.00001	0.78829	0.21170	0
419	S	0.00001	0.82253	0.17746	0
420	G	0.00001	0.84469	0.15530	0
421	A	0.00001	0.85286	0.14713	0
422	M	0.00001	0.87291	0.12707	0
423	E	0.00001	0.96524	0.03475	0
424	G	0.00001	0.96774	0.03225	0
425	E	0.00001	0.96901	0.03098	0
426	T	0.00001	0.96909	0.03089	0
427	L	0.00001	0.96912	0.03087	0
428	H	0.00001	0.96918	0.03080	0
429	T	0.00001	0.96924	0.03075	0
430	F	0.00001	0.96968	0.03031	0
431	Y	0.00001	0.97465	0.02534	0
432	T	0.00001	0.9863	0.01369	0
433	Q	0.00001	0.99042	0.00957	0
434	L	0.00001	0.98567	0.01432	0
435	V	0.00001	0.88989	0.11010	0
436	L	0.00001	0.77386	0.22613	0
437	M	0.00001	0.64517	0.35482	0
438	P	0.00001	0.63432	0.36567	0
439	K	0.00001	0.51065	0.48933	0
440	V	0.00001	0.14446	0.85554	0
441	M	0.00001	0.08088	0.91911	0
442	H	0.00001	0.07492	0.92508	0
443	Y	0.00001	0.05137	0.94862	0
444	A	0.00001	0.01547	0.98453	0
445	Q	0.00001	0.00329	0.99670	0
446	Y	0.00001	0.00013	0.99986	0
447	V	0.00000	0	1.00000	0
448	L	0.00000	0	1.00000	0
449	L	0.00000	0	1.00000	0
450	A	0.00000	0	1.00000	0
451	L	0.00002	0	0.99998	0
452	G	0.00003	0	0.99997	0
453	C	0.00003	0	0.99996	0
454	V	0.00004	0	0.99996	0
455	L	0.00009	0	0.99991	0
456	L	0.00178	0	0.99822	0
457	L	0.00732	0	0.99268	0
458	V	0.02449	0	0.97551	0
459	P	0.10867	0	0.89133	0
460	V	0.41007	0	0.58993	0
461	I	0.63279	0	0.36721	0
462	C	0.84137	1e-05	0.15862	0
463	Q	0.89805	1e-05	0.10195	0
464	I	0.90150	1e-05	0.09849	0
465	R	0.99999	1e-05	0.00001	0
466	S	0.99999	1e-05	0.00001	0
467	Q	0.99999	1e-05	0.00001	0
468	E	0.99999	1e-05	0.00000	0
469	K	0.99999	1e-05	0.00000	0
470	C	0.99999	1e-05	0.00000	0
471	Y	0.99999	1e-05	0.00000	0
472	L	0.99999	1e-05	0.00000	0
473	F	0.99999	1e-05	0.00000	0
474	W	0.99999	1e-05	0.00000	0
475	S	0.99999	1e-05	0.00000	0
476	S	0.99999	1e-05	0.00000	0
477	S	0.99999	1e-05	0.00000	0
478	K	0.99999	1e-05	0.00000	0
479	K	0.99999	1e-05	0.00000	0
480	G	0.99999	1e-05	0.00000	0
481	S	0.99999	1e-05	0.00000	0
482	K	0.99999	1e-05	0.00000	0
483	D	0.99999	1e-05	0.00000	0
484	K	0.99999	1e-05	0.00000	0
485	E	0.99999	1e-05	0.00001	0
486	A	0.99999	0	0.00001	0
487	I	0.99999	0	0.00001	0
488	Q	0.99999	0	0.00001	0
489	A	0.99999	0	0.00001	0
490	Y	0.99999	0	0.00001	0
491	S	0.99999	0	0.00001	0
492	E	0.99999	0	0.00001	0
493	S	0.99999	0	0.00001	0
494	L	0.99999	0	0.00001	0
495	M	0.99999	0	0.00001	0
496	T	0.99999	0	0.00001	0
497	S	0.99999	0	0.00001	0
498	A	0.99999	0	0.00001	0
499	P	0.99999	0	0.00001	0
500	K	0.99999	0	0.00001	0
501	G	0.99999	0	0.00001	0
502	S	0.99999	0	0.00001	0
503	V	0.99999	0	0.00001	0
504	L	0.99999	0	0.00001	0
505	Q	0.99999	0	0.00001	0
506	E	1.00000	0	0.00000	0
507	A	1.00000	0	0.00000	0
508	K	1.00000	0	0.00000	0
509	L	1.00000	0	0.00000	0
