# UNNAMED
#pos	aa	i	o	M	S
1	M	0.00000	0.027	0.00000	0.973
2	E	0.00000	0.027	0.00000	0.973
3	L	0.00000	0.027	0.00000	0.973
4	S	0.00000	0.027	0.00000	0.97301
5	Y	0.00000	0.027	0.00000	0.973
6	R	0.00000	0.027	0.00000	0.973
7	L	0.00000	0.027	0.00000	0.973
8	F	0.00000	0.027	0.00000	0.973
9	I	0.00000	0.027	0.00000	0.97301
10	C	0.00000	0.027	0.00000	0.973
11	L	0.00000	0.027	0.00000	0.973
12	L	0.00000	0.027	0.00000	0.973
13	L	0.00000	0.027	0.00000	0.97301
14	W	0.00000	0.02707	0.00000	0.97293
15	G	0.00000	0.02707	0.00000	0.97292
16	S	0.00000	0.03397	0.00000	0.96603
17	T	0.00000	0.03398	0.00000	0.96602
18	E	0.00000	0.03404	0.00000	0.96596
19	L	0.00000	0.0354	0.00000	0.9646
20	C	0.00000	0.9936	0.00000	0.0064
21	Y	0.00000	0.99527	0.00000	0.00473
22	P	0.00000	0.99527	0.00000	0.00474
23	Q	0.00000	0.99546	0.00000	0.00455
24	P	0.00000	0.99545	0.00000	0.00455
25	L	0.00000	0.99545	0.00000	0.00455
26	W	0.00000	0.99545	0.00000	0.00454
27	L	0.00000	0.99546	0.00000	0.00454
28	L	0.00000	0.99999	0.00000	1e-05
29	Q	0.00000	1	0.00000	0
30	G	0.00000	1	0.00000	0
31	G	0.00000	1	0.00000	0
32	A	0.00000	1	0.00000	0
33	S	0.00000	1	0.00000	0
34	H	0.00000	1	0.00000	0
35	P	0.00000	1	0.00000	0
36	E	0.00000	1	0.00000	0
37	T	0.00000	1	0.00000	0
38	S	0.00000	1	0.00000	0
39	V	0.00000	1	0.00000	0
40	Q	0.00000	1	0.00000	0
41	P	0.00000	1	0.00000	0
42	V	0.00000	1	0.00000	0
43	L	0.00000	1	0.00000	0
44	V	0.00000	1	0.00000	0
45	E	0.00000	1	0.00000	0
46	C	0.00000	1	0.00000	0
47	Q	0.00000	1	0.00000	0
48	E	0.00000	1	0.00000	0
49	A	0.00000	1	0.00000	0
50	T	0.00000	1	0.00000	0
51	L	0.00000	1	0.00000	0
52	M	0.00000	1	0.00000	0
53	V	0.00000	1	0.00000	0
54	M	0.00000	1	0.00000	0
55	V	0.00000	1	0.00000	0
56	S	0.00000	1	0.00000	0
57	K	0.00000	1	0.00000	0
58	D	0.00000	1	0.00000	0
59	L	0.00000	1	0.00000	0
60	F	0.00000	0.99999	0.00001	0
61	G	0.00000	0.99999	0.00001	0
62	T	0.00000	0.99998	0.00002	0
63	G	0.00000	0.99997	0.00003	0
64	K	0.00000	0.99995	0.00005	0
65	L	0.00000	0.99968	0.00032	0
66	I	0.00000	0.99968	0.00032	0
67	R	0.00000	0.99968	0.00032	0
68	A	0.00000	0.99968	0.00032	0
69	A	0.00000	0.99968	0.00032	0
70	D	0.00000	0.99968	0.00032	0
71	L	0.00000	0.99945	0.00055	0
72	T	0.00000	0.99943	0.00057	0
73	L	0.00000	0.99942	0.00058	0
74	G	0.00000	0.99942	0.00058	0
75	P	0.00000	0.99942	0.00058	0
76	E	0.00000	0.99942	0.00058	0
77	A	0.00000	0.99942	0.00058	0
78	C	0.00000	0.99942	0.00058	0
79	E	0.00000	0.99942	0.00058	0
80	P	0.00000	0.99942	0.00058	0
81	L	0.00000	0.99942	0.00058	0
82	V	0.00000	0.99942	0.00058	0
83	S	0.00001	0.99942	0.00057	0
84	M	0.00002	0.99942	0.00056	0
85	D	0.00029	0.99942	0.00029	0
86	T	0.00031	0.99942	0.00027	0
87	E	0.00032	0.99942	0.00026	0
88	D	0.00032	0.99942	0.00026	0
89	V	0.00032	0.99941	0.00026	0
90	V	0.00032	0.99941	0.00027	0
91	R	0.00034	0.99941	0.00024	0
92	F	0.00035	0.9994	0.00025	0
93	E	0.00054	0.99933	0.00012	0
94	V	0.00049	0.99896	0.00054	0
95	G	0.00046	0.99895	0.00059	0
96	L	0.00037	0.99894	0.00068	0
97	H	0.00031	0.99894	0.00074	0
98	E	0.00031	0.99894	0.00074	0
99	C	0.00029	0.99894	0.00077	0
100	G	0.00026	0.99894	0.00080	0
101	N	0.00014	0.99894	0.00091	0
102	S	0.00010	0.99894	0.00096	0
103	M	0.00001	0.99894	0.00105	0
104	Q	0.00000	0.99894	0.00105	0
105	V	0.00000	0.99894	0.00106	0
106	T	0.00000	0.99894	0.00106	0
107	D	0.00000	0.99894	0.00106	0
108	D	0.00000	0.99894	0.00106	0
109	A	0.00000	0.98434	0.01566	0
110	L	0.00000	0.97304	0.02696	0
111	V	0.00000	0.9686	0.03140	0
112	Y	0.00000	0.96829	0.03171	0
113	S	0.00004	0.96827	0.03169	0
114	T	0.00007	0.96795	0.03197	0
115	F	0.00009	0.96796	0.03195	0
116	L	0.00022	0.96797	0.03181	0
117	L	0.00047	0.96802	0.03151	0
118	H	0.00047	0.9682	0.03133	0
119	D	0.00048	0.96821	0.03131	0
120	P	0.00048	0.96821	0.03131	0
121	R	0.00048	0.96821	0.03131	0
122	P	0.00048	0.96821	0.03132	0
123	V	0.00039	0.96821	0.03140	0
124	G	0.00031	0.96826	0.03143	0
125	N	0.00004	0.96852	0.03144	0
126	L	0.00001	0.96851	0.03148	0
127	S	0.00001	0.96851	0.03147	0
128	I	0.00002	0.96851	0.03147	0
129	V	0.00066	0.96851	0.03082	0
130	R	0.01854	0.96851	0.01295	0
131	T	0.02540	0.96851	0.00608	0
132	N	0.02861	0.96851	0.00288	0
133	R	0.03070	0.96851	0.00079	0
134	A	0.03080	0.96849	0.00071	0
135	E	0.03098	0.96849	0.00053	0
136	I	0.03098	0.96848	0.00053	0
137	P	0.03099	0.96848	0.00053	0
138	I	0.01259	0.96845	0.01896	0
139	E	0.01259	0.96844	0.01897	0
140	C	0.01259	0.9683	0.01912	0
141	R	0.01259	0.96799	0.01942	0
142	Y	0.01259	0.9675	0.01991	0
143	P	0.01259	0.9675	0.01991	0
144	R	0.00906	0.9675	0.02344	0
145	Q	0.00073	0.9675	0.03176	0
146	G	0.00025	0.96767	0.03208	0
147	N	0.00002	0.96787	0.03211	0
148	V	0.00002	0.96786	0.03212	0
149	S	0.00002	0.96784	0.03214	0
150	S	0.00001	0.96779	0.03220	0
151	Q	0.00001	0.96713	0.03286	0
152	A	0.00001	0.96138	0.03861	0
153	I	0.00001	0.66169	0.33830	0
154	L	0.00001	0.63839	0.36159	0
155	P	0.00004	0.59563	0.40434	0
156	T	0.00004	0.4268	0.57316	0
157	W	0.00005	0.07651	0.92344	0
158	L	0.00008	0.0246	0.97532	0
159	P	0.00040	0.01355	0.98605	0
160	F	0.00044	0.01951	0.98006	0
161	R	0.00109	0.01933	0.97959	0
162	T	0.00110	0.02054	0.97836	0
163	T	0.00109	0.02195	0.97696	0
164	V	0.00102	0.03066	0.96832	0
165	F	0.00028	0.03076	0.96897	0
166	S	0.00014	0.03142	0.96844	0
167	E	0.00008	0.03169	0.96823	0
168	E	0.00000	0.03173	0.96827	0
169	K	0.00000	0.03173	0.96827	0
170	L	0.00000	0.03173	0.96826	0
171	T	0.00001	0.03173	0.96826	0
172	F	0.00006	0.03174	0.96820	0
173	S	0.01071	0.03175	0.95755	0
174	L	0.12757	0.03175	0.84068	0
175	R	0.18530	0.03175	0.78295	0
176	L	0.19635	0.03175	0.77190	0
177	M	0.45928	0.03175	0.50897	0
178	E	0.85727	0.03175	0.11098	0
179	E	0.96067	0.03176	0.00757	0
180	N	0.96703	0.03176	0.00122	0
181	W	0.96706	0.03176	0.00118	0
182	N	0.96712	0.0318	0.00109	0
183	A	0.96712	0.03186	0.00102	0
184	E	0.96714	0.03259	0.00028	0
185	K	0.96714	0.03275	0.00011	0
186	R	0.96714	0.03286	0.00000	0
187	S	0.96714	0.03286	0.00000	0
188	P	0.96713	0.03286	0.00000	0
189	T	0.58409	0.03286	0.38305	0
190	F	0.00835	0.02909	0.96256	0
191	H	0.00107	0.02835	0.97058	0
192	L	0.00090	0.02793	0.97117	0
193	G	0.00067	0.0262	0.97312	0
194	D	0.00043	0.02457	0.97501	0
195	A	0.00005	0.00229	0.99766	0
196	A	0.00001	0	0.99999	0
197	H	0.00001	0	0.99999	0
198	L	0.00001	0	0.99999	0
199	Q	0.00001	0	0.99999	0
200	A	0.00000	0	1.00000	0
201	E	0.00000	0	1.00000	0
202	I	0.00000	0	1.00000	0
203	H	0.00000	0	1.00000	0
204	T	0.00000	0	1.00000	0
205	G	0.00000	0	1.00000	0
206	S	0.00000	1e-05	0.99999	0
207	H	0.00000	0.00024	0.99976	0
208	V	0.00000	0.00027	0.99973	0
209	P	0.00000	0.00227	0.99773	0
210	L	0.00000	0.01374	0.98626	0
211	R	0.00000	0.03662	0.96338	0
212	L	0.00000	0.05803	0.94197	0
213	F	0.00000	0.36971	0.63029	0
214	V	0.00000	0.9659	0.03410	0
215	D	0.00060	0.96708	0.03232	0
216	H	0.03286	0.96713	0.00002	0
217	C	0.03286	0.96713	0.00001	0
218	V	0.03286	0.96713	0.00001	0
219	A	0.03286	0.96713	0.00001	0
220	T	0.03286	0.96713	0.00001	0
221	P	0.03286	0.96714	0.00000	0
222	T	0.03286	0.96714	0.00000	0
223	P	0.03286	0.96714	0.00000	0
224	D	0.03286	0.96713	0.00001	0
225	Q	0.03286	0.96705	0.00009	0
226	N	0.03286	0.96629	0.00085	0
227	A	0.03286	0.6753	0.29183	0
228	S	0.03286	0.6672	0.29994	0
229	P	0.03285	0.66492	0.30223	0
230	Y	0.03084	0.64497	0.32419	0
231	H	0.02923	0.06929	0.90147	0
232	T	0.02709	0.01717	0.95574	0
233	I	0.00050	0.00032	0.99918	0
234	V	0.00004	0.0003	0.99965	0
235	D	0.00003	0.0003	0.99967	0
236	F	0.00000	0.0003	0.99970	0
237	H	0.00000	0.0003	0.99970	0
238	G	0.00000	0.0003	0.99970	0
239	C	0.00000	0.0003	0.99970	0
240	L	0.00000	0.0003	0.99970	0
241	V	0.00000	0.0003	0.99970	0
242	D	0.00000	0.0003	0.99970	0
243	G	0.00000	0.0003	0.99970	0
244	L	0.00000	0.0003	0.99970	0
245	T	0.00003	0.0003	0.99967	0
246	D	0.00378	0.0003	0.99592	0
247	A	0.29607	0.00013	0.70380	0
248	S	0.29635	0.00013	0.70352	0
249	S	0.31574	0.00013	0.68413	0
250	A	0.37767	0.00013	0.62221	0
251	F	0.96463	0.00028	0.03510	0
252	K	0.96591	0.01474	0.01935	0
253	V	0.96671	0.01583	0.01747	0
254	P	0.96684	0.02716	0.00600	0
255	R	0.96684	0.03283	0.00034	0
256	P	0.96684	0.03295	0.00022	0
257	G	0.96684	0.03297	0.00020	0
258	P	0.96683	0.03297	0.00020	0
259	D	0.96455	0.03297	0.00248	0
260	T	0.88161	0.03297	0.08542	0
261	L	0.82353	0.03289	0.14358	0
262	Q	0.81455	0.03289	0.15256	0
263	F	0.73301	0.03289	0.23410	0
264	T	0.72547	0.03289	0.24164	0
265	V	0.40342	0.03289	0.56369	0
266	D	0.39416	0.03289	0.57295	0
267	V	0.03615	0.03289	0.93096	0
268	F	0.01123	0.03288	0.95589	0
269	H	0.00259	0.03288	0.96452	0
270	F	0.00148	0.03288	0.96564	0
271	A	0.00013	0.03288	0.96699	0
272	N	0.00019	0.03288	0.96693	0
273	D	0.00020	0.03288	0.96692	0
274	S	0.00020	0.03288	0.96692	0
275	R	0.00020	0.03288	0.96692	0
276	N	0.00020	0.03288	0.96692	0
277	M	0.00020	0.03288	0.96692	0
278	I	0.00020	0.03289	0.96691	0
279	Y	0.00020	0.03696	0.96285	0
280	I	0.00020	0.11126	0.88854	0
281	T	0.00020	0.15022	0.84958	0
282	C	0.00020	0.21909	0.78071	0
283	H	0.00023	0.24338	0.75639	0
284	L	0.00025	0.29062	0.70913	0
285	K	0.00028	0.58266	0.41707	0
286	V	0.00028	0.59032	0.40940	0
287	T	0.00028	0.62875	0.37097	0
288	L	0.00028	0.8606	0.13912	0
289	A	0.00028	0.92672	0.07300	0
290	E	0.00028	0.99882	0.00089	0
291	Q	0.00028	0.9996	0.00012	0
292	D	0.00028	0.99972	0.00000	0
293	P	0.00028	0.99972	0.00000	0
294	D	0.00028	0.99972	0.00000	0
295	E	0.00028	0.99971	0.00000	0
296	L	0.00007	0.99968	0.00025	0
297	N	0.00007	0.99968	0.00025	0
298	K	0.00004	0.99956	0.00040	0
299	A	0.00002	0.48133	0.51865	0
300	C	0.00000	0.46785	0.53214	0
301	S	0.00000	0.4519	0.54810	0
302	F	0.00000	0.43704	0.56295	0
303	S	0.00000	0.43638	0.56361	0
304	K	0.00000	0.43629	0.56370	0
305	P	0.00000	0.43509	0.56491	0
306	S	0.00000	0.34791	0.65208	0
307	N	0.00000	0.3457	0.65430	0
308	S	0.00000	0.0066	0.99339	0
309	W	0.00000	0.00109	0.99891	0
310	F	0.00000	0.00083	0.99916	0
311	P	0.00000	0.00083	0.99916	0
312	V	0.00000	0	1.00000	0
313	E	0.00000	0	1.00000	0
314	G	0.00000	0	1.00000	0
315	S	0.00000	0	0.99999	0
316	A	0.00000	1e-05	0.99999	0
317	D	0.00001	0.00022	0.99977	0
318	I	0.00001	0.00022	0.99977	0
319	C	0.00006	0.00024	0.99970	0
320	Q	0.01238	0.00026	0.98736	0
321	C	0.01805	0.00027	0.98168	0
322	C	0.08924	0.00028	0.91049	0
323	N	0.50040	0.00028	0.49932	0
324	K	0.55653	0.00028	0.44320	0
325	G	0.55941	0.00028	0.44031	0
326	D	0.56445	0.00028	0.43527	0
327	C	0.56527	0.00028	0.43445	0
328	G	0.60275	0.00028	0.39697	0
329	T	0.90337	0.00028	0.09635	0
330	P	0.96499	0.00028	0.03473	0
331	S	0.98987	0.00028	0.00985	0
332	H	0.99579	0.00028	0.00393	0
333	S	0.99842	0.00028	0.00130	0
334	R	0.99948	0.00028	0.00024	0
335	R	0.99961	0.00028	0.00011	0
336	Q	0.99972	0.00028	0.00000	0
337	P	0.99972	0.00028	0.00000	0
338	H	0.99972	0.00028	0.00000	0
339	V	0.99972	0.00028	0.00000	0
340	M	0.99972	0.00028	0.00000	0
341	S	0.99972	0.00028	0.00000	0
342	Q	0.99972	0.00028	0.00000	0
343	W	0.99972	0.00028	0.00000	0
344	S	0.99972	0.00028	0.00000	0
345	R	0.99972	0.00028	0.00000	0
346	S	0.99967	0.00028	0.00005	0
347	A	0.95670	0.00028	0.04302	0
348	S	0.02366	0.00028	0.97606	0
349	R	0.00794	0.00028	0.99178	0
350	N	0.00150	0.00028	0.99822	0
351	R	0.00001	0.00028	0.99971	0
352	R	0.00001	0.00028	0.99971	0
353	H	0.00001	0.00028	0.99971	0
354	V	0.00001	0.00028	0.99971	0
355	T	0.00001	0.00028	0.99971	0
356	E	0.00001	0.00028	0.99971	0
357	E	0.00001	0.00028	0.99971	0
358	A	0.00001	0.00028	0.99971	0
359	D	0.00001	0.00028	0.99971	0
360	V	0.00001	0.00028	0.99971	0
361	T	0.00001	0.00028	0.99971	0
362	V	0.00001	0.00028	0.99971	0
363	G	0.00001	0.00028	0.99971	0
364	P	0.00001	0.00028	0.99971	0
365	L	0.00001	0.00028	0.99971	0
366	I	0.00001	0.00028	0.99971	0
367	F	0.00001	0.00063	0.99936	0
368	L	0.00001	0.02289	0.97710	0
369	D	0.00001	0.98629	0.01370	0
370	R	0.00001	0.99862	0.00137	0
371	R	0.00001	0.99981	0.00018	0
372	G	0.00001	0.99994	0.00005	0
373	D	0.00001	0.99999	0.00000	0
374	H	0.00001	0.99994	0.00005	0
375	E	0.00001	0.96282	0.03717	0
376	V	0.00001	0.79271	0.20728	0
377	E	0.00001	0.66473	0.33526	0
378	Q	0.00001	0.6021	0.39789	0
379	W	0.00000	0.57546	0.42454	0
380	A	0.00000	0.57183	0.42817	0
381	L	0.00000	0.57038	0.42962	0
382	P	0.00000	0.57036	0.42964	0
383	S	0.00000	0.57022	0.42978	0
384	D	0.00000	0.56851	0.43149	0
385	T	0.00000	0.49323	0.50677	0
386	S	0.00000	0.27802	0.72198	0
387	V	0.00000	0.10589	0.89411	0
388	V	0.00000	0.00266	0.99734	0
389	L	0.00000	0.00042	0.99958	0
390	L	0.00000	5e-05	0.99995	0
391	G	0.00000	3e-05	0.99997	0
392	V	0.00000	0	1.00000	0
393	G	0.00000	0	1.00000	0
394	L	0.00003	0	0.99997	0
395	A	0.00060	0	0.99940	0
396	V	0.00100	0	0.99900	0
397	V	0.00553	0	0.99447	0
398	V	0.02156	0	0.97844	0
399	S	0.18569	0	0.81430	0
400	L	0.26966	0	0.73034	0
401	T	0.39694	1e-05	0.60305	0
402	L	0.42410	1e-05	0.57589	0
403	T	0.42906	0	0.57093	0
404	A	0.43045	0	0.56955	0
405	V	0.43332	0	0.56668	0
406	I	0.44968	0	0.55032	0
407	L	0.51082	0	0.48918	0
408	V	0.59377	0	0.40623	0
409	L	0.70017	0	0.29983	0
410	T	0.93211	0	0.06789	0
411	R	0.99999	0	0.00001	0
412	R	0.99999	0	0.00001	0
413	C	0.99999	0	0.00001	0
414	R	0.99999	0	0.00001	0
415	T	0.99999	0	0.00001	0
416	A	0.99999	0	0.00001	0
417	S	0.99999	0	0.00001	0
418	H	0.99999	0	0.00001	0
419	P	0.99999	0	0.00001	0
420	V	0.99999	0	0.00001	0
421	S	0.99999	0	0.00001	0
422	A	0.99999	0	0.00001	0
423	S	0.99999	0	0.00001	0
424	E	1.00000	0	0.00000	0
