# UNNAMED
#pos	aa	i	o	M	S
1	M	0.00000	6e-05	0.00000	0.99994
2	G	0.00000	6e-05	0.00000	0.99994
3	T	0.00000	6e-05	0.00000	0.99994
4	R	0.00000	6e-05	0.00000	0.99994
5	G	0.00000	6e-05	0.00000	0.99994
6	A	0.00000	6e-05	0.00000	0.99995
7	V	0.00000	6e-05	0.00000	0.99995
8	M	0.00000	6e-05	0.00000	0.99995
9	P	0.00000	6e-05	0.00000	0.99995
10	P	0.00000	6e-05	0.00000	0.99995
11	P	0.00000	6e-05	0.00000	0.99994
12	M	0.00000	6e-05	0.00000	0.99995
13	W	0.00000	6e-05	0.00000	0.99994
14	G	0.00000	6e-05	0.00000	0.99995
15	L	0.00000	6e-05	0.00000	0.99994
16	L	0.00000	6e-05	0.00000	0.99994
17	G	0.00000	6e-05	0.00000	0.99994
18	C	0.00000	6e-05	0.00000	0.99995
19	C	0.00000	6e-05	0.00000	0.99994
20	F	0.00000	6e-05	0.00000	0.99994
21	V	0.00000	6e-05	0.00000	0.99994
22	C	0.00000	6e-05	0.00000	0.99994
23	A	0.00000	6e-05	0.00000	0.99995
24	W	0.00000	0.00048	0.00000	0.99952
25	A	0.00000	0.00048	0.00000	0.99952
26	L	0.00000	0.14022	0.00000	0.85978
27	G	0.00000	0.14022	0.00000	0.85978
28	G	0.00000	0.14035	0.00000	0.85966
29	P	0.00000	0.14035	0.00000	0.85966
30	R	0.00000	0.14041	0.00000	0.8596
31	P	0.00000	0.1404	0.00000	0.8596
32	I	0.00000	0.1404	0.00000	0.8596
33	R	0.00000	0.1404	0.00000	0.8596
34	S	0.00000	0.1404	0.00000	0.8596
35	L	0.00000	0.99998	0.00000	2e-05
36	P	0.00000	0.99998	0.00000	2e-05
37	P	0.00000	0.99998	0.00000	2e-05
38	L	0.00000	0.99998	0.00000	2e-05
39	S	0.00000	0.99998	0.00000	2e-05
40	S	0.00000	0.99998	0.00000	2e-05
41	Q	0.00000	1	0.00000	0
42	V	0.00000	1	0.00000	0
43	K	0.00000	1	0.00000	0
44	P	0.00000	1	0.00000	0
45	G	0.00000	1	0.00000	0
46	S	0.00000	1	0.00000	0
47	V	0.00000	1	0.00000	0
48	P	0.00000	1	0.00000	0
49	M	0.00000	1	0.00000	0
50	Q	0.00000	1	0.00000	0
51	V	0.00000	1	0.00000	0
52	P	0.00000	1	0.00000	0
53	L	0.00000	1	0.00000	0
54	E	0.00000	1	0.00000	0
55	G	0.00000	1	0.00000	0
56	A	0.00000	1	0.00000	0
57	E	0.00000	1	0.00000	0
58	A	0.00000	1	0.00000	0
59	A	0.00000	1	0.00000	0
60	L	0.00000	1	0.00000	0
61	A	0.00000	1	0.00000	0
62	Y	0.00000	1	0.00000	0
63	L	0.00000	1	0.00000	0
64	Y	0.00000	1	0.00000	0
65	S	0.00000	1	0.00000	0
66	G	0.00000	1	0.00000	0
67	D	0.00000	1	0.00000	0
68	A	0.00000	1	0.00000	0
69	Q	0.00000	1	0.00000	0
70	Q	0.00000	1	0.00000	0
71	L	0.00000	1	0.00000	0
72	S	0.00000	1	0.00000	0
73	Q	0.00000	1	0.00000	0
74	V	0.00000	1	0.00000	0
75	N	0.00000	1	0.00000	0
76	C	0.00000	1	0.00000	0
77	S	0.00000	1	0.00000	0
78	E	0.00000	1	0.00000	0
79	R	0.00000	1	0.00000	0
80	Y	0.00000	1	0.00000	0
81	E	0.00000	1	0.00000	0
82	A	0.00000	1	0.00000	0
83	R	0.00000	1	0.00000	0
84	G	0.00000	1	0.00000	0
85	A	0.00000	1	0.00000	0
86	G	0.00000	1	0.00000	0
87	A	0.00000	1	0.00000	0
88	M	0.00000	1	0.00000	0
89	P	0.00000	1	0.00000	0
90	G	0.00000	1	0.00000	0
91	L	0.00000	1	0.00000	0
92	P	0.00000	1	0.00000	0
93	P	0.00000	1	0.00000	0
94	S	0.00000	1	0.00000	0
95	L	0.00000	1	0.00000	0
96	Q	0.00000	1	0.00000	0
97	G	0.00000	1	0.00000	0
98	A	0.00000	1	0.00000	0
99	A	0.00000	1	0.00000	0
100	G	0.00000	1	0.00000	0
101	T	0.00000	1	0.00000	0
102	L	0.00000	1	0.00000	0
103	A	0.00000	1	0.00000	0
104	Q	0.00000	1	0.00000	0
105	A	0.00000	1	0.00000	0
106	A	0.00000	1	0.00000	0
107	N	0.00000	1	0.00000	0
108	F	0.00000	1	0.00000	0
109	L	0.00000	1	0.00000	0
110	N	0.00000	1	0.00000	0
111	M	0.00000	1	0.00000	0
112	L	0.00000	1	0.00000	0
113	L	0.00000	1	0.00000	0
114	Q	0.00000	1	0.00000	0
115	A	0.00000	1	0.00000	0
116	N	0.00000	1	0.00000	0
117	D	0.00000	1	0.00000	0
118	I	0.00000	1	0.00000	0
119	R	0.00000	1	0.00000	0
120	E	0.00000	1	0.00000	0
121	S	0.00000	1	0.00000	0
122	S	0.00000	1	0.00000	0
123	V	0.00000	1	0.00000	0
124	E	0.00000	1	0.00000	0
125	E	0.00000	1	0.00000	0
126	D	0.00000	1	0.00000	0
127	V	0.00000	1	0.00000	0
128	E	0.00000	1	0.00000	0
129	W	0.00000	1	0.00000	0
130	Y	0.00000	1	0.00000	0
131	Q	0.00000	1	0.00000	0
132	A	0.00000	1	0.00000	0
133	L	0.00000	1	0.00000	0
134	V	0.00000	1	0.00000	0
135	R	0.00000	1	0.00000	0
136	S	0.00000	1	0.00000	0
137	V	0.00000	1	0.00000	0
138	A	0.00000	1	0.00000	0
139	E	0.00000	1	0.00000	0
140	G	0.00000	1	0.00000	0
141	D	0.00000	1	0.00000	0
142	P	0.00000	1	0.00000	0
143	R	0.00000	1	0.00000	0
144	V	0.00000	1	0.00000	0
145	Y	0.00000	1	0.00000	0
146	R	0.00000	1	0.00000	0
147	A	0.00000	1	0.00000	0
148	L	0.00000	1	0.00000	0
149	L	0.00000	1	0.00000	0
150	T	0.00000	1	0.00000	0
151	F	0.00000	1	0.00000	0
152	N	0.00000	1	0.00000	0
153	P	0.00000	1	0.00000	0
154	P	0.00000	1	0.00000	0
155	P	0.00000	1	0.00000	0
156	G	0.00000	1	0.00000	0
157	A	0.00000	1	0.00000	0
158	S	0.00000	1	0.00000	0
159	H	0.00000	1	0.00000	0
160	L	0.00000	1	0.00000	0
161	Q	0.00000	1	0.00000	0
162	L	0.00000	1	0.00000	0
163	A	0.00000	1	0.00000	0
164	L	0.00000	1	0.00000	0
165	Q	0.00000	1	0.00000	0
166	A	0.00000	1	0.00000	0
167	T	0.00000	1	0.00000	0
168	R	0.00000	1	0.00000	0
169	T	0.00000	1	0.00000	0
170	G	0.00000	1	0.00000	0
171	E	0.00000	1	0.00000	0
172	E	0.00000	1	0.00000	0
173	T	0.00000	1	0.00000	0
174	I	0.00000	1	0.00000	0
175	L	0.00000	1	0.00000	0
176	Q	0.00000	1	0.00000	0
177	D	0.00000	1	0.00000	0
178	L	0.00000	1	0.00000	0
179	S	0.00000	1	0.00000	0
180	G	0.00000	1	0.00000	0
181	N	0.00000	1	0.00000	0
182	W	0.00000	1	0.00000	0
183	V	0.00000	1	0.00000	0
184	Q	0.00000	1	0.00000	0
185	E	0.00000	1	0.00000	0
186	E	0.00000	1	0.00000	0
187	N	0.00000	1	0.00000	0
188	P	0.00000	1	0.00000	0
189	P	0.00000	1	0.00000	0
190	G	0.00000	1	0.00000	0
191	D	0.00000	1	0.00000	0
192	L	0.00000	1	0.00000	0
193	D	0.00000	1	0.00000	0
194	T	0.00000	1	0.00000	0
195	P	0.00000	1	0.00000	0
196	A	0.00000	1	0.00000	0
197	L	0.00000	1	0.00000	0
198	K	0.00000	1	0.00000	0
199	K	0.00000	1	0.00000	0
200	R	0.00000	1	0.00000	0
201	V	0.00000	1	0.00000	0
202	L	0.00000	1	0.00000	0
203	T	0.00000	1	0.00000	0
204	N	0.00000	1	0.00000	0
205	D	0.00000	1	0.00000	0
206	L	0.00000	1	0.00000	0
207	G	0.00000	1	0.00000	0
208	S	0.00000	1	0.00000	0
209	L	0.00000	1	0.00000	0
210	G	0.00000	1	0.00000	0
211	S	0.00000	1	0.00000	0
212	P	0.00000	1	0.00000	0
213	K	0.00000	1	0.00000	0
214	W	0.00000	1	0.00000	0
215	P	0.00000	1	0.00000	0
216	Q	0.00000	1	0.00000	0
217	A	0.00000	1	0.00000	0
218	D	0.00000	1	0.00000	0
219	G	0.00000	1	0.00000	0
220	Y	0.00000	1	0.00000	0
221	V	0.00000	1	0.00000	0
222	G	0.00000	1	0.00000	0
223	D	0.00000	1	0.00000	0
224	T	0.00000	1	0.00000	0
225	Q	0.00000	1	0.00000	0
226	Q	0.00000	1	0.00000	0
227	V	0.00000	1	0.00000	0
228	R	0.00000	1	0.00000	0
229	L	0.00000	1	0.00000	0
230	S	0.00000	1	0.00000	0
231	P	0.00000	1	0.00000	0
232	P	0.00000	1	0.00000	0
233	F	0.00000	1	0.00000	0
234	L	0.00000	1	0.00000	0
235	E	0.00000	1	0.00000	0
236	C	0.00000	1	0.00000	0
237	Q	0.00000	1	0.00000	0
238	E	0.00000	1	0.00000	0
239	G	0.00000	1	0.00000	0
240	R	0.00000	1	0.00000	0
241	L	0.00000	1	0.00000	0
242	R	0.00000	1	0.00000	0
243	P	0.00000	1	0.00000	0
244	G	0.00000	1	0.00000	0
245	W	0.00000	1	0.00000	0
246	L	0.00000	1	0.00000	0
247	I	0.00000	1	0.00000	0
248	T	0.00000	1	0.00000	0
249	L	0.00000	1	0.00000	0
250	S	0.00000	1	0.00000	0
251	A	0.00000	1	0.00000	0
252	T	0.00000	1	0.00000	0
253	F	0.00000	1	0.00000	0
254	Y	0.00000	1	0.00000	0
255	G	0.00000	1	0.00000	0
256	L	0.00000	1	0.00000	0
257	K	0.00000	1	0.00000	0
258	P	0.00000	1	0.00000	0
259	D	0.00000	1	0.00000	0
260	L	0.00000	1	0.00000	0
261	S	0.00000	1	0.00000	0
262	P	0.00000	1	0.00000	0
263	E	0.00000	1	0.00000	0
264	V	0.00000	1	0.00000	0
265	R	0.00000	1	0.00000	0
266	G	0.00000	1	0.00000	0
267	Q	0.00000	1	0.00000	0
268	V	0.00000	1	0.00000	0
269	Q	0.00000	1	0.00000	0
270	M	0.00000	1	0.00000	0
271	D	0.00000	1	0.00000	0
272	V	0.00000	1	0.00000	0
273	D	0.00000	1	0.00000	0
274	L	0.00000	1	0.00000	0
275	Q	0.00000	1	0.00000	0
276	S	0.00000	1	0.00000	0
277	V	0.00000	1	0.00000	0
278	D	0.00000	1	0.00000	0
279	I	0.00000	1	0.00000	0
280	N	0.00000	1	0.00000	0
281	Q	0.00000	1	0.00000	0
282	C	0.00000	1	0.00000	0
283	A	0.00000	1	0.00000	0
284	S	0.00000	1	0.00000	0
285	G	0.00000	1	0.00000	0
286	P	0.00000	1	0.00000	0
287	G	0.00000	1	0.00000	0
288	W	0.00000	1	0.00000	0
289	Y	0.00000	1	0.00000	0
290	S	0.00000	1	0.00000	0
291	N	0.00000	1	0.00000	0
292	T	0.00000	1	0.00000	0
293	H	0.00000	1	0.00000	0
294	L	0.00000	1	0.00000	0
295	C	0.00000	1	0.00000	0
296	D	0.00000	1	0.00000	0
297	L	0.00000	1	0.00000	0
298	N	0.00000	1	0.00000	0
299	S	0.00000	1	0.00000	0
300	T	0.00000	1	0.00000	0
301	Q	0.00000	1	0.00000	0
302	C	0.00000	1	0.00000	0
303	V	0.00000	1	0.00000	0
304	P	0.00000	1	0.00000	0
305	L	0.00000	1	0.00000	0
306	E	0.00000	1	0.00000	0
307	S	0.00000	1	0.00000	0
308	Q	0.00000	1	0.00000	0
309	G	0.00000	1	0.00000	0
310	F	0.00000	1	0.00000	0
311	V	0.00000	1	0.00000	0
312	L	0.00000	1	0.00000	0
313	G	0.00000	1	0.00000	0
314	R	0.00000	1	0.00000	0
315	Y	0.00000	1	0.00000	0
316	L	0.00000	1	0.00000	0
317	C	0.00000	1	0.00000	0
318	R	0.00000	1	0.00000	0
319	C	0.00000	1	0.00000	0
320	R	0.00000	1	0.00000	0
321	P	0.00000	1	0.00000	0
322	G	0.00000	1	0.00000	0
323	F	0.00000	1	0.00000	0
324	Y	0.00000	1	0.00000	0
325	G	0.00000	1	0.00000	0
326	A	0.00000	1	0.00000	0
327	S	0.00000	1	0.00000	0
328	P	0.00000	1	0.00000	0
329	S	0.00000	1	0.00000	0
330	G	0.00000	1	0.00000	0
331	G	0.00000	1	0.00000	0
332	L	0.00000	1	0.00000	0
333	E	0.00000	1	0.00000	0
334	E	0.00000	1	0.00000	0
335	S	0.00000	1	0.00000	0
336	D	0.00000	1	0.00000	0
337	F	0.00000	1	0.00000	0
338	Q	0.00000	1	0.00000	0
339	T	0.00000	1	0.00000	0
340	T	0.00000	1	0.00000	0
341	G	0.00000	1	0.00000	0
342	Q	0.00000	1	0.00000	0
343	F	0.00000	1	0.00000	0
344	G	0.00000	1	0.00000	0
345	F	0.00000	1	0.00000	0
346	P	0.00000	1	0.00000	0
347	E	0.00000	1	0.00000	0
348	G	0.00000	1	0.00000	0
349	R	0.00000	1	0.00000	0
350	S	0.00000	1	0.00000	0
351	G	0.00000	1	0.00000	0
352	R	0.00000	1	0.00000	0
353	L	0.00000	1	0.00000	0
354	L	0.00000	1	0.00000	0
355	Q	0.00000	1	0.00000	0
356	C	0.00000	1	0.00000	0
357	L	0.00000	1	0.00000	0
358	P	0.00000	1	0.00000	0
359	C	0.00000	1	0.00000	0
360	P	0.00000	1	0.00000	0
361	E	0.00000	1	0.00000	0
362	G	0.00000	1	0.00000	0
363	C	0.00000	1	0.00000	0
364	T	0.00000	1	0.00000	0
365	S	0.00000	1	0.00000	0
366	C	0.00000	1	0.00000	0
367	M	0.00000	1	0.00000	0
368	D	0.00000	1	0.00000	0
369	A	0.00000	1	0.00000	0
370	T	0.00000	0.99999	0.00001	0
371	P	0.00000	0.99999	0.00001	0
372	C	0.00000	0.99998	0.00002	0
373	L	0.00000	0.99994	0.00006	0
374	V	0.00000	0.9999	0.00010	0
375	E	0.00000	0.99987	0.00013	0
376	E	0.00000	0.99914	0.00086	0
377	A	0.00000	0.86538	0.13462	0
378	A	0.00000	0.73888	0.26112	0
379	V	0.00000	0.62892	0.37108	0
380	L	0.00000	0.57899	0.42101	0
381	R	0.00000	0.55888	0.44112	0
382	A	0.00000	0.06696	0.93304	0
383	A	0.00000	0.03296	0.96704	0
384	V	0.00000	0.00282	0.99718	0
385	L	0.00000	5e-05	0.99995	0
386	A	0.00000	0	1.00000	0
387	C	0.00000	0	1.00000	0
388	Q	0.00000	0	1.00000	0
389	A	0.00000	0	1.00000	0
390	C	0.00000	0	1.00000	0
391	C	0.00000	0	1.00000	0
392	M	0.00000	0	1.00000	0
393	L	0.00000	0	1.00000	0
394	A	0.00000	0	1.00000	0
395	I	0.00000	0	1.00000	0
396	F	0.00000	0	1.00000	0
397	L	0.00031	0	0.99969	0
398	S	0.00387	0	0.99613	0
399	M	0.00628	0	0.99372	0
400	L	0.01269	0	0.98731	0
401	V	0.04169	0	0.95831	0
402	S	0.16517	0	0.83483	0
403	Y	0.21246	0	0.78754	0
404	R	0.92980	0	0.07020	0
405	C	0.95297	0	0.04703	0
406	R	0.99875	0	0.00125	0
407	R	0.99992	0	0.00008	0
408	N	0.99992	0	0.00008	0
409	K	0.99989	0	0.00011	0
410	R	0.99942	0	0.00058	0
411	I	0.94229	0	0.05771	0
412	W	0.93616	0	0.06384	0
413	A	0.92832	0	0.07168	0
414	S	0.87808	0	0.12192	0
415	G	0.53422	0	0.46578	0
416	V	0.04041	0	0.95959	0
417	V	0.00261	0	0.99739	0
418	L	0.00003	0	0.99997	0
419	L	0.00000	0	1.00000	0
420	E	0.00000	0	1.00000	0
421	T	0.00000	0	1.00000	0
422	V	0.00000	0	1.00000	0
423	L	0.00000	0	1.00000	0
424	F	0.00000	0	1.00000	0
425	G	0.00000	0	1.00000	0
426	F	0.00000	0	1.00000	0
427	L	0.00000	0	1.00000	0
428	L	0.00000	0	1.00000	0
429	L	0.00000	1e-05	0.99999	0
430	Y	0.00000	0.00012	0.99988	0
431	F	0.00000	0.00018	0.99982	0
432	P	0.00000	0.00048	0.99952	0
433	V	0.00000	0.00153	0.99847	0
434	F	0.00000	0.00738	0.99262	0
435	I	0.00000	0.06452	0.93548	0
436	L	0.00000	0.34022	0.65978	0
437	Y	0.00000	0.99955	0.00045	0
438	F	0.00000	0.99973	0.00027	0
439	K	0.00000	0.99997	0.00003	0
440	P	0.00000	0.99999	0.00001	0
441	S	0.00000	1	0.00000	0
442	V	0.00000	1	0.00000	0
443	F	0.00000	1	0.00000	0
444	R	0.00000	1	0.00000	0
445	C	0.00000	1	0.00000	0
446	I	0.00000	0.99995	0.00005	0
447	A	0.00000	0.99976	0.00024	0
448	L	0.00000	0.65602	0.34398	0
449	R	0.00000	0.51307	0.48693	0
450	W	0.00000	0.36979	0.63021	0
451	V	0.00000	0.10951	0.89049	0
452	R	0.00000	0.02264	0.97736	0
453	L	0.00000	0.00336	0.99664	0
454	L	0.00000	0.00076	0.99924	0
455	G	0.00000	0.00049	0.99951	0
456	F	0.00000	4e-05	0.99996	0
457	A	0.00000	0	1.00000	0
458	I	0.00000	0	1.00000	0
459	V	0.00000	0	1.00000	0
460	Y	0.00000	0	1.00000	0
461	G	0.00000	0	1.00000	0
462	T	0.00000	0	1.00000	0
463	I	0.00000	0	1.00000	0
464	I	0.00000	0	1.00000	0
465	L	0.00000	0	1.00000	0
466	K	0.00000	0	1.00000	0
467	L	0.00002	0	0.99998	0
468	Y	0.00168	0	0.99832	0
469	R	0.02887	0	0.97113	0
470	V	0.10386	0	0.89614	0
471	L	0.30592	0	0.69408	0
472	Q	0.37418	0	0.62582	0
473	L	0.80716	0	0.19284	0
474	F	0.99702	0	0.00298	0
475	L	0.99818	0	0.00182	0
476	S	0.99903	0	0.00097	0
477	R	0.99978	0	0.00022	0
478	T	0.99986	0	0.00014	0
479	A	0.99997	0	0.00003	0
480	Q	0.99999	0	0.00001	0
481	R	1.00000	0	0.00000	0
482	S	1.00000	0	0.00000	0
483	A	1.00000	0	0.00000	0
484	L	1.00000	0	0.00000	0
485	L	1.00000	0	0.00000	0
486	S	1.00000	0	0.00000	0
487	S	1.00000	0	0.00000	0
488	G	0.99992	0	0.00008	0
489	R	0.99119	0	0.00881	0
490	L	0.67138	0	0.32862	0
491	L	0.62124	0	0.37876	0
492	R	0.61114	0	0.38886	0
493	R	0.49421	0	0.50579	0
494	L	0.00160	0	0.99840	0
495	G	0.00001	0	0.99999	0
496	L	0.00000	0	1.00000	0
497	L	0.00000	0	1.00000	0
498	L	0.00000	0	1.00000	0
499	L	0.00000	0	1.00000	0
500	P	0.00000	0	1.00000	0
501	V	0.00000	0	1.00000	0
502	L	0.00000	0	1.00000	0
503	G	0.00000	0	1.00000	0
504	F	0.00000	0	1.00000	0
505	L	0.00000	0	1.00000	0
506	A	0.00000	0	1.00000	0
507	V	0.00000	0	1.00000	0
508	W	0.00000	5e-05	0.99995	0
509	T	0.00000	0.00448	0.99552	0
510	V	0.00000	0.02735	0.97265	0
511	G	0.00000	0.18512	0.81488	0
512	A	0.00000	0.22163	0.77837	0
513	L	0.00000	0.30029	0.69971	0
514	E	0.00000	0.95081	0.04919	0
515	R	0.00000	0.99565	0.00435	0
516	G	0.00000	0.99838	0.00162	0
517	I	0.00000	0.99931	0.00069	0
518	Q	0.00000	0.99998	0.00002	0
519	H	0.00000	1	0.00000	0
520	A	0.00000	1	0.00000	0
521	P	0.00000	1	0.00000	0
522	L	0.00000	1	0.00000	0
523	V	0.00000	1	0.00000	0
524	I	0.00000	1	0.00000	0
525	R	0.00000	1	0.00000	0
526	G	0.00000	1	0.00000	0
527	H	0.00000	1	0.00000	0
528	T	0.00000	1	0.00000	0
529	P	0.00000	1	0.00000	0
530	S	0.00000	1	0.00000	0
531	G	0.00000	1	0.00000	0
532	R	0.00000	1	0.00000	0
533	H	0.00000	1	0.00000	0
534	F	0.00000	1	0.00000	0
535	Y	0.00000	1	0.00000	0
536	L	0.00000	1	0.00000	0
537	C	0.00000	1	0.00000	0
538	H	0.00000	0.99995	0.00005	0
539	H	0.00000	0.99995	0.00005	0
540	D	0.00000	0.99995	0.00005	0
541	R	0.00000	0.99876	0.00124	0
542	W	0.00000	0.99485	0.00515	0
543	D	0.00000	0.99422	0.00578	0
544	Y	0.00000	0.96509	0.03491	0
545	I	0.00000	0.0001	0.99990	0
546	M	0.00000	0	1.00000	0
547	V	0.00000	0	1.00000	0
548	V	0.00000	0	1.00000	0
549	A	0.00000	0	1.00000	0
550	E	0.00000	0	1.00000	0
551	L	0.00000	0	1.00000	0
552	L	0.00000	0	1.00000	0
553	L	0.00000	0	1.00000	0
554	L	0.00000	0	1.00000	0
555	C	0.00000	0	1.00000	0
556	W	0.00000	0	1.00000	0
557	G	0.00000	0	1.00000	0
558	S	0.00000	0	1.00000	0
559	F	0.00000	0	1.00000	0
560	L	0.00000	0	1.00000	0
561	C	0.00000	0	1.00000	0
562	Y	0.00000	0	1.00000	0
563	A	0.00030	0	0.99970	0
564	T	0.00735	0	0.99265	0
565	R	0.12191	0	0.87809	0
566	A	0.21564	0	0.78436	0
567	V	0.58557	0	0.41443	0
568	L	0.89547	0	0.10453	0
569	S	0.97574	0	0.02426	0
570	A	0.99932	0	0.00068	0
571	F	0.99948	0	0.00052	0
572	H	0.99996	0	0.00004	0
573	E	1.00000	0	0.00000	0
574	P	1.00000	0	0.00000	0
575	R	0.99987	0	0.00013	0
576	Y	0.99977	0	0.00023	0
577	M	0.12675	0	0.87325	0
578	G	0.12655	0	0.87345	0
579	I	0.12624	0	0.87376	0
580	A	0.12624	0	0.87376	0
581	L	0.12624	0	0.87376	0
582	H	0.12624	0	0.87376	0
583	N	0.12624	0	0.87376	0
584	E	0.12624	0	0.87376	0
585	L	0.00043	0	0.99957	0
586	L	0.00013	0	0.99987	0
587	L	0.00000	0	1.00000	0
588	S	0.00000	0	1.00000	0
589	A	0.00000	0	1.00000	0
590	A	0.00000	0	1.00000	0
591	F	0.00000	0	1.00000	0
592	H	0.00000	0	1.00000	0
593	T	0.00000	0	1.00000	0
594	A	0.00000	0	1.00000	0
595	R	0.00000	0.00018	0.99982	0
596	F	0.00000	0.00062	0.99938	0
597	V	0.00000	0.0242	0.97580	0
598	L	0.00000	0.0455	0.95450	0
599	V	0.00000	0.27676	0.72324	0
600	P	0.00000	0.85563	0.14437	0
601	S	0.00000	0.86279	0.13721	0
602	L	0.00000	0.86515	0.13485	0
603	H	0.00000	0.87471	0.12529	0
604	P	0.00000	0.91326	0.08674	0
605	D	0.00000	0.99244	0.00756	0
606	W	0.00000	0.59261	0.40739	0
607	T	0.00000	0.36727	0.63273	0
608	L	0.00000	0.04711	0.95289	0
609	L	0.00000	0.00214	0.99786	0
610	L	0.00000	6e-05	0.99994	0
611	F	0.00000	0	1.00000	0
612	F	0.00000	0	1.00000	0
613	F	0.00000	0	1.00000	0
614	H	0.00000	0	1.00000	0
615	T	0.00000	0	1.00000	0
616	H	0.00000	0	1.00000	0
617	S	0.00000	0	1.00000	0
618	T	0.00000	0	1.00000	0
619	V	0.00000	0	1.00000	0
620	T	0.00000	0	1.00000	0
621	T	0.00000	0	1.00000	0
622	T	0.00001	0	0.99999	0
623	L	0.00002	0	0.99998	0
624	A	0.00004	0	0.99996	0
625	L	0.00026	0	0.99974	0
626	I	0.00251	0	0.99749	0
627	F	0.01901	0	0.98099	0
628	I	0.17449	0	0.82551	0
629	P	0.55661	0	0.44339	0
630	K	1.00000	0	0.00000	0
631	F	1.00000	0	0.00000	0
632	W	1.00000	0	0.00000	0
633	K	1.00000	0	0.00000	0
634	L	1.00000	0	0.00000	0
635	G	1.00000	0	0.00000	0
636	A	1.00000	0	0.00000	0
637	P	1.00000	0	0.00000	0
638	P	1.00000	0	0.00000	0
639	R	1.00000	0	0.00000	0
640	E	1.00000	0	0.00000	0
641	E	1.00000	0	0.00000	0
642	M	1.00000	0	0.00000	0
643	V	1.00000	0	0.00000	0
644	D	1.00000	0	0.00000	0
645	E	1.00000	0	0.00000	0
646	V	1.00000	0	0.00000	0
647	C	1.00000	0	0.00000	0
648	E	1.00000	0	0.00000	0
649	D	1.00000	0	0.00000	0
650	E	1.00000	0	0.00000	0
651	L	1.00000	0	0.00000	0
652	D	1.00000	0	0.00000	0
653	L	1.00000	0	0.00000	0
654	Q	1.00000	0	0.00000	0
655	H	1.00000	0	0.00000	0
656	S	1.00000	0	0.00000	0
657	G	1.00000	0	0.00000	0
658	S	1.00000	0	0.00000	0
659	Y	1.00000	0	0.00000	0
660	L	1.00000	0	0.00000	0
661	G	1.00000	0	0.00000	0
662	S	1.00000	0	0.00000	0
663	S	1.00000	0	0.00000	0
664	I	1.00000	0	0.00000	0
665	A	1.00000	0	0.00000	0
666	S	1.00000	0	0.00000	0
667	A	1.00000	0	0.00000	0
668	W	1.00000	0	0.00000	0
669	S	1.00000	0	0.00000	0
670	E	1.00000	0	0.00000	0
671	H	1.00000	0	0.00000	0
672	S	1.00000	0	0.00000	0
673	L	1.00000	0	0.00000	0
674	D	1.00000	0	0.00000	0
675	P	1.00000	0	0.00000	0
676	G	1.00000	0	0.00000	0
677	D	1.00000	0	0.00000	0
678	I	1.00000	0	0.00000	0
679	R	1.00000	0	0.00000	0
680	D	1.00000	0	0.00000	0
681	E	1.00000	0	0.00000	0
682	L	1.00000	0	0.00000	0
683	K	1.00000	0	0.00000	0
684	K	1.00000	0	0.00000	0
685	L	1.00000	0	0.00000	0
686	Y	1.00000	0	0.00000	0
687	A	1.00000	0	0.00000	0
688	Q	1.00000	0	0.00000	0
689	L	1.00000	0	0.00000	0
690	E	1.00000	0	0.00000	0
691	V	1.00000	0	0.00000	0
692	H	1.00000	0	0.00000	0
693	K	1.00000	0	0.00000	0
694	T	1.00000	0	0.00000	0
695	K	1.00000	0	0.00000	0
696	E	1.00000	0	0.00000	0
697	M	1.00000	0	0.00000	0
698	A	1.00000	0	0.00000	0
699	A	1.00000	0	0.00000	0
700	N	1.00000	0	0.00000	0
701	N	1.00000	0	0.00000	0
702	P	1.00000	0	0.00000	0
703	H	1.00000	0	0.00000	0
704	L	1.00000	0	0.00000	0
705	P	1.00000	0	0.00000	0
706	K	1.00000	0	0.00000	0
707	K	1.00000	0	0.00000	0
708	R	1.00000	0	0.00000	0
709	G	1.00000	0	0.00000	0
710	S	1.00000	0	0.00000	0
711	S	1.00000	0	0.00000	0
712	C	1.00000	0	0.00000	0
713	Q	1.00000	0	0.00000	0
714	G	1.00000	0	0.00000	0
715	L	1.00000	0	0.00000	0
716	G	1.00000	0	0.00000	0
717	R	1.00000	0	0.00000	0
718	S	1.00000	0	0.00000	0
719	F	1.00000	0	0.00000	0
720	M	1.00000	0	0.00000	0
721	R	1.00000	0	0.00000	0
722	Y	1.00000	0	0.00000	0
723	L	1.00000	0	0.00000	0
724	A	1.00000	0	0.00000	0
725	E	1.00000	0	0.00000	0
726	F	1.00000	0	0.00000	0
727	P	1.00000	0	0.00000	0
728	E	1.00000	0	0.00000	0
729	A	1.00000	0	0.00000	0
730	L	1.00000	0	0.00000	0
731	A	1.00000	0	0.00000	0
732	R	1.00000	0	0.00000	0
733	Q	1.00000	0	0.00000	0
734	H	1.00000	0	0.00000	0
735	S	1.00000	0	0.00000	0
736	R	1.00000	0	0.00000	0
737	D	1.00000	0	0.00000	0
738	S	1.00000	0	0.00000	0
739	G	1.00000	0	0.00000	0
740	S	1.00000	0	0.00000	0
741	P	1.00000	0	0.00000	0
742	G	1.00000	0	0.00000	0
743	H	1.00000	0	0.00000	0
744	G	1.00000	0	0.00000	0
745	S	1.00000	0	0.00000	0
746	L	1.00000	0	0.00000	0
747	P	1.00000	0	0.00000	0
748	G	1.00000	0	0.00000	0
749	S	1.00000	0	0.00000	0
750	S	1.00000	0	0.00000	0
751	R	1.00000	0	0.00000	0
752	R	1.00000	0	0.00000	0
753	R	1.00000	0	0.00000	0
754	L	1.00000	0	0.00000	0
755	L	1.00000	0	0.00000	0
756	S	1.00000	0	0.00000	0
757	S	1.00000	0	0.00000	0
758	S	1.00000	0	0.00000	0
759	L	1.00000	0	0.00000	0
760	Q	1.00000	0	0.00000	0
761	E	1.00000	0	0.00000	0
762	P	1.00000	0	0.00000	0
763	E	1.00000	0	0.00000	0
764	G	1.00000	0	0.00000	0
765	T	1.00000	0	0.00000	0
766	P	1.00000	0	0.00000	0
767	A	1.00000	0	0.00000	0
768	L	1.00000	0	0.00000	0
769	H	1.00000	0	0.00000	0
770	K	1.00000	0	0.00000	0
771	S	1.00000	0	0.00000	0
772	R	1.00000	0	0.00000	0
773	S	1.00000	0	0.00000	0
774	T	1.00000	0	0.00000	0
775	Y	1.00000	0	0.00000	0
776	D	1.00000	0	0.00000	0
777	Q	1.00000	0	0.00000	0
778	R	1.00000	0	0.00000	0
779	R	1.00000	0	0.00000	0
780	E	1.00000	0	0.00000	0
781	Q	1.00000	0	0.00000	0
782	D	1.00000	0	0.00000	0
783	P	1.00000	0	0.00000	0
784	P	1.00000	0	0.00000	0
785	L	1.00000	0	0.00000	0
786	L	1.00000	0	0.00000	0
787	D	1.00000	0	0.00000	0
788	S	1.00000	0	0.00000	0
789	L	1.00000	0	0.00000	0
790	L	1.00000	0	0.00000	0
791	R	1.00000	0	0.00000	0
792	R	1.00000	0	0.00000	0
793	K	1.00000	0	0.00000	0
794	L	1.00000	0	0.00000	0
795	A	1.00000	0	0.00000	0
796	K	1.00000	0	0.00000	0
797	K	1.00000	0	0.00000	0
798	A	1.00000	0	0.00000	0
799	S	1.00000	0	0.00000	0
800	R	1.00000	0	0.00000	0
801	T	1.00000	0	0.00000	0
802	E	1.00000	0	0.00000	0
803	S	1.00000	0	0.00000	0
804	R	1.00000	0	0.00000	0
805	E	1.00000	0	0.00000	0
806	S	1.00000	0	0.00000	0
807	V	1.00000	0	0.00000	0
808	E	1.00000	0	0.00000	0
809	G	1.00000	0	0.00000	0
810	P	1.00000	0	0.00000	0
811	P	1.00000	0	0.00000	0
812	A	1.00000	0	0.00000	0
813	L	1.00000	0	0.00000	0
814	G	1.00000	0	0.00000	0
815	F	1.00000	0	0.00000	0
816	R	1.00000	0	0.00000	0
817	S	1.00000	0	0.00000	0
818	A	1.00000	0	0.00000	0
819	S	1.00000	0	0.00000	0
820	A	1.00000	0	0.00000	0
821	H	1.00000	0	0.00000	0
822	N	1.00000	0	0.00000	0
823	L	1.00000	0	0.00000	0
824	T	1.00000	0	0.00000	0
825	V	1.00000	0	0.00000	0
826	G	1.00000	0	0.00000	0
827	E	1.00000	0	0.00000	0
828	R	1.00000	0	0.00000	0
829	L	1.00000	0	0.00000	0
830	P	1.00000	0	0.00000	0
831	R	1.00000	0	0.00000	0
832	A	1.00000	0	0.00000	0
833	R	1.00000	0	0.00000	0
834	P	1.00000	0	0.00000	0
835	A	1.00000	0	0.00000	0
836	S	1.00000	0	0.00000	0
837	L	1.00000	0	0.00000	0
838	Q	1.00000	0	0.00000	0
839	K	1.00000	0	0.00000	0
840	S	1.00000	0	0.00000	0
841	L	1.00000	0	0.00000	0
842	S	1.00000	0	0.00000	0
843	V	1.00000	0	0.00000	0
844	A	1.00000	0	0.00000	0
845	S	1.00000	0	0.00000	0
846	S	1.00000	0	0.00000	0
847	R	1.00000	0	0.00000	0
848	E	1.00000	0	0.00000	0
849	K	1.00000	0	0.00000	0
850	A	1.00000	0	0.00000	0
851	L	1.00000	0	0.00000	0
852	L	1.00000	0	0.00000	0
853	M	1.00000	0	0.00000	0
854	A	1.00000	0	0.00000	0
855	S	1.00000	0	0.00000	0
856	Q	1.00000	0	0.00000	0
857	A	1.00000	0	0.00000	0
858	Y	1.00000	0	0.00000	0
859	L	1.00000	0	0.00000	0
860	E	1.00000	0	0.00000	0
861	E	1.00000	0	0.00000	0
862	T	1.00000	0	0.00000	0
863	Y	1.00000	0	0.00000	0
864	R	1.00000	0	0.00000	0
865	Q	1.00000	0	0.00000	0
866	A	1.00000	0	0.00000	0
867	K	1.00000	0	0.00000	0
868	E	1.00000	0	0.00000	0
869	R	1.00000	0	0.00000	0
870	E	1.00000	0	0.00000	0
871	E	1.00000	0	0.00000	0
872	R	1.00000	0	0.00000	0
873	K	1.00000	0	0.00000	0
874	K	1.00000	0	0.00000	0
875	A	1.00000	0	0.00000	0
876	K	1.00000	0	0.00000	0
877	A	1.00000	0	0.00000	0
878	A	1.00000	0	0.00000	0
879	M	1.00000	0	0.00000	0
880	A	1.00000	0	0.00000	0
881	S	1.00000	0	0.00000	0
882	L	1.00000	0	0.00000	0
883	V	1.00000	0	0.00000	0
884	R	1.00000	0	0.00000	0
885	R	1.00000	0	0.00000	0
886	P	1.00000	0	0.00000	0
887	S	1.00000	0	0.00000	0
888	A	1.00000	0	0.00000	0
889	R	1.00000	0	0.00000	0
890	R	1.00000	0	0.00000	0
891	L	1.00000	0	0.00000	0
892	E	1.00000	0	0.00000	0
893	R	1.00000	0	0.00000	0
894	P	1.00000	0	0.00000	0
895	R	1.00000	0	0.00000	0
896	G	1.00000	0	0.00000	0
897	A	1.00000	0	0.00000	0
898	P	1.00000	0	0.00000	0
899	L	1.00000	0	0.00000	0
900	S	1.00000	0	0.00000	0
901	A	1.00000	0	0.00000	0
902	P	1.00000	0	0.00000	0
903	P	1.00000	0	0.00000	0
904	S	1.00000	0	0.00000	0
905	P	1.00000	0	0.00000	0
906	A	1.00000	0	0.00000	0
907	K	1.00000	0	0.00000	0
908	S	1.00000	0	0.00000	0
909	S	1.00000	0	0.00000	0
910	S	1.00000	0	0.00000	0
911	V	1.00000	0	0.00000	0
912	D	1.00000	0	0.00000	0
913	S	1.00000	0	0.00000	0
914	S	1.00000	0	0.00000	0
915	H	1.00000	0	0.00000	0
916	T	1.00000	0	0.00000	0
917	S	1.00000	0	0.00000	0
918	G	1.00000	0	0.00000	0
919	R	1.00000	0	0.00000	0
920	L	1.00000	0	0.00000	0
921	H	1.00000	0	0.00000	0
922	E	1.00000	0	0.00000	0
923	E	1.00000	0	0.00000	0
924	A	1.00000	0	0.00000	0
925	R	1.00000	0	0.00000	0
926	R	1.00000	0	0.00000	0
927	R	1.00000	0	0.00000	0
928	L	1.00000	0	0.00000	0
929	P	1.00000	0	0.00000	0
930	H	1.00000	0	0.00000	0
931	P	1.00000	0	0.00000	0
932	P	1.00000	0	0.00000	0
933	I	1.00000	0	0.00000	0
934	R	1.00000	0	0.00000	0
935	H	1.00000	0	0.00000	0
936	Q	1.00000	0	0.00000	0
937	V	1.00000	0	0.00000	0
938	S	1.00000	0	0.00000	0
939	T	1.00000	0	0.00000	0
940	P	1.00000	0	0.00000	0
941	I	1.00000	0	0.00000	0
942	L	1.00000	0	0.00000	0
943	A	1.00000	0	0.00000	0
944	L	1.00000	0	0.00000	0
945	S	1.00000	0	0.00000	0
946	G	1.00000	0	0.00000	0
947	G	1.00000	0	0.00000	0
948	L	1.00000	0	0.00000	0
949	G	1.00000	0	0.00000	0
950	E	1.00000	0	0.00000	0
951	P	1.00000	0	0.00000	0
952	R	1.00000	0	0.00000	0
953	M	1.00000	0	0.00000	0
954	L	1.00000	0	0.00000	0
955	S	1.00000	0	0.00000	0
956	P	1.00000	0	0.00000	0
957	T	1.00000	0	0.00000	0
958	S	1.00000	0	0.00000	0
959	T	1.00000	0	0.00000	0
960	L	1.00000	0	0.00000	0
961	A	1.00000	0	0.00000	0
962	P	1.00000	0	0.00000	0
963	A	1.00000	0	0.00000	0
964	L	1.00000	0	0.00000	0
965	L	1.00000	0	0.00000	0
966	P	1.00000	0	0.00000	0
967	A	1.00000	0	0.00000	0
968	L	1.00000	0	0.00000	0
969	A	1.00000	0	0.00000	0
970	P	1.00000	0	0.00000	0
971	T	1.00000	0	0.00000	0
972	P	1.00000	0	0.00000	0
973	A	1.00000	0	0.00000	0
974	P	1.00000	0	0.00000	0
975	A	1.00000	0	0.00000	0
976	L	1.00000	0	0.00000	0
977	A	1.00000	0	0.00000	0
978	P	1.00000	0	0.00000	0
979	V	1.00000	0	0.00000	0
980	P	1.00000	0	0.00000	0
981	V	1.00000	0	0.00000	0
982	S	1.00000	0	0.00000	0
983	P	1.00000	0	0.00000	0
984	Q	1.00000	0	0.00000	0
985	S	1.00000	0	0.00000	0
986	P	1.00000	0	0.00000	0
987	N	1.00000	0	0.00000	0
988	L	1.00000	0	0.00000	0
989	L	1.00000	0	0.00000	0
990	T	1.00000	0	0.00000	0
991	Y	1.00000	0	0.00000	0
992	I	1.00000	0	0.00000	0
993	C	1.00000	0	0.00000	0
994	P	1.00000	0	0.00000	0
995	W	1.00000	0	0.00000	0
996	E	1.00000	0	0.00000	0
997	N	1.00000	0	0.00000	0
998	A	1.00000	0	0.00000	0
999	E	1.00000	0	0.00000	0
1000	L	1.00000	0	0.00000	0
1001	P	1.00000	0	0.00000	0
1002	A	1.00000	0	0.00000	0
1003	K	1.00000	0	0.00000	0
1004	Q	1.00000	0	0.00000	0
1005	E	1.00000	0	0.00000	0
1006	N	1.00000	0	0.00000	0
1007	V	1.00000	0	0.00000	0
1008	P	1.00000	0	0.00000	0
1009	Q	1.00000	0	0.00000	0
1010	E	1.00000	0	0.00000	0
1011	G	1.00000	0	0.00000	0
1012	P	1.00000	0	0.00000	0
1013	S	1.00000	0	0.00000	0
1014	G	1.00000	0	0.00000	0
1015	P	1.00000	0	0.00000	0
1016	E	1.00000	0	0.00000	0
1017	R	1.00000	0	0.00000	0
1018	G	1.00000	0	0.00000	0
1019	H	1.00000	0	0.00000	0
1020	H	1.00000	0	0.00000	0
1021	S	1.00000	0	0.00000	0
1022	P	1.00000	0	0.00000	0
1023	A	1.00000	0	0.00000	0
1024	P	1.00000	0	0.00000	0
1025	A	1.00000	0	0.00000	0
1026	R	1.00000	0	0.00000	0
1027	A	1.00000	0	0.00000	0
1028	R	1.00000	0	0.00000	0
1029	L	1.00000	0	0.00000	0
1030	W	1.00000	0	0.00000	0
1031	R	1.00000	0	0.00000	0
1032	A	1.00000	0	0.00000	0
1033	L	1.00000	0	0.00000	0
1034	S	1.00000	0	0.00000	0
1035	V	1.00000	0	0.00000	0
1036	A	1.00000	0	0.00000	0
1037	V	1.00000	0	0.00000	0
1038	E	1.00000	0	0.00000	0
1039	K	1.00000	0	0.00000	0
1040	S	1.00000	0	0.00000	0
1041	R	1.00000	0	0.00000	0
1042	A	1.00000	0	0.00000	0
1043	G	1.00000	0	0.00000	0
1044	E	1.00000	0	0.00000	0
1045	N	1.00000	0	0.00000	0
1046	E	1.00000	0	0.00000	0
1047	M	1.00000	0	0.00000	0
1048	D	1.00000	0	0.00000	0
1049	A	1.00000	0	0.00000	0
1050	E	1.00000	0	0.00000	0
1051	D	1.00000	0	0.00000	0
1052	A	1.00000	0	0.00000	0
1053	H	1.00000	0	0.00000	0
1054	H	1.00000	0	0.00000	0
1055	Q	1.00000	0	0.00000	0
1056	R	1.00000	0	0.00000	0
1057	E	1.00000	0	0.00000	0
1058	A	1.00000	0	0.00000	0
1059	N	1.00000	0	0.00000	0
1060	D	1.00000	0	0.00000	0
1061	V	1.00000	0	0.00000	0
1062	D	1.00000	0	0.00000	0
1063	E	1.00000	0	0.00000	0
1064	D	1.00000	0	0.00000	0
1065	R	1.00000	0	0.00000	0
1066	P	1.00000	0	0.00000	0
1067	K	1.00000	0	0.00000	0
1068	I	1.00000	0	0.00000	0
1069	F	1.00000	0	0.00000	0
1070	P	1.00000	0	0.00000	0
1071	K	1.00000	0	0.00000	0
1072	S	1.00000	0	0.00000	0
1073	H	1.00000	0	0.00000	0
1074	S	1.00000	0	0.00000	0
1075	L	1.00000	0	0.00000	0
1076	K	1.00000	0	0.00000	0
1077	A	1.00000	0	0.00000	0
1078	P	1.00000	0	0.00000	0
1079	V	1.00000	0	0.00000	0
1080	Q	1.00000	0	0.00000	0
1081	Q	1.00000	0	0.00000	0
1082	G	1.00000	0	0.00000	0
1083	S	1.00000	0	0.00000	0
1084	M	1.00000	0	0.00000	0
1085	R	1.00000	0	0.00000	0
1086	S	1.00000	0	0.00000	0
1087	L	1.00000	0	0.00000	0
1088	G	1.00000	0	0.00000	0
1089	L	1.00000	0	0.00000	0
1090	A	1.00000	0	0.00000	0
1091	I	1.00000	0	0.00000	0
1092	K	1.00000	0	0.00000	0
1093	A	1.00000	0	0.00000	0
1094	L	1.00000	0	0.00000	0
1095	T	1.00000	0	0.00000	0
1096	R	1.00000	0	0.00000	0
1097	S	1.00000	0	0.00000	0
1098	R	1.00000	0	0.00000	0
1099	S	1.00000	0	0.00000	0
1100	T	1.00000	0	0.00000	0
1101	Y	1.00000	0	0.00000	0
1102	R	1.00000	0	0.00000	0
1103	E	1.00000	0	0.00000	0
1104	K	1.00000	0	0.00000	0
1105	E	1.00000	0	0.00000	0
1106	S	1.00000	0	0.00000	0
1107	V	1.00000	0	0.00000	0
1108	E	1.00000	0	0.00000	0
1109	E	1.00000	0	0.00000	0
1110	S	1.00000	0	0.00000	0
1111	P	1.00000	0	0.00000	0
1112	E	1.00000	0	0.00000	0
1113	G	1.00000	0	0.00000	0
1114	Q	1.00000	0	0.00000	0
1115	N	1.00000	0	0.00000	0
1116	S	1.00000	0	0.00000	0
1117	G	1.00000	0	0.00000	0
1118	T	1.00000	0	0.00000	0
1119	A	1.00000	0	0.00000	0
1120	G	1.00000	0	0.00000	0
1121	E	1.00000	0	0.00000	0
1122	S	1.00000	0	0.00000	0
1123	M	1.00000	0	0.00000	0
1124	G	1.00000	0	0.00000	0
1125	A	1.00000	0	0.00000	0
1126	P	1.00000	0	0.00000	0
1127	S	1.00000	0	0.00000	0
1128	R	1.00000	0	0.00000	0
1129	S	1.00000	0	0.00000	0
1130	P	1.00000	0	0.00000	0
1131	R	1.00000	0	0.00000	0
1132	L	1.00000	0	0.00000	0
1133	G	1.00000	0	0.00000	0
1134	R	1.00000	0	0.00000	0
1135	P	1.00000	0	0.00000	0
1136	K	1.00000	0	0.00000	0
1137	A	1.00000	0	0.00000	0
1138	V	1.00000	0	0.00000	0
1139	S	1.00000	0	0.00000	0
1140	K	1.00000	0	0.00000	0
1141	Q	1.00000	0	0.00000	0
1142	A	1.00000	0	0.00000	0
1143	A	1.00000	0	0.00000	0
1144	L	1.00000	0	0.00000	0
1145	I	1.00000	0	0.00000	0
1146	P	1.00000	0	0.00000	0
1147	S	1.00000	0	0.00000	0
1148	D	1.00000	0	0.00000	0
1149	D	1.00000	0	0.00000	0
1150	K	1.00000	0	0.00000	0
1151	E	1.00000	0	0.00000	0
1152	S	1.00000	0	0.00000	0
1153	L	1.00000	0	0.00000	0
1154	Q	1.00000	0	0.00000	0
1155	N	1.00000	0	0.00000	0
1156	Q	1.00000	0	0.00000	0
1157	Q	1.00000	0	0.00000	0
1158	N	1.00000	0	0.00000	0
1159	A	1.00000	0	0.00000	0
1160	H	1.00000	0	0.00000	0
1161	T	1.00000	0	0.00000	0
1162	S	1.00000	0	0.00000	0
1163	R	1.00000	0	0.00000	0
1164	M	1.00000	0	0.00000	0
1165	L	1.00000	0	0.00000	0
1166	Q	1.00000	0	0.00000	0
1167	V	1.00000	0	0.00000	0
1168	C	1.00000	0	0.00000	0
1169	Q	1.00000	0	0.00000	0
1170	R	1.00000	0	0.00000	0
1171	E	1.00000	0	0.00000	0
1172	G	1.00000	0	0.00000	0
1173	S	1.00000	0	0.00000	0
1174	R	1.00000	0	0.00000	0
1175	E	1.00000	0	0.00000	0
1176	Q	1.00000	0	0.00000	0
1177	E	1.00000	0	0.00000	0
1178	D	1.00000	0	0.00000	0
1179	R	1.00000	0	0.00000	0
1180	G	1.00000	0	0.00000	0
1181	R	1.00000	0	0.00000	0
1182	R	1.00000	0	0.00000	0
1183	M	1.00000	0	0.00000	0
1184	T	1.00000	0	0.00000	0
1185	Q	1.00000	0	0.00000	0
1186	G	1.00000	0	0.00000	0
1187	L	1.00000	0	0.00000	0
1188	G	1.00000	0	0.00000	0
1189	E	1.00000	0	0.00000	0
1190	R	1.00000	0	0.00000	0
1191	K	1.00000	0	0.00000	0
1192	A	1.00000	0	0.00000	0
1193	E	1.00000	0	0.00000	0
1194	R	1.00000	0	0.00000	0
1195	A	1.00000	0	0.00000	0
1196	G	1.00000	0	0.00000	0
1197	K	1.00000	0	0.00000	0
1198	T	1.00000	0	0.00000	0
1199	G	1.00000	0	0.00000	0
1200	L	1.00000	0	0.00000	0
1201	A	1.00000	0	0.00000	0
1202	M	1.00000	0	0.00000	0
1203	L	1.00000	0	0.00000	0
1204	R	1.00000	0	0.00000	0
1205	Q	1.00000	0	0.00000	0
1206	V	1.00000	0	0.00000	0
1207	S	1.00000	0	0.00000	0
1208	R	1.00000	0	0.00000	0
1209	D	1.00000	0	0.00000	0
1210	K	1.00000	0	0.00000	0
1211	N	1.00000	0	0.00000	0
1212	I	1.00000	0	0.00000	0
1213	K	1.00000	0	0.00000	0
1214	Q	1.00000	0	0.00000	0
1215	S	1.00000	0	0.00000	0
1216	K	1.00000	0	0.00000	0
1217	E	1.00000	0	0.00000	0
1218	T	1.00000	0	0.00000	0
1219	P	1.00000	0	0.00000	0
1220	V	1.00000	0	0.00000	0
1221	G	1.00000	0	0.00000	0
1222	W	1.00000	0	0.00000	0
1223	Q	1.00000	0	0.00000	0
1224	E	1.00000	0	0.00000	0
1225	L	1.00000	0	0.00000	0
1226	P	1.00000	0	0.00000	0
1227	K	1.00000	0	0.00000	0
1228	A	1.00000	0	0.00000	0
1229	G	1.00000	0	0.00000	0
1230	L	1.00000	0	0.00000	0
1231	Q	1.00000	0	0.00000	0
1232	S	1.00000	0	0.00000	0
1233	L	1.00000	0	0.00000	0
1234	G	1.00000	0	0.00000	0
1235	S	1.00000	0	0.00000	0
1236	A	1.00000	0	0.00000	0
1237	D	1.00000	0	0.00000	0
1238	H	1.00000	0	0.00000	0
1239	R	1.00000	0	0.00000	0
1240	V	1.00000	0	0.00000	0
1241	A	1.00000	0	0.00000	0
1242	E	1.00000	0	0.00000	0
1243	V	1.00000	0	0.00000	0
1244	C	1.00000	0	0.00000	0
1245	P	1.00000	0	0.00000	0
1246	W	1.00000	0	0.00000	0
1247	E	1.00000	0	0.00000	0
1248	V	1.00000	0	0.00000	0
1249	T	1.00000	0	0.00000	0
1250	E	1.00000	0	0.00000	0
1251	S	1.00000	0	0.00000	0
1252	E	1.00000	0	0.00000	0
1253	T	1.00000	0	0.00000	0
1254	R	1.00000	0	0.00000	0
1255	Q	1.00000	0	0.00000	0
1256	P	1.00000	0	0.00000	0
1257	D	1.00000	0	0.00000	0
1258	S	1.00000	0	0.00000	0
1259	G	1.00000	0	0.00000	0
1260	N	1.00000	0	0.00000	0
1261	K	1.00000	0	0.00000	0
1262	A	1.00000	0	0.00000	0
1263	E	1.00000	0	0.00000	0
1264	I	1.00000	0	0.00000	0
1265	C	1.00000	0	0.00000	0
1266	P	1.00000	0	0.00000	0
1267	W	1.00000	0	0.00000	0
1268	E	1.00000	0	0.00000	0
1269	T	1.00000	0	0.00000	0
1270	S	1.00000	0	0.00000	0
1271	E	1.00000	0	0.00000	0
1272	G	1.00000	0	0.00000	0
1273	A	1.00000	0	0.00000	0
1274	P	1.00000	0	0.00000	0
1275	E	1.00000	0	0.00000	0
1276	S	1.00000	0	0.00000	0
1277	R	1.00000	0	0.00000	0
1278	A	1.00000	0	0.00000	0
1279	L	1.00000	0	0.00000	0
1280	R	1.00000	0	0.00000	0
1281	Q	1.00000	0	0.00000	0
1282	D	1.00000	0	0.00000	0
1283	P	1.00000	0	0.00000	0
1284	G	1.00000	0	0.00000	0
1285	D	1.00000	0	0.00000	0
1286	S	1.00000	0	0.00000	0
1287	Q	1.00000	0	0.00000	0
1288	K	1.00000	0	0.00000	0
1289	K	1.00000	0	0.00000	0
1290	R	1.00000	0	0.00000	0
1291	G	1.00000	0	0.00000	0
1292	E	1.00000	0	0.00000	0
1293	A	1.00000	0	0.00000	0
1294	R	1.00000	0	0.00000	0
1295	G	1.00000	0	0.00000	0
1296	K	1.00000	0	0.00000	0
1297	S	1.00000	0	0.00000	0
1298	E	1.00000	0	0.00000	0
1299	P	1.00000	0	0.00000	0
1300	I	1.00000	0	0.00000	0
1301	D	1.00000	0	0.00000	0
1302	V	1.00000	0	0.00000	0
1303	V	1.00000	0	0.00000	0
1304	P	1.00000	0	0.00000	0
1305	M	1.00000	0	0.00000	0
1306	M	1.00000	0	0.00000	0
1307	R	1.00000	0	0.00000	0
1308	K	1.00000	0	0.00000	0
1309	K	1.00000	0	0.00000	0
1310	P	1.00000	0	0.00000	0
1311	E	1.00000	0	0.00000	0
1312	R	1.00000	0	0.00000	0
1313	L	1.00000	0	0.00000	0
1314	V	1.00000	0	0.00000	0
1315	R	1.00000	0	0.00000	0
1316	E	1.00000	0	0.00000	0
1317	Q	1.00000	0	0.00000	0
1318	E	1.00000	0	0.00000	0
1319	A	1.00000	0	0.00000	0
1320	V	1.00000	0	0.00000	0
1321	C	1.00000	0	0.00000	0
1322	P	1.00000	0	0.00000	0
1323	W	1.00000	0	0.00000	0
1324	E	1.00000	0	0.00000	0
1325	S	1.00000	0	0.00000	0
1326	A	1.00000	0	0.00000	0
1327	D	1.00000	0	0.00000	0
1328	R	1.00000	0	0.00000	0
1329	G	1.00000	0	0.00000	0
1330	G	1.00000	0	0.00000	0
1331	L	1.00000	0	0.00000	0
1332	S	1.00000	0	0.00000	0
1333	P	1.00000	0	0.00000	0
1334	G	1.00000	0	0.00000	0
1335	S	1.00000	0	0.00000	0
1336	A	1.00000	0	0.00000	0
1337	P	1.00000	0	0.00000	0
1338	Q	1.00000	0	0.00000	0
1339	D	1.00000	0	0.00000	0
1340	P	1.00000	0	0.00000	0
1341	G	1.00000	0	0.00000	0
1342	R	1.00000	0	0.00000	0
1343	I	1.00000	0	0.00000	0
1344	R	1.00000	0	0.00000	0
1345	D	1.00000	0	0.00000	0
1346	K	1.00000	0	0.00000	0
1347	S	1.00000	0	0.00000	0
1348	E	1.00000	0	0.00000	0
1349	A	1.00000	0	0.00000	0
1350	G	1.00000	0	0.00000	0
1351	D	1.00000	0	0.00000	0
1352	S	1.00000	0	0.00000	0
1353	V	1.00000	0	0.00000	0
1354	E	1.00000	0	0.00000	0
1355	A	1.00000	0	0.00000	0
1356	R	1.00000	0	0.00000	0
1357	K	1.00000	0	0.00000	0
1358	V	1.00000	0	0.00000	0
1359	E	1.00000	0	0.00000	0
1360	K	1.00000	0	0.00000	0
1361	P	1.00000	0	0.00000	0
1362	G	1.00000	0	0.00000	0
1363	W	1.00000	0	0.00000	0
1364	E	1.00000	0	0.00000	0
1365	A	1.00000	0	0.00000	0
1366	A	1.00000	0	0.00000	0
1367	G	1.00000	0	0.00000	0
1368	P	1.00000	0	0.00000	0
1369	E	1.00000	0	0.00000	0
1370	A	1.00000	0	0.00000	0
1371	H	1.00000	0	0.00000	0
1372	T	1.00000	0	0.00000	0
1373	P	1.00000	0	0.00000	0
1374	D	1.00000	0	0.00000	0
1375	I	1.00000	0	0.00000	0
1376	T	1.00000	0	0.00000	0
1377	K	1.00000	0	0.00000	0
1378	A	1.00000	0	0.00000	0
1379	E	1.00000	0	0.00000	0
1380	P	1.00000	0	0.00000	0
1381	C	1.00000	0	0.00000	0
1382	P	1.00000	0	0.00000	0
1383	W	1.00000	0	0.00000	0
1384	E	1.00000	0	0.00000	0
1385	A	1.00000	0	0.00000	0
1386	S	1.00000	0	0.00000	0
1387	E	1.00000	0	0.00000	0
1388	G	1.00000	0	0.00000	0
1389	G	1.00000	0	0.00000	0
1390	E	1.00000	0	0.00000	0
1391	D	1.00000	0	0.00000	0
1392	G	1.00000	0	0.00000	0
1393	K	1.00000	0	0.00000	0
1394	P	1.00000	0	0.00000	0
1395	A	1.00000	0	0.00000	0
1396	Q	1.00000	0	0.00000	0
1397	E	1.00000	0	0.00000	0
1398	A	1.00000	0	0.00000	0
1399	V	1.00000	0	0.00000	0
1400	K	1.00000	0	0.00000	0
1401	D	1.00000	0	0.00000	0
1402	L	1.00000	0	0.00000	0
1403	P	1.00000	0	0.00000	0
1404	Q	1.00000	0	0.00000	0
1405	E	1.00000	0	0.00000	0
1406	K	1.00000	0	0.00000	0
1407	Q	1.00000	0	0.00000	0
1408	K	1.00000	0	0.00000	0
1409	T	1.00000	0	0.00000	0
1410	R	1.00000	0	0.00000	0
1411	K	1.00000	0	0.00000	0
1412	A	1.00000	0	0.00000	0
1413	T	1.00000	0	0.00000	0
1414	F	1.00000	0	0.00000	0
1415	W	1.00000	0	0.00000	0
1416	K	1.00000	0	0.00000	0
1417	E	1.00000	0	0.00000	0
1418	Q	1.00000	0	0.00000	0
1419	K	1.00000	0	0.00000	0
1420	P	1.00000	0	0.00000	0
1421	G	1.00000	0	0.00000	0
1422	G	1.00000	0	0.00000	0
1423	D	1.00000	0	0.00000	0
1424	L	1.00000	0	0.00000	0
1425	E	1.00000	0	0.00000	0
1426	S	1.00000	0	0.00000	0
1427	L	1.00000	0	0.00000	0
1428	C	1.00000	0	0.00000	0
1429	P	1.00000	0	0.00000	0
1430	W	1.00000	0	0.00000	0
1431	E	1.00000	0	0.00000	0
1432	S	1.00000	0	0.00000	0
1433	T	1.00000	0	0.00000	0
1434	D	1.00000	0	0.00000	0
1435	F	1.00000	0	0.00000	0
1436	R	1.00000	0	0.00000	0
1437	G	1.00000	0	0.00000	0
1438	P	1.00000	0	0.00000	0
1439	S	1.00000	0	0.00000	0
1440	A	1.00000	0	0.00000	0
1441	V	1.00000	0	0.00000	0
1442	S	1.00000	0	0.00000	0
1443	I	1.00000	0	0.00000	0
1444	Q	1.00000	0	0.00000	0
1445	A	1.00000	0	0.00000	0
1446	P	1.00000	0	0.00000	0
1447	G	1.00000	0	0.00000	0
1448	S	1.00000	0	0.00000	0
1449	S	1.00000	0	0.00000	0
1450	E	1.00000	0	0.00000	0
1451	C	1.00000	0	0.00000	0
1452	S	1.00000	0	0.00000	0
1453	G	1.00000	0	0.00000	0
1454	S	1.00000	0	0.00000	0
1455	L	1.00000	0	0.00000	0
1456	G	1.00000	0	0.00000	0
1457	S	1.00000	0	0.00000	0
1458	G	1.00000	0	0.00000	0
1459	I	1.00000	0	0.00000	0
1460	A	1.00000	0	0.00000	0
1461	E	1.00000	0	0.00000	0
1462	V	1.00000	0	0.00000	0
1463	C	1.00000	0	0.00000	0
1464	L	1.00000	0	0.00000	0
1465	W	1.00000	0	0.00000	0
1466	E	1.00000	0	0.00000	0
1467	A	1.00000	0	0.00000	0
1468	G	1.00000	0	0.00000	0
1469	D	1.00000	0	0.00000	0
1470	A	1.00000	0	0.00000	0
1471	P	1.00000	0	0.00000	0
1472	A	1.00000	0	0.00000	0
1473	I	1.00000	0	0.00000	0
1474	Q	1.00000	0	0.00000	0
1475	K	1.00000	0	0.00000	0
1476	A	1.00000	0	0.00000	0
1477	E	1.00000	0	0.00000	0
1478	I	1.00000	0	0.00000	0
1479	C	1.00000	0	0.00000	0
1480	P	1.00000	0	0.00000	0
1481	W	1.00000	0	0.00000	0
1482	E	1.00000	0	0.00000	0
1483	L	1.00000	0	0.00000	0
1484	D	1.00000	0	0.00000	0
1485	D	1.00000	0	0.00000	0
1486	N	1.00000	0	0.00000	0
1487	V	1.00000	0	0.00000	0
1488	M	1.00000	0	0.00000	0
1489	G	1.00000	0	0.00000	0
1490	Q	1.00000	0	0.00000	0
1491	E	1.00000	0	0.00000	0
1492	M	1.00000	0	0.00000	0
1493	L	1.00000	0	0.00000	0
1494	S	1.00000	0	0.00000	0
1495	L	1.00000	0	0.00000	0
1496	G	1.00000	0	0.00000	0
1497	T	1.00000	0	0.00000	0
1498	G	1.00000	0	0.00000	0
1499	R	1.00000	0	0.00000	0
1500	E	1.00000	0	0.00000	0
1501	S	1.00000	0	0.00000	0
1502	L	1.00000	0	0.00000	0
1503	Q	1.00000	0	0.00000	0
1504	E	1.00000	0	0.00000	0
1505	K	1.00000	0	0.00000	0
1506	E	1.00000	0	0.00000	0
1507	K	1.00000	0	0.00000	0
1508	A	1.00000	0	0.00000	0
1509	S	1.00000	0	0.00000	0
1510	R	1.00000	0	0.00000	0
1511	K	1.00000	0	0.00000	0
1512	G	1.00000	0	0.00000	0
1513	S	1.00000	0	0.00000	0
1514	F	1.00000	0	0.00000	0
1515	G	1.00000	0	0.00000	0
1516	E	1.00000	0	0.00000	0
1517	M	1.00000	0	0.00000	0
1518	G	1.00000	0	0.00000	0
1519	E	1.00000	0	0.00000	0
1520	Q	1.00000	0	0.00000	0
1521	T	1.00000	0	0.00000	0
1522	V	1.00000	0	0.00000	0
1523	K	1.00000	0	0.00000	0
1524	A	1.00000	0	0.00000	0
1525	V	1.00000	0	0.00000	0
1526	Q	1.00000	0	0.00000	0
1527	K	1.00000	0	0.00000	0
1528	L	1.00000	0	0.00000	0
1529	S	1.00000	0	0.00000	0
1530	Q	1.00000	0	0.00000	0
1531	Q	1.00000	0	0.00000	0
1532	Q	1.00000	0	0.00000	0
1533	E	1.00000	0	0.00000	0
1534	S	1.00000	0	0.00000	0
1535	V	1.00000	0	0.00000	0
1536	C	1.00000	0	0.00000	0
1537	P	1.00000	0	0.00000	0
1538	R	1.00000	0	0.00000	0
1539	E	1.00000	0	0.00000	0
1540	S	1.00000	0	0.00000	0
1541	T	1.00000	0	0.00000	0
1542	V	1.00000	0	0.00000	0
1543	P	1.00000	0	0.00000	0
1544	G	1.00000	0	0.00000	0
1545	H	1.00000	0	0.00000	0
1546	S	1.00000	0	0.00000	0
1547	S	1.00000	0	0.00000	0
1548	P	1.00000	0	0.00000	0
1549	C	1.00000	0	0.00000	0
1550	L	1.00000	0	0.00000	0
1551	D	1.00000	0	0.00000	0
1552	N	1.00000	0	0.00000	0
1553	S	1.00000	0	0.00000	0
1554	S	1.00000	0	0.00000	0
1555	S	1.00000	0	0.00000	0
1556	K	1.00000	0	0.00000	0
1557	A	1.00000	0	0.00000	0
1558	G	1.00000	0	0.00000	0
1559	S	1.00000	0	0.00000	0
1560	Q	1.00000	0	0.00000	0
1561	F	1.00000	0	0.00000	0
1562	L	1.00000	0	0.00000	0
1563	C	1.00000	0	0.00000	0
1564	N	1.00000	0	0.00000	0
1565	G	1.00000	0	0.00000	0
1566	G	1.00000	0	0.00000	0
1567	S	1.00000	0	0.00000	0
1568	R	1.00000	0	0.00000	0
1569	A	1.00000	0	0.00000	0
1570	T	1.00000	0	0.00000	0
1571	Q	1.00000	0	0.00000	0
1572	V	1.00000	0	0.00000	0
1573	C	1.00000	0	0.00000	0
1574	P	1.00000	0	0.00000	0
1575	Q	1.00000	0	0.00000	0
1576	E	1.00000	0	0.00000	0
1577	D	1.00000	0	0.00000	0
1578	L	1.00000	0	0.00000	0
1579	R	1.00000	0	0.00000	0
1580	P	1.00000	0	0.00000	0
1581	E	1.00000	0	0.00000	0
1582	A	1.00000	0	0.00000	0
1583	Q	1.00000	0	0.00000	0
1584	E	1.00000	0	0.00000	0
1585	A	1.00000	0	0.00000	0
1586	T	1.00000	0	0.00000	0
1587	P	1.00000	0	0.00000	0
1588	A	1.00000	0	0.00000	0
1589	K	1.00000	0	0.00000	0
1590	T	1.00000	0	0.00000	0
1591	E	1.00000	0	0.00000	0
1592	I	1.00000	0	0.00000	0
1593	C	1.00000	0	0.00000	0
1594	P	1.00000	0	0.00000	0
1595	W	1.00000	0	0.00000	0
1596	E	1.00000	0	0.00000	0
1597	V	1.00000	0	0.00000	0
1598	N	1.00000	0	0.00000	0
1599	E	1.00000	0	0.00000	0
1600	R	1.00000	0	0.00000	0
1601	T	1.00000	0	0.00000	0
1602	R	1.00000	0	0.00000	0
1603	E	1.00000	0	0.00000	0
1604	E	1.00000	0	0.00000	0
1605	W	1.00000	0	0.00000	0
1606	T	1.00000	0	0.00000	0
1607	S	1.00000	0	0.00000	0
1608	A	1.00000	0	0.00000	0
1609	Q	1.00000	0	0.00000	0
1610	V	1.00000	0	0.00000	0
1611	P	1.00000	0	0.00000	0
1612	R	1.00000	0	0.00000	0
1613	G	1.00000	0	0.00000	0
1614	G	1.00000	0	0.00000	0
1615	E	1.00000	0	0.00000	0
1616	S	1.00000	0	0.00000	0
1617	Q	1.00000	0	0.00000	0
1618	K	1.00000	0	0.00000	0
1619	D	1.00000	0	0.00000	0
1620	K	1.00000	0	0.00000	0
1621	E	1.00000	0	0.00000	0
1622	K	1.00000	0	0.00000	0
1623	M	1.00000	0	0.00000	0
1624	P	1.00000	0	0.00000	0
1625	G	1.00000	0	0.00000	0
1626	K	1.00000	0	0.00000	0
1627	S	1.00000	0	0.00000	0
1628	E	1.00000	0	0.00000	0
1629	I	1.00000	0	0.00000	0
1630	E	1.00000	0	0.00000	0
1631	D	1.00000	0	0.00000	0
1632	V	1.00000	0	0.00000	0
1633	T	1.00000	0	0.00000	0
1634	A	1.00000	0	0.00000	0
1635	W	1.00000	0	0.00000	0
1636	E	1.00000	0	0.00000	0
1637	K	1.00000	0	0.00000	0
1638	P	1.00000	0	0.00000	0
1639	E	1.00000	0	0.00000	0
1640	G	1.00000	0	0.00000	0
1641	Q	1.00000	0	0.00000	0
1642	I	1.00000	0	0.00000	0
1643	Q	1.00000	0	0.00000	0
1644	K	1.00000	0	0.00000	0
1645	Q	1.00000	0	0.00000	0
1646	E	1.00000	0	0.00000	0
1647	A	1.00000	0	0.00000	0
1648	V	1.00000	0	0.00000	0
1649	G	1.00000	0	0.00000	0
1650	P	1.00000	0	0.00000	0
1651	W	1.00000	0	0.00000	0
1652	E	1.00000	0	0.00000	0
1653	S	1.00000	0	0.00000	0
1654	V	1.00000	0	0.00000	0
1655	D	1.00000	0	0.00000	0
1656	P	1.00000	0	0.00000	0
1657	G	1.00000	0	0.00000	0
1658	S	1.00000	0	0.00000	0
1659	F	1.00000	0	0.00000	0
1660	S	1.00000	0	0.00000	0
1661	P	1.00000	0	0.00000	0
1662	Q	1.00000	0	0.00000	0
1663	P	1.00000	0	0.00000	0
1664	R	1.00000	0	0.00000	0
1665	P	1.00000	0	0.00000	0
1666	Q	1.00000	0	0.00000	0
1667	D	1.00000	0	0.00000	0
1668	T	1.00000	0	0.00000	0
1669	E	1.00000	0	0.00000	0
1670	R	1.00000	0	0.00000	0
1671	P	1.00000	0	0.00000	0
1672	Q	1.00000	0	0.00000	0
1673	T	1.00000	0	0.00000	0
1674	L	1.00000	0	0.00000	0
1675	L	1.00000	0	0.00000	0
1676	Q	1.00000	0	0.00000	0
1677	M	1.00000	0	0.00000	0
1678	S	1.00000	0	0.00000	0
1679	G	1.00000	0	0.00000	0
1680	S	1.00000	0	0.00000	0
1681	V	1.00000	0	0.00000	0
1682	G	1.00000	0	0.00000	0
1683	S	1.00000	0	0.00000	0
1684	K	1.00000	0	0.00000	0
1685	A	1.00000	0	0.00000	0
1686	A	1.00000	0	0.00000	0
1687	D	1.00000	0	0.00000	0
1688	I	1.00000	0	0.00000	0
1689	C	1.00000	0	0.00000	0
1690	P	1.00000	0	0.00000	0
1691	L	1.00000	0	0.00000	0
1692	D	1.00000	0	0.00000	0
1693	V	1.00000	0	0.00000	0
1694	E	1.00000	0	0.00000	0
1695	E	1.00000	0	0.00000	0
1696	N	1.00000	0	0.00000	0
1697	L	1.00000	0	0.00000	0
1698	T	1.00000	0	0.00000	0
1699	A	1.00000	0	0.00000	0
1700	G	1.00000	0	0.00000	0
1701	K	1.00000	0	0.00000	0
1702	A	1.00000	0	0.00000	0
1703	E	1.00000	0	0.00000	0
1704	I	1.00000	0	0.00000	0
1705	C	1.00000	0	0.00000	0
1706	P	1.00000	0	0.00000	0
1707	W	1.00000	0	0.00000	0
1708	E	1.00000	0	0.00000	0
1709	V	1.00000	0	0.00000	0
1710	G	1.00000	0	0.00000	0
1711	A	1.00000	0	0.00000	0
1712	G	1.00000	0	0.00000	0
1713	A	1.00000	0	0.00000	0
1714	G	1.00000	0	0.00000	0
1715	E	1.00000	0	0.00000	0
1716	E	1.00000	0	0.00000	0
1717	R	1.00000	0	0.00000	0
1718	A	1.00000	0	0.00000	0
1719	L	1.00000	0	0.00000	0
1720	G	1.00000	0	0.00000	0
1721	A	1.00000	0	0.00000	0
1722	E	1.00000	0	0.00000	0
1723	A	1.00000	0	0.00000	0
1724	I	1.00000	0	0.00000	0
1725	R	1.00000	0	0.00000	0
1726	K	1.00000	0	0.00000	0
1727	S	1.00000	0	0.00000	0
1728	P	1.00000	0	0.00000	0
1729	N	1.00000	0	0.00000	0
1730	D	1.00000	0	0.00000	0
1731	T	1.00000	0	0.00000	0
1732	G	1.00000	0	0.00000	0
1733	K	1.00000	0	0.00000	0
1734	V	1.00000	0	0.00000	0
1735	S	1.00000	0	0.00000	0
1736	A	1.00000	0	0.00000	0
1737	D	1.00000	0	0.00000	0
1738	L	1.00000	0	0.00000	0
1739	G	1.00000	0	0.00000	0
1740	P	1.00000	0	0.00000	0
1741	R	1.00000	0	0.00000	0
1742	E	1.00000	0	0.00000	0
1743	R	1.00000	0	0.00000	0
1744	A	1.00000	0	0.00000	0
1745	V	1.00000	0	0.00000	0
1746	T	1.00000	0	0.00000	0
1747	A	1.00000	0	0.00000	0
1748	P	1.00000	0	0.00000	0
1749	E	1.00000	0	0.00000	0
1750	K	1.00000	0	0.00000	0
1751	P	1.00000	0	0.00000	0
1752	Q	1.00000	0	0.00000	0
1753	K	1.00000	0	0.00000	0
1754	P	1.00000	0	0.00000	0
1755	T	1.00000	0	0.00000	0
1756	P	1.00000	0	0.00000	0
1757	E	1.00000	0	0.00000	0
1758	W	1.00000	0	0.00000	0
1759	E	1.00000	0	0.00000	0
1760	V	1.00000	0	0.00000	0
1761	A	1.00000	0	0.00000	0
1762	C	1.00000	0	0.00000	0
1763	P	1.00000	0	0.00000	0
1764	W	1.00000	0	0.00000	0
1765	G	1.00000	0	0.00000	0
1766	S	1.00000	0	0.00000	0
1767	V	1.00000	0	0.00000	0
1768	G	1.00000	0	0.00000	0
1769	P	1.00000	0	0.00000	0
1770	G	1.00000	0	0.00000	0
1771	A	1.00000	0	0.00000	0
1772	C	1.00000	0	0.00000	0
1773	S	1.00000	0	0.00000	0
1774	Q	1.00000	0	0.00000	0
1775	H	1.00000	0	0.00000	0
1776	P	1.00000	0	0.00000	0
1777	G	1.00000	0	0.00000	0
1778	T	1.00000	0	0.00000	0
1779	L	1.00000	0	0.00000	0
1780	D	1.00000	0	0.00000	0
1781	A	1.00000	0	0.00000	0
1782	D	1.00000	0	0.00000	0
1783	G	1.00000	0	0.00000	0
1784	P	1.00000	0	0.00000	0
1785	K	1.00000	0	0.00000	0
1786	A	1.00000	0	0.00000	0
1787	G	1.00000	0	0.00000	0
1788	F	1.00000	0	0.00000	0
1789	Q	1.00000	0	0.00000	0
1790	E	1.00000	0	0.00000	0
1791	L	1.00000	0	0.00000	0
1792	D	1.00000	0	0.00000	0
1793	H	1.00000	0	0.00000	0
1794	M	1.00000	0	0.00000	0
1795	G	1.00000	0	0.00000	0
1796	C	1.00000	0	0.00000	0
1797	R	1.00000	0	0.00000	0
1798	P	1.00000	0	0.00000	0
1799	G	1.00000	0	0.00000	0
1800	E	1.00000	0	0.00000	0
1801	V	1.00000	0	0.00000	0
1802	C	1.00000	0	0.00000	0
1803	P	1.00000	0	0.00000	0
1804	W	1.00000	0	0.00000	0
1805	E	1.00000	0	0.00000	0
1806	A	1.00000	0	0.00000	0
1807	Q	1.00000	0	0.00000	0
1808	E	1.00000	0	0.00000	0
1809	A	1.00000	0	0.00000	0
1810	A	1.00000	0	0.00000	0
1811	T	1.00000	0	0.00000	0
1812	S	1.00000	0	0.00000	0
1813	E	1.00000	0	0.00000	0
1814	K	1.00000	0	0.00000	0
1815	A	1.00000	0	0.00000	0
1816	K	1.00000	0	0.00000	0
1817	I	1.00000	0	0.00000	0
1818	C	1.00000	0	0.00000	0
1819	P	1.00000	0	0.00000	0
1820	W	1.00000	0	0.00000	0
1821	E	1.00000	0	0.00000	0
1822	V	1.00000	0	0.00000	0
1823	S	1.00000	0	0.00000	0
1824	E	1.00000	0	0.00000	0
1825	G	1.00000	0	0.00000	0
1826	T	1.00000	0	0.00000	0
1827	T	1.00000	0	0.00000	0
1828	G	1.00000	0	0.00000	0
1829	K	1.00000	0	0.00000	0
1830	G	1.00000	0	0.00000	0
1831	L	1.00000	0	0.00000	0
1832	D	1.00000	0	0.00000	0
1833	Q	1.00000	0	0.00000	0
1834	K	1.00000	0	0.00000	0
1835	A	1.00000	0	0.00000	0
1836	G	1.00000	0	0.00000	0
1837	S	1.00000	0	0.00000	0
1838	E	1.00000	0	0.00000	0
1839	S	1.00000	0	0.00000	0
1840	A	1.00000	0	0.00000	0
1841	E	1.00000	0	0.00000	0
1842	Q	1.00000	0	0.00000	0
1843	R	1.00000	0	0.00000	0
1844	E	1.00000	0	0.00000	0
1845	K	1.00000	0	0.00000	0
1846	A	1.00000	0	0.00000	0
1847	L	1.00000	0	0.00000	0
1848	E	1.00000	0	0.00000	0
1849	K	1.00000	0	0.00000	0
1850	G	1.00000	0	0.00000	0
1851	R	1.00000	0	0.00000	0
1852	L	1.00000	0	0.00000	0
1853	T	1.00000	0	0.00000	0
1854	S	1.00000	0	0.00000	0
1855	L	1.00000	0	0.00000	0
1856	G	1.00000	0	0.00000	0
1857	E	1.00000	0	0.00000	0
1858	D	1.00000	0	0.00000	0
1859	V	1.00000	0	0.00000	0
1860	S	1.00000	0	0.00000	0
1861	K	1.00000	0	0.00000	0
1862	G	1.00000	0	0.00000	0
1863	M	1.00000	0	0.00000	0
1864	A	1.00000	0	0.00000	0
1865	K	1.00000	0	0.00000	0
1866	L	1.00000	0	0.00000	0
1867	C	1.00000	0	0.00000	0
1868	Q	1.00000	0	0.00000	0
1869	Q	1.00000	0	0.00000	0
1870	Q	1.00000	0	0.00000	0
1871	E	1.00000	0	0.00000	0
1872	T	1.00000	0	0.00000	0
1873	I	1.00000	0	0.00000	0
1874	C	1.00000	0	0.00000	0
1875	I	1.00000	0	0.00000	0
1876	W	1.00000	0	0.00000	0
1877	E	1.00000	0	0.00000	0
1878	N	1.00000	0	0.00000	0
1879	K	1.00000	0	0.00000	0
1880	D	1.00000	0	0.00000	0
1881	L	1.00000	0	0.00000	0
1882	R	1.00000	0	0.00000	0
1883	E	1.00000	0	0.00000	0
1884	S	1.00000	0	0.00000	0
1885	P	1.00000	0	0.00000	0
1886	A	1.00000	0	0.00000	0
1887	Q	1.00000	0	0.00000	0
1888	A	1.00000	0	0.00000	0
1889	P	1.00000	0	0.00000	0
1890	K	1.00000	0	0.00000	0
1891	I	1.00000	0	0.00000	0
1892	S	1.00000	0	0.00000	0
1893	D	1.00000	0	0.00000	0
1894	L	1.00000	0	0.00000	0
1895	P	1.00000	0	0.00000	0
1896	S	1.00000	0	0.00000	0
1897	S	1.00000	0	0.00000	0
1898	M	1.00000	0	0.00000	0
1899	S	1.00000	0	0.00000	0
1900	S	1.00000	0	0.00000	0
1901	E	1.00000	0	0.00000	0
1902	V	1.00000	0	0.00000	0
1903	A	1.00000	0	0.00000	0
1904	E	1.00000	0	0.00000	0
1905	G	1.00000	0	0.00000	0
1906	H	1.00000	0	0.00000	0
1907	S	1.00000	0	0.00000	0
1908	L	1.00000	0	0.00000	0
1909	E	1.00000	0	0.00000	0
1910	A	1.00000	0	0.00000	0
1911	T	1.00000	0	0.00000	0
1912	E	1.00000	0	0.00000	0
1913	K	1.00000	0	0.00000	0
1914	G	1.00000	0	0.00000	0
1915	D	1.00000	0	0.00000	0
1916	L	1.00000	0	0.00000	0
1917	R	1.00000	0	0.00000	0
1918	Q	1.00000	0	0.00000	0
1919	D	1.00000	0	0.00000	0
1920	P	1.00000	0	0.00000	0
1921	K	1.00000	0	0.00000	0
1922	T	1.00000	0	0.00000	0
1923	G	1.00000	0	0.00000	0
1924	S	1.00000	0	0.00000	0
1925	F	1.00000	0	0.00000	0
1926	P	1.00000	0	0.00000	0
1927	E	1.00000	0	0.00000	0
1928	H	1.00000	0	0.00000	0
1929	I	1.00000	0	0.00000	0
1930	T	1.00000	0	0.00000	0
1931	Q	1.00000	0	0.00000	0
1932	E	1.00000	0	0.00000	0
1933	K	1.00000	0	0.00000	0
1934	A	1.00000	0	0.00000	0
1935	P	1.00000	0	0.00000	0
1936	A	1.00000	0	0.00000	0
1937	A	1.00000	0	0.00000	0
1938	D	1.00000	0	0.00000	0
1939	T	1.00000	0	0.00000	0
1940	E	1.00000	0	0.00000	0
1941	E	1.00000	0	0.00000	0
1942	F	1.00000	0	0.00000	0
1943	T	1.00000	0	0.00000	0
1944	T	1.00000	0	0.00000	0
1945	E	1.00000	0	0.00000	0
1946	D	1.00000	0	0.00000	0
1947	G	1.00000	0	0.00000	0
1948	E	1.00000	0	0.00000	0
1949	K	1.00000	0	0.00000	0
1950	T	1.00000	0	0.00000	0
1951	S	1.00000	0	0.00000	0
1952	H	1.00000	0	0.00000	0
1953	E	1.00000	0	0.00000	0
1954	L	1.00000	0	0.00000	0
1955	Q	1.00000	0	0.00000	0
1956	S	1.00000	0	0.00000	0
1957	V	1.00000	0	0.00000	0
1958	C	1.00000	0	0.00000	0
1959	P	1.00000	0	0.00000	0
1960	W	1.00000	0	0.00000	0
1961	E	1.00000	0	0.00000	0
1962	T	1.00000	0	0.00000	0
1963	T	1.00000	0	0.00000	0
1964	A	1.00000	0	0.00000	0
1965	P	1.00000	0	0.00000	0
1966	A	1.00000	0	0.00000	0
1967	D	1.00000	0	0.00000	0
1968	S	1.00000	0	0.00000	0
1969	V	1.00000	0	0.00000	0
1970	S	1.00000	0	0.00000	0
1971	H	1.00000	0	0.00000	0
1972	L	1.00000	0	0.00000	0
1973	D	1.00000	0	0.00000	0
1974	R	1.00000	0	0.00000	0
1975	Q	1.00000	0	0.00000	0
1976	R	1.00000	0	0.00000	0
1977	P	1.00000	0	0.00000	0
1978	D	1.00000	0	0.00000	0
1979	Q	1.00000	0	0.00000	0
1980	P	1.00000	0	0.00000	0
1981	K	1.00000	0	0.00000	0
1982	A	1.00000	0	0.00000	0
1983	S	1.00000	0	0.00000	0
1984	S	1.00000	0	0.00000	0
1985	Q	1.00000	0	0.00000	0
1986	R	1.00000	0	0.00000	0
1987	L	1.00000	0	0.00000	0
1988	V	1.00000	0	0.00000	0
1989	S	1.00000	0	0.00000	0
1990	T	1.00000	0	0.00000	0
1991	G	1.00000	0	0.00000	0
1992	G	1.00000	0	0.00000	0
1993	R	1.00000	0	0.00000	0
1994	A	1.00000	0	0.00000	0
1995	A	1.00000	0	0.00000	0
1996	D	1.00000	0	0.00000	0
1997	V	1.00000	0	0.00000	0
1998	C	1.00000	0	0.00000	0
1999	P	1.00000	0	0.00000	0
2000	W	1.00000	0	0.00000	0
2001	D	1.00000	0	0.00000	0
2002	V	1.00000	0	0.00000	0
2003	P	1.00000	0	0.00000	0
2004	D	1.00000	0	0.00000	0
2005	A	1.00000	0	0.00000	0
2006	G	1.00000	0	0.00000	0
2007	V	1.00000	0	0.00000	0
2008	Y	1.00000	0	0.00000	0
2009	K	1.00000	0	0.00000	0
2010	S	1.00000	0	0.00000	0
2011	D	1.00000	0	0.00000	0
2012	S	1.00000	0	0.00000	0
2013	S	1.00000	0	0.00000	0
2014	A	1.00000	0	0.00000	0
2015	K	1.00000	0	0.00000	0
2016	A	1.00000	0	0.00000	0
2017	E	1.00000	0	0.00000	0
2018	T	1.00000	0	0.00000	0
2019	C	1.00000	0	0.00000	0
2020	P	1.00000	0	0.00000	0
2021	W	1.00000	0	0.00000	0
2022	E	1.00000	0	0.00000	0
2023	V	1.00000	0	0.00000	0
2024	T	1.00000	0	0.00000	0
2025	E	1.00000	0	0.00000	0
2026	R	1.00000	0	0.00000	0
2027	I	1.00000	0	0.00000	0
2028	P	1.00000	0	0.00000	0
2029	V	1.00000	0	0.00000	0
2030	K	1.00000	0	0.00000	0
2031	G	1.00000	0	0.00000	0
2032	V	1.00000	0	0.00000	0
2033	S	1.00000	0	0.00000	0
2034	R	1.00000	0	0.00000	0
2035	Q	1.00000	0	0.00000	0
2036	D	1.00000	0	0.00000	0
2037	G	1.00000	0	0.00000	0
2038	K	1.00000	0	0.00000	0
2039	G	1.00000	0	0.00000	0
2040	D	1.00000	0	0.00000	0
2041	S	1.00000	0	0.00000	0
2042	Q	1.00000	0	0.00000	0
2043	E	1.00000	0	0.00000	0
2044	E	1.00000	0	0.00000	0
2045	K	1.00000	0	0.00000	0
2046	G	1.00000	0	0.00000	0
2047	R	1.00000	0	0.00000	0
2048	A	1.00000	0	0.00000	0
2049	P	1.00000	0	0.00000	0
2050	E	1.00000	0	0.00000	0
2051	K	1.00000	0	0.00000	0
2052	S	1.00000	0	0.00000	0
2053	E	1.00000	0	0.00000	0
2054	P	1.00000	0	0.00000	0
2055	K	1.00000	0	0.00000	0
2056	G	1.00000	0	0.00000	0
2057	V	1.00000	0	0.00000	0
2058	P	1.00000	0	0.00000	0
2059	V	1.00000	0	0.00000	0
2060	Q	1.00000	0	0.00000	0
2061	K	1.00000	0	0.00000	0
2062	K	1.00000	0	0.00000	0
2063	P	1.00000	0	0.00000	0
2064	E	1.00000	0	0.00000	0
2065	M	1.00000	0	0.00000	0
2066	A	1.00000	0	0.00000	0
2067	D	1.00000	0	0.00000	0
2068	F	1.00000	0	0.00000	0
2069	R	1.00000	0	0.00000	0
2070	Q	1.00000	0	0.00000	0
2071	Q	1.00000	0	0.00000	0
2072	E	1.00000	0	0.00000	0
2073	A	1.00000	0	0.00000	0
2074	V	1.00000	0	0.00000	0
2075	C	1.00000	0	0.00000	0
2076	P	1.00000	0	0.00000	0
2077	W	1.00000	0	0.00000	0
2078	E	1.00000	0	0.00000	0
2079	S	1.00000	0	0.00000	0
2080	Q	1.00000	0	0.00000	0
2081	D	1.00000	0	0.00000	0
2082	G	1.00000	0	0.00000	0
2083	K	1.00000	0	0.00000	0
2084	G	1.00000	0	0.00000	0
2085	L	1.00000	0	0.00000	0
2086	S	1.00000	0	0.00000	0
2087	P	1.00000	0	0.00000	0
2088	Q	1.00000	0	0.00000	0
2089	P	1.00000	0	0.00000	0
2090	A	1.00000	0	0.00000	0
2091	P	1.00000	0	0.00000	0
2092	D	1.00000	0	0.00000	0
2093	A	1.00000	0	0.00000	0
2094	S	1.00000	0	0.00000	0
2095	D	1.00000	0	0.00000	0
2096	R	1.00000	0	0.00000	0
2097	S	1.00000	0	0.00000	0
2098	R	1.00000	0	0.00000	0
2099	G	1.00000	0	0.00000	0
2100	S	1.00000	0	0.00000	0
2101	S	1.00000	0	0.00000	0
2102	E	1.00000	0	0.00000	0
2103	A	1.00000	0	0.00000	0
2104	A	1.00000	0	0.00000	0
2105	G	1.00000	0	0.00000	0
2106	S	1.00000	0	0.00000	0
2107	V	1.00000	0	0.00000	0
2108	E	1.00000	0	0.00000	0
2109	T	1.00000	0	0.00000	0
2110	R	1.00000	0	0.00000	0
2111	V	1.00000	0	0.00000	0
2112	A	1.00000	0	0.00000	0
2113	E	1.00000	0	0.00000	0
2114	V	1.00000	0	0.00000	0
2115	C	1.00000	0	0.00000	0
2116	L	1.00000	0	0.00000	0
2117	W	1.00000	0	0.00000	0
2118	E	1.00000	0	0.00000	0
2119	V	1.00000	0	0.00000	0
2120	V	1.00000	0	0.00000	0
2121	E	1.00000	0	0.00000	0
2122	A	1.00000	0	0.00000	0
2123	P	1.00000	0	0.00000	0
2124	S	1.00000	0	0.00000	0
2125	A	1.00000	0	0.00000	0
2126	K	1.00000	0	0.00000	0
2127	K	1.00000	0	0.00000	0
2128	A	1.00000	0	0.00000	0
2129	E	1.00000	0	0.00000	0
2130	I	1.00000	0	0.00000	0
2131	C	1.00000	0	0.00000	0
2132	P	1.00000	0	0.00000	0
2133	W	1.00000	0	0.00000	0
2134	E	1.00000	0	0.00000	0
2135	A	1.00000	0	0.00000	0
2136	G	1.00000	0	0.00000	0
2137	G	1.00000	0	0.00000	0
2138	G	1.00000	0	0.00000	0
2139	A	1.00000	0	0.00000	0
2140	A	1.00000	0	0.00000	0
2141	E	1.00000	0	0.00000	0
2142	E	1.00000	0	0.00000	0
2143	G	1.00000	0	0.00000	0
2144	E	1.00000	0	0.00000	0
2145	Q	1.00000	0	0.00000	0
2146	E	1.00000	0	0.00000	0
2147	R	1.00000	0	0.00000	0
2148	E	1.00000	0	0.00000	0
2149	S	1.00000	0	0.00000	0
2150	Q	1.00000	0	0.00000	0
2151	G	1.00000	0	0.00000	0
2152	Q	1.00000	0	0.00000	0
2153	G	1.00000	0	0.00000	0
2154	E	1.00000	0	0.00000	0
2155	M	1.00000	0	0.00000	0
2156	F	1.00000	0	0.00000	0
2157	L	1.00000	0	0.00000	0
2158	Q	1.00000	0	0.00000	0
2159	K	1.00000	0	0.00000	0
2160	A	1.00000	0	0.00000	0
2161	G	1.00000	0	0.00000	0
2162	P	1.00000	0	0.00000	0
2163	G	1.00000	0	0.00000	0
2164	G	1.00000	0	0.00000	0
2165	T	1.00000	0	0.00000	0
2166	E	1.00000	0	0.00000	0
2167	E	1.00000	0	0.00000	0
2168	H	1.00000	0	0.00000	0
2169	F	1.00000	0	0.00000	0
2170	S	1.00000	0	0.00000	0
2171	K	1.00000	0	0.00000	0
2172	A	1.00000	0	0.00000	0
2173	A	1.00000	0	0.00000	0
2174	A	1.00000	0	0.00000	0
2175	K	1.00000	0	0.00000	0
2176	P	1.00000	0	0.00000	0
2177	R	1.00000	0	0.00000	0
2178	E	1.00000	0	0.00000	0
2179	Q	1.00000	0	0.00000	0
2180	E	1.00000	0	0.00000	0
2181	A	1.00000	0	0.00000	0
2182	V	1.00000	0	0.00000	0
2183	C	1.00000	0	0.00000	0
2184	P	1.00000	0	0.00000	0
2185	G	1.00000	0	0.00000	0
2186	E	1.00000	0	0.00000	0
2187	G	1.00000	0	0.00000	0
2188	T	1.00000	0	0.00000	0
2189	G	1.00000	0	0.00000	0
2190	S	1.00000	0	0.00000	0
2191	G	1.00000	0	0.00000	0
2192	G	1.00000	0	0.00000	0
2193	L	1.00000	0	0.00000	0
2194	L	1.00000	0	0.00000	0
2195	P	1.00000	0	0.00000	0
2196	Q	1.00000	0	0.00000	0
2197	S	1.00000	0	0.00000	0
2198	G	1.00000	0	0.00000	0
2199	A	1.00000	0	0.00000	0
2200	L	1.00000	0	0.00000	0
2201	D	1.00000	0	0.00000	0
2202	P	1.00000	0	0.00000	0
2203	E	1.00000	0	0.00000	0
2204	L	1.00000	0	0.00000	0
2205	K	1.00000	0	0.00000	0
2206	V	1.00000	0	0.00000	0
2207	S	1.00000	0	0.00000	0
2208	P	1.00000	0	0.00000	0
2209	K	1.00000	0	0.00000	0
2210	E	1.00000	0	0.00000	0
2211	A	1.00000	0	0.00000	0
2212	G	1.00000	0	0.00000	0
2213	S	1.00000	0	0.00000	0
2214	M	1.00000	0	0.00000	0
2215	G	1.00000	0	0.00000	0
2216	S	1.00000	0	0.00000	0
2217	R	1.00000	0	0.00000	0
2218	M	1.00000	0	0.00000	0
2219	A	1.00000	0	0.00000	0
2220	E	1.00000	0	0.00000	0
2221	L	1.00000	0	0.00000	0
2222	C	1.00000	0	0.00000	0
2223	Q	1.00000	0	0.00000	0
2224	W	1.00000	0	0.00000	0
2225	E	1.00000	0	0.00000	0
2226	I	1.00000	0	0.00000	0
2227	T	1.00000	0	0.00000	0
2228	D	1.00000	0	0.00000	0
2229	P	1.00000	0	0.00000	0
2230	E	1.00000	0	0.00000	0
2231	G	1.00000	0	0.00000	0
2232	N	1.00000	0	0.00000	0
2233	K	1.00000	0	0.00000	0
2234	I	1.00000	0	0.00000	0
2235	K	1.00000	0	0.00000	0
2236	G	1.00000	0	0.00000	0
2237	T	1.00000	0	0.00000	0
2238	M	1.00000	0	0.00000	0
2239	A	1.00000	0	0.00000	0
2240	D	1.00000	0	0.00000	0
2241	I	1.00000	0	0.00000	0
2242	C	1.00000	0	0.00000	0
2243	P	1.00000	0	0.00000	0
2244	G	1.00000	0	0.00000	0
2245	E	1.00000	0	0.00000	0
2246	E	1.00000	0	0.00000	0
2247	T	1.00000	0	0.00000	0
2248	G	1.00000	0	0.00000	0
2249	V	1.00000	0	0.00000	0
2250	P	1.00000	0	0.00000	0
2251	S	1.00000	0	0.00000	0
2252	E	1.00000	0	0.00000	0
2253	E	1.00000	0	0.00000	0
2254	S	1.00000	0	0.00000	0
2255	G	1.00000	0	0.00000	0
2256	L	1.00000	0	0.00000	0
2257	L	1.00000	0	0.00000	0
2258	A	1.00000	0	0.00000	0
2259	L	1.00000	0	0.00000	0
2260	T	1.00000	0	0.00000	0
2261	A	1.00000	0	0.00000	0
2262	T	1.00000	0	0.00000	0
2263	R	1.00000	0	0.00000	0
2264	R	1.00000	0	0.00000	0
2265	E	1.00000	0	0.00000	0
2266	F	1.00000	0	0.00000	0
2267	F	1.00000	0	0.00000	0
2268	P	1.00000	0	0.00000	0
2269	T	1.00000	0	0.00000	0
2270	A	1.00000	0	0.00000	0
2271	P	1.00000	0	0.00000	0
2272	E	1.00000	0	0.00000	0
2273	K	1.00000	0	0.00000	0
2274	P	1.00000	0	0.00000	0
2275	L	1.00000	0	0.00000	0
2276	C	1.00000	0	0.00000	0
2277	L	1.00000	0	0.00000	0
2278	L	1.00000	0	0.00000	0
2279	V	1.00000	0	0.00000	0
2280	H	1.00000	0	0.00000	0
2281	G	1.00000	0	0.00000	0
2282	P	1.00000	0	0.00000	0
2283	L	1.00000	0	0.00000	0
2284	D	1.00000	0	0.00000	0
2285	H	1.00000	0	0.00000	0
2286	F	1.00000	0	0.00000	0
2287	F	1.00000	0	0.00000	0
2288	P	1.00000	0	0.00000	0
2289	E	1.00000	0	0.00000	0
2290	S	1.00000	0	0.00000	0
2291	K	1.00000	0	0.00000	0
2292	I	1.00000	0	0.00000	0
2293	P	1.00000	0	0.00000	0
2294	C	1.00000	0	0.00000	0
2295	P	1.00000	0	0.00000	0
2296	K	1.00000	0	0.00000	0
2297	V	1.00000	0	0.00000	0
2298	S	1.00000	0	0.00000	0
2299	R	1.00000	0	0.00000	0
2300	P	1.00000	0	0.00000	0
2301	A	1.00000	0	0.00000	0
2302	S	1.00000	0	0.00000	0
2303	T	1.00000	0	0.00000	0
2304	F	1.00000	0	0.00000	0
2305	T	1.00000	0	0.00000	0
2306	L	1.00000	0	0.00000	0
2307	E	1.00000	0	0.00000	0
2308	G	1.00000	0	0.00000	0
2309	V	1.00000	0	0.00000	0
2310	R	1.00000	0	0.00000	0
2311	E	1.00000	0	0.00000	0
2312	L	1.00000	0	0.00000	0
2313	Q	1.00000	0	0.00000	0
2314	G	1.00000	0	0.00000	0
2315	P	1.00000	0	0.00000	0
2316	S	1.00000	0	0.00000	0
2317	G	1.00000	0	0.00000	0
2318	L	1.00000	0	0.00000	0
2319	E	1.00000	0	0.00000	0
2320	P	1.00000	0	0.00000	0
2321	R	1.00000	0	0.00000	0
2322	T	1.00000	0	0.00000	0
2323	S	1.00000	0	0.00000	0
2324	L	1.00000	0	0.00000	0
2325	A	1.00000	0	0.00000	0
2326	P	1.00000	0	0.00000	0
2327	E	1.00000	0	0.00000	0
2328	P	1.00000	0	0.00000	0
2329	S	1.00000	0	0.00000	0
2330	L	1.00000	0	0.00000	0
2331	Q	1.00000	0	0.00000	0
2332	E	1.00000	0	0.00000	0
2333	A	1.00000	0	0.00000	0
2334	E	1.00000	0	0.00000	0
2335	S	1.00000	0	0.00000	0
2336	Q	1.00000	0	0.00000	0
2337	S	1.00000	0	0.00000	0
2338	S	1.00000	0	0.00000	0
2339	S	1.00000	0	0.00000	0
2340	L	1.00000	0	0.00000	0
2341	T	1.00000	0	0.00000	0
2342	E	1.00000	0	0.00000	0
2343	D	1.00000	0	0.00000	0
2344	S	1.00000	0	0.00000	0
2345	G	1.00000	0	0.00000	0
2346	Q	1.00000	0	0.00000	0
2347	V	1.00000	0	0.00000	0
2348	A	1.00000	0	0.00000	0
2349	F	1.00000	0	0.00000	0
2350	E	1.00000	0	0.00000	0
2351	A	1.00000	0	0.00000	0
2352	Q	1.00000	0	0.00000	0
2353	Y	1.00000	0	0.00000	0
2354	E	1.00000	0	0.00000	0
2355	E	1.00000	0	0.00000	0
2356	F	1.00000	0	0.00000	0
2357	T	1.00000	0	0.00000	0
2358	P	1.00000	0	0.00000	0
2359	P	1.00000	0	0.00000	0
2360	T	1.00000	0	0.00000	0
2361	V	1.00000	0	0.00000	0
2362	Y	1.00000	0	0.00000	0
2363	P	1.00000	0	0.00000	0
2364	W	1.00000	0	0.00000	0
2365	D	1.00000	0	0.00000	0
2366	W	1.00000	0	0.00000	0
2367	E	1.00000	0	0.00000	0
