# UNNAMED
#pos	aa	i	o	M	S
1	M	0.00000	0.0081	0.00000	0.9919
2	A	0.00000	0.0081	0.00000	0.9919
3	G	0.00000	0.0081	0.00000	0.9919
4	A	0.00000	0.0081	0.00000	0.9919
5	R	0.00000	0.0081	0.00000	0.9919
6	S	0.00000	0.0081	0.00000	0.9919
7	R	0.00000	0.0081	0.00000	0.9919
8	D	0.00000	0.0081	0.00000	0.9919
9	P	0.00000	0.0081	0.00000	0.9919
10	W	0.00000	0.0081	0.00000	0.9919
11	G	0.00000	0.0081	0.00000	0.9919
12	A	0.00000	0.0081	0.00000	0.9919
13	S	0.00000	0.0081	0.00000	0.9919
14	G	0.00000	0.0081	0.00000	0.9919
15	I	0.00000	0.0081	0.00000	0.9919
16	C	0.00000	0.0081	0.00000	0.9919
17	Y	0.00000	0.0081	0.00000	0.9919
18	L	0.00000	0.0081	0.00000	0.9919
19	F	0.00000	0.0081	0.00000	0.9919
20	G	0.00000	0.0081	0.00000	0.9919
21	S	0.00000	0.0081	0.00000	0.99189
22	L	0.00000	0.0081	0.00000	0.9919
23	L	0.00000	0.00812	0.00000	0.99188
24	V	0.00000	0.00829	0.00000	0.99171
25	E	0.00000	0.0083	0.00000	0.9917
26	L	0.00000	0.0083	0.00000	0.9917
27	L	0.00000	0.00971	0.00000	0.99029
28	F	0.00000	0.00971	0.00000	0.99028
29	S	0.00000	0.00976	0.00000	0.99023
30	R	0.00000	0.38824	0.00000	0.61176
31	A	0.00000	0.38824	0.00000	0.61176
32	V	0.00000	0.99031	0.00000	0.00969
33	A	0.00000	0.99031	0.00000	0.00968
34	F	0.00000	0.99939	0.00000	0.00061
35	N	0.00000	0.99967	0.00000	0.00033
36	L	0.00000	0.9997	0.00000	0.0003
37	D	0.00000	0.9997	0.00000	0.0003
38	V	0.00000	0.9997	0.00000	0.0003
39	M	0.00000	0.9997	0.00000	0.0003
40	G	0.00000	0.9997	0.00000	0.0003
41	A	0.00000	1	0.00000	0
42	L	0.00000	1	0.00000	0
43	R	0.00000	1	0.00000	0
44	K	0.00000	1	0.00000	0
45	E	0.00000	1	0.00000	0
46	G	0.00000	1	0.00000	0
47	E	0.00000	1	0.00000	0
48	P	0.00000	1	0.00000	0
49	G	0.00000	1	0.00000	0
50	S	0.00000	1	0.00000	0
51	L	0.00000	1	0.00000	0
52	F	0.00000	1	0.00000	0
53	G	0.00000	1	0.00000	0
54	F	0.00000	1	0.00000	0
55	S	0.00000	1	0.00000	0
56	V	0.00000	1	0.00000	0
57	A	0.00000	1	0.00000	0
58	L	0.00000	1	0.00000	0
59	H	0.00000	1	0.00000	0
60	R	0.00000	1	0.00000	0
61	Q	0.00000	1	0.00000	0
62	L	0.00000	1	0.00000	0
63	Q	0.00000	1	0.00000	0
64	P	0.00000	1	0.00000	0
65	R	0.00000	1	0.00000	0
66	P	0.00000	1	0.00000	0
67	Q	0.00000	1	0.00000	0
68	S	0.00000	1	0.00000	0
69	W	0.00000	1	0.00000	0
70	L	0.00000	1	0.00000	0
71	L	0.00000	1	0.00000	0
72	V	0.00000	1	0.00000	0
73	G	0.00000	1	0.00000	0
74	A	0.00000	1	0.00000	0
75	P	0.00000	1	0.00000	0
76	Q	0.00000	1	0.00000	0
77	A	0.00000	1	0.00000	0
78	L	0.00000	1	0.00000	0
79	A	0.00000	1	0.00000	0
80	L	0.00000	1	0.00000	0
81	P	0.00000	1	0.00000	0
82	G	0.00000	1	0.00000	0
83	Q	0.00000	1	0.00000	0
84	Q	0.00000	1	0.00000	0
85	A	0.00000	1	0.00000	0
86	N	0.00000	1	0.00000	0
87	R	0.00000	1	0.00000	0
88	T	0.00000	1	0.00000	0
89	G	0.00000	1	0.00000	0
90	G	0.00000	1	0.00000	0
91	L	0.00000	1	0.00000	0
92	F	0.00000	1	0.00000	0
93	A	0.00000	1	0.00000	0
94	C	0.00000	1	0.00000	0
95	P	0.00000	1	0.00000	0
96	L	0.00000	1	0.00000	0
97	S	0.00000	1	0.00000	0
98	L	0.00000	1	0.00000	0
99	E	0.00000	1	0.00000	0
100	E	0.00000	1	0.00000	0
101	T	0.00000	1	0.00000	0
102	D	0.00000	1	0.00000	0
103	C	0.00000	1	0.00000	0
104	Y	0.00000	1	0.00000	0
105	R	0.00000	1	0.00000	0
106	V	0.00000	1	0.00000	0
107	D	0.00000	1	0.00000	0
108	I	0.00000	1	0.00000	0
109	D	0.00000	1	0.00000	0
110	Q	0.00000	1	0.00000	0
111	G	0.00000	1	0.00000	0
112	A	0.00000	1	0.00000	0
113	D	0.00000	1	0.00000	0
114	M	0.00000	1	0.00000	0
115	Q	0.00000	1	0.00000	0
116	K	0.00000	1	0.00000	0
117	E	0.00000	1	0.00000	0
118	S	0.00000	1	0.00000	0
119	K	0.00000	1	0.00000	0
120	E	0.00000	1	0.00000	0
121	N	0.00000	1	0.00000	0
122	Q	0.00000	1	0.00000	0
123	W	0.00000	1	0.00000	0
124	L	0.00000	1	0.00000	0
125	G	0.00000	1	0.00000	0
126	V	0.00000	1	0.00000	0
127	S	0.00000	1	0.00000	0
128	V	0.00000	1	0.00000	0
129	R	0.00000	1	0.00000	0
130	S	0.00000	1	0.00000	0
131	Q	0.00000	1	0.00000	0
132	G	0.00000	1	0.00000	0
133	P	0.00000	1	0.00000	0
134	G	0.00000	1	0.00000	0
135	G	0.00000	1	0.00000	0
136	K	0.00000	1	0.00000	0
137	I	0.00000	1	0.00000	0
138	V	0.00000	1	0.00000	0
139	T	0.00000	1	0.00000	0
140	C	0.00000	1	0.00000	0
141	A	0.00000	1	0.00000	0
142	H	0.00000	1	0.00000	0
143	R	0.00000	1	0.00000	0
144	Y	0.00000	1	0.00000	0
145	E	0.00000	1	0.00000	0
146	A	0.00000	1	0.00000	0
147	R	0.00000	1	0.00000	0
148	Q	0.00000	1	0.00000	0
149	R	0.00000	1	0.00000	0
150	V	0.00000	1	0.00000	0
151	D	0.00000	1	0.00000	0
152	Q	0.00000	1	0.00000	0
153	I	0.00000	1	0.00000	0
154	L	0.00000	1	0.00000	0
155	E	0.00000	1	0.00000	0
156	T	0.00000	1	0.00000	0
157	R	0.00000	1	0.00000	0
158	D	0.00000	1	0.00000	0
159	M	0.00000	1	0.00000	0
160	I	0.00000	1	0.00000	0
161	G	0.00000	1	0.00000	0
162	R	0.00000	1	0.00000	0
163	C	0.00000	1	0.00000	0
164	F	0.00000	1	0.00000	0
165	V	0.00000	1	0.00000	0
166	L	0.00000	1	0.00000	0
167	S	0.00000	1	0.00000	0
168	Q	0.00000	1	0.00000	0
169	D	0.00000	1	0.00000	0
170	L	0.00000	1	0.00000	0
171	A	0.00000	1	0.00000	0
172	I	0.00000	1	0.00000	0
173	R	0.00000	1	0.00000	0
174	D	0.00000	1	0.00000	0
175	E	0.00000	1	0.00000	0
176	L	0.00000	1	0.00000	0
177	D	0.00000	1	0.00000	0
178	G	0.00000	1	0.00000	0
179	G	0.00000	1	0.00000	0
180	E	0.00000	1	0.00000	0
181	W	0.00000	1	0.00000	0
182	K	0.00000	1	0.00000	0
183	F	0.00000	1	0.00000	0
184	C	0.00000	1	0.00000	0
185	E	0.00000	1	0.00000	0
186	G	0.00000	1	0.00000	0
187	R	0.00000	1	0.00000	0
188	P	0.00000	1	0.00000	0
189	Q	0.00000	1	0.00000	0
190	G	0.00000	1	0.00000	0
191	H	0.00000	1	0.00000	0
192	E	0.00000	1	0.00000	0
193	Q	0.00000	1	0.00000	0
194	F	0.00000	1	0.00000	0
195	G	0.00000	1	0.00000	0
196	F	0.00000	1	0.00000	0
197	C	0.00000	1	0.00000	0
198	Q	0.00000	1	0.00000	0
199	Q	0.00000	1	0.00000	0
200	G	0.00000	1	0.00000	0
201	T	0.00000	1	0.00000	0
202	A	0.00000	1	0.00000	0
203	A	0.00000	1	0.00000	0
204	A	0.00000	1	0.00000	0
205	F	0.00000	1	0.00000	0
206	S	0.00000	1	0.00000	0
207	P	0.00000	1	0.00000	0
208	D	0.00000	1	0.00000	0
209	S	0.00000	1	0.00000	0
210	H	0.00000	1	0.00000	0
211	Y	0.00000	1	0.00000	0
212	L	0.00000	1	0.00000	0
213	L	0.00000	1	0.00000	0
214	F	0.00000	1	0.00000	0
215	G	0.00000	1	0.00000	0
216	A	0.00000	1	0.00000	0
217	P	0.00000	1	0.00000	0
218	G	0.00000	1	0.00000	0
219	T	0.00000	1	0.00000	0
220	Y	0.00000	1	0.00000	0
221	N	0.00000	1	0.00000	0
222	W	0.00000	1	0.00000	0
223	K	0.00000	1	0.00000	0
224	G	0.00000	1	0.00000	0
225	L	0.00000	1	0.00000	0
226	L	0.00000	1	0.00000	0
227	F	0.00000	1	0.00000	0
228	V	0.00000	1	0.00000	0
229	T	0.00000	1	0.00000	0
230	N	0.00000	1	0.00000	0
231	I	0.00000	1	0.00000	0
232	D	0.00000	1	0.00000	0
233	S	0.00000	1	0.00000	0
234	S	0.00000	1	0.00000	0
235	D	0.00000	1	0.00000	0
236	P	0.00000	1	0.00000	0
237	D	0.00000	1	0.00000	0
238	Q	0.00000	1	0.00000	0
239	L	0.00000	1	0.00000	0
240	V	0.00000	1	0.00000	0
241	Y	0.00000	1	0.00000	0
242	K	0.00000	1	0.00000	0
243	T	0.00000	1	0.00000	0
244	L	0.00000	1	0.00000	0
245	D	0.00000	1	0.00000	0
246	P	0.00000	1	0.00000	0
247	A	0.00000	1	0.00000	0
248	D	0.00000	1	0.00000	0
249	R	0.00000	1	0.00000	0
250	L	0.00000	1	0.00000	0
251	P	0.00000	1	0.00000	0
252	G	0.00000	1	0.00000	0
253	P	0.00000	1	0.00000	0
254	A	0.00000	1	0.00000	0
255	G	0.00000	1	0.00000	0
256	D	0.00000	1	0.00000	0
257	L	0.00000	1	0.00000	0
258	A	0.00000	1	0.00000	0
259	L	0.00000	1	0.00000	0
260	N	0.00000	1	0.00000	0
261	S	0.00000	1	0.00000	0
262	Y	0.00000	1	0.00000	0
263	L	0.00000	1	0.00000	0
264	G	0.00000	1	0.00000	0
265	F	0.00000	1	0.00000	0
266	S	0.00000	1	0.00000	0
267	I	0.00000	1	0.00000	0
268	D	0.00000	1	0.00000	0
269	S	0.00000	1	0.00000	0
270	G	0.00000	1	0.00000	0
271	K	0.00000	1	0.00000	0
272	G	0.00000	1	0.00000	0
273	L	0.00000	1	0.00000	0
274	V	0.00000	1	0.00000	0
275	R	0.00000	1	0.00000	0
276	A	0.00000	1	0.00000	0
277	E	0.00000	1	0.00000	0
278	E	0.00000	1	0.00000	0
279	L	0.00000	1	0.00000	0
280	S	0.00000	1	0.00000	0
281	F	0.00000	1	0.00000	0
282	V	0.00000	1	0.00000	0
283	A	0.00000	1	0.00000	0
284	G	0.00000	1	0.00000	0
285	A	0.00000	1	0.00000	0
286	P	0.00000	1	0.00000	0
287	R	0.00000	1	0.00000	0
288	A	0.00000	1	0.00000	0
289	N	0.00000	1	0.00000	0
290	H	0.00000	1	0.00000	0
291	K	0.00000	1	0.00000	0
292	G	0.00000	1	0.00000	0
293	A	0.00000	1	0.00000	0
294	V	0.00000	1	0.00000	0
295	V	0.00000	1	0.00000	0
296	I	0.00000	1	0.00000	0
297	L	0.00000	1	0.00000	0
298	R	0.00000	1	0.00000	0
299	K	0.00000	1	0.00000	0
300	D	0.00000	1	0.00000	0
301	S	0.00000	1	0.00000	0
302	A	0.00000	1	0.00000	0
303	S	0.00000	1	0.00000	0
304	R	0.00000	1	0.00000	0
305	L	0.00000	1	0.00000	0
306	V	0.00000	1	0.00000	0
307	P	0.00000	1	0.00000	0
308	E	0.00000	1	0.00000	0
309	V	0.00000	1	0.00000	0
310	M	0.00000	1	0.00000	0
311	L	0.00000	1	0.00000	0
312	S	0.00000	1	0.00000	0
313	G	0.00000	1	0.00000	0
314	E	0.00000	1	0.00000	0
315	R	0.00000	1	0.00000	0
316	L	0.00000	1	0.00000	0
317	T	0.00000	1	0.00000	0
318	S	0.00000	1	0.00000	0
319	G	0.00000	1	0.00000	0
320	F	0.00000	1	0.00000	0
321	G	0.00000	1	0.00000	0
322	Y	0.00000	1	0.00000	0
323	S	0.00000	1	0.00000	0
324	L	0.00000	1	0.00000	0
325	A	0.00000	1	0.00000	0
326	V	0.00000	1	0.00000	0
327	A	0.00000	1	0.00000	0
328	D	0.00000	1	0.00000	0
329	L	0.00000	1	0.00000	0
330	N	0.00000	1	0.00000	0
331	S	0.00000	1	0.00000	0
332	D	0.00000	1	0.00000	0
333	G	0.00000	1	0.00000	0
334	W	0.00000	1	0.00000	0
335	P	0.00000	1	0.00000	0
336	D	0.00000	1	0.00000	0
337	L	0.00000	1	0.00000	0
338	I	0.00000	1	0.00000	0
339	V	0.00000	1	0.00000	0
340	G	0.00000	1	0.00000	0
341	A	0.00000	1	0.00000	0
342	P	0.00000	1	0.00000	0
343	Y	0.00000	1	0.00000	0
344	F	0.00000	1	0.00000	0
345	F	0.00000	1	0.00000	0
346	E	0.00000	1	0.00000	0
347	R	0.00000	1	0.00000	0
348	Q	0.00000	1	0.00000	0
349	E	0.00000	1	0.00000	0
350	E	0.00000	1	0.00000	0
351	L	0.00000	1	0.00000	0
352	G	0.00000	1	0.00000	0
353	G	0.00000	1	0.00000	0
354	A	0.00000	1	0.00000	0
355	V	0.00000	1	0.00000	0
356	Y	0.00000	1	0.00000	0
357	V	0.00000	1	0.00000	0
358	Y	0.00000	1	0.00000	0
359	L	0.00000	1	0.00000	0
360	N	0.00000	1	0.00000	0
361	Q	0.00000	1	0.00000	0
362	G	0.00000	1	0.00000	0
363	G	0.00000	1	0.00000	0
364	H	0.00000	1	0.00000	0
365	W	0.00000	1	0.00000	0
366	A	0.00000	1	0.00000	0
367	G	0.00000	1	0.00000	0
368	I	0.00000	1	0.00000	0
369	S	0.00000	1	0.00000	0
370	P	0.00000	1	0.00000	0
371	L	0.00000	1	0.00000	0
372	R	0.00000	1	0.00000	0
373	L	0.00000	1	0.00000	0
374	C	0.00000	1	0.00000	0
375	G	0.00000	1	0.00000	0
376	S	0.00000	1	0.00000	0
377	P	0.00000	1	0.00000	0
378	D	0.00000	1	0.00000	0
379	S	0.00000	1	0.00000	0
380	M	0.00000	1	0.00000	0
381	F	0.00000	1	0.00000	0
382	G	0.00000	1	0.00000	0
383	I	0.00000	1	0.00000	0
384	S	0.00000	1	0.00000	0
385	L	0.00000	1	0.00000	0
386	A	0.00000	1	0.00000	0
387	V	0.00000	1	0.00000	0
388	L	0.00000	1	0.00000	0
389	G	0.00000	1	0.00000	0
390	D	0.00000	1	0.00000	0
391	L	0.00000	1	0.00000	0
392	N	0.00000	1	0.00000	0
393	Q	0.00000	1	0.00000	0
394	D	0.00000	1	0.00000	0
395	G	0.00000	1	0.00000	0
396	F	0.00000	1	0.00000	0
397	P	0.00000	1	0.00000	0
398	D	0.00000	1	0.00000	0
399	I	0.00000	1	0.00000	0
400	A	0.00000	1	0.00000	0
401	V	0.00000	1	0.00000	0
402	G	0.00000	1	0.00000	0
403	A	0.00000	1	0.00000	0
404	P	0.00000	1	0.00000	0
405	F	0.00000	1	0.00000	0
406	D	0.00000	1	0.00000	0
407	G	0.00000	1	0.00000	0
408	D	0.00000	1	0.00000	0
409	G	0.00000	1	0.00000	0
410	K	0.00000	1	0.00000	0
411	V	0.00000	1	0.00000	0
412	F	0.00000	1	0.00000	0
413	I	0.00000	1	0.00000	0
414	Y	0.00000	1	0.00000	0
415	H	0.00000	1	0.00000	0
416	G	0.00000	1	0.00000	0
417	S	0.00000	1	0.00000	0
418	S	0.00000	1	0.00000	0
419	L	0.00000	1	0.00000	0
420	G	0.00000	1	0.00000	0
421	V	0.00000	1	0.00000	0
422	V	0.00000	1	0.00000	0
423	A	0.00000	1	0.00000	0
424	K	0.00000	1	0.00000	0
425	P	0.00000	1	0.00000	0
426	S	0.00000	1	0.00000	0
427	Q	0.00000	1	0.00000	0
428	V	0.00000	1	0.00000	0
429	L	0.00000	1	0.00000	0
430	E	0.00000	1	0.00000	0
431	G	0.00000	1	0.00000	0
432	E	0.00000	1	0.00000	0
433	A	0.00000	1	0.00000	0
434	V	0.00000	1	0.00000	0
435	G	0.00000	1	0.00000	0
436	I	0.00000	1	0.00000	0
437	K	0.00000	1	0.00000	0
438	S	0.00000	1	0.00000	0
439	F	0.00000	1	0.00000	0
440	G	0.00000	1	0.00000	0
441	Y	0.00000	1	0.00000	0
442	S	0.00000	1	0.00000	0
443	L	0.00000	1	0.00000	0
444	S	0.00000	1	0.00000	0
445	G	0.00000	1	0.00000	0
446	S	0.00000	1	0.00000	0
447	L	0.00000	1	0.00000	0
448	D	0.00000	1	0.00000	0
449	M	0.00000	1	0.00000	0
450	D	0.00000	1	0.00000	0
451	G	0.00000	1	0.00000	0
452	N	0.00000	1	0.00000	0
453	Q	0.00000	1	0.00000	0
454	Y	0.00000	1	0.00000	0
455	P	0.00000	1	0.00000	0
456	D	0.00000	1	0.00000	0
457	L	0.00000	1	0.00000	0
458	L	0.00000	1	0.00000	0
459	V	0.00000	1	0.00000	0
460	G	0.00000	1	0.00000	0
461	S	0.00000	1	0.00000	0
462	L	0.00000	1	0.00000	0
463	A	0.00000	1	0.00000	0
464	D	0.00000	1	0.00000	0
465	T	0.00000	1	0.00000	0
466	A	0.00000	1	0.00000	0
467	V	0.00000	1	0.00000	0
468	L	0.00000	1	0.00000	0
469	F	0.00000	1	0.00000	0
470	R	0.00000	1	0.00000	0
471	A	0.00000	1	0.00000	0
472	R	0.00000	1	0.00000	0
473	P	0.00000	1	0.00000	0
474	I	0.00000	1	0.00000	0
475	L	0.00000	1	0.00000	0
476	H	0.00000	1	0.00000	0
477	V	0.00000	1	0.00000	0
478	S	0.00000	1	0.00000	0
479	H	0.00000	1	0.00000	0
480	E	0.00000	1	0.00000	0
481	V	0.00000	1	0.00000	0
482	S	0.00000	1	0.00000	0
483	I	0.00000	1	0.00000	0
484	A	0.00000	1	0.00000	0
485	P	0.00000	1	0.00000	0
486	R	0.00000	1	0.00000	0
487	S	0.00000	1	0.00000	0
488	I	0.00000	1	0.00000	0
489	D	0.00000	1	0.00000	0
490	L	0.00000	1	0.00000	0
491	E	0.00000	1	0.00000	0
492	Q	0.00000	1	0.00000	0
493	P	0.00000	1	0.00000	0
494	N	0.00000	1	0.00000	0
495	C	0.00000	1	0.00000	0
496	A	0.00000	1	0.00000	0
497	G	0.00000	1	0.00000	0
498	G	0.00000	1	0.00000	0
499	H	0.00000	1	0.00000	0
500	S	0.00000	1	0.00000	0
501	V	0.00000	1	0.00000	0
502	C	0.00000	1	0.00000	0
503	V	0.00000	1	0.00000	0
504	D	0.00000	1	0.00000	0
505	L	0.00000	1	0.00000	0
506	R	0.00000	1	0.00000	0
507	V	0.00000	1	0.00000	0
508	C	0.00000	1	0.00000	0
509	F	0.00000	1	0.00000	0
510	S	0.00000	1	0.00000	0
511	Y	0.00000	1	0.00000	0
512	I	0.00000	1	0.00000	0
513	A	0.00000	1	0.00000	0
514	V	0.00000	1	0.00000	0
515	P	0.00000	1	0.00000	0
516	S	0.00000	1	0.00000	0
517	S	0.00000	1	0.00000	0
518	Y	0.00000	1	0.00000	0
519	S	0.00000	1	0.00000	0
520	P	0.00000	1	0.00000	0
521	T	0.00000	1	0.00000	0
522	V	0.00000	1	0.00000	0
523	A	0.00000	1	0.00000	0
524	L	0.00000	1	0.00000	0
525	D	0.00000	1	0.00000	0
526	Y	0.00000	1	0.00000	0
527	V	0.00000	1	0.00000	0
528	L	0.00000	1	0.00000	0
529	D	0.00000	1	0.00000	0
530	A	0.00000	1	0.00000	0
531	D	0.00000	1	0.00000	0
532	T	0.00000	1	0.00000	0
533	D	0.00000	1	0.00000	0
534	R	0.00000	1	0.00000	0
535	R	0.00000	1	0.00000	0
536	L	0.00000	1	0.00000	0
537	R	0.00000	1	0.00000	0
538	G	0.00000	1	0.00000	0
539	Q	0.00000	1	0.00000	0
540	V	0.00000	1	0.00000	0
541	P	0.00000	1	0.00000	0
542	R	0.00000	1	0.00000	0
543	V	0.00000	1	0.00000	0
544	T	0.00000	1	0.00000	0
545	F	0.00000	1	0.00000	0
546	L	0.00000	1	0.00000	0
547	S	0.00000	1	0.00000	0
548	R	0.00000	1	0.00000	0
549	N	0.00000	1	0.00000	0
550	L	0.00000	1	0.00000	0
551	E	0.00000	1	0.00000	0
552	E	0.00000	1	0.00000	0
553	P	0.00000	1	0.00000	0
554	K	0.00000	1	0.00000	0
555	H	0.00000	1	0.00000	0
556	Q	0.00000	1	0.00000	0
557	A	0.00000	1	0.00000	0
558	S	0.00000	1	0.00000	0
559	G	0.00000	1	0.00000	0
560	T	0.00000	1	0.00000	0
561	V	0.00000	1	0.00000	0
562	W	0.00000	1	0.00000	0
563	L	0.00000	1	0.00000	0
564	K	0.00000	1	0.00000	0
565	H	0.00000	1	0.00000	0
566	Q	0.00000	1	0.00000	0
567	H	0.00000	1	0.00000	0
568	D	0.00000	1	0.00000	0
569	R	0.00000	1	0.00000	0
570	V	0.00000	1	0.00000	0
571	C	0.00000	1	0.00000	0
572	G	0.00000	1	0.00000	0
573	D	0.00000	1	0.00000	0
574	A	0.00000	1	0.00000	0
575	M	0.00000	1	0.00000	0
576	F	0.00000	1	0.00000	0
577	Q	0.00000	1	0.00000	0
578	L	0.00000	1	0.00000	0
579	Q	0.00000	1	0.00000	0
580	E	0.00000	1	0.00000	0
581	N	0.00000	1	0.00000	0
582	V	0.00000	1	0.00000	0
583	K	0.00000	1	0.00000	0
584	D	0.00000	1	0.00000	0
585	K	0.00000	1	0.00000	0
586	L	0.00000	1	0.00000	0
587	R	0.00000	1	0.00000	0
588	A	0.00000	1	0.00000	0
589	I	0.00000	1	0.00000	0
590	V	0.00000	1	0.00000	0
591	V	0.00000	1	0.00000	0
592	T	0.00000	1	0.00000	0
593	L	0.00000	1	0.00000	0
594	S	0.00000	1	0.00000	0
595	Y	0.00000	1	0.00000	0
596	S	0.00000	1	0.00000	0
597	L	0.00000	1	0.00000	0
598	Q	0.00000	1	0.00000	0
599	T	0.00000	1	0.00000	0
600	P	0.00000	1	0.00000	0
601	R	0.00000	1	0.00000	0
602	L	0.00000	1	0.00000	0
603	R	0.00000	1	0.00000	0
604	R	0.00000	1	0.00000	0
605	Q	0.00000	1	0.00000	0
606	A	0.00000	1	0.00000	0
607	P	0.00000	1	0.00000	0
608	G	0.00000	1	0.00000	0
609	Q	0.00000	1	0.00000	0
610	G	0.00000	1	0.00000	0
611	L	0.00000	1	0.00000	0
612	P	0.00000	1	0.00000	0
613	P	0.00000	1	0.00000	0
614	V	0.00000	1	0.00000	0
615	A	0.00000	1	0.00000	0
616	P	0.00000	1	0.00000	0
617	I	0.00000	1	0.00000	0
618	L	0.00000	1	0.00000	0
619	N	0.00000	1	0.00000	0
620	A	0.00000	1	0.00000	0
621	H	0.00000	1	0.00000	0
622	Q	0.00000	1	0.00000	0
623	P	0.00000	1	0.00000	0
624	S	0.00000	1	0.00000	0
625	T	0.00000	1	0.00000	0
626	Q	0.00000	1	0.00000	0
627	R	0.00000	1	0.00000	0
628	A	0.00000	1	0.00000	0
629	E	0.00000	1	0.00000	0
630	I	0.00000	1	0.00000	0
631	H	0.00000	1	0.00000	0
632	F	0.00000	1	0.00000	0
633	L	0.00000	1	0.00000	0
634	K	0.00000	1	0.00000	0
635	Q	0.00000	1	0.00000	0
636	G	0.00000	1	0.00000	0
637	C	0.00000	1	0.00000	0
638	G	0.00000	1	0.00000	0
639	E	0.00000	1	0.00000	0
640	D	0.00000	1	0.00000	0
641	K	0.00000	1	0.00000	0
642	I	0.00000	1	0.00000	0
643	C	0.00000	1	0.00000	0
644	Q	0.00000	1	0.00000	0
645	S	0.00000	1	0.00000	0
646	N	0.00000	1	0.00000	0
647	L	0.00000	1	0.00000	0
648	Q	0.00000	1	0.00000	0
649	L	0.00000	1	0.00000	0
650	V	0.00000	1	0.00000	0
651	R	0.00000	1	0.00000	0
652	A	0.00000	1	0.00000	0
653	R	0.00000	1	0.00000	0
654	F	0.00000	1	0.00000	0
655	C	0.00000	1	0.00000	0
656	T	0.00000	1	0.00000	0
657	R	0.00000	1	0.00000	0
658	V	0.00000	1	0.00000	0
659	S	0.00000	1	0.00000	0
660	D	0.00000	1	0.00000	0
661	T	0.00000	1	0.00000	0
662	E	0.00000	1	0.00000	0
663	F	0.00000	1	0.00000	0
664	Q	0.00000	1	0.00000	0
665	P	0.00000	1	0.00000	0
666	L	0.00000	1	0.00000	0
667	P	0.00000	1	0.00000	0
668	M	0.00000	1	0.00000	0
669	D	0.00000	1	0.00000	0
670	V	0.00000	1	0.00000	0
671	D	0.00000	1	0.00000	0
672	G	0.00000	0.81788	0.18212	0
673	T	0.00000	0.30475	0.69525	0
674	T	0.00000	0.0736	0.92640	0
675	A	0.00000	0.01472	0.98528	0
676	L	0.00000	0.00917	0.99083	0
677	F	0.00000	0.00892	0.99108	0
678	A	0.00000	0.00888	0.99112	0
679	L	0.00000	0.00884	0.99116	0
680	S	0.00000	0.00883	0.99117	0
681	G	0.00000	0.0088	0.99120	0
682	Q	0.00000	0.0088	0.99120	0
683	P	0.00000	0.0088	0.99120	0
684	V	0.00000	0.0088	0.99120	0
685	I	0.00000	0.0088	0.99120	0
686	G	0.00000	0.0088	0.99120	0
687	L	0.00000	0.0088	0.99120	0
688	E	0.00000	0.0088	0.99120	0
689	L	0.00000	0.0088	0.99120	0
690	M	0.00000	0.0088	0.99120	0
691	V	0.00003	0.0088	0.99117	0
692	T	0.00572	0.0088	0.98548	0
693	N	0.01954	0.0088	0.97166	0
694	L	0.07416	0.0088	0.91704	0
695	P	0.90345	0.0088	0.08776	0
696	S	0.96381	0.0088	0.02739	0
697	D	0.98834	0.0088	0.00286	0
698	P	0.98973	0.0088	0.00148	0
699	A	0.99017	0.0088	0.00103	0
700	Q	0.99110	0.0088	0.00010	0
701	P	0.99119	0.0088	0.00002	0
702	Q	0.98771	0.0088	0.00350	0
703	A	0.98600	0.0088	0.00520	0
704	D	0.98586	0.0088	0.00534	0
705	G	0.97811	0.0088	0.01309	0
706	D	0.95204	0.0088	0.03916	0
707	D	0.92866	0.0088	0.06254	0
708	A	0.70476	0.0088	0.28645	0
709	H	0.21908	0.0088	0.77212	0
710	E	0.15343	0.0088	0.83777	0
711	A	0.10379	0.0088	0.88741	0
712	Q	0.04775	0.0088	0.94345	0
713	L	0.00000	0.0088	0.99120	0
714	L	0.00000	0.0088	0.99120	0
715	V	0.00000	0.0088	0.99120	0
716	M	0.00000	0.0088	0.99120	0
717	L	0.00000	0.0088	0.99120	0
718	P	0.00000	0.0088	0.99120	0
719	D	0.00000	0.00881	0.99119	0
720	S	0.00000	0.00899	0.99101	0
721	L	0.00000	0.00941	0.99059	0
722	H	0.00000	0.0139	0.98610	0
723	Y	0.00000	0.01462	0.98538	0
724	S	0.00000	0.01462	0.98538	0
725	G	0.00000	0.01464	0.98536	0
726	V	0.00000	0.01488	0.98512	0
727	R	0.00000	0.01803	0.98197	0
728	A	0.00000	0.02914	0.97086	0
729	L	0.00000	0.05753	0.94247	0
730	D	0.00000	0.76288	0.23712	0
731	P	0.00000	0.79145	0.20855	0
732	A	0.00000	0.84194	0.15806	0
733	E	0.00000	0.92615	0.07385	0
734	K	0.00000	0.93935	0.06065	0
735	P	0.00000	0.94503	0.05497	0
736	L	0.00000	0.99987	0.00013	0
737	C	0.00000	0.99999	0.00001	0
738	L	0.00000	0.99999	0.00001	0
739	S	0.00000	0.99999	0.00001	0
740	N	0.00000	0.99999	0.00001	0
741	E	0.00000	0.99999	0.00001	0
742	N	0.00000	0.99999	0.00001	0
743	A	0.00000	0.99999	0.00001	0
744	S	0.00000	0.99999	0.00001	0
745	H	0.00000	0.99999	0.00001	0
746	V	0.00000	0.99999	0.00001	0
747	E	0.00000	0.99999	0.00001	0
748	C	0.00000	0.99999	0.00001	0
749	E	0.00000	0.99999	0.00001	0
750	L	0.00000	0.99999	0.00001	0
751	G	0.00000	0.99999	0.00001	0
752	N	0.00001	0.99999	0.00000	0
753	P	0.00001	0.99999	0.00000	0
754	M	0.00001	0.99998	0.00001	0
755	K	0.00001	0.99996	0.00003	0
756	R	0.00001	0.9923	0.00769	0
757	G	0.00001	0.98653	0.01345	0
758	A	0.00001	0.95865	0.04134	0
759	Q	0.00001	0.82266	0.17733	0
760	V	0.00001	0.43198	0.56801	0
761	T	0.00001	0.24237	0.75762	0
762	F	0.00000	0.00513	0.99487	0
763	Y	0.00000	0.00055	0.99945	0
764	L	0.00000	8e-05	0.99992	0
765	I	0.00000	1e-05	0.99999	0
766	L	0.00000	1e-05	0.99999	0
767	S	0.00000	0	1.00000	0
768	T	0.00000	0	1.00000	0
769	S	0.00000	0	1.00000	0
770	G	0.00000	0	1.00000	0
771	I	0.00000	0	1.00000	0
772	S	0.00000	0	1.00000	0
773	I	0.00000	0	1.00000	0
774	E	0.00000	0	1.00000	0
775	T	0.00000	0	1.00000	0
776	T	0.00000	0	1.00000	0
777	E	0.00000	0	1.00000	0
778	L	0.00000	0	1.00000	0
779	E	0.00002	0	0.99998	0
780	V	0.00019	0	0.99981	0
781	E	0.00263	0	0.99737	0
782	L	0.21097	0	0.78903	0
783	L	0.46957	0	0.53043	0
784	L	0.98618	0	0.01382	0
785	A	0.99089	1e-05	0.00911	0
786	T	0.99146	1e-05	0.00853	0
787	I	0.99197	1e-05	0.00802	0
788	S	0.99861	1e-05	0.00138	0
789	E	0.99994	1e-05	0.00005	0
790	Q	0.99999	1e-05	0.00000	0
791	E	0.99999	1e-05	0.00000	0
792	L	0.99999	1e-05	0.00000	0
793	H	0.99999	1e-05	0.00000	0
794	P	0.99999	1e-05	0.00000	0
795	V	0.99999	1e-05	0.00000	0
796	S	0.99999	1e-05	0.00000	0
797	A	0.99992	1e-05	0.00007	0
798	R	0.99956	1e-05	0.00043	0
799	A	0.96928	0	0.03072	0
800	R	0.93383	0	0.06617	0
801	V	0.00676	0	0.99324	0
802	F	0.00078	0	0.99922	0
803	I	0.00001	0	0.99999	0
804	E	0.00001	0	0.99999	0
805	L	0.00000	0	1.00000	0
806	P	0.00000	0	1.00000	0
807	L	0.00000	0	1.00000	0
808	S	0.00000	0	1.00000	0
809	I	0.00000	0	1.00000	0
810	A	0.00000	0	1.00000	0
811	G	0.00000	0	1.00000	0
812	M	0.00000	0	1.00000	0
813	A	0.00000	0	1.00000	0
814	I	0.00000	0	1.00000	0
815	P	0.00000	0	1.00000	0
816	Q	0.00000	0	1.00000	0
817	Q	0.00000	1e-05	0.99999	0
818	L	0.00000	1e-05	0.99999	0
819	F	0.00000	0.0005	0.99950	0
820	F	0.00000	0.01459	0.98541	0
821	S	0.00001	0.49184	0.50815	0
822	G	0.00001	0.80352	0.19647	0
823	V	0.00001	0.85559	0.14440	0
824	V	0.00001	0.93291	0.06708	0
825	R	0.00001	0.99912	0.00087	0
826	G	0.00001	0.99992	0.00007	0
827	E	0.00001	0.99999	0.00000	0
828	R	0.00001	0.99999	0.00000	0
829	A	0.00001	0.99999	0.00000	0
830	M	0.00001	0.99999	0.00000	0
831	Q	0.00001	0.99999	0.00000	0
832	S	0.00001	0.99999	0.00000	0
833	E	0.00001	0.99999	0.00000	0
834	R	0.00001	0.99985	0.00014	0
835	D	0.00001	0.99979	0.00020	0
836	V	0.00001	0.99945	0.00054	0
837	G	0.00001	0.99941	0.00058	0
838	S	0.00001	0.99928	0.00071	0
839	K	0.00001	0.99928	0.00071	0
840	V	0.00001	0.99928	0.00071	0
841	K	0.00001	0.99928	0.00071	0
842	Y	0.00000	0.99928	0.00072	0
843	E	0.00000	0.99928	0.00072	0
844	V	0.00000	0.99928	0.00072	0
845	T	0.00000	0.99927	0.00073	0
846	V	0.00000	0.99927	0.00073	0
847	S	0.00000	0.99927	0.00073	0
848	N	0.00000	0.99927	0.00073	0
849	Q	0.00000	0.99922	0.00078	0
850	G	0.00000	0.99367	0.00633	0
851	Q	0.00000	0.99221	0.00779	0
852	S	0.00000	0.9752	0.02480	0
853	L	0.00000	0.95951	0.04049	0
854	R	0.00004	0.95911	0.04085	0
855	T	0.00007	0.95678	0.04315	0
856	L	0.00025	0.95613	0.04362	0
857	G	0.00029	0.95492	0.04479	0
858	S	0.00038	0.95491	0.04471	0
859	A	0.00071	0.9548	0.04449	0
860	F	0.00071	0.95479	0.04450	0
861	L	0.00071	0.95478	0.04451	0
862	N	0.00071	0.95478	0.04451	0
863	I	0.00071	0.95466	0.04463	0
864	M	0.00071	0.95466	0.04463	0
865	W	0.00071	0.95466	0.04463	0
866	P	0.00072	0.95467	0.04462	0
867	H	0.00072	0.95467	0.04462	0
868	E	0.00072	0.95467	0.04462	0
869	I	0.00060	0.95467	0.04474	0
870	A	0.00059	0.95467	0.04475	0
871	N	0.00059	0.95467	0.04475	0
872	G	0.00822	0.95467	0.03711	0
873	K	0.00863	0.95467	0.03670	0
874	W	0.00841	0.95466	0.03693	0
875	L	0.00817	0.95466	0.03717	0
876	L	0.00846	0.95466	0.03689	0
877	Y	0.01072	0.95466	0.03462	0
878	P	0.04379	0.95466	0.00155	0
879	M	0.04402	0.95466	0.00133	0
880	Q	0.04434	0.95466	0.00101	0
881	V	0.04434	0.95466	0.00100	0
882	E	0.04443	0.95466	0.00091	0
883	L	0.04238	0.95466	0.00297	0
884	E	0.04139	0.95466	0.00396	0
885	G	0.04026	0.95466	0.00508	0
886	G	0.04011	0.95466	0.00523	0
887	Q	0.04011	0.95466	0.00524	0
888	G	0.03666	0.95467	0.00867	0
889	P	0.03660	0.95472	0.00868	0
890	G	0.03655	0.95475	0.00870	0
891	Q	0.03655	0.95479	0.00867	0
892	K	0.03655	0.95482	0.00863	0
893	G	0.03655	0.95482	0.00863	0
894	L	0.03655	0.95483	0.00862	0
895	C	0.03655	0.95516	0.00829	0
896	S	0.03655	0.95532	0.00813	0
897	P	0.03656	0.95535	0.00809	0
898	R	0.03656	0.95536	0.00808	0
899	P	0.03656	0.95536	0.00808	0
900	N	0.03656	0.95536	0.00808	0
901	I	0.03656	0.95536	0.00808	0
902	L	0.03656	0.95537	0.00807	0
903	H	0.03656	0.95695	0.00649	0
904	L	0.03656	0.95705	0.00639	0
905	D	0.03656	0.95976	0.00368	0
906	V	0.03656	0.95978	0.00366	0
907	D	0.03656	0.96325	0.00019	0
908	S	0.03656	0.96337	0.00007	0
909	R	0.03656	0.96342	0.00002	0
910	D	0.03656	0.96344	0.00000	0
911	R	0.03656	0.96344	0.00000	0
912	R	0.03656	0.96344	0.00000	0
913	R	0.03656	0.96344	0.00000	0
914	R	0.03656	0.96344	0.00000	0
915	E	0.03656	0.96344	0.00000	0
916	L	0.03656	0.96344	0.00000	0
917	E	0.03656	0.96344	0.00000	0
918	P	0.03656	0.96344	0.00000	0
919	P	0.03656	0.96344	0.00000	0
920	E	0.03656	0.96344	0.00000	0
921	Q	0.03656	0.96344	0.00000	0
922	Q	0.03656	0.96344	0.00000	0
923	E	0.03656	0.96344	0.00000	0
924	P	0.03656	0.96344	0.00000	0
925	G	0.03656	0.96344	0.00000	0
926	E	0.03656	0.96344	0.00000	0
927	R	0.03656	0.96344	0.00000	0
928	Q	0.03656	0.96344	0.00000	0
929	E	0.03656	0.96344	0.00000	0
930	P	0.03656	0.96344	0.00000	0
931	S	0.03656	0.96344	0.00000	0
932	M	0.03656	0.96344	0.00000	0
933	S	0.03656	0.96344	0.00000	0
934	W	0.03656	0.96344	0.00000	0
935	W	0.03656	0.96344	0.00000	0
936	P	0.03656	0.96344	0.00000	0
937	V	0.03656	0.96344	0.00000	0
938	S	0.03656	0.96344	0.00000	0
939	S	0.03656	0.96344	0.00000	0
940	A	0.03656	0.96344	0.00000	0
941	E	0.03656	0.96344	0.00000	0
942	K	0.03655	0.96344	0.00000	0
943	K	0.03655	0.96344	0.00000	0
944	K	0.03587	0.9593	0.00483	0
945	N	0.03587	0.95905	0.00508	0
946	I	0.03587	0.95901	0.00513	0
947	T	0.03587	0.95585	0.00828	0
948	L	0.03586	0.95358	0.01056	0
949	D	0.03586	0.95354	0.01059	0
950	C	0.00986	0.94413	0.04600	0
951	A	0.00930	0.23418	0.75652	0
952	R	0.00796	0.20013	0.79191	0
953	G	0.00734	0.17009	0.82257	0
954	T	0.00689	0.12141	0.87169	0
955	A	0.00688	0.11143	0.88168	0
956	N	0.00684	0.08883	0.90433	0
957	C	0.00657	0.07341	0.92002	0
958	V	0.00657	0.01718	0.97625	0
959	V	0.00657	0.01714	0.97629	0
960	F	0.00657	0.01707	0.97636	0
961	S	0.00657	0.01705	0.97638	0
962	C	0.00657	0.01705	0.97638	0
963	P	0.00657	0.01395	0.97949	0
964	L	0.00657	0.01298	0.98046	0
965	Y	0.00657	0.01298	0.98046	0
966	S	0.00666	0.01299	0.98036	0
967	F	0.00683	0.01299	0.98018	0
968	D	0.01039	0.01369	0.97592	0
969	R	0.01230	0.00811	0.97959	0
970	A	0.01255	0.00194	0.98551	0
971	A	0.01266	0.00161	0.98573	0
972	V	0.01400	0.00176	0.98423	0
973	L	0.05546	0.00254	0.94200	0
974	H	0.51981	0.02824	0.45195	0
975	V	0.52456	0.02859	0.44685	0
976	W	0.54623	0.02917	0.42460	0
977	G	0.77263	0.02966	0.19771	0
978	R	0.86641	0.02993	0.10366	0
979	L	0.87275	0.02996	0.09729	0
980	W	0.87548	0.02997	0.09455	0
981	N	0.93776	0.02999	0.03225	0
982	S	0.94846	0.02999	0.02155	0
983	T	0.95283	0.02999	0.01718	0
984	F	0.95285	0.02999	0.01716	0
985	L	0.95316	0.02999	0.01685	0
986	E	0.95649	0.02999	0.01352	0
987	E	0.95674	0.02999	0.01327	0
988	Y	0.95676	0.02999	0.01325	0
989	S	0.95699	0.02999	0.01301	0
990	A	0.95709	0.02999	0.01292	0
991	V	0.95769	0.02999	0.01231	0
992	K	0.96775	0.03	0.00226	0
993	S	0.96870	0.03	0.00131	0
994	L	0.96875	0.03	0.00125	0
995	E	0.96963	0.03	0.00038	0
996	V	0.96966	0.03	0.00034	0
997	I	0.96977	0.03	0.00023	0
998	V	0.96981	0.03	0.00019	0
999	R	0.97000	0.03	0.00000	0
1000	A	0.97000	0.03	0.00000	0
1001	N	0.97000	0.03	0.00000	0
1002	I	0.96986	0.03	0.00015	0
1003	T	0.96986	0.03	0.00015	0
1004	V	0.96980	0.03	0.00021	0
1005	K	0.96979	0.03	0.00021	0
1006	S	0.96979	0.03	0.00021	0
1007	S	0.96975	0.03	0.00025	0
1008	I	0.96975	0.03	0.00026	0
1009	K	0.96555	0.03	0.00445	0
1010	N	0.00333	0.03	0.96667	0
1011	L	0.00330	0.02999	0.96671	0
1012	M	0.00326	0.02999	0.96675	0
1013	L	0.00326	0.02999	0.96675	0
1014	R	0.00326	0.02999	0.96675	0
1015	D	0.00326	0.02999	0.96675	0
1016	A	0.00003	0.02999	0.96997	0
1017	S	0.00001	0.02999	0.96999	0
1018	T	0.00000	0.02999	0.97000	0
1019	V	0.00000	0.02999	0.97001	0
1020	I	0.00000	0.02999	0.97001	0
1021	P	0.00000	0.02999	0.97001	0
1022	V	0.00000	0.02998	0.97002	0
1023	M	0.00000	0.02998	0.97002	0
1024	V	0.00000	0.02998	0.97002	0
1025	Y	0.00000	0.02999	0.97001	0
1026	L	0.00000	0.03001	0.96999	0
1027	D	0.00000	0.0302	0.96980	0
1028	P	0.00000	0.0302	0.96980	0
1029	M	0.00000	0.03021	0.96979	0
1030	A	0.00000	0.03106	0.96894	0
1031	V	0.00000	0.03371	0.96629	0
1032	V	0.00000	0.04804	0.95196	0
1033	A	0.00000	0.20988	0.79012	0
1034	E	0.00000	0.98646	0.01354	0
1035	G	0.00000	0.99521	0.00478	0
1036	V	0.00000	0.91657	0.08343	0
1037	P	0.00000	0.88081	0.11919	0
1038	W	0.00000	0.3198	0.68020	0
1039	W	0.00000	0.04395	0.95605	0
1040	V	0.00000	0.00711	0.99289	0
1041	I	0.00000	0.00041	0.99959	0
1042	L	0.00000	0	1.00000	0
1043	L	0.00002	0	0.99998	0
1044	A	0.00002	0	0.99998	0
1045	V	0.00002	0	0.99998	0
1046	L	0.00002	0	0.99998	0
1047	A	0.00002	0	0.99998	0
1048	G	0.00002	0	0.99998	0
1049	L	0.00002	0	0.99998	0
1050	L	0.00002	0	0.99998	0
1051	V	0.00002	0	0.99998	0
1052	L	0.00002	0	0.99998	0
1053	A	0.00003	0	0.99997	0
1054	L	0.00005	0	0.99995	0
1055	L	0.00242	0	0.99758	0
1056	V	0.01587	0	0.98413	0
1057	L	0.03157	0	0.96843	0
1058	L	0.06587	0	0.93413	0
1059	L	0.40347	0	0.59653	0
1060	W	0.71597	0	0.28403	0
1061	K	1.00000	0	0.00000	0
1062	M	1.00000	0	0.00000	0
1063	G	1.00000	0	0.00000	0
1064	F	1.00000	0	0.00000	0
1065	F	1.00000	0	0.00000	0
1066	K	1.00000	0	0.00000	0
1067	R	1.00000	0	0.00000	0
1068	A	1.00000	0	0.00000	0
1069	K	1.00000	0	0.00000	0
1070	H	1.00000	0	0.00000	0
1071	P	1.00000	0	0.00000	0
1072	E	1.00000	0	0.00000	0
1073	A	1.00000	0	0.00000	0
1074	T	1.00000	0	0.00000	0
1075	V	1.00000	0	0.00000	0
1076	P	1.00000	0	0.00000	0
1077	Q	1.00000	0	0.00000	0
1078	Y	1.00000	0	0.00000	0
1079	H	1.00000	0	0.00000	0
1080	A	1.00000	0	0.00000	0
1081	V	1.00000	0	0.00000	0
1082	K	1.00000	0	0.00000	0
1083	I	1.00000	0	0.00000	0
1084	P	1.00000	0	0.00000	0
1085	R	1.00000	0	0.00000	0
1086	E	1.00000	0	0.00000	0
1087	D	1.00000	0	0.00000	0
1088	R	1.00000	0	0.00000	0
1089	Q	1.00000	0	0.00000	0
1090	Q	1.00000	0	0.00000	0
1091	F	1.00000	0	0.00000	0
1092	K	1.00000	0	0.00000	0
1093	E	1.00000	0	0.00000	0
1094	E	1.00000	0	0.00000	0
1095	K	1.00000	0	0.00000	0
1096	T	1.00000	0	0.00000	0
1097	G	1.00000	0	0.00000	0
1098	T	1.00000	0	0.00000	0
1099	I	1.00000	0	0.00000	0
1100	L	1.00000	0	0.00000	0
1101	R	1.00000	0	0.00000	0
1102	N	1.00000	0	0.00000	0
1103	N	1.00000	0	0.00000	0
1104	W	1.00000	0	0.00000	0
1105	G	1.00000	0	0.00000	0
1106	S	1.00000	0	0.00000	0
1107	P	1.00000	0	0.00000	0
1108	R	1.00000	0	0.00000	0
1109	R	1.00000	0	0.00000	0
1110	E	1.00000	0	0.00000	0
1111	G	1.00000	0	0.00000	0
1112	P	1.00000	0	0.00000	0
1113	D	1.00000	0	0.00000	0
1114	A	1.00000	0	0.00000	0
1115	H	1.00000	0	0.00000	0
1116	P	1.00000	0	0.00000	0
1117	I	1.00000	0	0.00000	0
1118	L	1.00000	0	0.00000	0
1119	A	1.00000	0	0.00000	0
1120	A	1.00000	0	0.00000	0
1121	D	1.00000	0	0.00000	0
1122	G	1.00000	0	0.00000	0
1123	H	1.00000	0	0.00000	0
1124	P	1.00000	0	0.00000	0
1125	E	1.00000	0	0.00000	0
1126	L	1.00000	0	0.00000	0
1127	G	1.00000	0	0.00000	0
1128	P	1.00000	0	0.00000	0
1129	D	1.00000	0	0.00000	0
1130	G	1.00000	0	0.00000	0
1131	H	1.00000	0	0.00000	0
1132	P	1.00000	0	0.00000	0
1133	G	1.00000	0	0.00000	0
1134	P	1.00000	0	0.00000	0
1135	G	1.00000	0	0.00000	0
1136	T	1.00000	0	0.00000	0
1137	A	1.00000	0	0.00000	0
