# UNNAMED
#pos	aa	i	o	M	S
1	M	0.00000	2e-05	0.00000	0.99998
2	W	0.00000	2e-05	0.00000	0.99998
3	L	0.00000	2e-05	0.00000	0.99998
4	L	0.00000	2e-05	0.00000	0.99998
5	R	0.00000	2e-05	0.00000	0.99998
6	C	0.00000	2e-05	0.00000	0.99998
7	V	0.00000	2e-05	0.00000	0.99999
8	L	0.00000	2e-05	0.00000	0.99998
9	L	0.00000	2e-05	0.00000	0.99999
10	C	0.00000	2e-05	0.00000	0.99999
11	V	0.00000	2e-05	0.00000	0.99999
12	S	0.00000	2e-05	0.00000	0.99998
13	L	0.00000	2e-05	0.00000	0.99998
14	S	0.00000	0.00011	0.00000	0.9999
15	L	0.00000	0.00032	0.00000	0.99968
16	A	0.00000	0.00059	0.00000	0.9994
17	V	0.00000	0.06351	0.00000	0.9365
18	S	0.00000	0.0635	0.00000	0.93649
19	G	0.00000	0.06352	0.00000	0.93649
20	Q	0.00000	0.98342	0.00000	0.01657
21	H	0.00000	1	0.00000	0
22	K	0.00000	1	0.00000	0
23	P	0.00000	1	0.00000	0
24	E	0.00000	1	0.00000	0
25	A	0.00000	1	0.00000	0
26	P	0.00000	1	0.00000	0
27	D	0.00000	1	0.00000	0
28	Y	0.00000	1	0.00000	0
29	S	0.00000	1	0.00000	0
30	S	0.00000	1	0.00000	0
31	V	0.00000	1	0.00000	0
32	L	0.00000	1	0.00000	0
33	H	0.00000	1	0.00000	0
34	C	0.00000	1	0.00000	0
35	G	0.00000	1	0.00000	0
36	P	0.00000	1	0.00000	0
37	W	0.00000	1	0.00000	0
38	S	0.00000	1	0.00000	0
39	F	0.00000	1	0.00000	0
40	Q	0.00000	1	0.00000	0
41	F	0.00000	1	0.00000	0
42	A	0.00000	1	0.00000	0
43	V	0.00000	1	0.00000	0
44	N	0.00000	1	0.00000	0
45	L	0.00000	1	0.00000	0
46	N	0.00000	1	0.00000	0
47	Q	0.00000	1	0.00000	0
48	E	0.00000	1	0.00000	0
49	A	0.00000	1	0.00000	0
50	T	0.00000	1	0.00000	0
51	S	0.00000	1	0.00000	0
52	P	0.00000	1	0.00000	0
53	P	0.00000	1	0.00000	0
54	V	0.00000	1	0.00000	0
55	L	0.00000	1	0.00000	0
56	I	0.00000	1	0.00000	0
57	A	0.00000	1	0.00000	0
58	W	0.00000	1	0.00000	0
59	D	0.00000	1	0.00000	0
60	N	0.00000	1	0.00000	0
61	Q	0.00000	1	0.00000	0
62	G	0.00000	1	0.00000	0
63	L	0.00000	1	0.00000	0
64	L	0.00000	1	0.00000	0
65	H	0.00000	1	0.00000	0
66	E	0.00000	1	0.00000	0
67	L	0.00000	1	0.00000	0
68	Q	0.00000	1	0.00000	0
69	N	0.00000	1	0.00000	0
70	D	0.00000	1	0.00000	0
71	S	0.00000	1	0.00000	0
72	D	0.00000	1	0.00000	0
73	C	0.00000	1	0.00000	0
74	G	0.00000	1	0.00000	0
75	T	0.00000	1	0.00000	0
76	W	0.00000	1	0.00000	0
77	I	0.00000	1	0.00000	0
78	R	0.00000	1	0.00000	0
79	K	0.00000	1	0.00000	0
80	G	0.00000	1	0.00000	0
81	P	0.00000	1	0.00000	0
82	G	0.00000	1	0.00000	0
83	S	0.00000	1	0.00000	0
84	S	0.00000	1	0.00000	0
85	V	0.00000	1	0.00000	0
86	V	0.00000	1	0.00000	0
87	L	0.00000	1	0.00000	0
88	E	0.00000	1	0.00000	0
89	A	0.00000	1	0.00000	0
90	T	0.00000	1	0.00000	0
91	Y	0.00000	1	0.00000	0
92	S	0.00000	1	0.00000	0
93	S	0.00000	1	0.00000	0
94	C	0.00000	1	0.00000	0
95	Y	0.00000	1	0.00000	0
96	V	0.00000	1	0.00000	0
97	T	0.00000	1	0.00000	0
98	E	0.00000	1	0.00000	0
99	W	0.00000	1	0.00000	0
100	D	0.00000	1	0.00000	0
101	S	0.00000	0.99973	0.00027	0
102	H	0.00000	0.99837	0.00163	0
103	Y	0.00000	0.99795	0.00205	0
104	I	0.00000	0.99795	0.00205	0
105	M	0.00000	0.99795	0.00205	0
106	P	0.00000	0.99795	0.00205	0
107	V	0.00000	0.99795	0.00205	0
108	G	0.00000	0.99795	0.00205	0
109	V	0.00000	0.99795	0.00205	0
110	E	0.00000	0.99795	0.00205	0
111	G	0.00000	0.99795	0.00205	0
112	A	0.00000	0.99795	0.00205	0
113	G	0.00000	0.99795	0.00205	0
114	A	0.00000	0.99795	0.00205	0
115	A	0.00000	0.99795	0.00205	0
116	E	0.00000	0.99795	0.00205	0
117	H	0.00000	0.99795	0.00205	0
118	K	0.00000	0.99795	0.00205	0
119	V	0.00000	0.99795	0.00205	0
120	V	0.00001	0.99795	0.00204	0
121	T	0.00041	0.99795	0.00164	0
122	E	0.00205	0.99795	0.00000	0
123	R	0.00205	0.99795	0.00000	0
124	K	0.00205	0.99795	0.00000	0
125	L	0.00205	0.99795	0.00000	0
126	L	0.00205	0.99795	0.00000	0
127	K	0.00205	0.99795	0.00000	0
128	C	0.00205	0.99795	0.00000	0
129	P	0.00205	0.99795	0.00000	0
130	M	0.00010	0.99795	0.00195	0
131	D	0.00003	0.99795	0.00202	0
132	L	0.00000	0.99795	0.00205	0
133	L	0.00000	0.99795	0.00205	0
134	A	0.00000	0.99795	0.00205	0
135	R	0.00000	0.99795	0.00205	0
136	D	0.00000	0.99795	0.00205	0
137	A	0.00000	0.99795	0.00205	0
138	P	0.00000	0.99795	0.00205	0
139	D	0.00000	0.99795	0.00205	0
140	T	0.00000	0.99795	0.00205	0
141	D	0.00000	0.99795	0.00205	0
142	W	0.00000	0.99795	0.00205	0
143	C	0.00000	0.99795	0.00205	0
144	D	0.00000	0.99795	0.00205	0
145	S	0.00000	0.99795	0.00205	0
146	I	0.00000	0.99795	0.00205	0
147	P	0.00000	0.99795	0.00205	0
148	A	0.00000	0.99795	0.00205	0
149	R	0.00000	0.99818	0.00182	0
150	D	0.00000	0.99923	0.00077	0
151	R	0.00000	0.99988	0.00012	0
152	L	0.00000	1	0.00000	0
153	P	0.00000	1	0.00000	0
154	C	0.00000	1	0.00000	0
155	A	0.00000	1	0.00000	0
156	P	0.00000	1	0.00000	0
157	S	0.00000	1	0.00000	0
158	P	0.00000	0.99999	0.00001	0
159	I	0.00000	0.99998	0.00002	0
160	S	0.00000	0.99998	0.00002	0
161	R	0.00000	0.99998	0.00002	0
162	G	0.00000	0.99998	0.00002	0
163	D	0.00000	0.99998	0.00002	0
164	C	0.00000	0.99997	0.00003	0
165	E	0.00000	0.99997	0.00003	0
166	G	0.00000	0.99997	0.00003	0
167	L	0.00000	0.99991	0.00009	0
168	G	0.00000	0.9999	0.00010	0
169	C	0.00000	0.99989	0.00011	0
170	C	0.00000	0.99988	0.00012	0
171	Y	0.00000	0.99986	0.00014	0
172	S	0.00000	0.99986	0.00014	0
173	S	0.00000	0.99986	0.00014	0
174	E	0.00000	0.99986	0.00014	0
175	E	0.00000	0.99985	0.00015	0
176	V	0.00000	0.99313	0.00687	0
177	N	0.00000	0.90672	0.09328	0
178	S	0.00000	0.31832	0.68168	0
179	C	0.00001	0.2533	0.74669	0
180	Y	0.00001	0.01705	0.98294	0
181	Y	0.00002	0.00713	0.99285	0
182	G	0.00002	0.00676	0.99322	0
183	N	0.00003	0.00673	0.99324	0
184	T	0.00003	0.0046	0.99537	0
185	V	0.00003	0.00454	0.99543	0
186	T	0.00004	0.00453	0.99543	0
187	L	0.00004	0.00452	0.99545	0
188	H	0.00004	0.00452	0.99545	0
189	C	0.00004	0.00452	0.99545	0
190	T	0.00006	0.00451	0.99543	0
191	R	0.00010	0.00451	0.99539	0
192	E	0.00011	0.0045	0.99539	0
193	G	0.00010	0.0036	0.99630	0
194	H	0.00010	0.00285	0.99705	0
195	F	0.00011	0.00185	0.99804	0
196	S	0.00324	0.00176	0.99499	0
197	I	0.00347	0.00088	0.99565	0
198	A	0.05963	0.00088	0.93949	0
199	V	0.81210	0.00088	0.18703	0
200	S	0.97395	0.00088	0.02518	0
201	R	0.99182	0.00088	0.00730	0
202	N	0.99360	0.00088	0.00552	0
203	V	0.99375	0.00088	0.00537	0
204	T	0.99474	0.00088	0.00439	0
205	S	0.99511	0.00088	0.00401	0
206	P	0.99544	0.00088	0.00368	0
207	P	0.99544	0.00088	0.00368	0
208	L	0.10320	0.00088	0.89592	0
209	L	0.00457	0.00088	0.99455	0
210	L	0.00331	0.00088	0.99581	0
211	D	0.00327	0.00089	0.99584	0
212	S	0.00327	0.00089	0.99584	0
213	V	0.00324	0.00089	0.99587	0
214	R	0.00337	0.00089	0.99574	0
215	L	0.00146	0.00089	0.99764	0
216	A	0.00137	0.00089	0.99773	0
217	L	0.00141	0.0009	0.99769	0
218	R	0.00377	0.00091	0.99532	0
219	N	0.00376	0.00091	0.99532	0
220	D	0.00362	0.00091	0.99546	0
221	S	0.00358	0.00091	0.99551	0
222	A	0.00355	0.00091	0.99554	0
223	C	0.00355	0.00091	0.99554	0
224	N	0.00355	0.00091	0.99554	0
225	P	0.00355	0.00091	0.99554	0
226	V	0.00321	0.00091	0.99587	0
227	M	0.00315	0.00092	0.99593	0
228	A	0.00310	0.00138	0.99553	0
229	T	0.00298	0.42262	0.57440	0
230	Q	0.00248	0.98963	0.00789	0
231	A	0.00093	0.98986	0.00921	0
232	F	0.00001	0.99003	0.00996	0
233	V	0.00000	0.99029	0.00971	0
234	L	0.00000	0.9911	0.00890	0
235	F	0.00000	0.99316	0.00684	0
236	Q	0.00000	0.99455	0.00545	0
237	F	0.00000	0.99505	0.00495	0
238	P	0.00000	0.99569	0.00431	0
239	F	0.00000	0.99578	0.00422	0
240	T	0.00000	0.99617	0.00383	0
241	S	0.00000	0.99635	0.00365	0
242	C	0.00000	0.99639	0.00361	0
243	G	0.00000	0.99633	0.00367	0
244	T	0.00000	0.9962	0.00380	0
245	T	0.00000	0.99614	0.00386	0
246	R	0.00000	0.99611	0.00389	0
247	Q	0.00000	0.99427	0.00573	0
248	I	0.00000	0.01745	0.98255	0
249	T	0.00000	0.00749	0.99251	0
250	G	0.00000	0.00739	0.99261	0
251	D	0.00000	0.00959	0.99041	0
252	R	0.00000	0.00984	0.99015	0
253	A	0.00000	0.00986	0.99014	0
254	V	0.00000	0.00988	0.99012	0
255	Y	0.00000	0.00994	0.99005	0
256	E	0.00003	0.00995	0.99002	0
257	N	0.00003	0.00995	0.99002	0
258	E	0.00003	0.00995	0.99002	0
259	L	0.00003	0.0098	0.99017	0
260	V	0.00003	0.00722	0.99275	0
261	A	0.00003	0.00708	0.99289	0
262	T	0.00003	0.00708	0.99289	0
263	R	0.00006	0.00708	0.99286	0
264	D	0.00012	0.00708	0.99280	0
265	V	0.00020	0.00708	0.99272	0
266	K	0.00774	0.00708	0.98518	0
267	N	0.13952	0.00708	0.85340	0
268	G	0.98879	0.00708	0.00414	0
269	S	0.99004	0.00708	0.00288	0
270	R	0.99004	0.00708	0.00288	0
271	G	0.99005	0.00708	0.00288	0
272	S	0.99005	0.00708	0.00288	0
273	V	0.99005	0.00708	0.00288	0
274	T	0.99005	0.00708	0.00288	0
275	R	0.99005	0.00708	0.00288	0
276	D	0.99004	0.00707	0.00289	0
277	S	0.99003	0.00624	0.00373	0
278	I	0.98969	0.00308	0.00723	0
279	F	0.98849	0.00071	0.01081	0
280	R	0.99042	0.00062	0.00896	0
281	L	0.94319	0.00051	0.05630	0
282	H	0.91793	0.0005	0.08156	0
283	V	0.34635	0.00018	0.65347	0
284	S	0.29071	0.00016	0.70913	0
285	C	0.00351	0.00014	0.99635	0
286	S	0.00325	0.00013	0.99662	0
287	Y	0.00292	0.00012	0.99696	0
288	S	0.00289	0.00012	0.99699	0
289	V	0.00288	0.00012	0.99700	0
290	S	0.00288	0.00012	0.99700	0
291	S	0.00288	0.00012	0.99700	0
292	N	0.00288	0.00012	0.99700	0
293	S	0.00287	0.00012	0.99701	0
294	L	0.00282	9e-05	0.99709	0
295	P	0.00279	8e-05	0.99712	0
296	I	0.00108	8e-05	0.99884	0
297	N	0.00085	8e-05	0.99907	0
298	V	0.00027	9e-05	0.99964	0
299	Q	0.00020	0.00026	0.99954	0
300	V	0.00001	0.00035	0.99964	0
301	F	0.00231	0.00154	0.99615	0
302	T	0.00387	0.02256	0.97357	0
303	L	0.00526	0.06187	0.93287	0
304	P	0.00678	0.61756	0.37567	0
305	P	0.00694	0.77643	0.21663	0
306	P	0.00695	0.87627	0.11679	0
307	F	0.00695	0.90441	0.08864	0
308	P	0.00695	0.98192	0.01112	0
309	E	0.00695	0.98989	0.00316	0
310	T	0.00695	0.99002	0.00303	0
311	Q	0.00695	0.99004	0.00300	0
312	P	0.00695	0.99005	0.00300	0
313	G	0.00695	0.99005	0.00300	0
314	P	0.00695	0.99006	0.00299	0
315	L	0.00630	0.99006	0.00363	0
316	T	0.00625	0.99025	0.00350	0
317	L	0.00608	0.99038	0.00354	0
318	E	0.00609	0.99191	0.00200	0
319	L	0.00544	0.98996	0.00459	0
320	Q	0.00547	0.99045	0.00408	0
321	I	0.00234	0.99049	0.00717	0
322	A	0.00229	0.9906	0.00710	0
323	K	0.00227	0.99072	0.00701	0
324	D	0.00217	0.99072	0.00711	0
325	K	0.00215	0.99071	0.00715	0
326	N	0.00204	0.98972	0.00823	0
327	Y	0.00146	0.97655	0.02199	0
328	G	0.00146	0.97639	0.02215	0
329	S	0.00145	0.97553	0.02302	0
330	Y	0.00142	0.9692	0.02939	0
331	Y	0.00142	0.9692	0.02939	0
332	G	0.00142	0.96919	0.02939	0
333	V	0.00142	0.9692	0.02939	0
334	G	0.00142	0.96925	0.02933	0
335	D	0.00142	0.96985	0.02873	0
336	Y	0.00142	0.96991	0.02867	0
337	P	0.00142	0.96994	0.02864	0
338	V	0.00093	0.96997	0.02910	0
339	V	0.00052	0.96999	0.02949	0
340	K	0.00056	0.97035	0.02909	0
341	L	0.00057	0.97046	0.02897	0
342	L	0.00059	0.97074	0.02867	0
343	R	0.00262	0.97387	0.02351	0
344	D	0.00272	0.97404	0.02324	0
345	P	0.00278	0.97402	0.02320	0
346	I	0.00278	0.97376	0.02346	0
347	Y	0.00286	0.97393	0.02321	0
348	V	0.01114	0.97438	0.01448	0
349	E	0.01345	0.97442	0.01213	0
350	V	0.01355	0.96669	0.01976	0
351	S	0.02243	0.96599	0.01158	0
352	I	0.02375	0.95978	0.01648	0
353	L	0.02412	0.95977	0.01611	0
354	H	0.02418	0.9598	0.01602	0
355	R	0.02420	0.9598	0.01600	0
356	T	0.02420	0.9598	0.01600	0
357	D	0.02420	0.96041	0.01539	0
358	P	0.02420	0.96019	0.01561	0
359	Y	0.02416	0.95838	0.01746	0
360	L	0.01218	0.90605	0.08177	0
361	G	0.00261	0.87079	0.12660	0
362	L	0.00014	0.71079	0.28908	0
363	L	0.00009	0.70826	0.29165	0
364	L	0.00011	0.70705	0.29284	0
365	Q	0.00013	0.70683	0.29304	0
366	Q	0.00012	0.70035	0.29952	0
367	C	0.00013	0.69561	0.30426	0
368	W	0.00013	0.69162	0.30825	0
369	A	0.00063	0.10271	0.89666	0
370	T	0.00122	0.10161	0.89717	0
371	P	0.00358	0.10161	0.89480	0
372	S	0.00629	0.10149	0.89221	0
373	T	0.00915	0.10148	0.88936	0
374	D	0.01239	0.10137	0.88624	0
375	P	0.01255	0.10058	0.88687	0
376	L	0.01258	0.10023	0.88720	0
377	S	0.01442	0.09984	0.88574	0
378	Q	0.01509	0.09984	0.88506	0
379	P	0.01511	0.09985	0.88504	0
380	Q	0.01511	0.09991	0.88498	0
381	W	0.01509	0.05593	0.92898	0
382	P	0.01483	0.05604	0.92913	0
383	I	0.01304	0.05642	0.93054	0
384	L	0.01320	0.05748	0.92932	0
385	V	0.02796	0.06814	0.90390	0
386	K	0.19508	0.0789	0.72602	0
387	G	0.20025	0.079	0.72075	0
388	C	0.22559	0.079	0.69540	0
389	P	0.26964	0.07901	0.65135	0
390	Y	0.27304	0.079	0.64796	0
391	I	0.36673	0.079	0.55427	0
392	G	0.52246	0.079	0.39854	0
393	D	0.84879	0.079	0.07221	0
394	N	0.85619	0.07894	0.06488	0
395	Y	0.86590	0.07885	0.05525	0
396	Q	0.87286	0.07871	0.04843	0
397	T	0.87300	0.07869	0.04830	0
398	Q	0.87333	0.07866	0.04801	0
399	L	0.87334	0.07027	0.05639	0
400	I	0.87349	0.06796	0.05855	0
401	P	0.87384	0.06739	0.05877	0
402	V	0.83910	0.05619	0.10471	0
403	Q	0.86912	0.05663	0.07424	0
404	K	0.87370	0.05106	0.07524	0
405	A	0.87401	0.04713	0.07885	0
406	L	0.87425	0.04479	0.08096	0
407	D	0.88317	0.0449	0.07193	0
408	L	0.88323	0.04424	0.07254	0
409	P	0.88351	0.04403	0.07246	0
410	F	0.88350	0.04397	0.07252	0
411	P	0.88353	0.04231	0.07416	0
412	S	0.88352	0.04225	0.07422	0
413	H	0.88324	0.04171	0.07505	0
414	H	0.88300	0.04171	0.07530	0
415	Q	0.86351	0.0417	0.09479	0
416	R	0.42165	0.04167	0.53668	0
417	F	0.38942	0.04152	0.56906	0
418	S	0.31002	0.04101	0.64897	0
419	I	0.30871	0.04097	0.65032	0
420	F	0.30809	0.04095	0.65095	0
421	T	0.31121	0.04103	0.64776	0
422	F	0.31375	0.04105	0.64520	0
423	S	0.31576	0.04155	0.64270	0
424	F	0.31921	0.04242	0.63837	0
425	V	0.32477	0.05019	0.62504	0
426	N	0.33658	0.0721	0.59131	0
427	P	0.33905	0.07487	0.58608	0
428	T	0.34142	0.07548	0.58310	0
429	V	0.34320	0.0758	0.58099	0
430	E	0.34481	0.07627	0.57892	0
431	K	0.13482	0.07626	0.78893	0
432	Q	0.12735	0.0762	0.79645	0
433	A	0.12423	0.07617	0.79960	0
434	L	0.10447	0.07621	0.81933	0
435	R	0.10629	0.22972	0.66399	0
436	G	0.10278	0.27717	0.62005	0
437	P	0.10265	0.34673	0.55062	0
438	V	0.09810	0.36983	0.53207	0
439	H	0.09802	0.49936	0.40262	0
440	L	0.07569	0.56694	0.35737	0
441	H	0.07547	0.58199	0.34253	0
442	C	0.06346	0.59373	0.34280	0
443	S	0.03423	0.59621	0.36956	0
444	V	0.03389	0.59727	0.36884	0
445	S	0.03390	0.59741	0.36869	0
446	V	0.03390	0.59745	0.36865	0
447	C	0.03390	0.59746	0.36864	0
448	Q	0.03390	0.59746	0.36864	0
449	P	0.03390	0.59749	0.36861	0
450	A	0.03390	0.59832	0.36778	0
451	E	0.03391	0.63762	0.32847	0
452	T	0.03391	0.6449	0.32118	0
453	P	0.03391	0.74482	0.22127	0
454	S	0.03391	0.77001	0.19608	0
455	C	0.03391	0.80435	0.16174	0
456	V	0.03391	0.80726	0.15883	0
457	V	0.03409	0.81239	0.15353	0
458	T	0.03482	0.82524	0.13994	0
459	C	0.03913	0.83961	0.12126	0
460	P	0.08230	0.84293	0.07478	0
461	D	0.08831	0.86966	0.04202	0
462	L	0.08839	0.86997	0.04164	0
463	S	0.08845	0.8778	0.03375	0
464	R	0.08842	0.89196	0.01962	0
465	R	0.08842	0.90776	0.00381	0
466	R	0.08842	0.91057	0.00101	0
467	N	0.08842	0.91114	0.00044	0
468	F	0.08842	0.9112	0.00037	0
469	D	0.08842	0.91154	0.00004	0
470	N	0.08825	0.91154	0.00021	0
471	S	0.07867	0.91154	0.00979	0
472	S	0.07236	0.91154	0.01611	0
473	Q	0.05036	0.91154	0.03811	0
474	N	0.04849	0.91154	0.03997	0
475	T	0.04232	0.91154	0.04614	0
476	T	0.04199	0.91154	0.04647	0
477	A	0.04189	0.91154	0.04657	0
478	S	0.04072	0.91154	0.04774	0
479	V	0.04063	0.91154	0.04783	0
480	S	0.04063	0.91154	0.04783	0
481	S	0.04063	0.91154	0.04783	0
482	K	0.04063	0.91154	0.04783	0
483	G	0.04063	0.91154	0.04783	0
484	P	0.04060	0.91154	0.04786	0
485	M	0.04060	0.91154	0.04786	0
486	I	0.04060	0.91154	0.04786	0
487	L	0.04060	0.91154	0.04786	0
488	L	0.04060	0.91154	0.04786	0
489	Q	0.04060	0.91157	0.04783	0
490	A	0.04060	0.91171	0.04769	0
491	T	0.04060	0.91517	0.04423	0
492	K	0.04060	0.94728	0.01212	0
493	D	0.04060	0.95486	0.00454	0
494	P	0.04060	0.9555	0.00390	0
495	P	0.04060	0.95665	0.00275	0
496	E	0.04060	0.95791	0.00149	0
497	K	0.04060	0.95807	0.00133	0
498	L	0.04060	0.95808	0.00132	0
499	R	0.04060	0.95842	0.00098	0
500	V	0.04060	0.9585	0.00090	0
501	P	0.04060	0.9591	0.00030	0
502	V	0.04060	0.95921	0.00019	0
503	D	0.04060	0.95938	0.00001	0
504	S	0.04060	0.94188	0.01752	0
505	K	0.04060	0.70519	0.25421	0
506	V	0.04060	0.01268	0.94672	0
507	L	0.04060	0.00168	0.95771	0
508	W	0.04060	2e-05	0.95938	0
509	V	0.04060	0	0.95940	0
510	A	0.04060	0	0.95940	0
511	G	0.04060	0	0.95940	0
512	L	0.04060	0	0.95940	0
513	S	0.04060	0	0.95940	0
514	G	0.04060	0	0.95940	0
515	T	0.04060	0	0.95940	0
516	L	0.04060	0	0.95940	0
517	I	0.04060	0	0.95940	0
518	L	0.04060	0	0.95940	0
519	G	0.04060	0	0.95940	0
520	A	0.04060	0	0.95940	0
521	L	0.04060	0	0.95940	0
522	L	0.04060	0	0.95940	0
523	V	0.04061	0	0.95939	0
524	S	0.04098	0	0.95902	0
525	Y	0.04845	0	0.95155	0
526	L	0.22695	0	0.77305	0
527	A	0.65304	0	0.34696	0
528	V	0.82507	0	0.17493	0
529	K	1.00000	0	0.00000	0
530	K	1.00000	0	0.00000	0
531	Q	1.00000	0	0.00000	0
532	K	1.00000	0	0.00000	0
533	S	1.00000	0	0.00000	0
534	C	1.00000	0	0.00000	0
535	P	1.00000	0	0.00000	0
536	D	1.00000	0	0.00000	0
537	Q	1.00000	0	0.00000	0
538	M	1.00000	0	0.00000	0
539	C	1.00000	0	0.00000	0
540	Q	1.00000	0	0.00000	0
