# UNNAMED
#pos	aa	i	o	M	S
1	M	0.00000	0.2679	0.00000	0.7321
2	W	0.00000	0.2679	0.00000	0.7321
3	T	0.00000	0.2679	0.00000	0.7321
4	V	0.00000	0.2679	0.00000	0.7321
5	Q	0.00000	0.2679	0.00000	0.7321
6	N	0.00000	0.2679	0.00000	0.7321
7	R	0.00000	0.2679	0.00000	0.7321
8	E	0.00000	0.2679	0.00000	0.73209
9	S	0.00000	0.2679	0.00000	0.7321
10	L	0.00000	0.2679	0.00000	0.7321
11	G	0.00000	0.2679	0.00000	0.73209
12	L	0.00000	0.2679	0.00000	0.73209
13	L	0.00000	0.2679	0.00000	0.73209
14	S	0.00000	0.2679	0.00000	0.7321
15	F	0.00000	0.26791	0.00000	0.73209
16	P	0.00000	0.26791	0.00000	0.73208
17	V	0.00000	0.26791	0.00000	0.73209
18	M	0.00000	0.26791	0.00000	0.73208
19	I	0.00000	0.26791	0.00000	0.73209
20	T	0.00000	0.26791	0.00000	0.73209
21	M	0.00000	0.26791	0.00000	0.73209
22	V	0.00000	0.26791	0.00000	0.73208
23	C	0.00000	0.26793	0.00000	0.73208
24	C	0.00000	0.26792	0.00000	0.73208
25	A	0.00000	0.40881	0.00000	0.59119
26	H	0.00000	0.98536	0.00000	0.01464
27	S	0.00000	0.98537	0.00000	0.01463
28	T	0.00000	1	0.00000	0
29	N	0.00000	1	0.00000	0
30	E	0.00000	1	0.00000	0
31	P	0.00000	1	0.00000	0
32	S	0.00000	1	0.00000	0
33	N	0.00000	1	0.00000	0
34	M	0.00000	1	0.00000	0
35	S	0.00000	1	0.00000	0
36	Y	0.00000	1	0.00000	0
37	V	0.00000	1	0.00000	0
38	K	0.00000	1	0.00000	0
39	E	0.00000	1	0.00000	0
40	T	0.00000	1	0.00000	0
41	V	0.00000	1	0.00000	0
42	D	0.00000	1	0.00000	0
43	R	0.00000	1	0.00000	0
44	L	0.00000	1	0.00000	0
45	L	0.00000	1	0.00000	0
46	K	0.00000	1	0.00000	0
47	G	0.00000	1	0.00000	0
48	Y	0.00000	1	0.00000	0
49	D	0.00000	1	0.00000	0
50	I	0.00000	1	0.00000	0
51	R	0.00000	1	0.00000	0
52	L	0.00000	1	0.00000	0
53	R	0.00000	1	0.00000	0
54	P	0.00000	1	0.00000	0
55	D	0.00000	1	0.00000	0
56	F	0.00000	1	0.00000	0
57	G	0.00000	1	0.00000	0
58	G	0.00000	1	0.00000	0
59	P	0.00000	1	0.00000	0
60	P	0.00000	1	0.00000	0
61	V	0.00000	1	0.00000	0
62	D	0.00000	1	0.00000	0
63	V	0.00000	1	0.00000	0
64	G	0.00000	1	0.00000	0
65	M	0.00000	1	0.00000	0
66	R	0.00000	1	0.00000	0
67	I	0.00000	1	0.00000	0
68	D	0.00000	1	0.00000	0
69	V	0.00000	1	0.00000	0
70	A	0.00000	1	0.00000	0
71	S	0.00000	1	0.00000	0
72	I	0.00000	1	0.00000	0
73	D	0.00000	1	0.00000	0
74	M	0.00000	1	0.00000	0
75	V	0.00000	1	0.00000	0
76	S	0.00000	1	0.00000	0
77	E	0.00000	1	0.00000	0
78	V	0.00000	1	0.00000	0
79	N	0.00000	1	0.00000	0
80	M	0.00000	1	0.00000	0
81	D	0.00000	1	0.00000	0
82	Y	0.00000	1	0.00000	0
83	T	0.00000	1	0.00000	0
84	L	0.00000	1	0.00000	0
85	T	0.00000	1	0.00000	0
86	M	0.00000	1	0.00000	0
87	Y	0.00000	1	0.00000	0
88	F	0.00000	1	0.00000	0
89	Q	0.00000	1	0.00000	0
90	Q	0.00000	1	0.00000	0
91	S	0.00000	1	0.00000	0
92	W	0.00000	1	0.00000	0
93	K	0.00000	1	0.00000	0
94	D	0.00000	1	0.00000	0
95	K	0.00000	1	0.00000	0
96	R	0.00000	1	0.00000	0
97	L	0.00000	1	0.00000	0
98	S	0.00000	0.99999	0.00001	0
99	Y	0.00000	0.99998	0.00002	0
100	S	0.00000	0.99998	0.00002	0
101	G	0.00000	0.99998	0.00002	0
102	I	0.00000	0.99998	0.00002	0
103	P	0.00000	0.99998	0.00002	0
104	L	0.00000	0.99998	0.00002	0
105	N	0.00000	0.99998	0.00002	0
106	L	0.00000	0.99998	0.00002	0
107	T	0.00000	0.99998	0.00002	0
108	L	0.00000	0.99998	0.00002	0
109	D	0.00000	0.99998	0.00002	0
110	N	0.00000	0.99998	0.00002	0
111	R	0.00000	0.99998	0.00002	0
112	V	0.00000	0.99998	0.00002	0
113	A	0.00000	0.99998	0.00002	0
114	D	0.00000	0.99998	0.00002	0
115	Q	0.00000	0.78411	0.21589	0
116	L	0.00000	0.7841	0.21590	0
117	W	0.00000	0.78409	0.21591	0
118	V	0.00000	0.78408	0.21592	0
119	P	0.00001	0.78408	0.21591	0
120	D	0.00001	0.78408	0.21591	0
121	T	0.00001	0.78021	0.21978	0
122	Y	0.00001	0.78021	0.21978	0
123	F	0.00001	0.78021	0.21978	0
124	L	0.00001	0.78021	0.21978	0
125	N	0.00002	0.78021	0.21977	0
126	D	0.00002	0.78021	0.21977	0
127	K	0.00002	0.7802	0.21977	0
128	K	0.00002	0.7802	0.21978	0
129	S	0.00002	0.7802	0.21978	0
130	F	0.00001	0.7802	0.21979	0
131	V	0.00001	0.7802	0.21979	0
132	H	0.00004	0.7802	0.21976	0
133	G	0.00057	0.7802	0.21923	0
134	V	0.00086	0.7802	0.21894	0
135	T	0.03482	0.7802	0.18498	0
136	V	0.05819	0.7802	0.16161	0
137	K	0.21537	0.7802	0.00442	0
138	N	0.21575	0.7802	0.00405	0
139	R	0.21604	0.7802	0.00376	0
140	M	0.21611	0.77894	0.00495	0
141	I	0.21648	0.76277	0.02076	0
142	R	0.21976	0.76277	0.01747	0
143	L	0.21976	0.76277	0.01747	0
144	H	0.21977	0.76277	0.01746	0
145	P	0.21977	0.76277	0.01746	0
146	D	0.21940	0.76277	0.01784	0
147	G	0.20510	0.15843	0.63648	0
148	T	0.18239	0.11615	0.70146	0
149	V	0.01058	0.11527	0.87414	0
150	L	0.00136	0.11513	0.88351	0
151	Y	0.00003	0.11509	0.88488	0
152	G	0.00000	0.11508	0.88491	0
153	L	0.00000	0.11508	0.88492	0
154	R	0.00000	0.11508	0.88492	0
155	I	0.00000	0.11508	0.88492	0
156	T	0.00000	0.11508	0.88492	0
157	T	0.00000	0.11508	0.88492	0
158	T	0.00000	0.11508	0.88491	0
159	A	0.00001	0.11508	0.88490	0
160	A	0.00003	0.11509	0.88489	0
161	C	0.00014	0.11509	0.88478	0
162	M	0.00163	0.11509	0.88328	0
163	M	0.00656	0.11509	0.87835	0
164	D	0.01989	0.11509	0.86503	0
165	L	0.03151	0.11509	0.85341	0
166	R	0.58817	0.1151	0.29673	0
167	R	0.65902	0.11912	0.22186	0
168	Y	0.66146	0.12125	0.21729	0
169	P	0.66463	0.12265	0.21272	0
170	L	0.66453	0.1518	0.18367	0
171	D	0.66471	0.32271	0.01258	0
172	E	0.66306	0.33395	0.00299	0
173	Q	0.61003	0.33468	0.05529	0
174	N	0.38803	0.33487	0.27711	0
175	C	0.09199	0.33487	0.57315	0
176	T	0.04370	0.33487	0.62143	0
177	L	0.01205	0.33487	0.65308	0
178	E	0.00562	0.33487	0.65952	0
179	I	0.00135	0.33487	0.66378	0
180	E	0.00082	0.33487	0.66431	0
181	S	0.00031	0.33487	0.66482	0
182	Y	0.00004	0.33486	0.66510	0
183	G	0.00003	0.33486	0.66511	0
184	Y	0.00003	0.33486	0.66511	0
185	T	0.00003	0.33486	0.66511	0
186	T	0.00003	0.33486	0.66511	0
187	D	0.00003	0.33486	0.66511	0
188	D	0.00002	0.33487	0.66511	0
189	I	0.00000	0.31116	0.68884	0
190	E	0.00000	0.31078	0.68922	0
191	F	0.00000	0.3034	0.69660	0
192	Y	0.00000	0.30254	0.69746	0
193	W	0.00000	0.30868	0.69132	0
194	N	0.00000	0.67896	0.32104	0
195	G	0.00000	0.73533	0.26467	0
196	G	0.00000	0.84778	0.15222	0
197	E	0.00000	0.94737	0.05263	0
198	G	0.00000	0.82395	0.17605	0
199	A	0.00000	0.66369	0.33631	0
200	V	0.00000	0.66423	0.33577	0
201	T	0.00000	0.66595	0.33405	0
202	G	0.00000	0.6661	0.33390	0
203	V	0.00000	0.66665	0.33335	0
204	N	0.00001	0.66724	0.33275	0
205	K	0.00001	0.66732	0.33267	0
206	I	0.00001	0.66732	0.33268	0
207	E	0.00009	0.66736	0.33255	0
208	L	0.00017	0.65978	0.34005	0
209	P	0.00106	0.65938	0.33957	0
210	Q	0.00176	0.6565	0.34174	0
211	F	0.00176	0.39041	0.60783	0
212	S	0.00177	0.35857	0.63965	0
213	I	0.00164	0.28411	0.71425	0
214	V	0.00191	0.26913	0.72895	0
215	D	0.01149	0.25967	0.72885	0
216	Y	0.01303	0.25473	0.73224	0
217	K	0.02240	0.2538	0.72379	0
218	M	0.02828	0.24186	0.72986	0
219	V	0.17316	0.2377	0.58914	0
220	S	0.29575	0.2377	0.46655	0
221	K	0.33170	0.2377	0.43060	0
222	K	0.33153	0.2377	0.43077	0
223	V	0.33034	0.2377	0.43197	0
224	E	0.33007	0.2377	0.43224	0
225	F	0.32987	0.23768	0.43245	0
226	T	0.33310	0.23768	0.42922	0
227	T	0.33500	0.23768	0.42732	0
228	G	0.33632	0.23764	0.42604	0
229	A	0.35034	0.23759	0.41208	0
230	Y	0.37952	0.23758	0.38290	0
231	P	0.61426	0.23759	0.14815	0
232	R	0.61247	0.23769	0.14985	0
233	L	0.50441	0.23774	0.25785	0
234	S	0.50365	0.23768	0.25867	0
235	L	0.50234	0.23748	0.26018	0
236	S	0.50203	0.2375	0.26048	0
237	F	0.63080	0.04039	0.32881	0
238	R	0.63112	0.03969	0.32918	0
239	L	0.63444	0.03906	0.32650	0
240	K	0.64101	0.03905	0.31994	0
241	R	0.64129	0.03624	0.32247	0
242	N	0.61562	0.03563	0.34876	0
243	I	0.37305	0.00235	0.62459	0
244	G	0.35315	0.00164	0.64520	0
245	Y	0.22430	0.00141	0.77429	0
246	F	0.17205	0.0014	0.82655	0
247	I	0.14706	0.00145	0.85149	0
248	L	0.14536	0.00178	0.85286	0
249	Q	0.14532	0.00225	0.85243	0
250	T	0.14498	0.00233	0.85269	0
251	Y	0.14484	0.00285	0.85231	0
252	M	0.14471	0.00425	0.85104	0
253	P	0.14410	0.01948	0.83642	0
254	S	0.13008	0.09693	0.77299	0
255	T	0.09483	0.10091	0.80426	0
256	L	0.00727	0.10327	0.88946	0
257	I	0.00084	0.10766	0.89150	0
258	T	0.00053	0.11466	0.88481	0
259	I	0.09622	0.11467	0.78911	0
260	L	0.16927	0.11475	0.71598	0
261	S	0.20088	0.11548	0.68364	0
262	W	0.20304	0.11734	0.67962	0
263	V	0.22050	0.12829	0.65122	0
264	S	0.23617	0.19358	0.57025	0
265	F	0.23789	0.23084	0.53128	0
266	W	0.23789	0.34189	0.42023	0
267	I	0.23789	0.43676	0.32535	0
268	N	0.23789	0.6001	0.16201	0
269	Y	0.23789	0.6107	0.15141	0
270	D	0.23789	0.61723	0.14488	0
271	A	0.23253	0.61013	0.15734	0
272	S	0.22509	0.59017	0.18474	0
273	A	0.11669	0.54511	0.33820	0
274	A	0.04097	0.52475	0.43428	0
275	R	0.03462	0.52813	0.43726	0
276	V	0.00022	0.52738	0.47239	0
277	A	0.00001	0.54228	0.45770	0
278	L	0.00000	0.58432	0.41567	0
279	G	0.00000	0.64331	0.35668	0
280	I	0.00000	0.6471	0.35289	0
281	T	0.00000	0.64723	0.35277	0
282	T	0.00000	0.64724	0.35276	0
283	V	0.00000	0.64724	0.35275	0
284	L	0.00000	0.64724	0.35275	0
285	T	0.00000	0.64725	0.35275	0
286	M	0.00000	0.64725	0.35275	0
287	T	0.00000	0.64725	0.35275	0
288	T	0.00000	0.64725	0.35275	0
289	I	0.00000	0.64725	0.35274	0
290	S	0.00002	0.64781	0.35217	0
291	T	0.00005	0.65112	0.34883	0
292	H	0.00047	0.65968	0.33985	0
293	L	0.00397	0.67667	0.31936	0
294	R	0.00588	0.84791	0.14621	0
295	E	0.00685	0.88096	0.11219	0
296	T	0.09918	0.88467	0.01615	0
297	L	0.11279	0.88509	0.00212	0
298	P	0.11486	0.88514	0.00000	0
299	K	0.11486	0.88514	0.00000	0
300	I	0.11486	0.88514	0.00000	0
301	P	0.11486	0.88514	0.00000	0
302	Y	0.11486	0.8834	0.00174	0
303	V	0.11486	0.8834	0.00174	0
304	K	0.11486	0.8834	0.00174	0
305	A	0.11479	0.88315	0.00206	0
306	I	0.11417	0.87748	0.00835	0
307	D	0.11389	0.86583	0.02028	0
308	I	0.10611	0.02872	0.86517	0
309	Y	0.10045	0.02133	0.87822	0
310	L	0.09195	0.00096	0.90709	0
311	M	0.08372	0.00018	0.91610	0
312	G	0.05481	3e-05	0.94516	0
313	C	0.00020	1e-05	0.99979	0
314	F	0.00000	0	1.00000	0
315	V	0.00000	0	1.00000	0
316	F	0.00000	0	1.00000	0
317	V	0.00000	0	1.00000	0
318	F	0.00000	0	1.00000	0
319	L	0.00000	0	1.00000	0
320	A	0.00000	0	1.00000	0
321	L	0.00000	0	1.00000	0
322	L	0.00000	0	1.00000	0
323	E	0.00000	0	1.00000	0
324	Y	0.00000	0	0.99999	0
325	A	0.00002	0	0.99997	0
326	F	0.00005	2e-05	0.99993	0
327	V	0.00033	0.00036	0.99931	0
328	N	0.00122	0.00535	0.99343	0
329	Y	0.00131	0.00671	0.99198	0
330	I	0.00158	0.0074	0.99103	0
331	F	0.00529	0.00901	0.98570	0
332	F	0.06751	0.01575	0.91674	0
333	G	0.58082	0.08273	0.33645	0
334	K	0.88333	0.11473	0.00194	0
335	G	0.88482	0.11484	0.00034	0
336	P	0.88513	0.11486	0.00001	0
337	Q	0.88514	0.11486	0.00000	0
338	K	0.88514	0.11486	0.00000	0
339	K	0.88514	0.11486	0.00000	0
340	G	0.88514	0.11486	0.00000	0
341	A	0.88514	0.11486	0.00000	0
342	S	0.88514	0.11486	0.00000	0
343	K	0.88514	0.11486	0.00000	0
344	Q	0.88514	0.11486	0.00000	0
345	D	0.88514	0.11486	0.00000	0
346	Q	0.88514	0.11486	0.00000	0
347	S	0.88514	0.11486	0.00000	0
348	A	0.88514	0.11486	0.00000	0
349	N	0.88514	0.11486	0.00000	0
350	E	0.88514	0.11486	0.00000	0
351	K	0.88514	0.11486	0.00000	0
352	N	0.88514	0.11485	0.00001	0
353	K	0.88514	0.11398	0.00088	0
354	L	0.88514	0.11389	0.00097	0
355	E	0.88514	0.11388	0.00098	0
356	M	0.88085	0.11385	0.00531	0
357	N	0.87782	0.11365	0.00854	0
358	K	0.87782	0.11365	0.00854	0
359	V	0.87782	0.11349	0.00870	0
360	Q	0.87782	0.11344	0.00874	0
361	V	0.87782	0.11326	0.00892	0
362	D	0.87782	0.11326	0.00892	0
363	A	0.87781	0.11266	0.00952	0
364	H	0.87781	0.11246	0.00972	0
365	G	0.86001	0.10088	0.03911	0
366	N	0.85355	0.09894	0.04752	0
367	I	0.84866	0.09855	0.05279	0
368	L	0.84632	0.0879	0.06578	0
369	L	0.84632	0.0879	0.06578	0
370	S	0.84632	0.08709	0.06658	0
371	T	0.84632	0.08579	0.06789	0
372	L	0.84632	0.04586	0.10782	0
373	E	0.84634	0.04579	0.10787	0
374	I	0.84635	0.04198	0.11167	0
375	R	0.84685	0.04332	0.10984	0
376	N	0.84714	0.04516	0.10769	0
377	E	0.84736	0.03649	0.11615	0
378	T	0.84740	0.03625	0.11636	0
379	S	0.84751	0.03648	0.11602	0
380	G	0.84765	0.03643	0.11591	0
381	S	0.84766	0.03474	0.11760	0
382	E	0.84767	0.03456	0.11777	0
383	V	0.23723	0.02766	0.73511	0
384	L	0.02555	0.00744	0.96701	0
385	T	0.02570	0.0077	0.96661	0
386	S	0.02600	0.00938	0.96462	0
387	V	0.02676	0.01292	0.96032	0
388	S	0.03824	0.02616	0.93560	0
389	D	0.04846	0.03882	0.91272	0
390	P	0.04928	0.03886	0.91186	0
391	K	0.04921	0.03887	0.91192	0
392	A	0.04924	0.03887	0.91189	0
393	T	0.04931	0.03881	0.91188	0
394	M	0.04945	0.03881	0.91174	0
395	Y	0.04973	0.03881	0.91146	0
396	S	0.09039	0.03882	0.87079	0
397	Y	0.09136	0.03882	0.86982	0
398	D	0.10364	0.03882	0.85753	0
399	S	0.10585	0.03882	0.85533	0
400	A	0.10748	0.03882	0.85370	0
401	S	0.10806	0.03888	0.85306	0
402	I	0.10851	0.0418	0.84969	0
403	Q	0.10963	0.08429	0.80607	0
404	Y	0.10974	0.21005	0.68021	0
405	R	0.12840	0.81734	0.05426	0
406	K	0.13434	0.85884	0.00682	0
407	P	0.13635	0.85984	0.00381	0
408	L	0.13651	0.86021	0.00327	0
409	S	0.13798	0.86102	0.00099	0
410	S	0.13802	0.86165	0.00033	0
411	R	0.13802	0.86176	0.00022	0
412	E	0.13802	0.86178	0.00020	0
413	A	0.13802	0.86179	0.00019	0
414	Y	0.13802	0.86181	0.00017	0
415	G	0.13803	0.86188	0.00009	0
416	R	0.13808	0.86191	0.00000	0
417	A	0.13808	0.86191	0.00000	0
418	L	0.13808	0.86191	0.00000	0
419	D	0.13808	0.86192	0.00000	0
420	R	0.13808	0.86192	0.00000	0
421	H	0.13808	0.86192	0.00000	0
422	G	0.13808	0.86192	0.00000	0
423	V	0.13808	0.86192	0.00000	0
424	P	0.13808	0.86192	0.00000	0
425	S	0.13808	0.86192	0.00000	0
426	K	0.13807	0.86192	0.00001	0
427	G	0.13546	0.86192	0.00263	0
428	R	0.12647	0.86192	0.01162	0
429	I	0.02633	0.86192	0.11176	0
430	R	0.00020	0.86192	0.13788	0
431	R	0.00020	0.86192	0.13789	0
432	R	0.00003	0.86192	0.13805	0
433	A	0.00000	0.86192	0.13808	0
434	S	0.00000	0.86192	0.13808	0
435	Q	0.00000	0.86192	0.13808	0
436	L	0.00000	0.86192	0.13808	0
437	K	0.00000	0.86192	0.13808	0
438	V	0.00000	0.86192	0.13808	0
439	K	0.00000	0.86192	0.13808	0
440	I	0.00000	0.86192	0.13808	0
441	P	0.00000	0.86192	0.13808	0
442	D	0.00000	0.86192	0.13808	0
443	L	0.00000	0.86192	0.13808	0
444	T	0.00000	0.86192	0.13808	0
445	D	0.00000	0.86195	0.13805	0
446	V	0.00000	0.86195	0.13804	0
447	N	0.00000	0.86257	0.13743	0
448	S	0.00000	0.86614	0.13386	0
449	I	0.00000	0.87823	0.12176	0
450	D	0.00000	0.99693	0.00307	0
451	K	0.00000	0.8507	0.14930	0
452	W	0.00000	0.16425	0.83575	0
453	S	0.00000	0.03538	0.96462	0
454	R	0.00000	0.00942	0.99058	0
455	M	0.00000	2e-05	0.99998	0
456	F	0.00000	0	1.00000	0
457	F	0.00000	0	1.00000	0
458	P	0.00000	0	1.00000	0
459	I	0.00000	0	1.00000	0
460	T	0.00000	0	1.00000	0
461	F	0.00000	0	1.00000	0
462	S	0.00000	0	1.00000	0
463	L	0.00000	0	1.00000	0
464	F	0.00000	0	1.00000	0
465	N	0.00000	0	1.00000	0
466	V	0.00000	0	1.00000	0
467	V	0.00000	0	1.00000	0
468	Y	0.00000	0	1.00000	0
469	W	0.00003	0	0.99997	0
470	L	0.00033	0	0.99967	0
471	Y	0.01753	0	0.98247	0
472	Y	0.14294	0	0.85706	0
473	V	0.58574	0	0.41426	0
474	H	1.00000	0	0.00000	0
