# UNNAMED
#pos	aa	i	o	M	S
1	M	0.00000	1	0.00000	0
2	L	0.00000	1	0.00000	0
3	A	0.00000	1	0.00000	0
4	N	0.00000	1	0.00000	0
5	S	0.00000	1	0.00000	0
6	S	0.00000	1	0.00000	0
7	S	0.00000	1	0.00000	0
8	T	0.00000	1	0.00000	0
9	N	0.00000	1	0.00000	0
10	S	0.00000	1	0.00000	0
11	S	0.00000	1	0.00000	0
12	V	0.00000	1	0.00000	0
13	L	0.00000	1	0.00000	0
14	P	0.00000	1	0.00000	0
15	C	0.00000	1	0.00000	0
16	P	0.00000	1	0.00000	0
17	D	0.00000	1	0.00000	0
18	Y	0.00000	1	0.00000	0
19	R	0.00000	1	0.00000	0
20	P	0.00000	1	0.00000	0
21	T	0.00000	0.99992	0.00008	0
22	H	0.00000	0.99984	0.00016	0
23	R	0.00000	0.99962	0.00038	0
24	L	0.00000	0.98654	0.01346	0
25	H	0.00000	0.48629	0.51371	0
26	L	0.00000	0.15932	0.84068	0
27	V	0.00000	0.03767	0.96233	0
28	V	0.00000	0.00402	0.99598	0
29	Y	0.00000	0.0003	0.99970	0
30	S	0.00000	7e-05	0.99993	0
31	L	0.00000	0	1.00000	0
32	V	0.00000	0	1.00000	0
33	L	0.00000	0	1.00000	0
34	A	0.00000	0	1.00000	0
35	A	0.00000	0	1.00000	0
36	G	0.00000	0	1.00000	0
37	L	0.00000	0	1.00000	0
38	P	0.00000	0	1.00000	0
39	L	0.00000	0	1.00000	0
40	N	0.00000	0	1.00000	0
41	A	0.00000	0	1.00000	0
42	L	0.00000	0	1.00000	0
43	A	0.00000	0	1.00000	0
44	L	0.00000	0	1.00000	0
45	W	0.00003	0	0.99997	0
46	V	0.00104	0	0.99896	0
47	F	0.01286	0	0.98714	0
48	L	0.16613	0	0.83387	0
49	R	0.96772	0	0.03228	0
50	A	0.99883	0	0.00117	0
51	L	0.99935	0	0.00065	0
52	R	0.99999	0	0.00001	0
53	V	0.99998	0	0.00002	0
54	H	0.99995	0	0.00005	0
55	S	0.99991	0	0.00009	0
56	V	0.99600	0	0.00400	0
57	V	0.97520	0	0.02480	0
58	S	0.95651	0	0.04349	0
59	V	0.40669	0	0.59331	0
60	Y	0.00677	0	0.99323	0
61	M	0.00005	0	0.99995	0
62	C	0.00000	0	1.00000	0
63	N	0.00000	0	1.00000	0
64	L	0.00000	0	1.00000	0
65	A	0.00000	0	1.00000	0
66	A	0.00000	0	1.00000	0
67	S	0.00000	0	1.00000	0
68	D	0.00000	0	1.00000	0
69	L	0.00000	0	1.00000	0
70	L	0.00000	0	1.00000	0
71	F	0.00000	0	1.00000	0
72	T	0.00000	0	1.00000	0
73	L	0.00000	0	1.00000	0
74	S	0.00000	0	1.00000	0
75	L	0.00000	1e-05	0.99999	0
76	P	0.00000	0.00016	0.99984	0
77	V	0.00000	0.00111	0.99889	0
78	R	0.00000	0.02204	0.97796	0
79	L	0.00000	0.04395	0.95605	0
80	S	0.00000	0.70654	0.29346	0
81	Y	0.00000	0.9998	0.00020	0
82	Y	0.00000	0.9999	0.00010	0
83	A	0.00000	0.99993	0.00007	0
84	L	0.00000	0.99995	0.00005	0
85	H	0.00000	1	0.00000	0
86	H	0.00000	1	0.00000	0
87	W	0.00000	1	0.00000	0
88	P	0.00000	1	0.00000	0
89	F	0.00000	1	0.00000	0
90	P	0.00000	1	0.00000	0
91	D	0.00000	0.99999	0.00001	0
92	L	0.00000	0.9999	0.00010	0
93	L	0.00000	0.99986	0.00014	0
94	C	0.00000	0.99982	0.00018	0
95	Q	0.00000	0.99934	0.00066	0
96	T	0.00000	0.99377	0.00623	0
97	T	0.00000	0.95901	0.04099	0
98	G	0.00000	0.35408	0.64592	0
99	A	0.00000	0.00313	0.99687	0
100	I	0.00000	0.00012	0.99988	0
101	F	0.00000	1e-05	0.99999	0
102	Q	0.00000	0	1.00000	0
103	M	0.00000	0	1.00000	0
104	N	0.00000	0	1.00000	0
105	M	0.00000	0	1.00000	0
106	Y	0.00000	0	1.00000	0
107	G	0.00000	0	1.00000	0
108	S	0.00000	0	1.00000	0
109	C	0.00000	0	1.00000	0
110	I	0.00000	0	1.00000	0
111	F	0.00000	0	1.00000	0
112	L	0.00000	0	1.00000	0
113	M	0.00000	0	1.00000	0
114	L	0.00000	0	1.00000	0
115	I	0.00000	0	1.00000	0
116	N	0.00000	0	1.00000	0
117	V	0.00000	0	1.00000	0
118	D	0.00001	0	0.99999	0
119	R	0.03869	0	0.96131	0
120	Y	0.59246	0	0.40754	0
121	A	0.97284	0	0.02716	0
122	A	0.99642	0	0.00358	0
123	I	1.00000	0	0.00000	0
124	V	1.00000	0	0.00000	0
125	H	1.00000	0	0.00000	0
126	P	1.00000	0	0.00000	0
127	L	1.00000	0	0.00000	0
128	R	1.00000	0	0.00000	0
129	L	1.00000	0	0.00000	0
130	R	1.00000	0	0.00000	0
131	H	1.00000	0	0.00000	0
132	L	1.00000	0	0.00000	0
133	R	1.00000	0	0.00000	0
134	R	1.00000	0	0.00000	0
135	P	0.99804	0	0.00196	0
136	R	0.96557	0	0.03443	0
137	V	0.12325	0	0.87675	0
138	A	0.01991	0	0.98009	0
139	R	0.01171	0	0.98829	0
140	L	0.00059	0	0.99941	0
141	L	0.00000	0	1.00000	0
142	C	0.00000	0	1.00000	0
143	L	0.00000	0	1.00000	0
144	G	0.00000	0	1.00000	0
145	V	0.00000	0	1.00000	0
146	W	0.00000	0	1.00000	0
147	A	0.00000	0	1.00000	0
148	L	0.00000	0	1.00000	0
149	I	0.00000	0	1.00000	0
150	L	0.00000	0	1.00000	0
151	V	0.00000	0	1.00000	0
152	F	0.00000	0	1.00000	0
153	A	0.00000	0	1.00000	0
154	V	0.00000	1e-05	0.99999	0
155	P	0.00000	0.00059	0.99941	0
156	A	0.00000	0.0047	0.99530	0
157	A	0.00000	0.12077	0.87923	0
158	R	0.00000	0.87353	0.12647	0
159	V	0.00000	0.90551	0.09449	0
160	H	0.00000	0.97243	0.02757	0
161	R	0.00000	0.99945	0.00055	0
162	P	0.00000	0.99995	0.00005	0
163	S	0.00000	1	0.00000	0
164	R	0.00000	1	0.00000	0
165	C	0.00000	1	0.00000	0
166	R	0.00000	1	0.00000	0
167	Y	0.00000	1	0.00000	0
168	R	0.00000	1	0.00000	0
169	D	0.00000	1	0.00000	0
170	L	0.00000	1	0.00000	0
171	E	0.00000	1	0.00000	0
172	V	0.00000	1	0.00000	0
173	R	0.00000	1	0.00000	0
174	L	0.00000	1	0.00000	0
175	C	0.00000	1	0.00000	0
176	F	0.00000	1	0.00000	0
177	E	0.00000	1	0.00000	0
178	S	0.00000	1	0.00000	0
179	F	0.00000	1	0.00000	0
180	S	0.00000	1	0.00000	0
181	D	0.00000	1	0.00000	0
182	E	0.00000	0.99998	0.00002	0
183	L	0.00000	0.99997	0.00003	0
184	W	0.00000	0.99996	0.00004	0
185	K	0.00000	0.99912	0.00088	0
186	G	0.00000	0.99873	0.00127	0
187	R	0.00000	0.99335	0.00665	0
188	L	0.00000	0.9878	0.01220	0
189	L	0.00000	0.98729	0.01271	0
190	P	0.00000	0.98655	0.01345	0
191	L	0.00000	0.00617	0.99383	0
192	V	0.00000	0.00302	0.99698	0
193	L	0.00000	0.00268	0.99732	0
194	L	0.00000	2e-05	0.99998	0
195	A	0.00000	1e-05	0.99999	0
196	E	0.00000	1e-05	0.99999	0
197	A	0.00000	1e-05	0.99999	0
198	L	0.00000	0	1.00000	0
199	G	0.00000	0	1.00000	0
200	F	0.00000	0	1.00000	0
201	L	0.00000	0	1.00000	0
202	L	0.00000	0	1.00000	0
203	P	0.00000	0	1.00000	0
204	L	0.00000	0	1.00000	0
205	A	0.00000	0	1.00000	0
206	A	0.00000	0	1.00000	0
207	V	0.00000	0	1.00000	0
208	V	0.00000	0	1.00000	0
209	Y	0.00039	0	0.99961	0
210	S	0.00814	0	0.99186	0
211	S	0.01166	0	0.98834	0
212	G	0.01477	0	0.98523	0
213	R	0.02372	0	0.97628	0
214	V	0.02502	0	0.97498	0
215	F	0.02671	0	0.97329	0
216	W	0.06197	0	0.93803	0
217	T	0.78073	0	0.21927	0
218	L	0.99553	0	0.00447	0
219	A	0.99928	0	0.00072	0
220	R	0.99999	0	0.00001	0
221	P	1.00000	0	0.00000	0
222	D	1.00000	0	0.00000	0
223	A	1.00000	0	0.00000	0
224	T	1.00000	0	0.00000	0
225	Q	1.00000	0	0.00000	0
226	S	1.00000	0	0.00000	0
227	Q	1.00000	0	0.00000	0
228	R	1.00000	0	0.00000	0
229	R	0.99986	0	0.00014	0
230	R	0.99974	0	0.00026	0
231	K	0.99841	0	0.00159	0
232	T	0.99082	0	0.00918	0
233	V	0.16903	0	0.83097	0
234	R	0.15464	0	0.84536	0
235	L	0.14764	0	0.85236	0
236	L	0.00842	0	0.99158	0
237	L	0.00689	0	0.99311	0
238	A	0.00650	0	0.99350	0
239	N	0.00648	0	0.99352	0
240	L	0.00539	0	0.99461	0
241	V	0.00001	0	0.99999	0
242	I	0.00000	0	1.00000	0
243	F	0.00000	0	1.00000	0
244	L	0.00000	0	1.00000	0
245	L	0.00000	0	1.00000	0
246	C	0.00000	0	1.00000	0
247	F	0.00000	0	1.00000	0
248	V	0.00000	0	1.00000	0
249	P	0.00000	0	1.00000	0
250	Y	0.00000	1e-05	0.99999	0
251	N	0.00000	2e-05	0.99998	0
252	S	0.00000	0.00016	0.99984	0
253	T	0.00000	0.00076	0.99924	0
254	L	0.00000	0.00257	0.99743	0
255	A	0.00000	0.04534	0.95466	0
256	V	0.00000	0.09551	0.90449	0
257	Y	0.00000	0.23232	0.76768	0
258	G	0.00000	0.44283	0.55717	0
259	L	0.00000	0.49816	0.50184	0
260	L	0.00000	0.66562	0.33438	0
261	R	0.00000	0.9858	0.01420	0
262	S	0.00000	0.99839	0.00161	0
263	K	0.00000	0.99962	0.00038	0
264	L	0.00000	0.99965	0.00035	0
265	V	0.00000	0.99975	0.00025	0
266	A	0.00000	0.99995	0.00005	0
267	A	0.00000	0.99996	0.00004	0
268	S	0.00000	0.99999	0.00001	0
269	V	0.00000	0.99999	0.00001	0
270	P	0.00000	1	0.00000	0
271	A	0.00000	1	0.00000	0
272	R	0.00000	1	0.00000	0
273	D	0.00000	0.99999	0.00001	0
274	R	0.00000	0.99983	0.00017	0
275	V	0.00000	0.9984	0.00160	0
276	R	0.00000	0.99652	0.00348	0
277	G	0.00000	0.97892	0.02108	0
278	V	0.00000	0.32529	0.67471	0
279	L	0.00000	0.04833	0.95167	0
280	M	0.00000	0.00293	0.99707	0
281	V	0.00000	0.00011	0.99989	0
282	M	0.00000	0	1.00000	0
283	V	0.00000	0	1.00000	0
284	L	0.00000	0	1.00000	0
285	L	0.00000	0	1.00000	0
286	A	0.00000	0	1.00000	0
287	G	0.00000	0	1.00000	0
288	A	0.00000	0	1.00000	0
289	N	0.00000	0	1.00000	0
290	C	0.00000	0	1.00000	0
291	V	0.00000	0	1.00000	0
292	L	0.00000	0	1.00000	0
293	D	0.00000	0	1.00000	0
294	P	0.00000	0	1.00000	0
295	L	0.00006	0	0.99994	0
296	V	0.00022	0	0.99978	0
297	Y	0.00237	0	0.99763	0
298	Y	0.01409	0	0.98591	0
299	F	0.19467	0	0.80533	0
300	S	0.80919	0	0.19081	0
301	A	0.94201	0	0.05799	0
302	E	1.00000	0	0.00000	0
303	G	1.00000	0	0.00000	0
304	F	1.00000	0	0.00000	0
305	R	1.00000	0	0.00000	0
306	N	1.00000	0	0.00000	0
307	T	1.00000	0	0.00000	0
308	L	1.00000	0	0.00000	0
309	R	1.00000	0	0.00000	0
310	G	1.00000	0	0.00000	0
311	L	1.00000	0	0.00000	0
312	G	1.00000	0	0.00000	0
313	T	1.00000	0	0.00000	0
314	P	1.00000	0	0.00000	0
315	H	1.00000	0	0.00000	0
316	R	1.00000	0	0.00000	0
317	A	1.00000	0	0.00000	0
318	R	1.00000	0	0.00000	0
319	T	1.00000	0	0.00000	0
320	S	1.00000	0	0.00000	0
321	A	1.00000	0	0.00000	0
322	T	1.00000	0	0.00000	0
323	N	1.00000	0	0.00000	0
324	G	1.00000	0	0.00000	0
325	T	1.00000	0	0.00000	0
326	R	1.00000	0	0.00000	0
327	A	1.00000	0	0.00000	0
328	A	1.00000	0	0.00000	0
329	L	1.00000	0	0.00000	0
330	A	1.00000	0	0.00000	0
331	Q	1.00000	0	0.00000	0
332	S	1.00000	0	0.00000	0
333	E	1.00000	0	0.00000	0
334	R	1.00000	0	0.00000	0
335	S	1.00000	0	0.00000	0
336	A	1.00000	0	0.00000	0
337	V	1.00000	0	0.00000	0
338	T	1.00000	0	0.00000	0
339	T	1.00000	0	0.00000	0
340	D	1.00000	0	0.00000	0
341	A	1.00000	0	0.00000	0
342	T	1.00000	0	0.00000	0
343	R	1.00000	0	0.00000	0
344	P	1.00000	0	0.00000	0
345	D	1.00000	0	0.00000	0
346	A	1.00000	0	0.00000	0
347	A	1.00000	0	0.00000	0
348	S	1.00000	0	0.00000	0
349	Q	1.00000	0	0.00000	0
350	G	1.00000	0	0.00000	0
351	L	1.00000	0	0.00000	0
352	L	1.00000	0	0.00000	0
353	R	1.00000	0	0.00000	0
354	P	1.00000	0	0.00000	0
355	S	1.00000	0	0.00000	0
356	D	1.00000	0	0.00000	0
357	S	1.00000	0	0.00000	0
358	H	1.00000	0	0.00000	0
359	S	1.00000	0	0.00000	0
360	L	1.00000	0	0.00000	0
361	S	1.00000	0	0.00000	0
362	S	1.00000	0	0.00000	0
363	F	1.00000	0	0.00000	0
364	T	1.00000	0	0.00000	0
365	Q	1.00000	0	0.00000	0
366	C	1.00000	0	0.00000	0
367	P	1.00000	0	0.00000	0
368	Q	1.00000	0	0.00000	0
369	D	1.00000	0	0.00000	0
370	S	1.00000	0	0.00000	0
371	A	1.00000	0	0.00000	0
372	L	1.00000	0	0.00000	0
