# UNNAMED
#pos	aa	i	o	M	S
1	M	0.00000	1e-05	0.00000	0.99999
2	G	0.00000	1e-05	0.00000	0.99999
3	S	0.00000	1e-05	0.00000	0.99999
4	L	0.00000	1e-05	0.00000	0.99999
5	L	0.00000	1e-05	0.00000	0.99999
6	A	0.00000	1e-05	0.00000	0.99999
7	L	0.00000	1e-05	0.00000	1
8	L	0.00000	1e-05	0.00000	0.99999
9	A	0.00000	1e-05	0.00000	0.99999
10	L	0.00000	1e-05	0.00000	1
11	L	0.00000	1e-05	0.00000	0.99999
12	L	0.00000	1e-05	0.00000	1
13	L	0.00000	1e-05	0.00000	0.99999
14	W	0.00000	3e-05	0.00000	0.99997
15	G	0.00000	3e-05	0.00000	0.99997
16	A	0.00000	0.00621	0.00000	0.9938
17	V	0.00000	0.00625	0.00000	0.99374
18	A	0.00000	0.00626	0.00000	0.99374
19	E	0.00000	0.00631	0.00000	0.99369
20	G	0.00000	0.6213	0.00000	0.3787
21	P	0.00000	0.62267	0.00000	0.37733
22	A	0.00000	0.62267	0.00000	0.37733
23	K	0.00000	0.99814	0.00000	0.00186
24	K	0.00000	0.99814	0.00000	0.00186
25	V	0.00000	0.9983	0.00000	0.0017
26	L	0.00000	0.9983	0.00000	0.0017
27	T	0.00000	0.9983	0.00000	0.0017
28	L	0.00000	0.99994	0.00000	6e-05
29	E	0.00000	1	0.00000	0
30	G	0.00000	1	0.00000	0
31	D	0.00000	1	0.00000	0
32	L	0.00000	1	0.00000	0
33	V	0.00000	1	0.00000	0
34	L	0.00000	1	0.00000	0
35	G	0.00000	1	0.00000	0
36	G	0.00000	1	0.00000	0
37	L	0.00000	1	0.00000	0
38	F	0.00000	1	0.00000	0
39	P	0.00000	1	0.00000	0
40	V	0.00000	1	0.00000	0
41	H	0.00000	1	0.00000	0
42	Q	0.00000	1	0.00000	0
43	K	0.00000	1	0.00000	0
44	G	0.00000	1	0.00000	0
45	G	0.00000	1	0.00000	0
46	P	0.00000	1	0.00000	0
47	A	0.00000	1	0.00000	0
48	E	0.00000	1	0.00000	0
49	D	0.00000	1	0.00000	0
50	C	0.00000	1	0.00000	0
51	G	0.00000	1	0.00000	0
52	P	0.00000	1	0.00000	0
53	V	0.00000	1	0.00000	0
54	N	0.00000	1	0.00000	0
55	E	0.00000	1	0.00000	0
56	H	0.00000	1	0.00000	0
57	R	0.00000	1	0.00000	0
58	G	0.00000	1	0.00000	0
59	I	0.00000	1	0.00000	0
60	Q	0.00000	1	0.00000	0
61	R	0.00000	1	0.00000	0
62	L	0.00000	1	0.00000	0
63	E	0.00000	1	0.00000	0
64	A	0.00000	1	0.00000	0
65	M	0.00000	1	0.00000	0
66	L	0.00000	1	0.00000	0
67	F	0.00000	1	0.00000	0
68	A	0.00000	1	0.00000	0
69	L	0.00000	1	0.00000	0
70	D	0.00000	1	0.00000	0
71	R	0.00000	1	0.00000	0
72	I	0.00000	1	0.00000	0
73	N	0.00000	1	0.00000	0
74	R	0.00000	1	0.00000	0
75	D	0.00000	1	0.00000	0
76	P	0.00000	1	0.00000	0
77	H	0.00000	1	0.00000	0
78	L	0.00000	1	0.00000	0
79	L	0.00000	1	0.00000	0
80	P	0.00000	1	0.00000	0
81	G	0.00000	1	0.00000	0
82	V	0.00000	1	0.00000	0
83	R	0.00000	1	0.00000	0
84	L	0.00000	1	0.00000	0
85	G	0.00000	1	0.00000	0
86	A	0.00000	1	0.00000	0
87	H	0.00000	1	0.00000	0
88	I	0.00000	1	0.00000	0
89	L	0.00000	1	0.00000	0
90	D	0.00000	1	0.00000	0
91	S	0.00000	1	0.00000	0
92	C	0.00000	1	0.00000	0
93	S	0.00000	1	0.00000	0
94	K	0.00000	1	0.00000	0
95	D	0.00000	1	0.00000	0
96	T	0.00000	1	0.00000	0
97	H	0.00000	1	0.00000	0
98	A	0.00000	1	0.00000	0
99	L	0.00000	1	0.00000	0
100	E	0.00000	1	0.00000	0
101	Q	0.00000	1	0.00000	0
102	A	0.00000	1	0.00000	0
103	L	0.00000	1	0.00000	0
104	D	0.00000	1	0.00000	0
105	F	0.00000	1	0.00000	0
106	V	0.00000	1	0.00000	0
107	R	0.00000	1	0.00000	0
108	A	0.00000	1	0.00000	0
109	S	0.00000	1	0.00000	0
110	L	0.00000	1	0.00000	0
111	S	0.00000	1	0.00000	0
112	R	0.00000	1	0.00000	0
113	G	0.00000	1	0.00000	0
114	A	0.00000	1	0.00000	0
115	D	0.00000	1	0.00000	0
116	G	0.00000	1	0.00000	0
117	S	0.00000	1	0.00000	0
118	R	0.00000	1	0.00000	0
119	H	0.00000	1	0.00000	0
120	I	0.00000	1	0.00000	0
121	C	0.00000	1	0.00000	0
122	P	0.00000	1	0.00000	0
123	D	0.00000	1	0.00000	0
124	G	0.00000	1	0.00000	0
125	S	0.00000	1	0.00000	0
126	Y	0.00000	1	0.00000	0
127	A	0.00000	1	0.00000	0
128	T	0.00000	1	0.00000	0
129	H	0.00000	1	0.00000	0
130	G	0.00000	1	0.00000	0
131	D	0.00000	1	0.00000	0
132	A	0.00000	1	0.00000	0
133	P	0.00000	1	0.00000	0
134	T	0.00000	1	0.00000	0
135	A	0.00000	1	0.00000	0
136	I	0.00000	1	0.00000	0
137	T	0.00000	1	0.00000	0
138	G	0.00000	1	0.00000	0
139	V	0.00000	1	0.00000	0
140	I	0.00000	1	0.00000	0
141	G	0.00000	1	0.00000	0
142	G	0.00000	1	0.00000	0
143	S	0.00000	1	0.00000	0
144	Y	0.00000	1	0.00000	0
145	S	0.00000	1	0.00000	0
146	D	0.00000	1	0.00000	0
147	V	0.00000	1	0.00000	0
148	S	0.00000	1	0.00000	0
149	I	0.00000	1	0.00000	0
150	Q	0.00000	1	0.00000	0
151	V	0.00000	1	0.00000	0
152	A	0.00000	1	0.00000	0
153	N	0.00000	1	0.00000	0
154	L	0.00000	1	0.00000	0
155	L	0.00000	1	0.00000	0
156	R	0.00000	1	0.00000	0
157	L	0.00000	1	0.00000	0
158	F	0.00000	1	0.00000	0
159	Q	0.00000	1	0.00000	0
160	I	0.00000	1	0.00000	0
161	P	0.00000	1	0.00000	0
162	Q	0.00000	1	0.00000	0
163	I	0.00000	1	0.00000	0
164	S	0.00000	1	0.00000	0
165	Y	0.00000	1	0.00000	0
166	A	0.00000	1	0.00000	0
167	S	0.00000	1	0.00000	0
168	T	0.00000	1	0.00000	0
169	S	0.00000	1	0.00000	0
170	A	0.00000	1	0.00000	0
171	K	0.00000	1	0.00000	0
172	L	0.00000	1	0.00000	0
173	S	0.00000	1	0.00000	0
174	D	0.00000	1	0.00000	0
175	K	0.00000	1	0.00000	0
176	S	0.00000	1	0.00000	0
177	R	0.00000	1	0.00000	0
178	Y	0.00000	1	0.00000	0
179	D	0.00000	1	0.00000	0
180	Y	0.00000	1	0.00000	0
181	F	0.00000	1	0.00000	0
182	A	0.00000	1	0.00000	0
183	R	0.00000	1	0.00000	0
184	T	0.00000	1	0.00000	0
185	V	0.00000	1	0.00000	0
186	P	0.00000	1	0.00000	0
187	P	0.00000	1	0.00000	0
188	D	0.00000	1	0.00000	0
189	F	0.00000	1	0.00000	0
190	F	0.00000	1	0.00000	0
191	Q	0.00000	1	0.00000	0
192	A	0.00000	1	0.00000	0
193	K	0.00000	1	0.00000	0
194	A	0.00000	1	0.00000	0
195	M	0.00000	1	0.00000	0
196	A	0.00000	1	0.00000	0
197	E	0.00000	1	0.00000	0
198	I	0.00000	1	0.00000	0
199	L	0.00000	1	0.00000	0
200	R	0.00000	1	0.00000	0
201	F	0.00000	1	0.00000	0
202	F	0.00000	1	0.00000	0
203	N	0.00000	1	0.00000	0
204	W	0.00000	1	0.00000	0
205	T	0.00000	1	0.00000	0
206	Y	0.00000	1	0.00000	0
207	V	0.00000	1	0.00000	0
208	S	0.00000	1	0.00000	0
209	T	0.00000	1	0.00000	0
210	V	0.00000	1	0.00000	0
211	A	0.00000	1	0.00000	0
212	S	0.00000	1	0.00000	0
213	E	0.00000	1	0.00000	0
214	G	0.00000	1	0.00000	0
215	D	0.00000	1	0.00000	0
216	Y	0.00000	1	0.00000	0
217	G	0.00000	1	0.00000	0
218	E	0.00000	1	0.00000	0
219	T	0.00000	1	0.00000	0
220	G	0.00000	1	0.00000	0
221	I	0.00000	1	0.00000	0
222	E	0.00000	1	0.00000	0
223	A	0.00000	1	0.00000	0
224	F	0.00000	1	0.00000	0
225	E	0.00000	1	0.00000	0
226	L	0.00000	1	0.00000	0
227	E	0.00000	1	0.00000	0
228	A	0.00000	1	0.00000	0
229	R	0.00000	1	0.00000	0
230	A	0.00000	1	0.00000	0
231	R	0.00000	1	0.00000	0
232	N	0.00000	1	0.00000	0
233	I	0.00000	1	0.00000	0
234	C	0.00000	1	0.00000	0
235	V	0.00000	1	0.00000	0
236	A	0.00000	1	0.00000	0
237	T	0.00000	1	0.00000	0
238	S	0.00000	1	0.00000	0
239	E	0.00000	1	0.00000	0
240	K	0.00000	1	0.00000	0
241	V	0.00000	1	0.00000	0
242	G	0.00000	1	0.00000	0
243	R	0.00000	1	0.00000	0
244	A	0.00000	1	0.00000	0
245	M	0.00000	1	0.00000	0
246	S	0.00000	1	0.00000	0
247	R	0.00000	1	0.00000	0
248	A	0.00000	1	0.00000	0
249	A	0.00000	1	0.00000	0
250	F	0.00000	1	0.00000	0
251	E	0.00000	1	0.00000	0
252	G	0.00000	1	0.00000	0
253	V	0.00000	1	0.00000	0
254	V	0.00000	1	0.00000	0
255	R	0.00000	1	0.00000	0
256	A	0.00000	1	0.00000	0
257	L	0.00000	1	0.00000	0
258	L	0.00000	1	0.00000	0
259	Q	0.00000	1	0.00000	0
260	K	0.00000	1	0.00000	0
261	P	0.00000	1	0.00000	0
262	S	0.00000	1	0.00000	0
263	A	0.00000	1	0.00000	0
264	R	0.00000	1	0.00000	0
265	V	0.00000	1	0.00000	0
266	A	0.00000	1	0.00000	0
267	V	0.00000	1	0.00000	0
268	L	0.00000	1	0.00000	0
269	F	0.00000	1	0.00000	0
270	T	0.00000	1	0.00000	0
271	R	0.00000	1	0.00000	0
272	S	0.00000	1	0.00000	0
273	E	0.00000	1	0.00000	0
274	D	0.00000	1	0.00000	0
275	A	0.00000	1	0.00000	0
276	R	0.00000	1	0.00000	0
277	E	0.00000	1	0.00000	0
278	L	0.00000	1	0.00000	0
279	L	0.00000	1	0.00000	0
280	A	0.00000	1	0.00000	0
281	A	0.00000	1	0.00000	0
282	S	0.00000	1	0.00000	0
283	Q	0.00000	1	0.00000	0
284	R	0.00000	1	0.00000	0
285	L	0.00000	1	0.00000	0
286	N	0.00000	1	0.00000	0
287	A	0.00000	1	0.00000	0
288	S	0.00000	1	0.00000	0
289	F	0.00000	1	0.00000	0
290	T	0.00000	1	0.00000	0
291	W	0.00000	1	0.00000	0
292	V	0.00000	1	0.00000	0
293	A	0.00000	1	0.00000	0
294	S	0.00000	1	0.00000	0
295	D	0.00000	1	0.00000	0
296	G	0.00000	1	0.00000	0
297	W	0.00000	1	0.00000	0
298	G	0.00000	1	0.00000	0
299	A	0.00000	1	0.00000	0
300	L	0.00000	1	0.00000	0
301	E	0.00000	1	0.00000	0
302	S	0.00000	1	0.00000	0
303	V	0.00000	1	0.00000	0
304	V	0.00000	1	0.00000	0
305	A	0.00000	1	0.00000	0
306	G	0.00000	1	0.00000	0
307	S	0.00000	1	0.00000	0
308	E	0.00000	1	0.00000	0
309	G	0.00000	1	0.00000	0
310	A	0.00000	1	0.00000	0
311	A	0.00000	1	0.00000	0
312	E	0.00000	1	0.00000	0
313	G	0.00000	1	0.00000	0
314	A	0.00000	1	0.00000	0
315	I	0.00000	1	0.00000	0
316	T	0.00000	1	0.00000	0
317	I	0.00000	1	0.00000	0
318	E	0.00000	1	0.00000	0
319	L	0.00000	1	0.00000	0
320	A	0.00000	1	0.00000	0
321	S	0.00000	1	0.00000	0
322	Y	0.00000	1	0.00000	0
323	P	0.00000	1	0.00000	0
324	I	0.00000	1	0.00000	0
325	S	0.00000	1	0.00000	0
326	D	0.00000	1	0.00000	0
327	F	0.00000	1	0.00000	0
328	A	0.00000	1	0.00000	0
329	S	0.00000	1	0.00000	0
330	Y	0.00000	1	0.00000	0
331	F	0.00000	1	0.00000	0
332	Q	0.00000	1	0.00000	0
333	S	0.00000	1	0.00000	0
334	L	0.00000	1	0.00000	0
335	D	0.00000	1	0.00000	0
336	P	0.00000	1	0.00000	0
337	W	0.00000	1	0.00000	0
338	N	0.00000	1	0.00000	0
339	N	0.00000	1	0.00000	0
340	S	0.00000	1	0.00000	0
341	R	0.00000	1	0.00000	0
342	N	0.00000	1	0.00000	0
343	P	0.00000	1	0.00000	0
344	W	0.00000	1	0.00000	0
345	F	0.00000	1	0.00000	0
346	R	0.00000	1	0.00000	0
347	E	0.00000	1	0.00000	0
348	F	0.00000	1	0.00000	0
349	W	0.00000	1	0.00000	0
350	E	0.00000	1	0.00000	0
351	Q	0.00000	1	0.00000	0
352	R	0.00000	1	0.00000	0
353	F	0.00000	1	0.00000	0
354	R	0.00000	1	0.00000	0
355	C	0.00000	1	0.00000	0
356	S	0.00000	1	0.00000	0
357	F	0.00000	1	0.00000	0
358	R	0.00000	1	0.00000	0
359	Q	0.00000	1	0.00000	0
360	R	0.00000	1	0.00000	0
361	D	0.00000	1	0.00000	0
362	C	0.00000	1	0.00000	0
363	A	0.00000	1	0.00000	0
364	A	0.00000	1	0.00000	0
365	H	0.00000	1	0.00000	0
366	S	0.00000	1	0.00000	0
367	L	0.00000	1	0.00000	0
368	R	0.00000	1	0.00000	0
369	A	0.00000	1	0.00000	0
370	V	0.00000	1	0.00000	0
371	P	0.00000	1	0.00000	0
372	F	0.00000	1	0.00000	0
373	E	0.00000	1	0.00000	0
374	Q	0.00000	1	0.00000	0
375	E	0.00000	1	0.00000	0
376	S	0.00000	1	0.00000	0
377	K	0.00000	1	0.00000	0
378	I	0.00000	1	0.00000	0
379	M	0.00000	1	0.00000	0
380	F	0.00000	1	0.00000	0
381	V	0.00000	1	0.00000	0
382	V	0.00000	1	0.00000	0
383	N	0.00000	1	0.00000	0
384	A	0.00000	1	0.00000	0
385	V	0.00000	1	0.00000	0
386	Y	0.00000	1	0.00000	0
387	A	0.00000	1	0.00000	0
388	M	0.00000	1	0.00000	0
389	A	0.00000	1	0.00000	0
390	H	0.00000	1	0.00000	0
391	A	0.00000	1	0.00000	0
392	L	0.00000	1	0.00000	0
393	H	0.00000	1	0.00000	0
394	N	0.00000	1	0.00000	0
395	M	0.00000	1	0.00000	0
396	H	0.00000	1	0.00000	0
397	R	0.00000	1	0.00000	0
398	A	0.00000	1	0.00000	0
399	L	0.00000	1	0.00000	0
400	C	0.00000	1	0.00000	0
401	P	0.00000	1	0.00000	0
402	N	0.00000	1	0.00000	0
403	T	0.00000	1	0.00000	0
404	T	0.00000	1	0.00000	0
405	R	0.00000	1	0.00000	0
406	L	0.00000	1	0.00000	0
407	C	0.00000	1	0.00000	0
408	D	0.00000	1	0.00000	0
409	A	0.00000	1	0.00000	0
410	M	0.00000	1	0.00000	0
411	R	0.00000	1	0.00000	0
412	P	0.00000	1	0.00000	0
413	V	0.00000	1	0.00000	0
414	N	0.00000	1	0.00000	0
415	G	0.00000	1	0.00000	0
416	R	0.00000	1	0.00000	0
417	R	0.00000	1	0.00000	0
418	L	0.00000	1	0.00000	0
419	Y	0.00000	1	0.00000	0
420	K	0.00000	1	0.00000	0
421	D	0.00000	1	0.00000	0
422	F	0.00000	1	0.00000	0
423	V	0.00000	1	0.00000	0
424	L	0.00000	1	0.00000	0
425	N	0.00000	1	0.00000	0
426	V	0.00000	1	0.00000	0
427	K	0.00000	1	0.00000	0
428	F	0.00000	1	0.00000	0
429	D	0.00000	1	0.00000	0
430	A	0.00000	1	0.00000	0
431	P	0.00000	1	0.00000	0
432	F	0.00000	1	0.00000	0
433	R	0.00000	1	0.00000	0
434	P	0.00000	1	0.00000	0
435	A	0.00000	1	0.00000	0
436	D	0.00000	1	0.00000	0
437	T	0.00000	1	0.00000	0
438	H	0.00000	1	0.00000	0
439	N	0.00000	1	0.00000	0
440	E	0.00000	1	0.00000	0
441	V	0.00000	1	0.00000	0
442	R	0.00000	1	0.00000	0
443	F	0.00000	1	0.00000	0
444	D	0.00000	1	0.00000	0
445	R	0.00000	1	0.00000	0
446	F	0.00000	1	0.00000	0
447	G	0.00000	1	0.00000	0
448	D	0.00000	1	0.00000	0
449	G	0.00000	1	0.00000	0
450	I	0.00000	1	0.00000	0
451	G	0.00000	1	0.00000	0
452	R	0.00000	1	0.00000	0
453	Y	0.00000	1	0.00000	0
454	N	0.00000	1	0.00000	0
455	I	0.00000	1	0.00000	0
456	F	0.00000	1	0.00000	0
457	T	0.00000	1	0.00000	0
458	Y	0.00000	1	0.00000	0
459	L	0.00000	1	0.00000	0
460	R	0.00000	1	0.00000	0
461	A	0.00000	1	0.00000	0
462	G	0.00000	1	0.00000	0
463	S	0.00000	1	0.00000	0
464	G	0.00000	1	0.00000	0
465	R	0.00000	1	0.00000	0
466	Y	0.00000	1	0.00000	0
467	R	0.00000	1	0.00000	0
468	Y	0.00000	1	0.00000	0
469	Q	0.00000	1	0.00000	0
470	K	0.00000	1	0.00000	0
471	V	0.00000	1	0.00000	0
472	G	0.00000	1	0.00000	0
473	Y	0.00000	1	0.00000	0
474	W	0.00000	1	0.00000	0
475	A	0.00000	1	0.00000	0
476	E	0.00000	1	0.00000	0
477	G	0.00000	1	0.00000	0
478	L	0.00000	1	0.00000	0
479	T	0.00000	1	0.00000	0
480	L	0.00000	1	0.00000	0
481	D	0.00000	1	0.00000	0
482	T	0.00000	1	0.00000	0
483	S	0.00000	1	0.00000	0
484	L	0.00000	1	0.00000	0
485	I	0.00000	1	0.00000	0
486	P	0.00000	1	0.00000	0
487	W	0.00000	1	0.00000	0
488	A	0.00000	1	0.00000	0
489	S	0.00000	1	0.00000	0
490	P	0.00000	1	0.00000	0
491	S	0.00000	1	0.00000	0
492	A	0.00000	1	0.00000	0
493	G	0.00000	1	0.00000	0
494	P	0.00000	1	0.00000	0
495	L	0.00000	1	0.00000	0
496	P	0.00000	1	0.00000	0
497	A	0.00000	1	0.00000	0
498	S	0.00000	1	0.00000	0
499	R	0.00000	1	0.00000	0
500	C	0.00000	1	0.00000	0
501	S	0.00000	1	0.00000	0
502	E	0.00000	1	0.00000	0
503	P	0.00000	1	0.00000	0
504	C	0.00000	1	0.00000	0
505	L	0.00000	1	0.00000	0
506	Q	0.00000	1	0.00000	0
507	N	0.00000	1	0.00000	0
508	E	0.00000	1	0.00000	0
509	V	0.00000	1	0.00000	0
510	K	0.00000	1	0.00000	0
511	S	0.00000	1	0.00000	0
512	V	0.00000	1	0.00000	0
513	Q	0.00000	1	0.00000	0
514	P	0.00000	1	0.00000	0
515	G	0.00000	1	0.00000	0
516	E	0.00000	1	0.00000	0
517	V	0.00000	1	0.00000	0
518	C	0.00000	1	0.00000	0
519	C	0.00000	1	0.00000	0
520	W	0.00000	1	0.00000	0
521	L	0.00000	1	0.00000	0
522	C	0.00000	1	0.00000	0
523	I	0.00000	1	0.00000	0
524	P	0.00000	1	0.00000	0
525	C	0.00000	1	0.00000	0
526	Q	0.00000	1	0.00000	0
527	P	0.00000	1	0.00000	0
528	Y	0.00000	1	0.00000	0
529	E	0.00000	1	0.00000	0
530	Y	0.00000	1	0.00000	0
531	R	0.00000	1	0.00000	0
532	L	0.00000	1	0.00000	0
533	D	0.00000	1	0.00000	0
534	E	0.00000	1	0.00000	0
535	F	0.00000	1	0.00000	0
536	T	0.00000	1	0.00000	0
537	C	0.00000	1	0.00000	0
538	A	0.00000	1	0.00000	0
539	D	0.00000	1	0.00000	0
540	C	0.00000	1	0.00000	0
541	G	0.00000	1	0.00000	0
542	L	0.00000	1	0.00000	0
543	G	0.00000	1	0.00000	0
544	Y	0.00000	1	0.00000	0
545	W	0.00000	1	0.00000	0
546	P	0.00000	1	0.00000	0
547	N	0.00000	1	0.00000	0
548	A	0.00000	1	0.00000	0
549	S	0.00000	1	0.00000	0
550	L	0.00000	1	0.00000	0
551	T	0.00000	1	0.00000	0
552	G	0.00000	1	0.00000	0
553	C	0.00000	1	0.00000	0
554	F	0.00000	1	0.00000	0
555	E	0.00000	1	0.00000	0
556	L	0.00000	1	0.00000	0
557	P	0.00000	1	0.00000	0
558	Q	0.00000	1	0.00000	0
559	E	0.00000	1	0.00000	0
560	Y	0.00000	0.99999	0.00001	0
561	I	0.00000	0.99999	0.00001	0
562	R	0.00000	0.99999	0.00001	0
563	W	0.00000	0.99999	0.00001	0
564	G	0.00000	0.99999	0.00001	0
565	D	0.00000	0.99999	0.00001	0
566	A	0.00000	0.89961	0.10039	0
567	W	0.00000	0.47378	0.52622	0
568	A	0.00000	0.36269	0.63731	0
569	V	0.00000	0.2074	0.79260	0
570	G	0.00000	0.11643	0.88357	0
571	P	0.00000	0.02301	0.97699	0
572	V	0.00000	0.00255	0.99745	0
573	T	0.00000	0.00031	0.99969	0
574	I	0.00000	1e-05	0.99999	0
575	A	0.00000	0	1.00000	0
576	C	0.00000	0	1.00000	0
577	L	0.00000	0	1.00000	0
578	G	0.00000	0	1.00000	0
579	A	0.00000	0	1.00000	0
580	L	0.00000	0	1.00000	0
581	A	0.00000	0	1.00000	0
582	T	0.00000	0	1.00000	0
583	L	0.00000	0	1.00000	0
584	F	0.00000	0	1.00000	0
585	V	0.00000	0	1.00000	0
586	L	0.00000	0	1.00000	0
587	G	0.00001	0	0.99999	0
588	V	0.00019	0	0.99981	0
589	F	0.00397	0	0.99603	0
590	V	0.07803	0	0.92197	0
591	R	0.66669	0	0.33331	0
592	H	0.72404	0	0.27596	0
593	N	0.95508	0	0.04492	0
594	A	0.97810	0	0.02190	0
595	T	0.99766	0	0.00234	0
596	P	1.00000	0	0.00000	0
597	V	1.00000	0	0.00000	0
598	V	1.00000	0	0.00000	0
599	K	1.00000	0	0.00000	0
600	A	1.00000	0	0.00000	0
601	S	0.99999	0	0.00001	0
602	G	0.99992	0	0.00008	0
603	R	0.99894	0	0.00106	0
604	E	0.82856	0	0.17144	0
605	L	0.04866	0	0.95134	0
606	C	0.00136	0	0.99864	0
607	Y	0.00002	0	0.99998	0
608	I	0.00000	0	1.00000	0
609	L	0.00000	0	1.00000	0
610	L	0.00000	0	1.00000	0
611	G	0.00000	0	1.00000	0
612	G	0.00000	0	1.00000	0
613	V	0.00000	0	1.00000	0
614	F	0.00000	0	1.00000	0
615	L	0.00000	0	1.00000	0
616	C	0.00000	0	1.00000	0
617	Y	0.00000	0	1.00000	0
618	C	0.00000	0	1.00000	0
619	M	0.00000	0	1.00000	0
620	T	0.00000	0	1.00000	0
621	F	0.00000	0	1.00000	0
622	I	0.00000	0	1.00000	0
623	F	0.00000	1e-05	0.99999	0
624	I	0.00000	0.07694	0.92306	0
625	A	0.00000	0.39506	0.60494	0
626	K	0.00000	0.91812	0.08188	0
627	P	0.00000	0.97439	0.02561	0
628	S	0.00000	0.99889	0.00111	0
629	T	0.00000	0.99997	0.00003	0
630	A	0.00000	0.99999	0.00001	0
631	V	0.00000	1	0.00000	0
632	C	0.00000	1	0.00000	0
633	T	0.00000	1	0.00000	0
634	L	0.00000	0.98834	0.01166	0
635	R	0.00000	0.94297	0.05703	0
636	R	0.00000	0.65129	0.34871	0
637	L	0.00000	0.36934	0.63066	0
638	G	0.00000	0.2825	0.71750	0
639	L	0.00000	0.02462	0.97538	0
640	G	0.00000	0.01296	0.98704	0
641	T	0.00000	0.0002	0.99980	0
642	A	0.00000	1e-05	0.99999	0
643	F	0.00000	0	1.00000	0
644	S	0.00000	0	1.00000	0
645	V	0.00000	0	1.00000	0
646	C	0.00000	0	1.00000	0
647	Y	0.00000	0	1.00000	0
648	S	0.00000	0	1.00000	0
649	A	0.00000	0	1.00000	0
650	L	0.00000	0	1.00000	0
651	L	0.00000	0	1.00000	0
652	T	0.00000	0	1.00000	0
653	K	0.00000	0	1.00000	0
654	T	0.00001	0	0.99999	0
655	N	0.00013	0	0.99987	0
656	R	0.00180	0	0.99820	0
657	I	0.02040	0	0.97960	0
658	A	0.13646	0	0.86354	0
659	R	0.14373	0	0.85627	0
660	I	0.35215	0	0.64785	0
661	F	0.99989	0	0.00011	0
662	G	0.99998	0	0.00002	0
663	G	0.99999	0	0.00001	0
664	A	1.00000	0	0.00000	0
665	R	1.00000	0	0.00000	0
666	E	1.00000	0	0.00000	0
667	G	1.00000	0	0.00000	0
668	A	1.00000	0	0.00000	0
669	Q	1.00000	0	0.00000	0
670	R	1.00000	0	0.00000	0
671	P	1.00000	0	0.00000	0
672	R	0.99997	0	0.00003	0
673	F	0.99640	0	0.00360	0
674	I	0.99573	0	0.00427	0
675	S	0.99568	0	0.00432	0
676	P	0.99552	0	0.00448	0
677	A	0.98569	0	0.01431	0
678	S	0.98155	0	0.01845	0
679	Q	0.94811	0	0.05189	0
680	V	0.03631	0	0.96369	0
681	A	0.00249	0	0.99751	0
682	I	0.00003	0	0.99997	0
683	C	0.00000	0	1.00000	0
684	L	0.00000	0	1.00000	0
685	A	0.00000	0	1.00000	0
686	L	0.00000	0	1.00000	0
687	I	0.00000	0	1.00000	0
688	S	0.00000	0	1.00000	0
689	G	0.00000	0	1.00000	0
690	Q	0.00000	0	1.00000	0
691	L	0.00000	0	1.00000	0
692	L	0.00000	0	1.00000	0
693	I	0.00000	2e-05	0.99998	0
694	V	0.00000	0.00029	0.99971	0
695	V	0.00000	0.0019	0.99810	0
696	A	0.00000	0.00297	0.99703	0
697	W	0.00000	0.00401	0.99599	0
698	L	0.00000	0.00479	0.99521	0
699	V	0.00000	0.0117	0.98830	0
700	V	0.00000	0.12424	0.87576	0
701	E	0.00000	0.95718	0.04282	0
702	A	0.00000	0.97451	0.02549	0
703	P	0.00000	0.99747	0.00253	0
704	G	0.00000	0.99978	0.00022	0
705	T	0.00000	0.99998	0.00002	0
706	G	0.00000	1	0.00000	0
707	K	0.00000	1	0.00000	0
708	E	0.00000	1	0.00000	0
709	T	0.00000	1	0.00000	0
710	A	0.00000	1	0.00000	0
711	P	0.00000	1	0.00000	0
712	E	0.00000	1	0.00000	0
713	R	0.00000	1	0.00000	0
714	R	0.00000	1	0.00000	0
715	E	0.00000	1	0.00000	0
716	V	0.00000	1	0.00000	0
717	V	0.00000	1	0.00000	0
718	T	0.00000	1	0.00000	0
719	L	0.00000	1	0.00000	0
720	R	0.00000	0.99999	0.00001	0
721	C	0.00000	0.99999	0.00001	0
722	N	0.00000	0.99996	0.00004	0
723	H	0.00000	0.9998	0.00020	0
724	R	0.00000	0.99976	0.00024	0
725	D	0.00000	0.97968	0.02032	0
726	A	0.00000	0.00363	0.99637	0
727	S	0.00000	0.00212	0.99788	0
728	M	0.00000	0.00014	0.99986	0
729	L	0.00000	1e-05	0.99999	0
730	G	0.00000	0	1.00000	0
731	S	0.00000	0	1.00000	0
732	L	0.00000	0	1.00000	0
733	A	0.00000	0	1.00000	0
734	Y	0.00000	0	1.00000	0
735	N	0.00000	0	1.00000	0
736	V	0.00000	0	1.00000	0
737	L	0.00000	0	1.00000	0
738	L	0.00000	0	1.00000	0
739	I	0.00000	0	1.00000	0
740	A	0.00000	0	1.00000	0
741	L	0.00000	0	1.00000	0
742	C	0.00000	0	1.00000	0
743	T	0.00000	0	1.00000	0
744	L	0.00000	0	1.00000	0
745	Y	0.00000	0	1.00000	0
746	A	0.00081	0	0.99919	0
747	F	0.01478	0	0.98522	0
748	K	0.80976	0	0.19024	0
749	T	0.95123	0	0.04877	0
750	R	0.99968	0	0.00032	0
751	K	0.99999	0	0.00001	0
752	C	1.00000	0	0.00000	0
753	P	1.00000	0	0.00000	0
754	E	1.00000	0	0.00000	0
755	N	1.00000	0	0.00000	0
756	F	1.00000	0	0.00000	0
757	N	1.00000	0	0.00000	0
758	E	1.00000	0	0.00000	0
759	A	0.99083	0	0.00917	0
760	K	0.90129	0	0.09871	0
761	F	0.48404	0	0.51596	0
762	I	0.01722	0	0.98278	0
763	G	0.01059	0	0.98941	0
764	F	0.00107	0	0.99893	0
765	T	0.00000	0	1.00000	0
766	M	0.00000	0	1.00000	0
767	Y	0.00000	0	1.00000	0
768	T	0.00000	0	1.00000	0
769	T	0.00000	0	1.00000	0
770	C	0.00000	0	1.00000	0
771	I	0.00000	0	1.00000	0
772	I	0.00000	0	1.00000	0
773	W	0.00000	0	1.00000	0
774	L	0.00000	0	1.00000	0
775	A	0.00000	0	1.00000	0
776	F	0.00000	0	1.00000	0
777	L	0.00000	0	1.00000	0
778	P	0.00000	0	1.00000	0
779	I	0.00000	1e-05	0.99999	0
780	F	0.00000	0.00046	0.99954	0
781	Y	0.00000	0.00922	0.99078	0
782	V	0.00000	0.04433	0.95567	0
783	T	0.00000	0.25562	0.74438	0
784	S	0.00000	0.66355	0.33645	0
785	S	0.00000	0.91223	0.08777	0
786	D	0.00000	0.99954	0.00046	0
787	Y	0.00000	0.97081	0.02919	0
788	R	0.00000	0.88215	0.11785	0
789	V	0.00000	0.50796	0.49204	0
790	Q	0.00000	0.25017	0.74983	0
791	T	0.00000	0.13464	0.86536	0
792	T	0.00000	0.00677	0.99323	0
793	T	0.00000	0.0017	0.99830	0
794	M	0.00000	5e-05	0.99995	0
795	C	0.00000	5e-05	0.99995	0
796	V	0.00000	0	1.00000	0
797	S	0.00000	0	1.00000	0
798	V	0.00000	0	1.00000	0
799	S	0.00000	0	1.00000	0
800	L	0.00000	0	1.00000	0
801	S	0.00000	0	1.00000	0
802	G	0.00000	0	1.00000	0
803	S	0.00000	0	1.00000	0
804	V	0.00000	0	1.00000	0
805	V	0.00000	0	1.00000	0
806	L	0.00002	0	0.99998	0
807	G	0.00033	0	0.99967	0
808	C	0.00224	0	0.99776	0
809	L	0.07866	0	0.92134	0
810	F	0.21687	0	0.78313	0
811	A	0.65529	0	0.34471	0
812	P	0.87131	0	0.12869	0
813	K	0.99981	0	0.00019	0
814	L	0.99981	0	0.00019	0
815	H	0.99981	0	0.00019	0
816	I	0.99981	0	0.00019	0
817	I	0.99981	0	0.00019	0
818	L	0.99981	0	0.00019	0
819	F	0.99988	0	0.00012	0
820	Q	0.99999	0	0.00001	0
821	P	1.00000	0	0.00000	0
822	Q	1.00000	0	0.00000	0
823	K	1.00000	0	0.00000	0
824	N	1.00000	0	0.00000	0
825	V	1.00000	0	0.00000	0
826	V	1.00000	0	0.00000	0
827	S	1.00000	0	0.00000	0
828	H	1.00000	0	0.00000	0
829	R	1.00000	0	0.00000	0
830	A	1.00000	0	0.00000	0
831	P	1.00000	0	0.00000	0
832	T	1.00000	0	0.00000	0
833	S	1.00000	0	0.00000	0
834	R	1.00000	0	0.00000	0
835	F	1.00000	0	0.00000	0
836	G	1.00000	0	0.00000	0
837	S	1.00000	0	0.00000	0
838	A	1.00000	0	0.00000	0
839	A	1.00000	0	0.00000	0
840	A	1.00000	0	0.00000	0
841	R	1.00000	0	0.00000	0
842	A	1.00000	0	0.00000	0
843	S	1.00000	0	0.00000	0
844	S	1.00000	0	0.00000	0
845	S	1.00000	0	0.00000	0
846	L	1.00000	0	0.00000	0
847	G	1.00000	0	0.00000	0
848	Q	1.00000	0	0.00000	0
849	G	1.00000	0	0.00000	0
850	S	1.00000	0	0.00000	0
851	G	1.00000	0	0.00000	0
852	S	1.00000	0	0.00000	0
853	Q	1.00000	0	0.00000	0
854	F	1.00000	0	0.00000	0
855	V	1.00000	0	0.00000	0
856	P	1.00000	0	0.00000	0
857	T	1.00000	0	0.00000	0
858	V	1.00000	0	0.00000	0
859	C	1.00000	0	0.00000	0
860	N	1.00000	0	0.00000	0
861	G	1.00000	0	0.00000	0
862	R	1.00000	0	0.00000	0
863	E	1.00000	0	0.00000	0
864	V	1.00000	0	0.00000	0
865	V	1.00000	0	0.00000	0
866	D	1.00000	0	0.00000	0
867	S	1.00000	0	0.00000	0
868	T	1.00000	0	0.00000	0
869	T	1.00000	0	0.00000	0
870	S	1.00000	0	0.00000	0
871	S	1.00000	0	0.00000	0
872	L	1.00000	0	0.00000	0
