# UNNAMED
#pos	aa	i	o	M	S
1	M	0.00000	0.99911	0.00000	0.00089
2	E	0.00000	0.99911	0.00000	0.00089
3	P	0.00000	0.99911	0.00000	0.00089
4	Q	0.00000	0.99911	0.00000	0.00089
5	N	0.00000	0.99911	0.00000	0.00089
6	T	0.00000	0.99911	0.00000	0.00089
7	T	0.00000	0.99911	0.00000	0.00089
8	Q	0.00000	0.99911	0.00000	0.00089
9	V	0.00000	0.99911	0.00000	0.00089
10	S	0.00000	0.99911	0.00000	0.00089
11	M	0.00000	0.99911	0.00000	0.00089
12	F	0.00000	0.99911	0.00000	0.00089
13	V	0.00000	0.99911	0.00000	0.00089
14	L	0.00000	0.99911	0.00000	0.00089
15	L	0.00000	0.99911	0.00000	0.00089
16	G	0.00000	0.99911	0.00000	0.00089
17	F	0.00000	0.99911	0.00000	0.00088
18	S	0.00000	0.99911	0.00000	0.00089
19	Q	0.00000	0.99923	0.00000	0.00076
20	T	0.00000	0.99924	0.00000	0.00076
21	Q	0.00000	0.99993	0.00001	7e-05
22	E	0.00000	0.99985	0.00008	7e-05
23	L	0.00000	0.99749	0.00251	0
24	Q	0.00000	0.99373	0.00627	0
25	K	0.00000	0.97695	0.02305	0
26	F	0.00000	0.4049	0.59510	0
27	L	0.00000	0.15363	0.84637	0
28	F	0.00000	0.07094	0.92906	0
29	L	0.00000	0.06109	0.93891	0
30	L	0.00000	0.05728	0.94272	0
31	F	0.00000	0.00686	0.99314	0
32	L	0.00000	0.00155	0.99845	0
33	L	0.00000	0.00021	0.99979	0
34	V	0.00000	2e-05	0.99998	0
35	Y	0.00000	0	1.00000	0
36	V	0.00000	0	1.00000	0
37	T	0.00000	0	1.00000	0
38	T	0.00000	0	1.00000	0
39	I	0.00000	0	1.00000	0
40	V	0.00000	0	1.00000	0
41	G	0.00000	0	1.00000	0
42	N	0.00000	0	1.00000	0
43	L	0.00000	0	1.00000	0
44	L	0.00000	0	1.00000	0
45	I	0.00001	0	0.99999	0
46	M	0.00069	0	0.99931	0
47	V	0.01044	0	0.98956	0
48	T	0.35456	0	0.64544	0
49	V	0.47058	0	0.52942	0
50	T	0.84760	0	0.15240	0
51	F	0.88954	0	0.11046	0
52	D	0.99764	0	0.00236	0
53	C	0.99838	0	0.00162	0
54	R	0.99989	0	0.00011	0
55	L	0.99991	0	0.00009	0
56	H	0.99998	0	0.00002	0
57	T	1.00000	0	0.00000	0
58	P	1.00000	0	0.00000	0
59	M	0.29015	0	0.70985	0
60	Y	0.22374	0	0.77626	0
61	F	0.03776	0	0.96224	0
62	L	0.00305	0	0.99695	0
63	L	0.00253	0	0.99747	0
64	R	0.00248	0	0.99752	0
65	N	0.00002	0	0.99998	0
66	L	0.00000	0	1.00000	0
67	A	0.00000	0	1.00000	0
68	L	0.00000	0	1.00000	0
69	I	0.00000	0	1.00000	0
70	D	0.00000	0	1.00000	0
71	L	0.00000	0	1.00000	0
72	C	0.00000	0	1.00000	0
73	Y	0.00000	0	1.00000	0
74	S	0.00000	0	1.00000	0
75	T	0.00000	0	1.00000	0
76	V	0.00000	0	1.00000	0
77	T	0.00000	0	1.00000	0
78	S	0.00000	0.00121	0.99879	0
79	P	0.00000	0.00197	0.99803	0
80	K	0.00000	0.01472	0.98528	0
81	M	0.00000	0.02177	0.97823	0
82	L	0.00000	0.04797	0.95203	0
83	V	0.00000	0.14039	0.85961	0
84	D	0.00000	0.99996	0.00004	0
85	F	0.00000	0.99999	0.00001	0
86	L	0.00000	1	0.00000	0
87	H	0.00000	1	0.00000	0
88	E	0.00000	1	0.00000	0
89	T	0.00000	1	0.00000	0
90	K	0.00000	1	0.00000	0
91	T	0.00000	1	0.00000	0
92	I	0.00000	1	0.00000	0
93	S	0.00000	1	0.00000	0
94	Y	0.00000	1	0.00000	0
95	Q	0.00000	1	0.00000	0
96	G	0.00000	0.99998	0.00002	0
97	C	0.00000	0.99979	0.00021	0
98	M	0.00000	0.9917	0.00830	0
99	A	0.00000	0.98373	0.01627	0
100	Q	0.00000	0.96562	0.03438	0
101	I	0.00000	0.16253	0.83747	0
102	F	0.00000	0.01312	0.98688	0
103	F	0.00000	0.00072	0.99928	0
104	F	0.00000	2e-05	0.99998	0
105	H	0.00000	0	1.00000	0
106	L	0.00000	0	1.00000	0
107	L	0.00000	0	1.00000	0
108	G	0.00000	0	1.00000	0
109	G	0.00000	0	1.00000	0
110	G	0.00000	0	1.00000	0
111	T	0.00000	0	1.00000	0
112	V	0.00000	0	1.00000	0
113	F	0.00000	0	1.00000	0
114	F	0.00000	0	1.00000	0
115	L	0.00000	0	1.00000	0
116	S	0.00000	0	1.00000	0
117	V	0.00000	0	1.00000	0
118	M	0.00000	0	1.00000	0
119	A	0.00000	0	1.00000	0
120	Y	0.00000	0	1.00000	0
121	D	0.00003	0	0.99997	0
122	R	0.03258	0	0.96742	0
123	Y	0.14015	0	0.85985	0
124	I	0.91107	0	0.08893	0
125	A	0.99719	0	0.00281	0
126	I	1.00000	0	0.00000	0
127	S	1.00000	0	0.00000	0
128	Q	1.00000	0	0.00000	0
129	P	1.00000	0	0.00000	0
130	L	1.00000	0	0.00000	0
131	R	1.00000	0	0.00000	0
132	Y	1.00000	0	0.00000	0
133	V	1.00000	0	0.00000	0
134	T	1.00000	0	0.00000	0
135	I	0.99996	0	0.00004	0
136	M	0.99990	0	0.00010	0
137	N	0.99977	0	0.00023	0
138	T	0.99814	0	0.00186	0
139	Q	0.99207	0	0.00793	0
140	L	0.63478	0	0.36522	0
141	C	0.01306	0	0.98694	0
142	V	0.00373	0	0.99627	0
143	G	0.00174	0	0.99826	0
144	L	0.00017	0	0.99983	0
145	V	0.00003	0	0.99997	0
146	V	0.00001	0	0.99999	0
147	A	0.00000	0	1.00000	0
148	A	0.00000	0	1.00000	0
149	W	0.00000	0	1.00000	0
150	V	0.00000	0	1.00000	0
151	G	0.00000	0	1.00000	0
152	G	0.00000	0	1.00000	0
153	F	0.00000	0	1.00000	0
154	V	0.00000	0	1.00000	0
155	H	0.00000	0	1.00000	0
156	S	0.00000	1e-05	0.99999	0
157	I	0.00000	2e-05	0.99998	0
158	V	0.00000	0.00031	0.99969	0
159	Q	0.00000	0.00735	0.99265	0
160	L	0.00000	0.01931	0.98069	0
161	A	0.00000	0.03236	0.96764	0
162	L	0.00000	0.09508	0.90492	0
163	I	0.00000	0.32472	0.67528	0
164	L	0.00000	0.73807	0.26193	0
165	P	0.00000	0.97784	0.02216	0
166	L	0.00000	0.99258	0.00742	0
167	P	0.00000	0.99952	0.00048	0
168	F	0.00000	0.9998	0.00020	0
169	C	0.00000	1	0.00000	0
170	G	0.00000	1	0.00000	0
171	P	0.00000	1	0.00000	0
172	N	0.00000	1	0.00000	0
173	I	0.00000	1	0.00000	0
174	L	0.00000	1	0.00000	0
175	D	0.00000	1	0.00000	0
176	N	0.00000	1	0.00000	0
177	F	0.00000	1	0.00000	0
178	Y	0.00000	1	0.00000	0
179	C	0.00000	1	0.00000	0
180	D	0.00000	1	0.00000	0
181	V	0.00000	1	0.00000	0
182	P	0.00000	1	0.00000	0
183	Q	0.00000	1	0.00000	0
184	V	0.00000	1	0.00000	0
185	L	0.00000	1	0.00000	0
186	R	0.00000	1	0.00000	0
187	L	0.00000	1	0.00000	0
188	A	0.00000	1	0.00000	0
189	C	0.00000	1	0.00000	0
190	T	0.00000	1	0.00000	0
191	D	0.00000	0.99995	0.00005	0
192	T	0.00000	0.99984	0.00016	0
193	S	0.00000	0.99967	0.00033	0
194	L	0.00000	0.98456	0.01544	0
195	L	0.00000	0.98363	0.01637	0
196	E	0.00000	0.97446	0.02554	0
197	F	0.00000	0.25339	0.74661	0
198	L	0.00000	0.06511	0.93489	0
199	M	0.00000	0.00164	0.99836	0
200	I	0.00000	0.0015	0.99850	0
201	S	0.00000	0.00146	0.99854	0
202	N	0.00000	0.00101	0.99899	0
203	S	0.00000	0.00061	0.99939	0
204	G	0.00000	0.0004	0.99960	0
205	L	0.00000	0	1.00000	0
206	L	0.00000	0	1.00000	0
207	V	0.00000	0	1.00000	0
208	I	0.00000	0	1.00000	0
209	I	0.00000	0	1.00000	0
210	W	0.00000	0	1.00000	0
211	F	0.00000	0	1.00000	0
212	L	0.00000	0	1.00000	0
213	L	0.00000	0	1.00000	0
214	L	0.00000	0	1.00000	0
215	L	0.00001	0	0.99999	0
216	I	0.00011	0	0.99989	0
217	S	0.00174	0	0.99826	0
218	Y	0.00228	0	0.99772	0
219	T	0.00741	0	0.99259	0
220	V	0.01014	0	0.98986	0
221	I	0.02544	0	0.97456	0
222	L	0.08750	0	0.91250	0
223	V	0.53570	0	0.46430	0
224	M	0.71982	0	0.28018	0
225	L	0.85626	0	0.14374	0
226	R	0.99816	0	0.00184	0
227	S	0.99986	0	0.00014	0
228	H	0.99997	0	0.00003	0
229	S	1.00000	0	0.00000	0
230	G	1.00000	0	0.00000	0
231	K	1.00000	0	0.00000	0
232	A	0.99999	0	0.00001	0
233	R	0.99979	0	0.00021	0
234	R	0.99915	0	0.00085	0
235	K	0.99089	0	0.00911	0
236	A	0.97934	0	0.02066	0
237	A	0.96500	0	0.03500	0
238	S	0.80969	0	0.19031	0
239	T	0.80920	0	0.19080	0
240	C	0.80859	0	0.19141	0
241	T	0.80184	0	0.19816	0
242	T	0.79633	0	0.20367	0
243	H	0.78158	0	0.21842	0
244	I	0.00985	0	0.99015	0
245	I	0.00135	0	0.99865	0
246	V	0.00007	0	0.99993	0
247	V	0.00002	0	0.99998	0
248	S	0.00000	0	1.00000	0
249	M	0.00000	0	1.00000	0
250	I	0.00000	0	1.00000	0
251	F	0.00000	0	1.00000	0
252	I	0.00000	0	1.00000	0
253	P	0.00000	0	1.00000	0
254	C	0.00000	1e-05	0.99999	0
255	I	0.00000	2e-05	0.99998	0
256	Y	0.00000	6e-05	0.99994	0
257	I	0.00000	0.00017	0.99983	0
258	Y	0.00000	0.00132	0.99868	0
259	T	0.00000	0.00779	0.99221	0
260	W	0.00000	0.06578	0.93422	0
261	P	0.00000	0.15936	0.84064	0
262	F	0.00000	0.16727	0.83273	0
263	T	0.00000	0.20987	0.79013	0
264	P	0.00000	0.22357	0.77643	0
265	F	0.00000	0.14575	0.85425	0
266	L	0.00000	0.129	0.87100	0
267	M	0.00000	0.39898	0.60102	0
268	D	0.00000	0.79901	0.20099	0
269	K	0.00000	0.53743	0.46257	0
270	A	0.00000	0.0768	0.92320	0
271	V	0.00000	0.00055	0.99945	0
272	S	0.00000	0	1.00000	0
273	I	0.00000	0	1.00000	0
274	S	0.00000	0	1.00000	0
275	Y	0.00000	0	1.00000	0
276	T	0.00000	0	1.00000	0
277	V	0.00000	0	1.00000	0
278	M	0.00000	0	1.00000	0
279	T	0.00000	0	1.00000	0
280	P	0.00000	0	1.00000	0
281	M	0.00000	0	1.00000	0
282	L	0.00000	0	1.00000	0
283	N	0.00000	0	1.00000	0
284	P	0.00000	0	1.00000	0
285	M	0.00003	0	0.99997	0
286	I	0.00100	0	0.99900	0
287	Y	0.00449	0	0.99551	0
288	T	0.00749	0	0.99251	0
289	L	0.03049	0	0.96951	0
290	R	1.00000	0	0.00000	0
291	N	1.00000	0	0.00000	0
292	Q	1.00000	0	0.00000	0
293	D	1.00000	0	0.00000	0
294	M	1.00000	0	0.00000	0
295	K	1.00000	0	0.00000	0
296	A	1.00000	0	0.00000	0
297	A	1.00000	0	0.00000	0
298	M	1.00000	0	0.00000	0
299	R	1.00000	0	0.00000	0
300	R	1.00000	0	0.00000	0
301	L	1.00000	0	0.00000	0
302	G	1.00000	0	0.00000	0
303	K	1.00000	0	0.00000	0
304	C	1.00000	0	0.00000	0
305	L	1.00000	0	0.00000	0
306	V	1.00000	0	0.00000	0
307	I	1.00000	0	0.00000	0
308	C	1.00000	0	0.00000	0
309	R	1.00000	0	0.00000	0
310	E	1.00000	0	0.00000	0
