# UNNAMED
#pos	aa	i	o	M	S
1	M	0.00000	0.01316	0.00000	0.98684
2	I	0.00000	0.01316	0.00000	0.98684
3	H	0.00000	0.01316	0.00000	0.98684
4	G	0.00000	0.01316	0.00000	0.98684
5	R	0.00000	0.01316	0.00000	0.98684
6	S	0.00000	0.01316	0.00000	0.98684
7	V	0.00000	0.01316	0.00000	0.98684
8	L	0.00000	0.01316	0.00000	0.98684
9	H	0.00000	0.01316	0.00000	0.98683
10	I	0.00000	0.01316	0.00000	0.98684
11	V	0.00000	0.01316	0.00000	0.98683
12	A	0.00000	0.01316	0.00000	0.98684
13	S	0.00000	0.01316	0.00000	0.98683
14	L	0.00000	0.01316	0.00000	0.98684
15	I	0.00000	0.0132	0.00000	0.98681
16	I	0.00000	0.01319	0.00000	0.98681
17	L	0.00000	0.01319	0.00000	0.98681
18	H	0.00000	0.021	0.00000	0.979
19	L	0.00000	0.02101	0.00000	0.97899
20	S	0.00000	0.03455	0.00000	0.96544
21	G	0.00000	0.03468	0.00000	0.96533
22	A	0.00000	0.03621	0.00000	0.96379
23	T	0.00000	0.04137	0.00000	0.95863
24	K	0.00000	0.99314	0.00000	0.00685
25	K	0.00000	0.99649	0.00000	0.00351
26	G	0.00000	0.9971	0.00000	0.0029
27	T	0.00000	0.99725	0.00000	0.00276
28	E	0.00000	0.99726	0.00000	0.00273
29	K	0.00000	0.99998	0.00000	2e-05
30	Q	0.00000	0.99999	0.00000	2e-05
31	T	0.00000	0.99998	0.00000	2e-05
32	T	0.00000	0.99998	0.00000	2e-05
33	S	0.00000	0.99998	0.00000	2e-05
34	E	0.00000	1	0.00000	0
35	T	0.00000	1	0.00000	0
36	Q	0.00000	1	0.00000	0
37	K	0.00000	1	0.00000	0
38	S	0.00000	1	0.00000	0
39	V	0.00000	1	0.00000	0
40	Q	0.00000	1	0.00000	0
41	C	0.00000	1	0.00000	0
42	G	0.00000	1	0.00000	0
43	T	0.00000	1	0.00000	0
44	W	0.00000	1	0.00000	0
45	T	0.00000	1	0.00000	0
46	K	0.00000	1	0.00000	0
47	H	0.00000	1	0.00000	0
48	A	0.00000	1	0.00000	0
49	E	0.00000	1	0.00000	0
50	G	0.00000	1	0.00000	0
51	G	0.00000	1	0.00000	0
52	I	0.00000	1	0.00000	0
53	F	0.00000	1	0.00000	0
54	T	0.00000	1	0.00000	0
55	S	0.00000	1	0.00000	0
56	P	0.00000	1	0.00000	0
57	N	0.00000	1	0.00000	0
58	Y	0.00000	1	0.00000	0
59	P	0.00000	1	0.00000	0
60	S	0.00000	1	0.00000	0
61	K	0.00000	1	0.00000	0
62	Y	0.00000	1	0.00000	0
63	P	0.00000	1	0.00000	0
64	P	0.00000	1	0.00000	0
65	D	0.00000	1	0.00000	0
66	R	0.00000	1	0.00000	0
67	E	0.00000	1	0.00000	0
68	C	0.00000	1	0.00000	0
69	I	0.00000	1	0.00000	0
70	Y	0.00000	1	0.00000	0
71	I	0.00000	1	0.00000	0
72	I	0.00000	1	0.00000	0
73	E	0.00000	1	0.00000	0
74	A	0.00000	1	0.00000	0
75	A	0.00000	1	0.00000	0
76	P	0.00000	1	0.00000	0
77	R	0.00000	1	0.00000	0
78	Q	0.00000	1	0.00000	0
79	C	0.00000	1	0.00000	0
80	I	0.00000	1	0.00000	0
81	E	0.00000	1	0.00000	0
82	L	0.00000	1	0.00000	0
83	Y	0.00000	1	0.00000	0
84	F	0.00000	1	0.00000	0
85	D	0.00000	1	0.00000	0
86	E	0.00000	1	0.00000	0
87	K	0.00000	1	0.00000	0
88	Y	0.00000	1	0.00000	0
89	S	0.00000	1	0.00000	0
90	I	0.00000	1	0.00000	0
91	E	0.00000	1	0.00000	0
92	P	0.00000	1	0.00000	0
93	S	0.00000	1	0.00000	0
94	W	0.00000	1	0.00000	0
95	E	0.00000	1	0.00000	0
96	C	0.00000	1	0.00000	0
97	K	0.00000	1	0.00000	0
98	F	0.00000	1	0.00000	0
99	D	0.00000	1	0.00000	0
100	H	0.00000	0.99885	0.00115	0
101	I	0.00000	0.99885	0.00115	0
102	E	0.00000	0.99885	0.00115	0
103	V	0.00000	0.99885	0.00115	0
104	R	0.00000	0.99885	0.00115	0
105	D	0.00000	0.99885	0.00115	0
106	G	0.00000	0.99884	0.00116	0
107	P	0.00000	0.99883	0.00117	0
108	F	0.00000	0.99882	0.00118	0
109	G	0.00000	0.99882	0.00118	0
110	F	0.00000	0.99882	0.00118	0
111	S	0.00000	0.99882	0.00118	0
112	P	0.00000	0.99882	0.00118	0
113	I	0.00000	0.99882	0.00118	0
114	I	0.00000	0.99882	0.00118	0
115	G	0.00000	0.99882	0.00118	0
116	R	0.00000	0.99882	0.00118	0
117	F	0.00000	0.99882	0.00118	0
118	C	0.00001	0.99882	0.00118	0
119	G	0.00027	0.99882	0.00091	0
120	Q	0.00088	0.99882	0.00031	0
121	Q	0.00115	0.99882	0.00003	0
122	N	0.00115	0.99882	0.00003	0
123	P	0.00115	0.99882	0.00003	0
124	P	0.00115	0.99882	0.00003	0
125	V	0.00115	0.99882	0.00003	0
126	I	0.00115	0.99882	0.00003	0
127	K	0.00118	0.99882	0.00000	0
128	S	0.00118	0.99882	0.00000	0
129	S	0.00118	0.99882	0.00000	0
130	G	0.00118	0.99848	0.00034	0
131	R	0.00118	0.99671	0.00211	0
132	F	0.00012	0.46228	0.53760	0
133	L	0.00002	0.22154	0.77843	0
134	W	0.00000	0.02015	0.97985	0
135	I	0.00000	0	1.00000	0
136	K	0.00000	0	1.00000	0
137	F	0.00000	0	1.00000	0
138	F	0.00000	0	1.00000	0
139	A	0.00000	0	1.00000	0
140	D	0.00000	0	1.00000	0
141	G	0.00000	0	1.00000	0
142	E	0.00000	0	1.00000	0
143	L	0.00000	0	1.00000	0
144	E	0.00000	0	1.00000	0
145	S	0.00000	0	1.00000	0
146	M	0.00000	0	1.00000	0
147	G	0.00000	0	1.00000	0
148	F	0.00000	0	1.00000	0
149	S	0.00000	0	1.00000	0
150	A	0.00000	1e-05	0.99999	0
151	R	0.00001	0.0004	0.99958	0
152	Y	0.00002	0.00061	0.99937	0
153	N	0.00287	0.00069	0.99645	0
154	F	0.00547	0.0007	0.99384	0
155	T	0.44213	0.00085	0.55703	0
156	P	0.99567	0.00097	0.00336	0
157	D	0.99881	0.00116	0.00003	0
158	P	0.99882	0.00116	0.00002	0
159	D	0.99882	0.00118	0.00000	0
160	F	0.99881	0.00118	0.00000	0
161	K	0.99881	0.00118	0.00000	0
162	D	0.99881	0.00118	0.00001	0
163	L	0.99865	0.00118	0.00016	0
164	G	0.99865	0.00118	0.00016	0
165	A	0.99865	0.00118	0.00016	0
166	L	0.99865	0.00118	0.00016	0
167	K	0.99865	0.00118	0.00016	0
168	P	0.99865	0.00118	0.00016	0
169	L	0.99853	0.00118	0.00029	0
170	P	0.99852	0.00118	0.00030	0
171	A	0.40945	0.00118	0.58937	0
172	C	0.00284	0.00118	0.99598	0
173	E	0.00019	0.00118	0.99863	0
174	F	0.00000	0.00118	0.99882	0
175	E	0.00000	0.00118	0.99882	0
176	M	0.00000	0.00118	0.99882	0
177	G	0.00000	0.00118	0.99882	0
178	G	0.00000	0.00118	0.99882	0
179	S	0.00000	0.00118	0.99882	0
180	E	0.00000	0.00119	0.99881	0
181	G	0.00000	0.00119	0.99881	0
182	I	0.00000	0.00119	0.99881	0
183	V	0.00000	0.00121	0.99879	0
184	E	0.00000	0.00127	0.99873	0
185	S	0.00000	0.0013	0.99870	0
186	I	0.00000	0.0013	0.99870	0
187	Q	0.00000	0.00131	0.99868	0
188	I	0.00000	0.00132	0.99868	0
189	M	0.00000	0.00253	0.99747	0
190	K	0.00000	0.10938	0.89062	0
191	E	0.00000	0.8676	0.13240	0
192	G	0.00000	0.96267	0.03733	0
193	K	0.00000	0.98932	0.01068	0
194	A	0.00000	0.99522	0.00478	0
195	T	0.00000	0.99983	0.00016	0
196	A	0.00000	0.99991	0.00009	0
197	S	0.00000	0.99999	0.00000	0
198	E	0.00000	1	0.00000	0
199	A	0.00000	1	0.00000	0
200	V	0.00000	1	0.00000	0
201	D	0.00000	1	0.00000	0
202	C	0.00000	1	0.00000	0
203	K	0.00000	1	0.00000	0
204	W	0.00000	1	0.00000	0
205	Y	0.00000	1	0.00000	0
206	I	0.00000	1	0.00000	0
207	R	0.00000	1	0.00000	0
208	A	0.00000	1	0.00000	0
209	P	0.00000	1	0.00000	0
210	P	0.00000	1	0.00000	0
211	R	0.00000	0.99979	0.00021	0
212	S	0.00000	0.99972	0.00028	0
213	K	0.00000	0.94456	0.05544	0
214	I	0.00000	0.26175	0.73825	0
215	Y	0.00000	0.24407	0.75593	0
216	L	0.00000	0.00752	0.99248	0
217	R	0.00000	0	1.00000	0
218	F	0.00000	0	1.00000	0
219	L	0.00000	0	1.00000	0
220	D	0.00000	0	1.00000	0
221	Y	0.00000	0	1.00000	0
222	E	0.00000	0	1.00000	0
223	M	0.00000	0	1.00000	0
224	Q	0.00000	0	1.00000	0
225	N	0.00000	0	1.00000	0
226	S	0.00000	0	1.00000	0
227	N	0.00000	0	1.00000	0
228	E	0.00000	0	1.00000	0
229	C	0.00000	0	1.00000	0
230	K	0.00000	0	1.00000	0
231	R	0.00000	0	1.00000	0
232	N	0.00662	0	0.99338	0
233	F	0.34104	0	0.65896	0
234	V	0.44182	0	0.55818	0
235	A	0.93853	0	0.06147	0
236	V	0.99936	0	0.00064	0
237	Y	0.99938	0	0.00062	0
238	D	0.99944	0	0.00056	0
239	G	1.00000	0	0.00000	0
240	S	1.00000	0	0.00000	0
241	S	1.00000	0	0.00000	0
242	S	1.00000	0	0.00000	0
243	V	1.00000	0	0.00000	0
244	E	1.00000	0	0.00000	0
245	D	1.00000	0	0.00000	0
246	L	0.99992	0	0.00008	0
247	K	0.99988	0	0.00012	0
248	A	0.99811	0	0.00189	0
249	K	0.99423	0	0.00576	0
250	F	0.25582	0	0.74418	0
251	C	0.00132	0	0.99868	0
252	S	0.00019	0	0.99981	0
253	T	0.00000	0	1.00000	0
254	V	0.00000	0	1.00000	0
255	A	0.00000	0	1.00000	0
256	N	0.00000	0	1.00000	0
257	D	0.00000	0	1.00000	0
258	V	0.00000	0	1.00000	0
259	M	0.00000	0	1.00000	0
260	L	0.00000	0	1.00000	0
261	R	0.00000	0	1.00000	0
262	T	0.00000	0	1.00000	0
263	G	0.00000	0	1.00000	0
264	L	0.00000	0	1.00000	0
265	G	0.00000	1e-05	0.99999	0
266	V	0.00000	4e-05	0.99996	0
267	I	0.00000	5e-05	0.99995	0
268	R	0.00000	0.00041	0.99959	0
269	M	0.00000	0.00095	0.99905	0
270	W	0.00000	0.03125	0.96875	0
271	A	0.00000	0.24807	0.75193	0
272	D	0.00000	0.99875	0.00125	0
273	E	0.00000	1	0.00000	0
274	G	0.00000	1	0.00000	0
275	S	0.00000	1	0.00000	0
276	R	0.00000	1	0.00000	0
277	N	0.00000	1	0.00000	0
278	S	0.00000	1	0.00000	0
279	R	0.00000	1	0.00000	0
280	F	0.00000	1	0.00000	0
281	Q	0.00000	1	0.00000	0
282	M	0.00000	1	0.00000	0
283	L	0.00000	1	0.00000	0
284	F	0.00000	1	0.00000	0
285	T	0.00000	1	0.00000	0
286	S	0.00000	1	0.00000	0
287	F	0.00000	1	0.00000	0
288	Q	0.00000	1	0.00000	0
289	E	0.00000	1	0.00000	0
290	P	0.00000	1	0.00000	0
291	P	0.00000	1	0.00000	0
292	C	0.00000	1	0.00000	0
293	E	0.00000	0.99999	0.00000	0
294	G	0.00000	0.99916	0.00083	0
295	N	0.00000	0.97935	0.02065	0
296	T	0.00000	0.71098	0.28902	0
297	F	0.00000	0.06286	0.93714	0
298	F	0.00000	0.00832	0.99168	0
299	C	0.00000	0.00351	0.99649	0
300	H	0.00000	0.00328	0.99672	0
301	S	0.00000	0.00047	0.99953	0
302	N	0.00000	8e-05	0.99992	0
303	M	0.00000	1e-05	0.99999	0
304	C	0.00000	1e-05	0.99999	0
305	I	0.00000	0	1.00000	0
306	N	0.00000	0	1.00000	0
307	N	0.00000	0	1.00000	0
308	T	0.00000	0	1.00000	0
309	L	0.00000	0	1.00000	0
310	V	0.00000	0	1.00000	0
311	C	0.00000	0	1.00000	0
312	N	0.00000	0	1.00000	0
313	G	0.00000	0	1.00000	0
314	L	0.00000	0	1.00000	0
315	Q	0.00003	0	0.99997	0
316	N	0.00003	0	0.99997	0
317	C	0.00005	0	0.99995	0
318	V	0.00053	0	0.99947	0
319	Y	0.01670	0	0.98330	0
320	P	0.24004	0	0.75996	0
321	W	0.28460	0	0.71540	0
322	D	0.98935	0	0.01065	0
323	E	0.99968	0	0.00032	0
324	N	0.99984	0	0.00016	0
325	H	0.99985	0	0.00015	0
326	C	0.99988	0	0.00012	0
327	K	1.00000	0	0.00000	0
328	E	1.00000	0	0.00000	0
329	K	1.00000	0	0.00000	0
330	R	1.00000	0	0.00000	0
331	K	1.00000	0	0.00000	0
332	T	1.00000	0	0.00000	0
333	S	1.00000	0	0.00000	0
334	L	1.00000	0	0.00000	0
335	L	1.00000	0	0.00000	0
336	D	1.00000	0	0.00000	0
337	Q	0.99947	0	0.00053	0
338	L	0.99118	0	0.00882	0
339	T	0.99083	0	0.00917	0
340	N	0.99014	0	0.00986	0
341	T	0.98665	0	0.01335	0
342	S	0.61992	0	0.38008	0
343	G	0.50271	0	0.49729	0
344	T	0.31032	0	0.68968	0
345	V	0.00485	0	0.99515	0
346	I	0.00001	0	0.99999	0
347	G	0.00001	0	0.99999	0
348	V	0.00000	0	1.00000	0
349	T	0.00000	0	1.00000	0
350	S	0.00000	0	1.00000	0
351	C	0.00000	0	1.00000	0
352	I	0.00000	0	1.00000	0
353	V	0.00000	0	1.00000	0
354	I	0.00000	0	1.00000	0
355	I	0.00000	0	1.00000	0
356	L	0.00000	0	1.00000	0
357	I	0.00000	0	1.00000	0
358	I	0.00000	0	1.00000	0
359	I	0.00000	2e-05	0.99998	0
360	S	0.00000	0.00023	0.99977	0
361	V	0.00000	0.00044	0.99956	0
362	I	0.00000	0.00181	0.99818	0
363	V	0.00000	0.02111	0.97889	0
364	Q	0.00000	0.17994	0.82006	0
365	I	0.00000	0.24946	0.75054	0
366	K	0.00000	0.9746	0.02540	0
367	Q	0.00000	0.99328	0.00672	0
368	P	0.00000	0.99803	0.00197	0
369	R	0.00000	0.99996	0.00004	0
370	K	0.00000	1	0.00000	0
371	K	0.00000	1	0.00000	0
372	Y	0.00000	1	0.00000	0
373	V	0.00000	1	0.00000	0
374	Q	0.00000	1	0.00000	0
375	R	0.00000	1	0.00000	0
376	K	0.00000	1	0.00000	0
377	S	0.00000	1	0.00000	0
378	D	0.00000	1	0.00000	0
379	F	0.00000	1	0.00000	0
380	D	0.00000	1	0.00000	0
381	Q	0.00000	0.99991	0.00009	0
382	T	0.00000	0.99588	0.00412	0
383	V	0.00000	0.97792	0.02208	0
384	F	0.00000	0.97235	0.02765	0
385	Q	0.00000	0.96055	0.03945	0
386	E	0.00000	0.95664	0.04336	0
387	V	0.00000	0.95552	0.04448	0
388	F	0.00000	0.9554	0.04460	0
389	E	0.00000	0.95538	0.04462	0
390	P	0.00000	0.95488	0.04512	0
391	P	0.00000	0.95032	0.04967	0
392	H	0.00000	0.94571	0.05429	0
393	Y	0.00000	0.93768	0.06232	0
394	E	0.00000	0.92612	0.07388	0
395	L	0.00000	0.00257	0.99743	0
396	C	0.00000	0.00014	0.99986	0
397	T	0.00000	0	1.00000	0
398	L	0.00000	0	1.00000	0
399	R	0.00000	0	1.00000	0
400	G	0.00000	0	1.00000	0
401	T	0.00000	0	1.00000	0
402	G	0.00000	0	1.00000	0
403	A	0.00000	0	1.00000	0
404	T	0.00000	0	1.00000	0
405	A	0.01427	0	0.98572	0
406	D	0.02795	0	0.97205	0
407	F	0.02991	0	0.97008	0
408	A	0.04045	0	0.95955	0
409	D	0.04431	0	0.95568	0
410	V	0.04440	0	0.95560	0
411	A	0.04475	0	0.95525	0
412	D	0.05121	0	0.94879	0
413	D	0.05417	0	0.94583	0
414	F	0.06974	0	0.93026	0
415	E	0.99998	0	0.00002	0
416	N	0.99998	0	0.00002	0
417	Y	0.99998	0	0.00002	0
418	H	0.99998	0	0.00001	0
419	K	1.00000	0	0.00000	0
420	L	1.00000	0	0.00000	0
421	R	1.00000	0	0.00000	0
422	R	1.00000	0	0.00000	0
423	S	1.00000	0	0.00000	0
424	S	1.00000	0	0.00000	0
425	S	1.00000	0	0.00000	0
426	K	1.00000	0	0.00000	0
427	C	1.00000	0	0.00000	0
428	I	1.00000	0	0.00000	0
429	H	1.00000	0	0.00000	0
430	D	1.00000	0	0.00000	0
431	H	1.00000	0	0.00000	0
432	H	1.00000	0	0.00000	0
433	C	1.00000	0	0.00000	0
434	G	1.00000	0	0.00000	0
435	S	1.00000	0	0.00000	0
436	Q	1.00000	0	0.00000	0
437	L	1.00000	0	0.00000	0
438	S	1.00000	0	0.00000	0
439	S	1.00000	0	0.00000	0
440	T	1.00000	0	0.00000	0
441	K	1.00000	0	0.00000	0
442	G	1.00000	0	0.00000	0
443	S	1.00000	0	0.00000	0
444	R	1.00000	0	0.00000	0
445	S	1.00000	0	0.00000	0
446	N	1.00000	0	0.00000	0
447	L	1.00000	0	0.00000	0
448	S	1.00000	0	0.00000	0
449	T	1.00000	0	0.00000	0
450	R	1.00000	0	0.00000	0
451	D	1.00000	0	0.00000	0
452	A	1.00000	0	0.00000	0
453	S	1.00000	0	0.00000	0
454	I	1.00000	0	0.00000	0
455	L	1.00000	0	0.00000	0
456	T	1.00000	0	0.00000	0
457	E	1.00000	0	0.00000	0
458	M	1.00000	0	0.00000	0
459	P	1.00000	0	0.00000	0
460	T	1.00000	0	0.00000	0
461	Q	1.00000	0	0.00000	0
462	P	1.00000	0	0.00000	0
463	G	1.00000	0	0.00000	0
464	K	1.00000	0	0.00000	0
465	P	1.00000	0	0.00000	0
466	L	1.00000	0	0.00000	0
467	I	1.00000	0	0.00000	0
468	P	1.00000	0	0.00000	0
469	P	1.00000	0	0.00000	0
470	M	1.00000	0	0.00000	0
471	N	1.00000	0	0.00000	0
472	R	1.00000	0	0.00000	0
473	R	1.00000	0	0.00000	0
474	N	1.00000	0	0.00000	0
475	I	1.00000	0	0.00000	0
476	L	1.00000	0	0.00000	0
477	V	1.00000	0	0.00000	0
478	M	1.00000	0	0.00000	0
479	K	1.00000	0	0.00000	0
480	H	1.00000	0	0.00000	0
481	S	1.00000	0	0.00000	0
482	Y	1.00000	0	0.00000	0
483	S	1.00000	0	0.00000	0
484	Q	1.00000	0	0.00000	0
485	D	1.00000	0	0.00000	0
486	A	1.00000	0	0.00000	0
487	A	1.00000	0	0.00000	0
488	D	1.00000	0	0.00000	0
489	A	1.00000	0	0.00000	0
490	C	1.00000	0	0.00000	0
491	D	1.00000	0	0.00000	0
492	I	1.00000	0	0.00000	0
493	D	1.00000	0	0.00000	0
494	E	1.00000	0	0.00000	0
495	I	1.00000	0	0.00000	0
496	E	1.00000	0	0.00000	0
497	E	1.00000	0	0.00000	0
498	V	1.00000	0	0.00000	0
499	P	1.00000	0	0.00000	0
500	T	1.00000	0	0.00000	0
501	T	1.00000	0	0.00000	0
502	S	1.00000	0	0.00000	0
503	H	1.00000	0	0.00000	0
504	R	1.00000	0	0.00000	0
505	L	1.00000	0	0.00000	0
506	S	1.00000	0	0.00000	0
507	R	1.00000	0	0.00000	0
508	H	1.00000	0	0.00000	0
509	D	1.00000	0	0.00000	0
510	K	1.00000	0	0.00000	0
511	A	1.00000	0	0.00000	0
512	V	1.00000	0	0.00000	0
513	Q	1.00000	0	0.00000	0
514	R	1.00000	0	0.00000	0
515	F	1.00000	0	0.00000	0
516	C	1.00000	0	0.00000	0
517	L	1.00000	0	0.00000	0
518	I	1.00000	0	0.00000	0
519	G	1.00000	0	0.00000	0
520	S	1.00000	0	0.00000	0
521	L	1.00000	0	0.00000	0
522	S	1.00000	0	0.00000	0
523	K	1.00000	0	0.00000	0
524	H	1.00000	0	0.00000	0
525	E	1.00000	0	0.00000	0
526	S	1.00000	0	0.00000	0
527	E	1.00000	0	0.00000	0
528	Y	1.00000	0	0.00000	0
529	N	1.00000	0	0.00000	0
530	T	1.00000	0	0.00000	0
531	T	1.00000	0	0.00000	0
532	R	1.00000	0	0.00000	0
533	V	1.00000	0	0.00000	0
