# UNNAMED
#pos	aa	i	o	M	S
1	M	0.00000	0.99971	0.00000	0.00029
2	E	0.00000	0.99971	0.00000	0.00029
3	P	0.00000	0.99971	0.00000	0.00029
4	R	0.00000	0.99971	0.00000	0.00029
5	N	0.00000	0.99971	0.00000	0.00029
6	Q	0.00000	0.99971	0.00000	0.00029
7	T	0.00000	0.99971	0.00000	0.0003
8	S	0.00000	0.99971	0.00000	0.00029
9	A	0.00000	0.99971	0.00000	0.00029
10	S	0.00000	0.99971	0.00000	0.00029
11	Q	0.00000	0.99971	0.00000	0.00029
12	F	0.00000	0.99971	0.00000	0.00029
13	I	0.00000	0.99971	0.00000	0.00029
14	L	0.00000	0.99971	0.00000	0.00029
15	L	0.00000	0.99971	0.00000	0.00029
16	G	0.00000	0.99971	0.00000	0.00029
17	L	0.00000	0.99971	0.00000	0.00029
18	S	0.00000	0.99973	0.00000	0.00027
19	E	0.00000	0.99985	0.00000	0.00016
20	K	0.00000	0.99999	0.00000	0
21	P	0.00000	0.99999	0.00001	0
22	E	0.00000	0.99997	0.00003	0
23	Q	0.00000	0.99909	0.00091	0
24	E	0.00000	0.98603	0.01397	0
25	T	0.00000	0.75278	0.24722	0
26	L	0.00000	0.57723	0.42277	0
27	L	0.00000	0.3586	0.64140	0
28	F	0.00000	0.12867	0.87133	0
29	S	0.00000	0.12251	0.87749	0
30	L	0.00000	0.11489	0.88511	0
31	F	0.00000	0.00758	0.99242	0
32	F	0.00000	0.00068	0.99932	0
33	C	0.00000	0.00022	0.99978	0
34	M	0.00000	4e-05	0.99996	0
35	Y	0.00000	0	1.00000	0
36	L	0.00000	0	1.00000	0
37	V	0.00000	0	1.00000	0
38	M	0.00000	0	1.00000	0
39	V	0.00000	0	1.00000	0
40	V	0.00000	0	1.00000	0
41	G	0.00000	0	1.00000	0
42	N	0.00000	0	1.00000	0
43	L	0.00000	0	1.00000	0
44	L	0.00000	0	1.00000	0
45	I	0.00000	0	1.00000	0
46	I	0.00001	0	0.99999	0
47	L	0.00096	0	0.99904	0
48	A	0.03194	0	0.96806	0
49	I	0.09804	0	0.90196	0
50	S	0.71396	0	0.28604	0
51	I	0.77300	0	0.22700	0
52	D	0.99804	0	0.00196	0
53	S	0.99973	0	0.00027	0
54	H	0.99990	0	0.00010	0
55	L	0.99992	0	0.00008	0
56	H	0.99999	0	0.00001	0
57	T	1.00000	0	0.00000	0
58	P	1.00000	0	0.00000	0
59	M	0.34163	0	0.65837	0
60	Y	0.26923	0	0.73077	0
61	F	0.04465	0	0.95535	0
62	F	0.00098	0	0.99902	0
63	L	0.00011	0	0.99989	0
64	A	0.00003	0	0.99997	0
65	N	0.00000	0	1.00000	0
66	L	0.00000	0	1.00000	0
67	S	0.00000	0	1.00000	0
68	L	0.00000	0	1.00000	0
69	V	0.00000	0	1.00000	0
70	D	0.00000	0	1.00000	0
71	F	0.00000	0	1.00000	0
72	C	0.00000	0	1.00000	0
73	L	0.00000	0	1.00000	0
74	A	0.00000	0	1.00000	0
75	T	0.00000	0	1.00000	0
76	N	0.00000	0	1.00000	0
77	T	0.00000	0	1.00000	0
78	I	0.00000	0.0001	0.99990	0
79	P	0.00000	0.00227	0.99773	0
80	K	0.00000	0.0172	0.98280	0
81	M	0.00000	0.02569	0.97431	0
82	L	0.00000	0.12812	0.87188	0
83	V	0.00000	0.50418	0.49582	0
84	S	0.00000	0.99993	0.00007	0
85	L	0.00000	0.99999	0.00001	0
86	Q	0.00000	1	0.00000	0
87	T	0.00000	1	0.00000	0
88	G	0.00000	1	0.00000	0
89	S	0.00000	1	0.00000	0
90	K	0.00000	1	0.00000	0
91	A	0.00000	1	0.00000	0
92	I	0.00000	1	0.00000	0
93	S	0.00000	1	0.00000	0
94	Y	0.00000	1	0.00000	0
95	P	0.00000	1	0.00000	0
96	C	0.00000	0.99999	0.00001	0
97	C	0.00000	0.9999	0.00010	0
98	L	0.00000	0.98896	0.01104	0
99	I	0.00000	0.97481	0.02519	0
100	Q	0.00000	0.96284	0.03716	0
101	M	0.00000	0.40565	0.59435	0
102	Y	0.00000	0.17685	0.82315	0
103	F	0.00000	0.00957	0.99043	0
104	F	0.00000	0.00057	0.99943	0
105	H	0.00000	0.00013	0.99987	0
106	F	0.00000	8e-05	0.99992	0
107	F	0.00000	0	1.00000	0
108	G	0.00000	0	1.00000	0
109	I	0.00000	0	1.00000	0
110	V	0.00000	0	1.00000	0
111	D	0.00000	0	1.00000	0
112	S	0.00000	0	1.00000	0
113	V	0.00000	0	1.00000	0
114	I	0.00000	0	1.00000	0
115	I	0.00000	0	1.00000	0
116	A	0.00000	0	1.00000	0
117	M	0.00000	0	1.00000	0
118	M	0.00000	0	1.00000	0
119	A	0.00000	0	1.00000	0
120	Y	0.00000	0	1.00000	0
121	D	0.00000	0	1.00000	0
122	R	0.00083	0	0.99917	0
123	F	0.05254	0	0.94746	0
124	V	0.91567	0	0.08433	0
125	A	0.99619	0	0.00381	0
126	I	1.00000	0	0.00000	0
127	C	1.00000	0	0.00000	0
128	H	1.00000	0	0.00000	0
129	P	1.00000	0	0.00000	0
130	L	1.00000	0	0.00000	0
131	H	1.00000	0	0.00000	0
132	Y	1.00000	0	0.00000	0
133	A	1.00000	0	0.00000	0
134	K	1.00000	0	0.00000	0
135	I	1.00000	0	0.00000	0
136	M	1.00000	0	0.00000	0
137	S	1.00000	0	0.00000	0
138	L	0.99736	0	0.00264	0
139	R	0.99279	0	0.00721	0
140	L	0.65140	0	0.34860	0
141	C	0.06960	0	0.93040	0
142	R	0.06677	0	0.93323	0
143	L	0.00789	0	0.99211	0
144	L	0.00061	0	0.99939	0
145	V	0.00047	0	0.99953	0
146	G	0.00044	0	0.99956	0
147	A	0.00001	0	0.99999	0
148	L	0.00000	0	1.00000	0
149	W	0.00000	0	1.00000	0
150	A	0.00000	0	1.00000	0
151	F	0.00000	0	1.00000	0
152	S	0.00000	0	1.00000	0
153	C	0.00000	0	1.00000	0
154	F	0.00000	0	1.00000	0
155	I	0.00000	0	1.00000	0
156	S	0.00000	0	1.00000	0
157	L	0.00000	0	1.00000	0
158	T	0.00000	3e-05	0.99997	0
159	H	0.00000	0.00067	0.99933	0
160	I	0.00000	0.00146	0.99854	0
161	L	0.00000	0.00989	0.99011	0
162	L	0.00000	0.08084	0.91916	0
163	M	0.00000	0.3045	0.69550	0
164	A	0.00000	0.9522	0.04780	0
165	R	0.00000	0.9969	0.00310	0
166	L	0.00000	0.99773	0.00227	0
167	V	0.00000	0.99873	0.00127	0
168	F	0.00000	0.99938	0.00062	0
169	C	0.00000	0.99998	0.00002	0
170	G	0.00000	1	0.00000	0
171	S	0.00000	1	0.00000	0
172	H	0.00000	1	0.00000	0
173	E	0.00000	1	0.00000	0
174	V	0.00000	1	0.00000	0
175	P	0.00000	1	0.00000	0
176	H	0.00000	1	0.00000	0
177	Y	0.00000	1	0.00000	0
178	F	0.00000	1	0.00000	0
179	C	0.00000	1	0.00000	0
180	D	0.00000	1	0.00000	0
181	L	0.00000	1	0.00000	0
182	T	0.00000	1	0.00000	0
183	P	0.00000	1	0.00000	0
184	I	0.00000	1	0.00000	0
185	L	0.00000	1	0.00000	0
186	R	0.00000	1	0.00000	0
187	L	0.00000	1	0.00000	0
188	S	0.00000	1	0.00000	0
189	C	0.00000	1	0.00000	0
190	T	0.00000	1	0.00000	0
191	D	0.00000	0.99995	0.00005	0
192	T	0.00000	0.99949	0.00051	0
193	S	0.00000	0.9984	0.00160	0
194	V	0.00000	0.99646	0.00354	0
195	N	0.00000	0.99604	0.00396	0
196	R	0.00000	0.99028	0.00972	0
197	I	0.00000	0.5332	0.46680	0
198	F	0.00000	0.40311	0.59689	0
199	I	0.00000	0.02187	0.97813	0
200	L	0.00000	0.00141	0.99859	0
201	I	0.00000	7e-05	0.99993	0
202	V	0.00000	4e-05	0.99996	0
203	A	0.00000	2e-05	0.99998	0
204	G	0.00000	2e-05	0.99998	0
205	M	0.00000	0	1.00000	0
206	V	0.00000	0	1.00000	0
207	I	0.00000	0	1.00000	0
208	A	0.00000	0	1.00000	0
209	T	0.00000	0	1.00000	0
210	P	0.00000	0	1.00000	0
211	F	0.00000	0	1.00000	0
212	V	0.00000	0	1.00000	0
213	C	0.00000	0	1.00000	0
214	I	0.00000	0	1.00000	0
215	L	0.00000	0	1.00000	0
216	A	0.00050	0	0.99950	0
217	S	0.00156	0	0.99844	0
218	Y	0.00222	0	0.99778	0
219	A	0.03050	0	0.96950	0
220	R	0.10076	0	0.89924	0
221	I	0.10806	0	0.89194	0
222	L	0.15256	0	0.84744	0
223	V	0.59971	0	0.40029	0
224	A	0.86756	0	0.13244	0
225	I	0.99471	0	0.00529	0
226	M	0.99873	0	0.00127	0
227	K	0.99996	0	0.00004	0
228	V	0.99998	0	0.00002	0
229	P	1.00000	0	0.00000	0
230	S	1.00000	0	0.00000	0
231	A	1.00000	0	0.00000	0
232	G	1.00000	0	0.00000	0
233	G	0.99999	0	0.00001	0
234	R	0.99974	0	0.00026	0
235	K	0.99931	0	0.00069	0
236	K	0.99721	0	0.00279	0
237	A	0.99231	0	0.00769	0
238	F	0.99028	0	0.00972	0
239	S	0.98877	0	0.01123	0
240	T	0.98877	0	0.01123	0
241	C	0.98817	0	0.01183	0
242	S	0.98805	0	0.01195	0
243	S	0.98736	0	0.01264	0
244	H	0.98545	0	0.01455	0
245	L	0.96437	0	0.03563	0
246	S	0.94839	0	0.05161	0
247	V	0.04713	0	0.95287	0
248	V	0.00080	0	0.99920	0
249	A	0.00012	0	0.99988	0
250	L	0.00000	0	1.00000	0
251	F	0.00000	0	1.00000	0
252	Y	0.00000	0	1.00000	0
253	G	0.00000	0	1.00000	0
254	T	0.00000	1e-05	0.99999	0
255	T	0.00000	2e-05	0.99998	0
256	I	0.00000	5e-05	0.99995	0
257	G	0.00000	0.00035	0.99965	0
258	V	0.00000	0.00042	0.99958	0
259	Y	0.00000	0.00112	0.99888	0
260	L	0.00000	0.00237	0.99763	0
261	C	0.00000	0.00923	0.99077	0
262	P	0.00000	0.01008	0.98992	0
263	S	0.00000	0.01057	0.98943	0
264	S	0.00000	0.01079	0.98921	0
265	V	0.00000	0.01081	0.98919	0
266	L	0.00000	0.01095	0.98905	0
267	T	0.00000	0.03823	0.96177	0
268	T	0.00000	0.14803	0.85197	0
269	V	0.00000	0.31342	0.68658	0
270	K	0.00000	0.99124	0.00876	0
271	E	0.00000	0.99339	0.00661	0
272	K	0.00000	0.91787	0.08213	0
273	A	0.00000	0.11684	0.88316	0
274	S	0.00000	0.01516	0.98484	0
275	A	0.00000	0	1.00000	0
276	V	0.00000	0	1.00000	0
277	M	0.00000	0	1.00000	0
278	Y	0.00000	0	1.00000	0
279	T	0.00000	0	1.00000	0
280	A	0.00000	0	1.00000	0
281	V	0.00000	0	1.00000	0
282	T	0.00000	0	1.00000	0
283	P	0.00000	0	1.00000	0
284	M	0.00000	0	1.00000	0
285	L	0.00000	0	1.00000	0
286	N	0.00000	0	1.00000	0
287	P	0.00000	0	1.00000	0
288	F	0.00000	0	1.00000	0
289	I	0.00004	0	0.99996	0
290	Y	0.00024	0	0.99976	0
291	S	0.00112	0	0.99888	0
292	L	0.01453	0	0.98547	0
293	R	1.00000	0	0.00000	0
294	N	1.00000	0	0.00000	0
295	R	1.00000	0	0.00000	0
296	D	1.00000	0	0.00000	0
297	L	1.00000	0	0.00000	0
298	K	1.00000	0	0.00000	0
299	G	1.00000	0	0.00000	0
300	A	1.00000	0	0.00000	0
301	L	1.00000	0	0.00000	0
302	R	1.00000	0	0.00000	0
303	K	1.00000	0	0.00000	0
304	L	1.00000	0	0.00000	0
305	V	1.00000	0	0.00000	0
306	N	1.00000	0	0.00000	0
307	R	1.00000	0	0.00000	0
308	K	1.00000	0	0.00000	0
309	I	1.00000	0	0.00000	0
310	T	1.00000	0	0.00000	0
311	S	1.00000	0	0.00000	0
312	S	1.00000	0	0.00000	0
313	S	1.00000	0	0.00000	0
