# UNNAMED
#pos	aa	i	o	M	S
1	M	0.00000	0.99932	0.00000	0.00068
2	S	0.00000	0.99932	0.00000	0.00067
3	V	0.00000	0.99932	0.00000	0.00068
4	L	0.00000	0.99932	0.00000	0.00068
5	N	0.00000	0.99932	0.00000	0.00068
6	N	0.00000	0.99932	0.00000	0.00067
7	S	0.00000	0.99932	0.00000	0.00068
8	E	0.00000	0.99932	0.00000	0.00068
9	V	0.00000	0.99932	0.00000	0.00068
10	K	0.00000	0.99932	0.00000	0.00068
11	L	0.00000	0.99932	0.00000	0.00068
12	F	0.00000	0.99932	0.00000	0.00068
13	L	0.00000	0.99932	0.00000	0.00068
14	L	0.00000	0.99932	0.00000	0.00068
15	I	0.00000	0.99932	0.00000	0.00068
16	G	0.00000	0.99932	0.00000	0.00068
17	I	0.00000	0.99933	0.00000	0.00067
18	P	0.00000	0.99933	0.00000	0.00067
19	G	0.00000	0.99933	0.00000	0.00067
20	L	0.00000	0.99996	0.00000	4e-05
21	E	0.00000	0.99995	0.00001	4e-05
22	H	0.00000	0.97047	0.02953	0
23	A	0.00000	0.83665	0.16335	0
24	H	0.00000	0.76032	0.23968	0
25	I	0.00000	0.41756	0.58244	0
26	W	0.00000	0.15128	0.84872	0
27	F	0.00000	0.02056	0.97944	0
28	S	0.00000	0.01652	0.98348	0
29	I	0.00000	0.01002	0.98998	0
30	P	0.00000	0.00977	0.99023	0
31	I	0.00000	0.0001	0.99990	0
32	C	0.00000	2e-05	0.99998	0
33	L	0.00000	0	1.00000	0
34	M	0.00000	0	1.00000	0
35	Y	0.00000	0	1.00000	0
36	L	0.00000	0	1.00000	0
37	L	0.00000	0	1.00000	0
38	A	0.00000	0	1.00000	0
39	I	0.00000	0	1.00000	0
40	M	0.00000	0	1.00000	0
41	G	0.00000	0	1.00000	0
42	N	0.00000	0	1.00000	0
43	C	0.00000	0	1.00000	0
44	T	0.00000	0	1.00000	0
45	I	0.00000	0	1.00000	0
46	L	0.00001	0	0.99999	0
47	F	0.00016	0	0.99984	0
48	I	0.00756	0	0.99244	0
49	I	0.07449	0	0.92551	0
50	K	0.98781	0	0.01219	0
51	T	0.99884	0	0.00116	0
52	E	0.99999	0	0.00001	0
53	P	1.00000	0	0.00000	0
54	S	1.00000	0	0.00000	0
55	L	1.00000	0	0.00000	0
56	H	1.00000	0	0.00000	0
57	E	1.00000	0	0.00000	0
58	P	1.00000	0	0.00000	0
59	M	0.20995	0	0.79005	0
60	Y	0.13436	0	0.86564	0
61	Y	0.04097	0	0.95903	0
62	F	0.00031	0	0.99969	0
63	L	0.00001	0	0.99999	0
64	A	0.00000	0	1.00000	0
65	M	0.00000	0	1.00000	0
66	L	0.00000	0	1.00000	0
67	A	0.00000	0	1.00000	0
68	V	0.00000	0	1.00000	0
69	S	0.00000	0	1.00000	0
70	D	0.00000	0	1.00000	0
71	M	0.00000	0	1.00000	0
72	G	0.00000	0	1.00000	0
73	L	0.00000	0	1.00000	0
74	S	0.00000	0	1.00000	0
75	L	0.00000	0	1.00000	0
76	S	0.00000	0	1.00000	0
77	S	0.00000	1e-05	0.99999	0
78	L	0.00000	2e-05	0.99998	0
79	P	0.00000	0.0002	0.99980	0
80	T	0.00000	0.00328	0.99672	0
81	M	0.00000	0.00608	0.99392	0
82	L	0.00000	0.07108	0.92892	0
83	R	0.00000	0.83671	0.16329	0
84	V	0.00000	0.99582	0.00418	0
85	F	0.00000	0.9961	0.00390	0
86	L	0.00000	0.99694	0.00306	0
87	F	0.00000	0.99776	0.00224	0
88	N	0.00000	0.99987	0.00013	0
89	A	0.00000	0.99994	0.00006	0
90	M	0.00000	0.99997	0.00003	0
91	G	0.00000	0.99999	0.00001	0
92	I	0.00000	1	0.00000	0
93	S	0.00000	1	0.00000	0
94	P	0.00000	1	0.00000	0
95	N	0.00000	1	0.00000	0
96	A	0.00000	1	0.00000	0
97	C	0.00000	1	0.00000	0
98	F	0.00000	1	0.00000	0
99	A	0.00000	1	0.00000	0
100	Q	0.00000	1	0.00000	0
101	E	0.00000	1	0.00000	0
102	F	0.00000	0.20997	0.79003	0
103	F	0.00000	0.00879	0.99121	0
104	I	0.00000	0.00179	0.99821	0
105	H	0.00000	0.00013	0.99987	0
106	G	0.00000	0	1.00000	0
107	F	0.00000	0	1.00000	0
108	T	0.00000	0	1.00000	0
109	V	0.00000	0	1.00000	0
110	M	0.00000	0	1.00000	0
111	E	0.00000	0	1.00000	0
112	S	0.00000	0	1.00000	0
113	S	0.00000	0	1.00000	0
114	V	0.00000	0	1.00000	0
115	L	0.00000	0	1.00000	0
116	L	0.00000	0	1.00000	0
117	I	0.00000	0	1.00000	0
118	M	0.00000	0	1.00000	0
119	S	0.00000	0	1.00000	0
120	L	0.00000	0	1.00000	0
121	D	0.00000	0	1.00000	0
122	R	0.00138	0	0.99862	0
123	F	0.00677	0	0.99323	0
124	L	0.48959	0	0.51041	0
125	A	0.79174	0	0.20826	0
126	I	0.99979	0	0.00021	0
127	H	1.00000	0	0.00000	0
128	N	1.00000	0	0.00000	0
129	P	1.00000	0	0.00000	0
130	L	1.00000	0	0.00000	0
131	R	1.00000	0	0.00000	0
132	Y	1.00000	0	0.00000	0
133	S	1.00000	0	0.00000	0
134	S	1.00000	0	0.00000	0
135	I	1.00000	0	0.00000	0
136	L	1.00000	0	0.00000	0
137	T	1.00000	0	0.00000	0
138	S	1.00000	0	0.00000	0
139	N	0.99968	0	0.00032	0
140	R	0.99520	0	0.00480	0
141	V	0.74680	0	0.25320	0
142	A	0.62511	0	0.37489	0
143	K	0.57450	0	0.42550	0
144	M	0.09068	0	0.90932	0
145	G	0.02981	0	0.97019	0
146	L	0.02324	0	0.97676	0
147	I	0.00003	0	0.99997	0
148	L	0.00000	0	1.00000	0
149	A	0.00000	0	1.00000	0
150	I	0.00000	0	1.00000	0
151	R	0.00000	0	1.00000	0
152	S	0.00000	0	1.00000	0
153	I	0.00000	0	1.00000	0
154	L	0.00000	0	1.00000	0
155	L	0.00000	0	1.00000	0
156	V	0.00000	0	1.00000	0
157	I	0.00000	0	1.00000	0
158	P	0.00000	0	1.00000	0
159	F	0.00000	2e-05	0.99998	0
160	P	0.00000	0.00124	0.99876	0
161	F	0.00000	0.00468	0.99532	0
162	T	0.00000	0.06123	0.93877	0
163	L	0.00000	0.10985	0.89015	0
164	R	0.00000	0.85116	0.14884	0
165	R	0.00000	0.92765	0.07235	0
166	L	0.00000	0.93963	0.06037	0
167	K	0.00000	0.99807	0.00193	0
168	Y	0.00000	0.99907	0.00093	0
169	C	0.00000	1	0.00000	0
170	Q	0.00000	1	0.00000	0
171	K	0.00000	1	0.00000	0
172	N	0.00000	1	0.00000	0
173	L	0.00000	1	0.00000	0
174	L	0.00000	1	0.00000	0
175	S	0.00000	1	0.00000	0
176	H	0.00000	1	0.00000	0
177	S	0.00000	1	0.00000	0
178	Y	0.00000	1	0.00000	0
179	C	0.00000	1	0.00000	0
180	L	0.00000	1	0.00000	0
181	H	0.00000	1	0.00000	0
182	Q	0.00000	1	0.00000	0
183	D	0.00000	1	0.00000	0
184	T	0.00000	1	0.00000	0
185	M	0.00000	1	0.00000	0
186	K	0.00000	1	0.00000	0
187	L	0.00000	1	0.00000	0
188	A	0.00000	1	0.00000	0
189	C	0.00000	1	0.00000	0
190	S	0.00000	1	0.00000	0
191	D	0.00000	1	0.00000	0
192	N	0.00000	1	0.00000	0
193	K	0.00000	0.99988	0.00012	0
194	T	0.00000	0.76894	0.23106	0
195	N	0.00000	0.74882	0.25118	0
196	V	0.00000	0.43123	0.56877	0
197	I	0.00000	0.29318	0.70682	0
198	Y	0.00000	0.18047	0.81953	0
199	G	0.00000	0.16597	0.83403	0
200	F	0.00000	0.00272	0.99728	0
201	F	0.00000	0.00194	0.99806	0
202	I	0.00000	0.00165	0.99835	0
203	A	0.00000	0.00165	0.99835	0
204	L	0.00000	0	1.00000	0
205	C	0.00000	0	1.00000	0
206	T	0.00000	0	1.00000	0
207	M	0.00000	0	1.00000	0
208	L	0.00000	0	1.00000	0
209	D	0.00000	0	1.00000	0
210	L	0.00000	0	1.00000	0
211	A	0.00000	0	1.00000	0
212	L	0.00000	0	1.00000	0
213	I	0.00000	0	1.00000	0
214	V	0.00000	0	1.00000	0
215	L	0.00001	0	0.99999	0
216	S	0.00035	0	0.99965	0
217	Y	0.00055	0	0.99945	0
218	V	0.00284	0	0.99716	0
219	L	0.01184	0	0.98816	0
220	I	0.03921	0	0.96079	0
221	L	0.14123	0	0.85877	0
222	K	0.96278	0	0.03722	0
223	T	0.96962	0	0.03038	0
224	I	0.97166	0	0.02834	0
225	L	0.98017	0	0.01983	0
226	S	0.99733	0	0.00267	0
227	I	0.99898	0	0.00102	0
228	A	0.99945	0	0.00055	0
229	S	0.99990	0	0.00010	0
230	L	0.99993	0	0.00007	0
231	A	0.99997	0	0.00003	0
232	E	1.00000	0	0.00000	0
233	R	0.99984	0	0.00016	0
234	L	0.98897	0	0.01103	0
235	K	0.98256	0	0.01744	0
236	A	0.97498	0	0.02502	0
237	L	0.95424	0	0.04576	0
238	N	0.94008	0	0.05992	0
239	T	0.93878	0	0.06122	0
240	C	0.88625	0	0.11375	0
241	V	0.88131	0	0.11869	0
242	S	0.87796	0	0.12204	0
243	H	0.87784	0	0.12216	0
244	I	0.00420	0	0.99580	0
245	C	0.00229	0	0.99771	0
246	A	0.00000	0	1.00000	0
247	V	0.00000	0	1.00000	0
248	L	0.00000	0	1.00000	0
249	T	0.00000	0	1.00000	0
250	F	0.00000	0	1.00000	0
251	Y	0.00000	0	1.00000	0
252	V	0.00000	0	1.00000	0
253	P	0.00000	0	1.00000	0
254	I	0.00000	0	1.00000	0
255	I	0.00000	2e-05	0.99998	0
256	T	0.00000	0.00015	0.99985	0
257	L	0.00000	0.00019	0.99981	0
258	A	0.00000	0.00048	0.99952	0
259	A	0.00000	0.00234	0.99766	0
260	M	0.00000	0.00815	0.99185	0
261	H	0.00000	0.05179	0.94821	0
262	H	0.00000	0.07038	0.92962	0
263	F	0.00000	0.08001	0.91999	0
264	A	0.00000	0.20994	0.79006	0
265	K	0.00000	0.98766	0.01234	0
266	H	0.00000	0.99961	0.00039	0
267	K	0.00000	0.99998	0.00002	0
268	S	0.00000	0.99888	0.00112	0
269	P	0.00000	0.97612	0.02388	0
270	L	0.00000	0.32714	0.67286	0
271	V	0.00000	0.06523	0.93477	0
272	V	0.00000	0.00733	0.99267	0
273	I	0.00000	0.00195	0.99805	0
274	L	0.00000	5e-05	0.99995	0
275	I	0.00000	0	1.00000	0
276	A	0.00000	0	1.00000	0
277	D	0.00000	0	1.00000	0
278	M	0.00000	0	1.00000	0
279	F	0.00000	0	1.00000	0
280	L	0.00000	0	1.00000	0
281	L	0.00000	0	1.00000	0
282	V	0.00000	0	1.00000	0
283	P	0.00000	0	1.00000	0
284	P	0.00000	0	1.00000	0
285	L	0.00000	0	1.00000	0
286	M	0.00000	0	1.00000	0
287	N	0.00000	0	1.00000	0
288	P	0.00000	0	1.00000	0
289	I	0.00006	0	0.99994	0
290	V	0.00154	0	0.99846	0
291	Y	0.01926	0	0.98074	0
292	C	0.06692	0	0.93308	0
293	V	0.28762	0	0.71238	0
294	K	1.00000	0	0.00000	0
295	T	1.00000	0	0.00000	0
296	R	1.00000	0	0.00000	0
297	Q	1.00000	0	0.00000	0
298	I	1.00000	0	0.00000	0
299	W	1.00000	0	0.00000	0
300	E	1.00000	0	0.00000	0
301	K	1.00000	0	0.00000	0
302	I	1.00000	0	0.00000	0
303	L	1.00000	0	0.00000	0
304	G	1.00000	0	0.00000	0
305	K	1.00000	0	0.00000	0
306	L	1.00000	0	0.00000	0
307	L	1.00000	0	0.00000	0
308	N	1.00000	0	0.00000	0
309	V	1.00000	0	0.00000	0
310	C	1.00000	0	0.00000	0
311	G	1.00000	0	0.00000	0
312	R	1.00000	0	0.00000	0
