# UNNAMED
#pos	aa	i	o	M	S
1	M	0.00000	0.00143	0.00000	0.99857
2	R	0.00000	0.00143	0.00000	0.99857
3	I	0.00000	0.00143	0.00000	0.99856
4	I	0.00000	0.00143	0.00000	0.99857
5	S	0.00000	0.00143	0.00000	0.99857
6	R	0.00000	0.00143	0.00000	0.99856
7	Q	0.00000	0.00143	0.00000	0.99857
8	I	0.00000	0.00143	0.00000	0.99857
9	V	0.00000	0.00143	0.00000	0.99857
10	L	0.00000	0.00143	0.00000	0.99856
11	L	0.00000	0.00143	0.00000	0.99857
12	F	0.00000	0.00143	0.00000	0.99857
13	S	0.00000	0.00143	0.00000	0.99857
14	G	0.00000	0.00143	0.00000	0.99857
15	F	0.00000	0.00143	0.00000	0.99857
16	W	0.00000	0.00143	0.00000	0.99857
17	G	0.00000	0.00143	0.00000	0.99856
18	L	0.00000	0.00158	0.00000	0.99842
19	A	0.00000	0.00159	0.00000	0.9984
20	M	0.00000	0.00159	0.00000	0.99841
21	G	0.00000	0.00159	0.00000	0.99841
22	A	0.00000	0.97909	0.00000	0.02091
23	F	0.00000	0.9798	0.00000	0.02019
24	P	0.00000	0.97981	0.00000	0.02019
25	S	0.00000	0.98019	0.00000	0.01981
26	S	0.00000	0.98044	0.00000	0.01955
27	V	0.00000	0.9806	0.00000	0.01939
28	Q	0.00000	0.98066	0.00000	0.01934
29	I	0.00000	0.98068	0.00000	0.01932
30	G	0.00000	0.98068	0.00000	0.01932
31	G	0.00000	0.98069	0.00000	0.0193
32	L	0.00000	0.99944	0.00000	0.00055
33	F	0.00000	1	0.00000	0
34	I	0.00000	1	0.00000	0
35	R	0.00000	1	0.00000	0
36	N	0.00000	1	0.00000	0
37	T	0.00000	1	0.00000	0
38	D	0.00000	1	0.00000	0
39	Q	0.00000	1	0.00000	0
40	E	0.00000	1	0.00000	0
41	Y	0.00000	1	0.00000	0
42	T	0.00000	1	0.00000	0
43	A	0.00000	1	0.00000	0
44	F	0.00000	1	0.00000	0
45	R	0.00000	1	0.00000	0
46	L	0.00000	1	0.00000	0
47	A	0.00000	1	0.00000	0
48	I	0.00000	1	0.00000	0
49	F	0.00000	1	0.00000	0
50	L	0.00000	1	0.00000	0
51	H	0.00000	1	0.00000	0
52	N	0.00000	1	0.00000	0
53	T	0.00000	1	0.00000	0
54	S	0.00000	1	0.00000	0
55	P	0.00000	1	0.00000	0
56	N	0.00000	1	0.00000	0
57	A	0.00000	1	0.00000	0
58	S	0.00000	1	0.00000	0
59	E	0.00000	1	0.00000	0
60	A	0.00000	1	0.00000	0
61	P	0.00000	1	0.00000	0
62	F	0.00000	1	0.00000	0
63	N	0.00000	1	0.00000	0
64	L	0.00000	1	0.00000	0
65	V	0.00000	1	0.00000	0
66	P	0.00000	1	0.00000	0
67	H	0.00000	1	0.00000	0
68	V	0.00000	1	0.00000	0
69	D	0.00000	1	0.00000	0
70	N	0.00000	1	0.00000	0
71	I	0.00000	1	0.00000	0
72	E	0.00000	1	0.00000	0
73	T	0.00000	1	0.00000	0
74	A	0.00000	1	0.00000	0
75	N	0.00000	1	0.00000	0
76	S	0.00000	1	0.00000	0
77	F	0.00000	1	0.00000	0
78	A	0.00000	1	0.00000	0
79	V	0.00000	1	0.00000	0
80	T	0.00000	1	0.00000	0
81	N	0.00000	1	0.00000	0
82	A	0.00000	1	0.00000	0
83	F	0.00000	1	0.00000	0
84	C	0.00000	1	0.00000	0
85	S	0.00000	1	0.00000	0
86	Q	0.00000	1	0.00000	0
87	Y	0.00000	1	0.00000	0
88	S	0.00000	1	0.00000	0
89	R	0.00000	1	0.00000	0
90	G	0.00000	1	0.00000	0
91	V	0.00000	1	0.00000	0
92	F	0.00000	1	0.00000	0
93	A	0.00000	1	0.00000	0
94	I	0.00000	1	0.00000	0
95	F	0.00000	1	0.00000	0
96	G	0.00000	1	0.00000	0
97	L	0.00000	1	0.00000	0
98	Y	0.00000	1	0.00000	0
99	D	0.00000	1	0.00000	0
100	K	0.00000	1	0.00000	0
101	R	0.00000	1	0.00000	0
102	S	0.00000	1	0.00000	0
103	V	0.00000	1	0.00000	0
104	H	0.00000	1	0.00000	0
105	T	0.00000	1	0.00000	0
106	L	0.00000	1	0.00000	0
107	T	0.00000	1	0.00000	0
108	S	0.00000	1	0.00000	0
109	F	0.00000	1	0.00000	0
110	C	0.00000	1	0.00000	0
111	S	0.00000	1	0.00000	0
112	A	0.00000	1	0.00000	0
113	L	0.00000	1	0.00000	0
114	H	0.00000	1	0.00000	0
115	I	0.00000	1	0.00000	0
116	S	0.00000	1	0.00000	0
117	L	0.00000	1	0.00000	0
118	I	0.00000	1	0.00000	0
119	T	0.00000	1	0.00000	0
120	P	0.00000	1	0.00000	0
121	S	0.00000	1	0.00000	0
122	F	0.00000	1	0.00000	0
123	P	0.00000	1	0.00000	0
124	T	0.00000	1	0.00000	0
125	E	0.00000	1	0.00000	0
126	G	0.00000	1	0.00000	0
127	E	0.00000	1	0.00000	0
128	S	0.00000	1	0.00000	0
129	Q	0.00000	1	0.00000	0
130	F	0.00000	1	0.00000	0
131	V	0.00000	1	0.00000	0
132	L	0.00000	1	0.00000	0
133	Q	0.00000	1	0.00000	0
134	L	0.00000	1	0.00000	0
135	R	0.00000	1	0.00000	0
136	P	0.00000	1	0.00000	0
137	S	0.00000	1	0.00000	0
138	L	0.00000	1	0.00000	0
139	R	0.00000	1	0.00000	0
140	G	0.00000	1	0.00000	0
141	A	0.00000	1	0.00000	0
142	L	0.00000	1	0.00000	0
143	L	0.00000	1	0.00000	0
144	S	0.00000	1	0.00000	0
145	L	0.00000	1	0.00000	0
146	L	0.00000	1	0.00000	0
147	D	0.00000	1	0.00000	0
148	H	0.00000	1	0.00000	0
149	Y	0.00000	1	0.00000	0
150	E	0.00000	1	0.00000	0
151	W	0.00000	1	0.00000	0
152	N	0.00000	1	0.00000	0
153	C	0.00000	1	0.00000	0
154	F	0.00000	1	0.00000	0
155	V	0.00000	1	0.00000	0
156	F	0.00000	1	0.00000	0
157	L	0.00000	1	0.00000	0
158	Y	0.00000	1	0.00000	0
159	D	0.00000	1	0.00000	0
160	T	0.00000	1	0.00000	0
161	D	0.00000	1	0.00000	0
162	R	0.00000	1	0.00000	0
163	G	0.00000	1	0.00000	0
164	Y	0.00000	1	0.00000	0
165	S	0.00000	1	0.00000	0
166	I	0.00000	1	0.00000	0
167	L	0.00000	1	0.00000	0
168	Q	0.00000	1	0.00000	0
169	A	0.00000	1	0.00000	0
170	I	0.00000	1	0.00000	0
171	M	0.00000	1	0.00000	0
172	E	0.00000	1	0.00000	0
173	K	0.00000	1	0.00000	0
174	A	0.00000	1	0.00000	0
175	G	0.00000	1	0.00000	0
176	Q	0.00000	1	0.00000	0
177	N	0.00000	1	0.00000	0
178	G	0.00000	1	0.00000	0
179	W	0.00000	1	0.00000	0
180	H	0.00000	1	0.00000	0
181	V	0.00000	1	0.00000	0
182	S	0.00000	1	0.00000	0
183	A	0.00000	1	0.00000	0
184	I	0.00000	1	0.00000	0
185	C	0.00000	1	0.00000	0
186	V	0.00000	1	0.00000	0
187	E	0.00000	1	0.00000	0
188	N	0.00000	1	0.00000	0
189	F	0.00000	1	0.00000	0
190	N	0.00000	1	0.00000	0
191	D	0.00000	1	0.00000	0
192	V	0.00000	1	0.00000	0
193	S	0.00000	1	0.00000	0
194	Y	0.00000	1	0.00000	0
195	R	0.00000	1	0.00000	0
196	Q	0.00000	1	0.00000	0
197	L	0.00000	1	0.00000	0
198	L	0.00000	1	0.00000	0
199	E	0.00000	1	0.00000	0
200	E	0.00000	1	0.00000	0
201	L	0.00000	1	0.00000	0
202	D	0.00000	1	0.00000	0
203	R	0.00000	1	0.00000	0
204	R	0.00000	1	0.00000	0
205	Q	0.00000	1	0.00000	0
206	E	0.00000	1	0.00000	0
207	K	0.00000	1	0.00000	0
208	K	0.00000	1	0.00000	0
209	F	0.00000	1	0.00000	0
210	V	0.00000	1	0.00000	0
211	I	0.00000	1	0.00000	0
212	D	0.00000	1	0.00000	0
213	C	0.00000	1	0.00000	0
214	E	0.00000	1	0.00000	0
215	I	0.00000	1	0.00000	0
216	E	0.00000	1	0.00000	0
217	R	0.00000	1	0.00000	0
218	L	0.00000	1	0.00000	0
219	Q	0.00000	1	0.00000	0
220	N	0.00000	1	0.00000	0
221	I	0.00000	1	0.00000	0
222	L	0.00000	1	0.00000	0
223	E	0.00000	1	0.00000	0
224	Q	0.00000	1	0.00000	0
225	I	0.00000	1	0.00000	0
226	V	0.00000	1	0.00000	0
227	S	0.00000	1	0.00000	0
228	V	0.00000	1	0.00000	0
229	G	0.00000	1	0.00000	0
230	K	0.00000	1	0.00000	0
231	H	0.00000	1	0.00000	0
232	V	0.00000	1	0.00000	0
233	K	0.00000	1	0.00000	0
234	G	0.00000	1	0.00000	0
235	Y	0.00000	1	0.00000	0
236	H	0.00000	1	0.00000	0
237	Y	0.00000	1	0.00000	0
238	I	0.00000	1	0.00000	0
239	I	0.00000	1	0.00000	0
240	A	0.00000	1	0.00000	0
241	N	0.00000	1	0.00000	0
242	L	0.00000	1	0.00000	0
243	G	0.00000	1	0.00000	0
244	F	0.00000	1	0.00000	0
245	K	0.00000	1	0.00000	0
246	D	0.00000	1	0.00000	0
247	I	0.00000	1	0.00000	0
248	S	0.00000	1	0.00000	0
249	L	0.00000	1	0.00000	0
250	E	0.00000	1	0.00000	0
251	R	0.00000	1	0.00000	0
252	F	0.00000	1	0.00000	0
253	I	0.00000	1	0.00000	0
254	H	0.00000	1	0.00000	0
255	G	0.00000	1	0.00000	0
256	G	0.00000	1	0.00000	0
257	A	0.00000	1	0.00000	0
258	N	0.00000	1	0.00000	0
259	V	0.00000	1	0.00000	0
260	T	0.00000	1	0.00000	0
261	G	0.00000	1	0.00000	0
262	F	0.00000	1	0.00000	0
263	Q	0.00000	1	0.00000	0
264	L	0.00000	1	0.00000	0
265	V	0.00000	1	0.00000	0
266	D	0.00000	1	0.00000	0
267	F	0.00000	1	0.00000	0
268	N	0.00000	1	0.00000	0
269	T	0.00000	1	0.00000	0
270	P	0.00000	1	0.00000	0
271	M	0.00000	1	0.00000	0
272	V	0.00000	1	0.00000	0
273	I	0.00000	1	0.00000	0
274	K	0.00000	1	0.00000	0
275	L	0.00000	1	0.00000	0
276	M	0.00000	1	0.00000	0
277	D	0.00000	1	0.00000	0
278	R	0.00000	1	0.00000	0
279	W	0.00000	1	0.00000	0
280	K	0.00000	1	0.00000	0
281	K	0.00000	1	0.00000	0
282	L	0.00000	1	0.00000	0
283	D	0.00000	1	0.00000	0
284	Q	0.00000	1	0.00000	0
285	R	0.00000	1	0.00000	0
286	E	0.00000	1	0.00000	0
287	Y	0.00000	1	0.00000	0
288	P	0.00000	1	0.00000	0
289	G	0.00000	1	0.00000	0
290	S	0.00000	1	0.00000	0
291	E	0.00000	1	0.00000	0
292	T	0.00000	1	0.00000	0
293	P	0.00000	1	0.00000	0
294	P	0.00000	1	0.00000	0
295	K	0.00000	1	0.00000	0
296	Y	0.00000	1	0.00000	0
297	T	0.00000	1	0.00000	0
298	S	0.00000	1	0.00000	0
299	A	0.00000	1	0.00000	0
300	L	0.00000	1	0.00000	0
301	T	0.00000	1	0.00000	0
302	Y	0.00000	1	0.00000	0
303	D	0.00000	1	0.00000	0
304	G	0.00000	1	0.00000	0
305	V	0.00000	1	0.00000	0
306	L	0.00000	1	0.00000	0
307	V	0.00000	1	0.00000	0
308	M	0.00000	1	0.00000	0
309	A	0.00000	1	0.00000	0
310	E	0.00000	1	0.00000	0
311	T	0.00000	1	0.00000	0
312	F	0.00000	1	0.00000	0
313	R	0.00000	1	0.00000	0
314	S	0.00000	1	0.00000	0
315	L	0.00000	1	0.00000	0
316	R	0.00000	1	0.00000	0
317	R	0.00000	1	0.00000	0
318	Q	0.00000	1	0.00000	0
319	K	0.00000	1	0.00000	0
320	I	0.00000	1	0.00000	0
321	D	0.00000	1	0.00000	0
322	I	0.00000	1	0.00000	0
323	S	0.00000	1	0.00000	0
324	R	0.00000	1	0.00000	0
325	R	0.00000	1	0.00000	0
326	G	0.00000	1	0.00000	0
327	N	0.00000	1	0.00000	0
328	A	0.00000	1	0.00000	0
329	G	0.00000	1	0.00000	0
330	D	0.00000	1	0.00000	0
331	C	0.00000	1	0.00000	0
332	L	0.00000	1	0.00000	0
333	A	0.00000	1	0.00000	0
334	N	0.00000	1	0.00000	0
335	P	0.00000	1	0.00000	0
336	A	0.00000	1	0.00000	0
337	A	0.00000	1	0.00000	0
338	P	0.00000	1	0.00000	0
339	W	0.00000	1	0.00000	0
340	G	0.00000	1	0.00000	0
341	Q	0.00000	1	0.00000	0
342	G	0.00000	1	0.00000	0
343	I	0.00000	1	0.00000	0
344	D	0.00000	1	0.00000	0
345	M	0.00000	1	0.00000	0
346	E	0.00000	1	0.00000	0
347	R	0.00000	1	0.00000	0
348	T	0.00000	1	0.00000	0
349	L	0.00000	1	0.00000	0
350	K	0.00000	1	0.00000	0
351	Q	0.00000	1	0.00000	0
352	V	0.00000	1	0.00000	0
353	R	0.00000	1	0.00000	0
354	I	0.00000	1	0.00000	0
355	Q	0.00000	1	0.00000	0
356	G	0.00000	1	0.00000	0
357	L	0.00000	1	0.00000	0
358	T	0.00000	1	0.00000	0
359	G	0.00000	1	0.00000	0
360	N	0.00000	1	0.00000	0
361	V	0.00000	1	0.00000	0
362	Q	0.00000	1	0.00000	0
363	F	0.00000	1	0.00000	0
364	D	0.00000	1	0.00000	0
365	H	0.00000	1	0.00000	0
366	Y	0.00000	1	0.00000	0
367	G	0.00000	1	0.00000	0
368	R	0.00000	1	0.00000	0
369	R	0.00000	1	0.00000	0
370	V	0.00000	1	0.00000	0
371	N	0.00000	1	0.00000	0
372	Y	0.00000	1	0.00000	0
373	T	0.00000	1	0.00000	0
374	M	0.00000	1	0.00000	0
375	D	0.00000	1	0.00000	0
376	V	0.00000	1	0.00000	0
377	F	0.00000	1	0.00000	0
378	E	0.00000	1	0.00000	0
379	L	0.00000	1	0.00000	0
380	K	0.00000	1	0.00000	0
381	S	0.00000	1	0.00000	0
382	T	0.00000	1	0.00000	0
383	G	0.00000	1	0.00000	0
384	P	0.00000	1	0.00000	0
385	R	0.00000	1	0.00000	0
386	K	0.00000	1	0.00000	0
387	V	0.00000	1	0.00000	0
388	G	0.00000	1	0.00000	0
389	Y	0.00000	1	0.00000	0
390	W	0.00000	1	0.00000	0
391	N	0.00000	1	0.00000	0
392	D	0.00000	1	0.00000	0
393	M	0.00000	1	0.00000	0
394	D	0.00000	1	0.00000	0
395	K	0.00000	1	0.00000	0
396	L	0.00000	1	0.00000	0
397	V	0.00000	1	0.00000	0
398	L	0.00000	1	0.00000	0
399	I	0.00000	1	0.00000	0
400	Q	0.00000	1	0.00000	0
401	D	0.00000	1	0.00000	0
402	V	0.00000	1	0.00000	0
403	P	0.00000	1	0.00000	0
404	T	0.00000	1	0.00000	0
405	L	0.00000	1	0.00000	0
406	G	0.00000	1	0.00000	0
407	N	0.00000	1	0.00000	0
408	D	0.00000	1	0.00000	0
409	T	0.00000	0.99986	0.00014	0
410	A	0.00000	0.99986	0.00014	0
411	A	0.00000	0.99985	0.00015	0
412	I	0.00000	0.99985	0.00015	0
413	E	0.00000	0.99985	0.00015	0
414	N	0.00000	0.99985	0.00015	0
415	R	0.00000	0.99985	0.00015	0
416	T	0.00000	0.99985	0.00015	0
417	V	0.00000	0.99985	0.00015	0
418	V	0.00000	0.99985	0.00015	0
419	V	0.00000	0.99985	0.00015	0
420	T	0.00000	0.99985	0.00015	0
421	T	0.00000	0.99985	0.00015	0
422	I	0.00000	0.99985	0.00015	0
423	M	0.00000	0.99985	0.00015	0
424	E	0.00000	0.99985	0.00015	0
425	S	0.00000	0.99985	0.00015	0
426	P	0.00000	0.99985	0.00015	0
427	Y	0.00000	0.99985	0.00015	0
428	V	0.00000	0.99985	0.00015	0
429	M	0.00000	0.99985	0.00015	0
430	Y	0.00001	0.99985	0.00015	0
431	K	0.00014	0.99985	0.00002	0
432	K	0.00015	0.99985	0.00000	0
433	N	0.00015	0.99985	0.00000	0
434	H	0.00015	0.99985	0.00000	0
435	E	0.00015	0.99985	0.00000	0
436	M	0.00015	0.99985	0.00000	0
437	F	0.00015	0.99985	0.00000	0
438	E	0.00015	0.99985	0.00000	0
439	G	0.00015	0.99985	0.00000	0
440	N	0.00015	0.99985	0.00001	0
441	D	0.00014	0.99985	0.00001	0
442	K	0.00013	0.99985	0.00003	0
443	Y	0.00003	0.99985	0.00012	0
444	E	0.00002	0.99985	0.00013	0
445	G	0.00001	0.99985	0.00014	0
446	Y	0.00000	0.99985	0.00015	0
447	C	0.00000	0.99985	0.00015	0
448	V	0.00000	0.99985	0.00015	0
449	D	0.00000	0.99985	0.00015	0
450	L	0.00000	0.99985	0.00015	0
451	A	0.00000	0.99985	0.00015	0
452	S	0.00000	0.99985	0.00015	0
453	E	0.00000	0.99985	0.00015	0
454	I	0.00000	0.99985	0.00015	0
455	A	0.00000	0.99985	0.00015	0
456	K	0.00000	0.99985	0.00015	0
457	H	0.00000	0.99985	0.00015	0
458	I	0.00000	0.99985	0.00015	0
459	G	0.00000	0.99985	0.00015	0
460	I	0.00000	0.99985	0.00015	0
461	K	0.00000	0.99988	0.00012	0
462	Y	0.00000	0.99988	0.00012	0
463	K	0.00000	0.99991	0.00009	0
464	I	0.00000	0.99992	0.00008	0
465	A	0.00000	0.99995	0.00005	0
466	I	0.00000	0.99998	0.00002	0
467	V	0.00000	0.99999	0.00001	0
468	P	0.00000	1	0.00000	0
469	D	0.00000	1	0.00000	0
470	G	0.00000	1	0.00000	0
471	K	0.00000	1	0.00000	0
472	Y	0.00000	1	0.00000	0
473	G	0.00000	1	0.00000	0
474	A	0.00000	1	0.00000	0
475	R	0.00000	1	0.00000	0
476	D	0.00000	1	0.00000	0
477	A	0.00000	1	0.00000	0
478	D	0.00000	1	0.00000	0
479	T	0.00000	1	0.00000	0
480	K	0.00000	1	0.00000	0
481	I	0.00000	1	0.00000	0
482	W	0.00000	1	0.00000	0
483	N	0.00000	1	0.00000	0
484	G	0.00000	1	0.00000	0
485	M	0.00000	1	0.00000	0
486	V	0.00000	1	0.00000	0
487	G	0.00000	1	0.00000	0
488	E	0.00000	1	0.00000	0
489	L	0.00000	0.99999	0.00001	0
490	V	0.00000	0.99999	0.00001	0
491	Y	0.00000	0.99999	0.00001	0
492	G	0.00000	0.99999	0.00001	0
493	K	0.00000	0.99999	0.00001	0
494	A	0.00000	0.99983	0.00017	0
495	E	0.00000	0.9996	0.00040	0
496	I	0.00000	0.94431	0.05569	0
497	A	0.00000	0.93365	0.06635	0
498	I	0.00000	0.90423	0.09577	0
499	A	0.00000	0.88838	0.11162	0
500	P	0.00000	0.84953	0.15047	0
501	L	0.00000	0.71988	0.28012	0
502	T	0.00000	0.59435	0.40565	0
503	I	0.00000	0.03313	0.96687	0
504	T	0.00000	0.01139	0.98861	0
505	L	0.00000	0.00742	0.99258	0
506	V	0.00000	0.00554	0.99446	0
507	R	0.00000	0.00487	0.99513	0
508	E	0.00000	0.00487	0.99513	0
509	E	0.00000	0.00487	0.99513	0
510	V	0.00000	0.00481	0.99519	0
511	I	0.00001	0.00481	0.99518	0
512	D	0.00001	0.00481	0.99518	0
513	F	0.00001	3e-05	0.99996	0
514	S	0.00001	0	0.99998	0
515	K	0.00001	0	0.99999	0
516	P	0.00001	0	0.99999	0
517	F	0.00001	0	0.99999	0
518	M	0.00001	0	0.99999	0
519	S	0.00002	0	0.99998	0
520	L	0.00004	0	0.99996	0
521	G	0.00005	0	0.99995	0
522	I	0.00006	0	0.99994	0
523	S	0.00023	0	0.99977	0
524	I	0.00029	0	0.99971	0
525	M	0.00242	0	0.99758	0
526	I	0.00898	0	0.99102	0
527	K	0.91825	0	0.08175	0
528	K	0.97882	0	0.02118	0
529	P	0.99443	0	0.00557	0
530	Q	0.99538	0	0.00462	0
531	K	0.99809	0	0.00191	0
532	S	0.99992	0	0.00008	0
533	K	1.00000	0	0.00000	0
534	P	1.00000	0	0.00000	0
535	G	0.99901	0	0.00099	0
536	V	0.98026	0	0.01974	0
537	F	0.97099	0	0.02901	0
538	S	0.97099	0	0.02901	0
539	F	0.97095	0	0.02905	0
540	L	0.97095	0	0.02905	0
541	D	0.97095	0	0.02905	0
542	P	0.97095	0	0.02905	0
543	L	0.27450	0	0.72550	0
544	A	0.15599	0	0.84401	0
545	Y	0.00655	0	0.99345	0
546	E	0.00335	0	0.99665	0
547	I	0.00002	0	0.99998	0
548	W	0.00001	0	0.99999	0
549	M	0.00000	0	1.00000	0
550	C	0.00000	0	1.00000	0
551	I	0.00000	0	1.00000	0
552	V	0.00000	0	1.00000	0
553	F	0.00000	0	1.00000	0
554	A	0.00000	0	1.00000	0
555	Y	0.00000	0	1.00000	0
556	I	0.00000	0.00013	0.99987	0
557	G	0.00000	0.0008	0.99920	0
558	V	0.00000	0.0014	0.99860	0
559	S	0.00000	0.00274	0.99726	0
560	V	0.00000	0.0032	0.99680	0
561	V	0.00000	0.00404	0.99596	0
562	L	0.00000	0.00537	0.99463	0
563	F	0.00000	0.00803	0.99197	0
564	L	0.00000	0.02058	0.97942	0
565	V	0.00000	0.26396	0.73604	0
566	S	0.00000	0.83988	0.16012	0
567	R	0.00000	0.92325	0.07675	0
568	F	0.00000	0.94265	0.05735	0
569	S	0.00000	0.98077	0.01923	0
570	P	0.00000	0.98833	0.01167	0
571	Y	0.00000	0.99429	0.00571	0
572	E	0.00000	0.99964	0.00036	0
573	W	0.00000	0.99985	0.00015	0
574	H	0.00000	1	0.00000	0
575	T	0.00000	1	0.00000	0
576	E	0.00000	1	0.00000	0
577	E	0.00000	1	0.00000	0
578	P	0.00000	1	0.00000	0
579	E	0.00000	1	0.00000	0
580	D	0.00000	1	0.00000	0
581	G	0.00000	1	0.00000	0
582	K	0.00000	1	0.00000	0
583	E	0.00000	1	0.00000	0
584	G	0.00000	1	0.00000	0
585	P	0.00000	0.99999	0.00001	0
586	S	0.00000	0.99978	0.00022	0
587	D	0.00000	0.99976	0.00024	0
588	Q	0.00000	0.99976	0.00024	0
589	P	0.00000	0.99976	0.00024	0
590	P	0.00000	0.99976	0.00024	0
591	N	0.00000	0.99976	0.00024	0
592	E	0.00000	0.99975	0.00025	0
593	F	0.00000	0.00406	0.99594	0
594	G	0.00000	0.00027	0.99973	0
595	I	0.00000	0.00015	0.99985	0
596	F	0.00000	0.00015	0.99985	0
597	N	0.00000	0.00015	0.99985	0
598	S	0.00000	0.00015	0.99985	0
599	L	0.00000	0.00015	0.99985	0
600	W	0.00000	0.00015	0.99985	0
601	F	0.00000	0.00015	0.99985	0
602	S	0.00000	0.00015	0.99985	0
603	L	0.00000	0.00015	0.99985	0
604	G	0.00000	0.00015	0.99985	0
605	A	0.00000	0.00015	0.99985	0
606	F	0.00000	0.00015	0.99985	0
607	M	0.00002	0.00015	0.99983	0
608	Q	0.00002	0.00015	0.99983	0
609	Q	0.00005	0.00015	0.99980	0
610	G	0.00022	0.00015	0.99963	0
611	C	0.00031	0.00015	0.99953	0
612	D	0.00155	0.00015	0.99830	0
613	I	0.92055	0.00015	0.07930	0
614	S	0.99794	0.00015	0.00191	0
615	P	0.99985	0.00015	0.00000	0
616	R	0.99985	0.00015	0.00000	0
617	S	0.99985	0.00015	0.00000	0
618	L	0.99985	0.00015	0.00000	0
619	S	0.99985	0.00015	0.00001	0
620	G	0.99985	0.00014	0.00001	0
621	R	0.99985	0.00014	0.00002	0
622	I	0.99984	6e-05	0.00009	0
623	V	0.99983	4e-05	0.00012	0
624	G	0.99834	4e-05	0.00162	0
625	G	0.94992	3e-05	0.05005	0
626	V	0.41627	0	0.58372	0
627	W	0.36518	0	0.63482	0
628	W	0.20653	0	0.79347	0
629	F	0.01217	0	0.98783	0
630	F	0.00327	0	0.99673	0
631	T	0.00195	0	0.99805	0
632	L	0.00005	0	0.99995	0
633	I	0.00000	0	1.00000	0
634	I	0.00000	0	1.00000	0
635	I	0.00000	0	1.00000	0
636	S	0.00000	0	1.00000	0
637	S	0.00000	0	1.00000	0
638	Y	0.00000	0	1.00000	0
639	T	0.00000	0	1.00000	0
640	A	0.00000	0	1.00000	0
641	N	0.00000	0	1.00000	0
642	L	0.00000	0	1.00000	0
643	A	0.00000	0	0.99999	0
644	A	0.00000	4e-05	0.99996	0
645	F	0.00000	0.00132	0.99868	0
646	L	0.00001	0.02888	0.97110	0
647	T	0.00007	0.30879	0.69115	0
648	V	0.00008	0.50536	0.49455	0
649	E	0.00015	0.97335	0.02650	0
650	R	0.00015	0.98928	0.01057	0
651	M	0.00015	0.99011	0.00974	0
652	V	0.00015	0.99341	0.00644	0
653	S	0.00015	0.99836	0.00149	0
654	P	0.00015	0.99973	0.00012	0
655	I	0.00015	0.99984	0.00000	0
656	E	0.00015	0.99985	0.00000	0
657	S	0.00015	0.99985	0.00000	0
658	A	0.00015	0.99985	0.00000	0
659	E	0.00015	0.99985	0.00000	0
660	D	0.00015	0.99985	0.00000	0
661	L	0.00015	0.99977	0.00008	0
662	A	0.00015	0.99977	0.00008	0
663	K	0.00015	0.99977	0.00008	0
664	Q	0.00015	0.99977	0.00008	0
665	T	0.00015	0.99977	0.00008	0
666	E	0.00015	0.99977	0.00008	0
667	I	0.00015	0.99977	0.00008	0
668	A	0.00015	0.99973	0.00011	0
669	Y	0.00015	0.99973	0.00011	0
670	G	0.00015	0.99973	0.00011	0
671	T	0.00015	0.99973	0.00011	0
672	L	0.00015	0.99973	0.00011	0
673	D	0.00015	0.99973	0.00011	0
674	S	0.00015	0.99973	0.00011	0
675	G	0.00015	0.99973	0.00011	0
676	S	0.00015	0.99973	0.00011	0
677	T	0.00015	0.99973	0.00011	0
678	K	0.00015	0.99973	0.00012	0
679	E	0.00015	0.99971	0.00013	0
680	F	0.00015	0.99882	0.00103	0
681	F	0.00015	0.99882	0.00103	0
682	R	0.00019	0.99882	0.00099	0
683	R	0.00023	0.99882	0.00095	0
684	S	0.00023	0.9988	0.00097	0
685	K	0.00023	0.99583	0.00394	0
686	I	0.00023	0.63417	0.36560	0
687	A	0.00023	0.63357	0.36619	0
688	V	0.00023	0.63354	0.36623	0
689	Y	0.00023	0.63354	0.36623	0
690	E	0.00027	0.63354	0.36620	0
691	K	0.00027	0.63345	0.36628	0
692	M	0.00027	0.04287	0.95686	0
693	W	0.00027	0.0294	0.97033	0
694	T	0.00027	0.029	0.97074	0
695	Y	0.00027	0.00082	0.99892	0
696	M	0.00027	0.00049	0.99924	0
697	R	0.00027	0.00049	0.99924	0
698	S	0.00027	0.00049	0.99924	0
699	A	0.00027	0.00049	0.99924	0
700	E	0.00084	0.00049	0.99867	0
701	P	0.00094	0.00049	0.99857	0
702	S	0.00101	0.00049	0.99851	0
703	V	0.00101	0.00049	0.99851	0
704	F	0.00102	0.00049	0.99849	0
705	T	0.00115	0.00049	0.99836	0
706	R	0.00169	0.00049	0.99782	0
707	T	0.01310	0.00049	0.98642	0
708	T	0.09964	0.00049	0.89987	0
709	A	0.18804	0.00049	0.81148	0
710	E	0.35627	0.00049	0.64324	0
711	G	0.36602	0.00047	0.63350	0
712	V	0.36614	0	0.63386	0
713	A	0.38064	0	0.61936	0
714	R	0.59172	0	0.40828	0
715	V	0.63219	0	0.36781	0
716	R	0.94043	0	0.05957	0
717	K	0.99573	0	0.00427	0
718	S	0.99875	0	0.00125	0
719	K	0.99949	0	0.00051	0
720	G	0.99949	0	0.00051	0
721	K	0.99949	0	0.00051	0
722	F	0.99949	0	0.00051	0
723	A	0.99949	0	0.00051	0
724	F	0.99949	0	0.00051	0
725	L	0.99949	0	0.00051	0
726	L	0.99949	0	0.00051	0
727	E	0.99949	0	0.00051	0
728	S	0.99949	0	0.00051	0
729	T	0.99949	0	0.00051	0
730	M	0.99949	0	0.00051	0
731	N	0.99949	0	0.00051	0
732	E	0.99949	0	0.00051	0
733	Y	0.99949	0	0.00051	0
734	I	0.99950	0	0.00049	0
735	E	0.99995	2e-05	0.00003	0
736	Q	0.99998	2e-05	0.00000	0
737	R	0.99998	2e-05	0.00000	0
738	K	0.99998	2e-05	0.00000	0
739	P	0.99998	2e-05	0.00000	0
740	C	0.99998	2e-05	0.00000	0
741	D	0.99998	2e-05	0.00000	0
742	T	0.99989	2e-05	0.00008	0
743	M	0.99989	2e-05	0.00008	0
744	K	0.99989	2e-05	0.00008	0
745	V	0.99989	2e-05	0.00009	0
746	G	0.99989	2e-05	0.00009	0
747	G	0.99989	2e-05	0.00009	0
748	N	0.99989	2e-05	0.00009	0
749	L	0.99989	2e-05	0.00009	0
750	D	0.99989	2e-05	0.00009	0
751	S	0.99930	2e-05	0.00067	0
752	K	0.99851	2e-05	0.00146	0
753	G	0.99564	2e-05	0.00433	0
754	Y	0.99497	2e-05	0.00501	0
755	G	0.99476	2e-05	0.00522	0
756	V	0.98445	2e-05	0.01552	0
757	A	0.98386	2e-05	0.01611	0
758	T	0.98368	2e-05	0.01629	0
759	P	0.98368	2e-05	0.01629	0
760	K	0.85038	2e-05	0.14960	0
761	G	0.11169	2e-05	0.88829	0
762	S	0.00172	3e-05	0.99826	0
763	S	0.00002	3e-05	0.99995	0
764	L	0.00002	3e-05	0.99995	0
765	R	0.00002	0.0001	0.99988	0
766	T	0.00002	0.0001	0.99988	0
767	P	0.00002	0.0001	0.99987	0
768	V	0.00002	0.00011	0.99987	0
769	N	0.00002	0.00011	0.99987	0
770	L	0.00002	0.00011	0.99987	0
771	A	0.00000	0.00011	0.99989	0
772	V	0.00000	0.00012	0.99988	0
773	L	0.00000	0.00031	0.99969	0
774	K	0.00000	0.00394	0.99606	0
775	L	0.00000	0.00407	0.99593	0
776	S	0.00000	0.00664	0.99336	0
777	E	0.00000	0.00984	0.99016	0
778	A	0.00000	0.01014	0.98986	0
779	G	0.00000	0.01153	0.98847	0
780	V	0.00000	0.01322	0.98678	0
781	L	0.00000	0.04642	0.95358	0
782	D	0.00000	0.99487	0.00513	0
783	K	0.00000	0.99908	0.00092	0
784	L	0.00000	0.99915	0.00085	0
785	K	0.00000	0.99996	0.00004	0
786	N	0.00000	0.99998	0.00002	0
787	K	0.00000	0.99998	0.00002	0
788	W	0.00000	0.99998	0.00002	0
789	W	0.00000	0.99998	0.00002	0
790	Y	0.00000	0.99998	0.00002	0
791	D	0.00000	1	0.00000	0
792	K	0.00000	1	0.00000	0
793	G	0.00000	1	0.00000	0
794	E	0.00000	1	0.00000	0
795	C	0.00000	1	0.00000	0
796	G	0.00000	1	0.00000	0
797	P	0.00000	1	0.00000	0
798	K	0.00000	1	0.00000	0
799	D	0.00000	1	0.00000	0
800	S	0.00000	1	0.00000	0
801	G	0.00000	0.99999	0.00001	0
802	S	0.00000	0.99988	0.00012	0
803	K	0.00000	0.99979	0.00021	0
804	D	0.00000	0.99947	0.00053	0
805	K	0.00000	0.98855	0.01145	0
806	T	0.00000	0.97934	0.02066	0
807	S	0.00000	0.94607	0.05393	0
808	A	0.00000	0.89196	0.10804	0
809	L	0.00000	0.83757	0.16243	0
810	S	0.00000	0.78681	0.21319	0
811	L	0.00000	0.41968	0.58032	0
812	S	0.00000	0.40813	0.59187	0
813	N	0.00000	0.25222	0.74778	0
814	V	0.00000	0.02765	0.97235	0
815	A	0.00000	0.00239	0.99761	0
816	G	0.00000	0.00057	0.99943	0
817	V	0.00000	0	1.00000	0
818	F	0.00000	0	1.00000	0
819	Y	0.00000	0	1.00000	0
820	I	0.00000	0	1.00000	0
821	L	0.00000	0	1.00000	0
822	V	0.00000	0	1.00000	0
823	G	0.00003	0	0.99997	0
824	G	0.00026	0	0.99974	0
825	L	0.00173	0	0.99827	0
826	G	0.00365	0	0.99635	0
827	L	0.01069	0	0.98931	0
828	A	0.01940	0	0.98060	0
829	M	0.02285	0	0.97715	0
830	L	0.02872	0	0.97128	0
831	V	0.04514	0	0.95486	0
832	A	0.11348	0	0.88652	0
833	L	0.13672	0	0.86328	0
834	I	0.41165	0	0.58835	0
835	E	1.00000	0	0.00000	0
836	F	1.00000	0	0.00000	0
837	C	1.00000	0	0.00000	0
838	Y	1.00000	0	0.00000	0
839	K	1.00000	0	0.00000	0
840	S	1.00000	0	0.00000	0
841	R	1.00000	0	0.00000	0
842	A	1.00000	0	0.00000	0
843	E	1.00000	0	0.00000	0
844	A	1.00000	0	0.00000	0
845	K	1.00000	0	0.00000	0
846	R	1.00000	0	0.00000	0
847	M	1.00000	0	0.00000	0
848	K	1.00000	0	0.00000	0
849	L	1.00000	0	0.00000	0
850	T	1.00000	0	0.00000	0
851	F	1.00000	0	0.00000	0
852	S	1.00000	0	0.00000	0
853	E	1.00000	0	0.00000	0
854	A	1.00000	0	0.00000	0
855	I	1.00000	0	0.00000	0
856	R	1.00000	0	0.00000	0
857	N	1.00000	0	0.00000	0
858	K	1.00000	0	0.00000	0
859	A	1.00000	0	0.00000	0
860	R	1.00000	0	0.00000	0
861	L	1.00000	0	0.00000	0
862	S	1.00000	0	0.00000	0
863	I	1.00000	0	0.00000	0
864	T	1.00000	0	0.00000	0
865	G	1.00000	0	0.00000	0
866	S	1.00000	0	0.00000	0
867	V	1.00000	0	0.00000	0
868	G	1.00000	0	0.00000	0
869	E	1.00000	0	0.00000	0
870	N	1.00000	0	0.00000	0
871	G	1.00000	0	0.00000	0
872	R	1.00000	0	0.00000	0
873	V	1.00000	0	0.00000	0
874	L	1.00000	0	0.00000	0
875	T	1.00000	0	0.00000	0
876	P	1.00000	0	0.00000	0
877	D	1.00000	0	0.00000	0
878	C	1.00000	0	0.00000	0
879	P	1.00000	0	0.00000	0
880	K	1.00000	0	0.00000	0
881	A	1.00000	0	0.00000	0
882	V	1.00000	0	0.00000	0
883	H	1.00000	0	0.00000	0
884	T	1.00000	0	0.00000	0
885	G	1.00000	0	0.00000	0
886	T	1.00000	0	0.00000	0
887	A	1.00000	0	0.00000	0
888	I	1.00000	0	0.00000	0
889	R	1.00000	0	0.00000	0
890	Q	1.00000	0	0.00000	0
891	S	1.00000	0	0.00000	0
892	S	1.00000	0	0.00000	0
893	G	1.00000	0	0.00000	0
894	L	1.00000	0	0.00000	0
895	A	1.00000	0	0.00000	0
896	V	1.00000	0	0.00000	0
897	I	1.00000	0	0.00000	0
898	A	1.00000	0	0.00000	0
899	S	1.00000	0	0.00000	0
900	D	1.00000	0	0.00000	0
901	L	1.00000	0	0.00000	0
902	P	1.00000	0	0.00000	0
