# UNNAMED
#pos	aa	i	o	M	S
1	M	0.00000	1	0.00000	0
2	E	0.00000	1	0.00000	0
3	Q	0.00000	1	0.00000	0
4	G	0.00000	0.35607	0.64393	0
5	K	0.00000	0.12545	0.87455	0
6	G	0.00000	0.00195	0.99805	0
7	L	0.00000	0	1.00000	0
8	A	0.00000	0	1.00000	0
9	V	0.00000	0	1.00000	0
10	L	0.00000	0	1.00000	0
11	I	0.00000	0	1.00000	0
12	L	0.00000	0	1.00000	0
13	A	0.00000	0	1.00000	0
14	I	0.00000	0	1.00000	0
15	I	0.00000	0	1.00000	0
16	L	0.00000	0	1.00000	0
17	L	0.00000	0	1.00000	0
18	Q	0.00000	0	1.00000	0
19	G	0.00000	0	1.00000	0
20	T	0.00000	0	1.00000	0
21	L	0.00102	0	0.99898	0
22	A	0.15607	0	0.84393	0
23	Q	0.89661	0	0.10339	0
24	S	0.99998	0	0.00002	0
25	I	0.99975	0	0.00025	0
26	K	0.99435	0	0.00565	0
27	G	0.65323	0	0.34677	0
28	N	0.00006	0	0.99994	0
29	H	0.00000	0	1.00000	0
30	L	0.00000	0	1.00000	0
31	V	0.00000	0	1.00000	0
32	K	0.00000	0	1.00000	0
33	V	0.00000	0	1.00000	0
34	Y	0.00000	0	1.00000	0
35	D	0.00000	0	1.00000	0
36	Y	0.00000	0	1.00000	0
37	Q	0.00000	0	1.00000	0
38	E	0.00000	0	1.00000	0
39	D	0.00000	0	1.00000	0
40	G	0.00000	0	1.00000	0
41	S	0.00000	0	1.00000	0
42	V	0.00000	0	1.00000	0
43	L	0.00000	1e-05	0.99999	0
44	L	0.00000	0.0069	0.99310	0
45	T	0.00000	0.99707	0.00293	0
46	C	0.00000	1	0.00000	0
47	D	0.00000	1	0.00000	0
48	A	0.00000	1	0.00000	0
49	E	0.00000	1	0.00000	0
50	A	0.00000	1	0.00000	0
51	K	0.00000	1	0.00000	0
52	N	0.00000	1	0.00000	0
53	I	0.00000	1	0.00000	0
54	T	0.00000	0.99342	0.00658	0
55	W	0.00000	0.00323	0.99677	0
56	F	0.00000	0	1.00000	0
57	K	0.00000	0	1.00000	0
58	D	0.00000	0	1.00000	0
59	G	0.00000	0	1.00000	0
60	K	0.00000	0	1.00000	0
61	M	0.00000	0	1.00000	0
62	I	0.00000	0	1.00000	0
63	G	0.00000	0	1.00000	0
64	F	0.00000	0	1.00000	0
65	L	0.00000	0	1.00000	0
66	T	0.00000	0	1.00000	0
67	E	0.00000	0	1.00000	0
68	D	0.00000	0	1.00000	0
69	K	0.00000	0	1.00000	0
70	K	0.00000	0	1.00000	0
71	K	0.00000	0	1.00000	0
72	W	0.00469	0	0.99531	0
73	N	0.99978	0	0.00022	0
74	L	1.00000	0	0.00000	0
75	G	1.00000	0	0.00000	0
76	S	1.00000	0	0.00000	0
77	N	1.00000	0	0.00000	0
78	A	1.00000	0	0.00000	0
79	K	1.00000	0	0.00000	0
80	D	1.00000	0	0.00000	0
81	P	1.00000	0	0.00000	0
82	R	1.00000	0	0.00000	0
83	G	0.99778	0	0.00222	0
84	M	0.01557	0	0.98443	0
85	Y	0.00019	0	0.99981	0
86	Q	0.00003	0	0.99997	0
87	C	0.00000	0	1.00000	0
88	K	0.00000	0	1.00000	0
89	G	0.00000	0	1.00000	0
90	S	0.00000	0	1.00000	0
91	Q	0.00000	0	1.00000	0
92	N	0.00000	0	1.00000	0
93	K	0.00000	0	1.00000	0
94	S	0.00000	0	1.00000	0
95	K	0.00000	0	1.00000	0
96	P	0.00000	0	1.00000	0
97	L	0.00000	0	1.00000	0
98	Q	0.00000	0	1.00000	0
99	V	0.00000	0	1.00000	0
100	Y	0.00000	1e-05	0.99999	0
101	Y	0.00000	0.00085	0.99915	0
102	R	0.00000	0.68218	0.31782	0
103	M	0.00000	0.95342	0.04658	0
104	C	0.00000	0.99844	0.00156	0
105	Q	0.00000	1	0.00000	0
106	N	0.00000	1	0.00000	0
107	C	0.00000	1	0.00000	0
108	I	0.00000	1	0.00000	0
109	E	0.00000	1	0.00000	0
110	L	0.00000	1	0.00000	0
111	N	0.00000	1	0.00000	0
112	A	0.00000	0.99999	0.00001	0
113	A	0.00000	0.99918	0.00082	0
114	T	0.00000	0.44547	0.55453	0
115	I	0.00000	0.05185	0.94815	0
116	S	0.00000	0.01172	0.98828	0
117	G	0.00000	0	1.00000	0
118	F	0.00000	0	1.00000	0
119	L	0.00000	0	1.00000	0
120	F	0.00000	0	1.00000	0
121	A	0.00000	0	1.00000	0
122	E	0.00000	0	1.00000	0
123	I	0.00000	0	1.00000	0
124	V	0.00000	0	1.00000	0
125	S	0.00000	0	1.00000	0
126	I	0.00000	0	1.00000	0
127	F	0.00000	0	1.00000	0
128	V	0.00000	0	1.00000	0
129	L	0.00000	0	1.00000	0
130	A	0.00000	0	1.00000	0
131	V	0.00000	0	1.00000	0
132	G	0.00006	0	0.99994	0
133	V	0.02545	0	0.97455	0
134	Y	0.47170	0	0.52830	0
135	F	1.00000	0	0.00000	0
136	I	1.00000	0	0.00000	0
137	A	1.00000	0	0.00000	0
138	G	1.00000	0	0.00000	0
139	Q	1.00000	0	0.00000	0
140	D	1.00000	0	0.00000	0
141	G	0.99997	0	0.00003	0
142	V	0.97623	0	0.02377	0
143	R	0.53242	0	0.46758	0
144	Q	0.00000	0	1.00000	0
145	S	0.00000	0	1.00000	0
146	R	0.00000	0	1.00000	0
147	A	0.00000	0	1.00000	0
148	S	0.00000	0	1.00000	0
149	D	0.00000	0	1.00000	0
150	K	0.00000	0	1.00000	0
151	Q	0.00000	0	1.00000	0
152	T	0.00000	0	1.00000	0
153	L	0.00000	0	1.00000	0
154	L	0.00000	0	1.00000	0
155	P	0.00000	0	1.00000	0
156	N	0.00000	0	1.00000	0
157	D	0.00000	0	1.00000	0
158	Q	0.00000	0	1.00000	0
159	L	0.00000	0	1.00000	0
160	Y	0.00000	0.01253	0.98747	0
161	Q	0.00000	0.99996	0.00004	0
162	P	0.00000	0.98769	0.01231	0
163	L	0.00000	4e-05	0.99996	0
164	K	0.00000	0	1.00000	0
165	D	0.00000	0	1.00000	0
166	R	0.00000	0	1.00000	0
167	E	0.00000	0	1.00000	0
168	D	0.00000	0	1.00000	0
169	D	0.00000	0	1.00000	0
170	Q	0.00000	0	1.00000	0
171	Y	0.00000	0	1.00000	0
172	S	0.00000	0	1.00000	0
173	H	0.00000	0	1.00000	0
174	L	0.00000	0	1.00000	0
175	Q	0.00000	0	1.00000	0
176	G	0.00000	0	1.00000	0
177	N	0.00000	0	1.00000	0
178	Q	0.00000	0	1.00000	0
179	L	0.00000	0	1.00000	0
180	R	0.99501	0	0.00499	0
181	R	1.00000	0	0.00000	0
182	N	1.00000	0	0.00000	0
