# UNNAMED
#pos	aa	i	o	M	S
1	M	0.00000	0.99997	0.00000	3e-05
2	R	0.00000	0.99997	0.00000	3e-05
3	N	0.00000	0.99997	0.00000	3e-05
4	H	0.00000	0.99997	0.00000	2e-05
5	T	0.00000	0.99997	0.00000	3e-05
6	E	0.00000	0.99997	0.00000	3e-05
7	I	0.00000	0.99997	0.00000	3e-05
8	T	0.00000	0.99997	0.00000	3e-05
9	E	0.00000	0.99997	0.00000	3e-05
10	F	0.00000	0.99997	0.00000	3e-05
11	I	0.00000	0.99997	0.00000	3e-05
12	L	0.00000	0.99997	0.00000	3e-05
13	L	0.00000	0.99997	0.00000	3e-05
14	G	0.00000	0.99997	0.00000	3e-05
15	L	0.00000	0.99997	0.00000	3e-05
16	T	0.00000	0.99997	0.00000	3e-05
17	D	0.00000	0.99999	0.00000	1e-05
18	D	0.00000	0.99999	0.00000	1e-05
19	P	0.00000	0.99989	0.00010	1e-05
20	N	0.00000	0.99921	0.00078	1e-05
21	F	0.00000	0.93723	0.06276	1e-05
22	Q	0.00000	0.89042	0.10957	1e-05
23	V	0.00000	0.48252	0.51748	0
24	V	0.00000	0.13842	0.86158	0
25	I	0.00000	0.03892	0.96108	0
26	F	0.00000	0.02861	0.97139	0
27	V	0.00000	0.02348	0.97652	0
28	F	0.00000	0.02104	0.97896	0
29	L	0.00000	0.00283	0.99717	0
30	L	0.00000	0.00024	0.99976	0
31	I	0.00000	0	1.00000	0
32	T	0.00000	0	1.00000	0
33	Y	0.00000	0	1.00000	0
34	M	0.00000	0	1.00000	0
35	L	0.00000	0	1.00000	0
36	S	0.00000	0	1.00000	0
37	I	0.00000	0	1.00000	0
38	T	0.00000	0	1.00000	0
39	G	0.00000	0	1.00000	0
40	N	0.00000	0	1.00000	0
41	L	0.00000	0	1.00000	0
42	T	0.00001	0	0.99999	0
43	L	0.00002	0	0.99998	0
44	I	0.00022	0	0.99978	0
45	T	0.01908	0	0.98092	0
46	I	0.05207	0	0.94793	0
47	T	0.40144	0	0.59856	0
48	L	0.52318	0	0.47682	0
49	L	0.76596	0	0.23404	0
50	D	0.99761	0	0.00239	0
51	S	0.99987	0	0.00013	0
52	H	0.99995	0	0.00005	0
53	L	0.99998	0	0.00002	0
54	Q	1.00000	0	0.00000	0
55	T	1.00000	0	0.00000	0
56	P	1.00000	0	0.00000	0
57	M	0.31798	0	0.68202	0
58	Y	0.24816	0	0.75184	0
59	F	0.04055	0	0.95945	0
60	F	0.00295	0	0.99705	0
61	L	0.00226	0	0.99774	0
62	R	0.00216	0	0.99784	0
63	N	0.00004	0	0.99996	0
64	F	0.00000	0	1.00000	0
65	S	0.00000	0	1.00000	0
66	I	0.00000	0	1.00000	0
67	L	0.00000	0	1.00000	0
68	E	0.00000	0	1.00000	0
69	I	0.00000	0	1.00000	0
70	S	0.00000	0	1.00000	0
71	F	0.00000	0	1.00000	0
72	T	0.00000	0	1.00000	0
73	T	0.00000	0	1.00000	0
74	V	0.00000	0	1.00000	0
75	S	0.00000	5e-05	0.99995	0
76	I	0.00000	0.00067	0.99933	0
77	P	0.00000	0.00705	0.99295	0
78	K	0.00000	0.0393	0.96070	0
79	F	0.00000	0.05737	0.94263	0
80	L	0.00000	0.11111	0.88889	0
81	G	0.00000	0.75226	0.24774	0
82	N	0.00000	0.99998	0.00002	0
83	I	0.00000	1	0.00000	0
84	I	0.00000	1	0.00000	0
85	S	0.00000	1	0.00000	0
86	G	0.00000	1	0.00000	0
87	D	0.00000	1	0.00000	0
88	K	0.00000	1	0.00000	0
89	T	0.00000	1	0.00000	0
90	I	0.00000	1	0.00000	0
91	S	0.00000	1	0.00000	0
92	F	0.00000	1	0.00000	0
93	N	0.00000	1	0.00000	0
94	N	0.00000	0.99999	0.00001	0
95	C	0.00000	0.998	0.00200	0
96	I	0.00000	0.91062	0.08938	0
97	V	0.00000	0.81922	0.18078	0
98	Q	0.00000	0.74233	0.25767	0
99	L	0.00000	0.14272	0.85728	0
100	F	0.00000	0.01128	0.98872	0
101	F	0.00000	0.00061	0.99939	0
102	F	0.00000	4e-05	0.99996	0
103	I	0.00000	0	1.00000	0
104	L	0.00000	0	1.00000	0
105	L	0.00000	0	1.00000	0
106	G	0.00000	0	1.00000	0
107	V	0.00000	0	1.00000	0
108	T	0.00000	0	1.00000	0
109	E	0.00000	0	1.00000	0
110	F	0.00000	0	1.00000	0
111	Y	0.00000	0	1.00000	0
112	L	0.00000	0	1.00000	0
113	L	0.00000	0	1.00000	0
114	A	0.00000	0	1.00000	0
115	A	0.00000	0	1.00000	0
116	M	0.00000	0	1.00000	0
117	S	0.00000	0	1.00000	0
118	Y	0.00000	0	1.00000	0
119	D	0.00003	0	0.99997	0
120	R	0.01133	0	0.98867	0
121	Y	0.14141	0	0.85859	0
122	V	0.93531	0	0.06469	0
123	A	0.99802	0	0.00198	0
124	I	1.00000	0	0.00000	0
125	C	1.00000	0	0.00000	0
126	K	1.00000	0	0.00000	0
127	P	1.00000	0	0.00000	0
128	L	1.00000	0	0.00000	0
129	H	1.00000	0	0.00000	0
130	C	1.00000	0	0.00000	0
131	L	1.00000	0	0.00000	0
132	S	1.00000	0	0.00000	0
133	I	1.00000	0	0.00000	0
134	M	1.00000	0	0.00000	0
135	N	1.00000	0	0.00000	0
136	R	0.99999	0	0.00001	0
137	R	0.99777	0	0.00223	0
138	V	0.61486	0	0.38514	0
139	C	0.02121	0	0.97879	0
140	T	0.01346	0	0.98654	0
141	L	0.00019	0	0.99981	0
142	L	0.00000	0	1.00000	0
143	V	0.00000	0	1.00000	0
144	F	0.00000	0	1.00000	0
145	T	0.00000	0	1.00000	0
146	S	0.00000	0	1.00000	0
147	W	0.00000	0	1.00000	0
148	L	0.00000	0	1.00000	0
149	V	0.00000	0	1.00000	0
150	S	0.00000	0	1.00000	0
151	F	0.00000	0	1.00000	0
152	L	0.00000	0	1.00000	0
153	I	0.00000	0	1.00000	0
154	I	0.00000	0	1.00000	0
155	F	0.00000	0	1.00000	0
156	P	0.00000	0	1.00000	0
157	A	0.00000	1e-05	0.99999	0
158	L	0.00000	0.00033	0.99967	0
159	M	0.00000	0.00517	0.99483	0
160	L	0.00000	0.04696	0.95304	0
161	L	0.00000	0.1635	0.83650	0
162	L	0.00000	0.62148	0.37852	0
163	K	0.00000	0.99869	0.00131	0
164	L	0.00000	0.9996	0.00040	0
165	H	0.00000	0.99998	0.00002	0
166	Y	0.00000	1	0.00000	0
167	C	0.00000	1	0.00000	0
168	R	0.00000	1	0.00000	0
169	S	0.00000	1	0.00000	0
170	N	0.00000	1	0.00000	0
171	I	0.00000	1	0.00000	0
172	I	0.00000	1	0.00000	0
173	D	0.00000	1	0.00000	0
174	H	0.00000	1	0.00000	0
175	F	0.00000	1	0.00000	0
176	T	0.00000	1	0.00000	0
177	C	0.00000	1	0.00000	0
178	D	0.00000	1	0.00000	0
179	Y	0.00000	1	0.00000	0
180	F	0.00000	1	0.00000	0
181	P	0.00000	1	0.00000	0
182	L	0.00000	1	0.00000	0
183	L	0.00000	1	0.00000	0
184	Q	0.00000	1	0.00000	0
185	L	0.00000	1	0.00000	0
186	A	0.00000	1	0.00000	0
187	C	0.00000	1	0.00000	0
188	S	0.00000	1	0.00000	0
189	D	0.00000	1	0.00000	0
190	T	0.00000	0.99997	0.00003	0
191	K	0.00000	0.99954	0.00046	0
192	F	0.00000	0.61689	0.38311	0
193	L	0.00000	0.61212	0.38788	0
194	E	0.00000	0.56847	0.43153	0
195	V	0.00000	0.02698	0.97302	0
196	M	0.00000	0.00963	0.99037	0
197	G	0.00000	0.00567	0.99433	0
198	F	0.00000	0.00175	0.99825	0
199	S	0.00000	0.00087	0.99913	0
200	C	0.00000	0.00084	0.99916	0
201	A	0.00000	2e-05	0.99998	0
202	A	0.00000	1e-05	0.99999	0
203	F	0.00000	0	1.00000	0
204	T	0.00000	0	1.00000	0
205	L	0.00000	0	1.00000	0
206	M	0.00000	0	1.00000	0
207	F	0.00000	0	1.00000	0
208	T	0.00000	0	1.00000	0
209	L	0.00000	0	1.00000	0
210	A	0.00000	0	1.00000	0
211	L	0.00000	0	1.00000	0
212	I	0.00000	0	1.00000	0
213	F	0.00000	0	1.00000	0
214	L	0.00031	0	0.99969	0
215	S	0.00402	0	0.99598	0
216	Y	0.00507	0	0.99493	0
217	I	0.01126	0	0.98874	0
218	Y	0.02848	0	0.97152	0
219	I	0.09176	0	0.90824	0
220	I	0.23449	0	0.76551	0
221	R	0.99637	0	0.00363	0
222	T	0.99914	0	0.00086	0
223	I	0.99939	0	0.00061	0
224	L	0.99956	0	0.00044	0
225	R	0.99999	0	0.00001	0
226	I	1.00000	0	0.00000	0
227	P	1.00000	0	0.00000	0
228	S	1.00000	0	0.00000	0
229	T	1.00000	0	0.00000	0
230	S	0.99999	0	0.00001	0
231	Q	0.99997	0	0.00003	0
232	R	0.97922	0	0.02078	0
233	T	0.92811	0	0.07189	0
234	K	0.74985	0	0.25015	0
235	A	0.30173	0	0.69827	0
236	F	0.12089	0	0.87911	0
237	S	0.01112	0	0.98888	0
238	T	0.00509	0	0.99491	0
239	C	0.00165	0	0.99835	0
240	S	0.00133	0	0.99867	0
241	S	0.00114	0	0.99886	0
242	H	0.00062	0	0.99938	0
243	M	0.00043	0	0.99957	0
244	V	0.00000	0	1.00000	0
245	V	0.00000	0	1.00000	0
246	V	0.00000	0	1.00000	0
247	S	0.00000	0	1.00000	0
248	I	0.00000	0	1.00000	0
249	S	0.00000	0	1.00000	0
250	Y	0.00000	0	1.00000	0
251	G	0.00000	0	1.00000	0
252	S	0.00000	1e-05	0.99999	0
253	C	0.00000	3e-05	0.99997	0
254	I	0.00000	4e-05	0.99996	0
255	F	0.00000	0.0002	0.99980	0
256	M	0.00000	0.00069	0.99931	0
257	Y	0.00000	0.01186	0.98814	0
258	I	0.00000	0.0373	0.96270	0
259	K	0.00000	0.98186	0.01814	0
260	P	0.00000	0.99464	0.00536	0
261	S	0.00000	0.99777	0.00223	0
262	A	0.00000	0.99863	0.00137	0
263	K	0.00000	0.99991	0.00009	0
264	D	0.00000	0.99996	0.00004	0
265	R	0.00000	0.9997	0.00030	0
266	V	0.00000	0.92349	0.07651	0
267	S	0.00000	0.91883	0.08117	0
268	L	0.00000	0.81096	0.18904	0
269	S	0.00000	0.79193	0.20807	0
270	K	0.00000	0.69723	0.30277	0
271	G	0.00000	0.36174	0.63826	0
272	V	0.00000	0.00192	0.99808	0
273	A	0.00000	0	1.00000	0
274	I	0.00000	0	1.00000	0
275	L	0.00000	0	1.00000	0
276	N	0.00000	0	1.00000	0
277	T	0.00000	0	1.00000	0
278	S	0.00000	0	1.00000	0
279	V	0.00000	0	1.00000	0
280	A	0.00000	0	1.00000	0
281	P	0.00000	0	1.00000	0
282	M	0.00000	0	1.00000	0
283	M	0.00000	0	1.00000	0
284	N	0.00000	0	1.00000	0
285	P	0.00000	0	1.00000	0
286	F	0.00014	0	0.99986	0
287	I	0.00272	0	0.99728	0
288	Y	0.00980	0	0.99020	0
289	S	0.01728	0	0.98272	0
290	L	0.04124	0	0.95876	0
291	R	1.00000	0	0.00000	0
292	N	1.00000	0	0.00000	0
293	Q	1.00000	0	0.00000	0
294	Q	1.00000	0	0.00000	0
295	V	1.00000	0	0.00000	0
296	K	1.00000	0	0.00000	0
297	Q	1.00000	0	0.00000	0
298	A	1.00000	0	0.00000	0
299	F	1.00000	0	0.00000	0
300	I	1.00000	0	0.00000	0
301	N	1.00000	0	0.00000	0
302	M	1.00000	0	0.00000	0
303	A	1.00000	0	0.00000	0
304	R	1.00000	0	0.00000	0
305	K	1.00000	0	0.00000	0
306	T	1.00000	0	0.00000	0
307	V	1.00000	0	0.00000	0
308	F	1.00000	0	0.00000	0
309	F	1.00000	0	0.00000	0
310	T	1.00000	0	0.00000	0
311	S	1.00000	0	0.00000	0
312	T	1.00000	0	0.00000	0
