# UNNAMED
#pos	aa	i	o	M	S
1	M	0.00000	1	0.00000	0
2	G	0.00000	1	0.00000	0
3	D	0.00000	1	0.00000	0
4	R	0.00000	1	0.00000	0
5	R	0.00000	1	0.00000	0
6	F	0.00000	1	0.00000	0
7	I	0.00000	1	0.00000	0
8	D	0.00000	1	0.00000	0
9	F	0.00000	1	0.00000	0
10	Q	0.00000	1	0.00000	0
11	F	0.00000	1	0.00000	0
12	Q	0.00000	1	0.00000	0
13	D	0.00000	1	0.00000	0
14	S	0.00000	1	0.00000	0
15	N	0.00000	1	0.00000	0
16	S	0.00000	1	0.00000	0
17	S	0.00000	1	0.00000	0
18	L	0.00000	1	0.00000	0
19	R	0.00000	1	0.00000	0
20	P	0.00000	1	0.00000	0
21	R	0.00000	1	0.00000	0
22	L	0.00000	1	0.00000	0
23	G	0.00000	1	0.00000	0
24	N	0.00000	1	0.00000	0
25	A	0.00000	1	0.00000	0
26	T	0.00000	1	0.00000	0
27	A	0.00000	1	0.00000	0
28	N	0.00000	1	0.00000	0
29	N	0.00000	1	0.00000	0
30	T	0.00000	1	0.00000	0
31	C	0.00000	1	0.00000	0
32	I	0.00000	1	0.00000	0
33	V	0.00000	1	0.00000	0
34	D	0.00000	1	0.00000	0
35	D	0.00000	1	0.00000	0
36	S	0.00000	1	0.00000	0
37	F	0.00000	0.99998	0.00002	0
38	K	0.00000	0.99998	0.00002	0
39	Y	0.00000	0.99997	0.00003	0
40	N	0.00000	0.99996	0.00004	0
41	L	0.00000	0.99967	0.00033	0
42	N	0.00000	0.98744	0.01256	0
43	G	0.00000	0.8333	0.16670	0
44	A	0.00000	0.47336	0.52664	0
45	V	0.00000	0.17499	0.82501	0
46	Y	0.00000	0.05161	0.94839	0
47	S	0.00000	0.0188	0.98120	0
48	V	0.00000	0.0003	0.99970	0
49	V	0.00000	1e-05	0.99999	0
50	F	0.00000	0	1.00000	0
51	I	0.00000	0	1.00000	0
52	L	0.00000	0	1.00000	0
53	G	0.00000	0	1.00000	0
54	L	0.00000	0	1.00000	0
55	I	0.00000	0	1.00000	0
56	T	0.00000	0	1.00000	0
57	N	0.00000	0	1.00000	0
58	S	0.00000	0	1.00000	0
59	V	0.00000	0	1.00000	0
60	S	0.00000	0	1.00000	0
61	L	0.00000	0	1.00000	0
62	F	0.00000	0	1.00000	0
63	V	0.00001	0	0.99999	0
64	F	0.00054	0	0.99946	0
65	C	0.00959	0	0.99041	0
66	F	0.11819	0	0.88181	0
67	R	0.97326	0	0.02674	0
68	M	0.99257	0	0.00743	0
69	K	0.99994	0	0.00006	0
70	M	0.99999	0	0.00001	0
71	R	1.00000	0	0.00000	0
72	S	1.00000	0	0.00000	0
73	E	0.99995	0	0.00005	0
74	T	0.99542	0	0.00458	0
75	A	0.96798	0	0.03202	0
76	I	0.10505	0	0.89495	0
77	F	0.00104	0	0.99896	0
78	I	0.00001	0	0.99999	0
79	T	0.00000	0	1.00000	0
80	N	0.00000	0	1.00000	0
81	L	0.00000	0	1.00000	0
82	A	0.00000	0	1.00000	0
83	V	0.00000	0	1.00000	0
84	S	0.00000	0	1.00000	0
85	D	0.00000	0	1.00000	0
86	L	0.00000	0	1.00000	0
87	L	0.00000	0	1.00000	0
88	F	0.00000	0	1.00000	0
89	V	0.00000	0	1.00000	0
90	C	0.00000	0	1.00000	0
91	T	0.00000	0	1.00000	0
92	L	0.00000	0	1.00000	0
93	P	0.00000	0	1.00000	0
94	F	0.00000	0	1.00000	0
95	K	0.00000	4e-05	0.99996	0
96	I	0.00000	0.01273	0.98727	0
97	F	0.00000	0.13651	0.86349	0
98	Y	0.00000	0.9997	0.00030	0
99	N	0.00000	0.99999	0.00001	0
100	F	0.00000	1	0.00000	0
101	N	0.00000	1	0.00000	0
102	R	0.00000	1	0.00000	0
103	H	0.00000	1	0.00000	0
104	W	0.00000	1	0.00000	0
105	P	0.00000	1	0.00000	0
106	F	0.00000	1	0.00000	0
107	G	0.00000	1	0.00000	0
108	D	0.00000	1	0.00000	0
109	T	0.00000	0.99992	0.00008	0
110	L	0.00000	0.9997	0.00030	0
111	C	0.00000	0.99944	0.00056	0
112	K	0.00000	0.99705	0.00295	0
113	I	0.00000	0.84171	0.15829	0
114	S	0.00000	0.71112	0.28888	0
115	G	0.00000	0.24707	0.75293	0
116	T	0.00000	0.01663	0.98337	0
117	A	0.00000	0.00676	0.99324	0
118	F	0.00000	0.00108	0.99892	0
119	L	0.00000	4e-05	0.99996	0
120	T	0.00000	0	1.00000	0
121	N	0.00000	0	1.00000	0
122	I	0.00000	0	1.00000	0
123	Y	0.00000	0	1.00000	0
124	G	0.00000	0	1.00000	0
125	S	0.00000	0	1.00000	0
126	M	0.00000	0	1.00000	0
127	L	0.00000	0	1.00000	0
128	F	0.00000	0	1.00000	0
129	L	0.00000	0	1.00000	0
130	T	0.00000	0	1.00000	0
131	C	0.00000	0	1.00000	0
132	I	0.00000	0	1.00000	0
133	S	0.00000	0	1.00000	0
134	V	0.00000	0	1.00000	0
135	D	0.00000	0	1.00000	0
136	R	0.00345	0	0.99655	0
137	F	0.17109	0	0.82891	0
138	L	0.79952	0	0.20048	0
139	A	0.98181	0	0.01819	0
140	I	0.99999	0	0.00001	0
141	V	1.00000	0	0.00000	0
142	Y	1.00000	0	0.00000	0
143	P	1.00000	0	0.00000	0
144	F	1.00000	0	0.00000	0
145	R	1.00000	0	0.00000	0
146	S	1.00000	0	0.00000	0
147	R	1.00000	0	0.00000	0
148	T	1.00000	0	0.00000	0
149	I	1.00000	0	0.00000	0
150	R	1.00000	0	0.00000	0
151	T	1.00000	0	0.00000	0
152	R	1.00000	0	0.00000	0
153	R	0.99973	0	0.00027	0
154	N	0.97942	0	0.02058	0
155	S	0.57835	0	0.42165	0
156	A	0.05726	0	0.94274	0
157	I	0.00072	0	0.99928	0
158	V	0.00001	0	0.99999	0
159	C	0.00000	0	1.00000	0
160	A	0.00000	0	1.00000	0
161	G	0.00000	0	1.00000	0
162	V	0.00000	0	1.00000	0
163	W	0.00000	0	1.00000	0
164	I	0.00000	0	1.00000	0
165	L	0.00000	0	1.00000	0
166	V	0.00000	0	1.00000	0
167	L	0.00000	0	1.00000	0
168	S	0.00000	0	1.00000	0
169	G	0.00000	0	1.00000	0
170	G	0.00000	0	1.00000	0
171	I	0.00000	0	1.00000	0
172	S	0.00000	0	1.00000	0
173	A	0.00000	1e-05	0.99999	0
174	S	0.00000	0.00034	0.99966	0
175	L	0.00000	0.00285	0.99715	0
176	F	0.00000	0.07503	0.92497	0
177	S	0.00000	0.63613	0.36387	0
178	T	0.00000	0.93408	0.06592	0
179	T	0.00000	0.98678	0.01322	0
180	N	0.00000	0.99954	0.00046	0
181	V	0.00000	0.99987	0.00013	0
182	N	0.00000	1	0.00000	0
183	N	0.00000	1	0.00000	0
184	A	0.00000	1	0.00000	0
185	T	0.00000	1	0.00000	0
186	T	0.00000	1	0.00000	0
187	T	0.00000	1	0.00000	0
188	C	0.00000	1	0.00000	0
189	F	0.00000	1	0.00000	0
190	E	0.00000	1	0.00000	0
191	G	0.00000	1	0.00000	0
192	F	0.00000	1	0.00000	0
193	S	0.00000	1	0.00000	0
194	K	0.00000	1	0.00000	0
195	R	0.00000	1	0.00000	0
196	V	0.00000	1	0.00000	0
197	W	0.00000	1	0.00000	0
198	K	0.00000	0.99993	0.00007	0
199	T	0.00000	0.99992	0.00008	0
200	Y	0.00000	0.99987	0.00013	0
201	L	0.00000	0.99986	0.00014	0
202	S	0.00000	0.99986	0.00014	0
203	K	0.00000	0.99984	0.00016	0
204	I	0.00000	0.0112	0.98880	0
205	T	0.00000	0.00804	0.99196	0
206	I	0.00000	0.00436	0.99564	0
207	F	0.00000	6e-05	0.99994	0
208	I	0.00000	4e-05	0.99996	0
209	E	0.00000	4e-05	0.99996	0
210	V	0.00000	3e-05	0.99997	0
211	V	0.00000	0	1.00000	0
212	G	0.00000	0	1.00000	0
213	F	0.00000	0	1.00000	0
214	I	0.00000	0	1.00000	0
215	I	0.00000	0	1.00000	0
216	P	0.00000	0	1.00000	0
217	L	0.00000	0	1.00000	0
218	I	0.00000	0	1.00000	0
219	L	0.00000	0	1.00000	0
220	N	0.00000	0	1.00000	0
221	V	0.00000	0	1.00000	0
222	S	0.00005	0	0.99995	0
223	C	0.00006	0	0.99994	0
224	S	0.00018	0	0.99982	0
225	S	0.00054	0	0.99946	0
226	V	0.00127	0	0.99873	0
227	V	0.00975	0	0.99025	0
228	L	0.16531	0	0.83469	0
229	R	0.86883	0	0.13117	0
230	T	0.93741	0	0.06259	0
231	L	0.96516	0	0.03484	0
232	R	0.99951	0	0.00049	0
233	K	0.99999	0	0.00001	0
234	P	1.00000	0	0.00000	0
235	A	1.00000	0	0.00000	0
236	T	1.00000	0	0.00000	0
237	L	1.00000	0	0.00000	0
238	S	1.00000	0	0.00000	0
239	Q	1.00000	0	0.00000	0
240	I	1.00000	0	0.00000	0
241	G	1.00000	0	0.00000	0
242	T	1.00000	0	0.00000	0
243	N	1.00000	0	0.00000	0
244	K	0.99998	0	0.00002	0
245	K	0.99750	0	0.00250	0
246	K	0.99641	0	0.00359	0
247	V	0.82095	0	0.17905	0
248	L	0.71112	0	0.28888	0
249	K	0.19281	0	0.80719	0
250	M	0.13887	0	0.86113	0
251	I	0.11600	0	0.88400	0
252	T	0.10241	0	0.89759	0
253	V	0.10156	0	0.89844	0
254	H	0.10045	0	0.89955	0
255	M	0.01006	0	0.98994	0
256	A	0.00005	0	0.99995	0
257	V	0.00002	0	0.99998	0
258	F	0.00000	0	1.00000	0
259	V	0.00000	0	1.00000	0
260	V	0.00000	0	1.00000	0
261	C	0.00000	0	1.00000	0
262	F	0.00000	0	1.00000	0
263	V	0.00000	0	1.00000	0
264	P	0.00000	0	1.00000	0
265	Y	0.00000	0	1.00000	0
266	N	0.00000	0	1.00000	0
267	S	0.00000	1e-05	0.99999	0
268	V	0.00000	3e-05	0.99997	0
269	L	0.00000	0.00019	0.99981	0
270	F	0.00000	0.00296	0.99704	0
271	L	0.00000	0.00857	0.99143	0
272	Y	0.00000	0.03452	0.96548	0
273	A	0.00000	0.07493	0.92507	0
274	L	0.00000	0.17186	0.82814	0
275	V	0.00000	0.46934	0.53066	0
276	R	0.00000	0.97064	0.02936	0
277	S	0.00000	0.99306	0.00694	0
278	Q	0.00000	0.99637	0.00363	0
279	A	0.00000	0.99674	0.00326	0
280	I	0.00000	0.99753	0.00247	0
281	T	0.00000	0.99996	0.00004	0
282	N	0.00000	1	0.00000	0
283	C	0.00000	0.99999	0.00001	0
284	F	0.00000	0.99992	0.00008	0
285	L	0.00000	0.99989	0.00011	0
286	E	0.00000	0.99932	0.00068	0
287	R	0.00000	0.99368	0.00632	0
288	F	0.00000	0.83516	0.16484	0
289	A	0.00000	0.66259	0.33741	0
290	K	0.00000	0.63473	0.36527	0
291	I	0.00000	0.29979	0.70021	0
292	M	0.00000	0.12433	0.87567	0
293	Y	0.00000	0.0862	0.91380	0
294	P	0.00000	0.07523	0.92477	0
295	I	0.00000	0.00514	0.99486	0
296	T	0.00000	0.00074	0.99926	0
297	L	0.00000	0	1.00000	0
298	C	0.00000	0	1.00000	0
299	L	0.00000	0	1.00000	0
300	A	0.00000	0	1.00000	0
301	T	0.00000	0	1.00000	0
302	L	0.00000	0	1.00000	0
303	N	0.00000	0	1.00000	0
304	C	0.00000	0	1.00000	0
305	C	0.00000	0	1.00000	0
306	F	0.00004	0	0.99996	0
307	D	0.00021	0	0.99979	0
308	P	0.00029	0	0.99971	0
309	F	0.00135	0	0.99865	0
310	I	0.00974	0	0.99026	0
311	Y	0.02857	0	0.97143	0
312	Y	0.04211	0	0.95789	0
313	F	0.09430	0	0.90570	0
314	T	0.58340	0	0.41660	0
315	L	0.81395	0	0.18605	0
316	E	1.00000	0	0.00000	0
317	S	1.00000	0	0.00000	0
318	F	1.00000	0	0.00000	0
319	Q	1.00000	0	0.00000	0
320	K	1.00000	0	0.00000	0
321	S	1.00000	0	0.00000	0
322	F	1.00000	0	0.00000	0
323	Y	1.00000	0	0.00000	0
324	I	1.00000	0	0.00000	0
325	N	1.00000	0	0.00000	0
326	A	1.00000	0	0.00000	0
327	H	1.00000	0	0.00000	0
328	I	1.00000	0	0.00000	0
329	R	1.00000	0	0.00000	0
330	M	1.00000	0	0.00000	0
331	E	1.00000	0	0.00000	0
332	S	1.00000	0	0.00000	0
333	L	1.00000	0	0.00000	0
334	F	1.00000	0	0.00000	0
335	K	1.00000	0	0.00000	0
336	T	1.00000	0	0.00000	0
337	E	1.00000	0	0.00000	0
338	T	1.00000	0	0.00000	0
339	P	1.00000	0	0.00000	0
340	L	1.00000	0	0.00000	0
341	T	1.00000	0	0.00000	0
342	T	1.00000	0	0.00000	0
343	K	1.00000	0	0.00000	0
344	P	1.00000	0	0.00000	0
345	S	1.00000	0	0.00000	0
346	L	1.00000	0	0.00000	0
347	P	1.00000	0	0.00000	0
348	A	1.00000	0	0.00000	0
349	I	1.00000	0	0.00000	0
350	Q	1.00000	0	0.00000	0
351	E	1.00000	0	0.00000	0
352	E	1.00000	0	0.00000	0
353	V	1.00000	0	0.00000	0
354	S	1.00000	0	0.00000	0
355	D	1.00000	0	0.00000	0
356	Q	1.00000	0	0.00000	0
357	T	1.00000	0	0.00000	0
358	T	1.00000	0	0.00000	0
359	N	1.00000	0	0.00000	0
360	N	1.00000	0	0.00000	0
361	G	1.00000	0	0.00000	0
362	G	1.00000	0	0.00000	0
363	E	1.00000	0	0.00000	0
364	L	1.00000	0	0.00000	0
365	M	1.00000	0	0.00000	0
366	L	1.00000	0	0.00000	0
367	E	1.00000	0	0.00000	0
368	S	1.00000	0	0.00000	0
369	T	1.00000	0	0.00000	0
370	F	1.00000	0	0.00000	0
