# UNNAMED
#pos	aa	i	o	M	S
1	M	0.00000	0.99954	0.00000	0.00046
2	D	0.00000	0.99954	0.00000	0.00046
3	V	0.00000	0.99954	0.00000	0.00046
4	G	0.00000	0.99954	0.00000	0.00046
5	N	0.00000	0.99954	0.00000	0.00046
6	K	0.00000	0.99954	0.00000	0.00046
7	S	0.00000	0.99954	0.00000	0.00046
8	T	0.00000	0.99954	0.00000	0.00047
9	M	0.00000	0.99954	0.00000	0.00047
10	S	0.00000	0.99954	0.00000	0.00046
11	E	0.00000	0.99954	0.00000	0.00046
12	F	0.00000	0.99954	0.00000	0.00046
13	V	0.00000	0.99954	0.00000	0.00046
14	L	0.00000	0.99954	0.00000	0.00046
15	L	0.00000	0.99954	0.00000	0.00046
16	G	0.00000	0.99954	0.00000	0.00046
17	L	0.00000	0.99954	0.00000	0.00047
18	S	0.00000	0.99954	0.00000	0.00046
19	N	0.00000	0.99953	0.00000	0.00046
20	S	0.00000	0.99951	0.00003	0.00046
21	W	0.00000	0.9994	0.00014	0.00046
22	E	0.00000	0.99931	0.00022	0.00046
23	L	0.00000	0.99184	0.00816	0
24	Q	0.00000	0.97676	0.02324	0
25	M	0.00000	0.90276	0.09724	0
26	F	0.00000	0.47734	0.52266	0
27	F	0.00000	0.20919	0.79081	0
28	F	0.00000	0.17426	0.82574	0
29	M	0.00000	0.16788	0.83212	0
30	V	0.00000	0.15587	0.84413	0
31	F	0.00000	0.02687	0.97313	0
32	S	0.00000	0.01086	0.98914	0
33	L	0.00000	0.0008	0.99920	0
34	L	0.00000	1e-05	0.99999	0
35	Y	0.00000	0	1.00000	0
36	V	0.00000	0	1.00000	0
37	A	0.00000	0	1.00000	0
38	T	0.00000	0	1.00000	0
39	M	0.00000	0	1.00000	0
40	V	0.00000	0	1.00000	0
41	G	0.00000	0	1.00000	0
42	N	0.00000	0	1.00000	0
43	S	0.00000	0	1.00000	0
44	L	0.00000	0	1.00000	0
45	I	0.00000	0	1.00000	0
46	V	0.00001	0	0.99999	0
47	I	0.00026	0	0.99974	0
48	T	0.02381	0	0.97619	0
49	V	0.04797	0	0.95203	0
50	I	0.12393	0	0.87607	0
51	V	0.45413	0	0.54587	0
52	D	0.99725	0	0.00275	0
53	P	0.99986	0	0.00014	0
54	H	0.99996	0	0.00004	0
55	L	0.99999	0	0.00001	0
56	H	1.00000	0	0.00000	0
57	S	1.00000	0	0.00000	0
58	P	1.00000	0	0.00000	0
59	M	0.63217	0	0.36783	0
60	Y	0.51638	0	0.48362	0
61	F	0.09437	0	0.90563	0
62	L	0.00381	0	0.99619	0
63	L	0.00134	0	0.99866	0
64	T	0.00097	0	0.99903	0
65	N	0.00001	0	0.99999	0
66	L	0.00000	0	1.00000	0
67	S	0.00000	0	1.00000	0
68	I	0.00000	0	1.00000	0
69	I	0.00000	0	1.00000	0
70	D	0.00000	0	1.00000	0
71	M	0.00000	0	1.00000	0
72	S	0.00000	0	1.00000	0
73	L	0.00000	0	1.00000	0
74	A	0.00000	0	1.00000	0
75	S	0.00000	0	1.00000	0
76	F	0.00000	0	1.00000	0
77	A	0.00000	1e-05	0.99999	0
78	T	0.00000	0.00043	0.99957	0
79	P	0.00000	0.00157	0.99843	0
80	K	0.00000	0.01018	0.98982	0
81	M	0.00000	0.02891	0.97109	0
82	I	0.00000	0.11079	0.88921	0
83	T	0.00000	0.69488	0.30512	0
84	D	0.00000	0.99999	0.00001	0
85	Y	0.00000	1	0.00000	0
86	L	0.00000	1	0.00000	0
87	T	0.00000	1	0.00000	0
88	G	0.00000	1	0.00000	0
89	H	0.00000	1	0.00000	0
90	K	0.00000	1	0.00000	0
91	T	0.00000	1	0.00000	0
92	I	0.00000	1	0.00000	0
93	S	0.00000	1	0.00000	0
94	F	0.00000	1	0.00000	0
95	D	0.00000	1	0.00000	0
96	G	0.00000	0.99999	0.00001	0
97	C	0.00000	0.9999	0.00010	0
98	L	0.00000	0.99581	0.00419	0
99	T	0.00000	0.99072	0.00928	0
100	Q	0.00000	0.9733	0.02670	0
101	I	0.00000	0.18017	0.81983	0
102	F	0.00000	0.02948	0.97052	0
103	F	0.00000	0.00067	0.99933	0
104	L	0.00000	4e-05	0.99996	0
105	H	0.00000	0	1.00000	0
106	L	0.00000	0	1.00000	0
107	F	0.00000	0	1.00000	0
108	T	0.00000	0	1.00000	0
109	G	0.00000	0	1.00000	0
110	T	0.00000	0	1.00000	0
111	E	0.00000	0	1.00000	0
112	I	0.00000	0	1.00000	0
113	I	0.00000	0	1.00000	0
114	L	0.00000	0	1.00000	0
115	L	0.00000	0	1.00000	0
116	M	0.00000	0	1.00000	0
117	A	0.00000	0	1.00000	0
118	M	0.00000	0	1.00000	0
119	S	0.00000	0	1.00000	0
120	F	0.00000	0	1.00000	0
121	D	0.00000	0	1.00000	0
122	R	0.00597	0	0.99403	0
123	Y	0.11147	0	0.88853	0
124	I	0.88274	0	0.11726	0
125	A	0.98621	0	0.01379	0
126	I	1.00000	0	0.00000	0
127	C	1.00000	0	0.00000	0
128	K	1.00000	0	0.00000	0
129	P	1.00000	0	0.00000	0
130	L	1.00000	0	0.00000	0
131	H	1.00000	0	0.00000	0
132	Y	1.00000	0	0.00000	0
133	A	1.00000	0	0.00000	0
134	S	0.99999	0	0.00001	0
135	V	0.99992	0	0.00008	0
136	I	0.99968	0	0.00032	0
137	S	0.99958	0	0.00042	0
138	P	0.99904	0	0.00096	0
139	Q	0.98856	0	0.01144	0
140	V	0.51392	0	0.48608	0
141	C	0.03018	0	0.96982	0
142	V	0.00795	0	0.99205	0
143	A	0.00202	0	0.99798	0
144	L	0.00032	0	0.99968	0
145	V	0.00009	0	0.99991	0
146	V	0.00005	0	0.99995	0
147	A	0.00001	0	0.99999	0
148	S	0.00000	0	1.00000	0
149	W	0.00000	0	1.00000	0
150	I	0.00000	0	1.00000	0
151	M	0.00000	0	1.00000	0
152	G	0.00000	0	1.00000	0
153	V	0.00000	0	1.00000	0
154	M	0.00000	0	1.00000	0
155	H	0.00000	2e-05	0.99998	0
156	S	0.00000	5e-05	0.99995	0
157	M	0.00000	7e-05	0.99993	0
158	S	0.00000	0.00145	0.99855	0
159	Q	0.00000	0.02811	0.97189	0
160	V	0.00000	0.05743	0.94257	0
161	I	0.00000	0.07569	0.92431	0
162	F	0.00000	0.1916	0.80840	0
163	A	0.00000	0.42385	0.57615	0
164	L	0.00000	0.76087	0.23913	0
165	T	0.00000	0.95245	0.04755	0
166	L	0.00000	0.97825	0.02175	0
167	P	0.00000	0.99886	0.00114	0
168	F	0.00000	0.99966	0.00034	0
169	C	0.00000	0.99999	0.00001	0
170	G	0.00000	1	0.00000	0
171	P	0.00000	1	0.00000	0
172	Y	0.00000	1	0.00000	0
173	E	0.00000	1	0.00000	0
174	V	0.00000	1	0.00000	0
175	D	0.00000	1	0.00000	0
176	S	0.00000	1	0.00000	0
177	F	0.00000	1	0.00000	0
178	F	0.00000	1	0.00000	0
179	C	0.00000	1	0.00000	0
180	D	0.00000	1	0.00000	0
181	L	0.00000	1	0.00000	0
182	P	0.00000	1	0.00000	0
183	V	0.00000	1	0.00000	0
184	V	0.00000	1	0.00000	0
185	F	0.00000	1	0.00000	0
186	Q	0.00000	0.99994	0.00006	0
187	L	0.00000	0.99994	0.00006	0
188	A	0.00000	0.99994	0.00006	0
189	C	0.00000	0.99993	0.00007	0
190	V	0.00000	0.99993	0.00007	0
191	D	0.00000	0.99971	0.00029	0
192	T	0.00000	0.99861	0.00139	0
193	Y	0.00000	0.99197	0.00803	0
194	V	0.00000	0.82417	0.17583	0
195	L	0.00000	0.80249	0.19751	0
196	G	0.00000	0.58455	0.41545	0
197	L	0.00000	0.37962	0.62038	0
198	F	0.00000	0.07094	0.92906	0
199	M	0.00000	0.00055	0.99945	0
200	I	0.00000	0.0004	0.99960	0
201	S	0.00000	0.00038	0.99962	0
202	T	0.00000	0.0003	0.99970	0
203	S	0.00000	0.00029	0.99971	0
204	G	0.00000	3e-05	0.99997	0
205	I	0.00000	0	1.00000	0
206	I	0.00000	0	1.00000	0
207	A	0.00000	0	1.00000	0
208	L	0.00000	0	1.00000	0
209	S	0.00000	0	1.00000	0
210	C	0.00000	0	1.00000	0
211	F	0.00000	0	1.00000	0
212	I	0.00000	0	1.00000	0
213	V	0.00001	0	0.99999	0
214	L	0.00001	0	0.99999	0
215	F	0.00020	0	0.99980	0
216	N	0.00718	0	0.99282	0
217	S	0.00991	0	0.99009	0
218	Y	0.01055	0	0.98945	0
219	V	0.01410	0	0.98590	0
220	I	0.02462	0	0.97538	0
221	V	0.06109	0	0.93891	0
222	L	0.17422	0	0.82578	0
223	V	0.76517	0	0.23483	0
224	T	0.96596	0	0.03404	0
225	V	0.98417	0	0.01583	0
226	K	0.99985	0	0.00015	0
227	H	0.99998	0	0.00002	0
228	H	1.00000	0	0.00000	0
229	S	1.00000	0	0.00000	0
230	S	1.00000	0	0.00000	0
231	R	1.00000	0	0.00000	0
232	G	1.00000	0	0.00000	0
233	S	0.99859	0	0.00141	0
234	S	0.99410	0	0.00590	0
235	K	0.93653	0	0.06347	0
236	A	0.84959	0	0.15041	0
237	L	0.78935	0	0.21065	0
238	S	0.12034	0	0.87966	0
239	T	0.11738	0	0.88262	0
240	C	0.11588	0	0.88412	0
241	T	0.08900	0	0.91100	0
242	A	0.05385	0	0.94615	0
243	H	0.05261	0	0.94739	0
244	F	0.02552	0	0.97448	0
245	I	0.00228	0	0.99772	0
246	V	0.00149	0	0.99851	0
247	V	0.00000	0	1.00000	0
248	F	0.00000	0	1.00000	0
249	L	0.00000	0	1.00000	0
250	F	0.00000	0	1.00000	0
251	F	0.00000	0	1.00000	0
252	G	0.00000	0	1.00000	0
253	P	0.00000	0	1.00000	0
254	C	0.00000	0	1.00000	0
255	I	0.00000	0	1.00000	0
256	F	0.00000	0	1.00000	0
257	I	0.00000	3e-05	0.99997	0
258	Y	0.00000	0.00049	0.99951	0
259	M	0.00000	0.00257	0.99743	0
260	W	0.00000	0.17781	0.82219	0
261	P	0.00000	0.45824	0.54176	0
262	L	0.00000	0.53584	0.46416	0
263	S	0.00000	0.84151	0.15849	0
264	S	0.00000	0.86993	0.13007	0
265	F	0.00000	0.83183	0.16817	0
266	L	0.00000	0.80803	0.19197	0
267	T	0.00000	0.87011	0.12989	0
268	D	0.00000	0.88408	0.11592	0
269	K	0.00000	0.64052	0.35948	0
270	I	0.00000	0.0339	0.96610	0
271	L	0.00000	0.00016	0.99984	0
272	S	0.00000	0	1.00000	0
273	V	0.00000	0	1.00000	0
274	F	0.00000	0	1.00000	0
275	Y	0.00000	0	1.00000	0
276	T	0.00000	0	1.00000	0
277	I	0.00000	0	1.00000	0
278	F	0.00000	0	1.00000	0
279	T	0.00000	0	1.00000	0
280	P	0.00000	0	1.00000	0
281	T	0.00000	0	1.00000	0
282	L	0.00000	0	1.00000	0
283	N	0.00000	0	1.00000	0
284	P	0.00000	0	1.00000	0
285	I	0.00000	0	1.00000	0
286	I	0.00021	0	0.99979	0
287	Y	0.00236	0	0.99764	0
288	T	0.01379	0	0.98621	0
289	L	0.04575	0	0.95425	0
290	R	1.00000	0	0.00000	0
291	N	1.00000	0	0.00000	0
292	Q	1.00000	0	0.00000	0
293	E	1.00000	0	0.00000	0
294	V	1.00000	0	0.00000	0
295	K	1.00000	0	0.00000	0
296	I	1.00000	0	0.00000	0
297	A	1.00000	0	0.00000	0
298	M	1.00000	0	0.00000	0
299	R	1.00000	0	0.00000	0
300	K	1.00000	0	0.00000	0
301	L	1.00000	0	0.00000	0
302	K	1.00000	0	0.00000	0
303	N	1.00000	0	0.00000	0
304	R	1.00000	0	0.00000	0
305	F	1.00000	0	0.00000	0
306	L	1.00000	0	0.00000	0
307	N	1.00000	0	0.00000	0
308	F	1.00000	0	0.00000	0
309	N	1.00000	0	0.00000	0
310	K	1.00000	0	0.00000	0
311	A	1.00000	0	0.00000	0
312	M	1.00000	0	0.00000	0
313	P	1.00000	0	0.00000	0
314	S	1.00000	0	0.00000	0
