# UNNAMED
#pos	aa	i	o	M	S
1	M	0.00000	0.98154	0.00000	0.01846
2	M	0.00000	0.98154	0.00000	0.01846
3	D	0.00000	0.98154	0.00000	0.01846
4	V	0.00000	0.98154	0.00000	0.01846
5	N	0.00000	0.98154	0.00000	0.01846
6	S	0.00000	0.98154	0.00000	0.01846
7	S	0.00000	0.98154	0.00000	0.01846
8	G	0.00000	0.98154	0.00000	0.01846
9	R	0.00000	0.98154	0.00000	0.01846
10	P	0.00000	0.98154	0.00000	0.01846
11	D	0.00000	0.98154	0.00000	0.01846
12	L	0.00000	0.98154	0.00000	0.01846
13	Y	0.00000	0.98154	0.00000	0.01846
14	G	0.00000	0.98154	0.00000	0.01846
15	H	0.00000	0.98154	0.00000	0.01846
16	L	0.00000	0.98154	0.00000	0.01846
17	R	0.00000	0.98154	0.00000	0.01846
18	S	0.00000	0.98154	0.00000	0.01846
19	F	0.00000	0.98154	0.00000	0.01846
20	L	0.00000	0.98154	0.00000	0.01846
21	L	0.00000	0.98154	0.00000	0.01846
22	P	0.00000	0.98154	0.00000	0.01846
23	E	0.00000	0.98154	0.00000	0.01846
24	V	0.00000	0.98154	0.00000	0.01846
25	G	0.00000	0.98154	0.00000	0.01846
26	R	0.00000	0.98154	0.00000	0.01846
27	G	0.00000	0.98155	0.00000	0.01845
28	L	0.00000	1	0.00000	0
29	P	0.00000	1	0.00000	0
30	D	0.00000	1	0.00000	0
31	L	0.00000	1	0.00000	0
32	S	0.00000	1	0.00000	0
33	P	0.00000	1	0.00000	0
34	D	0.00000	1	0.00000	0
35	G	0.00000	1	0.00000	0
36	G	0.00000	1	0.00000	0
37	A	0.00000	1	0.00000	0
38	D	0.00000	1	0.00000	0
39	P	0.00000	1	0.00000	0
40	V	0.00000	1	0.00000	0
41	A	0.00000	1	0.00000	0
42	G	0.00000	1	0.00000	0
43	S	0.00000	1	0.00000	0
44	W	0.00000	1	0.00000	0
45	A	0.00000	1	0.00000	0
46	P	0.00000	1	0.00000	0
47	H	0.00000	1	0.00000	0
48	L	0.00000	1	0.00000	0
49	L	0.00000	1	0.00000	0
50	S	0.00000	1	0.00000	0
51	E	0.00000	1	0.00000	0
52	V	0.00000	1	0.00000	0
53	T	0.00000	1	0.00000	0
54	A	0.00000	1	0.00000	0
55	S	0.00000	1	0.00000	0
56	P	0.00000	1	0.00000	0
57	A	0.00000	1	0.00000	0
58	P	0.00000	1	0.00000	0
59	T	0.00000	1	0.00000	0
60	W	0.00000	1	0.00000	0
61	D	0.00000	1	0.00000	0
62	A	0.00000	1	0.00000	0
63	P	0.00000	1	0.00000	0
64	P	0.00000	1	0.00000	0
65	D	0.00000	1	0.00000	0
66	N	0.00000	1	0.00000	0
67	A	0.00000	1	0.00000	0
68	S	0.00000	1	0.00000	0
69	G	0.00000	1	0.00000	0
70	C	0.00000	1	0.00000	0
71	G	0.00000	1	0.00000	0
72	E	0.00000	1	0.00000	0
73	Q	0.00000	1	0.00000	0
74	I	0.00000	1	0.00000	0
75	N	0.00000	1	0.00000	0
76	Y	0.00000	1	0.00000	0
77	G	0.00000	1	0.00000	0
78	R	0.00000	0.99999	0.00001	0
79	V	0.00000	0.9996	0.00040	0
80	E	0.00000	0.9991	0.00090	0
81	K	0.00000	0.98938	0.01062	0
82	V	0.00000	0.72256	0.27744	0
83	V	0.00000	0.44732	0.55268	0
84	I	0.00000	0.36182	0.63818	0
85	G	0.00000	0.33568	0.66432	0
86	S	0.00000	0.29943	0.70057	0
87	I	0.00000	0.06014	0.93986	0
88	L	0.00000	0.01377	0.98623	0
89	T	0.00000	0.00291	0.99709	0
90	L	0.00000	0.00056	0.99944	0
91	I	0.00000	2e-05	0.99998	0
92	T	0.00000	0	1.00000	0
93	L	0.00000	0	1.00000	0
94	L	0.00000	0	1.00000	0
95	T	0.00000	0	1.00000	0
96	I	0.00000	0	1.00000	0
97	A	0.00000	0	1.00000	0
98	G	0.00000	0	1.00000	0
99	N	0.00000	0	1.00000	0
100	C	0.00000	0	1.00000	0
101	L	0.00000	0	1.00000	0
102	V	0.00000	0	1.00000	0
103	V	0.00002	0	0.99998	0
104	I	0.00104	0	0.99896	0
105	S	0.09387	0	0.90613	0
106	V	0.11746	0	0.88254	0
107	C	0.19376	0	0.80624	0
108	F	0.29924	0	0.70076	0
109	V	0.66420	0	0.33580	0
110	K	0.98860	0	0.01140	0
111	K	0.99989	0	0.00011	0
112	L	0.99996	0	0.00004	0
113	R	1.00000	0	0.00000	0
114	Q	1.00000	0	0.00000	0
115	P	1.00000	0	0.00000	0
116	S	0.90562	0	0.09438	0
117	N	0.25993	0	0.74007	0
118	Y	0.09718	0	0.90282	0
119	L	0.00140	0	0.99860	0
120	I	0.00006	0	0.99994	0
121	V	0.00000	0	1.00000	0
122	S	0.00000	0	1.00000	0
123	L	0.00000	0	1.00000	0
124	A	0.00000	0	1.00000	0
125	L	0.00000	0	1.00000	0
126	A	0.00000	0	1.00000	0
127	D	0.00000	0	1.00000	0
128	L	0.00000	0	1.00000	0
129	S	0.00000	0	1.00000	0
130	V	0.00000	0	1.00000	0
131	A	0.00000	0	1.00000	0
132	V	0.00000	0	1.00000	0
133	A	0.00000	0	1.00000	0
134	V	0.00000	0	1.00000	0
135	M	0.00000	6e-05	0.99994	0
136	P	0.00000	0.00154	0.99846	0
137	F	0.00000	0.01772	0.98228	0
138	V	0.00000	0.10602	0.89398	0
139	S	0.00000	0.73931	0.26069	0
140	V	0.00000	0.84104	0.15896	0
141	T	0.00000	0.99993	0.00007	0
142	D	0.00000	0.99998	0.00002	0
143	L	0.00000	0.99998	0.00002	0
144	I	0.00000	0.99998	0.00002	0
145	G	0.00000	0.99999	0.00001	0
146	G	0.00000	1	0.00000	0
147	K	0.00000	1	0.00000	0
148	W	0.00000	1	0.00000	0
149	I	0.00000	0.99998	0.00002	0
150	F	0.00000	0.99992	0.00008	0
151	G	0.00000	0.99991	0.00009	0
152	H	0.00000	0.99991	0.00009	0
153	F	0.00000	0.9999	0.00010	0
154	F	0.00000	0.99989	0.00011	0
155	C	0.00000	0.99989	0.00011	0
156	N	0.00000	0.99981	0.00019	0
157	V	0.00000	0.99173	0.00827	0
158	F	0.00000	0.33441	0.66559	0
159	I	0.00000	0.03288	0.96712	0
160	A	0.00000	0.00077	0.99923	0
161	M	0.00000	1e-05	0.99999	0
162	D	0.00000	0	1.00000	0
163	V	0.00000	0	1.00000	0
164	M	0.00000	0	1.00000	0
165	C	0.00000	0	1.00000	0
166	C	0.00000	0	1.00000	0
167	T	0.00000	0	1.00000	0
168	A	0.00000	0	1.00000	0
169	S	0.00000	0	1.00000	0
170	I	0.00000	0	1.00000	0
171	M	0.00000	0	1.00000	0
172	T	0.00000	0	1.00000	0
173	L	0.00000	0	1.00000	0
174	C	0.00000	0	1.00000	0
175	V	0.00000	0	1.00000	0
176	I	0.00000	0	1.00000	0
177	S	0.00000	0	1.00000	0
178	I	0.00005	0	0.99995	0
179	D	0.00019	0	0.99981	0
180	R	0.20734	0	0.79266	0
181	Y	0.59990	0	0.40010	0
182	L	0.93952	0	0.06048	0
183	G	0.99502	0	0.00498	0
184	I	1.00000	0	0.00000	0
185	T	1.00000	0	0.00000	0
186	R	1.00000	0	0.00000	0
187	P	1.00000	0	0.00000	0
188	L	1.00000	0	0.00000	0
189	T	1.00000	0	0.00000	0
190	Y	1.00000	0	0.00000	0
191	P	1.00000	0	0.00000	0
192	V	1.00000	0	0.00000	0
193	R	1.00000	0	0.00000	0
194	Q	1.00000	0	0.00000	0
195	N	0.99996	0	0.00004	0
196	G	0.99971	0	0.00029	0
197	K	0.98995	0	0.01005	0
198	C	0.02307	0	0.97693	0
199	M	0.01848	0	0.98152	0
200	A	0.01513	0	0.98487	0
201	K	0.01449	0	0.98551	0
202	M	0.00212	0	0.99788	0
203	I	0.00043	0	0.99957	0
204	L	0.00001	0	0.99999	0
205	S	0.00000	0	1.00000	0
206	V	0.00000	0	1.00000	0
207	W	0.00000	0	1.00000	0
208	L	0.00000	0	1.00000	0
209	L	0.00000	0	1.00000	0
210	S	0.00000	0	1.00000	0
211	A	0.00000	0	1.00000	0
212	S	0.00000	0	1.00000	0
213	I	0.00000	0	1.00000	0
214	T	0.00000	0	1.00000	0
215	L	0.00000	0	1.00000	0
216	P	0.00000	0.00047	0.99953	0
217	P	0.00000	0.00405	0.99595	0
218	L	0.00000	0.01836	0.98164	0
219	F	0.00000	0.17765	0.82235	0
220	G	0.00000	0.83241	0.16759	0
221	W	0.00000	0.90886	0.09114	0
222	A	0.00000	0.95268	0.04732	0
223	Q	0.00000	0.99767	0.00233	0
224	N	0.00000	0.99975	0.00025	0
225	V	0.00000	0.99984	0.00016	0
226	N	0.00000	1	0.00000	0
227	D	0.00000	1	0.00000	0
228	D	0.00000	1	0.00000	0
229	K	0.00000	1	0.00000	0
230	V	0.00000	1	0.00000	0
231	C	0.00000	1	0.00000	0
232	L	0.00000	1	0.00000	0
233	I	0.00000	1	0.00000	0
234	S	0.00000	1	0.00000	0
235	Q	0.00000	0.99999	0.00001	0
236	D	0.00000	0.99997	0.00003	0
237	F	0.00000	0.83847	0.16153	0
238	G	0.00000	0.55843	0.44157	0
239	Y	0.00000	0.38715	0.61285	0
240	T	0.00000	0.26761	0.73239	0
241	I	0.00000	0.02798	0.97202	0
242	Y	0.00000	0.00943	0.99057	0
243	S	0.00000	0.00786	0.99214	0
244	T	0.00000	0.00262	0.99738	0
245	A	0.00000	0.00194	0.99806	0
246	V	0.00000	1e-05	0.99999	0
247	A	0.00000	0	1.00000	0
248	F	0.00000	0	1.00000	0
249	Y	0.00000	0	1.00000	0
250	I	0.00000	0	1.00000	0
251	P	0.00000	0	1.00000	0
252	M	0.00000	0	1.00000	0
253	S	0.00000	0	1.00000	0
254	V	0.00000	0	1.00000	0
255	M	0.00000	0	1.00000	0
256	L	0.00000	0	1.00000	0
257	F	0.00000	0	1.00000	0
258	M	0.00001	0	0.99999	0
259	Y	0.00043	0	0.99957	0
260	Y	0.01151	0	0.98849	0
261	Q	0.23312	0	0.76688	0
262	I	0.24136	0	0.75864	0
263	Y	0.30937	0	0.69063	0
264	K	0.98227	0	0.01773	0
265	A	0.98966	0	0.01034	0
266	A	0.99148	0	0.00852	0
267	R	0.99897	0	0.00103	0
268	K	0.99998	0	0.00002	0
269	S	1.00000	0	0.00000	0
270	A	1.00000	0	0.00000	0
271	A	1.00000	0	0.00000	0
272	K	1.00000	0	0.00000	0
273	H	1.00000	0	0.00000	0
274	K	1.00000	0	0.00000	0
275	F	1.00000	0	0.00000	0
276	P	1.00000	0	0.00000	0
277	G	1.00000	0	0.00000	0
278	F	1.00000	0	0.00000	0
279	P	1.00000	0	0.00000	0
280	R	1.00000	0	0.00000	0
281	V	1.00000	0	0.00000	0
282	E	1.00000	0	0.00000	0
283	P	1.00000	0	0.00000	0
284	D	1.00000	0	0.00000	0
285	S	1.00000	0	0.00000	0
286	V	1.00000	0	0.00000	0
287	I	1.00000	0	0.00000	0
288	A	1.00000	0	0.00000	0
289	L	1.00000	0	0.00000	0
290	N	1.00000	0	0.00000	0
291	G	1.00000	0	0.00000	0
292	I	1.00000	0	0.00000	0
293	V	1.00000	0	0.00000	0
294	K	1.00000	0	0.00000	0
295	L	1.00000	0	0.00000	0
296	Q	1.00000	0	0.00000	0
297	K	1.00000	0	0.00000	0
298	E	1.00000	0	0.00000	0
299	V	1.00000	0	0.00000	0
300	E	1.00000	0	0.00000	0
301	E	1.00000	0	0.00000	0
302	C	1.00000	0	0.00000	0
303	A	1.00000	0	0.00000	0
304	N	1.00000	0	0.00000	0
305	L	1.00000	0	0.00000	0
306	S	1.00000	0	0.00000	0
307	R	1.00000	0	0.00000	0
308	L	1.00000	0	0.00000	0
309	L	1.00000	0	0.00000	0
310	K	1.00000	0	0.00000	0
311	H	1.00000	0	0.00000	0
312	E	1.00000	0	0.00000	0
313	R	1.00000	0	0.00000	0
314	K	1.00000	0	0.00000	0
315	N	1.00000	0	0.00000	0
316	I	1.00000	0	0.00000	0
317	S	1.00000	0	0.00000	0
318	I	1.00000	0	0.00000	0
319	F	1.00000	0	0.00000	0
320	K	1.00000	0	0.00000	0
321	R	1.00000	0	0.00000	0
322	E	1.00000	0	0.00000	0
323	Q	0.99356	0	0.00644	0
324	K	0.99182	0	0.00818	0
325	A	0.14598	0	0.85402	0
326	A	0.14343	0	0.85657	0
327	T	0.14180	0	0.85820	0
328	T	0.10312	0	0.89688	0
329	L	0.00145	0	0.99855	0
330	G	0.00052	0	0.99948	0
331	I	0.00025	0	0.99975	0
332	I	0.00002	0	0.99998	0
333	V	0.00000	0	1.00000	0
334	G	0.00000	0	1.00000	0
335	A	0.00000	0	1.00000	0
336	F	0.00000	0	1.00000	0
337	T	0.00000	0	1.00000	0
338	V	0.00000	0	1.00000	0
339	C	0.00000	0	1.00000	0
340	W	0.00000	0	1.00000	0
341	L	0.00000	0	1.00000	0
342	P	0.00000	0	1.00000	0
343	F	0.00000	0	1.00000	0
344	F	0.00000	0	1.00000	0
345	L	0.00000	0.00066	0.99934	0
346	L	0.00000	0.01411	0.98589	0
347	S	0.00000	0.15681	0.84319	0
348	T	0.00000	0.39341	0.60659	0
349	A	0.00000	0.53971	0.46029	0
350	R	0.00000	0.87828	0.12172	0
351	P	0.00000	0.89469	0.10531	0
352	F	0.00000	0.89921	0.10079	0
353	I	0.00000	0.92481	0.07519	0
354	C	0.00000	0.99634	0.00366	0
355	G	0.00000	0.99995	0.00005	0
356	T	0.00000	0.99998	0.00002	0
357	S	0.00000	1	0.00000	0
358	C	0.00000	1	0.00000	0
359	S	0.00000	1	0.00000	0
360	C	0.00000	1	0.00000	0
361	I	0.00000	1	0.00000	0
362	P	0.00000	0.99999	0.00001	0
363	L	0.00000	0.99037	0.00963	0
364	W	0.00000	0.98586	0.01414	0
365	V	0.00000	0.98342	0.01658	0
366	E	0.00000	0.98229	0.01771	0
367	R	0.00000	0.68845	0.31155	0
368	T	0.00000	0.02404	0.97596	0
369	F	0.00000	0.00091	0.99909	0
370	L	0.00000	0	1.00000	0
371	W	0.00000	0	1.00000	0
372	L	0.00000	0	1.00000	0
373	G	0.00000	0	1.00000	0
374	Y	0.00000	0	1.00000	0
375	A	0.00000	0	1.00000	0
376	N	0.00000	0	1.00000	0
377	S	0.00000	0	1.00000	0
378	L	0.00000	0	1.00000	0
379	I	0.00000	0	1.00000	0
380	N	0.00000	0	1.00000	0
381	P	0.00000	0	1.00000	0
382	F	0.00000	0	1.00000	0
383	I	0.00001	0	0.99999	0
384	Y	0.00010	0	0.99990	0
385	A	0.00041	0	0.99959	0
386	F	0.00090	0	0.99910	0
387	F	0.08309	0	0.91691	0
388	N	0.53790	0	0.46210	0
389	R	1.00000	0	0.00000	0
390	D	1.00000	0	0.00000	0
391	L	1.00000	0	0.00000	0
392	R	1.00000	0	0.00000	0
393	T	1.00000	0	0.00000	0
394	T	1.00000	0	0.00000	0
395	Y	1.00000	0	0.00000	0
396	R	1.00000	0	0.00000	0
397	S	1.00000	0	0.00000	0
398	L	1.00000	0	0.00000	0
399	L	1.00000	0	0.00000	0
400	Q	1.00000	0	0.00000	0
401	C	1.00000	0	0.00000	0
402	Q	1.00000	0	0.00000	0
403	Y	1.00000	0	0.00000	0
404	R	1.00000	0	0.00000	0
405	N	1.00000	0	0.00000	0
406	I	1.00000	0	0.00000	0
407	N	1.00000	0	0.00000	0
408	R	1.00000	0	0.00000	0
409	K	1.00000	0	0.00000	0
410	L	1.00000	0	0.00000	0
411	S	1.00000	0	0.00000	0
412	A	1.00000	0	0.00000	0
413	A	1.00000	0	0.00000	0
414	G	1.00000	0	0.00000	0
415	M	1.00000	0	0.00000	0
416	H	1.00000	0	0.00000	0
417	E	1.00000	0	0.00000	0
418	A	1.00000	0	0.00000	0
419	L	1.00000	0	0.00000	0
420	K	1.00000	0	0.00000	0
421	L	1.00000	0	0.00000	0
422	A	1.00000	0	0.00000	0
423	E	1.00000	0	0.00000	0
424	R	1.00000	0	0.00000	0
425	P	1.00000	0	0.00000	0
426	E	1.00000	0	0.00000	0
427	R	1.00000	0	0.00000	0
428	P	1.00000	0	0.00000	0
429	E	1.00000	0	0.00000	0
430	F	1.00000	0	0.00000	0
431	V	1.00000	0	0.00000	0
432	L	1.00000	0	0.00000	0
433	R	1.00000	0	0.00000	0
434	A	1.00000	0	0.00000	0
435	C	1.00000	0	0.00000	0
436	T	1.00000	0	0.00000	0
437	R	1.00000	0	0.00000	0
438	R	1.00000	0	0.00000	0
439	V	1.00000	0	0.00000	0
440	L	1.00000	0	0.00000	0
441	L	1.00000	0	0.00000	0
442	R	1.00000	0	0.00000	0
443	P	1.00000	0	0.00000	0
444	E	1.00000	0	0.00000	0
445	K	1.00000	0	0.00000	0
446	R	1.00000	0	0.00000	0
447	P	1.00000	0	0.00000	0
448	P	1.00000	0	0.00000	0
449	V	1.00000	0	0.00000	0
450	S	1.00000	0	0.00000	0
451	V	1.00000	0	0.00000	0
452	W	1.00000	0	0.00000	0
453	V	1.00000	0	0.00000	0
454	L	1.00000	0	0.00000	0
455	Q	1.00000	0	0.00000	0
456	S	1.00000	0	0.00000	0
457	P	1.00000	0	0.00000	0
458	D	1.00000	0	0.00000	0
459	H	1.00000	0	0.00000	0
460	H	1.00000	0	0.00000	0
461	N	1.00000	0	0.00000	0
462	W	1.00000	0	0.00000	0
463	L	1.00000	0	0.00000	0
464	A	1.00000	0	0.00000	0
465	D	1.00000	0	0.00000	0
466	K	1.00000	0	0.00000	0
467	M	1.00000	0	0.00000	0
468	L	1.00000	0	0.00000	0
469	T	1.00000	0	0.00000	0
470	T	1.00000	0	0.00000	0
471	V	1.00000	0	0.00000	0
472	E	1.00000	0	0.00000	0
473	K	1.00000	0	0.00000	0
474	K	1.00000	0	0.00000	0
475	V	1.00000	0	0.00000	0
476	M	1.00000	0	0.00000	0
477	I	1.00000	0	0.00000	0
478	H	1.00000	0	0.00000	0
479	D	1.00000	0	0.00000	0
