# UNNAMED
#pos	aa	i	o	M	S
1	M	0.00000	0.32402	0.00000	0.67598
2	M	0.00000	0.32402	0.00000	0.67598
3	S	0.00000	0.32402	0.00000	0.67598
4	A	0.00000	0.32402	0.00000	0.67598
5	S	0.00000	0.32402	0.00000	0.67598
6	R	0.00000	0.32402	0.00000	0.67598
7	L	0.00000	0.32402	0.00000	0.67598
8	A	0.00000	0.32402	0.00000	0.67598
9	G	0.00000	0.32402	0.00000	0.67598
10	T	0.00000	0.32402	0.00000	0.67598
11	L	0.00000	0.32402	0.00000	0.67598
12	I	0.00000	0.32402	0.00000	0.67598
13	P	0.00000	0.32402	0.00000	0.67598
14	A	0.00000	0.32402	0.00000	0.67598
15	M	0.00000	0.32402	0.00000	0.67599
16	A	0.00000	0.32402	0.00000	0.67597
17	F	0.00000	0.90042	0.00000	0.09958
18	L	0.00000	0.90043	0.00000	0.09958
19	S	0.00000	0.94077	0.00000	0.05924
20	C	0.00000	0.94077	0.00000	0.05923
21	V	0.00000	0.99763	0.00000	0.00237
22	R	0.00000	0.99764	0.00000	0.00236
23	P	0.00000	0.99764	0.00000	0.00236
24	E	0.00000	0.99952	0.00000	0.00047
25	S	0.00000	0.99953	0.00000	0.00047
26	W	0.00000	0.99987	0.00000	0.00013
27	E	0.00000	0.99987	0.00000	0.00013
28	P	0.00000	1	0.00000	0
29	C	0.00000	1	0.00000	0
30	V	0.00000	1	0.00000	0
31	E	0.00000	1	0.00000	0
32	V	0.00000	1	0.00000	0
33	V	0.00000	1	0.00000	0
34	P	0.00000	1	0.00000	0
35	N	0.00000	1	0.00000	0
36	I	0.00000	1	0.00000	0
37	T	0.00000	1	0.00000	0
38	Y	0.00000	1	0.00000	0
39	Q	0.00000	1	0.00000	0
40	C	0.00000	1	0.00000	0
41	M	0.00000	1	0.00000	0
42	E	0.00000	1	0.00000	0
43	L	0.00000	1	0.00000	0
44	N	0.00000	1	0.00000	0
45	F	0.00000	1	0.00000	0
46	Y	0.00000	1	0.00000	0
47	K	0.00000	1	0.00000	0
48	I	0.00000	1	0.00000	0
49	P	0.00000	1	0.00000	0
50	D	0.00000	1	0.00000	0
51	N	0.00000	1	0.00000	0
52	L	0.00000	1	0.00000	0
53	P	0.00000	1	0.00000	0
54	F	0.00000	1	0.00000	0
55	S	0.00000	1	0.00000	0
56	T	0.00000	1	0.00000	0
57	K	0.00000	1	0.00000	0
58	N	0.00000	1	0.00000	0
59	L	0.00000	1	0.00000	0
60	D	0.00000	1	0.00000	0
61	L	0.00000	1	0.00000	0
62	S	0.00000	1	0.00000	0
63	F	0.00000	1	0.00000	0
64	N	0.00000	1	0.00000	0
65	P	0.00000	1	0.00000	0
66	L	0.00000	1	0.00000	0
67	R	0.00000	1	0.00000	0
68	H	0.00000	1	0.00000	0
69	L	0.00000	1	0.00000	0
70	G	0.00000	1	0.00000	0
71	S	0.00000	1	0.00000	0
72	Y	0.00000	1	0.00000	0
73	S	0.00000	1	0.00000	0
74	F	0.00000	1	0.00000	0
75	F	0.00000	1	0.00000	0
76	S	0.00000	1	0.00000	0
77	F	0.00000	1	0.00000	0
78	P	0.00000	1	0.00000	0
79	E	0.00000	1	0.00000	0
80	L	0.00000	1	0.00000	0
81	Q	0.00000	1	0.00000	0
82	V	0.00000	1	0.00000	0
83	L	0.00000	1	0.00000	0
84	D	0.00000	1	0.00000	0
85	L	0.00000	1	0.00000	0
86	S	0.00000	1	0.00000	0
87	R	0.00000	1	0.00000	0
88	C	0.00000	1	0.00000	0
89	E	0.00000	1	0.00000	0
90	I	0.00000	1	0.00000	0
91	Q	0.00000	1	0.00000	0
92	T	0.00000	1	0.00000	0
93	I	0.00000	1	0.00000	0
94	E	0.00000	1	0.00000	0
95	D	0.00000	1	0.00000	0
96	G	0.00000	1	0.00000	0
97	A	0.00000	1	0.00000	0
98	Y	0.00000	1	0.00000	0
99	Q	0.00000	1	0.00000	0
100	S	0.00000	1	0.00000	0
101	L	0.00000	1	0.00000	0
102	S	0.00000	1	0.00000	0
103	H	0.00000	1	0.00000	0
104	L	0.00000	1	0.00000	0
105	S	0.00000	1	0.00000	0
106	T	0.00000	1	0.00000	0
107	L	0.00000	1	0.00000	0
108	I	0.00000	1	0.00000	0
109	L	0.00000	1	0.00000	0
110	T	0.00000	1	0.00000	0
111	G	0.00000	1	0.00000	0
112	N	0.00000	1	0.00000	0
113	P	0.00000	1	0.00000	0
114	I	0.00000	1	0.00000	0
115	Q	0.00000	1	0.00000	0
116	S	0.00000	1	0.00000	0
117	L	0.00000	1	0.00000	0
118	A	0.00000	1	0.00000	0
119	L	0.00000	1	0.00000	0
120	G	0.00000	1	0.00000	0
121	A	0.00000	1	0.00000	0
122	F	0.00000	1	0.00000	0
123	S	0.00000	1	0.00000	0
124	G	0.00000	1	0.00000	0
125	L	0.00000	1	0.00000	0
126	S	0.00000	1	0.00000	0
127	S	0.00000	1	0.00000	0
128	L	0.00000	1	0.00000	0
129	Q	0.00000	1	0.00000	0
130	K	0.00000	1	0.00000	0
131	L	0.00000	1	0.00000	0
132	V	0.00000	1	0.00000	0
133	A	0.00000	1	0.00000	0
134	V	0.00000	1	0.00000	0
135	E	0.00000	1	0.00000	0
136	T	0.00000	1	0.00000	0
137	N	0.00000	1	0.00000	0
138	L	0.00000	1	0.00000	0
139	A	0.00000	1	0.00000	0
140	S	0.00000	1	0.00000	0
141	L	0.00000	1	0.00000	0
142	E	0.00000	1	0.00000	0
143	N	0.00000	1	0.00000	0
144	F	0.00000	1	0.00000	0
145	P	0.00000	1	0.00000	0
146	I	0.00000	1	0.00000	0
147	G	0.00000	1	0.00000	0
148	H	0.00000	1	0.00000	0
149	L	0.00000	1	0.00000	0
150	K	0.00000	1	0.00000	0
151	T	0.00000	1	0.00000	0
152	L	0.00000	1	0.00000	0
153	K	0.00000	1	0.00000	0
154	E	0.00000	1	0.00000	0
155	L	0.00000	1	0.00000	0
156	N	0.00000	1	0.00000	0
157	V	0.00000	1	0.00000	0
158	A	0.00000	1	0.00000	0
159	H	0.00000	1	0.00000	0
160	N	0.00000	1	0.00000	0
161	L	0.00000	1	0.00000	0
162	I	0.00000	1	0.00000	0
163	Q	0.00000	1	0.00000	0
164	S	0.00000	1	0.00000	0
165	F	0.00000	1	0.00000	0
166	K	0.00000	1	0.00000	0
167	L	0.00000	1	0.00000	0
168	P	0.00000	1	0.00000	0
169	E	0.00000	1	0.00000	0
170	Y	0.00000	1	0.00000	0
171	F	0.00000	1	0.00000	0
172	S	0.00000	1	0.00000	0
173	N	0.00000	1	0.00000	0
174	L	0.00000	1	0.00000	0
175	T	0.00000	1	0.00000	0
176	N	0.00000	1	0.00000	0
177	L	0.00000	1	0.00000	0
178	E	0.00000	1	0.00000	0
179	H	0.00000	1	0.00000	0
180	L	0.00000	1	0.00000	0
181	D	0.00000	1	0.00000	0
182	L	0.00000	1	0.00000	0
183	S	0.00000	1	0.00000	0
184	S	0.00000	1	0.00000	0
185	N	0.00000	1	0.00000	0
186	K	0.00000	1	0.00000	0
187	I	0.00000	1	0.00000	0
188	Q	0.00000	1	0.00000	0
189	S	0.00000	1	0.00000	0
190	I	0.00000	1	0.00000	0
191	Y	0.00000	1	0.00000	0
192	C	0.00000	1	0.00000	0
193	T	0.00000	1	0.00000	0
194	D	0.00000	1	0.00000	0
195	L	0.00000	1	0.00000	0
196	R	0.00000	1	0.00000	0
197	V	0.00000	1	0.00000	0
198	L	0.00000	1	0.00000	0
199	H	0.00000	1	0.00000	0
200	Q	0.00000	1	0.00000	0
201	M	0.00000	1	0.00000	0
202	P	0.00000	1	0.00000	0
203	L	0.00000	1	0.00000	0
204	L	0.00000	1	0.00000	0
205	N	0.00000	1	0.00000	0
206	L	0.00000	1	0.00000	0
207	S	0.00000	1	0.00000	0
208	L	0.00000	1	0.00000	0
209	D	0.00000	1	0.00000	0
210	L	0.00000	1	0.00000	0
211	S	0.00000	1	0.00000	0
212	L	0.00000	1	0.00000	0
213	N	0.00000	1	0.00000	0
214	P	0.00000	1	0.00000	0
215	M	0.00000	1	0.00000	0
216	N	0.00000	1	0.00000	0
217	F	0.00000	1	0.00000	0
218	I	0.00000	1	0.00000	0
219	Q	0.00000	1	0.00000	0
220	P	0.00000	1	0.00000	0
221	G	0.00000	1	0.00000	0
222	A	0.00000	1	0.00000	0
223	F	0.00000	1	0.00000	0
224	K	0.00000	1	0.00000	0
225	E	0.00000	1	0.00000	0
226	I	0.00000	1	0.00000	0
227	R	0.00000	1	0.00000	0
228	L	0.00000	1	0.00000	0
229	H	0.00000	1	0.00000	0
230	K	0.00000	1	0.00000	0
231	L	0.00000	1	0.00000	0
232	T	0.00000	1	0.00000	0
233	L	0.00000	1	0.00000	0
234	R	0.00000	1	0.00000	0
235	N	0.00000	1	0.00000	0
236	N	0.00000	1	0.00000	0
237	F	0.00000	1	0.00000	0
238	D	0.00000	1	0.00000	0
239	S	0.00000	1	0.00000	0
240	L	0.00000	1	0.00000	0
241	N	0.00000	1	0.00000	0
242	V	0.00000	1	0.00000	0
243	M	0.00000	1	0.00000	0
244	K	0.00000	1	0.00000	0
245	T	0.00000	1	0.00000	0
246	C	0.00000	1	0.00000	0
247	I	0.00000	1	0.00000	0
248	Q	0.00000	1	0.00000	0
249	G	0.00000	1	0.00000	0
250	L	0.00000	1	0.00000	0
251	A	0.00000	1	0.00000	0
252	G	0.00000	1	0.00000	0
253	L	0.00000	1	0.00000	0
254	E	0.00000	1	0.00000	0
255	V	0.00000	1	0.00000	0
256	H	0.00000	1	0.00000	0
257	R	0.00000	1	0.00000	0
258	L	0.00000	1	0.00000	0
259	V	0.00000	1	0.00000	0
260	L	0.00000	1	0.00000	0
261	G	0.00000	1	0.00000	0
262	E	0.00000	1	0.00000	0
263	F	0.00000	1	0.00000	0
264	R	0.00000	1	0.00000	0
265	N	0.00000	1	0.00000	0
266	E	0.00000	1	0.00000	0
267	G	0.00000	1	0.00000	0
268	N	0.00000	1	0.00000	0
269	L	0.00000	1	0.00000	0
270	E	0.00000	1	0.00000	0
271	K	0.00000	1	0.00000	0
272	F	0.00000	1	0.00000	0
273	D	0.00000	1	0.00000	0
274	K	0.00000	1	0.00000	0
275	S	0.00000	1	0.00000	0
276	A	0.00000	1	0.00000	0
277	L	0.00000	1	0.00000	0
278	E	0.00000	1	0.00000	0
279	G	0.00000	1	0.00000	0
280	L	0.00000	1	0.00000	0
281	C	0.00000	1	0.00000	0
282	N	0.00000	1	0.00000	0
283	L	0.00000	1	0.00000	0
284	T	0.00000	1	0.00000	0
285	I	0.00000	1	0.00000	0
286	E	0.00000	1	0.00000	0
287	E	0.00000	1	0.00000	0
288	F	0.00000	1	0.00000	0
289	R	0.00000	1	0.00000	0
290	L	0.00000	1	0.00000	0
291	A	0.00000	1	0.00000	0
292	Y	0.00000	1	0.00000	0
293	L	0.00000	1	0.00000	0
294	D	0.00000	1	0.00000	0
295	Y	0.00000	1	0.00000	0
296	Y	0.00000	1	0.00000	0
297	L	0.00000	1	0.00000	0
298	D	0.00000	1	0.00000	0
299	D	0.00000	1	0.00000	0
300	I	0.00000	1	0.00000	0
301	I	0.00000	1	0.00000	0
302	D	0.00000	1	0.00000	0
303	L	0.00000	1	0.00000	0
304	F	0.00000	1	0.00000	0
305	N	0.00000	1	0.00000	0
306	C	0.00000	1	0.00000	0
307	L	0.00000	1	0.00000	0
308	T	0.00000	1	0.00000	0
309	N	0.00000	1	0.00000	0
310	V	0.00000	1	0.00000	0
311	S	0.00000	1	0.00000	0
312	S	0.00000	1	0.00000	0
313	F	0.00000	1	0.00000	0
314	S	0.00000	1	0.00000	0
315	L	0.00000	1	0.00000	0
316	V	0.00000	1	0.00000	0
317	S	0.00000	1	0.00000	0
318	V	0.00000	1	0.00000	0
319	T	0.00000	1	0.00000	0
320	I	0.00000	1	0.00000	0
321	E	0.00000	1	0.00000	0
322	R	0.00000	1	0.00000	0
323	V	0.00000	1	0.00000	0
324	K	0.00000	1	0.00000	0
325	D	0.00000	1	0.00000	0
326	F	0.00000	1	0.00000	0
327	S	0.00000	1	0.00000	0
328	Y	0.00000	1	0.00000	0
329	N	0.00000	1	0.00000	0
330	F	0.00000	1	0.00000	0
331	G	0.00000	1	0.00000	0
332	W	0.00000	1	0.00000	0
333	Q	0.00000	1	0.00000	0
334	H	0.00000	1	0.00000	0
335	L	0.00000	1	0.00000	0
336	E	0.00000	1	0.00000	0
337	L	0.00000	1	0.00000	0
338	V	0.00000	1	0.00000	0
339	N	0.00000	1	0.00000	0
340	C	0.00000	1	0.00000	0
341	K	0.00000	1	0.00000	0
342	F	0.00000	1	0.00000	0
343	G	0.00000	1	0.00000	0
344	Q	0.00000	1	0.00000	0
345	F	0.00000	1	0.00000	0
346	P	0.00000	1	0.00000	0
347	T	0.00000	1	0.00000	0
348	L	0.00000	1	0.00000	0
349	K	0.00000	1	0.00000	0
350	L	0.00000	1	0.00000	0
351	K	0.00000	1	0.00000	0
352	S	0.00000	1	0.00000	0
353	L	0.00000	1	0.00000	0
354	K	0.00000	1	0.00000	0
355	R	0.00000	1	0.00000	0
356	L	0.00000	1	0.00000	0
357	T	0.00000	1	0.00000	0
358	F	0.00000	1	0.00000	0
359	T	0.00000	1	0.00000	0
360	S	0.00000	1	0.00000	0
361	N	0.00000	1	0.00000	0
362	K	0.00000	1	0.00000	0
363	G	0.00000	1	0.00000	0
364	G	0.00000	1	0.00000	0
365	N	0.00000	1	0.00000	0
366	A	0.00000	1	0.00000	0
367	F	0.00000	1	0.00000	0
368	S	0.00000	1	0.00000	0
369	E	0.00000	1	0.00000	0
370	V	0.00000	1	0.00000	0
371	D	0.00000	1	0.00000	0
372	L	0.00000	1	0.00000	0
373	P	0.00000	1	0.00000	0
374	S	0.00000	1	0.00000	0
375	L	0.00000	1	0.00000	0
376	E	0.00000	1	0.00000	0
377	F	0.00000	1	0.00000	0
378	L	0.00000	1	0.00000	0
379	D	0.00000	1	0.00000	0
380	L	0.00000	1	0.00000	0
381	S	0.00000	1	0.00000	0
382	R	0.00000	1	0.00000	0
383	N	0.00000	1	0.00000	0
384	G	0.00000	1	0.00000	0
385	L	0.00000	1	0.00000	0
386	S	0.00000	1	0.00000	0
387	F	0.00000	1	0.00000	0
388	K	0.00000	1	0.00000	0
389	G	0.00000	1	0.00000	0
390	C	0.00000	1	0.00000	0
391	C	0.00000	1	0.00000	0
392	S	0.00000	1	0.00000	0
393	Q	0.00000	1	0.00000	0
394	S	0.00000	1	0.00000	0
395	D	0.00000	1	0.00000	0
396	F	0.00000	1	0.00000	0
397	G	0.00000	1	0.00000	0
398	T	0.00000	1	0.00000	0
399	T	0.00000	0.99996	0.00004	0
400	S	0.00000	0.99994	0.00006	0
401	L	0.00000	0.99994	0.00006	0
402	K	0.00000	0.99994	0.00006	0
403	Y	0.00000	0.99994	0.00006	0
404	L	0.00000	0.99994	0.00006	0
405	D	0.00000	0.99994	0.00006	0
406	L	0.00000	0.99994	0.00006	0
407	S	0.00000	0.99994	0.00006	0
408	F	0.00000	0.99994	0.00006	0
409	N	0.00000	0.99994	0.00006	0
410	G	0.00000	0.99994	0.00006	0
411	V	0.00000	0.99994	0.00006	0
412	I	0.00000	0.99994	0.00006	0
413	T	0.00000	0.99994	0.00006	0
414	M	0.00000	0.99994	0.00006	0
415	S	0.00000	0.99994	0.00006	0
416	S	0.00000	0.99994	0.00006	0
417	N	0.00000	0.99994	0.00006	0
418	F	0.00000	0.99994	0.00006	0
419	L	0.00000	0.99994	0.00006	0
420	G	0.00000	0.99994	0.00006	0
421	L	0.00000	0.99994	0.00006	0
422	E	0.00005	0.99994	0.00001	0
423	Q	0.00005	0.99994	0.00000	0
424	L	0.00006	0.99994	0.00000	0
425	E	0.00006	0.99994	0.00000	0
426	H	0.00006	0.99994	0.00000	0
427	L	0.00006	0.99994	0.00000	0
428	D	0.00006	0.99994	0.00000	0
429	F	0.00006	0.99994	0.00000	0
430	Q	0.00006	0.99994	0.00000	0
431	H	0.00005	0.99994	0.00001	0
432	S	0.00005	0.99993	0.00002	0
433	N	0.00001	0.99992	0.00007	0
434	L	0.00000	0.99991	0.00009	0
435	K	0.00000	0.99991	0.00009	0
436	Q	0.00000	0.9999	0.00010	0
437	M	0.00000	0.9999	0.00010	0
438	S	0.00000	0.9999	0.00010	0
439	E	0.00000	0.9999	0.00010	0
440	F	0.00000	0.99989	0.00010	0
441	S	0.00000	0.99989	0.00010	0
442	V	0.00000	0.99989	0.00011	0
443	F	0.00000	0.99989	0.00011	0
444	L	0.00000	0.99989	0.00011	0
445	S	0.00000	0.99989	0.00011	0
446	L	0.00000	0.99989	0.00011	0
447	R	0.00000	0.9999	0.00010	0
448	N	0.00000	0.99989	0.00011	0
449	L	0.00000	0.99989	0.00011	0
450	I	0.00000	0.99989	0.00011	0
451	Y	0.00000	0.9999	0.00010	0
452	L	0.00001	0.9999	0.00009	0
453	D	0.00002	0.99992	0.00006	0
454	I	0.00002	0.96946	0.03052	0
455	S	0.00004	0.95967	0.04029	0
456	H	0.00005	0.79511	0.20485	0
457	T	0.00005	0.52382	0.47614	0
458	H	0.00005	0.35946	0.64050	0
459	T	0.00005	0.06753	0.93243	0
460	R	0.00005	0.05838	0.94157	0
461	V	0.00004	0.01002	0.98994	0
462	A	0.00003	0.00275	0.99722	0
463	F	0.00001	0.00156	0.99843	0
464	N	0.00001	0.00156	0.99843	0
465	G	0.00001	0.00154	0.99845	0
466	I	0.00000	0.00151	0.99849	0
467	F	0.00000	0.0015	0.99850	0
468	N	0.00000	0.0015	0.99850	0
469	G	0.00000	0.0015	0.99850	0
470	L	0.00000	0.0015	0.99850	0
471	S	0.00000	0.0015	0.99850	0
472	S	0.00000	0.0015	0.99850	0
473	L	0.00000	0.0015	0.99850	0
474	E	0.00003	0.0015	0.99847	0
475	V	0.00006	0.00149	0.99846	0
476	L	0.00065	0.00148	0.99787	0
477	K	0.03789	0.00148	0.96063	0
478	M	0.05347	0.00148	0.94505	0
479	A	0.08937	0.00149	0.90915	0
480	G	0.66830	0.00149	0.33021	0
481	N	0.96643	0.0015	0.03207	0
482	S	0.99758	0.00152	0.00091	0
483	F	0.99750	0.00152	0.00098	0
484	Q	0.99799	0.00152	0.00049	0
485	E	0.99802	0.00152	0.00046	0
486	N	0.99802	0.00152	0.00045	0
487	F	0.99802	0.00152	0.00045	0
488	L	0.99807	0.00153	0.00040	0
489	P	0.99813	0.00153	0.00034	0
490	D	0.90753	0.00153	0.09094	0
491	I	0.02824	0.00153	0.97023	0
492	F	0.02262	0.00153	0.97585	0
493	T	0.02102	0.00153	0.97745	0
494	E	0.01522	0.00153	0.98325	0
495	L	0.01024	0.00153	0.98823	0
496	R	0.00990	0.00153	0.98857	0
497	N	0.00021	0.00153	0.99826	0
498	L	0.00006	0.00153	0.99841	0
499	T	0.00006	0.00153	0.99841	0
500	F	0.00006	0.00153	0.99841	0
501	L	0.00006	0.00153	0.99841	0
502	D	0.00006	0.00156	0.99838	0
503	L	0.00006	0.00157	0.99837	0
504	S	0.00006	0.00174	0.99820	0
505	Q	0.00006	0.00181	0.99813	0
506	C	0.00002	0.00184	0.99814	0
507	Q	0.00002	0.00184	0.99814	0
508	L	0.00002	0.00184	0.99814	0
509	E	0.00002	0.00234	0.99764	0
510	Q	0.00002	0.00363	0.99635	0
511	L	0.00002	0.00392	0.99606	0
512	S	0.00002	0.76955	0.23043	0
513	P	0.00002	0.80835	0.19163	0
514	T	0.00001	0.90741	0.09258	0
515	A	0.00000	0.95139	0.04861	0
516	F	0.00000	0.95925	0.04075	0
517	N	0.00000	0.99042	0.00958	0
518	S	0.00000	0.99974	0.00026	0
519	L	0.00000	0.99974	0.00026	0
520	S	0.00000	0.99974	0.00026	0
521	S	0.00000	0.99974	0.00026	0
522	L	0.00000	0.99974	0.00026	0
523	Q	0.00000	0.99974	0.00026	0
524	V	0.00000	0.99974	0.00026	0
525	L	0.00000	0.99972	0.00028	0
526	N	0.00000	0.99973	0.00027	0
527	M	0.00000	0.99973	0.00027	0
528	S	0.00000	0.99975	0.00025	0
529	H	0.00000	0.99974	0.00026	0
530	N	0.00000	0.99974	0.00026	0
531	N	0.00001	0.99962	0.00038	0
532	F	0.00001	0.01891	0.98109	0
533	F	0.00002	0.00333	0.99665	0
534	S	0.00019	0.00206	0.99775	0
535	L	0.00019	0.0014	0.99841	0
536	D	0.00020	0.00135	0.99845	0
537	T	0.00020	0.00015	0.99966	0
538	F	0.00020	7e-05	0.99974	0
539	P	0.00020	6e-05	0.99974	0
540	Y	0.00019	6e-05	0.99975	0
541	K	0.00018	6e-05	0.99976	0
542	C	0.00010	6e-05	0.99984	0
543	L	0.00001	6e-05	0.99993	0
544	N	0.00001	6e-05	0.99993	0
545	S	0.00001	6e-05	0.99993	0
546	L	0.00001	6e-05	0.99993	0
547	Q	0.00001	6e-05	0.99993	0
548	V	0.00001	6e-05	0.99993	0
549	L	0.00001	6e-05	0.99993	0
550	D	0.00001	6e-05	0.99993	0
551	Y	0.00356	6e-05	0.99638	0
552	S	0.62498	6e-05	0.37496	0
553	L	0.72038	6e-05	0.27956	0
554	N	0.92807	6e-05	0.07187	0
555	H	0.99841	6e-05	0.00153	0
556	I	0.99847	6e-05	0.00147	0
557	M	0.99850	6e-05	0.00144	0
558	T	0.99896	6e-05	0.00098	0
559	S	0.99927	6e-05	0.00067	0
560	K	0.99974	6e-05	0.00019	0
561	K	0.99974	0.0001	0.00016	0
562	Q	0.99974	0.00013	0.00013	0
563	E	0.99904	0.00014	0.00082	0
564	L	0.99806	0.00011	0.00183	0
565	Q	0.99793	0.0002	0.00186	0
566	H	0.99738	0.0002	0.00241	0
567	F	0.99690	0.0002	0.00290	0
568	P	0.99662	0.0002	0.00317	0
569	S	0.95390	0.0002	0.04589	0
570	S	0.54214	0.0002	0.45766	0
571	L	0.03497	0.0002	0.96483	0
572	A	0.00424	0.0002	0.99556	0
573	F	0.00013	0.0002	0.99967	0
574	L	0.00001	0.0002	0.99980	0
575	N	0.00000	0.0002	0.99980	0
576	L	0.00000	0.0002	0.99980	0
577	T	0.00000	0.0002	0.99980	0
578	Q	0.00000	0.0002	0.99980	0
579	N	0.00000	0.0002	0.99980	0
580	D	0.00000	0.0002	0.99980	0
581	F	0.00000	0.0002	0.99980	0
582	A	0.00000	0.00022	0.99978	0
583	C	0.00000	0.00107	0.99893	0
584	T	0.00000	0.00138	0.99862	0
585	C	0.00000	0.00188	0.99811	0
586	E	0.00005	0.00258	0.99737	0
587	H	0.00005	0.00265	0.99729	0
588	Q	0.00005	0.0027	0.99724	0
589	S	0.00005	0.00309	0.99686	0
590	F	0.00005	0.00426	0.99569	0
591	L	0.00005	0.1654	0.83454	0
592	Q	0.00006	0.97892	0.02102	0
593	W	0.00006	0.98883	0.01111	0
594	I	0.00006	0.99202	0.00793	0
595	K	0.00006	0.99976	0.00018	0
596	D	0.00006	0.99991	0.00003	0
597	Q	0.00006	0.99987	0.00007	0
598	R	0.00006	0.99975	0.00020	0
599	Q	0.00006	0.99975	0.00020	0
600	L	0.00006	0.99975	0.00020	0
601	L	0.00006	0.99975	0.00020	0
602	V	0.00006	0.99975	0.00020	0
603	E	0.00006	0.99975	0.00020	0
604	V	0.00006	0.99975	0.00020	0
605	E	0.00006	0.99975	0.00020	0
606	R	0.00006	0.99975	0.00020	0
607	M	0.00006	0.99974	0.00020	0
608	E	0.00006	0.99974	0.00020	0
609	C	0.00006	0.99974	0.00020	0
610	A	0.00006	0.99974	0.00020	0
611	T	0.00006	0.99974	0.00020	0
612	P	0.00006	0.99974	0.00021	0
613	S	0.00006	0.99972	0.00022	0
614	D	0.00006	0.99971	0.00023	0
615	K	0.00006	0.99969	0.00025	0
616	Q	0.00006	0.99912	0.00083	0
617	G	0.00006	0.99862	0.00132	0
618	M	0.00012	0.9985	0.00138	0
619	P	0.00025	0.99847	0.00127	0
620	V	0.00025	0.99846	0.00128	0
621	L	0.00025	0.99846	0.00129	0
622	S	0.00025	0.99846	0.00129	0
623	L	0.00025	0.99846	0.00129	0
624	N	0.00025	0.99846	0.00129	0
625	I	0.00025	0.99844	0.00131	0
626	T	0.00025	0.99805	0.00170	0
627	C	0.00025	0.99804	0.00170	0
628	Q	0.00025	0.99802	0.00173	0
629	M	0.00026	0.99777	0.00198	0
630	N	0.00026	0.99572	0.00401	0
631	K	0.00026	0.99403	0.00571	0
632	T	0.00022	0.20767	0.79211	0
633	I	0.00005	0.0346	0.96535	0
634	I	0.00004	0.03057	0.96939	0
635	G	0.00011	0.01102	0.98887	0
636	V	0.00046	0.00525	0.99429	0
637	S	0.00055	0.00497	0.99448	0
638	V	0.00073	0.00169	0.99758	0
639	L	0.00086	0.00091	0.99823	0
640	S	0.00101	0.00026	0.99873	0
641	V	0.00117	7e-05	0.99876	0
642	L	0.00120	2e-05	0.99878	0
643	V	0.00125	1e-05	0.99874	0
644	V	0.00127	1e-05	0.99873	0
645	S	0.00128	1e-05	0.99872	0
646	V	0.00127	0	0.99872	0
647	V	0.00127	0	0.99873	0
648	A	0.00126	0	0.99874	0
649	V	0.00096	0	0.99904	0
650	L	0.00086	0	0.99914	0
651	V	0.00082	0	0.99918	0
652	Y	0.00091	1e-05	0.99908	0
653	K	0.00205	0.00013	0.99782	0
654	F	0.00172	0.00014	0.99814	0
655	Y	0.00896	0.00016	0.99089	0
656	F	0.09868	0.00017	0.90114	0
657	H	0.90100	0.00021	0.09879	0
658	L	0.95508	0.00022	0.04471	0
659	M	0.96975	0.00022	0.03003	0
660	L	0.97996	0.00023	0.01981	0
661	L	0.98459	0.00024	0.01518	0
662	A	0.99645	0.00026	0.00329	0
663	G	0.99680	0.00026	0.00294	0
664	C	0.99693	0.00026	0.00281	0
665	I	0.99728	0.00026	0.00246	0
666	K	0.99833	0.00027	0.00140	0
667	Y	0.99835	0.00027	0.00138	0
668	G	0.99840	0.00029	0.00131	0
669	R	0.99843	0.00041	0.00116	0
670	G	0.99843	0.00061	0.00096	0
671	E	0.99844	0.00076	0.00080	0
672	N	0.99844	0.00077	0.00079	0
673	I	0.99844	0.00078	0.00079	0
674	Y	0.99844	0.00136	0.00020	0
675	D	0.99844	0.00144	0.00013	0
676	A	0.99844	0.00144	0.00012	0
677	F	0.99844	0.00144	0.00012	0
678	V	0.99844	0.00145	0.00012	0
679	I	0.99844	0.00147	0.00010	0
680	Y	0.99844	0.00148	0.00008	0
681	S	0.99844	0.00152	0.00004	0
682	S	0.99844	0.00154	0.00003	0
683	Q	0.99844	0.00155	0.00002	0
684	D	0.99844	0.00156	0.00000	0
685	E	0.99844	0.00156	0.00000	0
686	D	0.99844	0.00156	0.00000	0
687	W	0.99844	0.00156	0.00000	0
688	V	0.99844	0.00156	0.00000	0
689	R	0.99844	0.00155	0.00001	0
690	N	0.99844	0.00155	0.00001	0
691	E	0.99844	0.00155	0.00001	0
692	L	0.99842	0.00106	0.00052	0
693	V	0.99842	0.00104	0.00054	0
694	K	0.99842	0.00104	0.00054	0
695	N	0.99842	0.00104	0.00054	0
696	L	0.99842	0.001	0.00058	0
697	E	0.99842	0.001	0.00059	0
698	E	0.99842	0.001	0.00059	0
699	G	0.99597	0.00095	0.00308	0
700	V	0.99597	0.00095	0.00309	0
701	P	0.99589	0.00094	0.00316	0
702	P	0.99587	0.00094	0.00318	0
703	F	0.37404	0.00094	0.62502	0
704	Q	0.37124	0.00094	0.62782	0
705	L	0.31769	0.00065	0.68166	0
706	C	0.00189	7e-05	0.99804	0
707	L	0.00189	7e-05	0.99804	0
708	H	0.00189	7e-05	0.99804	0
709	Y	0.00189	7e-05	0.99804	0
710	R	0.00190	7e-05	0.99804	0
711	D	0.00190	7e-05	0.99803	0
712	F	0.00190	7e-05	0.99803	0
713	I	0.00207	7e-05	0.99786	0
714	P	0.00239	8e-05	0.99753	0
715	G	0.00240	8e-05	0.99752	0
716	V	0.00240	8e-05	0.99752	0
717	A	0.00240	8e-05	0.99752	0
718	I	0.00240	8e-05	0.99751	0
719	A	0.00241	8e-05	0.99751	0
720	A	0.00244	0.00012	0.99744	0
721	N	0.00250	0.00066	0.99684	0
722	I	0.00250	0.00139	0.99611	0
723	I	0.00251	0.02065	0.97684	0
724	H	0.00251	0.39524	0.60225	0
725	E	0.00252	0.66494	0.33254	0
726	G	0.00252	0.68346	0.31402	0
727	F	0.00252	0.69913	0.29836	0
728	H	0.00294	0.88506	0.11200	0
729	K	0.00319	0.99645	0.00036	0
730	S	0.00145	0.99657	0.00198	0
731	R	0.00092	0.99661	0.00247	0
732	K	0.00088	0.99661	0.00250	0
733	V	0.00088	0.99661	0.00251	0
734	I	0.00088	0.99661	0.00251	0
735	V	0.00088	0.99661	0.00251	0
736	V	0.00088	0.99661	0.00251	0
737	V	0.00088	0.99661	0.00251	0
738	S	0.00088	0.99661	0.00251	0
739	Q	0.00088	0.99661	0.00251	0
740	H	0.00088	0.99661	0.00251	0
741	F	0.00088	0.99659	0.00252	0
742	I	0.00088	0.99642	0.00270	0
743	Q	0.00088	0.99642	0.00270	0
744	S	0.00088	0.99641	0.00271	0
745	R	0.00088	0.99636	0.00276	0
746	W	0.00088	0.99328	0.00584	0
747	C	0.00088	0.99002	0.00910	0
748	I	0.00088	0.86766	0.13146	0
749	F	0.00088	0.81108	0.18804	0
750	E	0.00088	0.80182	0.19730	0
751	Y	0.00088	0.77696	0.22216	0
752	E	0.00088	0.7623	0.23682	0
753	I	0.00002	0.01161	0.98838	0
754	A	0.00002	9e-05	0.99990	0
755	Q	0.00002	0	0.99998	0
756	T	0.00002	0	0.99998	0
757	W	0.00002	0	0.99998	0
758	Q	0.00002	0	0.99998	0
759	F	0.00002	0	0.99998	0
760	L	0.00002	0	0.99998	0
761	S	0.00003	0	0.99997	0
762	S	0.00021	0	0.99979	0
763	R	0.00021	0	0.99979	0
764	A	0.00021	0	0.99979	0
765	G	0.00021	0	0.99979	0
766	I	0.00021	0	0.99979	0
767	I	0.00021	0	0.99979	0
768	F	0.00021	0	0.99979	0
769	I	0.00282	0	0.99718	0
770	V	0.02180	0	0.97820	0
771	L	0.10074	0	0.89925	0
772	Q	0.76530	0.00021	0.23449	0
773	K	0.99913	0.00067	0.00020	0
774	V	0.99913	0.0007	0.00017	0
775	E	0.99913	0.00086	0.00001	0
776	K	0.99913	0.00087	0.00000	0
777	T	0.99913	0.00087	0.00000	0
778	L	0.99913	0.00087	0.00000	0
779	L	0.99913	0.00087	0.00000	0
780	R	0.99913	0.00087	0.00000	0
781	Q	0.99913	0.00087	0.00000	0
782	Q	0.99913	0.00087	0.00000	0
783	V	0.99913	0.00021	0.00066	0
784	E	0.99913	0.0001	0.00077	0
785	L	0.99913	3e-05	0.00084	0
786	Y	0.99913	3e-05	0.00084	0
787	R	0.99913	3e-05	0.00084	0
788	L	0.99913	3e-05	0.00084	0
789	L	0.99913	3e-05	0.00084	0
790	S	0.99913	3e-05	0.00084	0
791	R	0.99913	3e-05	0.00084	0
792	N	0.99913	3e-05	0.00084	0
793	T	0.99913	3e-05	0.00084	0
794	Y	0.99913	3e-05	0.00084	0
795	L	0.99913	3e-05	0.00084	0
796	E	0.99913	3e-05	0.00084	0
797	W	0.99913	3e-05	0.00084	0
798	E	0.99913	3e-05	0.00084	0
799	D	0.99913	3e-05	0.00084	0
800	S	0.99913	3e-05	0.00084	0
801	V	0.99913	3e-05	0.00084	0
802	L	0.99913	3e-05	0.00084	0
803	G	0.99913	3e-05	0.00084	0
804	R	0.99997	3e-05	0.00000	0
805	H	0.99997	3e-05	0.00000	0
806	I	0.99997	3e-05	0.00000	0
807	F	0.99997	3e-05	0.00000	0
808	W	0.99997	3e-05	0.00000	0
809	R	0.99997	2e-05	0.00000	0
810	R	0.99997	2e-05	0.00001	0
811	L	0.99997	1e-05	0.00002	0
812	R	0.99997	0	0.00002	0
813	K	0.99997	0	0.00003	0
814	A	0.99997	0	0.00003	0
815	L	0.99997	0	0.00003	0
816	L	0.99997	0	0.00003	0
817	D	0.99997	0	0.00003	0
818	G	0.99997	0	0.00003	0
819	K	0.99997	0	0.00003	0
820	S	0.99997	0	0.00003	0
821	W	0.99997	0	0.00003	0
822	N	0.99997	0	0.00003	0
823	P	0.99997	0	0.00003	0
824	E	0.99997	0	0.00003	0
825	G	0.99997	0	0.00003	0
826	T	0.99997	0	0.00003	0
827	V	0.99997	0	0.00003	0
828	G	0.99997	0	0.00003	0
829	T	0.99997	0	0.00003	0
830	G	0.99997	0	0.00003	0
831	C	0.99998	0	0.00002	0
832	N	0.99999	0	0.00001	0
833	W	0.99999	0	0.00001	0
834	Q	1.00000	0	0.00000	0
835	E	1.00000	0	0.00000	0
836	A	1.00000	0	0.00000	0
837	T	1.00000	0	0.00000	0
838	S	1.00000	0	0.00000	0
839	I	1.00000	0	0.00000	0
