# UNNAMED
#pos	aa	i	o	M	S
1	M	0.00000	1	0.00000	0
2	F	0.00000	1	0.00000	0
3	P	0.00000	1	0.00000	0
4	A	0.00000	1	0.00000	0
5	N	0.00000	1	0.00000	0
6	W	0.00000	1	0.00000	0
7	T	0.00000	1	0.00000	0
8	S	0.00000	1	0.00000	0
9	V	0.00000	1	0.00000	0
10	K	0.00000	1	0.00000	0
11	V	0.00000	1	0.00000	0
12	F	0.00000	1	0.00000	0
13	F	0.00000	1	0.00000	0
14	F	0.00000	1	0.00000	0
15	L	0.00000	1	0.00000	0
16	G	0.00000	1	0.00000	0
17	F	0.00000	1	0.00000	0
18	F	0.00000	0.99998	0.00002	0
19	H	0.00000	0.99997	0.00003	0
20	Y	0.00000	0.99991	0.00009	0
21	P	0.00000	0.99987	0.00013	0
22	K	0.00000	0.99935	0.00065	0
23	V	0.00000	0.9152	0.08480	0
24	Q	0.00000	0.83067	0.16933	0
25	V	0.00000	0.2981	0.70190	0
26	I	0.00000	0.00908	0.99092	0
27	I	0.00000	0.00262	0.99738	0
28	F	0.00000	0.00193	0.99807	0
29	A	0.00000	0.00182	0.99818	0
30	V	0.00000	0.00178	0.99822	0
31	C	0.00000	0.00133	0.99867	0
32	L	0.00000	0.00033	0.99967	0
33	L	0.00000	4e-05	0.99996	0
34	M	0.00000	1e-05	0.99999	0
35	Y	0.00000	0	1.00000	0
36	L	0.00000	0	1.00000	0
37	I	0.00000	0	1.00000	0
38	T	0.00000	0	1.00000	0
39	L	0.00000	0	1.00000	0
40	L	0.00000	0	1.00000	0
41	G	0.00000	0	1.00000	0
42	N	0.00000	0	1.00000	0
43	I	0.00000	0	1.00000	0
44	F	0.00000	0	1.00000	0
45	L	0.00003	0	0.99997	0
46	I	0.00045	0	0.99955	0
47	S	0.03778	0	0.96222	0
48	I	0.09301	0	0.90699	0
49	T	0.46105	0	0.53895	0
50	I	0.50511	0	0.49489	0
51	L	0.75223	0	0.24777	0
52	D	0.99587	0	0.00413	0
53	S	0.99980	0	0.00020	0
54	H	0.99994	0	0.00006	0
55	L	0.99998	0	0.00002	0
56	H	1.00000	0	0.00000	0
57	T	1.00000	0	0.00000	0
58	P	1.00000	0	0.00000	0
59	M	0.48797	0	0.51203	0
60	Y	0.39155	0	0.60845	0
61	L	0.08704	0	0.91296	0
62	F	0.00248	0	0.99752	0
63	L	0.00058	0	0.99942	0
64	S	0.00037	0	0.99963	0
65	N	0.00001	0	0.99999	0
66	L	0.00000	0	1.00000	0
67	S	0.00000	0	1.00000	0
68	F	0.00000	0	1.00000	0
69	L	0.00000	0	1.00000	0
70	D	0.00000	0	1.00000	0
71	I	0.00000	0	1.00000	0
72	W	0.00000	0	1.00000	0
73	Y	0.00000	0	1.00000	0
74	S	0.00000	0	1.00000	0
75	S	0.00000	0	1.00000	0
76	S	0.00000	0	1.00000	0
77	A	0.00000	1e-05	0.99999	0
78	L	0.00000	2e-05	0.99998	0
79	S	0.00000	0.00014	0.99986	0
80	P	0.00000	0.00036	0.99964	0
81	M	0.00000	0.003	0.99700	0
82	L	0.00000	0.0681	0.93190	0
83	A	0.00000	0.39735	0.60265	0
84	N	0.00000	0.87357	0.12643	0
85	F	0.00000	0.99946	0.00054	0
86	V	0.00000	0.99972	0.00028	0
87	S	0.00000	0.99995	0.00005	0
88	G	0.00000	0.99998	0.00002	0
89	R	0.00000	1	0.00000	0
90	N	0.00000	1	0.00000	0
91	T	0.00000	1	0.00000	0
92	I	0.00000	1	0.00000	0
93	S	0.00000	1	0.00000	0
94	F	0.00000	0.99999	0.00001	0
95	S	0.00000	0.99999	0.00001	0
96	G	0.00000	0.99973	0.00027	0
97	C	0.00000	0.99885	0.00115	0
98	A	0.00000	0.89673	0.10327	0
99	T	0.00000	0.74976	0.25024	0
100	Q	0.00000	0.59522	0.40478	0
101	M	0.00000	0.08352	0.91648	0
102	Y	0.00000	0.01759	0.98241	0
103	L	0.00000	0.00161	0.99839	0
104	S	0.00000	0.00015	0.99985	0
105	L	0.00000	0	1.00000	0
106	A	0.00000	0	1.00000	0
107	M	0.00000	0	1.00000	0
108	G	0.00000	0	1.00000	0
109	S	0.00000	0	1.00000	0
110	T	0.00000	0	1.00000	0
111	E	0.00000	0	1.00000	0
112	C	0.00000	0	1.00000	0
113	V	0.00000	0	1.00000	0
114	L	0.00000	0	1.00000	0
115	L	0.00000	0	1.00000	0
116	P	0.00000	0	1.00000	0
117	M	0.00000	0	1.00000	0
118	M	0.00000	0	1.00000	0
119	A	0.00000	0	1.00000	0
120	Y	0.00000	0	1.00000	0
121	D	0.00000	0	1.00000	0
122	R	0.00171	0	0.99829	0
123	Y	0.06485	0	0.93515	0
124	V	0.94188	0	0.05812	0
125	A	0.99820	0	0.00180	0
126	I	1.00000	0	0.00000	0
127	C	1.00000	0	0.00000	0
128	N	1.00000	0	0.00000	0
129	P	1.00000	0	0.00000	0
130	L	1.00000	0	0.00000	0
131	R	1.00000	0	0.00000	0
132	Y	1.00000	0	0.00000	0
133	P	1.00000	0	0.00000	0
134	V	1.00000	0	0.00000	0
135	I	1.00000	0	0.00000	0
136	M	1.00000	0	0.00000	0
137	N	1.00000	0	0.00000	0
138	R	0.99996	0	0.00004	0
139	R	0.99912	0	0.00088	0
140	T	0.90765	0	0.09235	0
141	C	0.01035	0	0.98965	0
142	V	0.00220	0	0.99780	0
143	Q	0.00152	0	0.99848	0
144	I	0.00005	0	0.99995	0
145	A	0.00003	0	0.99997	0
146	A	0.00002	0	0.99998	0
147	G	0.00000	0	1.00000	0
148	S	0.00000	0	1.00000	0
149	W	0.00000	0	1.00000	0
150	M	0.00000	0	1.00000	0
151	T	0.00000	0	1.00000	0
152	G	0.00000	0	1.00000	0
153	C	0.00000	0	1.00000	0
154	L	0.00000	0	1.00000	0
155	T	0.00000	0	1.00000	0
156	A	0.00000	0	1.00000	0
157	M	0.00000	0	1.00000	0
158	V	0.00000	0	1.00000	0
159	E	0.00000	0.00226	0.99774	0
160	M	0.00000	0.00342	0.99658	0
161	M	0.00000	0.04978	0.95022	0
162	S	0.00000	0.47888	0.52112	0
163	V	0.00000	0.60447	0.39553	0
164	L	0.00000	0.80108	0.19892	0
165	P	0.00000	0.98822	0.01178	0
166	L	0.00000	0.99599	0.00401	0
167	S	0.00000	0.99946	0.00054	0
168	L	0.00000	0.99978	0.00022	0
169	C	0.00000	1	0.00000	0
170	G	0.00000	1	0.00000	0
171	N	0.00000	1	0.00000	0
172	S	0.00000	1	0.00000	0
173	I	0.00000	1	0.00000	0
174	I	0.00000	1	0.00000	0
175	N	0.00000	1	0.00000	0
176	H	0.00000	1	0.00000	0
177	F	0.00000	1	0.00000	0
178	T	0.00000	1	0.00000	0
179	C	0.00000	1	0.00000	0
180	E	0.00000	1	0.00000	0
181	I	0.00000	0.99997	0.00003	0
182	L	0.00000	0.99997	0.00003	0
183	A	0.00000	0.99997	0.00003	0
184	I	0.00000	0.99997	0.00003	0
185	L	0.00000	0.99997	0.00003	0
186	K	0.00000	0.99997	0.00003	0
187	L	0.00000	0.99997	0.00003	0
188	V	0.00000	0.99997	0.00003	0
189	C	0.00000	0.99997	0.00003	0
190	V	0.00000	0.99997	0.00003	0
191	D	0.00000	0.99997	0.00003	0
192	T	0.00000	0.99951	0.00049	0
193	S	0.00000	0.99655	0.00345	0
194	L	0.00000	0.80638	0.19362	0
195	V	0.00000	0.79831	0.20169	0
196	Q	0.00000	0.75132	0.24868	0
197	L	0.00000	0.64091	0.35909	0
198	I	0.00000	0.02322	0.97678	0
199	M	0.00000	0.00056	0.99944	0
200	L	0.00000	0.00023	0.99977	0
201	V	0.00000	0.00019	0.99981	0
202	I	0.00000	0.00018	0.99982	0
203	S	0.00000	3e-05	0.99997	0
204	V	0.00000	2e-05	0.99998	0
205	L	0.00000	0	1.00000	0
206	L	0.00000	0	1.00000	0
207	L	0.00001	0	0.99999	0
208	P	0.00003	0	0.99997	0
209	M	0.00003	0	0.99997	0
210	P	0.00003	0	0.99997	0
211	M	0.00003	0	0.99997	0
212	L	0.00003	0	0.99997	0
213	L	0.00003	0	0.99997	0
214	I	0.00003	0	0.99997	0
215	C	0.00003	0	0.99997	0
216	I	0.00054	0	0.99946	0
217	S	0.00916	0	0.99084	0
218	Y	0.01163	0	0.98837	0
219	A	0.02639	0	0.97361	0
220	F	0.03391	0	0.96609	0
221	I	0.07777	0	0.92223	0
222	L	0.19359	0	0.80641	0
223	A	0.92479	0	0.07521	0
224	S	0.98734	0	0.01266	0
225	I	0.99113	0	0.00887	0
226	L	0.99656	0	0.00344	0
227	R	0.99995	0	0.00005	0
228	I	0.99998	0	0.00002	0
229	S	1.00000	0	0.00000	0
230	S	1.00000	0	0.00000	0
231	V	1.00000	0	0.00000	0
232	E	1.00000	0	0.00000	0
233	G	0.99986	0	0.00014	0
234	R	0.98382	0	0.01618	0
235	S	0.95568	0	0.04432	0
236	K	0.75755	0	0.24245	0
237	A	0.58903	0	0.41097	0
238	F	0.52484	0	0.47516	0
239	S	0.01506	0	0.98494	0
240	T	0.01478	0	0.98522	0
241	C	0.00273	0	0.99727	0
242	T	0.00087	0	0.99913	0
243	A	0.00034	0	0.99966	0
244	H	0.00020	0	0.99980	0
245	L	0.00005	0	0.99995	0
246	M	0.00002	0	0.99998	0
247	V	0.00000	0	1.00000	0
248	V	0.00000	0	1.00000	0
249	V	0.00000	0	1.00000	0
250	L	0.00000	0	1.00000	0
251	F	0.00000	0	1.00000	0
252	Y	0.00000	0	1.00000	0
253	G	0.00000	1e-05	0.99999	0
254	T	0.00000	4e-05	0.99996	0
255	A	0.00000	0.00018	0.99982	0
256	L	0.00000	0.00167	0.99833	0
257	S	0.00000	0.02163	0.97837	0
258	M	0.00000	0.02846	0.97154	0
259	H	0.00000	0.21008	0.78992	0
260	L	0.00000	0.3385	0.66150	0
261	K	0.00000	0.98113	0.01887	0
262	P	0.00000	0.99165	0.00835	0
263	S	0.00000	0.99703	0.00297	0
264	A	0.00000	0.99871	0.00129	0
265	V	0.00000	0.99905	0.00095	0
266	D	0.00000	0.99999	0.00001	0
267	S	0.00000	1	0.00000	0
268	Q	0.00000	0.99978	0.00022	0
269	E	0.00000	0.99822	0.00178	0
270	I	0.00000	0.97315	0.02685	0
271	D	0.00000	0.96686	0.03314	0
272	K	0.00000	0.80285	0.19715	0
273	F	0.00000	0.03767	0.96233	0
274	M	0.00000	5e-05	0.99995	0
275	A	0.00000	0	1.00000	0
276	L	0.00000	0	1.00000	0
277	V	0.00000	0	1.00000	0
278	Y	0.00000	0	1.00000	0
279	A	0.00000	0	1.00000	0
280	G	0.00000	0	1.00000	0
281	Q	0.00000	0	1.00000	0
282	T	0.00000	0	1.00000	0
283	P	0.00000	0	1.00000	0
284	M	0.00000	0	1.00000	0
285	L	0.00000	0	1.00000	0
286	N	0.00000	0	1.00000	0
287	P	0.00000	0	1.00000	0
288	I	0.00000	0	1.00000	0
289	I	0.00001	0	0.99999	0
290	Y	0.00017	0	0.99983	0
291	S	0.00149	0	0.99851	0
292	L	0.02038	0	0.97962	0
293	R	1.00000	0	0.00000	0
294	N	1.00000	0	0.00000	0
295	K	1.00000	0	0.00000	0
296	E	1.00000	0	0.00000	0
297	V	1.00000	0	0.00000	0
298	K	1.00000	0	0.00000	0
299	V	1.00000	0	0.00000	0
300	A	1.00000	0	0.00000	0
301	L	1.00000	0	0.00000	0
302	K	1.00000	0	0.00000	0
303	K	1.00000	0	0.00000	0
304	L	1.00000	0	0.00000	0
305	L	1.00000	0	0.00000	0
306	I	1.00000	0	0.00000	0
307	R	1.00000	0	0.00000	0
308	N	1.00000	0	0.00000	0
309	H	1.00000	0	0.00000	0
310	F	1.00000	0	0.00000	0
311	N	1.00000	0	0.00000	0
312	T	1.00000	0	0.00000	0
313	A	1.00000	0	0.00000	0
314	F	1.00000	0	0.00000	0
315	I	1.00000	0	0.00000	0
316	S	1.00000	0	0.00000	0
317	I	1.00000	0	0.00000	0
318	L	1.00000	0	0.00000	0
319	K	1.00000	0	0.00000	0
