# UNNAMED
#pos	aa	i	o	M	S
1	M	0.00000	1	0.00000	0
2	Q	0.00000	1	0.00000	0
3	D	0.00000	1	0.00000	0
4	E	0.00000	1	0.00000	0
5	D	0.00000	1	0.00000	0
6	G	0.00000	0.29322	0.70678	0
7	Y	0.00000	0.24031	0.75969	0
8	I	0.00000	0.22764	0.77236	0
9	T	0.00000	0.22207	0.77793	0
10	L	0.00000	0.21805	0.78195	0
11	N	0.00000	0.21415	0.78585	0
12	I	0.00000	0.06821	0.93179	0
13	K	0.00000	0.05888	0.94112	0
14	T	0.00000	0.01721	0.98279	0
15	R	0.00000	0.01406	0.98594	0
16	K	0.00000	0.00129	0.99871	0
17	P	0.00000	1e-05	0.99999	0
18	A	0.00000	0	1.00000	0
19	L	0.00000	0	1.00000	0
20	I	0.00000	0	1.00000	0
21	S	0.00000	0	1.00000	0
22	V	0.00000	0	1.00000	0
23	G	0.00015	0	0.99985	0
24	S	0.02594	0	0.97406	0
25	A	0.10421	0	0.89579	0
26	S	0.39663	0	0.60337	0
27	S	0.69325	0	0.30675	0
28	S	0.73488	0	0.26512	0
29	W	0.75041	0	0.24959	0
30	W	0.79796	0	0.20204	0
31	R	0.92175	0	0.07825	0
32	V	0.92869	0	0.07131	0
33	M	0.94506	0	0.05494	0
34	A	0.94742	0	0.05258	0
35	L	0.39720	0	0.60280	0
36	I	0.10455	0	0.89545	0
37	L	0.05351	0	0.94649	0
38	L	0.01097	0	0.98903	0
39	I	0.00173	0	0.99827	0
40	L	0.00005	0	0.99995	0
41	C	0.00000	0	1.00000	0
42	V	0.00000	0	1.00000	0
43	G	0.00000	0	1.00000	0
44	M	0.00000	0	1.00000	0
45	V	0.00000	0	1.00000	0
46	V	0.00000	0	1.00000	0
47	G	0.00000	0	1.00000	0
48	L	0.00000	0	1.00000	0
49	V	0.00000	0	1.00000	0
50	A	0.00000	3e-05	0.99997	0
51	L	0.00000	6e-05	0.99994	0
52	G	0.00000	0.00045	0.99955	0
53	I	0.00000	0.0011	0.99890	0
54	W	0.00000	0.01768	0.98232	0
55	S	0.00000	0.0933	0.90670	0
56	V	0.00000	0.14512	0.85488	0
57	M	0.00000	0.4053	0.59470	0
58	Q	0.00000	0.90531	0.09469	0
59	R	0.00000	0.99912	0.00088	0
60	N	0.00000	0.99987	0.00013	0
61	Y	0.00000	0.99997	0.00003	0
62	L	0.00000	0.99997	0.00003	0
63	Q	0.00000	0.99997	0.00003	0
64	G	0.00000	0.99997	0.00003	0
65	E	0.00000	0.99997	0.00003	0
66	N	0.00000	0.99997	0.00003	0
67	E	0.00000	0.99997	0.00003	0
68	N	0.00000	0.99888	0.00112	0
69	R	0.00000	0.94766	0.05234	0
70	T	0.00000	0.77319	0.22681	0
71	G	0.00000	0.07146	0.92854	0
72	T	0.00000	0.00175	0.99825	0
73	L	0.00000	0.00027	0.99973	0
74	Q	0.00000	0.00027	0.99973	0
75	Q	0.00000	6e-05	0.99994	0
76	L	0.00000	0	1.00000	0
77	A	0.00000	0	1.00000	0
78	K	0.00000	0	1.00000	0
79	R	0.00000	0	1.00000	0
80	F	0.00001	0	0.99999	0
81	C	0.00002	0	0.99998	0
82	Q	0.00002	0	0.99998	0
83	Y	0.00003	0	0.99997	0
84	V	0.00003	0	0.99997	0
85	V	0.00003	0	0.99997	0
86	K	0.00004	0	0.99996	0
87	Q	0.00109	0	0.99891	0
88	S	0.00366	0	0.99634	0
89	E	0.00787	0	0.99213	0
90	L	0.26078	0	0.73922	0
91	K	0.98772	0	0.01228	0
92	G	0.99959	0	0.00041	0
93	T	0.99972	0	0.00028	0
94	F	0.99985	0	0.00015	0
95	K	0.99995	0	0.00005	0
96	G	0.99999	0	0.00001	0
97	H	0.99998	0	0.00002	0
98	K	0.99998	0	0.00002	0
99	C	0.99943	0	0.00057	0
100	S	0.99942	0	0.00058	0
101	P	0.99939	0	0.00061	0
102	C	0.99554	0	0.00446	0
103	D	0.99296	0	0.00704	0
104	T	0.94558	0	0.05442	0
105	N	0.02200	0	0.97800	0
106	W	0.00281	0	0.99719	0
107	R	0.00271	0	0.99729	0
108	Y	0.00004	0	0.99996	0
109	Y	0.00000	0	1.00000	0
110	G	0.00000	0	1.00000	0
111	D	0.00000	0	1.00000	0
112	S	0.00000	0	1.00000	0
113	C	0.00000	0	1.00000	0
114	Y	0.00000	0	1.00000	0
115	G	0.00000	0	1.00000	0
116	F	0.00000	0	1.00000	0
117	F	0.00000	0	1.00000	0
118	R	0.00000	0.00012	0.99988	0
119	H	0.00000	0.00051	0.99949	0
120	N	0.00000	0.00058	0.99942	0
121	L	0.00000	0.00074	0.99926	0
122	T	0.00000	0.00622	0.99378	0
123	W	0.00000	0.36288	0.63712	0
124	E	0.00000	0.99522	0.00478	0
125	E	0.00000	0.99693	0.00307	0
126	S	0.00000	0.99717	0.00283	0
127	K	0.00000	0.99972	0.00028	0
128	Q	0.00000	0.99993	0.00007	0
129	Y	0.00000	0.99998	0.00002	0
130	C	0.00000	1	0.00000	0
131	T	0.00000	1	0.00000	0
132	D	0.00000	1	0.00000	0
133	M	0.00000	0.99999	0.00001	0
134	N	0.00000	0.99751	0.00249	0
135	A	0.00000	0.99627	0.00373	0
136	T	0.00000	0.07877	0.92123	0
137	L	0.00000	0.07565	0.92435	0
138	L	0.00000	0.06697	0.93303	0
139	K	0.00000	0.06673	0.93327	0
140	I	0.00000	0.06657	0.93343	0
141	D	0.00000	0.06654	0.93346	0
142	N	0.00000	0.00154	0.99846	0
143	R	0.00000	0.00137	0.99863	0
144	N	0.00000	0.00136	0.99864	0
145	I	0.00000	0	1.00000	0
146	V	0.00000	0	1.00000	0
147	E	0.00000	0	1.00000	0
148	Y	0.00000	0	1.00000	0
149	I	0.00000	0	1.00000	0
150	K	0.00000	0	1.00000	0
151	A	0.00000	0	1.00000	0
152	R	0.00000	0	1.00000	0
153	T	0.00001	0	0.99999	0
154	H	0.00002	0	0.99998	0
155	L	0.00025	0	0.99975	0
156	I	0.00902	0	0.99098	0
157	R	0.80022	0	0.19978	0
158	W	0.80320	0	0.19680	0
159	V	0.91642	0	0.08358	0
160	G	0.93150	0	0.06850	0
161	L	0.93209	0	0.06791	0
162	S	0.99472	0	0.00528	0
163	R	0.99787	0	0.00213	0
164	Q	0.99895	0	0.00105	0
165	K	0.99954	0	0.00046	0
166	S	0.99982	0	0.00018	0
167	N	0.99863	0	0.00137	0
168	E	0.99514	0	0.00486	0
169	V	0.07665	0	0.92335	0
170	W	0.07665	0	0.92335	0
171	K	0.07665	0	0.92335	0
172	W	0.07665	0	0.92335	0
173	E	0.07665	0	0.92335	0
174	D	0.07665	0	0.92335	0
175	G	0.00000	0	1.00000	0
176	S	0.00000	0	1.00000	0
177	V	0.00000	0	1.00000	0
178	I	0.00000	0	1.00000	0
179	S	0.00000	0	1.00000	0
180	E	0.00000	0	1.00000	0
181	N	0.00000	0	1.00000	0
182	M	0.00000	0	1.00000	0
183	F	0.00000	0	1.00000	0
184	E	0.00000	0	1.00000	0
185	F	0.00000	0	1.00000	0
186	L	0.00000	9e-05	0.99991	0
187	E	0.00000	0.48501	0.51499	0
188	D	0.00000	0.90972	0.09028	0
189	G	0.00000	0.81827	0.18173	0
190	K	0.00000	0.56543	0.43457	0
191	G	0.00000	0.55501	0.44499	0
192	N	0.00000	0.53187	0.46813	0
193	M	0.00000	0.33802	0.66198	0
194	N	0.00000	0.32892	0.67108	0
195	C	0.00000	0.26625	0.73375	0
196	A	0.00000	0.08312	0.91688	0
197	Y	0.00000	0.07712	0.92288	0
198	F	0.00000	0.0029	0.99710	0
199	H	0.00000	0	1.00000	0
200	N	0.00000	0	1.00000	0
201	G	0.00000	0	1.00000	0
202	K	0.00000	0	1.00000	0
203	M	0.00000	0	1.00000	0
204	H	0.00000	0	1.00000	0
205	P	0.00000	0	1.00000	0
206	T	0.00000	0	1.00000	0
207	F	0.00000	0	1.00000	0
208	C	0.04479	0	0.95521	0
209	E	0.36739	0	0.63261	0
210	N	0.36740	0	0.63260	0
211	K	0.36743	0	0.63257	0
212	H	0.36743	0	0.63257	0
213	Y	0.36743	0	0.63257	0
214	L	0.36743	0	0.63257	0
215	M	0.36743	0	0.63257	0
216	C	0.36744	0	0.63256	0
217	E	1.00000	0	0.00000	0
218	R	1.00000	0	0.00000	0
219	K	1.00000	0	0.00000	0
220	A	1.00000	0	0.00000	0
221	G	1.00000	0	0.00000	0
222	M	1.00000	0	0.00000	0
223	T	1.00000	0	0.00000	0
224	K	1.00000	0	0.00000	0
225	V	1.00000	0	0.00000	0
226	D	1.00000	0	0.00000	0
227	Q	1.00000	0	0.00000	0
228	L	1.00000	0	0.00000	0
229	P	1.00000	0	0.00000	0
