# UNNAMED
#pos	aa	i	o	M	S
1	M	0.00000	0.00942	0.00000	0.99058
2	A	0.00000	0.00942	0.00000	0.99058
3	W	0.00000	0.00942	0.00000	0.99058
4	R	0.00000	0.00942	0.00000	0.99058
5	A	0.00000	0.00942	0.00000	0.99058
6	L	0.00000	0.00942	0.00000	0.99058
7	H	0.00000	0.00942	0.00000	0.99058
8	P	0.00000	0.00942	0.00000	0.99058
9	L	0.00000	0.00941	0.00001	0.99058
10	L	0.00000	0.00941	0.00001	0.99058
11	L	0.00000	0.00941	0.00001	0.99058
12	L	0.00000	0.0094	0.00002	0.99058
13	L	0.00000	0.00938	0.00004	0.99058
14	L	0.00000	0.00937	0.00005	0.99058
15	L	0.00000	0.00937	0.00005	0.99058
16	F	0.00000	0.00937	0.00006	0.99057
17	P	0.00000	0.00937	0.00006	0.99057
18	G	0.00000	0.00935	0.00007	0.99058
19	S	0.00000	0.00935	0.00009	0.99056
20	Q	0.00000	0.00921	0.00030	0.9905
21	A	0.00000	0.7953	0.00086	0.20384
22	Q	0.00000	0.99838	0.00139	0.00024
23	S	0.00000	0.9972	0.00256	0.00024
24	K	0.00000	0.99671	0.00321	8e-05
25	A	0.00000	0.22601	0.77391	8e-05
26	Q	0.00000	0.0416	0.95840	0
27	V	0.00000	0.00563	0.99437	0
28	L	0.00000	0.00298	0.99702	0
29	Q	0.00000	0.0028	0.99720	0
30	S	0.00000	0.00187	0.99813	0
31	V	0.00000	9e-05	0.99991	0
32	A	0.00000	4e-05	0.99996	0
33	G	0.00000	3e-05	0.99996	0
34	Q	0.00000	3e-05	0.99996	0
35	T	0.00001	3e-05	0.99996	0
36	L	0.00001	3e-05	0.99996	0
37	T	0.00001	3e-05	0.99996	0
38	V	0.00001	3e-05	0.99996	0
39	R	0.00005	3e-05	0.99992	0
40	C	0.00007	3e-05	0.99989	0
41	Q	0.00063	3e-05	0.99933	0
42	Y	0.00110	3e-05	0.99887	0
43	P	0.55203	3e-05	0.44794	0
44	P	0.96015	3e-05	0.03982	0
45	T	0.96825	3e-05	0.03172	0
46	G	0.97668	3e-05	0.02329	0
47	S	0.99550	3e-05	0.00447	0
48	L	0.99528	2e-05	0.00470	0
49	Y	0.99569	2e-05	0.00429	0
50	E	0.99907	2e-05	0.00091	0
51	K	0.99888	2e-05	0.00110	0
52	K	0.94485	0	0.05515	0
53	G	0.27093	0	0.72907	0
54	W	0.05152	0	0.94848	0
55	C	0.01666	0	0.98334	0
56	K	0.01560	0	0.98440	0
57	E	0.00512	0	0.99488	0
58	A	0.00024	0	0.99976	0
59	S	0.00002	0	0.99998	0
60	A	0.00000	0	1.00000	0
61	L	0.00000	0	1.00000	0
62	V	0.00000	0	1.00000	0
63	C	0.00000	0	1.00000	0
64	I	0.00000	0	1.00000	0
65	R	0.00000	0	1.00000	0
66	L	0.00000	0	1.00000	0
67	V	0.00000	0	1.00000	0
68	T	0.00001	0	0.99999	0
69	S	0.00001	0.00082	0.99917	0
70	S	0.00003	0.00728	0.99270	0
71	K	0.00003	0.04408	0.95588	0
72	P	0.00003	0.15593	0.84403	0
73	R	0.00003	0.50364	0.49633	0
74	T	0.00003	0.59416	0.40581	0
75	M	0.00003	0.64751	0.35246	0
76	A	0.00003	0.99429	0.00568	0
77	W	0.00003	0.99996	0.00001	0
78	T	0.00003	0.99997	0.00001	0
79	S	0.00003	0.99997	0.00001	0
80	R	0.00002	0.99997	0.00001	0
81	F	0.00000	0.99993	0.00007	0
82	T	0.00000	0.99511	0.00489	0
83	I	0.00000	0.97829	0.02171	0
84	W	0.00000	0.56984	0.43016	0
85	D	0.00000	0.43942	0.56058	0
86	D	0.00000	0.17544	0.82456	0
87	P	0.00000	0.11781	0.88219	0
88	D	0.00000	0.01342	0.98658	0
89	A	0.00000	0.00066	0.99934	0
90	G	0.00000	4e-05	0.99996	0
91	F	0.00000	0	1.00000	0
92	F	0.00000	0	1.00000	0
93	T	0.00000	0	1.00000	0
94	V	0.00000	0	1.00000	0
95	T	0.00000	0	1.00000	0
96	M	0.00000	0	1.00000	0
97	T	0.00000	1e-05	0.99999	0
98	D	0.00000	1e-05	0.99999	0
99	L	0.00000	2e-05	0.99998	0
100	R	0.00000	3e-05	0.99997	0
101	E	0.00000	3e-05	0.99997	0
102	E	0.00004	3e-05	0.99992	0
103	D	0.18193	3e-05	0.81804	0
104	S	0.21113	3e-05	0.78883	0
105	G	0.86757	3e-05	0.13239	0
106	H	0.87001	3e-05	0.12996	0
107	Y	0.90746	3e-05	0.09250	0
108	W	0.99821	3e-05	0.00175	0
109	C	0.99931	3e-05	0.00067	0
110	R	0.99942	0	0.00058	0
111	I	0.99996	0	0.00004	0
112	Y	0.99997	0	0.00003	0
113	R	0.99997	0	0.00003	0
114	P	0.99997	0	0.00003	0
115	S	0.99997	0	0.00003	0
116	D	0.99996	0	0.00004	0
117	N	0.99969	0	0.00031	0
118	S	0.99940	0	0.00060	0
119	V	0.99911	0	0.00089	0
120	S	0.99498	0	0.00502	0
121	K	0.98663	0	0.01337	0
122	S	0.31676	0	0.68324	0
123	V	0.01261	0	0.98739	0
124	R	0.00870	0	0.99130	0
125	F	0.00020	0	0.99980	0
126	Y	0.00000	0	1.00000	0
127	L	0.00000	0	1.00000	0
128	V	0.00000	0	1.00000	0
129	V	0.00003	0	0.99997	0
130	S	0.00003	0	0.99997	0
131	P	0.00003	0	0.99997	0
132	A	0.00003	0	0.99997	0
133	S	0.00003	0	0.99997	0
134	A	0.00003	0	0.99997	0
135	S	0.00003	0	0.99997	0
136	T	0.00003	2e-05	0.99995	0
137	Q	0.00003	0.00027	0.99970	0
138	T	0.00003	0.00039	0.99957	0
139	S	0.00003	0.00083	0.99914	0
140	W	0.00003	0.00209	0.99788	0
141	T	0.00003	0.08482	0.91515	0
142	P	0.00003	0.65425	0.34572	0
143	R	0.00003	0.96449	0.03548	0
144	D	0.00002	0.99564	0.00434	0
145	L	0.00000	0.99583	0.00417	0
146	V	0.00000	0.99705	0.00295	0
147	S	0.00000	0.99922	0.00078	0
148	S	0.00000	0.99996	0.00004	0
149	Q	0.00000	0.99996	0.00004	0
150	T	0.00000	0.99996	0.00004	0
151	Q	0.00000	0.99996	0.00004	0
152	T	0.00000	0.9998	0.00020	0
153	Q	0.00000	0.99879	0.00121	0
154	S	0.00000	0.99814	0.00186	0
155	C	0.00000	0.99751	0.00249	0
156	V	0.00000	0.97907	0.02093	0
157	P	0.00000	0.97901	0.02099	0
158	P	0.00000	0.95358	0.04642	0
159	T	0.00000	0.94399	0.05601	0
160	A	0.00000	0.92899	0.07101	0
161	G	0.00000	0.82561	0.17439	0
162	A	0.00000	0.09071	0.90929	0
163	R	0.00000	0.08667	0.91333	0
164	Q	0.00000	0.05922	0.94078	0
165	A	0.00000	0.05087	0.94913	0
166	P	0.00000	0.05077	0.94923	0
167	E	0.00000	0.05076	0.94924	0
168	S	0.00000	0.04723	0.95277	0
169	P	0.00000	0.04709	0.95291	0
170	S	0.00000	0.04233	0.95767	0
171	T	0.00000	0.0409	0.95910	0
172	I	0.00000	0.0404	0.95960	0
173	P	0.00000	0.03972	0.96027	0
174	V	0.00000	0.03961	0.96038	0
175	P	0.00107	0.03942	0.95952	0
176	S	0.00354	0.03921	0.95726	0
177	Q	0.01764	0.03918	0.94318	0
178	P	0.01975	0.03918	0.94107	0
179	Q	0.03529	0.02349	0.94122	0
180	N	0.03648	0.00483	0.95869	0
181	S	0.04047	0.00036	0.95917	0
182	T	0.04286	0	0.95714	0
183	L	0.04590	0	0.95410	0
184	R	0.69089	0	0.30911	0
185	P	0.87836	0	0.12164	0
186	G	0.90236	0	0.09764	0
187	P	0.94259	0	0.05741	0
188	A	0.94686	0	0.05314	0
189	A	0.94360	0	0.05640	0
190	P	0.94036	0	0.05964	0
191	I	0.91333	0	0.08667	0
192	A	0.91305	0	0.08695	0
193	L	0.84619	0	0.15381	0
194	V	0.82508	0	0.17492	0
195	P	0.82893	0	0.17107	0
196	V	0.82856	0	0.17144	0
197	F	0.82340	0	0.17660	0
198	C	0.82333	0	0.17667	0
199	G	0.81749	0	0.18251	0
200	L	0.02323	0	0.97677	0
201	L	0.03222	0	0.96778	0
202	V	0.04785	0	0.95215	0
203	A	0.05075	0	0.94925	0
204	K	0.04233	0	0.95767	0
205	S	0.04050	0	0.95950	0
206	L	0.04028	0	0.95972	0
207	V	0.04023	0	0.95977	0
208	L	0.03890	0	0.96110	0
209	S	0.03883	0	0.96117	0
210	A	0.03356	0	0.96643	0
211	L	0.00363	4e-05	0.99633	0
212	L	0.00000	0.00036	0.99964	0
213	V	0.00000	0.00369	0.99631	0
214	W	0.00000	0.01931	0.98069	0
215	W	0.00000	0.06378	0.93622	0
216	G	0.00000	0.11444	0.88556	0
217	D	0.00000	0.13448	0.86552	0
218	I	0.00000	0.13455	0.86545	0
219	W	0.00000	0.13634	0.86366	0
220	W	0.00000	0.15557	0.84443	0
221	K	0.00000	0.25152	0.74848	0
222	T	0.00000	0.25727	0.74273	0
223	M	0.00000	0.25462	0.74538	0
224	M	0.00000	0.36516	0.63484	0
225	E	0.00000	0.90685	0.09315	0
226	L	0.00000	0.91792	0.08208	0
227	R	0.00000	0.93972	0.06028	0
228	S	0.00000	0.93942	0.06058	0
229	L	0.00000	0.67845	0.32155	0
230	D	0.00000	0.6897	0.31030	0
231	T	0.00000	0.39079	0.60921	0
232	Q	0.00000	0.33905	0.66095	0
233	K	0.00000	0.26951	0.73049	0
234	A	0.00000	0.0243	0.97570	0
235	T	0.00000	0.00474	0.99526	0
236	C	0.00000	0.00423	0.99577	0
237	H	0.00000	0.00421	0.99579	0
238	L	0.00000	0.00409	0.99591	0
239	Q	0.00001	0.00406	0.99593	0
240	Q	0.00001	0.00385	0.99614	0
241	V	0.00001	0.00377	0.99622	0
242	T	0.00005	0.00194	0.99801	0
243	D	0.00057	0.00075	0.99869	0
244	L	0.00066	3e-05	0.99931	0
245	P	0.00376	0	0.99623	0
246	W	0.01396	0	0.98604	0
247	T	0.01634	0	0.98366	0
248	S	0.01858	0	0.98142	0
249	V	0.03383	0	0.96617	0
250	S	0.18294	0	0.81706	0
251	S	0.48432	0	0.51568	0
252	P	0.49896	0	0.50104	0
253	V	0.55671	0	0.44329	0
254	E	0.99577	0	0.00423	0
255	R	0.99577	0	0.00423	0
256	E	0.99577	0	0.00423	0
257	I	0.99577	0	0.00423	0
258	L	0.99577	0	0.00423	0
259	Y	0.99577	0	0.00423	0
260	H	0.99577	0	0.00423	0
261	T	0.99577	0	0.00423	0
262	V	0.99633	0	0.00367	0
263	A	0.99839	0	0.00161	0
264	R	1.00000	0	0.00000	0
265	T	1.00000	0	0.00000	0
266	K	1.00000	0	0.00000	0
267	I	1.00000	0	0.00000	0
268	S	1.00000	0	0.00000	0
269	D	1.00000	0	0.00000	0
270	D	1.00000	0	0.00000	0
271	D	1.00000	0	0.00000	0
272	D	1.00000	0	0.00000	0
273	E	1.00000	0	0.00000	0
274	H	1.00000	0	0.00000	0
275	T	1.00000	0	0.00000	0
276	L	1.00000	0	0.00000	0
