# UNNAMED
#pos	aa	i	o	M	S
1	M	0.00000	0.99999	0.00000	1e-05
2	A	0.00000	0.99999	0.00000	1e-05
3	K	0.00000	0.99999	0.00000	1e-05
4	N	0.00000	0.99999	0.00000	1e-05
5	N	0.00000	0.99999	0.00000	1e-05
6	L	0.00000	0.99999	0.00000	1e-05
7	T	0.00000	0.99999	0.00000	1e-05
8	R	0.00000	0.99999	0.00000	1e-05
9	V	0.00000	0.99999	0.00000	1e-05
10	T	0.00000	0.99999	0.00000	1e-05
11	E	0.00000	0.99999	0.00000	1e-05
12	F	0.00000	0.99999	0.00000	1e-05
13	I	0.00000	0.99999	0.00000	1e-05
14	L	0.00000	0.99999	0.00000	1e-05
15	M	0.00000	0.99999	0.00000	1e-05
16	G	0.00000	0.99999	0.00000	1e-05
17	F	0.00000	1	0.00000	0
18	M	0.00000	1	0.00000	0
19	D	0.00000	1	0.00000	0
20	H	0.00000	1	0.00000	0
21	P	0.00000	1	0.00000	0
22	K	0.00000	0.9999	0.00010	0
23	L	0.00000	0.99438	0.00562	0
24	E	0.00000	0.98455	0.01545	0
25	I	0.00000	0.69349	0.30651	0
26	P	0.00000	0.62911	0.37089	0
27	L	0.00000	0.21297	0.78703	0
28	F	0.00000	0.05231	0.94769	0
29	L	0.00000	0.03988	0.96012	0
30	V	0.00000	0.03339	0.96661	0
31	F	0.00000	0.00117	0.99883	0
32	L	0.00000	0.00018	0.99982	0
33	S	0.00000	7e-05	0.99993	0
34	F	0.00000	0	1.00000	0
35	Y	0.00000	0	1.00000	0
36	L	0.00000	0	1.00000	0
37	V	0.00000	0	1.00000	0
38	T	0.00000	0	1.00000	0
39	L	0.00000	0	1.00000	0
40	L	0.00000	0	1.00000	0
41	G	0.00000	0	1.00000	0
42	N	0.00000	0	1.00000	0
43	V	0.00000	0	1.00000	0
44	G	0.00000	0	1.00000	0
45	M	0.00000	0	1.00000	0
46	I	0.00000	0	1.00000	0
47	M	0.00047	0	0.99953	0
48	L	0.00497	0	0.99503	0
49	I	0.02670	0	0.97330	0
50	Q	0.95302	0	0.04698	0
51	V	0.97131	0	0.02869	0
52	D	0.99963	0	0.00037	0
53	V	0.99977	0	0.00023	0
54	K	0.99999	0	0.00001	0
55	L	0.99999	0	0.00001	0
56	Y	1.00000	0	0.00000	0
57	T	1.00000	0	0.00000	0
58	P	1.00000	0	0.00000	0
59	M	0.69515	0	0.30485	0
60	Y	0.64440	0	0.35560	0
61	F	0.08626	0	0.91374	0
62	F	0.00145	0	0.99855	0
63	L	0.00017	0	0.99983	0
64	S	0.00008	0	0.99992	0
65	H	0.00000	0	1.00000	0
66	L	0.00000	0	1.00000	0
67	S	0.00000	0	1.00000	0
68	L	0.00000	0	1.00000	0
69	L	0.00000	0	1.00000	0
70	D	0.00000	0	1.00000	0
71	A	0.00000	0	1.00000	0
72	C	0.00000	0	1.00000	0
73	Y	0.00000	0	1.00000	0
74	T	0.00000	0	1.00000	0
75	S	0.00000	0	1.00000	0
76	V	0.00000	0	1.00000	0
77	I	0.00000	0	1.00000	0
78	T	0.00000	0.0015	0.99850	0
79	P	0.00000	0.00364	0.99636	0
80	Q	0.00000	0.01596	0.98404	0
81	I	0.00000	0.05902	0.94098	0
82	L	0.00000	0.21875	0.78125	0
83	A	0.00000	0.53189	0.46811	0
84	T	0.00000	0.99978	0.00022	0
85	L	0.00000	0.99992	0.00008	0
86	A	0.00000	0.99997	0.00003	0
87	T	0.00000	0.99999	0.00001	0
88	G	0.00000	1	0.00000	0
89	K	0.00000	1	0.00000	0
90	T	0.00000	1	0.00000	0
91	V	0.00000	1	0.00000	0
92	I	0.00000	1	0.00000	0
93	S	0.00000	1	0.00000	0
94	Y	0.00000	0.99999	0.00001	0
95	G	0.00000	0.99998	0.00002	0
96	H	0.00000	0.99948	0.00052	0
97	C	0.00000	0.99743	0.00257	0
98	A	0.00000	0.9081	0.09190	0
99	A	0.00000	0.78912	0.21088	0
100	Q	0.00000	0.51269	0.48731	0
101	F	0.00000	0.12692	0.87308	0
102	F	0.00000	0.00088	0.99912	0
103	L	0.00000	4e-05	0.99996	0
104	F	0.00000	0	1.00000	0
105	T	0.00000	0	1.00000	0
106	I	0.00000	0	1.00000	0
107	C	0.00000	0	1.00000	0
108	A	0.00000	0	1.00000	0
109	G	0.00000	0	1.00000	0
110	T	0.00000	0	1.00000	0
111	E	0.00000	0	1.00000	0
112	C	0.00000	0	1.00000	0
113	F	0.00000	0	1.00000	0
114	L	0.00000	0	1.00000	0
115	L	0.00000	0	1.00000	0
116	A	0.00000	0	1.00000	0
117	V	0.00000	0	1.00000	0
118	M	0.00000	0	1.00000	0
119	A	0.00000	0	1.00000	0
120	Y	0.00001	0	0.99999	0
121	D	0.00014	0	0.99986	0
122	R	0.04188	0	0.95812	0
123	Y	0.11704	0	0.88296	0
124	A	0.96452	0	0.03548	0
125	A	0.99917	0	0.00083	0
126	I	1.00000	0	0.00000	0
127	R	1.00000	0	0.00000	0
128	N	1.00000	0	0.00000	0
129	P	1.00000	0	0.00000	0
130	L	1.00000	0	0.00000	0
131	L	1.00000	0	0.00000	0
132	Y	1.00000	0	0.00000	0
133	T	1.00000	0	0.00000	0
134	V	1.00000	0	0.00000	0
135	A	1.00000	0	0.00000	0
136	M	0.99996	0	0.00004	0
137	N	0.99947	0	0.00053	0
138	P	0.99310	0	0.00690	0
139	R	0.95812	0	0.04188	0
140	L	0.10947	0	0.89053	0
141	C	0.00033	0	0.99967	0
142	W	0.00009	0	0.99991	0
143	S	0.00007	0	0.99993	0
144	L	0.00003	0	0.99997	0
145	V	0.00002	0	0.99998	0
146	V	0.00001	0	0.99999	0
147	G	0.00000	0	1.00000	0
148	A	0.00000	0	1.00000	0
149	Y	0.00000	0	1.00000	0
150	V	0.00000	0	1.00000	0
151	C	0.00000	0	1.00000	0
152	G	0.00000	0	1.00000	0
153	V	0.00000	0	1.00000	0
154	S	0.00000	0	1.00000	0
155	G	0.00000	0	1.00000	0
156	A	0.00000	0	1.00000	0
157	I	0.00000	1e-05	0.99999	0
158	L	0.00000	0.00089	0.99911	0
159	R	0.00000	0.15416	0.84584	0
160	T	0.00000	0.28243	0.71757	0
161	T	0.00000	0.75658	0.24342	0
162	C	0.00000	0.97737	0.02263	0
163	T	0.00000	0.99574	0.00426	0
164	F	0.00000	0.99969	0.00031	0
165	T	0.00000	0.99989	0.00011	0
166	L	0.00000	0.99992	0.00008	0
167	S	0.00000	0.99994	0.00006	0
168	F	0.00000	0.99997	0.00003	0
169	C	0.00000	1	0.00000	0
170	K	0.00000	1	0.00000	0
171	D	0.00000	1	0.00000	0
172	N	0.00000	1	0.00000	0
173	Q	0.00000	1	0.00000	0
174	I	0.00000	1	0.00000	0
175	N	0.00000	1	0.00000	0
176	F	0.00000	1	0.00000	0
177	F	0.00000	1	0.00000	0
178	F	0.00000	1	0.00000	0
179	C	0.00000	1	0.00000	0
180	D	0.00000	1	0.00000	0
181	L	0.00000	1	0.00000	0
182	P	0.00000	1	0.00000	0
183	P	0.00000	1	0.00000	0
184	L	0.00000	1	0.00000	0
185	L	0.00000	1	0.00000	0
186	K	0.00000	1	0.00000	0
187	L	0.00000	1	0.00000	0
188	A	0.00000	1	0.00000	0
189	C	0.00000	1	0.00000	0
190	S	0.00000	1	0.00000	0
191	D	0.00000	0.99999	0.00001	0
192	T	0.00000	0.99997	0.00003	0
193	A	0.00000	0.99958	0.00042	0
194	N	0.00000	0.99948	0.00052	0
195	I	0.00000	0.99763	0.00237	0
196	E	0.00000	0.99625	0.00375	0
197	I	0.00000	0.91098	0.08902	0
198	V	0.00000	0.14309	0.85691	0
199	I	0.00000	0.00127	0.99873	0
200	I	0.00000	0.0003	0.99970	0
201	F	0.00000	3e-05	0.99997	0
202	F	0.00000	3e-05	0.99997	0
203	G	0.00000	2e-05	0.99998	0
204	N	0.00000	2e-05	0.99998	0
205	F	0.00000	0	1.00000	0
206	V	0.00000	0	1.00000	0
207	I	0.00000	0	1.00000	0
208	L	0.00000	0	1.00000	0
209	A	0.00000	0	1.00000	0
210	N	0.00000	0	1.00000	0
211	A	0.00000	0	1.00000	0
212	S	0.00000	0	1.00000	0
213	V	0.00000	0	1.00000	0
214	I	0.00000	0	1.00000	0
215	L	0.00000	0	1.00000	0
216	I	0.00000	0	1.00000	0
217	S	0.00003	0	0.99997	0
218	Y	0.00004	0	0.99996	0
219	L	0.00019	0	0.99981	0
220	L	0.00166	0	0.99834	0
221	I	0.01487	0	0.98513	0
222	I	0.09130	0	0.90870	0
223	K	0.99384	0	0.00616	0
224	T	0.99819	0	0.00181	0
225	I	0.99872	0	0.00128	0
226	L	0.99948	0	0.00052	0
227	K	1.00000	0	0.00000	0
228	V	1.00000	0	0.00000	0
229	K	1.00000	0	0.00000	0
230	S	1.00000	0	0.00000	0
231	S	1.00000	0	0.00000	0
232	G	0.99983	0	0.00017	0
233	G	0.99970	0	0.00030	0
234	R	0.97857	0	0.02143	0
235	A	0.92992	0	0.07008	0
236	K	0.85379	0	0.14621	0
237	T	0.81452	0	0.18548	0
238	F	0.32477	0	0.67523	0
239	S	0.01645	0	0.98355	0
240	T	0.01578	0	0.98422	0
241	C	0.00372	0	0.99628	0
242	A	0.00208	0	0.99792	0
243	S	0.00121	0	0.99879	0
244	H	0.00083	0	0.99917	0
245	I	0.00014	0	0.99986	0
246	T	0.00006	0	0.99994	0
247	A	0.00005	0	0.99995	0
248	V	0.00000	0	1.00000	0
249	A	0.00000	0	1.00000	0
250	L	0.00000	0	1.00000	0
251	F	0.00000	0	1.00000	0
252	F	0.00000	0	1.00000	0
253	G	0.00000	0	1.00000	0
254	A	0.00000	0	1.00000	0
255	L	0.00000	0	1.00000	0
256	I	0.00000	4e-05	0.99996	0
257	F	0.00000	0.00035	0.99965	0
258	M	0.00000	0.00295	0.99705	0
259	Y	0.00000	0.06937	0.93063	0
260	L	0.00000	0.16465	0.83535	0
261	Q	0.00000	0.78767	0.21233	0
262	S	0.00000	0.92725	0.07275	0
263	G	0.00000	0.98788	0.01212	0
264	S	0.00000	0.9979	0.00210	0
265	G	0.00000	0.99927	0.00073	0
266	K	0.00000	0.99988	0.00012	0
267	S	0.00000	0.99989	0.00011	0
268	L	0.00000	0.99826	0.00174	0
269	E	0.00000	0.99676	0.00324	0
270	E	0.00000	0.97842	0.02158	0
271	D	0.00000	0.96992	0.03008	0
272	K	0.00000	0.67222	0.32778	0
273	V	0.00000	0.0278	0.97220	0
274	V	0.00000	0.00015	0.99985	0
275	S	0.00000	0	1.00000	0
276	V	0.00000	0	1.00000	0
277	F	0.00000	0	1.00000	0
278	Y	0.00000	0	1.00000	0
279	T	0.00000	0	1.00000	0
280	V	0.00000	0	1.00000	0
281	V	0.00000	0	1.00000	0
282	I	0.00000	0	1.00000	0
283	P	0.00000	0	1.00000	0
284	M	0.00000	0	1.00000	0
285	L	0.00000	0	1.00000	0
286	N	0.00000	0	1.00000	0
287	P	0.00000	0	1.00000	0
288	L	0.00000	0	1.00000	0
289	I	0.00009	0	0.99991	0
290	Y	0.00041	0	0.99959	0
291	S	0.00168	0	0.99832	0
292	L	0.02357	0	0.97643	0
293	R	1.00000	0	0.00000	0
294	N	1.00000	0	0.00000	0
295	K	1.00000	0	0.00000	0
296	D	1.00000	0	0.00000	0
297	V	1.00000	0	0.00000	0
298	K	1.00000	0	0.00000	0
299	D	1.00000	0	0.00000	0
300	A	1.00000	0	0.00000	0
301	F	1.00000	0	0.00000	0
302	R	1.00000	0	0.00000	0
303	K	1.00000	0	0.00000	0
304	V	1.00000	0	0.00000	0
305	A	1.00000	0	0.00000	0
306	R	1.00000	0	0.00000	0
307	R	1.00000	0	0.00000	0
308	L	1.00000	0	0.00000	0
309	Q	1.00000	0	0.00000	0
310	V	1.00000	0	0.00000	0
311	S	1.00000	0	0.00000	0
312	L	1.00000	0	0.00000	0
313	S	1.00000	0	0.00000	0
314	M	1.00000	0	0.00000	0
