# UNNAMED
#pos	aa	i	o	M	S
1	M	0.00000	1	0.00000	0
2	S	0.00000	1	0.00000	0
3	F	0.00000	1	0.00000	0
4	P	0.00000	0.95036	0.04964	0
5	C	0.00000	0.84067	0.15933	0
6	K	0.00000	0.74378	0.25622	0
7	F	0.00000	0.02451	0.97549	0
8	V	0.00000	0.011	0.98900	0
9	A	0.00000	0.00901	0.99099	0
10	S	0.00000	0.00701	0.99299	0
11	F	0.00000	8e-05	0.99992	0
12	L	0.00000	1e-05	0.99999	0
13	L	0.00000	0	1.00000	0
14	I	0.00000	0	1.00000	0
15	F	0.00000	0	1.00000	0
16	N	0.00000	0	1.00000	0
17	V	0.00000	0	1.00000	0
18	S	0.00000	0	1.00000	0
19	S	0.00000	0	1.00000	0
20	K	0.00000	0	1.00000	0
21	G	0.00000	0	1.00000	0
22	A	0.00018	0	0.99982	0
23	V	0.00294	0	0.99706	0
24	S	0.13399	0	0.86601	0
25	K	0.89040	0	0.10960	0
26	E	0.89266	0	0.10734	0
27	I	0.89378	0	0.10622	0
28	T	0.94594	0	0.05406	0
29	N	0.96211	0	0.03789	0
30	A	0.79988	0	0.20012	0
31	L	0.16468	0	0.83532	0
32	E	0.16459	0	0.83541	0
33	T	0.13036	0	0.86964	0
34	W	0.12906	0	0.87094	0
35	G	0.12873	0	0.87127	0
36	A	0.12828	0	0.87172	0
37	L	0.12378	0	0.87622	0
38	G	0.11984	0	0.88016	0
39	Q	0.10274	0	0.89726	0
40	D	0.09190	0	0.90810	0
41	I	0.00000	0	1.00000	0
42	N	0.00000	0	1.00000	0
43	L	0.00000	0	1.00000	0
44	D	0.00000	0	1.00000	0
45	I	0.00000	0	1.00000	0
46	P	0.00000	0	1.00000	0
47	S	0.00000	0	1.00000	0
48	F	0.00000	5e-05	0.99995	0
49	Q	0.00000	0.00388	0.99612	0
50	M	0.00000	0.07861	0.92139	0
51	S	0.00000	0.86989	0.13011	0
52	D	0.00000	0.87032	0.12968	0
53	D	0.00000	0.87073	0.12927	0
54	I	0.00000	0.87079	0.12921	0
55	D	0.00000	0.87096	0.12904	0
56	D	0.00000	0.87098	0.12902	0
57	I	0.00000	0.87099	0.12901	0
58	K	0.00000	0.87207	0.12793	0
59	W	0.00000	0.87701	0.12299	0
60	E	0.00000	0.89534	0.10466	0
61	K	0.00000	0.91573	0.08427	0
62	T	0.00000	0.97841	0.02159	0
63	S	0.00000	0.9998	0.00020	0
64	D	0.00000	1	0.00000	0
65	K	0.00000	1	0.00000	0
66	K	0.00000	1	0.00000	0
67	K	0.00000	0.99999	0.00001	0
68	I	0.00000	0.98197	0.01803	0
69	A	0.00000	0.98187	0.01813	0
70	Q	0.00000	0.98187	0.01813	0
71	F	0.00000	0.98187	0.01813	0
72	R	0.00000	0.98187	0.01813	0
73	K	0.00000	0.98187	0.01813	0
74	E	0.00000	0.98187	0.01813	0
75	K	0.00000	0.98187	0.01813	0
76	E	0.00000	0.98187	0.01813	0
77	T	0.00000	0.98187	0.01813	0
78	F	0.00000	0.98187	0.01813	0
79	K	0.00000	0.98187	0.01813	0
80	E	0.00000	0.98187	0.01813	0
81	K	0.00000	0.98021	0.01979	0
82	D	0.00000	0.90108	0.09892	0
83	T	0.00000	0.44297	0.55703	0
84	Y	0.00000	0.01911	0.98089	0
85	K	0.00001	0.017	0.98299	0
86	L	0.00155	0.00752	0.99093	0
87	F	0.01644	0.00749	0.97606	0
88	K	0.01725	0.00749	0.97526	0
89	N	0.01801	0.00749	0.97450	0
90	G	0.01812	0.00749	0.97438	0
91	T	0.01813	0.00749	0.97438	0
92	L	0.01813	0.00749	0.97438	0
93	K	0.01813	0.00749	0.97438	0
94	I	0.01813	0.00749	0.97439	0
95	K	0.01813	0.00749	0.97439	0
96	H	0.01813	0.00748	0.97439	0
97	L	0.01813	0.00747	0.97440	0
98	K	0.01813	0.00747	0.97440	0
99	T	0.01813	0.00625	0.97562	0
100	D	0.01813	0.00499	0.97689	0
101	D	0.01812	0.00267	0.97920	0
102	Q	0.01773	0.00179	0.98047	0
103	D	0.00663	0.00046	0.99291	0
104	I	0.00849	0.00029	0.99121	0
105	Y	0.93493	0.00029	0.06478	0
106	K	0.97437	0.00029	0.02534	0
107	V	0.97438	4e-05	0.02558	0
108	S	0.97438	4e-05	0.02558	0
109	I	0.97438	4e-05	0.02558	0
110	Y	0.97438	4e-05	0.02558	0
111	D	0.97438	4e-05	0.02558	0
112	T	0.97438	4e-05	0.02558	0
113	K	0.97438	4e-05	0.02558	0
114	G	0.97439	4e-05	0.02557	0
115	K	0.97439	4e-05	0.02557	0
116	N	0.97440	4e-05	0.02556	0
117	V	0.97439	4e-05	0.02556	0
118	L	0.97451	4e-05	0.02545	0
119	E	0.97452	4e-05	0.02544	0
120	K	0.97820	5e-05	0.02176	0
121	I	0.97543	5e-05	0.02452	0
122	F	0.97594	0.00046	0.02360	0
123	D	0.97692	0.01796	0.00512	0
124	L	0.97088	0.01804	0.01108	0
125	K	0.88051	0.01817	0.10133	0
126	I	0.64374	0.01817	0.33809	0
127	Q	0.64283	0.01817	0.33900	0
128	E	0.55469	0.01817	0.42714	0
129	R	0.53386	0.01816	0.44798	0
130	V	0.00894	0.01815	0.97291	0
131	S	0.00745	0.01815	0.97440	0
132	K	0.00742	0.01815	0.97443	0
133	P	0.00689	0.01814	0.97496	0
134	K	0.00294	0.01813	0.97894	0
135	I	0.00116	0.01782	0.98102	0
136	S	0.00104	0.00768	0.99128	0
137	W	0.00066	0.00319	0.99614	0
138	T	0.00052	0.001	0.99849	0
139	C	0.00000	0.00089	0.99911	0
140	I	0.00000	0.00032	0.99968	0
141	N	0.00000	0.00138	0.99862	0
142	T	0.00000	0.00168	0.99832	0
143	T	0.00000	0.00201	0.99799	0
144	L	0.00000	0.00222	0.99778	0
145	T	0.00000	0.0657	0.93430	0
146	C	0.00000	0.28906	0.71094	0
147	E	0.00000	0.34067	0.65933	0
148	V	0.00000	0.34406	0.65594	0
149	M	0.00000	0.36455	0.63545	0
150	N	0.00000	0.70509	0.29490	0
151	G	0.00000	0.78498	0.21502	0
152	T	0.00001	0.95157	0.04843	0
153	D	0.00001	0.97972	0.02028	0
154	P	0.00004	0.98012	0.01984	0
155	E	0.00004	0.98062	0.01934	0
156	L	0.00004	0.98065	0.01931	0
157	N	0.00005	0.98108	0.01887	0
158	L	0.00006	0.98112	0.01882	0
159	Y	0.00016	0.98127	0.01857	0
160	Q	0.01721	0.98178	0.00101	0
161	D	0.01781	0.98183	0.00036	0
162	G	0.01784	0.98183	0.00032	0
163	K	0.01800	0.98182	0.00018	0
164	H	0.01803	0.98159	0.00039	0
165	L	0.01803	0.84633	0.13563	0
166	K	0.01812	0.84556	0.13633	0
167	L	0.01812	0.84184	0.14004	0
168	S	0.01816	0.84109	0.14075	0
169	Q	0.01800	0.82876	0.15324	0
170	R	0.01771	0.02725	0.95503	0
171	V	0.01575	0.00334	0.98091	0
172	I	0.01510	0.00128	0.98362	0
173	T	0.01503	0.00121	0.98376	0
174	H	0.01497	0.00116	0.98387	0
175	K	0.01497	0.00116	0.98387	0
176	W	0.01455	0.0011	0.98435	0
177	T	0.01454	0.00109	0.98436	0
178	T	0.01440	0.00087	0.98473	0
179	S	0.01434	0.00087	0.98479	0
180	L	0.01070	0.00087	0.98843	0
181	S	0.00447	0.00087	0.99466	0
182	A	0.00151	0.00087	0.99762	0
183	K	0.00119	0.00087	0.99794	0
184	F	0.00000	0.00087	0.99913	0
185	K	0.00063	0.00087	0.99850	0
186	C	0.00135	0.00087	0.99778	0
187	T	0.06225	0.00087	0.93688	0
188	A	0.12296	0.00087	0.87617	0
189	G	0.13484	0.00097	0.86420	0
190	N	0.30250	0.00135	0.69615	0
191	K	0.35935	0.00169	0.63896	0
192	V	0.37979	0.00187	0.61834	0
193	S	0.84367	0.0032	0.15313	0
194	K	0.96969	0.00406	0.02625	0
195	E	0.98042	0.00414	0.01544	0
196	S	0.98068	0.00416	0.01516	0
197	S	0.98068	0.00419	0.01513	0
198	V	0.98068	0.00425	0.01507	0
199	E	0.98096	0.0052	0.01384	0
200	P	0.98096	0.00543	0.01361	0
201	V	0.98096	0.00574	0.01330	0
202	S	0.98096	0.00976	0.00928	0
203	C	0.98096	0.01641	0.00263	0
204	P	0.98096	0.01823	0.00081	0
205	E	0.98096	0.01896	0.00008	0
206	K	0.98096	0.01902	0.00001	0
207	G	0.98096	0.01895	0.00009	0
208	L	0.98096	0.01732	0.00171	0
209	D	0.98096	0.01689	0.00215	0
210	I	0.10221	0.00255	0.89525	0
211	Y	0.10114	0.00184	0.89702	0
212	L	0.01133	0.00011	0.98856	0
213	I	0.00036	0	0.99963	0
214	I	0.00001	0	0.99999	0
215	G	0.00000	0	1.00000	0
216	I	0.00000	0	1.00000	0
217	C	0.00000	0	1.00000	0
218	G	0.00000	0	1.00000	0
219	G	0.00000	0	1.00000	0
220	G	0.00000	0	1.00000	0
221	S	0.00000	0	1.00000	0
222	L	0.00000	0	1.00000	0
223	L	0.00000	0	1.00000	0
224	M	0.00000	0	1.00000	0
225	V	0.00000	0	1.00000	0
226	F	0.00000	0	1.00000	0
227	V	0.00004	0	0.99996	0
228	A	0.00020	0	0.99980	0
229	L	0.00057	0	0.99942	0
230	L	0.00228	0.0001	0.99762	0
231	V	0.00486	0.00264	0.99251	0
232	F	0.00643	0.01812	0.97545	0
233	Y	0.00787	0.16566	0.82646	0
234	I	0.01164	0.30601	0.68235	0
235	T	0.01808	0.77177	0.21015	0
236	K	0.01903	0.97873	0.00224	0
237	R	0.01904	0.9809	0.00007	0
238	K	0.01904	0.98096	0.00000	0
239	K	0.01904	0.98096	0.00000	0
240	Q	0.01904	0.98096	0.00000	0
241	R	0.01904	0.98096	0.00000	0
242	S	0.01904	0.98096	0.00000	0
243	R	0.01904	0.98096	0.00000	0
244	R	0.01904	0.98096	0.00000	0
245	N	0.01904	0.98096	0.00000	0
246	D	0.01904	0.98096	0.00000	0
247	E	0.01904	0.98096	0.00000	0
248	E	0.01904	0.98096	0.00000	0
249	L	0.01904	0.98096	0.00000	0
250	E	0.01904	0.98096	0.00000	0
251	T	0.01904	0.98096	0.00000	0
252	R	0.01904	0.98096	0.00000	0
253	A	0.01904	0.98096	0.00000	0
254	H	0.01904	0.98096	0.00000	0
255	R	0.01904	0.98096	0.00000	0
256	V	0.01904	0.98096	0.00000	0
257	A	0.01904	0.98092	0.00005	0
258	T	0.01904	0.98092	0.00005	0
259	E	0.01904	0.98079	0.00017	0
260	E	0.01904	0.97226	0.00870	0
261	R	0.01869	0.97029	0.01103	0
262	G	0.01835	0.96772	0.01393	0
263	R	0.01835	0.94586	0.03579	0
264	K	0.01835	0.87312	0.10854	0
265	P	0.01835	0.81107	0.17058	0
266	H	0.01834	0.43076	0.55090	0
267	Q	0.01827	0.30583	0.67590	0
268	I	0.01816	0.00684	0.97500	0
269	P	0.01814	0.00327	0.97860	0
270	A	0.01814	9e-05	0.98177	0
271	S	0.01814	6e-05	0.98180	0
272	T	0.01814	6e-05	0.98180	0
273	P	0.01814	6e-05	0.98181	0
274	Q	0.01814	2e-05	0.98184	0
275	N	0.01814	1e-05	0.98185	0
276	P	0.01813	0	0.98186	0
277	A	0.01814	0	0.98186	0
278	T	0.01816	0	0.98184	0
279	S	0.01841	0	0.98159	0
280	Q	0.02135	3e-05	0.97862	0
281	H	0.02197	8e-05	0.97795	0
282	P	0.02722	0.00032	0.97246	0
283	P	0.03635	0.00049	0.96317	0
284	P	0.04511	0.0006	0.95428	0
285	P	0.06091	0.00067	0.93842	0
286	P	0.10837	0.0007	0.89093	0
287	G	0.15364	0.0007	0.84567	0
288	H	0.29657	0.00067	0.70277	0
289	R	0.99903	0.00072	0.00025	0
290	S	0.99903	0.00074	0.00024	0
291	Q	0.99903	0.00076	0.00021	0
292	A	0.99903	0.00077	0.00020	0
293	P	0.99903	0.00082	0.00015	0
294	S	0.99903	0.00082	0.00015	0
295	H	0.99903	0.00082	0.00014	0
296	R	0.99909	0.00083	0.00008	0
297	P	0.99909	0.00083	0.00008	0
298	P	0.99909	0.00083	0.00008	0
299	P	0.99909	0.00083	0.00008	0
300	P	0.99909	0.00081	0.00010	0
301	G	0.99909	0.00071	0.00020	0
302	H	0.99909	0.00045	0.00045	0
303	R	0.99910	0.00036	0.00054	0
304	V	0.99910	0.00036	0.00054	0
305	Q	0.99910	0.00036	0.00054	0
306	H	0.99910	0.00036	0.00054	0
307	Q	0.99910	0.0003	0.00060	0
308	P	0.99910	0.00027	0.00063	0
309	Q	0.99916	0.00026	0.00058	0
310	K	0.99917	0.00025	0.00059	0
311	R	0.99917	0.00024	0.00059	0
312	P	0.99917	0.00024	0.00059	0
313	P	0.99917	0.00024	0.00059	0
314	A	0.99917	0.00024	0.00059	0
315	P	0.99917	0.00024	0.00059	0
316	S	0.99917	0.00024	0.00059	0
317	G	0.99917	0.00024	0.00059	0
318	T	0.99917	0.00024	0.00059	0
319	Q	0.99917	0.00024	0.00059	0
320	V	0.99917	0.00024	0.00059	0
321	H	0.99918	0.00024	0.00058	0
322	Q	0.99962	0.00024	0.00014	0
323	Q	0.99964	0.00024	0.00012	0
324	K	0.99964	0.00025	0.00012	0
325	G	0.99964	0.00025	0.00012	0
326	P	0.99964	0.00025	0.00012	0
327	P	0.99964	0.00025	0.00012	0
328	L	0.99964	0.00022	0.00014	0
329	P	0.99964	0.00021	0.00015	0
330	R	0.99975	0.00017	0.00008	0
331	P	0.99975	0.00016	0.00009	0
332	R	0.99975	0	0.00025	0
333	V	0.99975	0	0.00025	0
334	Q	0.99975	0	0.00025	0
335	P	0.99975	0	0.00025	0
336	K	0.99975	0	0.00025	0
337	P	0.99975	0	0.00025	0
338	P	0.99975	0	0.00025	0
339	H	0.99975	0	0.00025	0
340	G	0.99975	0	0.00025	0
341	A	0.99975	0	0.00025	0
342	A	0.99975	0	0.00025	0
343	E	0.99975	0	0.00025	0
344	N	0.99975	0	0.00025	0
345	S	0.99975	0	0.00025	0
346	L	0.99975	0	0.00025	0
347	S	0.99975	0	0.00025	0
348	P	0.99975	0	0.00025	0
349	S	0.99976	0	0.00024	0
350	S	0.99978	0	0.00022	0
351	N	1.00000	0	0.00000	0
