# UNNAMED
#pos	aa	i	o	M	S
1	M	0.00000	0.59534	0.00000	0.40466
2	L	0.00000	0.59534	0.00000	0.40466
3	G	0.00000	0.59534	0.00000	0.40466
4	S	0.00000	0.59534	0.00000	0.40466
5	L	0.00000	0.59534	0.00000	0.40465
6	G	0.00000	0.59534	0.00000	0.40465
7	L	0.00000	0.59534	0.00000	0.40465
8	W	0.00000	0.59534	0.00000	0.40465
9	A	0.00000	0.59534	0.00000	0.40465
10	L	0.00000	0.59534	0.00000	0.40465
11	L	0.00000	0.59534	0.00000	0.40466
12	P	0.00000	0.59534	0.00000	0.40466
13	T	0.00000	0.59534	0.00000	0.40466
14	A	0.00000	0.703	0.00000	0.297
15	V	0.00000	0.70391	0.00000	0.29608
16	E	0.00000	0.70436	0.00000	0.29564
17	A	0.00000	0.75232	0.00000	0.24768
18	P	0.00000	0.99806	0.00000	0.00193
19	P	0.00000	0.99806	0.00000	0.00194
20	N	0.00000	0.99965	0.00000	0.00035
21	R	0.00000	0.99965	0.00000	0.00035
22	R	0.00000	0.99965	0.00000	0.00035
23	T	0.00000	0.99974	0.00005	0.00021
24	C	0.00000	0.9998	0.00006	0.00014
25	V	0.00000	0.99984	0.00006	0.0001
26	F	0.00000	0.99987	0.00006	6e-05
27	F	0.00000	0.99988	0.00006	6e-05
28	E	0.00000	0.99989	0.00006	5e-05
29	A	0.00000	0.99988	0.00007	5e-05
30	P	0.00000	0.99988	0.00007	5e-05
31	G	0.00000	0.99988	0.00007	5e-05
32	V	0.00000	0.99988	0.00007	5e-05
33	R	0.00000	0.99988	0.00007	5e-05
34	G	0.00000	0.99988	0.00007	5e-05
35	S	0.00000	0.99993	0.00007	0
36	T	0.00000	0.99993	0.00007	0
37	K	0.00000	0.99993	0.00007	0
38	T	0.00000	0.99993	0.00007	0
39	L	0.00000	0.99993	0.00007	0
40	G	0.00000	0.99993	0.00007	0
41	E	0.00000	0.99993	0.00007	0
42	L	0.00001	0.99993	0.00006	0
43	L	0.00001	0.99993	0.00006	0
44	D	0.00006	0.99993	0.00001	0
45	T	0.00006	0.99993	0.00001	0
46	G	0.00006	0.99993	0.00001	0
47	T	0.00006	0.99993	0.00001	0
48	E	0.00006	0.99993	0.00001	0
49	L	0.00006	0.99993	0.00001	0
50	P	0.00007	0.99993	0.00001	0
51	R	0.00007	0.99993	0.00001	0
52	A	0.00006	0.99993	0.00001	0
53	I	0.00002	0.99993	0.00005	0
54	R	0.00002	0.99993	0.00005	0
55	C	0.00001	0.99993	0.00006	0
56	L	0.00001	0.99993	0.00006	0
57	Y	0.00001	0.99993	0.00006	0
58	S	0.00001	0.99993	0.00006	0
59	R	0.00001	0.99993	0.00006	0
60	C	0.00000	0.99993	0.00007	0
61	C	0.00000	0.99993	0.00007	0
62	F	0.00000	0.99993	0.00007	0
63	G	0.00000	0.99993	0.00007	0
64	I	0.00000	0.99993	0.00007	0
65	W	0.00000	0.99993	0.00007	0
66	N	0.00000	0.99993	0.00007	0
67	L	0.00000	0.99993	0.00007	0
68	T	0.00000	0.99993	0.00007	0
69	Q	0.00000	0.99993	0.00007	0
70	D	0.00000	0.99993	0.00007	0
71	R	0.00000	0.99993	0.00007	0
72	A	0.00000	0.99993	0.00007	0
73	Q	0.00000	0.99994	0.00006	0
74	V	0.00000	0.99995	0.00005	0
75	E	0.00000	0.99995	0.00005	0
76	M	0.00000	0.99996	0.00004	0
77	Q	0.00000	0.99998	0.00002	0
78	G	0.00000	0.99999	0.00001	0
79	C	0.00000	1	0.00000	0
80	R	0.00000	1	0.00000	0
81	D	0.00000	1	0.00000	0
82	S	0.00000	1	0.00000	0
83	D	0.00000	1	0.00000	0
84	E	0.00000	1	0.00000	0
85	P	0.00000	1	0.00000	0
86	G	0.00000	1	0.00000	0
87	C	0.00000	1	0.00000	0
88	E	0.00000	1	0.00000	0
89	S	0.00000	1	0.00000	0
90	L	0.00000	1	0.00000	0
91	H	0.00000	1	0.00000	0
92	C	0.00000	1	0.00000	0
93	D	0.00000	1	0.00000	0
94	P	0.00000	1	0.00000	0
95	S	0.00000	1	0.00000	0
96	P	0.00000	0.99999	0.00001	0
97	R	0.00000	0.99997	0.00003	0
98	A	0.00000	0.99995	0.00005	0
99	H	0.00000	0.99995	0.00005	0
100	P	0.00000	0.99994	0.00006	0
101	S	0.00000	0.99991	0.00009	0
102	P	0.00000	0.99985	0.00015	0
103	G	0.00000	0.99953	0.00047	0
104	S	0.00000	0.99892	0.00108	0
105	T	0.00000	0.99882	0.00118	0
106	L	0.00000	0.99881	0.00119	0
107	F	0.00000	0.99881	0.00119	0
108	T	0.00000	0.99881	0.00119	0
109	C	0.00000	0.99881	0.00119	0
110	S	0.00000	0.99881	0.00119	0
111	C	0.00000	0.99881	0.00119	0
112	G	0.00000	0.99881	0.00119	0
113	T	0.00000	0.99881	0.00119	0
114	D	0.00000	0.99881	0.00119	0
115	F	0.00000	0.99881	0.00119	0
116	C	0.00000	0.99881	0.00119	0
117	N	0.00000	0.99881	0.00119	0
118	A	0.00000	0.99881	0.00119	0
119	N	0.00004	0.99881	0.00116	0
120	Y	0.00004	0.99878	0.00118	0
121	S	0.00004	0.99877	0.00119	0
122	H	0.00004	0.99873	0.00123	0
123	L	0.00004	0.99873	0.00123	0
124	P	0.00028	0.99873	0.00100	0
125	P	0.00117	0.99872	0.00010	0
126	P	0.00118	0.99872	0.00010	0
127	G	0.00119	0.99871	0.00010	0
128	S	0.00119	0.99863	0.00018	0
129	P	0.00119	0.99856	0.00025	0
130	G	0.00119	0.99852	0.00029	0
131	T	0.00119	0.99847	0.00033	0
132	P	0.00119	0.99847	0.00034	0
133	G	0.00119	0.99847	0.00034	0
134	S	0.00119	0.99847	0.00034	0
135	Q	0.00119	0.99847	0.00034	0
136	G	0.00119	0.99847	0.00034	0
137	P	0.00119	0.99846	0.00035	0
138	Q	0.00119	0.99845	0.00035	0
139	A	0.00118	0.99844	0.00037	0
140	A	0.00119	0.99844	0.00037	0
141	P	0.00123	0.99844	0.00033	0
142	G	0.00100	0.9964	0.00260	0
143	E	0.00033	0.99238	0.00729	0
144	S	0.00019	0.82991	0.16990	0
145	I	0.00009	0.24711	0.75280	0
146	W	0.00009	0.11078	0.88914	0
147	M	0.00008	0.0867	0.91321	0
148	A	0.00008	0.02734	0.97258	0
149	L	0.00009	0.00798	0.99193	0
150	V	0.00023	0.0023	0.99747	0
151	L	0.00026	0.00043	0.99931	0
152	L	0.00026	0.00012	0.99963	0
153	G	0.00025	6e-05	0.99968	0
154	L	0.00016	2e-05	0.99983	0
155	F	0.00006	0	0.99994	0
156	L	0.00002	0	0.99998	0
157	L	0.00000	0	1.00000	0
158	L	0.00000	0	1.00000	0
159	L	0.00001	0	0.99999	0
160	L	0.00002	0	0.99998	0
161	L	0.00004	0	0.99996	0
162	L	0.00004	1e-05	0.99995	0
163	G	0.00005	2e-05	0.99993	0
164	S	0.00005	3e-05	0.99993	0
165	I	0.00002	3e-05	0.99995	0
166	I	0.00001	4e-05	0.99995	0
167	L	0.00000	8e-05	0.99992	0
168	A	0.00000	0.00021	0.99979	0
169	L	0.00030	0.00027	0.99944	0
170	L	0.04984	0.00069	0.94946	0
171	Q	0.88496	0.00118	0.11387	0
172	R	0.97925	0.00126	0.01949	0
173	K	0.99376	0.0013	0.00493	0
174	N	0.99534	0.00141	0.00325	0
175	Y	0.99570	0.00145	0.00285	0
176	R	0.99783	0.00151	0.00066	0
177	V	0.99830	0.00151	0.00019	0
178	R	0.99842	0.00153	0.00005	0
179	G	0.99842	0.00153	0.00005	0
180	E	0.99842	0.00153	0.00005	0
181	P	0.99842	0.00153	0.00005	0
182	V	0.99842	0.00153	0.00005	0
183	P	0.99842	0.00153	0.00005	0
184	E	0.99842	0.00155	0.00003	0
185	P	0.99842	0.00155	0.00002	0
186	R	0.99842	0.00158	0.00000	0
187	P	0.99841	0.00158	0.00001	0
188	D	0.79852	0.00152	0.19996	0
189	S	0.06828	0.00144	0.93028	0
190	G	0.00735	0.00138	0.99127	0
191	R	0.00372	0.00127	0.99502	0
192	D	0.00111	0.00127	0.99763	0
193	W	0.00024	0.00127	0.99849	0
194	S	0.00008	0.00126	0.99866	0
195	V	0.00001	0.00126	0.99873	0
196	E	0.00000	0.00126	0.99874	0
197	L	0.00000	0.00126	0.99874	0
198	Q	0.00000	0.00126	0.99874	0
199	E	0.00000	0.00126	0.99874	0
200	L	0.00000	0.00126	0.99874	0
201	P	0.00000	0.00126	0.99874	0
202	E	0.00000	0.00126	0.99874	0
203	L	0.00000	0.00126	0.99874	0
204	C	0.00000	0.00126	0.99874	0
205	F	0.00000	0.00122	0.99878	0
206	S	0.00000	0.0017	0.99830	0
207	Q	0.00000	0.0017	0.99830	0
208	V	0.00000	0.00172	0.99828	0
209	I	0.00000	0.002	0.99800	0
210	R	0.00000	0.77728	0.22272	0
211	E	0.00001	0.92776	0.07223	0
212	G	0.00030	0.98439	0.01531	0
213	G	0.00031	0.99323	0.00646	0
214	H	0.00031	0.99785	0.00184	0
215	A	0.00031	0.99788	0.00181	0
216	V	0.00031	0.99791	0.00178	0
217	V	0.00031	0.99798	0.00171	0
218	W	0.00031	0.99804	0.00164	0
219	A	0.00032	0.99806	0.00162	0
220	G	0.00032	0.99804	0.00164	0
221	Q	0.00032	0.99797	0.00171	0
222	L	0.00032	0.99746	0.00222	0
223	Q	0.00032	0.99721	0.00247	0
224	G	0.00032	0.99704	0.00264	0
225	K	0.00034	0.99697	0.00270	0
226	L	0.00045	0.99674	0.00281	0
227	V	0.00081	0.99674	0.00245	0
228	A	0.00108	0.99674	0.00218	0
229	I	0.00109	0.99674	0.00218	0
230	K	0.00115	0.99674	0.00211	0
231	A	0.00115	0.99673	0.00212	0
232	F	0.00115	0.99673	0.00212	0
233	P	0.00121	0.99673	0.00206	0
234	P	0.00121	0.99672	0.00207	0
235	R	0.00121	0.9948	0.00399	0
236	S	0.00121	0.99274	0.00605	0
237	V	0.00121	0.97478	0.02401	0
238	A	0.00121	0.97423	0.02456	0
239	Q	0.00121	0.97423	0.02456	0
240	F	0.00139	0.97423	0.02438	0
241	Q	0.00140	0.97423	0.02437	0
242	A	0.00150	0.97423	0.02427	0
243	E	0.00164	0.97423	0.02413	0
244	R	0.00208	0.97423	0.02369	0
245	A	0.00180	0.97423	0.02397	0
246	L	0.00184	0.97425	0.02390	0
247	Y	0.00184	0.9744	0.02376	0
248	E	0.00186	0.97454	0.02360	0
249	L	0.00187	0.97454	0.02359	0
250	P	0.00187	0.97454	0.02359	0
251	G	0.00187	0.97438	0.02375	0
252	L	0.00187	0.97146	0.02667	0
253	Q	0.00187	0.97015	0.02798	0
254	H	0.00187	0.96558	0.03256	0
255	D	0.00187	0.33089	0.66724	0
256	H	0.00191	0.01058	0.98751	0
257	I	0.00968	0.00284	0.98748	0
258	V	0.02271	0.00235	0.97494	0
259	R	0.02386	0.00227	0.97388	0
260	F	0.02394	0.00224	0.97382	0
261	I	0.02258	0.00056	0.97686	0
262	T	0.02254	0.0004	0.97706	0
263	A	0.02252	0.00034	0.97714	0
264	S	0.02252	0.00124	0.97624	0
265	R	0.02252	0.00136	0.97611	0
266	G	0.02252	0.00138	0.97610	0
267	G	0.02252	0.00138	0.97610	0
268	P	0.02251	0.00138	0.97610	0
269	G	0.02230	0.00138	0.97633	0
270	R	0.02032	0.00137	0.97831	0
271	L	0.01394	0.00137	0.98469	0
272	L	0.00971	0.00137	0.98892	0
273	S	0.00823	0.00137	0.99039	0
274	G	0.01719	0.00137	0.98143	0
275	P	0.96903	0.00137	0.02960	0
276	L	0.96654	0.00137	0.03208	0
277	L	0.96638	0.00138	0.03224	0
278	V	0.96632	0.00139	0.03229	0
279	L	0.96632	0.00144	0.03224	0
280	E	0.96632	0.0018	0.03188	0
281	L	0.96901	0.00188	0.02911	0
282	H	0.97149	0.00278	0.02573	0
283	P	0.97425	0.00313	0.02261	0
284	K	0.97425	0.00323	0.02252	0
285	G	0.97424	0.00323	0.02253	0
286	S	0.97341	0.00323	0.02337	0
287	L	0.94345	0.00323	0.05332	0
288	C	0.93559	0.00324	0.06117	0
289	H	0.93553	0.00326	0.06121	0
290	Y	0.93509	0.00328	0.06163	0
291	L	0.93485	0.00357	0.06158	0
292	T	0.93480	0.00758	0.05762	0
293	Q	0.93412	0.01136	0.05452	0
294	Y	0.11930	0.01954	0.86116	0
295	T	0.03218	0.02158	0.94624	0
296	S	0.01245	0.02293	0.96461	0
297	D	0.00809	0.02452	0.96739	0
298	W	0.00463	0.02427	0.97110	0
299	G	0.00035	0.02426	0.97539	0
300	S	0.00012	0.02425	0.97563	0
301	S	0.00003	0.02425	0.97572	0
302	L	0.00001	0.02425	0.97574	0
303	R	0.00001	0.02425	0.97574	0
304	M	0.00001	0.02425	0.97574	0
305	A	0.00001	0.02425	0.97573	0
306	L	0.00001	0.02442	0.97557	0
307	S	0.00001	0.03611	0.96388	0
308	L	0.00001	0.05376	0.94623	0
309	A	0.00001	0.05798	0.94201	0
310	Q	0.00001	0.06291	0.93708	0
311	G	0.00001	0.0632	0.93678	0
312	L	0.00001	0.06325	0.93674	0
313	A	0.00001	0.06416	0.93582	0
314	F	0.00001	0.08713	0.91286	0
315	L	0.00005	0.29685	0.70309	0
316	H	0.00067	0.7737	0.22563	0
317	E	0.00121	0.99074	0.00805	0
318	E	0.00123	0.9972	0.00156	0
319	R	0.00125	0.99805	0.00070	0
320	W	0.00125	0.99819	0.00056	0
321	Q	0.00149	0.9985	0.00001	0
322	N	0.00149	0.99851	0.00000	0
323	G	0.00149	0.99851	0.00000	0
324	Q	0.00149	0.99851	0.00000	0
325	Y	0.00149	0.99851	0.00000	0
326	K	0.00149	0.99851	0.00000	0
327	P	0.00149	0.99851	0.00000	0
328	G	0.00149	0.99851	0.00000	0
329	I	0.00149	0.99851	0.00000	0
330	A	0.00149	0.99851	0.00000	0
331	H	0.00149	0.99851	0.00000	0
332	R	0.00149	0.99851	0.00000	0
333	D	0.00149	0.99851	0.00000	0
334	L	0.00149	0.99851	0.00000	0
335	S	0.00149	0.99851	0.00000	0
336	S	0.00149	0.99851	0.00000	0
337	Q	0.00149	0.99846	0.00005	0
338	N	0.00149	0.99655	0.00195	0
339	V	0.00149	0.96066	0.03785	0
340	L	0.00149	0.96062	0.03789	0
341	I	0.00149	0.96062	0.03789	0
342	R	0.00149	0.96062	0.03789	0
343	E	0.00149	0.96062	0.03789	0
344	D	0.00149	0.96062	0.03789	0
345	G	0.00118	0.95219	0.04663	0
346	S	0.00012	0.29174	0.70814	0
347	C	0.00012	0.29159	0.70829	0
348	A	0.00012	0.25708	0.74279	0
349	I	0.00012	0.25704	0.74283	0
350	G	0.00012	0.25703	0.74284	0
351	D	0.00012	0.25703	0.74284	0
352	L	0.00008	0.2493	0.75062	0
353	G	0.00008	0.24881	0.75110	0
354	L	0.00007	0.0181	0.98182	0
355	A	0.00007	0.00026	0.99967	0
356	L	0.00007	0.00019	0.99974	0
357	V	0.00007	0.00011	0.99982	0
358	L	0.00007	7e-05	0.99985	0
359	P	0.00044	3e-05	0.99954	0
360	G	0.00087	0	0.99913	0
361	L	0.00260	0	0.99740	0
362	T	0.02570	0	0.97430	0
363	Q	0.03747	0	0.96253	0
364	P	0.03774	0	0.96226	0
365	P	0.03790	1e-05	0.96209	0
366	A	0.03792	3e-05	0.96205	0
367	W	0.03806	0.00024	0.96170	0
368	T	0.06329	0.00081	0.93590	0
369	P	0.12811	0.00102	0.87087	0
370	T	0.22927	0.00119	0.76954	0
371	Q	0.73355	0.00136	0.26510	0
372	P	0.74129	0.00137	0.25734	0
373	Q	0.74155	0.00138	0.25706	0
374	G	0.74157	0.00138	0.25705	0
375	P	0.74177	0.00139	0.25684	0
376	A	0.74184	0.00139	0.25677	0
377	A	0.74220	0.00139	0.25642	0
378	I	0.74906	0.00139	0.24955	0
379	M	0.83084	0.0014	0.16777	0
380	E	0.96390	0.00142	0.03468	0
381	A	0.98903	0.00142	0.00955	0
382	G	0.99719	0.00141	0.00140	0
383	T	0.99849	0.00115	0.00036	0
384	Q	0.99858	0.00087	0.00055	0
385	R	0.99858	0.0008	0.00062	0
386	Y	0.99858	0.00018	0.00124	0
387	M	0.99858	0	0.00142	0
388	A	0.99858	0	0.00142	0
389	P	0.99858	0	0.00142	0
390	E	0.99858	0	0.00142	0
391	L	0.99858	0	0.00142	0
392	L	0.99858	0	0.00142	0
393	D	0.99858	0	0.00142	0
394	K	0.99858	0	0.00142	0
395	T	0.99858	0	0.00142	0
396	L	0.99858	0	0.00142	0
397	D	0.99858	0	0.00142	0
398	L	0.99858	0	0.00142	0
399	Q	0.99858	0	0.00142	0
400	D	0.99858	0	0.00142	0
401	W	0.99462	0	0.00538	0
402	G	0.83200	0	0.16800	0
403	M	0.57486	0	0.42514	0
404	A	0.00009	0	0.99991	0
405	L	0.00014	0	0.99986	0
406	R	0.00150	0	0.99850	0
407	R	0.00150	0	0.99850	0
408	A	0.00150	0	0.99850	0
409	D	0.00150	0	0.99850	0
410	I	0.00150	0	0.99850	0
411	Y	0.00150	0	0.99850	0
412	S	0.00150	0	0.99850	0
413	L	0.00150	0	0.99850	0
414	A	0.00150	0	0.99850	0
415	L	0.00150	0	0.99850	0
416	L	0.00150	0	0.99850	0
417	L	0.00150	0	0.99850	0
418	W	0.00150	0	0.99850	0
419	E	0.00150	0	0.99850	0
420	I	0.00150	1e-05	0.99849	0
421	L	0.00150	0.00102	0.99748	0
422	S	0.00150	0.08539	0.91311	0
423	R	0.00150	0.62238	0.37612	0
424	C	0.00150	0.86047	0.13803	0
425	P	0.00150	0.93548	0.06302	0
426	D	0.00150	0.99683	0.00167	0
427	L	0.00150	0.99701	0.00149	0
428	R	0.00150	0.99845	0.00005	0
429	P	0.00150	0.99846	0.00004	0
430	D	0.00150	0.99846	0.00004	0
431	S	0.00150	0.99846	0.00004	0
432	S	0.00150	0.99846	0.00004	0
433	P	0.00150	0.99844	0.00006	0
434	P	0.00150	0.99784	0.00065	0
435	P	0.00150	0.99139	0.00711	0
436	F	0.00150	0.88971	0.10879	0
437	Q	0.00150	0.63205	0.36645	0
438	L	0.00150	0.2381	0.76040	0
439	A	0.00150	0.02483	0.97367	0
440	Y	0.00150	7e-05	0.99843	0
441	E	0.00150	0	0.99850	0
442	A	0.00150	0	0.99850	0
443	E	0.00150	0	0.99850	0
444	L	0.00150	0	0.99850	0
445	G	0.00150	0	0.99850	0
446	N	0.00150	0	0.99850	0
447	T	0.00150	0	0.99850	0
448	P	0.00150	0	0.99850	0
449	T	0.00153	0	0.99847	0
450	S	0.00154	0	0.99846	0
451	D	0.00154	0	0.99846	0
452	E	0.00154	0	0.99846	0
453	L	0.00154	0	0.99846	0
454	W	0.00154	0	0.99846	0
455	A	0.00154	0	0.99846	0
456	L	0.00154	0	0.99846	0
457	A	0.00154	0	0.99846	0
458	V	0.10699	0	0.89301	0
459	Q	0.99922	0	0.00078	0
460	E	1.00000	0	0.00000	0
461	R	1.00000	0	0.00000	0
462	R	1.00000	0	0.00000	0
463	R	1.00000	0	0.00000	0
464	P	1.00000	0	0.00000	0
465	Y	1.00000	0	0.00000	0
466	I	1.00000	0	0.00000	0
467	P	1.00000	0	0.00000	0
468	S	1.00000	0	0.00000	0
469	T	1.00000	0	0.00000	0
470	W	1.00000	0	0.00000	0
471	R	1.00000	0	0.00000	0
472	C	1.00000	0	0.00000	0
473	F	1.00000	0	0.00000	0
474	A	1.00000	0	0.00000	0
475	T	1.00000	0	0.00000	0
476	D	1.00000	0	0.00000	0
477	P	1.00000	0	0.00000	0
478	D	1.00000	0	0.00000	0
479	G	1.00000	0	0.00000	0
480	L	1.00000	0	0.00000	0
481	R	1.00000	0	0.00000	0
482	E	1.00000	0	0.00000	0
483	L	1.00000	0	0.00000	0
484	L	1.00000	0	0.00000	0
485	E	1.00000	0	0.00000	0
486	D	1.00000	0	0.00000	0
487	C	1.00000	0	0.00000	0
488	W	1.00000	0	0.00000	0
489	D	1.00000	0	0.00000	0
490	A	1.00000	0	0.00000	0
491	D	1.00000	0	0.00000	0
492	P	1.00000	0	0.00000	0
493	E	1.00000	0	0.00000	0
494	A	1.00000	0	0.00000	0
495	R	1.00000	0	0.00000	0
496	L	1.00000	0	0.00000	0
497	T	1.00000	0	0.00000	0
498	A	1.00000	0	0.00000	0
499	E	1.00000	0	0.00000	0
500	C	1.00000	0	0.00000	0
501	V	1.00000	0	0.00000	0
502	Q	1.00000	0	0.00000	0
503	Q	1.00000	0	0.00000	0
504	R	1.00000	0	0.00000	0
505	L	1.00000	0	0.00000	0
506	A	1.00000	0	0.00000	0
507	A	1.00000	0	0.00000	0
508	L	1.00000	0	0.00000	0
509	A	1.00000	0	0.00000	0
510	H	1.00000	0	0.00000	0
511	P	1.00000	0	0.00000	0
512	Q	1.00000	0	0.00000	0
513	E	1.00000	0	0.00000	0
514	S	1.00000	0	0.00000	0
515	H	1.00000	0	0.00000	0
516	P	1.00000	0	0.00000	0
517	F	1.00000	0	0.00000	0
518	P	1.00000	0	0.00000	0
519	E	1.00000	0	0.00000	0
520	S	1.00000	0	0.00000	0
521	C	1.00000	0	0.00000	0
522	P	1.00000	0	0.00000	0
523	R	1.00000	0	0.00000	0
524	G	1.00000	0	0.00000	0
525	C	1.00000	0	0.00000	0
526	P	1.00000	0	0.00000	0
527	P	1.00000	0	0.00000	0
528	L	1.00000	0	0.00000	0
529	C	1.00000	0	0.00000	0
530	P	1.00000	0	0.00000	0
531	E	1.00000	0	0.00000	0
532	D	1.00000	0	0.00000	0
533	C	1.00000	0	0.00000	0
534	T	1.00000	0	0.00000	0
535	S	1.00000	0	0.00000	0
536	I	1.00000	0	0.00000	0
537	P	1.00000	0	0.00000	0
538	A	1.00000	0	0.00000	0
539	P	1.00000	0	0.00000	0
540	T	1.00000	0	0.00000	0
541	I	1.00000	0	0.00000	0
542	L	1.00000	0	0.00000	0
543	P	1.00000	0	0.00000	0
544	C	1.00000	0	0.00000	0
545	R	1.00000	0	0.00000	0
546	P	1.00000	0	0.00000	0
547	Q	1.00000	0	0.00000	0
548	R	1.00000	0	0.00000	0
549	S	1.00000	0	0.00000	0
550	A	1.00000	0	0.00000	0
551	C	1.00000	0	0.00000	0
552	H	1.00000	0	0.00000	0
553	F	1.00000	0	0.00000	0
554	S	1.00000	0	0.00000	0
555	V	1.00000	0	0.00000	0
556	Q	1.00000	0	0.00000	0
557	Q	1.00000	0	0.00000	0
558	G	1.00000	0	0.00000	0
559	P	1.00000	0	0.00000	0
560	C	1.00000	0	0.00000	0
561	S	1.00000	0	0.00000	0
562	R	1.00000	0	0.00000	0
563	N	1.00000	0	0.00000	0
564	P	1.00000	0	0.00000	0
565	Q	1.00000	0	0.00000	0
566	P	1.00000	0	0.00000	0
567	A	1.00000	0	0.00000	0
568	C	1.00000	0	0.00000	0
569	T	1.00000	0	0.00000	0
570	L	1.00000	0	0.00000	0
571	S	1.00000	0	0.00000	0
572	P	1.00000	0	0.00000	0
573	V	1.00000	0	0.00000	0
