# UNNAMED
#pos	aa	i	o	M	S
1	M	0.00000	0.99997	0.00000	3e-05
2	N	0.00000	0.99997	0.00000	3e-05
3	G	0.00000	0.99997	0.00000	3e-05
4	T	0.00000	0.99997	0.00000	3e-05
5	E	0.00000	0.99997	0.00000	4e-05
6	G	0.00000	0.99997	0.00000	3e-05
7	P	0.00000	0.99997	0.00000	3e-05
8	N	0.00000	0.99997	0.00000	3e-05
9	F	0.00000	0.99997	0.00000	3e-05
10	Y	0.00000	0.99997	0.00000	3e-05
11	V	0.00000	0.99997	0.00000	3e-05
12	P	0.00000	0.99997	0.00000	3e-05
13	F	0.00000	0.99997	0.00000	3e-05
14	S	0.00000	0.99997	0.00000	3e-05
15	N	0.00000	0.99997	0.00000	3e-05
16	A	0.00000	0.99997	0.00000	3e-05
17	T	0.00000	0.99997	0.00000	3e-05
18	G	0.00000	0.99997	0.00000	3e-05
19	V	0.00000	1	0.00000	0
20	V	0.00000	1	0.00000	0
21	R	0.00000	1	0.00000	0
22	S	0.00000	1	0.00000	0
23	P	0.00000	1	0.00000	0
24	F	0.00000	1	0.00000	0
25	E	0.00000	1	0.00000	0
26	Y	0.00000	1	0.00000	0
27	P	0.00000	1	0.00000	0
28	Q	0.00000	1	0.00000	0
29	Y	0.00000	1	0.00000	0
30	Y	0.00000	1	0.00000	0
31	L	0.00000	1	0.00000	0
32	A	0.00000	0.99999	0.00001	0
33	E	0.00000	0.99996	0.00004	0
34	P	0.00000	0.99929	0.00071	0
35	W	0.00000	0.99716	0.00284	0
36	Q	0.00000	0.99668	0.00332	0
37	F	0.00000	0.99366	0.00634	0
38	S	0.00000	0.99278	0.00722	0
39	M	0.00000	0.82293	0.17707	0
40	L	0.00000	0.48855	0.51145	0
41	A	0.00000	0.18119	0.81881	0
42	A	0.00000	0.05782	0.94218	0
43	Y	0.00000	0.01834	0.98166	0
44	M	0.00000	0.00867	0.99133	0
45	F	0.00000	0.00013	0.99987	0
46	L	0.00000	0	1.00000	0
47	L	0.00000	0	1.00000	0
48	I	0.00000	0	1.00000	0
49	V	0.00000	0	1.00000	0
50	L	0.00000	0	1.00000	0
51	G	0.00000	0	1.00000	0
52	F	0.00000	0	1.00000	0
53	P	0.00000	0	1.00000	0
54	I	0.00000	0	1.00000	0
55	N	0.00000	0	1.00000	0
56	F	0.00000	0	1.00000	0
57	L	0.00000	0	1.00000	0
58	T	0.00006	0	0.99994	0
59	L	0.00025	0	0.99975	0
60	Y	0.00229	0	0.99771	0
61	V	0.08418	0	0.91582	0
62	T	0.40724	0	0.59276	0
63	V	0.49849	0	0.50151	0
64	Q	0.98820	0	0.01180	0
65	H	0.99992	0	0.00008	0
66	K	1.00000	0	0.00000	0
67	K	1.00000	0	0.00000	0
68	L	1.00000	0	0.00000	0
69	R	1.00000	0	0.00000	0
70	T	1.00000	0	0.00000	0
71	P	1.00000	0	0.00000	0
72	L	0.34943	0	0.65057	0
73	N	0.23729	0	0.76271	0
74	Y	0.04942	0	0.95058	0
75	I	0.00025	0	0.99975	0
76	L	0.00001	0	0.99999	0
77	L	0.00000	0	1.00000	0
78	N	0.00000	0	1.00000	0
79	L	0.00000	0	1.00000	0
80	A	0.00000	0	1.00000	0
81	V	0.00000	0	1.00000	0
82	A	0.00000	0	1.00000	0
83	D	0.00000	0	1.00000	0
84	L	0.00000	0	1.00000	0
85	F	0.00000	0	1.00000	0
86	M	0.00000	0	1.00000	0
87	V	0.00000	0	1.00000	0
88	L	0.00000	0	1.00000	0
89	G	0.00000	2e-05	0.99998	0
90	G	0.00000	0.0045	0.99550	0
91	F	0.00000	0.03825	0.96175	0
92	T	0.00000	0.38425	0.61575	0
93	S	0.00000	0.66987	0.33013	0
94	T	0.00000	0.83283	0.16717	0
95	L	0.00000	0.88113	0.11887	0
96	Y	0.00000	0.95621	0.04379	0
97	T	0.00000	0.97411	0.02589	0
98	S	0.00000	0.98263	0.01737	0
99	L	0.00000	0.98783	0.01217	0
100	H	0.00000	0.99978	0.00022	0
101	G	0.00000	0.99991	0.00009	0
102	Y	0.00000	0.99994	0.00006	0
103	F	0.00000	0.99995	0.00005	0
104	V	0.00000	0.99997	0.00003	0
105	F	0.00000	0.99998	0.00002	0
106	G	0.00000	0.99999	0.00001	0
107	P	0.00000	0.99999	0.00001	0
108	T	0.00000	0.99999	0.00001	0
109	G	0.00000	0.99999	0.00001	0
110	C	0.00000	0.99999	0.00001	0
111	N	0.00000	0.99999	0.00001	0
112	L	0.00000	0.99999	0.00001	0
113	E	0.00000	0.99999	0.00001	0
114	G	0.00000	0.48044	0.51956	0
115	F	0.00000	0.03898	0.96102	0
116	F	0.00000	0.00178	0.99822	0
117	A	0.00000	0	1.00000	0
118	T	0.00000	0	1.00000	0
119	L	0.00000	0	1.00000	0
120	G	0.00000	0	1.00000	0
121	G	0.00000	0	1.00000	0
122	E	0.00000	0	1.00000	0
123	I	0.00000	0	1.00000	0
124	A	0.00000	0	1.00000	0
125	L	0.00000	0	1.00000	0
126	W	0.00000	0	1.00000	0
127	S	0.00000	0	1.00000	0
128	L	0.00000	0	1.00000	0
129	V	0.00000	0	1.00000	0
130	V	0.00000	0	1.00000	0
131	L	0.00000	0	1.00000	0
132	A	0.00000	0	1.00000	0
133	I	0.00000	0	1.00000	0
134	E	0.00017	0	0.99983	0
135	R	0.03382	0	0.96618	0
136	Y	0.36005	0	0.63995	0
137	V	0.94603	0	0.05397	0
138	V	0.99494	0	0.00506	0
139	V	0.99989	0	0.00011	0
140	C	1.00000	0	0.00000	0
141	K	1.00000	0	0.00000	0
142	P	1.00000	0	0.00000	0
143	M	1.00000	0	0.00000	0
144	S	1.00000	0	0.00000	0
145	N	1.00000	0	0.00000	0
146	F	1.00000	0	0.00000	0
147	R	1.00000	0	0.00000	0
148	F	0.99997	0	0.00003	0
149	G	0.99996	0	0.00004	0
150	E	0.99976	0	0.00024	0
151	N	0.98905	0	0.01095	0
152	H	0.78252	0	0.21748	0
153	A	0.52840	0	0.47160	0
154	I	0.07109	0	0.92891	0
155	M	0.03612	0	0.96388	0
156	G	0.01212	0	0.98788	0
157	V	0.00070	0	0.99930	0
158	A	0.00011	0	0.99989	0
159	F	0.00001	0	0.99999	0
160	T	0.00000	0	1.00000	0
161	W	0.00000	0	1.00000	0
162	V	0.00000	0	1.00000	0
163	M	0.00000	0	1.00000	0
164	A	0.00000	0	1.00000	0
165	L	0.00000	0	1.00000	0
166	A	0.00000	0	1.00000	0
167	C	0.00000	0	1.00000	0
168	A	0.00000	0	1.00000	0
169	A	0.00000	1e-05	0.99999	0
170	P	0.00000	0.00012	0.99988	0
171	P	0.00000	0.00058	0.99942	0
172	L	0.00000	0.00136	0.99864	0
173	A	0.00000	0.11103	0.88897	0
174	G	0.00000	0.49641	0.50359	0
175	W	0.00000	0.61023	0.38977	0
176	S	0.00000	0.85052	0.14948	0
177	R	0.00000	0.9907	0.00930	0
178	Y	0.00000	0.9943	0.00570	0
179	I	0.00000	0.99565	0.00435	0
180	P	0.00000	0.99963	0.00037	0
181	E	0.00000	1	0.00000	0
182	G	0.00000	1	0.00000	0
183	L	0.00000	1	0.00000	0
184	Q	0.00000	1	0.00000	0
185	C	0.00000	1	0.00000	0
186	S	0.00000	1	0.00000	0
187	C	0.00000	1	0.00000	0
188	G	0.00000	1	0.00000	0
189	I	0.00000	1	0.00000	0
190	D	0.00000	1	0.00000	0
191	Y	0.00000	1	0.00000	0
192	Y	0.00000	1	0.00000	0
193	T	0.00000	1	0.00000	0
194	L	0.00000	1	0.00000	0
195	K	0.00000	1	0.00000	0
196	P	0.00000	1	0.00000	0
197	E	0.00000	0.99999	0.00001	0
198	V	0.00000	0.99999	0.00001	0
199	N	0.00000	0.99997	0.00003	0
200	N	0.00000	0.99995	0.00005	0
201	E	0.00000	0.99822	0.00178	0
202	S	0.00000	0.83004	0.16996	0
203	F	0.00000	0.76455	0.23545	0
204	V	0.00000	0.69127	0.30873	0
205	I	0.00000	0.65524	0.34476	0
206	Y	0.00000	0.04649	0.95351	0
207	M	0.00000	0.0124	0.98760	0
208	F	0.00000	0.00061	0.99939	0
209	V	0.00000	0.00045	0.99955	0
210	V	0.00000	0	1.00000	0
211	H	0.00000	0	1.00000	0
212	F	0.00000	0	1.00000	0
213	T	0.00000	0	1.00000	0
214	I	0.00000	0	1.00000	0
215	P	0.00000	0	1.00000	0
216	M	0.00000	0	1.00000	0
217	I	0.00000	0	1.00000	0
218	I	0.00000	0	1.00000	0
219	I	0.00000	0	1.00000	0
220	F	0.00000	0	1.00000	0
221	F	0.00000	0	1.00000	0
222	C	0.00001	0	0.99999	0
223	Y	0.00078	0	0.99922	0
224	G	0.03363	0	0.96637	0
225	Q	0.08698	0	0.91302	0
226	L	0.08935	0	0.91065	0
227	V	0.10246	0	0.89754	0
228	F	0.16479	0	0.83521	0
229	T	0.27121	0	0.72879	0
230	V	0.34887	0	0.65113	0
231	K	0.98258	0	0.01742	0
232	E	0.99962	0	0.00038	0
233	A	0.99983	0	0.00017	0
234	A	0.99992	0	0.00008	0
235	A	0.99998	0	0.00002	0
236	Q	1.00000	0	0.00000	0
237	Q	1.00000	0	0.00000	0
238	Q	1.00000	0	0.00000	0
239	E	1.00000	0	0.00000	0
240	S	1.00000	0	0.00000	0
241	A	1.00000	0	0.00000	0
242	T	1.00000	0	0.00000	0
243	T	1.00000	0	0.00000	0
244	Q	1.00000	0	0.00000	0
245	K	1.00000	0	0.00000	0
246	A	1.00000	0	0.00000	0
247	E	1.00000	0	0.00000	0
248	K	1.00000	0	0.00000	0
249	E	1.00000	0	0.00000	0
250	V	0.99783	0	0.00217	0
251	T	0.99644	0	0.00356	0
252	R	0.88529	0	0.11471	0
253	M	0.06348	0	0.93652	0
254	V	0.04917	0	0.95083	0
255	I	0.00078	0	0.99922	0
256	I	0.00001	0	0.99999	0
257	M	0.00001	0	0.99999	0
258	V	0.00000	0	1.00000	0
259	I	0.00000	0	1.00000	0
260	A	0.00000	0	1.00000	0
261	F	0.00000	0	1.00000	0
262	L	0.00000	0	1.00000	0
263	I	0.00000	0	1.00000	0
264	C	0.00000	0	1.00000	0
265	W	0.00000	0	1.00000	0
266	V	0.00000	0	1.00000	0
267	P	0.00000	0	1.00000	0
268	Y	0.00000	0	1.00000	0
269	A	0.00000	0	1.00000	0
270	S	0.00000	0	1.00000	0
271	V	0.00000	0	1.00000	0
272	A	0.00000	6e-05	0.99994	0
273	F	0.00000	0.00177	0.99823	0
274	Y	0.00000	0.01021	0.98979	0
275	I	0.00000	0.02424	0.97576	0
276	F	0.00000	0.12594	0.87406	0
277	T	0.00000	0.75182	0.24818	0
278	H	0.00000	0.95369	0.04631	0
279	Q	0.00000	0.99847	0.00153	0
280	G	0.00000	0.99973	0.00027	0
281	S	0.00000	0.99995	0.00005	0
282	N	0.00000	0.99993	0.00007	0
283	F	0.00000	0.99938	0.00062	0
284	G	0.00000	0.99769	0.00231	0
285	P	0.00000	0.94133	0.05867	0
286	I	0.00000	0.05803	0.94197	0
287	F	0.00000	0.01173	0.98827	0
288	M	0.00000	0.00202	0.99798	0
289	T	0.00000	0.00123	0.99877	0
290	I	0.00000	0.00076	0.99924	0
291	P	0.00000	0.00074	0.99926	0
292	A	0.00000	0	1.00000	0
293	F	0.00000	0	1.00000	0
294	F	0.00000	0	1.00000	0
295	A	0.00000	0	1.00000	0
296	K	0.00000	0	1.00000	0
297	S	0.00000	0	1.00000	0
298	A	0.00000	0	1.00000	0
299	A	0.00000	0	1.00000	0
300	I	0.00000	0	1.00000	0
301	Y	0.00000	0	1.00000	0
302	N	0.00000	0	1.00000	0
303	P	0.00000	0	1.00000	0
304	V	0.00000	0	1.00000	0
305	I	0.00007	0	0.99993	0
306	Y	0.00035	0	0.99965	0
307	I	0.00112	0	0.99888	0
308	M	0.03784	0	0.96216	0
309	M	0.71679	0	0.28321	0
310	N	0.93808	0	0.06192	0
311	K	1.00000	0	0.00000	0
312	Q	1.00000	0	0.00000	0
313	F	1.00000	0	0.00000	0
314	R	1.00000	0	0.00000	0
315	N	1.00000	0	0.00000	0
316	C	1.00000	0	0.00000	0
317	M	1.00000	0	0.00000	0
318	L	1.00000	0	0.00000	0
319	T	1.00000	0	0.00000	0
320	T	1.00000	0	0.00000	0
321	I	1.00000	0	0.00000	0
322	C	1.00000	0	0.00000	0
323	C	1.00000	0	0.00000	0
324	G	1.00000	0	0.00000	0
325	K	1.00000	0	0.00000	0
326	N	1.00000	0	0.00000	0
327	P	1.00000	0	0.00000	0
328	L	1.00000	0	0.00000	0
329	G	1.00000	0	0.00000	0
330	D	1.00000	0	0.00000	0
331	D	1.00000	0	0.00000	0
332	E	1.00000	0	0.00000	0
333	A	1.00000	0	0.00000	0
334	S	1.00000	0	0.00000	0
335	A	1.00000	0	0.00000	0
336	T	1.00000	0	0.00000	0
337	V	1.00000	0	0.00000	0
338	S	1.00000	0	0.00000	0
339	K	1.00000	0	0.00000	0
340	T	1.00000	0	0.00000	0
341	E	1.00000	0	0.00000	0
342	T	1.00000	0	0.00000	0
343	S	1.00000	0	0.00000	0
344	Q	1.00000	0	0.00000	0
345	V	1.00000	0	0.00000	0
346	A	1.00000	0	0.00000	0
347	P	1.00000	0	0.00000	0
348	A	1.00000	0	0.00000	0
