# UNNAMED
#pos	aa	i	o	M	S
1	M	0.00000	1	0.00000	0
2	N	0.00000	1	0.00000	0
3	Y	0.00000	1	0.00000	0
4	P	0.00000	1	0.00000	0
5	L	0.00000	1	0.00000	0
6	T	0.00000	1	0.00000	0
7	L	0.00000	1	0.00000	0
8	E	0.00000	1	0.00000	0
9	M	0.00000	1	0.00000	0
10	D	0.00000	1	0.00000	0
11	L	0.00000	1	0.00000	0
12	E	0.00000	1	0.00000	0
13	N	0.00000	1	0.00000	0
14	L	0.00000	1	0.00000	0
15	E	0.00000	1	0.00000	0
16	D	0.00000	1	0.00000	0
17	L	0.00000	1	0.00000	0
18	F	0.00000	1	0.00000	0
19	W	0.00000	1	0.00000	0
20	E	0.00000	1	0.00000	0
21	L	0.00000	1	0.00000	0
22	D	0.00000	1	0.00000	0
23	R	0.00000	1	0.00000	0
24	L	0.00000	1	0.00000	0
25	D	0.00000	1	0.00000	0
26	N	0.00000	1	0.00000	0
27	Y	0.00000	1	0.00000	0
28	N	0.00000	1	0.00000	0
29	D	0.00000	1	0.00000	0
30	T	0.00000	1	0.00000	0
31	S	0.00000	1	0.00000	0
32	L	0.00000	1	0.00000	0
33	V	0.00000	1	0.00000	0
34	E	0.00000	1	0.00000	0
35	N	0.00000	1	0.00000	0
36	H	0.00000	1	0.00000	0
37	L	0.00000	1	0.00000	0
38	C	0.00000	1	0.00000	0
39	P	0.00000	1	0.00000	0
40	A	0.00000	1	0.00000	0
41	T	0.00000	1	0.00000	0
42	E	0.00000	1	0.00000	0
43	G	0.00000	1	0.00000	0
44	P	0.00000	1	0.00000	0
45	L	0.00000	1	0.00000	0
46	M	0.00000	0.99999	0.00001	0
47	A	0.00000	0.99996	0.00004	0
48	S	0.00000	0.99991	0.00009	0
49	F	0.00000	0.99934	0.00066	0
50	K	0.00000	0.99905	0.00095	0
51	A	0.00000	0.9171	0.08290	0
52	V	0.00000	0.80748	0.19252	0
53	F	0.00000	0.76691	0.23309	0
54	V	0.00000	0.21733	0.78267	0
55	P	0.00000	0.14713	0.85287	0
56	V	0.00000	0.04621	0.95379	0
57	A	0.00000	0.01261	0.98739	0
58	Y	0.00000	0.00031	0.99969	0
59	S	0.00000	5e-05	0.99995	0
60	L	0.00000	0	1.00000	0
61	I	0.00000	0	1.00000	0
62	F	0.00000	0	1.00000	0
63	L	0.00000	0	1.00000	0
64	L	0.00000	0	1.00000	0
65	G	0.00000	0	1.00000	0
66	V	0.00000	0	1.00000	0
67	I	0.00000	0	1.00000	0
68	G	0.00000	0	1.00000	0
69	N	0.00000	0	1.00000	0
70	V	0.00000	0	1.00000	0
71	L	0.00000	0	1.00000	0
72	V	0.00000	0	1.00000	0
73	L	0.00000	0	1.00000	0
74	V	0.00010	0	0.99990	0
75	I	0.00595	0	0.99405	0
76	L	0.13128	0	0.86872	0
77	E	0.95536	0	0.04464	0
78	R	0.99718	0	0.00282	0
79	H	0.99914	0	0.00086	0
80	R	0.99999	0	0.00001	0
81	Q	1.00000	0	0.00000	0
82	T	1.00000	0	0.00000	0
83	R	1.00000	0	0.00000	0
84	S	1.00000	0	0.00000	0
85	S	1.00000	0	0.00000	0
86	T	0.99992	0	0.00008	0
87	E	0.99901	0	0.00099	0
88	T	0.84888	0	0.15112	0
89	F	0.00470	0	0.99530	0
90	L	0.00007	0	0.99993	0
91	F	0.00000	0	1.00000	0
92	H	0.00000	0	1.00000	0
93	L	0.00000	0	1.00000	0
94	A	0.00000	0	1.00000	0
95	V	0.00000	0	1.00000	0
96	A	0.00000	0	1.00000	0
97	D	0.00000	0	1.00000	0
98	L	0.00000	0	1.00000	0
99	L	0.00000	0	1.00000	0
100	L	0.00000	0	1.00000	0
101	V	0.00000	0	1.00000	0
102	F	0.00000	0	1.00000	0
103	I	0.00000	0	1.00000	0
104	L	0.00000	0	1.00000	0
105	P	0.00000	0	1.00000	0
106	F	0.00000	0.00015	0.99985	0
107	A	0.00000	0.00744	0.99256	0
108	V	0.00000	0.0525	0.94750	0
109	A	0.00000	0.28364	0.71636	0
110	E	0.00000	0.9999	0.00010	0
111	G	0.00000	0.99996	0.00004	0
112	S	0.00000	0.99998	0.00002	0
113	V	0.00000	0.99999	0.00001	0
114	G	0.00000	1	0.00000	0
115	W	0.00000	1	0.00000	0
116	V	0.00000	1	0.00000	0
117	L	0.00000	1	0.00000	0
118	G	0.00000	1	0.00000	0
119	T	0.00000	1	0.00000	0
120	F	0.00000	1	0.00000	0
121	L	0.00000	0.99999	0.00001	0
122	C	0.00000	0.99998	0.00002	0
123	K	0.00000	0.99983	0.00017	0
124	T	0.00000	0.98592	0.01408	0
125	V	0.00000	0.3142	0.68580	0
126	I	0.00000	0.12969	0.87031	0
127	A	0.00000	0.00381	0.99619	0
128	L	0.00000	0.00174	0.99826	0
129	H	0.00000	0.00109	0.99891	0
130	K	0.00000	0.00041	0.99959	0
131	V	0.00000	0	1.00000	0
132	N	0.00000	0	1.00000	0
133	F	0.00000	0	1.00000	0
134	Y	0.00000	0	1.00000	0
135	C	0.00000	0	1.00000	0
136	S	0.00000	0	1.00000	0
137	S	0.00000	0	1.00000	0
138	L	0.00000	0	1.00000	0
139	L	0.00000	0	1.00000	0
140	L	0.00000	0	1.00000	0
141	A	0.00000	0	1.00000	0
142	C	0.00000	0	1.00000	0
143	I	0.00000	0	1.00000	0
144	A	0.00000	0	1.00000	0
145	V	0.00001	0	0.99999	0
146	D	0.00008	0	0.99992	0
147	R	0.02254	0	0.97746	0
148	Y	0.48771	0	0.51229	0
149	L	0.62514	0	0.37486	0
150	A	0.93045	0	0.06955	0
151	I	0.99999	0	0.00001	0
152	V	1.00000	0	0.00000	0
153	H	1.00000	0	0.00000	0
154	A	1.00000	0	0.00000	0
155	V	1.00000	0	0.00000	0
156	H	1.00000	0	0.00000	0
157	A	1.00000	0	0.00000	0
158	Y	1.00000	0	0.00000	0
159	R	1.00000	0	0.00000	0
160	H	1.00000	0	0.00000	0
161	R	0.99999	0	0.00001	0
162	R	0.99908	0	0.00092	0
163	L	0.40736	0	0.59264	0
164	L	0.24665	0	0.75335	0
165	S	0.22239	0	0.77761	0
166	I	0.00890	0	0.99110	0
167	H	0.00248	0	0.99752	0
168	I	0.00023	0	0.99977	0
169	T	0.00008	0	0.99992	0
170	C	0.00000	0	1.00000	0
171	G	0.00000	0	1.00000	0
172	T	0.00000	0	1.00000	0
173	I	0.00000	0	1.00000	0
174	W	0.00000	0	1.00000	0
175	L	0.00000	0	1.00000	0
176	V	0.00000	0	1.00000	0
177	G	0.00000	0	1.00000	0
178	F	0.00000	0	1.00000	0
179	L	0.00000	0	1.00000	0
180	L	0.00000	0	1.00000	0
181	A	0.00000	1e-05	0.99999	0
182	L	0.00000	0.0024	0.99760	0
183	P	0.00000	0.30764	0.69236	0
184	E	0.00000	0.59326	0.40674	0
185	I	0.00000	0.60493	0.39507	0
186	L	0.00000	0.63463	0.36537	0
187	F	0.00000	0.68319	0.31681	0
188	A	0.00000	0.78841	0.21159	0
189	K	0.00000	0.99911	0.00089	0
190	V	0.00000	0.99962	0.00038	0
191	S	0.00000	0.99996	0.00004	0
192	Q	0.00000	1	0.00000	0
193	G	0.00000	1	0.00000	0
194	H	0.00000	1	0.00000	0
195	H	0.00000	1	0.00000	0
196	N	0.00000	1	0.00000	0
197	N	0.00000	1	0.00000	0
198	S	0.00000	1	0.00000	0
199	L	0.00000	1	0.00000	0
200	P	0.00000	1	0.00000	0
201	R	0.00000	1	0.00000	0
202	C	0.00000	1	0.00000	0
203	T	0.00000	1	0.00000	0
204	F	0.00000	1	0.00000	0
205	S	0.00000	1	0.00000	0
206	Q	0.00000	1	0.00000	0
207	E	0.00000	1	0.00000	0
208	N	0.00000	1	0.00000	0
209	Q	0.00000	1	0.00000	0
210	A	0.00000	1	0.00000	0
211	E	0.00000	1	0.00000	0
212	T	0.00000	1	0.00000	0
213	H	0.00000	0.99998	0.00002	0
214	A	0.00000	0.99131	0.00869	0
215	W	0.00000	0.99114	0.00886	0
216	F	0.00000	0.991	0.00900	0
217	T	0.00000	0.99005	0.00995	0
218	S	0.00000	0.85366	0.14634	0
219	R	0.00000	0.79927	0.20073	0
220	F	0.00000	0.36542	0.63458	0
221	L	0.00000	0.00056	0.99944	0
222	Y	0.00000	0.0002	0.99980	0
223	H	0.00000	0.00016	0.99984	0
224	V	0.00000	0.00013	0.99987	0
225	A	0.00000	0	1.00000	0
226	G	0.00000	0	1.00000	0
227	F	0.00000	0	1.00000	0
228	L	0.00000	0	1.00000	0
229	L	0.00000	0	1.00000	0
230	P	0.00000	0	1.00000	0
231	M	0.00000	0	1.00000	0
232	L	0.00000	0	1.00000	0
233	V	0.00000	0	1.00000	0
234	M	0.00000	0	1.00000	0
235	G	0.00000	0	1.00000	0
236	W	0.00000	0	1.00000	0
237	C	0.00002	0	0.99998	0
238	Y	0.00018	0	0.99982	0
239	V	0.00105	0	0.99895	0
240	G	0.00493	0	0.99507	0
241	V	0.01255	0	0.98745	0
242	V	0.07846	0	0.92154	0
243	H	0.85148	0	0.14852	0
244	R	0.95796	0	0.04204	0
245	L	0.96369	0	0.03631	0
246	R	0.99917	0	0.00083	0
247	Q	0.99999	0	0.00001	0
248	A	1.00000	0	0.00000	0
249	Q	1.00000	0	0.00000	0
250	R	1.00000	0	0.00000	0
251	R	1.00000	0	0.00000	0
252	P	1.00000	0	0.00000	0
253	Q	1.00000	0	0.00000	0
254	R	0.99993	0	0.00007	0
255	Q	0.99596	0	0.00404	0
256	K	0.93376	0	0.06624	0
257	A	0.90076	0	0.09924	0
258	V	0.88958	0	0.11042	0
259	R	0.68666	0	0.31334	0
260	V	0.16088	0	0.83912	0
261	A	0.00037	0	0.99963	0
262	I	0.00005	0	0.99995	0
263	L	0.00001	0	0.99999	0
264	V	0.00001	0	0.99999	0
265	T	0.00001	0	0.99999	0
266	S	0.00000	0	1.00000	0
267	I	0.00000	0	1.00000	0
268	F	0.00000	0	1.00000	0
269	F	0.00000	0	1.00000	0
270	L	0.00000	0	1.00000	0
271	C	0.00000	0	1.00000	0
272	W	0.00000	0	1.00000	0
273	S	0.00000	0	1.00000	0
274	P	0.00000	0	1.00000	0
275	Y	0.00000	0	1.00000	0
276	H	0.00000	0	1.00000	0
277	I	0.00000	7e-05	0.99993	0
278	V	0.00000	0.00068	0.99932	0
279	I	0.00000	0.0057	0.99430	0
280	F	0.00000	0.1144	0.88560	0
281	L	0.00000	0.58082	0.41918	0
282	D	0.00000	0.96947	0.03053	0
283	T	0.00000	0.97127	0.02873	0
284	L	0.00000	0.9728	0.02720	0
285	A	0.00000	0.98052	0.01948	0
286	R	0.00000	0.99492	0.00508	0
287	L	0.00000	0.99543	0.00457	0
288	K	0.00000	0.9999	0.00010	0
289	A	0.00000	0.99993	0.00007	0
290	V	0.00000	0.99997	0.00003	0
291	D	0.00000	0.99999	0.00001	0
292	N	0.00000	0.99984	0.00016	0
293	T	0.00000	0.99948	0.00052	0
294	C	0.00000	0.99943	0.00057	0
295	K	0.00000	0.99941	0.00059	0
296	L	0.00000	0.99924	0.00076	0
297	N	0.00000	0.99924	0.00076	0
298	G	0.00000	0.99916	0.00084	0
299	S	0.00000	0.99747	0.00253	0
300	L	0.00000	0.96963	0.03037	0
301	P	0.00000	0.9551	0.04490	0
302	V	0.00000	0.3808	0.61920	0
303	A	0.00000	0.33148	0.66852	0
304	I	0.00000	0.12093	0.87907	0
305	T	0.00000	0.07203	0.92797	0
306	M	0.00000	0.00141	0.99859	0
307	C	0.00000	0.00092	0.99908	0
308	E	0.00000	0.00018	0.99982	0
309	F	0.00000	0	1.00000	0
310	L	0.00000	0	1.00000	0
311	G	0.00000	0	1.00000	0
312	L	0.00000	0	1.00000	0
313	A	0.00000	0	1.00000	0
314	H	0.00015	0	0.99985	0
315	C	0.00031	0	0.99969	0
316	C	0.00053	0	0.99947	0
317	L	0.00061	0	0.99939	0
318	N	0.00065	0	0.99935	0
319	P	0.00071	0	0.99929	0
320	M	0.00076	0	0.99924	0
321	L	0.00120	0	0.99880	0
322	Y	0.00398	0	0.99602	0
323	T	0.01780	0	0.98220	0
324	F	0.04112	0	0.95888	0
325	A	0.63572	0	0.36428	0
326	G	0.81757	0	0.18243	0
327	V	0.88197	0	0.11803	0
328	K	1.00000	0	0.00000	0
329	F	1.00000	0	0.00000	0
330	R	1.00000	0	0.00000	0
331	S	1.00000	0	0.00000	0
332	D	1.00000	0	0.00000	0
333	L	1.00000	0	0.00000	0
334	S	1.00000	0	0.00000	0
335	R	1.00000	0	0.00000	0
336	L	1.00000	0	0.00000	0
337	L	1.00000	0	0.00000	0
338	T	1.00000	0	0.00000	0
339	K	1.00000	0	0.00000	0
340	L	1.00000	0	0.00000	0
341	G	1.00000	0	0.00000	0
342	C	1.00000	0	0.00000	0
343	T	1.00000	0	0.00000	0
344	G	1.00000	0	0.00000	0
345	P	1.00000	0	0.00000	0
346	A	1.00000	0	0.00000	0
347	S	1.00000	0	0.00000	0
348	L	1.00000	0	0.00000	0
349	C	1.00000	0	0.00000	0
350	Q	1.00000	0	0.00000	0
351	L	1.00000	0	0.00000	0
352	F	1.00000	0	0.00000	0
353	P	1.00000	0	0.00000	0
354	S	1.00000	0	0.00000	0
355	W	1.00000	0	0.00000	0
356	R	1.00000	0	0.00000	0
357	R	1.00000	0	0.00000	0
358	S	1.00000	0	0.00000	0
359	S	1.00000	0	0.00000	0
360	L	1.00000	0	0.00000	0
361	S	1.00000	0	0.00000	0
362	E	1.00000	0	0.00000	0
363	S	1.00000	0	0.00000	0
364	E	1.00000	0	0.00000	0
365	N	1.00000	0	0.00000	0
366	A	1.00000	0	0.00000	0
367	T	1.00000	0	0.00000	0
368	S	1.00000	0	0.00000	0
369	L	1.00000	0	0.00000	0
370	T	1.00000	0	0.00000	0
371	T	1.00000	0	0.00000	0
372	F	1.00000	0	0.00000	0
