# UNNAMED
#pos	aa	i	o	M	S
1	M	0.00000	0.98761	0.00000	0.01239
2	K	0.00000	0.98761	0.00000	0.01239
3	N	0.00000	0.98761	0.00000	0.01239
4	H	0.00000	0.98761	0.00000	0.0124
5	T	0.00000	0.98761	0.00000	0.01239
6	V	0.00000	0.98761	0.00000	0.01239
7	I	0.00000	0.98761	0.00000	0.01239
8	R	0.00000	0.98761	0.00000	0.01239
9	T	0.00000	0.98761	0.00000	0.01239
10	F	0.00000	0.98761	0.00000	0.01239
11	I	0.00000	0.98761	0.00000	0.01239
12	L	0.00000	0.98761	0.00000	0.01239
13	L	0.00000	0.98761	0.00000	0.01239
14	G	0.00000	0.98761	0.00000	0.0124
15	L	0.00000	0.98761	0.00000	0.01238
16	T	0.00000	0.98761	0.00000	0.01238
17	G	0.00000	0.98771	0.00000	0.01229
18	D	0.00000	0.99999	0.00000	1e-05
19	P	0.00000	0.99777	0.00222	1e-05
20	H	0.00000	0.98899	0.01100	0
21	L	0.00000	0.97469	0.02530	0
22	Q	0.00000	0.95103	0.04896	0
23	V	0.00000	0.59491	0.40509	0
24	L	0.00000	0.31506	0.68494	0
25	L	0.00000	0.18694	0.81306	0
26	F	0.00000	0.05379	0.94621	0
27	I	0.00000	0.0339	0.96610	0
28	F	0.00000	0.03025	0.96975	0
29	L	0.00000	0.00389	0.99611	0
30	F	0.00000	0.00016	0.99984	0
31	L	0.00000	1e-05	0.99999	0
32	T	0.00000	0	1.00000	0
33	Y	0.00000	0	1.00000	0
34	M	0.00000	0	1.00000	0
35	L	0.00000	0	1.00000	0
36	S	0.00000	0	1.00000	0
37	V	0.00000	0	1.00000	0
38	T	0.00000	0	1.00000	0
39	G	0.00000	0	1.00000	0
40	N	0.00000	0	1.00000	0
41	L	0.00000	0	1.00000	0
42	T	0.00000	0	1.00000	0
43	I	0.00001	0	0.99999	0
44	I	0.00044	0	0.99956	0
45	T	0.04276	0	0.95724	0
46	L	0.12386	0	0.87614	0
47	T	0.47419	0	0.52581	0
48	L	0.61043	0	0.38957	0
49	V	0.80300	0	0.19700	0
50	D	0.99714	0	0.00286	0
51	H	0.99928	0	0.00072	0
52	H	0.99974	0	0.00026	0
53	L	0.99989	0	0.00011	0
54	K	1.00000	0	0.00000	0
55	T	1.00000	0	0.00000	0
56	P	1.00000	0	0.00000	0
57	M	0.30055	0	0.69945	0
58	Y	0.23151	0	0.76849	0
59	F	0.03506	0	0.96494	0
60	F	0.00137	0	0.99863	0
61	L	0.00079	0	0.99921	0
62	R	0.00075	0	0.99925	0
63	N	0.00001	0	0.99999	0
64	F	0.00000	0	1.00000	0
65	S	0.00000	0	1.00000	0
66	F	0.00000	0	1.00000	0
67	L	0.00000	0	1.00000	0
68	E	0.00000	0	1.00000	0
69	V	0.00000	0	1.00000	0
70	S	0.00000	0	1.00000	0
71	F	0.00000	0	1.00000	0
72	T	0.00000	0	1.00000	0
73	T	0.00000	0	1.00000	0
74	V	0.00000	0	1.00000	0
75	C	0.00000	0.0001	0.99990	0
76	I	0.00000	0.00011	0.99989	0
77	P	0.00000	0.00027	0.99973	0
78	R	0.00000	0.00109	0.99891	0
79	F	0.00000	0.00139	0.99861	0
80	L	0.00000	0.00228	0.99772	0
81	Y	0.00000	0.85818	0.14182	0
82	N	0.00000	0.99997	0.00003	0
83	I	0.00000	0.99997	0.00003	0
84	S	0.00000	0.99999	0.00001	0
85	M	0.00000	0.99999	0.00001	0
86	G	0.00000	1	0.00000	0
87	D	0.00000	1	0.00000	0
88	N	0.00000	1	0.00000	0
89	T	0.00000	1	0.00000	0
90	I	0.00000	1	0.00000	0
91	T	0.00000	1	0.00000	0
92	Y	0.00000	1	0.00000	0
93	N	0.00000	1	0.00000	0
94	A	0.00000	0.99999	0.00001	0
95	C	0.00000	0.99994	0.00006	0
96	A	0.00000	0.99782	0.00218	0
97	S	0.00000	0.99144	0.00856	0
98	Q	0.00000	0.89705	0.10295	0
99	I	0.00000	0.16199	0.83801	0
100	F	0.00000	0.02597	0.97403	0
101	F	0.00000	0.00135	0.99865	0
102	V	0.00000	3e-05	0.99997	0
103	I	0.00000	0	1.00000	0
104	L	0.00000	0	1.00000	0
105	F	0.00000	0	1.00000	0
106	G	0.00000	0	1.00000	0
107	A	0.00000	0	1.00000	0
108	T	0.00000	0	1.00000	0
109	E	0.00000	0	1.00000	0
110	F	0.00000	0	1.00000	0
111	F	0.00000	0	1.00000	0
112	L	0.00000	0	1.00000	0
113	L	0.00000	0	1.00000	0
114	A	0.00000	0	1.00000	0
115	A	0.00000	0	1.00000	0
116	M	0.00000	0	1.00000	0
117	S	0.00000	0	1.00000	0
118	Y	0.00000	0	1.00000	0
119	D	0.00001	0	0.99999	0
120	R	0.00692	0	0.99308	0
121	Y	0.12161	0	0.87839	0
122	V	0.93005	0	0.06995	0
123	A	0.99778	0	0.00222	0
124	I	1.00000	0	0.00000	0
125	C	1.00000	0	0.00000	0
126	K	1.00000	0	0.00000	0
127	P	1.00000	0	0.00000	0
128	L	1.00000	0	0.00000	0
129	H	1.00000	0	0.00000	0
130	Y	1.00000	0	0.00000	0
131	V	1.00000	0	0.00000	0
132	V	1.00000	0	0.00000	0
133	I	0.99999	0	0.00001	0
134	M	0.99998	0	0.00002	0
135	N	0.99993	0	0.00007	0
136	N	0.99967	0	0.00033	0
137	R	0.99537	0	0.00463	0
138	V	0.49805	0	0.50195	0
139	C	0.02625	0	0.97375	0
140	T	0.02038	0	0.97962	0
141	L	0.00272	0	0.99728	0
142	L	0.00013	0	0.99987	0
143	V	0.00002	0	0.99998	0
144	L	0.00001	0	0.99999	0
145	C	0.00000	0	1.00000	0
146	C	0.00000	0	1.00000	0
147	W	0.00000	0	1.00000	0
148	V	0.00000	0	1.00000	0
149	A	0.00000	0	1.00000	0
150	G	0.00000	0	1.00000	0
151	L	0.00000	0	1.00000	0
152	M	0.00000	0	1.00000	0
153	I	0.00000	0	1.00000	0
154	I	0.00000	0	1.00000	0
155	V	0.00000	1e-05	0.99999	0
156	P	0.00000	0.00035	0.99965	0
157	P	0.00000	0.0042	0.99580	0
158	L	0.00000	0.01275	0.98725	0
159	S	0.00000	0.14868	0.85132	0
160	L	0.00000	0.24629	0.75371	0
161	G	0.00000	0.60595	0.39405	0
162	L	0.00000	0.70634	0.29366	0
163	Q	0.00000	0.98025	0.01975	0
164	L	0.00000	0.98957	0.01043	0
165	E	0.00000	0.99988	0.00012	0
166	F	0.00000	0.99993	0.00007	0
167	C	0.00000	1	0.00000	0
168	D	0.00000	1	0.00000	0
169	S	0.00000	1	0.00000	0
170	N	0.00000	1	0.00000	0
171	A	0.00000	1	0.00000	0
172	I	0.00000	1	0.00000	0
173	D	0.00000	1	0.00000	0
174	H	0.00000	1	0.00000	0
175	F	0.00000	1	0.00000	0
176	S	0.00000	1	0.00000	0
177	C	0.00000	1	0.00000	0
178	D	0.00000	1	0.00000	0
179	A	0.00000	1	0.00000	0
180	G	0.00000	1	0.00000	0
181	P	0.00000	1	0.00000	0
182	L	0.00000	1	0.00000	0
183	L	0.00000	1	0.00000	0
184	K	0.00000	1	0.00000	0
185	I	0.00000	1	0.00000	0
186	S	0.00000	1	0.00000	0
187	C	0.00000	1	0.00000	0
188	S	0.00000	1	0.00000	0
189	D	0.00000	1	0.00000	0
190	T	0.00000	0.99989	0.00011	0
191	W	0.00000	0.9984	0.00160	0
192	V	0.00000	0.99661	0.00339	0
193	I	0.00000	0.99621	0.00379	0
194	E	0.00000	0.99606	0.00394	0
195	Q	0.00000	0.80644	0.19356	0
196	M	0.00000	0.17165	0.82835	0
197	V	0.00000	0.01183	0.98817	0
198	I	0.00000	0.00234	0.99766	0
199	L	0.00000	2e-05	0.99998	0
200	M	0.00000	0	1.00000	0
201	A	0.00000	0	1.00000	0
202	V	0.00000	0	1.00000	0
203	F	0.00000	0	1.00000	0
204	A	0.00000	0	1.00000	0
205	L	0.00000	0	1.00000	0
206	I	0.00000	0	1.00000	0
207	I	0.00000	0	1.00000	0
208	T	0.00000	0	1.00000	0
209	L	0.00000	0	1.00000	0
210	V	0.00000	0	1.00000	0
211	C	0.00000	0	1.00000	0
212	V	0.00000	0	1.00000	0
213	I	0.00000	0	1.00000	0
214	L	0.00003	0	0.99997	0
215	S	0.00020	0	0.99980	0
216	Y	0.00023	0	0.99977	0
217	L	0.00048	0	0.99952	0
218	Y	0.00213	0	0.99787	0
219	I	0.01814	0	0.98186	0
220	V	0.11677	0	0.88323	0
221	R	0.99371	0	0.00629	0
222	T	0.99906	0	0.00094	0
223	I	0.99970	0	0.00030	0
224	L	0.99988	0	0.00012	0
225	K	1.00000	0	0.00000	0
226	F	1.00000	0	0.00000	0
227	P	1.00000	0	0.00000	0
228	S	1.00000	0	0.00000	0
229	V	1.00000	0	0.00000	0
230	Q	1.00000	0	0.00000	0
231	Q	0.99999	0	0.00001	0
232	R	0.98772	0	0.01228	0
233	K	0.95671	0	0.04329	0
234	K	0.77477	0	0.22523	0
235	A	0.31210	0	0.68790	0
236	F	0.12385	0	0.87615	0
237	S	0.00889	0	0.99111	0
238	T	0.00254	0	0.99746	0
239	C	0.00235	0	0.99765	0
240	S	0.00185	0	0.99815	0
241	S	0.00151	0	0.99849	0
242	H	0.00054	0	0.99946	0
243	M	0.00017	0	0.99983	0
244	I	0.00001	0	0.99999	0
245	V	0.00000	0	1.00000	0
246	V	0.00000	0	1.00000	0
247	S	0.00000	0	1.00000	0
248	I	0.00000	0	1.00000	0
249	A	0.00000	0	1.00000	0
250	Y	0.00000	0	1.00000	0
251	G	0.00000	0	1.00000	0
252	S	0.00000	2e-05	0.99998	0
253	C	0.00000	8e-05	0.99992	0
254	I	0.00000	0.00011	0.99989	0
255	F	0.00000	0.00035	0.99965	0
256	I	0.00000	0.00116	0.99884	0
257	Y	0.00000	0.01252	0.98748	0
258	I	0.00000	0.03853	0.96147	0
259	K	0.00000	0.98206	0.01794	0
260	P	0.00000	0.99419	0.00581	0
261	S	0.00000	0.99694	0.00306	0
262	A	0.00000	0.99829	0.00171	0
263	K	0.00000	0.99994	0.00006	0
264	D	0.00000	0.99996	0.00004	0
265	E	0.00000	0.99789	0.00211	0
266	V	0.00000	0.32361	0.67639	0
267	A	0.00000	0.27982	0.72018	0
268	I	0.00000	0.17982	0.82018	0
269	N	0.00000	0.17515	0.82485	0
270	K	0.00000	0.15787	0.84213	0
271	G	0.00000	0.09712	0.90288	0
272	V	0.00000	0.00052	0.99948	0
273	S	0.00000	0	1.00000	0
274	V	0.00000	0	1.00000	0
275	L	0.00000	0	1.00000	0
276	T	0.00000	0	1.00000	0
277	T	0.00000	0	1.00000	0
278	S	0.00000	0	1.00000	0
279	V	0.00000	0	1.00000	0
280	A	0.00000	0	1.00000	0
281	P	0.00000	0	1.00000	0
282	L	0.00000	0	1.00000	0
283	L	0.00000	0	1.00000	0
284	N	0.00001	0	0.99999	0
285	P	0.00011	0	0.99989	0
286	F	0.00105	0	0.99895	0
287	I	0.01189	0	0.98811	0
288	Y	0.02452	0	0.97548	0
289	T	0.05477	0	0.94523	0
290	L	0.19406	0	0.80594	0
291	R	1.00000	0	0.00000	0
292	N	1.00000	0	0.00000	0
293	K	1.00000	0	0.00000	0
294	Q	1.00000	0	0.00000	0
295	V	1.00000	0	0.00000	0
296	K	1.00000	0	0.00000	0
297	Q	1.00000	0	0.00000	0
298	A	1.00000	0	0.00000	0
299	F	1.00000	0	0.00000	0
300	S	1.00000	0	0.00000	0
301	D	1.00000	0	0.00000	0
302	S	1.00000	0	0.00000	0
303	I	1.00000	0	0.00000	0
304	K	1.00000	0	0.00000	0
305	R	1.00000	0	0.00000	0
306	I	1.00000	0	0.00000	0
307	A	1.00000	0	0.00000	0
308	F	1.00000	0	0.00000	0
309	L	1.00000	0	0.00000	0
310	S	1.00000	0	0.00000	0
311	K	1.00000	0	0.00000	0
312	K	1.00000	0	0.00000	0
