# UNNAMED
#pos	aa	i	o	M	S
1	M	0.00000	1	0.00000	0
2	N	0.00000	1	0.00000	0
3	S	0.00000	1	0.00000	0
4	S	0.00000	1	0.00000	0
5	F	0.00000	1	0.00000	0
6	H	0.00000	1	0.00000	0
7	L	0.00000	1	0.00000	0
8	H	0.00000	1	0.00000	0
9	F	0.00000	1	0.00000	0
10	L	0.00000	1	0.00000	0
11	D	0.00000	1	0.00000	0
12	L	0.00000	1	0.00000	0
13	N	0.00000	1	0.00000	0
14	L	0.00000	1	0.00000	0
15	N	0.00000	1	0.00000	0
16	A	0.00000	1	0.00000	0
17	T	0.00000	1	0.00000	0
18	E	0.00000	1	0.00000	0
19	G	0.00000	1	0.00000	0
20	N	0.00000	1	0.00000	0
21	L	0.00000	1	0.00000	0
22	S	0.00000	1	0.00000	0
23	G	0.00000	1	0.00000	0
24	P	0.00000	1	0.00000	0
25	N	0.00000	1	0.00000	0
26	V	0.00000	1	0.00000	0
27	K	0.00000	1	0.00000	0
28	N	0.00000	1	0.00000	0
29	K	0.00000	1	0.00000	0
30	S	0.00000	1	0.00000	0
31	S	0.00000	1	0.00000	0
32	P	0.00000	1	0.00000	0
33	C	0.00000	1	0.00000	0
34	E	0.00000	1	0.00000	0
35	D	0.00000	1	0.00000	0
36	M	0.00000	0.91768	0.08232	0
37	G	0.00000	0.81614	0.18386	0
38	I	0.00000	0.51827	0.48173	0
39	A	0.00000	0.42787	0.57213	0
40	V	0.00000	0.3761	0.62390	0
41	E	0.00000	0.34921	0.65079	0
42	V	0.00000	0.02228	0.97772	0
43	F	0.00000	0.00153	0.99847	0
44	L	0.00000	0.00015	0.99985	0
45	T	0.00000	0	1.00000	0
46	L	0.00000	0	1.00000	0
47	G	0.00000	0	1.00000	0
48	V	0.00000	0	1.00000	0
49	I	0.00000	0	1.00000	0
50	S	0.00000	0	1.00000	0
51	L	0.00000	0	1.00000	0
52	L	0.00000	0	1.00000	0
53	E	0.00000	0	1.00000	0
54	N	0.00000	0	1.00000	0
55	I	0.00000	0	1.00000	0
56	L	0.00000	0	1.00000	0
57	V	0.00000	0	1.00000	0
58	I	0.00004	0	0.99996	0
59	G	0.00618	0	0.99382	0
60	A	0.03040	0	0.96960	0
61	I	0.06052	0	0.93948	0
62	V	0.34770	0	0.65230	0
63	K	0.99015	0	0.00985	0
64	N	0.99861	0	0.00139	0
65	K	0.99998	0	0.00002	0
66	N	1.00000	0	0.00000	0
67	L	1.00000	0	0.00000	0
68	H	1.00000	0	0.00000	0
69	S	1.00000	0	0.00000	0
70	P	1.00000	0	0.00000	0
71	M	0.38858	0	0.61142	0
72	Y	0.05824	0	0.94176	0
73	F	0.01045	0	0.98955	0
74	F	0.00019	0	0.99981	0
75	V	0.00004	0	0.99996	0
76	C	0.00000	0	1.00000	0
77	S	0.00000	0	1.00000	0
78	L	0.00000	0	1.00000	0
79	A	0.00000	0	1.00000	0
80	V	0.00000	0	1.00000	0
81	A	0.00000	0	1.00000	0
82	D	0.00000	0	1.00000	0
83	M	0.00000	0	1.00000	0
84	L	0.00000	0	1.00000	0
85	V	0.00000	0	1.00000	0
86	S	0.00000	0	1.00000	0
87	M	0.00000	0	1.00000	0
88	S	0.00000	2e-05	0.99998	0
89	S	0.00000	0.00047	0.99953	0
90	A	0.00000	0.00226	0.99774	0
91	W	0.00000	0.00939	0.99061	0
92	E	0.00000	0.16336	0.83664	0
93	T	0.00000	0.17438	0.82562	0
94	I	0.00000	0.19992	0.80008	0
95	T	0.00000	0.60156	0.39844	0
96	I	0.00000	0.86011	0.13989	0
97	Y	0.00000	0.91655	0.08345	0
98	L	0.00000	0.93176	0.06824	0
99	L	0.00000	0.96606	0.03394	0
100	N	0.00000	0.99814	0.00186	0
101	N	0.00000	0.99995	0.00005	0
102	K	0.00000	1	0.00000	0
103	H	0.00000	1	0.00000	0
104	L	0.00000	1	0.00000	0
105	V	0.00000	1	0.00000	0
106	I	0.00000	1	0.00000	0
107	A	0.00000	1	0.00000	0
108	D	0.00000	1	0.00000	0
109	A	0.00000	1	0.00000	0
110	F	0.00000	1	0.00000	0
111	V	0.00000	0.99999	0.00001	0
112	R	0.00000	0.99999	0.00001	0
113	H	0.00000	0.99998	0.00002	0
114	I	0.00000	0.99997	0.00003	0
115	D	0.00000	0.99807	0.00193	0
116	N	0.00000	0.99406	0.00594	0
117	V	0.00000	0.52992	0.47008	0
118	F	0.00000	0.12135	0.87865	0
119	D	0.00000	0.11459	0.88541	0
120	S	0.00000	0.05661	0.94339	0
121	M	0.00000	0.0198	0.98020	0
122	I	0.00000	0.00615	0.99385	0
123	C	0.00000	0.00289	0.99711	0
124	I	0.00000	1e-05	0.99999	0
125	S	0.00000	0	1.00000	0
126	V	0.00000	0	1.00000	0
127	V	0.00000	0	1.00000	0
128	A	0.00000	0	1.00000	0
129	S	0.00000	0	1.00000	0
130	M	0.00000	0	1.00000	0
131	C	0.00000	0	1.00000	0
132	S	0.00000	0	1.00000	0
133	L	0.00000	0	1.00000	0
134	L	0.00000	0	1.00000	0
135	A	0.00000	0	1.00000	0
136	I	0.00000	0	1.00000	0
137	A	0.00000	0	1.00000	0
138	V	0.00009	0	0.99991	0
139	D	0.00036	0	0.99964	0
140	R	0.08617	0	0.91383	0
141	Y	0.27474	0	0.72526	0
142	V	0.52443	0	0.47557	0
143	T	0.88865	0	0.11135	0
144	I	0.99995	0	0.00005	0
145	F	1.00000	0	0.00000	0
146	Y	1.00000	0	0.00000	0
147	A	1.00000	0	0.00000	0
148	L	1.00000	0	0.00000	0
149	R	1.00000	0	0.00000	0
150	Y	1.00000	0	0.00000	0
151	H	1.00000	0	0.00000	0
152	H	1.00000	0	0.00000	0
153	I	0.99998	0	0.00002	0
154	M	0.99990	0	0.00010	0
155	T	0.99988	0	0.00012	0
156	A	0.99979	0	0.00021	0
157	R	0.99961	0	0.00039	0
158	R	0.99001	0	0.00999	0
159	S	0.47283	0	0.52717	0
160	G	0.03069	0	0.96931	0
161	A	0.00122	0	0.99878	0
162	I	0.00000	0	1.00000	0
163	I	0.00000	0	1.00000	0
164	A	0.00000	0	1.00000	0
165	G	0.00000	0	1.00000	0
166	I	0.00000	0	1.00000	0
167	W	0.00000	0	1.00000	0
168	A	0.00000	0	1.00000	0
169	F	0.00000	0	1.00000	0
170	C	0.00000	0	1.00000	0
171	T	0.00000	0	1.00000	0
172	G	0.00000	1e-05	0.99999	0
173	C	0.00000	6e-05	0.99994	0
174	G	0.00000	7e-05	0.99993	0
175	I	0.00000	8e-05	0.99992	0
176	V	0.00000	0.0001	0.99990	0
177	F	0.00000	0.00013	0.99987	0
178	I	0.00000	0.00225	0.99775	0
179	L	0.00000	0.1178	0.88220	0
180	Y	0.00000	0.83292	0.16708	0
181	S	0.00000	0.98871	0.01129	0
182	E	0.00000	0.99999	0.00001	0
183	S	0.00000	1	0.00000	0
184	T	0.00000	1	0.00000	0
185	Y	0.00000	1	0.00000	0
186	V	0.00000	1	0.00000	0
187	I	0.00000	0.99994	0.00006	0
188	L	0.00000	0.99991	0.00009	0
189	C	0.00000	0.99991	0.00009	0
190	L	0.00000	0.99867	0.00133	0
191	I	0.00000	0.94587	0.05413	0
192	S	0.00000	0.38318	0.61682	0
193	M	0.00000	0.15218	0.84782	0
194	F	0.00000	0.01139	0.98861	0
195	F	0.00000	0.00079	0.99921	0
196	A	0.00000	0.00017	0.99983	0
197	M	0.00000	1e-05	0.99999	0
198	L	0.00000	0	1.00000	0
199	F	0.00000	0	1.00000	0
200	L	0.00000	0	1.00000	0
201	L	0.00000	0	1.00000	0
202	V	0.00000	0	1.00000	0
203	S	0.00000	0	1.00000	0
204	L	0.00000	0	1.00000	0
205	Y	0.00000	0	1.00000	0
206	I	0.00000	0	1.00000	0
207	H	0.00000	0	1.00000	0
208	M	0.00000	0	1.00000	0
209	F	0.00000	0	1.00000	0
210	L	0.00001	0	0.99999	0
211	L	0.00054	0	0.99946	0
212	A	0.12028	0	0.87972	0
213	R	0.25377	0	0.74623	0
214	T	0.32400	0	0.67600	0
215	H	0.41925	0	0.58075	0
216	V	0.49926	0	0.50074	0
217	K	0.97937	0	0.02063	0
218	R	0.99989	0	0.00011	0
219	I	0.99990	0	0.00010	0
220	A	0.99999	0	0.00001	0
221	A	1.00000	0	0.00000	0
222	L	1.00000	0	0.00000	0
223	P	1.00000	0	0.00000	0
224	G	1.00000	0	0.00000	0
225	A	1.00000	0	0.00000	0
226	S	1.00000	0	0.00000	0
227	S	1.00000	0	0.00000	0
228	A	1.00000	0	0.00000	0
229	R	1.00000	0	0.00000	0
230	Q	0.99998	0	0.00002	0
231	R	0.99991	0	0.00009	0
232	T	0.99987	0	0.00013	0
233	S	0.99951	0	0.00049	0
234	M	0.99645	0	0.00355	0
235	Q	0.99436	0	0.00564	0
236	G	0.93958	0	0.06042	0
237	A	0.62899	0	0.37101	0
238	V	0.62252	0	0.37748	0
239	T	0.62009	0	0.37991	0
240	V	0.01208	0	0.98792	0
241	T	0.00071	0	0.99929	0
242	M	0.00036	0	0.99964	0
243	L	0.00002	0	0.99998	0
244	L	0.00000	0	1.00000	0
245	G	0.00000	0	1.00000	0
246	V	0.00000	0	1.00000	0
247	F	0.00000	0	1.00000	0
248	T	0.00000	0	1.00000	0
249	V	0.00000	0	1.00000	0
250	C	0.00000	0	1.00000	0
251	W	0.00000	0	1.00000	0
252	A	0.00000	0	1.00000	0
253	P	0.00000	0	1.00000	0
254	F	0.00000	0	1.00000	0
255	F	0.00000	0	1.00000	0
256	L	0.00000	7e-05	0.99993	0
257	H	0.00000	0.00116	0.99884	0
258	L	0.00000	0.00189	0.99811	0
259	T	0.00000	0.01614	0.98386	0
260	L	0.00000	0.02777	0.97223	0
261	M	0.00000	0.09673	0.90327	0
262	L	0.00000	0.64284	0.35716	0
263	S	0.00000	0.87672	0.12328	0
264	C	0.00000	0.98635	0.01365	0
265	P	0.00000	0.99733	0.00267	0
266	Q	0.00000	0.99968	0.00032	0
267	N	0.00000	0.99982	0.00018	0
268	L	0.00000	0.9998	0.00020	0
269	Y	0.00000	0.99981	0.00019	0
270	C	0.00000	0.99961	0.00039	0
271	S	0.00000	0.99919	0.00081	0
272	R	0.00000	0.99335	0.00665	0
273	F	0.00000	0.94088	0.05912	0
274	M	0.00000	0.91249	0.08751	0
275	S	0.00000	0.89402	0.10598	0
276	H	0.00000	0.71005	0.28995	0
277	F	0.00000	0.10512	0.89488	0
278	N	0.00000	0.03266	0.96734	0
279	M	0.00000	7e-05	0.99993	0
280	Y	0.00000	0	1.00000	0
281	L	0.00000	0	1.00000	0
282	I	0.00000	0	1.00000	0
283	L	0.00000	0	1.00000	0
284	I	0.00000	0	1.00000	0
285	M	0.00000	0	1.00000	0
286	C	0.00000	0	1.00000	0
287	N	0.00000	0	1.00000	0
288	S	0.00000	0	1.00000	0
289	V	0.00000	0	1.00000	0
290	M	0.00002	0	0.99998	0
291	D	0.00003	0	0.99997	0
292	P	0.00003	0	0.99997	0
293	L	0.00005	0	0.99995	0
294	I	0.00020	0	0.99980	0
295	Y	0.00074	0	0.99926	0
296	A	0.00188	0	0.99812	0
297	F	0.01624	0	0.98376	0
298	R	1.00000	0	0.00000	0
299	S	1.00000	0	0.00000	0
300	Q	1.00000	0	0.00000	0
301	E	1.00000	0	0.00000	0
302	M	1.00000	0	0.00000	0
303	R	1.00000	0	0.00000	0
304	K	1.00000	0	0.00000	0
305	T	1.00000	0	0.00000	0
306	F	1.00000	0	0.00000	0
307	K	1.00000	0	0.00000	0
308	E	1.00000	0	0.00000	0
309	I	1.00000	0	0.00000	0
310	I	1.00000	0	0.00000	0
311	C	1.00000	0	0.00000	0
312	C	1.00000	0	0.00000	0
313	R	1.00000	0	0.00000	0
314	G	1.00000	0	0.00000	0
315	F	1.00000	0	0.00000	0
316	R	1.00000	0	0.00000	0
317	I	1.00000	0	0.00000	0
318	A	1.00000	0	0.00000	0
319	C	1.00000	0	0.00000	0
320	S	1.00000	0	0.00000	0
321	F	1.00000	0	0.00000	0
322	P	1.00000	0	0.00000	0
323	R	1.00000	0	0.00000	0
324	R	1.00000	0	0.00000	0
325	D	1.00000	0	0.00000	0
