# UNNAMED
#pos	aa	i	o	M	S
1	M	0.00000	0.99974	0.00000	0.00026
2	D	0.00000	0.99974	0.00000	0.00026
3	M	0.00000	0.99974	0.00000	0.00027
4	L	0.00000	0.99974	0.00000	0.00026
5	H	0.00000	0.99974	0.00000	0.00026
6	P	0.00000	0.99974	0.00000	0.00027
7	S	0.00000	0.99974	0.00000	0.00026
8	S	0.00000	0.99974	0.00000	0.00026
9	V	0.00000	0.99974	0.00000	0.00026
10	S	0.00000	0.99974	0.00000	0.00026
11	T	0.00000	0.99974	0.00000	0.00026
12	T	0.00000	0.99974	0.00000	0.00026
13	S	0.00000	0.99974	0.00000	0.00026
14	E	0.00000	0.99974	0.00000	0.00026
15	P	0.00000	0.99974	0.00000	0.00026
16	E	0.00000	0.99974	0.00000	0.00027
17	N	0.00000	0.99974	0.00000	0.00026
18	A	0.00000	0.99974	0.00000	0.00026
19	S	0.00000	0.99974	0.00000	0.00026
20	S	0.00000	0.99979	0.00000	0.00021
21	A	0.00000	0.99994	0.00000	7e-05
22	W	0.00000	1	0.00000	0
23	P	0.00000	1	0.00000	0
24	P	0.00000	1	0.00000	0
25	D	0.00000	1	0.00000	0
26	A	0.00000	1	0.00000	0
27	T	0.00000	1	0.00000	0
28	L	0.00000	1	0.00000	0
29	G	0.00000	1	0.00000	0
30	N	0.00000	1	0.00000	0
31	V	0.00000	1	0.00000	0
32	S	0.00000	1	0.00000	0
33	A	0.00000	1	0.00000	0
34	G	0.00000	1	0.00000	0
35	P	0.00000	1	0.00000	0
36	S	0.00000	0.99999	0.00001	0
37	P	0.00000	0.99996	0.00004	0
38	A	0.00000	0.99969	0.00031	0
39	G	0.00000	0.9995	0.00050	0
40	L	0.00000	0.99915	0.00085	0
41	A	0.00000	0.99868	0.00132	0
42	V	0.00000	0.99818	0.00182	0
43	S	0.00000	0.99751	0.00249	0
44	G	0.00000	0.98226	0.01774	0
45	V	0.00000	0.95209	0.04791	0
46	L	0.00000	0.93526	0.06474	0
47	I	0.00000	0.33486	0.66514	0
48	P	0.00000	0.27362	0.72638	0
49	L	0.00000	0.08501	0.91499	0
50	V	0.00000	0.00175	0.99825	0
51	Y	0.00000	0.00013	0.99987	0
52	L	0.00000	1e-05	0.99999	0
53	V	0.00000	0	1.00000	0
54	V	0.00000	0	1.00000	0
55	C	0.00000	0	1.00000	0
56	V	0.00000	0	1.00000	0
57	V	0.00000	0	1.00000	0
58	G	0.00000	0	1.00000	0
59	L	0.00000	0	1.00000	0
60	L	0.00000	0	1.00000	0
61	G	0.00000	0	1.00000	0
62	N	0.00000	0	1.00000	0
63	S	0.00000	0	1.00000	0
64	L	0.00000	0	1.00000	0
65	V	0.00000	0	1.00000	0
66	I	0.00000	0	1.00000	0
67	Y	0.00003	0	0.99997	0
68	V	0.00150	0	0.99850	0
69	V	0.03957	0	0.96043	0
70	L	0.24905	0	0.75095	0
71	R	0.98194	0	0.01806	0
72	H	0.99984	0	0.00016	0
73	T	0.99998	0	0.00002	0
74	A	1.00000	0	0.00000	0
75	S	1.00000	0	0.00000	0
76	P	1.00000	0	0.00000	0
77	S	0.99998	0	0.00002	0
78	V	0.99833	0	0.00167	0
79	T	0.99016	0	0.00984	0
80	N	0.85887	0	0.14113	0
81	V	0.37018	0	0.62982	0
82	Y	0.00723	0	0.99277	0
83	I	0.00014	0	0.99986	0
84	L	0.00000	0	1.00000	0
85	N	0.00000	0	1.00000	0
86	L	0.00000	0	1.00000	0
87	A	0.00000	0	1.00000	0
88	L	0.00000	0	1.00000	0
89	A	0.00000	0	1.00000	0
90	D	0.00000	0	1.00000	0
91	E	0.00000	0	1.00000	0
92	L	0.00000	0	1.00000	0
93	F	0.00000	0	1.00000	0
94	M	0.00000	0	1.00000	0
95	L	0.00000	0	1.00000	0
96	G	0.00000	0	1.00000	0
97	L	0.00000	0	1.00000	0
98	P	0.00000	9e-05	0.99991	0
99	F	0.00000	0.00108	0.99892	0
100	L	0.00000	0.01448	0.98552	0
101	A	0.00000	0.20575	0.79425	0
102	A	0.00000	0.4268	0.57320	0
103	Q	0.00000	0.99967	0.00033	0
104	N	0.00000	0.99993	0.00007	0
105	A	0.00000	0.99994	0.00006	0
106	L	0.00000	0.99995	0.00005	0
107	S	0.00000	0.99999	0.00001	0
108	Y	0.00000	1	0.00000	0
109	W	0.00000	1	0.00000	0
110	P	0.00000	1	0.00000	0
111	F	0.00000	1	0.00000	0
112	G	0.00000	1	0.00000	0
113	S	0.00000	1	0.00000	0
114	L	0.00000	0.99997	0.00003	0
115	M	0.00000	0.99986	0.00014	0
116	C	0.00000	0.9998	0.00020	0
117	R	0.00000	0.99897	0.00103	0
118	L	0.00000	0.99413	0.00587	0
119	V	0.00000	0.3615	0.63850	0
120	M	0.00000	0.12495	0.87505	0
121	A	0.00000	0.00631	0.99369	0
122	V	0.00000	0.00462	0.99538	0
123	D	0.00000	0.00318	0.99682	0
124	G	0.00000	0.00026	0.99974	0
125	I	0.00000	0	1.00000	0
126	N	0.00000	0	1.00000	0
127	Q	0.00000	0	1.00000	0
128	F	0.00000	0	1.00000	0
129	T	0.00000	0	1.00000	0
130	S	0.00000	0	1.00000	0
131	I	0.00000	0	1.00000	0
132	F	0.00000	0	1.00000	0
133	C	0.00000	0	1.00000	0
134	L	0.00000	0	1.00000	0
135	T	0.00000	0	1.00000	0
136	V	0.00000	0	1.00000	0
137	M	0.00000	0	1.00000	0
138	S	0.00000	0	1.00000	0
139	V	0.00000	0	1.00000	0
140	D	0.00003	0	0.99997	0
141	R	0.01517	0	0.98483	0
142	Y	0.11240	0	0.88760	0
143	L	0.77154	0	0.22846	0
144	A	0.95843	0	0.04157	0
145	V	0.99998	0	0.00002	0
146	V	1.00000	0	0.00000	0
147	H	1.00000	0	0.00000	0
148	P	1.00000	0	0.00000	0
149	T	1.00000	0	0.00000	0
150	R	1.00000	0	0.00000	0
151	S	1.00000	0	0.00000	0
152	A	1.00000	0	0.00000	0
153	R	1.00000	0	0.00000	0
154	W	1.00000	0	0.00000	0
155	R	1.00000	0	0.00000	0
156	T	0.99999	0	0.00001	0
157	A	0.99207	0	0.00793	0
158	P	0.97856	0	0.02144	0
159	V	0.54000	0	0.46000	0
160	A	0.49050	0	0.50950	0
161	R	0.47633	0	0.52367	0
162	T	0.30300	0	0.69700	0
163	V	0.05271	0	0.94729	0
164	S	0.02946	0	0.97054	0
165	A	0.00147	0	0.99853	0
166	A	0.00001	0	0.99999	0
167	V	0.00000	0	1.00000	0
168	W	0.00000	0	1.00000	0
169	V	0.00000	0	1.00000	0
170	A	0.00000	0	1.00000	0
171	S	0.00000	0	1.00000	0
172	A	0.00000	0	1.00000	0
173	V	0.00000	0	1.00000	0
174	V	0.00000	0	1.00000	0
175	V	0.00000	0	1.00000	0
176	L	0.00000	1e-05	0.99999	0
177	P	0.00000	0.00082	0.99918	0
178	V	0.00000	0.00149	0.99851	0
179	V	0.00000	0.0081	0.99190	0
180	V	0.00000	0.04868	0.95132	0
181	F	0.00000	0.16511	0.83489	0
182	S	0.00000	0.46502	0.53498	0
183	G	0.00000	0.68018	0.31982	0
184	V	0.00000	0.76193	0.23807	0
185	P	0.00000	0.95643	0.04357	0
186	R	0.00000	0.99837	0.00163	0
187	G	0.00000	0.99934	0.00066	0
188	M	0.00000	0.99948	0.00052	0
189	S	0.00000	0.99995	0.00005	0
190	T	0.00000	0.99999	0.00001	0
191	C	0.00000	1	0.00000	0
192	H	0.00000	1	0.00000	0
193	M	0.00000	1	0.00000	0
194	Q	0.00000	1	0.00000	0
195	W	0.00000	1	0.00000	0
196	P	0.00000	1	0.00000	0
197	E	0.00000	1	0.00000	0
198	P	0.00000	0.99996	0.00004	0
199	A	0.00000	0.99991	0.00009	0
200	A	0.00000	0.99863	0.00137	0
201	A	0.00000	0.99857	0.00143	0
202	W	0.00000	0.9985	0.00150	0
203	R	0.00000	0.99831	0.00169	0
204	A	0.00000	0.89224	0.10776	0
205	G	0.00000	0.77444	0.22556	0
206	F	0.00000	0.28689	0.71311	0
207	I	0.00000	0.10347	0.89653	0
208	I	0.00000	0.09208	0.90792	0
209	Y	0.00000	0.00243	0.99757	0
210	T	0.00000	0.00176	0.99824	0
211	A	0.00000	0.0013	0.99870	0
212	A	0.00000	7e-05	0.99993	0
213	L	0.00000	0	1.00000	0
214	G	0.00000	0	1.00000	0
215	F	0.00000	0	1.00000	0
216	F	0.00000	0	1.00000	0
217	G	0.00000	0	1.00000	0
218	P	0.00000	0	1.00000	0
219	L	0.00000	0	1.00000	0
220	L	0.00000	0	1.00000	0
221	V	0.00000	0	1.00000	0
222	I	0.00000	0	1.00000	0
223	C	0.00000	0	1.00000	0
224	L	0.00001	0	0.99999	0
225	C	0.00003	0	0.99997	0
226	Y	0.00009	0	0.99991	0
227	L	0.00054	0	0.99946	0
228	L	0.00295	0	0.99705	0
229	I	0.02030	0	0.97970	0
230	V	0.12841	0	0.87159	0
231	V	0.62826	0	0.37174	0
232	K	0.96214	0	0.03786	0
233	V	0.97210	0	0.02790	0
234	R	0.99904	0	0.00096	0
235	S	0.99985	0	0.00015	0
236	A	0.99995	0	0.00005	0
237	G	1.00000	0	0.00000	0
238	R	1.00000	0	0.00000	0
239	R	1.00000	0	0.00000	0
240	V	1.00000	0	0.00000	0
241	W	1.00000	0	0.00000	0
242	A	1.00000	0	0.00000	0
243	P	1.00000	0	0.00000	0
244	S	1.00000	0	0.00000	0
245	C	1.00000	0	0.00000	0
246	Q	1.00000	0	0.00000	0
247	R	1.00000	0	0.00000	0
248	R	1.00000	0	0.00000	0
249	R	1.00000	0	0.00000	0
250	R	1.00000	0	0.00000	0
251	S	1.00000	0	0.00000	0
252	E	1.00000	0	0.00000	0
253	R	0.99167	0	0.00833	0
254	R	0.93176	0	0.06824	0
255	V	0.68677	0	0.31323	0
256	T	0.64926	0	0.35074	0
257	R	0.51290	0	0.48710	0
258	M	0.07398	0	0.92602	0
259	V	0.00335	0	0.99665	0
260	V	0.00254	0	0.99746	0
261	A	0.00189	0	0.99811	0
262	V	0.00007	0	0.99993	0
263	V	0.00007	0	0.99993	0
264	A	0.00000	0	1.00000	0
265	L	0.00000	0	1.00000	0
266	F	0.00000	0	1.00000	0
267	V	0.00000	0	1.00000	0
268	L	0.00000	0	1.00000	0
269	C	0.00000	0	1.00000	0
270	W	0.00000	0	1.00000	0
271	M	0.00000	0	1.00000	0
272	P	0.00000	0	1.00000	0
273	F	0.00000	0	1.00000	0
274	Y	0.00000	3e-05	0.99997	0
275	V	0.00000	0.00152	0.99848	0
276	L	0.00000	0.01469	0.98531	0
277	N	0.00000	0.09579	0.90421	0
278	I	0.00000	0.13538	0.86462	0
279	V	0.00000	0.34472	0.65528	0
280	N	0.00000	0.57964	0.42036	0
281	V	0.00000	0.62442	0.37558	0
282	V	0.00000	0.73907	0.26093	0
283	C	0.00000	0.96233	0.03767	0
284	P	0.00000	0.98285	0.01715	0
285	L	0.00000	0.98763	0.01237	0
286	P	0.00000	0.99803	0.00197	0
287	E	0.00000	0.99994	0.00006	0
288	E	0.00000	0.99976	0.00024	0
289	P	0.00000	0.99947	0.00053	0
290	A	0.00000	0.98753	0.01247	0
291	F	0.00000	0.9604	0.03960	0
292	F	0.00000	0.94085	0.05915	0
293	G	0.00000	0.92325	0.07675	0
294	L	0.00000	0.35589	0.64411	0
295	Y	0.00000	0.13389	0.86611	0
296	F	0.00000	0.01898	0.98102	0
297	L	0.00000	0.00016	0.99984	0
298	V	0.00000	1e-05	0.99999	0
299	V	0.00000	0	1.00000	0
300	A	0.00000	0	1.00000	0
301	L	0.00000	0	1.00000	0
302	P	0.00000	0	1.00000	0
303	Y	0.00000	0	1.00000	0
304	A	0.00000	0	1.00000	0
305	N	0.00000	0	1.00000	0
306	S	0.00000	0	1.00000	0
307	C	0.00000	0	1.00000	0
308	A	0.00000	0	1.00000	0
309	N	0.00000	0	1.00000	0
310	P	0.00000	0	1.00000	0
311	I	0.00000	0	1.00000	0
312	L	0.00011	0	0.99989	0
313	Y	0.00031	0	0.99969	0
314	G	0.00312	0	0.99688	0
315	F	0.03146	0	0.96854	0
316	L	0.76331	0	0.23669	0
317	S	0.95289	0	0.04711	0
318	Y	0.97700	0	0.02300	0
319	R	1.00000	0	0.00000	0
320	F	1.00000	0	0.00000	0
321	K	1.00000	0	0.00000	0
322	Q	1.00000	0	0.00000	0
323	G	1.00000	0	0.00000	0
324	F	1.00000	0	0.00000	0
325	R	1.00000	0	0.00000	0
326	R	1.00000	0	0.00000	0
327	V	1.00000	0	0.00000	0
328	L	1.00000	0	0.00000	0
329	L	1.00000	0	0.00000	0
330	R	1.00000	0	0.00000	0
331	P	1.00000	0	0.00000	0
332	S	1.00000	0	0.00000	0
333	R	1.00000	0	0.00000	0
334	R	1.00000	0	0.00000	0
335	V	1.00000	0	0.00000	0
336	R	1.00000	0	0.00000	0
337	S	1.00000	0	0.00000	0
338	Q	1.00000	0	0.00000	0
339	E	1.00000	0	0.00000	0
340	P	1.00000	0	0.00000	0
341	T	1.00000	0	0.00000	0
342	V	1.00000	0	0.00000	0
343	G	1.00000	0	0.00000	0
344	P	1.00000	0	0.00000	0
345	P	1.00000	0	0.00000	0
346	E	1.00000	0	0.00000	0
347	K	1.00000	0	0.00000	0
348	T	1.00000	0	0.00000	0
349	E	1.00000	0	0.00000	0
350	E	1.00000	0	0.00000	0
351	E	1.00000	0	0.00000	0
352	D	1.00000	0	0.00000	0
353	E	1.00000	0	0.00000	0
354	E	1.00000	0	0.00000	0
355	E	1.00000	0	0.00000	0
356	E	1.00000	0	0.00000	0
357	D	1.00000	0	0.00000	0
358	G	1.00000	0	0.00000	0
359	E	1.00000	0	0.00000	0
360	E	1.00000	0	0.00000	0
361	S	1.00000	0	0.00000	0
362	R	1.00000	0	0.00000	0
363	E	1.00000	0	0.00000	0
364	G	1.00000	0	0.00000	0
365	G	1.00000	0	0.00000	0
366	K	1.00000	0	0.00000	0
367	G	1.00000	0	0.00000	0
368	K	1.00000	0	0.00000	0
369	E	1.00000	0	0.00000	0
370	M	1.00000	0	0.00000	0
371	N	1.00000	0	0.00000	0
372	G	1.00000	0	0.00000	0
373	R	1.00000	0	0.00000	0
374	V	1.00000	0	0.00000	0
375	S	1.00000	0	0.00000	0
376	Q	1.00000	0	0.00000	0
377	I	1.00000	0	0.00000	0
378	T	1.00000	0	0.00000	0
379	Q	1.00000	0	0.00000	0
380	P	1.00000	0	0.00000	0
381	G	1.00000	0	0.00000	0
382	T	1.00000	0	0.00000	0
383	S	1.00000	0	0.00000	0
384	G	1.00000	0	0.00000	0
385	Q	1.00000	0	0.00000	0
386	E	1.00000	0	0.00000	0
387	R	1.00000	0	0.00000	0
388	P	1.00000	0	0.00000	0
389	P	1.00000	0	0.00000	0
390	S	1.00000	0	0.00000	0
391	R	1.00000	0	0.00000	0
392	V	1.00000	0	0.00000	0
393	A	1.00000	0	0.00000	0
394	S	1.00000	0	0.00000	0
395	K	1.00000	0	0.00000	0
396	E	1.00000	0	0.00000	0
397	Q	1.00000	0	0.00000	0
398	Q	1.00000	0	0.00000	0
399	L	1.00000	0	0.00000	0
400	L	1.00000	0	0.00000	0
401	P	1.00000	0	0.00000	0
402	Q	1.00000	0	0.00000	0
403	E	1.00000	0	0.00000	0
404	A	1.00000	0	0.00000	0
405	S	1.00000	0	0.00000	0
406	T	1.00000	0	0.00000	0
407	G	1.00000	0	0.00000	0
408	E	1.00000	0	0.00000	0
409	K	1.00000	0	0.00000	0
410	S	1.00000	0	0.00000	0
411	S	1.00000	0	0.00000	0
412	T	1.00000	0	0.00000	0
413	M	1.00000	0	0.00000	0
414	R	1.00000	0	0.00000	0
415	I	1.00000	0	0.00000	0
416	S	1.00000	0	0.00000	0
417	Y	1.00000	0	0.00000	0
418	L	1.00000	0	0.00000	0
