# UNNAMED
#pos	aa	i	o	M	S
1	M	0.00000	1	0.00000	0
2	E	0.00000	1	0.00000	0
3	G	0.00000	1	0.00000	0
4	D	0.00000	1	0.00000	0
5	S	0.00000	1	0.00000	0
6	Y	0.00000	1	0.00000	0
7	H	0.00000	1	0.00000	0
8	N	0.00000	1	0.00000	0
9	A	0.00000	1	0.00000	0
10	T	0.00000	1	0.00000	0
11	T	0.00000	1	0.00000	0
12	V	0.00000	1	0.00000	0
13	N	0.00000	1	0.00000	0
14	G	0.00000	1	0.00000	0
15	T	0.00000	1	0.00000	0
16	P	0.00000	1	0.00000	0
17	V	0.00000	1	0.00000	0
18	N	0.00000	1	0.00000	0
19	H	0.00000	1	0.00000	0
20	Q	0.00000	1	0.00000	0
21	P	0.00000	1	0.00000	0
22	L	0.00000	1	0.00000	0
23	E	0.00000	1	0.00000	0
24	R	0.00000	1	0.00000	0
25	H	0.00000	0.99997	0.00003	0
26	R	0.00000	0.99986	0.00014	0
27	L	0.00000	0.9857	0.01430	0
28	W	0.00000	0.95961	0.04039	0
29	E	0.00000	0.94184	0.05816	0
30	V	0.00000	0.33283	0.66717	0
31	I	0.00000	0.10527	0.89473	0
32	T	0.00000	0.06427	0.93573	0
33	I	0.00000	0.00899	0.99101	0
34	A	0.00000	0.00398	0.99602	0
35	A	0.00000	0.00119	0.99881	0
36	V	0.00000	5e-05	0.99995	0
37	T	0.00000	0	1.00000	0
38	A	0.00000	0	1.00000	0
39	V	0.00000	0	1.00000	0
40	V	0.00000	0	1.00000	0
41	S	0.00000	0	1.00000	0
42	L	0.00000	0	1.00000	0
43	I	0.00000	0	1.00000	0
44	T	0.00000	0	1.00000	0
45	I	0.00000	0	1.00000	0
46	V	0.00000	0	1.00000	0
47	G	0.00000	0	1.00000	0
48	N	0.00000	0	1.00000	0
49	V	0.00000	0	1.00000	0
50	L	0.00003	0	0.99997	0
51	V	0.00027	0	0.99973	0
52	M	0.00206	0	0.99794	0
53	I	0.01258	0	0.98742	0
54	S	0.56329	0	0.43671	0
55	F	0.64189	0	0.35811	0
56	K	0.99197	0	0.00803	0
57	V	0.99676	0	0.00324	0
58	N	0.99993	0	0.00007	0
59	S	0.99999	0	0.00001	0
60	Q	1.00000	0	0.00000	0
61	L	0.99996	0	0.00004	0
62	K	0.99989	0	0.00011	0
63	T	0.98557	0	0.01443	0
64	V	0.57259	0	0.42741	0
65	N	0.24404	0	0.75596	0
66	N	0.04308	0	0.95692	0
67	Y	0.01675	0	0.98325	0
68	Y	0.00085	0	0.99915	0
69	L	0.00007	0	0.99993	0
70	L	0.00000	0	1.00000	0
71	S	0.00000	0	1.00000	0
72	L	0.00000	0	1.00000	0
73	A	0.00000	0	1.00000	0
74	C	0.00000	0	1.00000	0
75	A	0.00000	0	1.00000	0
76	D	0.00000	0	1.00000	0
77	L	0.00000	0	1.00000	0
78	I	0.00000	0	1.00000	0
79	I	0.00000	0	1.00000	0
80	G	0.00000	0	1.00000	0
81	I	0.00000	0	1.00000	0
82	F	0.00000	0.00146	0.99854	0
83	S	0.00000	0.09911	0.90089	0
84	M	0.00000	0.15884	0.84116	0
85	N	0.00000	0.65652	0.34348	0
86	L	0.00000	0.69369	0.30631	0
87	Y	0.00000	0.78935	0.21065	0
88	T	0.00000	0.81566	0.18434	0
89	T	0.00000	0.86304	0.13696	0
90	Y	0.00000	0.87324	0.12676	0
91	I	0.00000	0.87861	0.12139	0
92	L	0.00000	0.8954	0.10460	0
93	M	0.00000	0.91534	0.08466	0
94	G	0.00000	0.97312	0.02688	0
95	R	0.00000	0.99828	0.00172	0
96	W	0.00000	0.9995	0.00050	0
97	A	0.00000	0.99988	0.00012	0
98	L	0.00000	0.99999	0.00001	0
99	G	0.00000	1	0.00000	0
100	S	0.00000	1	0.00000	0
101	L	0.00000	0.99997	0.00003	0
102	A	0.00000	0.99997	0.00003	0
103	C	0.00000	0.99996	0.00004	0
104	D	0.00000	0.99986	0.00014	0
105	L	0.00000	0.99931	0.00069	0
106	W	0.00000	0.94318	0.05682	0
107	L	0.00000	0.44009	0.55991	0
108	A	0.00000	0.0955	0.90450	0
109	L	0.00000	0.00318	0.99682	0
110	D	0.00000	0.00011	0.99989	0
111	Y	0.00000	1e-05	0.99999	0
112	V	0.00000	0	1.00000	0
113	A	0.00000	0	1.00000	0
114	S	0.00000	0	1.00000	0
115	N	0.00000	0	1.00000	0
116	A	0.00000	0	1.00000	0
117	S	0.00000	0	1.00000	0
118	V	0.00000	0	1.00000	0
119	M	0.00000	0	1.00000	0
120	N	0.00000	0	1.00000	0
121	L	0.00000	0	1.00000	0
122	L	0.00000	0	1.00000	0
123	V	0.00000	0	1.00000	0
124	I	0.00000	0	1.00000	0
125	S	0.00000	0	1.00000	0
126	F	0.00000	0	1.00000	0
127	D	0.00007	0	0.99993	0
128	R	0.05735	0	0.94265	0
129	Y	0.28030	0	0.71970	0
130	F	0.65552	0	0.34448	0
131	S	0.92932	0	0.07068	0
132	I	0.99997	0	0.00003	0
133	T	1.00000	0	0.00000	0
134	R	1.00000	0	0.00000	0
135	P	1.00000	0	0.00000	0
136	L	1.00000	0	0.00000	0
137	T	1.00000	0	0.00000	0
138	Y	1.00000	0	0.00000	0
139	R	1.00000	0	0.00000	0
140	A	1.00000	0	0.00000	0
141	K	1.00000	0	0.00000	0
142	R	1.00000	0	0.00000	0
143	T	0.99999	0	0.00001	0
144	P	0.99997	0	0.00003	0
145	K	0.99918	0	0.00082	0
146	R	0.95068	0	0.04932	0
147	A	0.06544	0	0.93456	0
148	G	0.02205	0	0.97795	0
149	I	0.00365	0	0.99635	0
150	M	0.00182	0	0.99818	0
151	I	0.00009	0	0.99991	0
152	G	0.00004	0	0.99996	0
153	L	0.00000	0	1.00000	0
154	A	0.00000	0	1.00000	0
155	W	0.00000	0	1.00000	0
156	L	0.00000	0	1.00000	0
157	I	0.00000	0	1.00000	0
158	S	0.00000	0	1.00000	0
159	F	0.00000	0	1.00000	0
160	I	0.00000	0	1.00000	0
161	L	0.00000	0	1.00000	0
162	W	0.00000	0	1.00000	0
163	A	0.00000	0	1.00000	0
164	P	0.00000	1e-05	0.99999	0
165	A	0.00000	5e-05	0.99995	0
166	I	0.00000	0.00271	0.99729	0
167	L	0.00000	0.07385	0.92615	0
168	C	0.00000	0.85161	0.14839	0
169	W	0.00000	0.90963	0.09037	0
170	Q	0.00000	0.98829	0.01171	0
171	Y	0.00000	0.99158	0.00842	0
172	L	0.00000	0.99284	0.00716	0
173	V	0.00000	0.9941	0.00590	0
174	G	0.00000	0.99973	0.00027	0
175	K	0.00000	1	0.00000	0
176	R	0.00000	1	0.00000	0
177	T	0.00000	1	0.00000	0
178	V	0.00000	1	0.00000	0
179	P	0.00000	1	0.00000	0
180	L	0.00000	1	0.00000	0
181	D	0.00000	1	0.00000	0
182	E	0.00000	1	0.00000	0
183	C	0.00000	1	0.00000	0
184	Q	0.00000	0.99999	0.00001	0
185	I	0.00000	0.99444	0.00556	0
186	Q	0.00000	0.99341	0.00659	0
187	F	0.00000	0.99244	0.00756	0
188	L	0.00000	0.9923	0.00770	0
189	S	0.00000	0.99201	0.00799	0
190	E	0.00000	0.99168	0.00832	0
191	P	0.00000	0.55215	0.44785	0
192	T	0.00000	0.40436	0.59564	0
193	I	0.00000	0.14232	0.85768	0
194	T	0.00000	0.11243	0.88757	0
195	F	0.00000	0.01386	0.98614	0
196	G	0.00000	0.00426	0.99574	0
197	T	0.00000	0.00195	0.99805	0
198	A	0.00000	1e-05	0.99999	0
199	I	0.00000	0	1.00000	0
200	A	0.00000	0	1.00000	0
201	A	0.00000	0	1.00000	0
202	F	0.00000	0	1.00000	0
203	Y	0.00000	0	1.00000	0
204	I	0.00000	0	1.00000	0
205	P	0.00000	0	1.00000	0
206	V	0.00000	0	1.00000	0
207	S	0.00002	0	0.99998	0
208	V	0.00003	0	0.99997	0
209	M	0.00005	0	0.99995	0
210	T	0.00007	0	0.99993	0
211	I	0.00015	0	0.99985	0
212	L	0.00038	0	0.99962	0
213	Y	0.00225	0	0.99775	0
214	C	0.02143	0	0.97857	0
215	R	0.19257	0	0.80743	0
216	I	0.21743	0	0.78257	0
217	Y	0.33097	0	0.66903	0
218	R	0.99240	0	0.00760	0
219	E	0.99965	0	0.00035	0
220	T	1.00000	0	0.00000	0
221	E	1.00000	0	0.00000	0
222	K	1.00000	0	0.00000	0
223	R	1.00000	0	0.00000	0
224	T	1.00000	0	0.00000	0
225	K	1.00000	0	0.00000	0
226	D	1.00000	0	0.00000	0
227	L	1.00000	0	0.00000	0
228	A	1.00000	0	0.00000	0
229	D	1.00000	0	0.00000	0
230	L	1.00000	0	0.00000	0
231	Q	1.00000	0	0.00000	0
232	G	1.00000	0	0.00000	0
233	S	1.00000	0	0.00000	0
234	D	1.00000	0	0.00000	0
235	S	1.00000	0	0.00000	0
236	V	1.00000	0	0.00000	0
237	T	1.00000	0	0.00000	0
238	K	1.00000	0	0.00000	0
239	A	1.00000	0	0.00000	0
240	E	1.00000	0	0.00000	0
241	K	1.00000	0	0.00000	0
242	R	1.00000	0	0.00000	0
243	K	1.00000	0	0.00000	0
244	P	1.00000	0	0.00000	0
245	A	1.00000	0	0.00000	0
246	H	1.00000	0	0.00000	0
247	R	1.00000	0	0.00000	0
248	A	1.00000	0	0.00000	0
249	L	1.00000	0	0.00000	0
250	F	1.00000	0	0.00000	0
251	R	1.00000	0	0.00000	0
252	S	1.00000	0	0.00000	0
253	C	1.00000	0	0.00000	0
254	L	1.00000	0	0.00000	0
255	R	1.00000	0	0.00000	0
256	C	1.00000	0	0.00000	0
257	P	1.00000	0	0.00000	0
258	R	1.00000	0	0.00000	0
259	P	1.00000	0	0.00000	0
260	T	1.00000	0	0.00000	0
261	L	1.00000	0	0.00000	0
262	A	1.00000	0	0.00000	0
263	Q	1.00000	0	0.00000	0
264	R	1.00000	0	0.00000	0
265	E	1.00000	0	0.00000	0
266	R	1.00000	0	0.00000	0
267	N	1.00000	0	0.00000	0
268	Q	1.00000	0	0.00000	0
269	A	1.00000	0	0.00000	0
270	S	1.00000	0	0.00000	0
271	W	1.00000	0	0.00000	0
272	S	1.00000	0	0.00000	0
273	S	1.00000	0	0.00000	0
274	S	1.00000	0	0.00000	0
275	R	1.00000	0	0.00000	0
276	R	1.00000	0	0.00000	0
277	S	1.00000	0	0.00000	0
278	T	1.00000	0	0.00000	0
279	S	1.00000	0	0.00000	0
280	T	1.00000	0	0.00000	0
281	T	1.00000	0	0.00000	0
282	G	1.00000	0	0.00000	0
283	K	1.00000	0	0.00000	0
284	P	1.00000	0	0.00000	0
285	S	1.00000	0	0.00000	0
286	Q	1.00000	0	0.00000	0
287	A	1.00000	0	0.00000	0
288	T	1.00000	0	0.00000	0
289	G	1.00000	0	0.00000	0
290	P	1.00000	0	0.00000	0
291	S	1.00000	0	0.00000	0
292	A	1.00000	0	0.00000	0
293	N	1.00000	0	0.00000	0
294	W	1.00000	0	0.00000	0
295	A	1.00000	0	0.00000	0
296	K	1.00000	0	0.00000	0
297	A	1.00000	0	0.00000	0
298	E	1.00000	0	0.00000	0
299	Q	1.00000	0	0.00000	0
300	L	1.00000	0	0.00000	0
301	T	1.00000	0	0.00000	0
302	T	1.00000	0	0.00000	0
303	C	1.00000	0	0.00000	0
304	S	1.00000	0	0.00000	0
305	S	1.00000	0	0.00000	0
306	Y	1.00000	0	0.00000	0
307	P	1.00000	0	0.00000	0
308	S	1.00000	0	0.00000	0
309	S	1.00000	0	0.00000	0
310	E	1.00000	0	0.00000	0
311	D	1.00000	0	0.00000	0
312	E	1.00000	0	0.00000	0
313	D	1.00000	0	0.00000	0
314	K	1.00000	0	0.00000	0
315	P	1.00000	0	0.00000	0
316	A	1.00000	0	0.00000	0
317	T	1.00000	0	0.00000	0
318	D	1.00000	0	0.00000	0
319	P	1.00000	0	0.00000	0
320	V	1.00000	0	0.00000	0
321	L	1.00000	0	0.00000	0
322	Q	1.00000	0	0.00000	0
323	V	1.00000	0	0.00000	0
324	V	1.00000	0	0.00000	0
325	Y	1.00000	0	0.00000	0
326	K	1.00000	0	0.00000	0
327	S	1.00000	0	0.00000	0
328	Q	1.00000	0	0.00000	0
329	G	1.00000	0	0.00000	0
330	K	1.00000	0	0.00000	0
331	E	1.00000	0	0.00000	0
332	S	1.00000	0	0.00000	0
333	P	1.00000	0	0.00000	0
334	G	1.00000	0	0.00000	0
335	E	1.00000	0	0.00000	0
336	E	1.00000	0	0.00000	0
337	F	1.00000	0	0.00000	0
338	S	1.00000	0	0.00000	0
339	A	1.00000	0	0.00000	0
340	E	1.00000	0	0.00000	0
341	E	1.00000	0	0.00000	0
342	T	1.00000	0	0.00000	0
343	E	1.00000	0	0.00000	0
344	E	1.00000	0	0.00000	0
345	T	1.00000	0	0.00000	0
346	F	1.00000	0	0.00000	0
347	V	1.00000	0	0.00000	0
348	K	1.00000	0	0.00000	0
349	A	1.00000	0	0.00000	0
350	E	1.00000	0	0.00000	0
351	T	1.00000	0	0.00000	0
352	E	1.00000	0	0.00000	0
353	K	1.00000	0	0.00000	0
354	S	1.00000	0	0.00000	0
355	D	1.00000	0	0.00000	0
356	Y	1.00000	0	0.00000	0
357	D	1.00000	0	0.00000	0
358	T	1.00000	0	0.00000	0
359	P	1.00000	0	0.00000	0
360	N	1.00000	0	0.00000	0
361	Y	1.00000	0	0.00000	0
362	L	1.00000	0	0.00000	0
363	L	1.00000	0	0.00000	0
364	S	1.00000	0	0.00000	0
365	P	1.00000	0	0.00000	0
366	A	1.00000	0	0.00000	0
367	A	1.00000	0	0.00000	0
368	A	1.00000	0	0.00000	0
369	H	1.00000	0	0.00000	0
370	R	1.00000	0	0.00000	0
371	P	1.00000	0	0.00000	0
372	K	1.00000	0	0.00000	0
373	S	1.00000	0	0.00000	0
374	Q	1.00000	0	0.00000	0
375	K	1.00000	0	0.00000	0
376	C	1.00000	0	0.00000	0
377	V	1.00000	0	0.00000	0
378	A	1.00000	0	0.00000	0
379	Y	1.00000	0	0.00000	0
380	K	1.00000	0	0.00000	0
381	F	1.00000	0	0.00000	0
382	R	1.00000	0	0.00000	0
383	L	1.00000	0	0.00000	0
384	V	1.00000	0	0.00000	0
385	V	1.00000	0	0.00000	0
386	K	1.00000	0	0.00000	0
387	A	1.00000	0	0.00000	0
388	D	1.00000	0	0.00000	0
389	G	1.00000	0	0.00000	0
390	N	1.00000	0	0.00000	0
391	Q	1.00000	0	0.00000	0
392	E	1.00000	0	0.00000	0
393	T	1.00000	0	0.00000	0
394	N	1.00000	0	0.00000	0
395	N	1.00000	0	0.00000	0
396	G	1.00000	0	0.00000	0
397	C	1.00000	0	0.00000	0
398	H	1.00000	0	0.00000	0
399	K	1.00000	0	0.00000	0
400	V	1.00000	0	0.00000	0
401	K	1.00000	0	0.00000	0
402	I	1.00000	0	0.00000	0
403	M	1.00000	0	0.00000	0
404	P	1.00000	0	0.00000	0
405	C	1.00000	0	0.00000	0
406	P	1.00000	0	0.00000	0
407	F	1.00000	0	0.00000	0
408	P	1.00000	0	0.00000	0
409	V	1.00000	0	0.00000	0
410	A	1.00000	0	0.00000	0
411	K	1.00000	0	0.00000	0
412	E	1.00000	0	0.00000	0
413	P	1.00000	0	0.00000	0
414	S	1.00000	0	0.00000	0
415	T	1.00000	0	0.00000	0
416	K	1.00000	0	0.00000	0
417	G	1.00000	0	0.00000	0
418	L	1.00000	0	0.00000	0
419	N	1.00000	0	0.00000	0
420	P	1.00000	0	0.00000	0
421	N	1.00000	0	0.00000	0
422	P	1.00000	0	0.00000	0
423	S	1.00000	0	0.00000	0
424	H	1.00000	0	0.00000	0
425	Q	1.00000	0	0.00000	0
426	M	1.00000	0	0.00000	0
427	T	1.00000	0	0.00000	0
428	K	1.00000	0	0.00000	0
429	R	1.00000	0	0.00000	0
430	K	1.00000	0	0.00000	0
431	R	1.00000	0	0.00000	0
432	V	1.00000	0	0.00000	0
433	V	1.00000	0	0.00000	0
434	L	1.00000	0	0.00000	0
435	V	1.00000	0	0.00000	0
436	K	1.00000	0	0.00000	0
437	E	1.00000	0	0.00000	0
438	R	0.98740	0	0.01260	0
439	K	0.98621	0	0.01379	0
440	A	0.34375	0	0.65625	0
441	A	0.29344	0	0.70656	0
442	Q	0.28875	0	0.71125	0
443	T	0.26491	0	0.73509	0
444	L	0.23423	0	0.76577	0
445	S	0.06128	0	0.93872	0
446	A	0.00552	0	0.99448	0
447	I	0.00046	0	0.99954	0
448	L	0.00019	0	0.99981	0
449	L	0.00000	0	1.00000	0
450	A	0.00000	0	1.00000	0
451	F	0.00000	0	1.00000	0
452	I	0.00000	0	1.00000	0
453	I	0.00000	0	1.00000	0
454	T	0.00000	0	1.00000	0
455	W	0.00000	0	1.00000	0
456	T	0.00000	0	1.00000	0
457	P	0.00000	0	1.00000	0
458	Y	0.00000	1e-05	0.99999	0
459	N	0.00000	7e-05	0.99993	0
460	I	0.00000	0.00012	0.99988	0
461	M	0.00000	0.00082	0.99918	0
462	V	0.00000	0.01109	0.98891	0
463	L	0.00000	0.0999	0.90010	0
464	V	0.00000	0.23305	0.76695	0
465	S	0.00000	0.52022	0.47978	0
466	T	0.00000	0.65776	0.34224	0
467	F	0.00000	0.70329	0.29671	0
468	C	0.00000	0.97108	0.02892	0
469	D	0.00000	0.99993	0.00007	0
470	K	0.00000	1	0.00000	0
471	C	0.00000	1	0.00000	0
472	V	0.00000	0.99995	0.00005	0
473	P	0.00000	0.99555	0.00445	0
474	V	0.00000	0.93984	0.06016	0
475	T	0.00000	0.88543	0.11457	0
476	L	0.00000	0.87152	0.12848	0
477	W	0.00000	0.86621	0.13379	0
478	H	0.00000	0.64771	0.35229	0
479	L	0.00000	0.03058	0.96942	0
480	G	0.00000	0.01993	0.98007	0
481	Y	0.00000	0.00109	0.99891	0
482	W	0.00000	0	1.00000	0
483	L	0.00000	0	1.00000	0
484	C	0.00000	0	1.00000	0
485	Y	0.00000	0	1.00000	0
486	V	0.00000	0	1.00000	0
487	N	0.00000	0	1.00000	0
488	S	0.00000	0	1.00000	0
489	T	0.00000	0	1.00000	0
490	V	0.00000	0	1.00000	0
491	N	0.00000	0	1.00000	0
492	P	0.00000	0	1.00000	0
493	I	0.00000	0	1.00000	0
494	C	0.00009	0	0.99991	0
495	Y	0.00063	0	0.99937	0
496	A	0.00235	0	0.99765	0
497	L	0.00614	0	0.99386	0
498	C	0.07766	0	0.92234	0
499	N	0.23948	0	0.76052	0
500	R	0.99999	0	0.00001	0
501	T	0.99999	0	0.00001	0
502	F	0.99999	0	0.00001	0
503	R	1.00000	0	0.00000	0
504	K	1.00000	0	0.00000	0
505	T	1.00000	0	0.00000	0
506	F	1.00000	0	0.00000	0
507	K	1.00000	0	0.00000	0
508	M	1.00000	0	0.00000	0
509	L	1.00000	0	0.00000	0
510	L	1.00000	0	0.00000	0
511	L	1.00000	0	0.00000	0
512	C	1.00000	0	0.00000	0
513	R	1.00000	0	0.00000	0
514	W	1.00000	0	0.00000	0
515	K	1.00000	0	0.00000	0
516	K	1.00000	0	0.00000	0
517	K	1.00000	0	0.00000	0
518	K	1.00000	0	0.00000	0
519	V	1.00000	0	0.00000	0
520	E	1.00000	0	0.00000	0
521	E	1.00000	0	0.00000	0
522	K	1.00000	0	0.00000	0
523	L	1.00000	0	0.00000	0
524	Y	1.00000	0	0.00000	0
525	W	1.00000	0	0.00000	0
526	Q	1.00000	0	0.00000	0
527	G	1.00000	0	0.00000	0
528	N	1.00000	0	0.00000	0
529	S	1.00000	0	0.00000	0
530	K	1.00000	0	0.00000	0
531	L	1.00000	0	0.00000	0
532	P	1.00000	0	0.00000	0
