# UNNAMED
#pos	aa	i	o	M	S
1	M	0.00000	1	0.00000	0
2	E	0.00000	1	0.00000	0
3	E	0.00000	1	0.00000	0
4	G	0.00000	1	0.00000	0
5	F	0.00000	1	0.00000	0
6	R	0.00000	1	0.00000	0
7	D	0.00000	1	0.00000	0
8	R	0.00000	1	0.00000	0
9	A	0.00000	1	0.00000	0
10	A	0.00000	1	0.00000	0
11	F	0.00000	1	0.00000	0
12	I	0.00000	1	0.00000	0
13	R	0.00000	1	0.00000	0
14	G	0.00000	1	0.00000	0
15	A	0.00000	1	0.00000	0
16	K	0.00000	1	0.00000	0
17	D	0.00000	1	0.00000	0
18	I	0.00000	1	0.00000	0
19	A	0.00000	1	0.00000	0
20	K	0.00000	1	0.00000	0
21	E	0.00000	1	0.00000	0
22	V	0.00000	1	0.00000	0
23	K	0.00000	1	0.00000	0
24	K	0.00000	1	0.00000	0
25	H	0.00000	1	0.00000	0
26	A	0.00000	1	0.00000	0
27	A	0.00000	1	0.00000	0
28	K	0.00000	1	0.00000	0
29	K	0.00000	1	0.00000	0
30	V	0.00000	1	0.00000	0
31	V	0.00000	1	0.00000	0
32	K	0.00000	1	0.00000	0
33	G	0.00000	1	0.00000	0
34	L	0.00000	1	0.00000	0
35	D	0.00000	1	0.00000	0
36	R	0.00000	1	0.00000	0
37	V	0.00000	1	0.00000	0
38	Q	0.00000	1	0.00000	0
39	D	0.00000	1	0.00000	0
40	E	0.00000	1	0.00000	0
41	Y	0.00000	1	0.00000	0
42	S	0.00000	1	0.00000	0
43	R	0.00000	1	0.00000	0
44	R	0.00000	1	0.00000	0
45	S	0.00000	1	0.00000	0
46	Y	0.00000	1	0.00000	0
47	S	0.00000	1	0.00000	0
48	R	0.00000	1	0.00000	0
49	F	0.00000	1	0.00000	0
50	E	0.00000	1	0.00000	0
51	E	0.00000	1	0.00000	0
52	E	0.00000	1	0.00000	0
53	D	0.00000	1	0.00000	0
54	D	0.00000	1	0.00000	0
55	D	0.00000	1	0.00000	0
56	D	0.00000	1	0.00000	0
57	D	0.00000	1	0.00000	0
58	F	0.00000	1	0.00000	0
59	P	0.00000	1	0.00000	0
60	A	0.00000	1	0.00000	0
61	P	0.00000	1	0.00000	0
62	S	0.00000	1	0.00000	0
63	D	0.00000	1	0.00000	0
64	G	0.00000	1	0.00000	0
65	Y	0.00000	1	0.00000	0
66	Y	0.00000	1	0.00000	0
67	R	0.00000	1	0.00000	0
68	G	0.00000	1	0.00000	0
69	E	0.00000	1	0.00000	0
70	G	0.00000	1	0.00000	0
71	T	0.00000	1	0.00000	0
72	Q	0.00000	1	0.00000	0
73	D	0.00000	1	0.00000	0
74	E	0.00000	1	0.00000	0
75	E	0.00000	1	0.00000	0
76	E	0.00000	1	0.00000	0
77	G	0.00000	1	0.00000	0
78	G	0.00000	1	0.00000	0
79	A	0.00000	1	0.00000	0
80	S	0.00000	1	0.00000	0
81	S	0.00000	1	0.00000	0
82	D	0.00000	1	0.00000	0
83	A	0.00000	1	0.00000	0
84	T	0.00000	1	0.00000	0
85	E	0.00000	1	0.00000	0
86	G	0.00000	1	0.00000	0
87	H	0.00000	1	0.00000	0
88	D	0.00000	1	0.00000	0
89	E	0.00000	1	0.00000	0
90	D	0.00000	1	0.00000	0
91	D	0.00000	1	0.00000	0
92	E	0.00000	1	0.00000	0
93	I	0.00000	1	0.00000	0
94	Y	0.00000	1	0.00000	0
95	E	0.00000	1	0.00000	0
96	G	0.00000	1	0.00000	0
97	E	0.00000	1	0.00000	0
98	Y	0.00000	1	0.00000	0
99	Q	0.00000	1	0.00000	0
100	G	0.00000	1	0.00000	0
101	I	0.00000	1	0.00000	0
102	P	0.00000	1	0.00000	0
103	R	0.00000	1	0.00000	0
104	A	0.00000	1	0.00000	0
105	E	0.00000	1	0.00000	0
106	S	0.00000	1	0.00000	0
107	G	0.00000	1	0.00000	0
108	G	0.00000	1	0.00000	0
109	K	0.00000	1	0.00000	0
110	G	0.00000	1	0.00000	0
111	E	0.00000	1	0.00000	0
112	R	0.00000	1	0.00000	0
113	M	0.00000	1	0.00000	0
114	A	0.00000	1	0.00000	0
115	D	0.00000	1	0.00000	0
116	G	0.00000	1	0.00000	0
117	A	0.00000	1	0.00000	0
118	P	0.00000	1	0.00000	0
119	L	0.00000	1	0.00000	0
120	A	0.00000	1	0.00000	0
121	G	0.00000	1	0.00000	0
122	V	0.00000	1	0.00000	0
123	R	0.00000	1	0.00000	0
124	G	0.00000	1	0.00000	0
125	G	0.00000	1	0.00000	0
126	L	0.00000	1	0.00000	0
127	S	0.00000	1	0.00000	0
128	D	0.00000	1	0.00000	0
129	G	0.00000	1	0.00000	0
130	E	0.00000	1	0.00000	0
131	G	0.00000	1	0.00000	0
132	P	0.00000	1	0.00000	0
133	P	0.00000	1	0.00000	0
134	G	0.00000	1	0.00000	0
135	G	0.00000	1	0.00000	0
136	R	0.00000	1	0.00000	0
137	G	0.00000	1	0.00000	0
138	E	0.00000	1	0.00000	0
139	A	0.00000	1	0.00000	0
140	Q	0.00000	1	0.00000	0
141	R	0.00000	1	0.00000	0
142	R	0.00000	1	0.00000	0
143	K	0.00000	1	0.00000	0
144	E	0.00000	1	0.00000	0
145	R	0.00000	1	0.00000	0
146	E	0.00000	1	0.00000	0
147	E	0.00000	1	0.00000	0
148	L	0.00000	1	0.00000	0
149	A	0.00000	1	0.00000	0
150	Q	0.00000	1	0.00000	0
151	Q	0.00000	1	0.00000	0
152	Y	0.00000	1	0.00000	0
153	E	0.00000	1	0.00000	0
154	A	0.00000	1	0.00000	0
155	I	0.00000	1	0.00000	0
156	L	0.00000	1	0.00000	0
157	R	0.00000	1	0.00000	0
158	E	0.00000	1	0.00000	0
159	C	0.00000	1	0.00000	0
160	G	0.00000	1	0.00000	0
161	H	0.00000	1	0.00000	0
162	G	0.00000	0.99999	0.00001	0
163	R	0.00000	0.99994	0.00006	0
164	F	0.00000	0.99788	0.00212	0
165	Q	0.00000	0.95768	0.04232	0
166	W	0.00000	0.44807	0.55193	0
167	T	0.00000	0.29669	0.70331	0
168	L	0.00000	0.20259	0.79741	0
169	Y	0.00000	0.17941	0.82059	0
170	F	0.00000	0.17593	0.82407	0
171	V	0.00000	0.17545	0.82455	0
172	L	0.00000	0.17538	0.82462	0
173	G	0.00000	0.17537	0.82463	0
174	L	0.00000	0.17536	0.82464	0
175	A	0.00000	0.17536	0.82464	0
176	L	0.00000	0.17536	0.82464	0
177	M	0.00000	0.17536	0.82464	0
178	A	0.00000	0.17536	0.82464	0
179	D	0.00000	0.17536	0.82464	0
180	G	0.00000	0.17536	0.82464	0
181	V	0.00000	0.17536	0.82464	0
182	E	0.00000	0.17536	0.82464	0
183	V	0.00000	0.17536	0.82464	0
184	F	0.00000	0.17536	0.82464	0
185	V	0.00000	0.17536	0.82464	0
186	V	0.00000	0.17536	0.82464	0
187	G	0.00001	0.17536	0.82462	0
188	F	0.00031	0.17536	0.82433	0
189	V	0.00985	0.17536	0.81478	0
190	L	0.08629	0.17536	0.73835	0
191	P	0.69237	0.17536	0.13227	0
192	S	0.73366	0.17536	0.09098	0
193	A	0.77716	0.17536	0.04747	0
194	E	0.82325	0.17536	0.00138	0
195	K	0.82461	0.17536	0.00003	0
196	D	0.82463	0.17536	0.00000	0
197	M	0.82461	0.17536	0.00002	0
198	C	0.82461	0.17536	0.00003	0
199	L	0.82456	0.17536	0.00007	0
200	S	0.82446	0.17536	0.00018	0
201	D	0.82411	0.17536	0.00052	0
202	S	0.81705	0.17534	0.00761	0
203	N	0.76814	0.17528	0.05658	0
204	K	0.75887	0.17485	0.06628	0
205	G	0.57771	0.16669	0.25560	0
206	M	0.02474	0.1504	0.82486	0
207	L	0.00164	0.12905	0.86931	0
208	G	0.00022	0.01089	0.98889	0
209	L	0.00000	0.00125	0.99875	0
210	I	0.00000	0.00124	0.99876	0
211	V	0.00000	0.00124	0.99876	0
212	Y	0.00000	0.00124	0.99876	0
213	L	0.00000	0.00124	0.99876	0
214	G	0.00000	0.00124	0.99876	0
215	M	0.00000	0.00124	0.99876	0
216	M	0.00000	0.00124	0.99876	0
217	V	0.00000	0.00124	0.99876	0
218	G	0.00000	0.00124	0.99876	0
219	A	0.00000	0.00124	0.99876	0
220	F	0.00000	0.00125	0.99875	0
221	L	0.00000	0.00135	0.99865	0
222	W	0.00000	0.00243	0.99756	0
223	G	0.00003	0.00816	0.99182	0
224	G	0.00060	0.01457	0.98483	0
225	L	0.00251	0.04741	0.95008	0
226	A	0.02440	0.22733	0.74828	0
227	D	0.17393	0.82069	0.00538	0
228	R	0.17401	0.82467	0.00133	0
229	L	0.17402	0.82494	0.00105	0
230	G	0.17410	0.82531	0.00059	0
231	R	0.17412	0.82565	0.00022	0
232	R	0.17412	0.82573	0.00016	0
233	Q	0.15938	0.82571	0.01491	0
234	C	0.10519	0.8257	0.06912	0
235	L	0.00819	0.82569	0.16613	0
236	L	0.00173	0.82568	0.17258	0
237	I	0.00089	0.82565	0.17346	0
238	S	0.00055	0.82565	0.17380	0
239	L	0.00020	0.82564	0.17416	0
240	S	0.00017	0.82563	0.17420	0
241	V	0.00006	0.82539	0.17456	0
242	N	0.00005	0.82531	0.17465	0
243	S	0.00004	0.80069	0.19927	0
244	V	0.00000	0.61117	0.38883	0
245	F	0.00000	0.5992	0.40080	0
246	A	0.00000	0.59871	0.40129	0
247	F	0.00000	0.59775	0.40225	0
248	F	0.00000	0.59691	0.40309	0
249	S	0.00006	0.59508	0.40487	0
250	S	0.00007	0.58693	0.41300	0
251	F	0.00007	0.4638	0.53612	0
252	V	0.00011	0.44687	0.55302	0
253	Q	0.00018	0.44786	0.55195	0
254	G	0.00018	0.44882	0.55100	0
255	Y	0.00018	0.4683	0.53152	0
256	G	0.00018	0.52284	0.47698	0
257	T	0.00013	0.56493	0.43494	0
258	F	0.00003	0.18431	0.81566	0
259	L	0.00000	0.15142	0.84857	0
260	F	0.00000	0.15585	0.84415	0
261	C	0.00000	0.17468	0.82532	0
262	R	0.00000	0.17461	0.82539	0
263	L	0.00000	0.17455	0.82545	0
264	L	0.00002	0.17455	0.82543	0
265	S	0.00758	0.17455	0.81787	0
266	G	0.03122	0.17455	0.79422	0
267	V	0.21124	0.17462	0.61413	0
268	G	0.21143	0.17472	0.61385	0
269	I	0.21259	0.17477	0.61264	0
270	G	0.21284	0.17491	0.61224	0
271	G	0.21436	0.17504	0.61060	0
272	S	0.23620	0.17505	0.58875	0
273	I	0.25165	0.17505	0.57330	0
274	P	0.38062	0.17505	0.44433	0
275	I	0.38062	0.17506	0.44433	0
276	V	0.38062	0.17506	0.44433	0
277	F	0.38062	0.17506	0.44432	0
278	S	0.38062	0.17521	0.44417	0
279	Y	0.38063	0.17524	0.44414	0
280	F	0.51875	0.17524	0.30601	0
281	S	0.80251	0.17524	0.02225	0
282	E	0.82194	0.17524	0.00282	0
283	F	0.82392	0.17524	0.00084	0
284	L	0.82475	0.17524	0.00002	0
285	A	0.82476	0.17524	0.00000	0
286	Q	0.82476	0.17524	0.00000	0
287	E	0.82476	0.17524	0.00000	0
288	K	0.82417	0.17524	0.00059	0
289	R	0.79297	0.17524	0.03179	0
290	G	0.66088	0.17524	0.16388	0
291	E	0.62539	0.17523	0.19939	0
292	H	0.55991	0.00756	0.43253	0
293	L	0.29601	0.00236	0.70163	0
294	S	0.22638	0.00183	0.77179	0
295	W	0.11174	0.00067	0.88759	0
296	L	0.01010	0.00021	0.98969	0
297	C	0.00002	0.00017	0.99981	0
298	M	0.00000	8e-05	0.99991	0
299	F	0.00000	6e-05	0.99994	0
300	W	0.00000	6e-05	0.99994	0
301	M	0.00000	6e-05	0.99994	0
302	I	0.00000	5e-05	0.99995	0
303	G	0.00000	5e-05	0.99995	0
304	G	0.00000	5e-05	0.99995	0
305	V	0.00000	5e-05	0.99995	0
306	Y	0.00000	5e-05	0.99995	0
307	A	0.00000	5e-05	0.99995	0
308	A	0.00000	6e-05	0.99994	0
309	A	0.00000	0.00049	0.99951	0
310	M	0.00002	0.00938	0.99060	0
311	A	0.00578	0.11417	0.88004	0
312	W	0.00675	0.18879	0.80445	0
313	A	0.02562	0.25335	0.72103	0
314	I	0.07905	0.36788	0.55307	0
315	I	0.12713	0.55053	0.32235	0
316	P	0.17501	0.79542	0.02957	0
317	H	0.17510	0.82218	0.00272	0
318	Y	0.17511	0.82435	0.00054	0
319	G	0.17513	0.82477	0.00011	0
320	W	0.17513	0.8248	0.00006	0
321	S	0.17514	0.82481	0.00005	0
322	F	0.17518	0.82481	0.00001	0
323	Q	0.17519	0.82481	0.00000	0
324	M	0.17519	0.82481	0.00000	0
325	G	0.17519	0.82481	0.00000	0
326	S	0.17518	0.82341	0.00141	0
327	A	0.17466	0.81393	0.01142	0
328	Y	0.17445	0.81263	0.01292	0
329	Q	0.17435	0.24632	0.57934	0
330	F	0.13007	0.0476	0.82233	0
331	H	0.11558	0.04162	0.84280	0
332	S	0.09227	0.02388	0.88385	0
333	W	0.05350	0.02301	0.92349	0
334	R	0.04239	0.0224	0.93521	0
335	V	0.00170	0.00897	0.98934	0
336	F	0.00002	0.00804	0.99195	0
337	V	0.00000	0.00778	0.99222	0
338	L	0.00000	0.00061	0.99939	0
339	V	0.00000	0.00025	0.99975	0
340	C	0.00000	0.00024	0.99976	0
341	A	0.00000	0.00022	0.99978	0
342	F	0.00000	0.00021	0.99979	0
343	P	0.00000	0.00021	0.99979	0
344	S	0.00000	0.00021	0.99979	0
345	V	0.00000	0.00021	0.99979	0
346	F	0.00000	0.00022	0.99978	0
347	A	0.00000	0.00042	0.99958	0
348	I	0.00000	0.00091	0.99909	0
349	G	0.00026	0.00102	0.99871	0
350	A	0.00386	0.00172	0.99442	0
351	L	0.02549	0.00864	0.96587	0
352	T	0.41175	0.0553	0.53295	0
353	T	0.68261	0.08389	0.23350	0
354	Q	0.79493	0.12051	0.08456	0
355	P	0.80194	0.15677	0.04129	0
356	E	0.80295	0.17449	0.02256	0
357	S	0.80308	0.17514	0.02178	0
358	P	0.80324	0.17537	0.02139	0
359	R	0.80327	0.1754	0.02133	0
360	F	0.80328	0.1754	0.02132	0
361	F	0.80377	0.1754	0.02083	0
362	L	0.80627	0.1754	0.01833	0
363	E	0.82159	0.1754	0.00300	0
364	N	0.82459	0.1754	0.00001	0
365	G	0.82459	0.1754	0.00000	0
366	K	0.82460	0.1754	0.00000	0
367	H	0.82460	0.1754	0.00000	0
368	D	0.82460	0.1754	0.00000	0
369	E	0.82460	0.1754	0.00000	0
370	A	0.82460	0.1754	0.00000	0
371	W	0.82460	0.1754	0.00000	0
372	M	0.82460	0.1754	0.00000	0
373	V	0.82460	0.1754	0.00000	0
374	L	0.82460	0.1754	0.00000	0
375	K	0.82460	0.1754	0.00000	0
376	Q	0.82460	0.1754	0.00000	0
377	V	0.82460	0.1754	0.00000	0
378	H	0.82460	0.1754	0.00000	0
379	D	0.82460	0.1754	0.00000	0
380	T	0.82460	0.1754	0.00000	0
381	N	0.82460	0.1754	0.00000	0
382	M	0.82460	0.1754	0.00000	0
383	R	0.82460	0.1754	0.00000	0
384	A	0.82460	0.1754	0.00000	0
385	K	0.82460	0.1754	0.00000	0
386	G	0.82460	0.1754	0.00000	0
387	H	0.82460	0.1754	0.00000	0
388	P	0.82460	0.1754	0.00000	0
389	E	0.82460	0.1754	0.00000	0
390	R	0.82460	0.1754	0.00000	0
391	V	0.82460	0.1754	0.00000	0
392	F	0.82460	0.1754	0.00000	0
393	S	0.82460	0.1754	0.00000	0
394	V	0.82460	0.1754	0.00000	0
395	T	0.82460	0.1754	0.00000	0
396	H	0.82460	0.1754	0.00000	0
397	I	0.82460	0.1754	0.00000	0
398	K	0.82460	0.1754	0.00000	0
399	T	0.82460	0.1754	0.00000	0
400	I	0.82460	0.1754	0.00000	0
401	H	0.82460	0.1754	0.00000	0
402	Q	0.82460	0.1754	0.00000	0
403	E	0.82460	0.1754	0.00000	0
404	D	0.82460	0.1754	0.00000	0
405	E	0.82460	0.1754	0.00000	0
406	L	0.82460	0.17539	0.00001	0
407	I	0.82460	0.17538	0.00002	0
408	E	0.82460	0.17538	0.00002	0
409	I	0.82460	0.17538	0.00003	0
410	Q	0.82460	0.17538	0.00003	0
411	S	0.82460	0.17538	0.00003	0
412	D	0.82460	0.17538	0.00003	0
413	T	0.82455	0.17521	0.00023	0
414	G	0.82444	0.13123	0.04433	0
415	T	0.82424	0.12796	0.04780	0
416	W	0.82340	0.12155	0.05505	0
417	Y	0.82338	0.12148	0.05514	0
418	Q	0.82160	0.11658	0.06182	0
419	R	0.78671	0.11583	0.09746	0
420	W	0.78431	0.11557	0.10012	0
421	G	0.73432	0.11511	0.15058	0
422	V	0.73420	0.11506	0.15073	0
423	R	0.73203	0.11504	0.15293	0
424	A	0.73142	0.11503	0.15355	0
425	L	0.73121	0.11502	0.15377	0
426	S	0.73121	0.11501	0.15377	0
427	L	0.73121	0.115	0.15379	0
428	G	0.73123	0.115	0.15377	0
429	G	0.73123	0.115	0.15377	0
430	Q	0.73123	0.115	0.15377	0
431	V	0.73123	0.115	0.15377	0
432	W	0.73123	0.115	0.15376	0
433	G	0.73124	0.115	0.15376	0
434	N	0.73132	0.115	0.15368	0
435	F	0.73162	0.11501	0.15337	0
436	L	0.73914	0.11503	0.14583	0
437	S	0.77717	0.11537	0.10746	0
438	C	0.78031	0.11609	0.10360	0
439	F	0.78411	0.11729	0.09861	0
440	G	0.78821	0.14112	0.07066	0
441	P	0.79093	0.1666	0.04248	0
442	E	0.79118	0.18766	0.02116	0
443	Y	0.79119	0.1892	0.01960	0
444	R	0.78404	0.20719	0.00878	0
445	R	0.72360	0.20153	0.07487	0
446	I	0.27704	0.11954	0.60342	0
447	T	0.03226	0.07087	0.89687	0
448	L	0.00820	0.06611	0.92569	0
449	M	0.00642	0.06478	0.92881	0
450	M	0.00631	0.05631	0.93738	0
451	M	0.00592	0.05588	0.93820	0
452	G	0.00553	0.05585	0.93861	0
453	V	0.00064	0.05573	0.94363	0
454	W	0.00056	0.05573	0.94371	0
455	F	0.00036	0.05573	0.94391	0
456	T	0.00034	0.05573	0.94393	0
457	M	0.00030	0.05573	0.94397	0
458	S	0.00018	0.05573	0.94409	0
459	F	0.00001	0.05573	0.94426	0
460	S	0.00000	0.05573	0.94427	0
461	Y	0.00000	0.05573	0.94427	0
462	Y	0.00000	0.05573	0.94427	0
463	G	0.00000	0.05573	0.94427	0
464	L	0.00007	0.05576	0.94417	0
465	T	0.00033	0.05728	0.94239	0
466	V	0.01107	0.06609	0.92284	0
467	W	0.02895	0.09455	0.87650	0
468	F	0.03436	0.12039	0.84525	0
469	P	0.12405	0.6179	0.25804	0
470	D	0.14355	0.82552	0.03093	0
471	M	0.14726	0.82609	0.02665	0
472	I	0.15128	0.82969	0.01902	0
473	R	0.15250	0.83998	0.00752	0
474	H	0.15253	0.84039	0.00708	0
475	L	0.15259	0.84068	0.00673	0
476	Q	0.15266	0.84526	0.00208	0
477	A	0.15266	0.84574	0.00160	0
478	V	0.15266	0.84711	0.00023	0
479	D	0.15266	0.84734	0.00000	0
480	Y	0.15251	0.84734	0.00016	0
481	A	0.14798	0.84734	0.00468	0
482	S	0.14792	0.84734	0.00473	0
483	R	0.14783	0.84734	0.00483	0
484	T	0.14780	0.84734	0.00486	0
485	K	0.14780	0.84734	0.00486	0
486	V	0.14780	0.84734	0.00486	0
487	F	0.14780	0.84734	0.00486	0
488	P	0.14780	0.84734	0.00486	0
489	G	0.14780	0.84734	0.00486	0
490	E	0.14780	0.84734	0.00486	0
491	R	0.14780	0.84734	0.00486	0
492	V	0.14780	0.84734	0.00486	0
493	E	0.14780	0.84734	0.00486	0
494	H	0.14780	0.84734	0.00486	0
495	V	0.14780	0.84734	0.00486	0
496	T	0.14780	0.84734	0.00486	0
497	F	0.14780	0.84734	0.00486	0
498	N	0.14780	0.84734	0.00486	0
499	F	0.14780	0.84734	0.00486	0
500	T	0.14780	0.84736	0.00484	0
501	L	0.14780	0.84754	0.00466	0
502	E	0.14780	0.85169	0.00051	0
503	N	0.14780	0.85201	0.00019	0
504	Q	0.14779	0.85208	0.00013	0
505	I	0.14756	0.85209	0.00034	0
506	H	0.14756	0.85217	0.00027	0
507	R	0.14756	0.85219	0.00025	0
508	G	0.14756	0.85219	0.00025	0
509	G	0.14756	0.85219	0.00025	0
510	Q	0.14756	0.85219	0.00025	0
511	Y	0.14756	0.85219	0.00025	0
512	F	0.14756	0.85219	0.00025	0
513	N	0.14756	0.85219	0.00025	0
514	D	0.14756	0.85219	0.00024	0
515	K	0.13971	0.85219	0.00809	0
516	F	0.13909	0.85215	0.00876	0
517	I	0.11876	0.85215	0.02909	0
518	G	0.10445	0.85215	0.04340	0
519	L	0.10367	0.85215	0.04418	0
520	R	0.10347	0.85215	0.04438	0
521	L	0.10346	0.85215	0.04439	0
522	K	0.10346	0.85215	0.04439	0
523	S	0.10346	0.85215	0.04439	0
524	V	0.10346	0.85215	0.04438	0
525	S	0.10346	0.85226	0.04428	0
526	F	0.10346	0.85227	0.04427	0
527	E	0.10346	0.85238	0.04415	0
528	D	0.10346	0.85239	0.04415	0
529	S	0.10346	0.85239	0.04415	0
530	L	0.10346	0.85238	0.04415	0
531	F	0.10346	0.85238	0.04415	0
532	E	0.10346	0.85238	0.04415	0
533	E	0.10346	0.85237	0.04416	0
534	C	0.10346	0.85238	0.04416	0
535	Y	0.10346	0.8521	0.04444	0
536	F	0.10347	0.85229	0.04425	0
537	E	0.10347	0.88681	0.00972	0
538	D	0.10348	0.89179	0.00473	0
539	V	0.10308	0.89178	0.00513	0
540	T	0.10310	0.89376	0.00314	0
541	S	0.10310	0.89433	0.00257	0
542	S	0.10303	0.89466	0.00232	0
543	N	0.10302	0.89433	0.00265	0
544	T	0.10201	0.89428	0.00371	0
545	F	0.10176	0.8943	0.00393	0
546	F	0.10176	0.89437	0.00387	0
547	R	0.10176	0.89464	0.00359	0
548	N	0.10176	0.89466	0.00359	0
549	C	0.10175	0.89466	0.00360	0
550	T	0.10174	0.89466	0.00360	0
551	F	0.10174	0.89466	0.00360	0
552	I	0.10174	0.89466	0.00360	0
553	N	0.10174	0.89466	0.00360	0
554	T	0.10175	0.89466	0.00360	0
555	V	0.10173	0.89466	0.00361	0
556	F	0.10178	0.89466	0.00356	0
557	Y	0.10199	0.89466	0.00335	0
558	N	0.10256	0.89471	0.00272	0
559	T	0.10290	0.8948	0.00230	0
560	D	0.10301	0.89503	0.00196	0
561	L	0.10301	0.89504	0.00196	0
562	F	0.10305	0.89506	0.00190	0
563	E	0.10354	0.89522	0.00124	0
564	Y	0.10354	0.89526	0.00120	0
565	K	0.10354	0.8955	0.00097	0
566	F	0.10354	0.89552	0.00094	0
567	V	0.10354	0.89573	0.00073	0
568	N	0.10355	0.89635	0.00011	0
569	S	0.10355	0.89641	0.00005	0
570	R	0.10355	0.89641	0.00004	0
571	L	0.10355	0.89641	0.00004	0
572	I	0.10355	0.89642	0.00004	0
573	N	0.10355	0.89642	0.00003	0
574	S	0.10355	0.89642	0.00003	0
575	T	0.10355	0.89644	0.00001	0
576	F	0.10355	0.89644	0.00001	0
577	L	0.10355	0.89644	0.00001	0
578	H	0.10355	0.89645	0.00001	0
579	N	0.10355	0.89645	0.00000	0
580	K	0.10355	0.89645	0.00000	0
581	E	0.10355	0.89645	0.00000	0
582	G	0.10355	0.89645	0.00000	0
583	C	0.10355	0.89645	0.00000	0
584	P	0.10355	0.89645	0.00001	0
585	L	0.10355	0.89644	0.00001	0
586	D	0.10355	0.89644	0.00001	0
587	V	0.10355	0.89635	0.00010	0
588	T	0.10355	0.89634	0.00012	0
589	G	0.10355	0.89633	0.00012	0
590	T	0.10355	0.8963	0.00016	0
591	G	0.10355	0.89619	0.00027	0
592	E	0.10355	0.89239	0.00407	0
593	G	0.09904	0.8591	0.04186	0
594	A	0.09896	0.52524	0.37581	0
595	Y	0.09849	0.37522	0.52629	0
596	M	0.09523	0.00657	0.89820	0
597	V	0.09522	0.00222	0.90255	0
598	Y	0.09522	0.00135	0.90342	0
599	F	0.09518	0.00016	0.90466	0
600	V	0.09518	0.00015	0.90467	0
601	S	0.09518	0.00015	0.90467	0
602	F	0.09518	0.00015	0.90467	0
603	L	0.09518	0.00015	0.90467	0
604	G	0.09518	0.00015	0.90467	0
605	T	0.09518	0.00015	0.90467	0
606	L	0.09518	0.00015	0.90467	0
607	A	0.09519	0.00015	0.90466	0
608	V	0.09519	0.00015	0.90466	0
609	L	0.09519	0.00015	0.90466	0
610	P	0.09526	0.00015	0.90459	0
611	G	0.09529	0.00015	0.90456	0
612	N	0.09551	0.00015	0.90434	0
613	I	0.09802	0.00015	0.90183	0
614	V	0.13944	0.00015	0.86041	0
615	S	0.29507	0.00016	0.70476	0
616	A	0.52134	0.00018	0.47849	0
617	L	0.59603	0.00027	0.40370	0
618	L	0.75079	0.00062	0.24859	0
619	M	0.88384	0.00201	0.11415	0
620	D	0.98753	0.0085	0.00396	0
621	K	0.99141	0.00852	0.00008	0
622	I	0.99142	0.0084	0.00018	0
623	G	0.99147	0.00819	0.00034	0
624	R	0.99147	0.00451	0.00402	0
625	L	0.99142	9e-05	0.00849	0
626	R	0.99142	6e-05	0.00852	0
627	M	0.99139	5e-05	0.00855	0
628	L	0.99137	5e-05	0.00857	0
629	A	0.99134	5e-05	0.00861	0
630	G	0.99099	5e-05	0.00896	0
631	S	0.99046	5e-05	0.00949	0
632	S	0.98928	5e-05	0.01067	0
633	V	0.96744	2e-05	0.03254	0
634	M	0.96471	1e-05	0.03528	0
635	S	0.96468	1e-05	0.03531	0
636	C	0.96460	1e-05	0.03539	0
637	V	0.96459	1e-05	0.03541	0
638	S	0.96295	1e-05	0.03704	0
639	C	0.96283	1e-05	0.03717	0
640	F	0.95979	0	0.04021	0
641	F	0.95978	0	0.04022	0
642	L	0.95978	0	0.04022	0
643	S	0.95980	0	0.04020	0
644	F	0.96050	0	0.03950	0
645	G	0.96480	3e-05	0.03518	0
646	N	0.96764	5e-05	0.03230	0
647	S	0.96818	6e-05	0.03177	0
648	E	0.96824	6e-05	0.03170	0
649	S	0.96798	6e-05	0.03197	0
650	A	0.96739	3e-05	0.03257	0
651	M	0.94350	1e-05	0.05649	0
652	I	0.94347	1e-05	0.05652	0
653	A	0.94345	3e-05	0.05652	0
654	L	0.94322	0.00015	0.05663	0
655	L	0.94322	0.00163	0.05515	0
656	C	0.94323	0.00842	0.04834	0
657	L	0.94324	0.00897	0.04779	0
658	F	0.94324	0.01155	0.04521	0
659	G	0.94325	0.01793	0.03882	0
660	G	0.94325	0.0192	0.03755	0
661	V	0.94325	0.01943	0.03732	0
662	S	0.94326	0.0224	0.03434	0
663	I	0.94326	0.02313	0.03361	0
664	A	0.94326	0.02437	0.03237	0
665	S	0.94326	0.02791	0.02883	0
666	W	0.94326	0.02985	0.02689	0
667	N	0.94326	0.03121	0.02553	0
668	A	0.94326	0.03134	0.02540	0
669	L	0.94326	0.0315	0.02524	0
670	D	0.94328	0.03296	0.02376	0
671	V	0.94328	0.03301	0.02371	0
672	L	0.94328	0.03354	0.02318	0
673	T	0.94329	0.03863	0.01808	0
674	V	0.94330	0.04165	0.01505	0
675	E	0.94332	0.0502	0.00648	0
676	L	0.94332	0.05099	0.00569	0
677	Y	0.94332	0.05404	0.00264	0
678	P	0.94332	0.05617	0.00051	0
679	S	0.94332	0.05657	0.00011	0
680	D	0.94332	0.05668	0.00000	0
681	K	0.94332	0.05658	0.00010	0
682	R	0.94332	0.05569	0.00099	0
683	T	0.94332	0.05532	0.00137	0
684	T	0.94332	0.05471	0.00197	0
685	A	0.94332	0.05285	0.00383	0
686	F	0.94332	0.05142	0.00527	0
687	G	0.94332	0.05092	0.00576	0
688	F	0.94332	0.03682	0.01986	0
689	L	0.94332	0.03551	0.02117	0
690	N	0.94332	0.02559	0.03109	0
691	A	0.94332	0.00334	0.05334	0
692	L	0.94332	0.00052	0.05617	0
693	C	0.94332	0.00047	0.05621	0
694	K	0.94332	0.00045	0.05624	0
695	L	0.94332	3e-05	0.05665	0
696	A	0.94332	2e-05	0.05667	0
697	A	0.94332	0	0.05668	0
698	V	0.94332	0	0.05668	0
699	L	0.94332	0	0.05668	0
700	G	0.94332	0	0.05668	0
701	I	0.94332	0	0.05668	0
702	S	0.94333	0	0.05667	0
703	I	0.94339	0	0.05661	0
704	F	0.94380	0	0.05620	0
705	T	0.94472	0	0.05528	0
706	S	0.94514	0	0.05486	0
707	F	0.94526	0	0.05474	0
708	V	0.94639	0	0.05361	0
709	G	0.94916	0	0.05084	0
710	I	0.95089	0	0.04911	0
711	T	0.96582	0	0.03418	0
712	K	0.99953	0	0.00047	0
713	A	0.99953	0	0.00047	0
714	A	0.99953	0	0.00047	0
715	P	0.99953	0	0.00047	0
716	I	0.99953	0	0.00047	0
717	L	0.99953	0	0.00047	0
718	F	0.99957	0	0.00043	0
719	A	0.99993	0	0.00007	0
720	S	0.99998	0	0.00002	0
721	A	1.00000	0	0.00000	0
722	A	1.00000	0	0.00000	0
723	L	1.00000	0	0.00000	0
724	A	1.00000	0	0.00000	0
725	L	1.00000	0	0.00000	0
726	G	1.00000	0	0.00000	0
727	S	1.00000	0	0.00000	0
728	S	1.00000	0	0.00000	0
729	L	1.00000	0	0.00000	0
730	A	1.00000	0	0.00000	0
731	L	1.00000	0	0.00000	0
732	K	1.00000	0	0.00000	0
733	L	1.00000	0	0.00000	0
734	P	1.00000	0	0.00000	0
735	E	1.00000	0	0.00000	0
736	T	1.00000	0	0.00000	0
737	R	1.00000	0	0.00000	0
738	G	1.00000	0	0.00000	0
739	Q	1.00000	0	0.00000	0
740	V	1.00000	0	0.00000	0
741	L	1.00000	0	0.00000	0
742	Q	1.00000	0	0.00000	0
