enst	genename	AIC2	AIC3	trans2w	trans2k	extraw	extrak	trans3w	trans3k	outerw	outerk	innerw	innerk
ENST00000014914	GPRC5A	13983.3	13964.7	0.180807	2.97215	0.299555	2.09836	0.180804	2.97226	0.219505	1.76395	0.517774	2.59471
ENST00000209540	OR1I1	11707.8	11709.7	0.143389	3.48282	0.232914	3.23303	0.143404	3.48351	0.287857	3.60256	0.186836	3.08051
ENST00000216629	BDKRB1	14956.8	14971.4	0.175806	2.70558	0.353212	3.16777	0.175865	2.70576	0.399216	3.79347	0.312636	2.73885
ENST00000218316	GPR50	11531.1	11513.5	0.0976331	4.48115	0.381619	3.07239	0.0975971	4.49303	0.419034	3.09823	0.209052	2.98642
ENST00000226413	GNRHR	15435.1	15448.8	0.135899	3.02661	0.237326	3.22356	0.135919	3.02619	0.234938	3.0631	0.242844	3.25199
ENST00000228887	GPRC5D	20868.4	20836.7	0.17323	2.33952	0.300842	2.23403	0.173198	2.33903	0.349292	2.27083	0.211802	2.23426
ENST00000234961	OPRD1	9888.8	9888.94	0.0377457	3.20041	0.0883116	3.70929	0.0377434	3.20137	0.0673112	2.81371	0.107321	4.62628
ENST00000241256	GHSR	13100.4	13065.8	0.0267296	3.19077	0.108732	2.59412	0.0267327	3.19103	0.108954	2.96899	0.0980173	2.40107
ENST00000244623	OR2B6	11246.9	11249.1	0.199972	2.12182	0.265567	3.22994	0.199943	2.12141	0.258456	3.10417	0.266988	3.34246
ENST00000245457	PTGER2	15683.8	15665.6	0.130141	2.77611	0.286377	3.14913	0.130191	2.77675	0.370474	3.34872	0.185591	2.92766
ENST00000246115	S1PR4	11454.1	11450.9	0.113669	2.42775	0.0901288	2.82097	0.113674	2.42646	0.0853571	3.08299	0.103044	2.44237
ENST00000246549	FFAR2	11656.6	11624.1	0.0948069	2.32312	0.268127	2.14836	0.0948426	2.32312	0.254149	2.36656	0.252395	1.91321
ENST00000246553	FFAR1	11264.8	11282.2	0.110603	3.8363	0.227829	3.32619	0.110621	3.83424	0.251182	3.1536	0.222393	3.46671
ENST00000246657	CCR7	11196.4	11190.7	0.0955629	3.46285	0.094351	2.77557	0.0955538	3.46276	0.0586767	2.96235	0.127846	2.79711
ENST00000247881	TAS2R4	16391.9	16339.6	0.552439	2.72395	0.68193	3.29381	0.552177	2.72229	0.488592	3.06092	1.11534	3.5087
ENST00000249016	MCHR1	10555.8	10543.5	0.0158093	5.28677	0.0868704	3.29487	0.0158114	5.28911	0.0536049	4.45856	0.125614	2.60666
ENST00000249041	GALR3	8891.57	8911.41	0.0556493	3.5262	0.133622	3.66566	0.0556383	3.52664	0.127297	3.24476	0.139405	4.07641
ENST00000249284	TAS2R16	16124.5	16111.9	0.782187	2.92694	0.639383	3.08965	0.782202	2.92733	0.519385	4.10468	0.6949	2.50257
ENST00000249389	OPN1SW	9642.97	9646.68	0.207705	3.90862	0.171929	3.34056	0.207897	3.91267	0.18857	3.67866	0.166512	3.05482
ENST00000249887	CCRL1	16583.6	16600	0.15796	3.06625	0.178904	2.476	0.15794	3.06682	0.199698	2.90944	0.171449	2.20989
ENST00000252660	MAS1	11218.9	11156.2	0.0474509	2.45751	0.172866	2.70607	0.0474633	2.45886	0.0818562	2.18454	0.321032	3.31021
ENST00000255262	NMUR2	15259.5	15228.3	0.102359	3.41151	0.311724	2.92332	0.102361	3.41243	0.44906	3.03676	0.173621	2.76204
ENST00000255380	CHRM3	25241.6	25234.4	0.0158491	2.14363	0.104068	2.63162	0.0158542	2.14355	0.0828112	2.47236	0.177541	2.89144
ENST00000256906	HRH4	20062.4	20062.4	0.320508	2.74143	0.541159	3.06572	0.320545	2.74305	0.506301	3.12566	0.630312	3.2269
ENST00000257068	MTNR1B	11322.1	11326.6	0.0951391	4.60223	0.214466	3.1641	0.095155	4.60423	0.246612	2.74511	0.200121	3.81707
ENST00000257254	APLNR	10232	10218	0.0406877	5.40769	0.0859439	2.80626	0.0406904	5.41002	0.0789559	3.81832	0.107432	2.06182
ENST00000258042	NMBR	17811.4	17763.3	0.113124	2.80135	0.195264	2.60156	0.113151	2.80066	0.155854	2.94063	0.223747	2.41053
ENST00000258400	HTR2B	20595.3	20581	0.0941042	4.63816	0.305419	3.06991	0.0941763	4.64598	0.269905	3.17489	0.368867	2.89083
ENST00000258456	GPR45	14204.7	14172	0.0709431	3.08127	0.0994162	2.55714	0.0709433	3.08188	0.0730622	2.10088	0.144528	2.96004
ENST00000259357	OR1J1	14334.7	14366	0.179567	2.93946	0.253193	2.7286	0.179657	2.93981	0.34087	2.986	0.208685	2.67765
ENST00000260843	GPR87	15094.6	14821.7	0.053549	3.25427	0.118896	2.14738	0.0535627	3.25481	0.00834855	1.82394	0.212286	2.32456
ENST00000262441	GLP2R	22943.5	22939.9	0.226304	2.59856	0.377183	2.86082	0.226439	2.59932	0.25254	3.31359	0.471822	2.75288
ENST00000265572	OPRK1	14711.1	14632.1	0.034909	2.28732	0.0891728	2.48212	0.0349127	2.28696	0.0432129	2.06147	0.110044	3.01414
ENST00000267015	GPR84	17756.4	17800.7	0.0973016	3.86526	0.28396	2.92772	0.0973057	3.86462	0.355172	2.99097	0.123743	2.1479
ENST00000267377	SSTR1	10151.8	10145	0.0119065	6.29829	0.0255638	4.67397	0.0119093	6.29936	0.0111387	4.41945	0.0507235	5.18005
ENST00000268912	OR4D1	10206.5	10220.3	0.113646	3.46334	0.169439	3.71895	0.113667	3.46235	0.143996	3.55219	0.19642	3.92953
ENST00000272928	CXCR7	17257.7	17310.9	0.0356252	4.50259	0.0516318	3.06917	0.0356316	4.50515	0.0558993	3.69906	0.0507899	2.68328
ENST00000273352	GPR128	27135.7	27095.7	0.449022	2.90867	0.648115	2.79223	0.449166	2.91335	0.463389	3.11014	0.679747	2.72414
ENST00000275169	GPR6	9886.99	9828.56	0.0272092	5.67286	0.0674726	2.90386	0.0272142	5.67376	0.0192215	3.4748	0.113484	2.43043
ENST00000275216	TAAR1	9622.69	9622.38	0.172678	3.30273	0.344386	3.25703	0.172747	3.30242	0.309605	2.82261	0.383177	3.69603
ENST00000276077	GPR174	10812.6	10853.2	0.0855301	4.52043	0.200868	2.42768	0.0855089	4.52065	0.188821	2.52338	0.213118	2.23754
ENST00000276198	HTR2C	9869.79	9857.04	0.0388199	1.56948	0.134447	1.9894	0.0388151	1.56957	0.136806	2.01558	0.113073	1.99578
ENST00000276218	GPR119	12808.1	12854.7	0.16083	3.49408	0.326304	3.81122	0.1609	3.49837	0.358094	4.13779	0.257476	2.85708
ENST00000277309	OR1K1	11393.2	11409.7	0.143971	3.07911	0.243593	3.21733	0.143929	3.07916	0.297365	3.59959	0.213976	2.95003
ENST00000279783	OR8K1	12267.8	12315.5	0.137925	3.1257	0.223946	2.36234	0.138022	3.12731	0.211881	2.88764	0.223834	2.0415
ENST00000279791	OR5M9	7212.25	7211.21	0.0799268	3.09193	0.0944189	3.51122	0.0799232	3.09191	0.137468	4.16129	0.0664528	2.92099
ENST00000280155	ADRA2A	11085.5	11083.9	0.0267032	4.45554	0.0805656	3.06965	0.0267082	4.45611	0.0897176	3.33172	0.0654842	2.58863
ENST00000282018	CYSLTR2	14555.7	14558.5	0.261317	3.54637	0.538189	3.62499	0.261361	3.55058	0.403203	3.63601	0.620339	3.67473
ENST00000284311	GPR15	18301	18201.5	0.16477	2.83938	0.285756	2.56766	0.164884	2.84111	0.212166	3.65346	0.385065	2.07488
ENST00000284674	GPR26	10934.4	10946.5	0.0751853	3.32805	0.0754058	2.71721	0.0752027	3.32882	0.0771831	2.7776	0.0715396	2.70397
ENST00000285600	OR4K1	11658.5	11656.2	0.102621	2.51655	0.184116	3.37515	0.102597	2.51774	0.217782	3.22205	0.176969	3.73788
ENST00000286201	FZD7	13335.1	13315.6	0.00154221	4.75838	0.0214419	5.67877	0.00154218	4.7582	0.00277904	7.2293	0.025592	5.49885
ENST00000287907	HTR5A	16567	16576.1	0.0677808	3.39084	0.153618	2.80469	0.067777	3.39061	0.136232	3.18697	0.18351	2.34005
ENST00000289451	OR10K1	9538.2	9526.5	0.0981499	2.97047	0.202971	3.15443	0.0981565	2.97171	0.209492	3.65076	0.164018	3.12805
ENST00000289753	HTR6	11859.2	11867.2	0.043076	2.61427	0.180015	3.86308	0.043083	2.61508	0.174891	3.66816	0.185722	4.90232
ENST00000291294	PTGIR	12256	12238.3	0.0493808	4.3868	0.126242	3.17364	0.0493914	4.38724	0.176143	3.31718	0.0560654	2.89106
ENST00000292174	CXCR5	12912.5	12836.1	0.0600962	5.23071	0.136349	2.89136	0.0600953	5.23033	0.0614384	2.95212	0.195915	2.94555
ENST00000292301	CCR2	10188.9	10095.2	0.134042	2.41752	0.443872	2.40641	0.134045	2.41861	0.173591	3.22419	0.542071	2.25536
ENST00000292513	PTGER1	11549.9	11552.6	0.079528	3.74763	0.16419	3.33141	0.0795215	3.74892	0.162809	3.5979	0.160724	3.05362
ENST00000295417	FZD5	14536.2	14557.3	0.0188267	3.4657	0.0315176	4.38319	0.0188306	3.46649	0.0235927	5.05143	0.0351545	4.23061
ENST00000295589	CCKAR	10566.5	10534.2	0.021903	2.90759	0.127654	2.65003	0.0219108	2.91021	0.133068	2.48383	0.122676	3.10366
ENST00000296140	CCR1	15352.7	15304.3	0.200551	3.31742	0.293903	2.67988	0.200543	3.31805	0.207656	3.05165	0.364566	2.52149
ENST00000296271	RHO	14028.9	14036.4	0.0510946	2.56889	0.0365317	3.02405	0.0510921	2.56915	0.0288187	3.11936	0.0429617	2.95496
ENST00000296533	NPY1R	16619.5	16569.4	0.0672049	1.9637	0.106005	1.97669	0.0672147	1.96337	0.0792927	2.11439	0.127792	2.01722
ENST00000296641	F2RL2	15851.7	15841.5	0.253419	3.04772	0.379224	3.18928	0.253434	3.04862	0.476467	3.88923	0.359873	3.02512
ENST00000296677	F2RL1	17990.6	18002.1	0.0818992	2.41687	0.235308	2.61309	0.0818647	2.41666	0.168433	2.82676	0.309858	2.53181
ENST00000297913	OR1Q1	14365	14355.8	0.151689	4.24333	0.23492	3.16112	0.151808	4.24577	0.355719	3.52012	0.171866	2.85619
ENST00000298110	GPR101	17290.4	17317.1	0.139798	4.20505	0.240478	2.70341	0.139656	4.21203	0.276758	2.55413	0.131939	3.18592
ENST00000298440	OXGR1	15276.8	15261.4	0.10187	3.14948	0.201354	2.23952	0.101861	3.14753	0.199939	2.35553	0.197843	2.14687
ENST00000298642	OR4K2	11537.6	11544.1	0.125276	2.7183	0.24463	3.4664	0.125278	2.71861	0.26648	3.51642	0.233326	3.58082
ENST00000299092	GPR176	17158.4	17147	0.0737594	4.23093	0.135852	3.19693	0.0737585	4.23088	0.148422	3.46269	0.0934349	2.42855
ENST00000299178	AVPR1A	16881.3	16892.2	0.0580824	3.86339	0.179764	2.54878	0.0581017	3.86497	0.162855	2.48762	0.185181	2.83178
ENST00000299727	GALR1	8333.42	8327.69	0.0287741	3.37511	0.137221	2.51811	0.028774	3.37506	0.141658	2.6369	0.117116	2.95723
ENST00000299766	MC4R	10292.3	10283.5	0.0402235	2.32138	0.103712	2.75058	0.0402284	2.32074	0.0653051	2.75863	0.139329	2.78409
ENST00000300098	GPR182	17365	17369.9	0.154955	4.06934	0.253223	3.32159	0.155011	4.06878	0.361305	3.33743	0.168688	3.34186
ENST00000300127	OR4D6	14003.3	14065.2	0.162908	3.18513	0.178648	3.38612	0.163027	3.18628	0.165386	3.12554	0.197924	3.47122
ENST00000301529	OR8J3	15000.2	15037.3	0.175869	2.30722	0.250049	2.59867	0.175844	2.30659	0.312456	2.14672	0.199162	2.76536
ENST00000301532	OR5I1	10856.6	10885.7	0.170818	2.71823	0.132877	1.94895	0.170793	2.71862	0.155261	3.19919	0.116446	1.40063
ENST00000302030	OR5A1	10772.6	10789.9	0.141551	3.82034	0.202701	4.20932	0.141628	3.82656	0.264756	4.9798	0.172277	3.67382
ENST00000302084	OR6F1	8856.09	8852.14	0.121727	2.23111	0.19352	2.79179	0.121729	2.23136	0.150366	2.42998	0.223108	2.98813
ENST00000302270	OR8U1	10837.5	10848.4	0.124077	2.52537	0.187202	3.34973	0.124065	2.52558	0.190576	3.29814	0.177116	3.20061
ENST00000302472	PTGER4	14641.9	14658.8	0.0194192	4.74589	0.132097	2.14664	0.019426	4.74937	0.125017	2.06975	0.150259	2.57163
ENST00000302548	GPR82	14835.6	14823	0.212482	3.82504	0.303867	2.97033	0.212439	3.82559	0.225655	3.28638	0.394505	2.90376
ENST00000302581	OR5B2	10781.8	10819.2	0.270308	2.40297	0.252914	2.38569	0.270512	2.4042	0.26875	2.60344	0.247702	2.17708
ENST00000302610	OR9I1	13326	13340.1	0.20943	3.30769	0.279179	3.62719	0.209414	3.3066	0.35357	4.29181	0.222986	3.14224
ENST00000302617	OR6Y1	10089.4	10098.1	0.121286	2.8769	0.225351	3.05886	0.12127	2.87743	0.291028	2.48495	0.183616	3.66243
ENST00000302622	OR6Q1	15053.7	15041.5	0.134126	3.19088	0.2715	2.87713	0.134134	3.19102	0.292713	3.17879	0.267636	2.75009
ENST00000302632	P2RY12	12572.5	12584.9	0.0477927	1.93008	0.224491	2.88841	0.0477989	1.93017	0.240648	2.803	0.209524	2.97325
ENST00000302681	OR2K2	9997.08	10033.5	0.120286	2.49347	0.26421	3.29512	0.12024	2.49258	0.318171	3.78848	0.227196	2.92716
ENST00000302969	OR5AR1	9096.32	9085.97	0.111088	3.84821	0.157906	3.35446	0.111095	3.84721	0.198464	3.31128	0.135979	3.53039
ENST00000302981	OR5AP2	9838.26	9847.99	0.189208	1.71746	0.299388	2.23127	0.188979	1.71596	0.314951	2.66272	0.287519	1.97606
ENST00000303039	OR8J1	14236.6	14263.6	0.188205	2.22972	0.241062	2.68347	0.188251	2.22981	0.311833	2.20374	0.184391	2.83784
ENST00000303532	OR10G3	13634.1	13640.6	0.12406	3.44846	0.247755	3.84374	0.124057	3.44819	0.294438	3.98521	0.213254	3.71571
ENST00000303786	PROKR1	16575.5	16563	0.05557	3.42579	0.112474	2.99416	0.055572	3.42486	0.0699678	2.32852	0.16291	3.62048
ENST00000303921	GPR37	30028	29554.9	0.000652584	2.01951	0.206749	2.77176	0.000652489	2.01877	0.0100556	1.77925	0.301231	2.98555
ENST00000304094	OR1A1	8560.85	8562.65	0.125001	2.28049	0.179976	3.31368	0.125	2.28087	0.166932	3.70045	0.199879	3.24503
ENST00000304166	ADCYAP1R1	14454.7	14379	0.0553789	3.00748	0.112634	2.54023	0.0553744	3.0071	0.0485318	4.97396	0.144532	1.99937
ENST00000304222	ADORA2B	10118.5	10149.7	0.095894	3.68611	0.198117	3.04884	0.0958868	3.6855	0.210278	3.2514	0.184535	2.70359
ENST00000304374	DRD5	14707	14709.8	0.0473938	4.35285	0.206831	2.62472	0.0474045	4.3532	0.194767	2.36511	0.227154	3.09721
ENST00000304402	GPR22	9100.21	9095.43	0.038481	3.78428	0.057344	2.52061	0.0385073	3.79804	0.0383553	2.45441	0.122703	2.99529
ENST00000304748	FPR1	13427	13270.5	0.199945	2.60166	0.394089	2.82667	0.199913	2.60123	0.148048	3.72496	0.63297	2.60082
ENST00000304883	TACR3	15326.5	15339.3	0.0543453	3.07916	0.15207	2.6846	0.0543881	3.08201	0.154966	3.00541	0.147203	2.26945
ENST00000304936	OR2C1	11129.6	11160.8	0.118677	3.32307	0.194554	4.70739	0.118717	3.32425	0.202299	4.90449	0.192884	4.44812
ENST00000305045	OR4K14	13630.2	13684.5	0.205451	2.63099	0.216499	2.61302	0.205677	2.63267	0.276469	3.1278	0.190139	2.31213
ENST00000305097	P2RY1	10894.3	10821.9	0.0442678	2.52584	0.0714151	1.93289	0.0442911	2.52648	0.0159164	0.990297	0.107124	2.65758
ENST00000305159	OR2AT4	8841.24	8855.02	0.100736	3.4342	0.269864	2.99861	0.100796	3.43768	0.314207	3.3276	0.248504	2.78721
ENST00000305249	TACR1	12838.6	12863	0.0225756	4.84175	0.0622533	3.55593	0.0225798	4.84227	0.057407	3.95987	0.0745286	3.1555
ENST00000305344	HTR1E	8542.06	8534.35	0.0335772	1.83233	0.0627813	3.10011	0.0335615	1.83108	0.0383624	2.94866	0.0937191	3.44715
ENST00000305352	S1PR1	11183.6	11168.8	0.0114049	2.59622	0.0692022	2.51434	0.0113982	2.59875	0.0466412	2.15845	0.104931	3.08014
ENST00000305377	OR9K2	11426.5	11483.7	0.191212	2.2773	0.262148	2.46668	0.191154	2.27728	0.226514	2.36909	0.306287	2.59399
ENST00000305988	ADRB2	16579.2	16576.7	0.0371926	3.94104	0.177666	2.64708	0.03718	3.93704	0.187143	2.6602	0.135695	2.70619
ENST00000306051	PTGDR	16914.1	16972.4	0.137043	2.45347	0.272352	2.64234	0.137067	2.45339	0.325215	2.91584	0.234673	2.45506
ENST00000306675	ADRA1B	16981.9	16986.3	0.0184408	3.06013	0.100989	2.3754	0.0184569	3.06188	0.0873105	2.36374	0.134051	2.34168
ENST00000306928	NTSR2	13086.2	13104	0.280767	2.46072	0.230776	2.89547	0.280889	2.46218	0.28092	2.58455	0.171046	3.45845
ENST00000306960	CHRM1	12111.7	12112.9	0.0130591	3.99672	0.0413777	2.83014	0.0130588	3.99778	0.0426854	2.69009	0.0401129	3.39527
ENST00000307033	OR4D5	11732.8	11763.8	0.120593	2.66311	0.18028	3.79259	0.120553	2.66246	0.24544	4.73689	0.138001	3.1522
ENST00000307161	MTNR1A	11266.7	11283.8	0.128448	3.16229	0.170433	2.48753	0.128477	3.16166	0.182979	2.34504	0.15725	2.8589
ENST00000307401	OR2AG1	8794.91	8809.5	0.205682	3.65825	0.291688	3.35955	0.205714	3.65695	0.281232	4.63331	0.286145	2.64831
ENST00000307552	OR10V1	14052	14052.4	0.164014	2.93596	0.209586	2.92009	0.163955	2.9348	0.160273	2.95921	0.231799	3.10742
ENST00000307637	C3AR1	22174.1	22157.7	0.296474	4.38979	0.748244	3.45043	0.296725	4.39638	0.445292	3.39748	0.860474	3.44084
ENST00000309170	P2RY14	17746.9	17655.8	0.164521	3.42939	0.261919	2.55746	0.164577	3.43052	0.338777	4.14075	0.200562	1.86128
ENST00000309180	GPR171	13397.4	13430.4	0.102115	2.90114	0.227143	2.45777	0.102107	2.90127	0.30158	2.46357	0.166256	2.65517
ENST00000309285	XCR1	15011.5	14949.1	0.122714	4.03052	0.299938	2.21857	0.122743	4.03115	0.183189	2.54933	0.436369	2.1368
ENST00000309502	ADORA1	10221.9	10244.2	0.0531703	4.30745	0.0845537	2.94491	0.0531745	4.30777	0.0710747	3.10468	0.0901498	2.74553
ENST00000309838	OR10A6	9228.97	9257.98	0.207492	2.90583	0.209329	2.86552	0.20752	2.90551	0.275651	3.04736	0.166591	2.74785
ENST00000310194	OR8S1	13563.2	13573.5	0.259274	2.11319	0.263592	2.72104	0.259233	2.1129	0.304714	3.30026	0.233692	2.40784
ENST00000310357	GPRC6A	38731	38699.7	0.232555	3.11348	0.258102	3.0968	0.232597	3.11442	0.326953	2.85249	0.243799	3.17555
ENST00000311104	GPR151	15237.3	15298.9	0.209076	3.60576	0.360968	3.27623	0.209116	3.61144	0.398481	3.2988	0.298048	3.23239
ENST00000311268	GPR162	14218.6	14166	0.00593302	4.76067	0.125367	3.21596	0.00593361	4.76221	0.155169	3.24765	0.0198073	3.46946
ENST00000311352	OR52W1	10026.3	10025.8	0.203768	3.72122	0.361759	5.32611	0.203725	3.71951	0.23518	5.45235	0.46606	5.34807
ENST00000311591	OR9Q2	15709.6	15725.9	0.149183	2.36474	0.238954	2.93627	0.149193	2.36577	0.289625	3.59078	0.201242	2.49012
ENST00000312253	OR5R1	10588.9	10604.6	0.0757528	2.16613	0.19002	2.788	0.0757728	2.16683	0.252906	2.50275	0.159038	2.80743
ENST00000312298	OR5J2	15133.9	15182.6	0.219428	2.59258	0.251207	2.47897	0.219369	2.59251	0.269281	2.68813	0.224896	2.23898
ENST00000312422	OR4S2	12059.2	12094.5	0.101143	2.20765	0.171835	2.38098	0.101117	2.20706	0.182935	2.19666	0.159094	2.50891
ENST00000313135	UTS2R	12386.6	12394.2	0.101302	4.10197	0.193001	3.68633	0.101295	4.10182	0.226531	3.11726	0.166975	4.32063
ENST00000313253	OR4D11	9179.58	9182.53	0.103206	2.5683	0.21381	3.11094	0.103221	2.56786	0.212218	3.43197	0.19776	2.73832
ENST00000314113	HTR1D	17013.3	16998.1	0.0563455	2.5071	0.149064	2.77448	0.0563757	2.50798	0.108865	2.66734	0.223704	3.00184
ENST00000314612	OR4P4	16087.3	16086.2	0.199055	2.37694	0.251846	2.98299	0.199085	2.377	0.288133	3.08143	0.193185	3.02754
ENST00000314902	OR10K2	11506	11494.5	0.124247	3.41166	0.208335	3.78782	0.124255	3.41299	0.167458	4.21185	0.214409	3.82608
ENST00000315683	OR4L1	10947.8	10973	0.135	2.78754	0.278489	2.8809	0.13496	2.79195	0.276861	2.82556	0.291844	3.04161
ENST00000315915	OR4K5	10830.1	10835.8	0.16524	3.48506	0.260656	3.54633	0.16514	3.48386	0.31235	3.61218	0.165153	3.33153
ENST00000315947	OR4N2	8343.44	8329.29	0.13675	2.95089	0.182202	2.7029	0.136801	2.95266	0.188549	2.22975	0.186421	3.50603
ENST00000315957	OR4M1	12076.3	12068.5	0.0863201	4.1419	0.111812	2.96698	0.0863522	4.14534	0.184704	3.03066	0.0637541	2.84361
ENST00000316793	OXTR	10828.9	10844.7	0.0178605	5.81019	0.0741543	4.3742	0.0178616	5.81066	0.0850886	3.62565	0.0690401	5.79132
ENST00000316987	OR52E4	9977.89	9987.65	0.105686	3.24979	0.173882	3.11133	0.105715	3.25251	0.179679	3.52923	0.175241	2.75695
ENST00000317037	OR52N2	12461.8	12480.9	0.116881	2.38424	0.16765	2.44177	0.11685	2.38474	0.192035	2.07216	0.156841	2.81357
ENST00000317078	OR52N1	9613.95	9610.25	0.0898658	3.01804	0.1738	2.9326	0.0898767	3.01867	0.242701	3.43714	0.131008	2.53057
ENST00000317254	OR52N4	10344.8	10339.2	0.104665	2.36376	0.197119	2.59441	0.104689	2.36475	0.154177	3.46956	0.223144	2.17067
ENST00000317726	S1PR2	14554.6	14585.1	0.0383303	3.95113	0.0847349	3.53486	0.0383284	3.953	0.0716878	4.50746	0.103349	2.72556
ENST00000317735	RRH	14369.2	14359.5	0.166671	3.54944	0.358828	3.384	0.166594	3.54854	0.463251	3.67541	0.240465	2.8799
ENST00000318507	CXCR2	11776	11695.4	0.194515	3.81176	0.34114	2.52733	0.194589	3.8114	0.150518	2.70823	0.525451	2.48614
ENST00000318666	OR10D3	16940	16938.2	0.168262	2.48269	0.23231	2.78462	0.168293	2.48312	0.292399	2.91199	0.189609	2.7783
ENST00000318749	OR2B11	16431.3	16431.8	0.0859562	3.19202	0.177255	3.25865	0.0859768	3.19261	0.22243	3.74932	0.154967	3.13272
ENST00000318763	OR13D1	9272.83	9265.68	0.213838	2.37312	0.27686	2.48823	0.213622	2.37133	0.219804	3.04651	0.309425	2.20254
ENST00000319211	F2R	15094.7	14981	0.11994	2.70646	0.261276	1.87892	0.119992	2.70687	0.118862	1.95221	0.364279	1.83034
ENST00000319595	HTR1F	11906.7	11907.3	0.0454426	2.42936	0.137492	2.29415	0.0454467	2.42907	0.170959	2.79175	0.0898818	1.54733
ENST00000319813	OR4C5	11155.6	11138.5	0.27757	2.24526	0.248838	2.68464	0.277652	2.24591	0.315361	2.78961	0.186884	2.59464
ENST00000319838	GPR35	10813.7	10828.3	0.191015	3.67438	0.253159	2.46293	0.191134	3.67292	0.193898	3.05781	0.364295	1.87037
ENST00000320704	OR6S1	13016	12966.9	0.132072	4.20637	0.313324	4.16101	0.13207	4.20697	0.42903	3.84965	0.220668	4.74971
ENST00000321355	OR8D4	14140.3	14175.9	0.211839	2.52108	0.28026	2.52359	0.211902	2.52156	0.261425	2.58236	0.274375	2.5451
ENST00000321522	OR52E2	11508.6	11515.4	0.182532	2.19523	0.174143	2.99746	0.182545	2.19559	0.231478	2.60891	0.141313	3.30246
ENST00000321543	OR51L1	10856.9	10895.4	0.154997	3.61865	0.26778	3.77103	0.154926	3.61767	0.29256	4.00769	0.259516	3.73811
ENST00000321961	OR51G1	10162.3	10139.3	0.0710513	3.2902	0.180144	2.7079	0.0710728	3.29114	0.22034	2.30328	0.153046	3.42978
ENST00000322013	OR51G2	12724.2	12730	0.0988488	3.12772	0.169264	3.06862	0.0988639	3.12793	0.126653	3.88211	0.195797	2.76657
ENST00000322101	OR51S1	10737.7	10760.8	0.20405	3.85671	0.314846	4.23773	0.204107	3.86452	0.22653	3.40958	0.387699	4.6304
ENST00000322641	OR52D1	10942.8	10958.6	0.152479	2.33811	0.261064	2.91159	0.152494	2.33799	0.339967	3.92274	0.220973	2.36246
ENST00000322678	OR6C2	10064	10070.8	0.144814	2.01344	0.195122	3.25172	0.144796	2.01362	0.269812	4.051	0.152318	2.89405
ENST00000323040	GPR4	8915.09	8864.37	0.0554906	2.58335	0.0648917	3.04799	0.0554933	2.58252	0.0916532	3.54436	0.0337286	1.96863
ENST00000323865	HTR1A	14951.7	14958.2	0.0139745	4.14362	0.113523	3.21605	0.0139702	4.15286	0.120365	3.16164	0.0928575	3.09157
ENST00000324060	OR2Z1	17837.9	17858.4	0.175084	3.18913	0.254924	2.82188	0.175118	3.18715	0.28368	3.07258	0.246847	2.67788
ENST00000324300	EDNRA	12464.3	12326.4	0.0143922	2.08103	0.116323	2.1462	0.0144047	2.08713	0.0262664	1.3053	0.193893	2.60081
ENST00000324750	MC5R	11842.2	11832.5	0.0539041	4.72299	0.17902	2.82117	0.0539242	4.7256	0.145729	3.37529	0.224224	2.64996
ENST00000325123	VIPR1	13709	13682.5	0.121475	4.94991	0.165971	2.7813	0.121606	4.95882	0.093951	3.34476	0.21523	2.64159
ENST00000325602	P2RY13	13015.6	13051.4	0.242009	3.02133	0.22428	2.698	0.242245	3.02471	0.288092	3.15643	0.176061	2.52982
ENST00000326139	GHRHR	18966.5	19010.3	0.149726	2.66018	0.245838	3.16185	0.149668	2.66046	0.279834	3.9393	0.236263	2.87398
ENST00000326258	OR10A7	9813.46	9822.39	0.147314	2.83608	0.25978	3.49628	0.147287	2.83542	0.364772	3.93456	0.200365	3.17062
ENST00000326306	CCR8	13941.3	13962.4	0.205006	3.61916	0.321536	3.35308	0.205064	3.62081	0.290544	3.50566	0.319309	3.37051
ENST00000326571	GPR139	10637.6	10550.5	0.0269249	1.97902	0.0513948	3.75768	0.0268853	1.97524	0.0124813	3.30239	0.107961	4.17139
ENST00000326855	OR5AK2	10164	10188.6	0.271697	2.25315	0.350509	2.60342	0.271407	2.25214	0.322953	3.39392	0.355109	2.04797
ENST00000327216	OR5M8	10759.3	10745	0.124291	2.28114	0.164954	2.16289	0.12435	2.28153	0.25639	2.78189	0.127527	1.83456
ENST00000327606	MC2R	11223.9	11234.5	0.134004	3.99058	0.237451	3.57969	0.134007	3.99056	0.162956	3.60448	0.274452	3.82596
ENST00000327809	FFAR3	11072.2	11074	0.119044	3.90116	0.250575	3.36083	0.119044	3.90016	0.220141	3.2238	0.252646	3.4681
ENST00000327930	OR6X1	9072.39	9095.81	0.135701	2.7153	0.191874	4.09338	0.135698	2.71573	0.233166	3.81263	0.169291	4.57886
ENST00000328064	OR8B8	11100.4	11105.3	0.1226	3.47057	0.247961	3.94027	0.122525	3.46849	0.327625	4.51267	0.211795	3.73939
ENST00000328275	OR2V2	8488.98	8482.45	0.122734	4.09584	0.189773	4.47134	0.122793	4.09691	0.216596	5.72967	0.175686	3.71943
ENST00000328544	SSTR3	11674	11677	0.00666794	11.5929	0.125287	4.56435	0.00666762	11.5912	0.129957	3.67273	0.124091	6.62176
ENST00000328611	OR51M1	12170.3	12192.5	0.215875	2.62642	0.304218	2.92042	0.215842	2.62655	0.31031	2.74572	0.295285	2.96796
ENST00000328880	HCAR2	12027.3	12038.1	0.0632067	3.47423	0.151972	2.08055	0.0632165	3.47394	0.143811	2.72184	0.160243	1.57925
ENST00000328882	OR4F6	15860.2	15899.7	0.239473	2.8781	0.248184	2.89848	0.239443	2.87795	0.25554	2.54944	0.253181	3.3393
ENST00000329003	GALR2	9826.15	9847.63	0.0717287	5.84378	0.139755	4.17637	0.0717609	5.84506	0.159695	3.93705	0.100627	4.94644
ENST00000329321	GPR39	19610.1	19674.2	0.0789115	3.41483	0.185339	2.27185	0.0789604	3.4154	0.216443	2.3049	0.132691	1.97891
ENST00000329476	NPY2R	12668.9	12691.8	0.0526339	3.49729	0.152032	2.49736	0.0526203	3.49758	0.13295	2.50649	0.16355	2.41519
ENST00000329858	LPAR5	14149.3	14152.9	0.0721922	3.86761	0.232351	2.67563	0.0722089	3.86727	0.244636	2.98293	0.210076	2.29041
ENST00000330953	CCR4	15110.5	15115.1	0.0783189	2.91113	0.154045	2.34752	0.0783218	2.91133	0.129415	2.9902	0.176143	1.90039
ENST00000331251	NPBWR1	9567.58	9582.9	0.047488	3.97098	0.0971667	3.26742	0.0474981	3.97039	0.0848262	3.60023	0.10548	2.98174
ENST00000331459	OR1D2	9713.47	9701.67	0.16536	3.38842	0.19401	2.98707	0.165324	3.38925	0.192336	4.98879	0.188969	2.34438
ENST00000332238	OR4F15	14958	14975.2	0.227492	2.72993	0.25051	2.95171	0.227663	2.73043	0.300858	2.82391	0.218262	3.05719
ENST00000332438	CCR10	12410.4	12427.9	0.0554376	6.53321	0.112724	3.57012	0.0554347	6.53349	0.116625	3.68468	0.109434	3.21637
ENST00000332539	GPR44	10309.9	10313.9	0.107303	3.49479	0.157422	2.60878	0.107321	3.49424	0.250689	2.60083	0.0929491	2.81797
ENST00000332582	GPR173	9817.07	9796.23	0.0222841	5.10281	0.0426112	4.6741	0.0222931	5.10944	0.046003	5.19684	0.0385894	4.15487
ENST00000332601	OR6A2	13203.1	13214.4	0.0766717	2.98073	0.214774	3.16286	0.0766778	2.98073	0.249911	3.66781	0.183701	2.6271
ENST00000332663	OR4M2	11999.8	11995.2	0.0881083	3.94309	0.108543	2.95319	0.0881049	3.94248	0.1747	2.9927	0.0654802	2.87211
ENST00000333172	TAS1R1	36891.3	36772.4	0.266474	3.48821	0.279605	2.9151	0.266501	3.49435	0.0840748	3.20632	0.305102	2.93142
ENST00000333629	OR4N5	11685.5	11649.5	0.0963311	3.14831	0.210232	3.77343	0.0962513	3.14636	0.27075	4.22254	0.165421	3.45881
ENST00000333973	OR5L1	11768.6	11775.1	0.204395	2.44057	0.273682	2.42159	0.204437	2.44003	0.256448	2.96166	0.271203	2.17638
ENST00000334438	OR10T2	12510.5	12513	0.103719	2.55795	0.162111	2.88184	0.103723	2.55765	0.211238	3.00588	0.119449	2.70611
ENST00000334619	CCKBR	15391.4	15393.1	0.0813854	3.33087	0.157539	3.11844	0.0813903	3.3307	0.142588	3.07262	0.179682	3.18788
ENST00000334632	OR6P1	12604.3	12613.2	0.107664	2.88916	0.192558	3.71967	0.107674	2.88973	0.260702	4.63882	0.160394	3.26843
ENST00000334726	OR13F1	11222.1	11248.4	0.186935	3.32378	0.291869	2.62801	0.186904	3.32165	0.287409	2.75225	0.283253	2.64147
ENST00000334857	OR10J5	9315.86	9310.34	0.209152	3.06567	0.205427	3.64074	0.209229	3.06657	0.209126	5.78413	0.185493	2.63894
ENST00000335040	OR13C8	13509.8	13532.5	0.197506	2.93546	0.335713	3.32762	0.197447	2.93463	0.301901	3.45676	0.350064	3.29889
ENST00000335094	OR6N1	11106.4	11080.9	0.115005	3.7944	0.125991	3.33526	0.115011	3.79528	0.180765	4.40975	0.0703893	2.5532
ENST00000335397	OR9Q1	11438.2	11434.2	0.125793	2.80588	0.194137	2.87368	0.125806	2.80657	0.220782	3.5739	0.159132	2.2419
ENST00000336152	HTR7	9845.87	9824.07	0.021224	2.43377	0.0723181	2.27913	0.0212266	2.43389	0.0432626	2.30548	0.0878111	2.38121
ENST00000336866	OPRL1	12039.4	12037.2	0.0676812	3.52687	0.0809947	3.26945	0.0677131	3.5275	0.0607732	2.85371	0.111016	4.04735
ENST00000338566	NPY5R	13679.4	13676.6	0.0601855	2.38862	0.166493	1.71949	0.060194	2.38948	0.161238	1.49371	0.1731	2.18178
ENST00000338569	OR2AG2	8971.32	8979.76	0.2098	3.19066	0.266105	3.54522	0.209806	3.19097	0.308821	5.14876	0.226618	2.61968
ENST00000338616	OR13H1	13453.7	13508.5	0.280082	2.4303	0.329951	2.58953	0.280235	2.42994	0.333353	3.20867	0.295876	1.88179
ENST00000339258	OR6N2	13582.4	13592.3	0.0790844	2.54801	0.17986	2.75317	0.0791015	2.54832	0.240642	3.15989	0.140946	2.30496
ENST00000339381	TAS1R3	35042.7	35053.1	0.226038	5.40678	0.178494	3.49561	0.226054	5.40656	0.27095	2.9322	0.170824	3.59442
ENST00000339582	GRM8	21112.8	21110.8	0.0271217	2.27464	0.0252593	2.2841	0.0271232	2.2754	0.0201943	1.74949	0.0261736	2.37158
ENST00000340339	GPR114	18382.6	18393.3	0.191567	2.92377	0.319297	2.68625	0.191619	2.92506	0.334359	2.74167	0.325112	2.69581
ENST00000341449	OR51I2	11344.9	11337.3	0.128887	2.71795	0.206374	3.59332	0.128858	2.71772	0.270109	3.40928	0.157924	3.81208
ENST00000341959	OR2S2	12808.8	12819.8	0.175742	3.77319	0.217651	3.85949	0.175783	3.77306	0.187653	3.64124	0.232585	4.0402
ENST00000343801	CCR5	14087.6	14104	0.169578	2.75343	0.265219	3.14632	0.169629	2.7538	0.236396	3.46097	0.284361	2.91567
ENST00000343870	OR6C74	11175	11175.6	0.123436	2.35103	0.19165	2.67656	0.123442	2.35164	0.270465	2.74761	0.136859	2.86845
ENST00000344248	OR7D2	8351.85	8340.89	0.163117	2.65255	0.295765	4.6531	0.16307	2.652	0.19951	6.32919	0.37186	3.8857
ENST00000345060	ADRB3	14309.5	14343.3	0.0564134	3.80387	0.231441	3.25644	0.0564283	3.80371	0.24696	2.541	0.221775	4.83067
ENST00000355728	OR2T6	12930	12946.4	0.116273	3.54159	0.201513	3.16405	0.116318	3.54201	0.226899	3.18802	0.183326	2.98398
ENST00000355897	GPR160	16117.4	16120	0.387327	3.52842	0.446881	3.73027	0.387227	3.52794	0.487028	4.02526	0.397555	3.41787
ENST00000356595	PTGER3	10135.1	10090.9	0.0744822	2.18322	0.142919	2.31114	0.0744782	2.18304	0.0536165	2.21173	0.171496	2.44052
ENST00000356987	HCAR1	16303.5	16355.5	0.0931922	3.5214	0.22761	3.40085	0.0932045	3.52166	0.325339	3.81534	0.154084	3.09568
ENST00000357392	CCRL2	13810.5	13800.6	0.535087	2.96559	0.519697	2.38223	0.535827	2.97122	0.699394	2.92581	0.447338	2.10343
ENST00000357585	SSTR2	12972.6	12823.8	0.0285451	4.00279	0.100605	3.04097	0.0285373	4.00423	0.0350608	3.57944	0.171712	2.91795
ENST00000357605	OR51D1	8754.36	8750.76	0.0859926	3.16035	0.16835	5.05328	0.0859703	3.16021	0.278857	5.17936	0.105849	4.82387
ENST00000358157	S1PR3	14727.9	14728.7	0.0422976	4.74615	0.115209	3.23931	0.0422917	4.74747	0.117449	3.07444	0.112998	3.52124
ENST00000358309	CX3CR1	12441.8	12420.9	0.142066	2.90927	0.275942	2.34778	0.142232	2.91773	0.199213	2.43209	0.371984	2.36822
ENST00000358433	OR6C6	11582.6	11607.4	0.155531	3.1173	0.20657	2.73267	0.155558	3.11965	0.236772	2.65266	0.174189	2.9624
ENST00000359350	OR51A7	12995.8	12996.6	0.181604	2.79955	0.188923	3.251	0.181567	2.79898	0.212246	3.0945	0.178697	3.57767
ENST00000359452	RGR	11514.9	11529.5	0.153117	4.35665	0.157425	4.2761	0.153093	4.35552	0.183796	4.13009	0.142496	4.47787
ENST00000359558	CALCR	15727.4	15726.4	0.179036	2.11837	0.350544	1.87671	0.178837	2.11786	0.268719	2.11553	0.378453	1.78451
ENST00000359610	OR6K2	8528.56	8538.01	0.138746	3.20887	0.26244	3.51982	0.138645	3.20693	0.280239	3.53235	0.251535	3.62412
ENST00000359791	NPSR1	8409.87	8409.96	0.105324	3.45294	0.198325	3.6443	0.105401	3.45877	0.200752	4.56981	0.203559	3.29798
ENST00000360213	OR52M1	11502.9	11519.2	0.0982981	4.00528	0.204209	4.33429	0.098332	4.00677	0.193601	7.47017	0.213298	2.90479
ENST00000360693	HTR4	8409.49	8431.38	0.0550697	4.37211	0.170304	2.80309	0.0550618	4.38827	0.180933	3.01616	0.161608	2.44948
ENST00000361284	OR10Z1	13838.9	13866.3	0.107462	2.56329	0.192398	3.34476	0.107477	2.56334	0.191267	3.4804	0.202517	3.26398
ENST00000361669	GRM3	22917.6	22903.7	0.0329723	2.60032	0.0390305	2.51148	0.0329771	2.60025	0.0155646	2.5921	0.0421584	2.48079
ENST00000362072	DRD2	12136.8	12141.8	0.0439233	2.98813	0.0974494	2.1585	0.0439209	2.98889	0.0894431	2.18878	0.130704	2.07881
ENST00000366834	GPR31	14051.3	14048.6	0.247123	3.30069	0.287291	2.36876	0.247055	3.30168	0.226949	2.38322	0.350277	2.39979
ENST00000367126	AVPR1B	18529	18508.3	0.0628901	5.52004	0.23578	3.79426	0.0629172	5.5222	0.252117	3.8746	0.192192	3.97051
ENST00000367282	GPR37L1	20508.1	20487.4	0.0754745	3.06433	0.149275	3.33894	0.0754671	3.06442	0.0912425	2.95381	0.183692	3.57315
ENST00000367590	XPR1	15096.9	15076.1	0.274181	3.0854	0.119567	2.37891	0.274241	3.09139	0.181655	3.2332	0.0943363	2.03915
ENST00000367685	GPR52	10480.6	10493.4	0.0161852	1.8654	0.134903	2.89862	0.0162051	1.87199	0.100964	3.11274	0.19007	2.81283
ENST00000368318	RXFP4	14327.5	14302.9	0.143294	5.26866	0.272494	4.13834	0.143289	5.26794	0.320767	3.53878	0.238372	4.95861
ENST00000369501	CNR1	19800.8	19783.9	0.00456003	3.50932	0.0234097	2.47953	0.00456005	3.50897	0.0113317	3.30618	0.0348937	2.00979
ENST00000369716	ADORA3	10368.1	10388.6	0.207625	3.25124	0.385533	3.77962	0.207683	3.25103	0.375349	3.17366	0.408052	3.92591
ENST00000369929	OPN1MW2	14922.7	14940.3	0.109446	2.61953	0.119893	2.24689	0.109421	2.61942	0.100322	2.2781	0.120045	2.03511
ENST00000369935	OPN1MW	14931.4	14948.8	0.10927	2.6085	0.119749	2.24439	0.109276	2.60783	0.100341	2.27765	0.119902	2.03366
ENST00000369947	HTR1B	13099.3	13066.9	0.0461088	3.26125	0.108393	2.7673	0.0461205	3.26196	0.0544558	3.40256	0.167545	2.19447
ENST00000369951	OPN1LW	14753.9	14765.2	0.106187	2.49724	0.11425	2.24576	0.106177	2.49718	0.0955837	2.35862	0.111185	2.04235
ENST00000370501	NTSR1	12671.2	12681.5	0.0706778	4.17036	0.0891914	2.74179	0.0706951	4.17	0.0814763	3.02515	0.0995344	2.54256
ENST00000370648	BRS3	18368.1	18397.4	0.119741	2.54731	0.386507	3.0071	0.119705	2.54674	0.304665	2.67967	0.456138	3.48465
ENST00000370758	PTGFR	17022.1	17027.1	0.0966715	2.64407	0.188293	2.22926	0.0966997	2.64422	0.144541	2.1694	0.251671	2.35651
ENST00000370862	HCRTR2	10811.5	10824.9	0.0417963	3.58773	0.0711291	2.00452	0.0418016	3.58981	0.0641752	1.88676	0.0852704	2.14921
ENST00000371483	O3FAR1	14473.4	14503.5	0.0956701	2.95798	0.188147	2.86608	0.0956511	2.95808	0.160133	2.34806	0.207269	3.59448
ENST00000371906	AGTR2	11052.5	11035.1	0.109177	2.70277	0.233335	2.66992	0.109224	2.70436	0.174636	2.33731	0.283329	2.81359
ENST00000372071	OPN4	18651	18658.6	0.0730006	3.33515	0.277947	3.95031	0.0729985	3.33446	0.265781	3.93415	0.305048	3.93919
ENST00000373304	CYSLTR1	8260.46	8280.42	0.116364	3.08035	0.227922	2.64213	0.116322	3.07987	0.246371	3.55077	0.205159	1.85301
ENST00000373306	TACR2	15531.8	15512	0.0658299	5.36872	0.1821	3.49253	0.0658351	5.36862	0.233534	3.1822	0.115852	4.33117
ENST00000373642	GPR21	10078.4	10048.8	0.0786968	2.70585	0.192891	3.23639	0.0787125	2.70741	0.178288	3.5545	0.212672	2.86305
ENST00000373680	OR5C1	9337.38	9326.45	0.0941752	3.61681	0.228783	3.41106	0.0942024	3.61859	0.279566	3.01761	0.201402	4.02166
ENST00000374024	GPR3	10669.6	10560.6	0.0659573	5.2414	0.146542	3.70233	0.0659872	5.24336	0.0499837	3.68032	0.284667	3.57958
ENST00000374312	PPYR1	18548.4	18648.8	0.0908074	4.50119	0.191636	3.18486	0.0908097	4.50149	0.21268	3.80875	0.165032	2.35781
ENST00000374431	LPAR1	8304.53	8308.41	0.00728749	3.23047	0.0597467	2.91878	0.00728218	3.23522	0.0442334	3.48516	0.0752592	2.72841
ENST00000374472	CNR2	21034.5	21056.1	0.173657	4.25258	0.346029	3.87611	0.173676	4.254	0.344764	4.11091	0.339373	3.47497
ENST00000374779	OR13C5	8300.31	8301.15	0.163852	3.5068	0.304872	3.32704	0.163923	3.50658	0.345885	4.01322	0.268458	2.89926
ENST00000376414	GPR183	10400.6	10320.7	0.0975418	2.34571	0.16224	2.72787	0.0975643	2.34628	0.0818618	3.02887	0.233553	2.52236
ENST00000377148	OR11A1	11680.8	11739.3	0.282937	2.48432	0.318058	2.53753	0.282919	2.4843	0.392432	2.46991	0.259638	2.48585
ENST00000377160	OR14J1	17610.4	17694.8	0.239162	2.64448	0.276157	2.65245	0.239055	2.64347	0.289698	2.64139	0.259087	2.43901
ENST00000377175	OR2W1	11528.6	11542.7	0.167213	1.99603	0.238952	2.39285	0.167233	1.99669	0.279202	2.88312	0.210443	1.96544
ENST00000377291	HRH2	14472.1	14478.7	0.0735602	4.677	0.262189	3.03097	0.0735572	4.67652	0.269583	3.10348	0.268366	2.76865
ENST00000377741	GPR20	12135	12131.3	0.0359293	6.82786	0.219023	3.81509	0.0359272	6.82828	0.193113	4.21315	0.258429	3.43059
ENST00000377893	GPR153	17396.2	17395.2	0.0360854	6.29163	0.10009	3.71256	0.0360894	6.294	0.105324	3.57544	0.0717236	4.9275
ENST00000377981	OR13J1	11723.8	11746	0.167281	4.28738	0.16101	3.99993	0.167345	4.28696	0.15114	4.48747	0.165205	3.8856
ENST00000378142	GPR34	10174.6	10102.5	0.127035	4.15403	0.314822	3.72463	0.12706	4.1695	0.172235	3.3249	0.431107	4.01667
ENST00000378397	OR5L2	11710.6	11717.4	0.202759	2.3281	0.277054	2.46038	0.202824	2.32915	0.250413	2.89923	0.27875	2.27742
ENST00000378434	LPAR6	10690.4	10700.3	0.0500351	3.31119	0.164603	2.51519	0.0500893	3.31687	0.132475	2.60784	0.213515	2.49569
ENST00000378688	HTR2A	24067.8	24099.3	0.0479278	2.27127	0.160398	2.08117	0.0479306	2.27049	0.155301	2.15758	0.164269	1.90475
ENST00000379668	OR6C1	10861	10851.2	0.172596	2.15168	0.260947	2.88793	0.172602	2.15156	0.326919	3.39546	0.196288	2.59577
ENST00000379829	OR10A4	8858.03	8875.26	0.0886712	3.45166	0.162155	3.14111	0.0887194	3.45515	0.199887	4.60887	0.107711	1.55405
ENST00000380007	GPR150	13324.1	13309.6	0.142714	4.5905	0.321856	2.85115	0.142724	4.59005	0.275532	2.59579	0.383943	3.06891
ENST00000380211	OR51I1	12169.3	12145.3	0.107363	3.14033	0.180491	2.95027	0.107421	3.145	0.249167	3.12009	0.128567	2.87098
ENST00000380219	OR51B6	10915	10911.5	0.164448	2.56909	0.263326	3.95301	0.164442	2.56948	0.349328	5.50236	0.205583	2.93138
ENST00000380289	GRPR	14010.2	13967.3	0.0558615	3.84468	0.123744	2.97686	0.0558496	3.84433	0.0685698	2.70171	0.18997	3.32008
ENST00000380586	ADRA1A	18523	18535.2	0.0319496	2.87676	0.106217	2.27729	0.0319528	2.87747	0.120115	2.2355	0.0745124	2.33414
ENST00000383263	CHRM5	23547	23595.7	0.0347363	2.82461	0.214216	2.79141	0.0347526	2.82732	0.237014	2.78018	0.143607	2.94667
ENST00000388812	GPR56	32850.8	32813.7	0.149366	3.41406	0.204635	2.68985	0.149378	3.41424	0.150719	3.05124	0.212606	2.66845
ENST00000389740	GPR149	28863.8	28866.4	0.272464	2.03449	0.222557	2.17922	0.272464	2.03499	0.199728	2.10038	0.376488	2.69692
ENST00000391496	OR2A42	9847.49	9875.19	0.221333	3.4845	0.301538	2.58386	0.221272	3.48432	0.223777	2.55693	0.384402	2.58973
ENST00000392040	GPR55	17060.1	17042.5	0.110154	2.86433	0.21855	2.92634	0.1102	2.86426	0.186328	3.6723	0.243551	2.45253
ENST00000392370	CALCRL	14503.3	14519.6	0.0536659	2.63059	0.123731	2.16914	0.0536151	2.62687	0.109878	1.95005	0.13259	2.3184
ENST00000393597	P2RY2	14662.1	14694.7	0.078632	4.44148	0.16593	3.27989	0.0786328	4.4412	0.249413	3.28193	0.0923107	3.14886
ENST00000393752	DRD1	13573.4	13579.7	0.0120961	2.98982	0.0748458	3.54506	0.012088	2.98599	0.056552	3.41288	0.125291	3.54235
ENST00000394427	QRFPR	13266.8	13256.7	0.171997	1.96241	0.20765	1.82519	0.172016	1.96212	0.2286	1.91728	0.134677	1.68943
ENST00000394705	GPR75	20213.1	20151.7	0.0733703	2.74449	0.139352	2.76055	0.0734262	2.75257	0.106284	2.5163	0.265287	3.46897
ENST00000395052	GRM2	21777.3	21763.4	0.0340194	4.48269	0.0416777	4.38994	0.0340293	4.48285	0.0479297	6.93735	0.0406826	4.0863
ENST00000395079	OR10W1	12538.3	12560.3	0.227953	3.71249	0.269354	2.79622	0.22797	3.71448	0.324829	3.27439	0.231864	2.44372
ENST00000396950	OR51E2	8345.87	8352.05	0.0868711	3.98651	0.198757	2.93336	0.0868342	3.98105	0.227427	3.10909	0.169495	2.59159
ENST00000396952	OR51E1	11325.1	11354.2	0.105085	2.47167	0.175749	2.73079	0.105093	2.47151	0.194707	2.59694	0.170811	2.77005
ENST00000397095	GPR146	16859.5	16866.2	0.115075	3.42523	0.121103	3.67847	0.115088	3.42527	0.0972794	4.00129	0.148011	3.57359
ENST00000397473	GPR18	15282.5	15180.6	0.120899	3.52627	0.126731	2.79557	0.12097	3.53109	0.0473148	2.37768	0.236417	3.22842
ENST00000397547	SSTR5	10972.8	10971.3	0.054994	5.71249	0.117525	3.4612	0.0549638	5.71437	0.116875	3.16091	0.118339	4.26388
ENST00000400723	GCGR	15005.6	14923.7	0.105405	4.22501	0.144946	3.3938	0.105417	4.22403	0.249966	3.16249	0.0970275	3.59936
ENST00000403528	HCRTR1	12011.4	12029.8	0.0336745	6.80367	0.0932411	3.39984	0.0336896	6.8092	0.0942223	3.44092	0.0939803	3.14645
ENST00000405846	GPR12	13130	13087.6	0.0474447	1.74566	0.108445	2.26692	0.0474434	1.74561	0.0455422	2.65967	0.196794	2.06154
ENST00000406846	FSHR	27937.1	27919.9	0.114253	3.30969	0.250245	2.92815	0.114342	3.31238	0.226192	3.28016	0.253412	2.83869
ENST00000407325	GPR1	18520.5	18517.8	0.197024	2.81816	0.240328	2.71788	0.197218	2.81964	0.18495	3.55493	0.308092	2.28654
ENST00000407877	LPAR2	9930.76	9917.13	0.0332516	4.99136	0.0668564	3.06523	0.0332522	4.99149	0.0913666	2.97958	0.0438992	3.10499
ENST00000408906	OR2A5	11581.5	11615.4	0.159266	2.73512	0.278699	3.09396	0.159258	2.73426	0.226139	2.62428	0.33935	3.55407
ENST00000408922	OR6B1	8395.99	8416.19	0.0813228	3.05875	0.111691	4.31751	0.0812777	3.058	0.122227	5.35701	0.109473	3.41862
ENST00000408935	OR4E2	10759.2	10778.3	0.155104	2.89299	0.205753	2.64713	0.155121	2.89356	0.222077	2.69838	0.197878	2.58582
ENST00000408951	OR2A1	9613.3	9638.11	0.219056	3.48685	0.301951	2.55605	0.219171	3.49153	0.21846	2.55088	0.392327	2.54887
ENST00000409345	ADRA2B	12776.5	12660	0.0145805	3.93086	0.201395	2.69694	0.0145873	3.93361	0.282298	2.79961	0.0324134	2.62854
ENST00000409817	CXCR4	9187.82	9147.24	0.0259041	2.95635	0.0938786	2.27942	0.0259182	2.95847	0.0343664	2.38975	0.149211	2.13243
ENST00000411851	TBXA2R	10613.3	10618	0.0992185	2.9798	0.179389	2.44277	0.0991893	2.97992	0.235761	1.82199	0.118091	3.40572
ENST00000417980	GPR63	7965.75	7916.21	0.0689187	2.52177	0.122259	3.30589	0.0689344	2.52272	0.0247138	3.15646	0.23029	3.49443
ENST00000418316	OR6V1	14475	14487.4	0.197532	2.13486	0.246733	2.71744	0.197579	2.13448	0.288664	3.43628	0.212664	2.22574
ENST00000429566	OR1M1	13378.2	13367.2	0.109079	2.60333	0.135287	2.52591	0.109099	2.60437	0.0897986	3.43207	0.178139	2.06723
ENST00000434900	OPRM1	10610.2	10540.9	0.0167343	2.80839	0.122618	2.16902	0.0167378	2.81017	0.0333782	1.84065	0.207368	2.19696
ENST00000435339	LPAR4	8050.48	8030.33	0.0297763	4.47577	0.113874	3.4181	0.0297652	4.47856	0.124386	4.51817	0.0923331	2.315
ENST00000438284	HRH1	23258.9	23255.2	0.0514429	3.26291	0.362198	3.38121	0.0514219	3.26195	0.371519	3.52278	0.309323	2.84872
ENST00000438735	CXCR6	19108.4	19082.9	0.225002	3.59157	0.300636	2.58568	0.22505	3.59245	0.232465	2.91449	0.379379	2.32665
ENST00000439028	S1PR5	10992.9	10926.9	0.0964282	3.33913	0.167658	2.91752	0.0964637	3.3392	0.291395	2.61983	0.0417703	4.35827
ENST00000440886	LPAR3	14533.1	14524.9	0.066909	3.03084	0.10374	2.59631	0.0669309	3.0329	0.106005	3.1147	0.083949	1.94158
ENST00000441623	MRGPRF	13880.7	13835.3	0.0950349	3.44643	0.0887473	3.8463	0.0950313	3.44645	0.0461379	4.8826	0.140496	3.39735
ENST00000442925	CCBP2	18004.9	18037.1	0.19776	4.04449	0.299736	3.58714	0.197817	4.0473	0.353947	4.06797	0.274232	3.26362
ENST00000445907	CHRM2	15959.6	15992.1	0.0090351	2.24663	0.0879402	2.22738	0.00904444	2.25404	0.0870708	2.00833	0.0858229	3.27354
ENST00000445970	MCHR2	9349.56	9360.8	0.0926631	3.1846	0.235499	3.33803	0.0926072	3.18867	0.207774	3.33737	0.280959	3.35492
ENST00000447769	GPR141	14885.5	14824	0.394197	2.96957	0.374332	2.36075	0.394515	2.97108	0.16985	2.15778	0.552994	2.48052
ENST00000449590	PTH1R	15496	15480	0.0627695	2.68682	0.0983346	2.75846	0.0627951	2.6879	0.0583939	3.3552	0.128743	2.47665
ENST00000454971	GPR42	11324.3	11332.6	0.123469	3.9003	0.262889	3.45467	0.1235	3.90052	0.241569	3.25129	0.255427	3.6089
ENST00000460779	DRD3	14548.1	14568.7	0.0498342	4.12823	0.172844	3.25597	0.0498443	4.12833	0.189245	3.1681	0.14646	3.45941
ENST00000464295	GPR156	34064.3	34043.6	0.18674	3.47147	0.462526	3.21776	0.186711	3.47	0.476783	3.35001	0.385227	2.48479
ENST00000467482	GPR143	12762.8	12765.3	0.206832	2.16301	0.368584	2.29081	0.206994	2.16507	0.391415	1.94625	0.310317	3.09143
ENST00000497524	AGTR1	12047.5	12074.3	0.0635269	2.39438	0.109275	2.69435	0.0634765	2.39179	0.121772	2.60475	0.104625	2.79282
ENST00000501255	GPR85	7784.62	7785.37	0.0219699	2.19752	0.0226899	3.05223	0.0219457	2.19438	0.0171612	3.37826	0.0306859	2.53395
ENST00000518632	TRHR	15367.8	15378	0.0466821	3.00564	0.124979	2.24245	0.0466672	3.00625	0.123441	2.21366	0.140485	2.50812
ENST00000522566	FZD6	27569	27575.6	0.0254636	2.70436	0.176737	2.84665	0.0254597	2.705	0.200317	2.74768	0.14595	2.89299
ENST00000527748	GPR61	14777.2	14773.7	0.0193123	5.32383	0.0913009	3.44844	0.0193127	5.32452	0.0553683	3.46137	0.18877	3.52094
ENST00000531380	FZD4	15279.1	15255.6	0.0120209	1.83567	0.0493651	2.48887	0.0120179	1.83587	0.026193	2.12719	0.0545056	2.5895
ENST00000531499	GPR68	10332.7	10344.8	0.0541296	3.98832	0.0904346	3.18176	0.0541506	3.98596	0.0963881	3.41194	0.0781926	3.00089
ENST00000540342	P2RY6	12350.7	12349.5	0.0841519	7.10068	0.136741	3.84287	0.0841549	7.10669	0.171161	4.31276	0.116084	3.15825
ENST00000540510	GPR19	16113.2	15825.9	0.107545	1.95368	0.145818	2.09769	0.107523	1.95449	0.053595	1.90692	0.236835	2.27452
ENST00000541158	TSHR	16307.9	16283.7	0.0941406	3.75694	0.170805	3.24445	0.094216	3.7563	0.264377	4.08374	0.147796	3.04806
ENST00000544369	GPR17	10638.1	10578.5	0.0401941	3.89808	0.129863	2.66818	0.0402054	3.89876	0.0480149	3.37788	0.216542	2.47502
ENST00000545097	CCR3	17646	17558.4	0.163891	2.99101	0.431293	2.65305	0.16393	2.98995	0.270908	3.12244	0.586504	2.46356
ENST00000546004	PROKR2	10266.2	10266.8	0.0647361	3.69259	0.102126	3.22088	0.0647596	3.69414	0.0652044	3.00604	0.148805	3.70788
ENST00000553795	OR13A1	9639.27	9648.72	0.0895435	3.09019	0.212717	3.31193	0.089548	3.08964	0.201864	3.75828	0.225319	3.13184
ENST00000554311	BDKRB2	12994.3	12969.9	0.133244	2.94188	0.166106	2.49504	0.133214	2.9423	0.120257	2.2131	0.197203	2.28998
