gene	enst	transw	trans_sd	transk	extraw	extra_sd	extrak	transcat	extracat	translen	extralen	transpos	extrapos	chemo
ADCYAP1R1	ENST00000304166	0.058680788	0.070879542	2.9443	0.131874471	0.183743549	2.62328	2	3	141	269	0	0	0
ADORA1	ENST00000309502	0.058675607	0.076055481	4.38014	0.098713828	0.153088335	3.00399	2	3	140	146	0	0	0
ADORA2B	ENST00000304222	0.094105674	0.114316771	3.64685	0.260293411	0.402154975	3.20625	2	3	135	144	0	9	0
ADORA3	ENST00000369716	0.227879387	0.261576912	3.23325	0.426588523	0.31007069	3.94473	2	2	138	175	0	0	0
ADRA1A	ENST00000380586	0.036933767	0.090665862	2.88134	0.125234099	0.169875089	2.29996	3	3	140	294	0	0	0
ADRA1B	ENST00000306675	0.027108628	0.081411448	3.08231	0.120302655	0.173045289	2.41049	2	3	137	333	0	0	0
ADRA2A	ENST00000280155	0.027981753	0.040731239	4.43862	0.090258498	0.124372705	3.16876	2	2	142	282	0	0	0
ADRA2B	ENST00000409345	0.015040382	0.035721104	3.9259	0.245913846	0.301180712	2.75754	2	3	137	265	0	11	0
ADRB2	ENST00000305988	0.039012502	0.080618882	3.96832	0.202956946	0.204679666	2.75022	2	2	137	232	0	0	0
ADRB3	ENST00000345060	0.067041625	0.125854641	3.76186	0.253450477	0.26450982	3.33353	3	4	131	218	0	0	0
AGTR1	ENST00000497524	0.067398935	0.124550282	2.41192	0.116062836	0.159707982	2.68328	2	2	143	181	0	0	0
AGTR2	ENST00000371906	0.112195509	0.124164878	2.70055	0.241502373	0.223184952	2.65338	2	2	139	182	0	0	0
APLNR	ENST00000257254	0.040974837	0.054502839	5.39498	0.095508839	0.120721678	2.85509	2	2	142	199	0	0	0
AVPR1A	ENST00000299178	0.060030951	0.069439247	3.79073	0.212122741	0.24502294	2.59846	2	3	133	235	0	0	0
AVPR1B	ENST00000367126	0.069147668	0.098758106	5.51803	0.281541928	0.271377938	3.95885	2	3	133	238	0	0	0
BDKRB1	ENST00000216629	1.543275196	2.099072824	2.66316	0.387772801	0.256494767	3.24582	3	2	137	168	58	0	0
BDKRB2	ENST00000554311	0.137186539	0.160048712	2.87569	0.205627291	0.226319634	2.63644	2	3	132	200	0	0	0
BRS3	ENST00000370648	0.128078239	0.235183964	2.52133	0.420091706	0.422123197	3.0096	3	3	141	216	7	20	0
C3AR1	ENST00000307637	0.322254117	0.422075931	4.4572	0.794686054	0.507735338	3.52693	3	3	138	296	20	113	0
CALCR	ENST00000359558	0.195085991	0.290638444	2.07019	0.397886322	0.359098441	1.88521	3	3	128	309	9	32	0
CALCRL	ENST00000392370	0.054833322	0.079921144	2.64984	0.139088123	0.224879936	2.21748	2	3	136	285	0	0	0
CCBP2	ENST00000442925	0.240054895	0.374850389	4.09592	0.32947592	0.244047033	3.68196	3	3	134	197	16	0	0
CCKAR	ENST00000295589	0.023363017	0.056149453	2.94584	0.140903615	0.172416216	2.69481	2	2	135	243	0	0	0
CCKBR	ENST00000334619	0.100900381	0.185850777	3.37715	0.1742615	0.199131784	3.1569	2	3	133	266	0	0	0
CCR1	ENST00000296140	0.247290018	0.370194515	3.40035	0.340783262	0.331303574	2.79512	3	3	137	175	13	0	0
CCR10	ENST00000332438	0.060669047	0.12342518	6.62643	0.123189593	0.15567672	3.60919	3	2	137	189	0	0	0
CCR2	ENST00000292301	0.134629242	0.122097608	2.41798	0.482255285	0.422056269	2.49256	2	3	129	199	0	21	0
CCR3	ENST00000545097	0.185389937	0.215352023	2.96204	0.512952822	0.605860958	2.7994	3	4	133	193	0	56	0
CCR4	ENST00000330953	0.081433336	0.093553282	2.89625	0.179646489	0.206316254	2.40057	2	3	138	180	0	0	0
CCR5	ENST00000343801	0.178119241	0.18829192	2.73031	0.3081714	0.341621481	3.27244	2	3	129	175	0	14	0
CCR7	ENST00000246657	0.121072475	0.2097769	3.62942	0.105098788	0.112910007	2.86405	2	2	137	192	0	0	0
CCR8	ENST00000326306	0.245470205	0.37060934	3.70139	0.364510518	0.328133569	3.41175	3	2	139	172	11	0	0
CCRL1	ENST00000249887	0.161222528	0.240985289	3.03392	0.194613942	0.199529754	2.54992	3	2	142	176	4	0	0
CCRL2	ENST00000357392	0.580749844	0.350154144	2.99817	0.537720622	0.217261293	2.40331	2	2	134	178	0	0	0
CHRM1	ENST00000306960	0.012439274	0.041794872	3.96743	0.045305182	0.075071274	2.85706	2	2	134	273	0	0	0
CHRM2	ENST00000445907	0.00904616	0	2.25573	0.100073927	0.194327843	2.2171	1	3	134	273	0	2	0
CHRM3	ENST00000255380	0.015125884	0.039581847	2.15238	0.118029915	0.174038217	2.61393	2	3	135	402	0	0	0
CHRM5	ENST00000383263	0.035178972	0.071078137	2.78457	0.236733135	0.248482836	2.7996	2	3	132	345	0	0	0
CNR1	ENST00000369501	0.005473163	0.019031305	3.51046	0.027820381	0.078458152	2.5156	2	3	141	289	0	0	0
CNR2	ENST00000374472	0.195557788	0.255992826	4.25207	0.387382056	0.366424899	3.96604	3	3	142	173	7	22	0
CX3CR1	ENST00000358309	0.170774144	0.240196174	2.9097	0.31459799	0.33977014	2.47434	2	3	138	204	0	17	0
CXCR2	ENST00000318507	0.222542815	0.363341254	4.02289	0.425499587	0.548139122	2.69808	3	3	141	183	11	25	0
CXCR4	ENST00000409817	0.026307228	0.039297842	2.9626	0.103187872	0.190514496	2.29025	2	3	127	149	0	2	0
CXCR5	ENST00000292174	0.061783865	0.078563245	5.29821	0.154400072	0.173936291	2.97665	2	3	136	194	0	0	0
CXCR6	ENST00000438735	0.249493748	0.330105295	3.60222	0.366600403	0.412533129	2.76987	3	4	135	166	10	16	0
CXCR7	ENST00000272928	0.036153397	0.060109732	4.48333	0.057921435	0.086747789	3.09156	2	3	147	179	0	0	0
CYSLTR1	ENST00000373304	0.123023361	0.212662019	3.06223	0.245806203	0.283263333	2.60796	2	3	137	161	0	7	0
CYSLTR2	ENST00000282018	0.291145593	0.356606186	3.60452	0.635372604	0.634376698	3.77931	3	3	137	166	10	34	0
DRD1	ENST00000393752	0.016457057	0.064907899	3.02919	0.080374517	0.124790026	3.51744	2	2	132	260	0	0	0
DRD2	ENST00000362072	0.058411865	0.106229735	3.17878	0.103838896	0.087070402	2.18639	2	2	139	266	0	0	0
DRD3	ENST00000460779	0.054417689	0.102245964	4.05424	0.203267455	0.244907388	3.27996	2	3	141	202	0	0	0
DRD5	ENST00000304374	0.048927519	0.052503333	4.37985	0.223358999	0.182147808	2.65992	2	3	129	292	0	0	0
EDNRA	ENST00000324300	0.0144038	0	2.0872	0.122358866	0.15260259	2.14125	1	2	129	235	0	0	0
F2R	ENST00000319211	0.127098622	0.160217439	2.63457	0.305589505	0.366247269	1.91817	2	3	143	237	0	21	0
F2RL1	ENST00000296677	0.095570541	0.149001223	2.43803	0.25415532	0.268642412	2.61657	2	3	142	210	0	0	0
F2RL2	ENST00000296641	0.267851795	0.250873986	3.02712	0.408019366	0.30014158	3.21906	2	3	143	191	0	19	0
FFAR1	ENST00000246553	0.114361643	0.146335289	3.85818	0.273970853	0.342360516	3.37988	3	3	135	116	0	0	0
FFAR2	ENST00000246549	0.102786893	0.11436877	2.40349	0.307738429	0.259406903	2.17839	2	3	139	144	0	0	0
FFAR3	ENST00000327809	0.151452208	0.216212872	4.06998	0.284308474	0.267981372	3.48391	2	3	134	156	0	0	0
FPR1	ENST00000304748	0.265852628	0.368411167	2.67995	0.497739818	0.538807445	2.90289	3	3	133	164	13	40	0
FSHR	ENST00000406846	0.14502615	0.320262791	3.37766	0.267890216	0.269380585	2.97619	3	3	138	506	5	0	0
FZD4	ENST00000531380	0.0120217	0	1.8356	0.052663118	0.096780847	2.48044	1	2	141	361	0	0	0
FZD5	ENST00000295417	0.018832	0	3.46515	0.035006251	0.06816982	4.42524	1	2	143	411	0	0	0
FZD6	ENST00000522566	0.031232467	0.167440149	2.64478	0.189388607	0.235864955	2.86176	3	3	140	532	2	0	0
FZD7	ENST00000286201	0.002410337	0.026887791	4.80025	0.024888645	0.066357583	5.72846	2	2	141	398	0	0	0
GALR1	ENST00000299727	0.030050341	0.04766115	3.37669	0.164809962	0.256668076	2.56827	2	3	141	167	0	4	0
GALR2	ENST00000329003	0.090688355	0.138948527	6.05134	0.146185647	0.10673043	4.22217	2	2	132	195	0	0	0
GALR3	ENST00000249041	0.058386612	0.061130073	3.5254	0.142877453	0.119410404	3.70212	2	2	135	181	0	0	0
GCGR	ENST00000400723	0.116689147	0.167273794	4.36431	0.171237152	0.181857696	3.45888	3	2	134	303	0	0	0
GHRHR	ENST00000326139	0.169287406	0.190551758	2.66167	0.285016758	0.287203063	3.21137	2	3	134	247	0	0	0
GHSR	ENST00000241256	0.032583869	0.064618205	3.17276	0.121534388	0.170877141	2.66051	2	3	142	181	0	0	0
GLP2R	ENST00000262441	0.240648223	0.216465953	2.61905	0.42435486	0.398349516	2.93637	2	3	132	375	0	64	0
GNRHR	ENST00000226413	0.148441513	0.229336718	3.11751	0.249741304	0.242599451	3.25792	3	3	130	143	0	0	0
GPR1	ENST00000407325	0.211739049	0.24444947	2.8597	0.275212944	0.289574007	2.76792	3	3	139	173	3	0	0
GPR101	ENST00000298110	0.174683307	0.370762214	4.18673	0.264745558	0.267553342	2.76168	3	3	139	322	9	0	0
GPR114	ENST00000340339	0.205772521	0.181887782	2.92561	0.36155579	0.302042414	2.73885	2	3	133	344	0	0	0
GPR119	ENST00000276218	0.183386591	0.276968277	3.43024	0.383588877	0.377815322	3.85016	3	3	136	142	5	20	0
GPR12	ENST00000405846	0.04603806	0.1012225	1.756	0.142600517	0.228370165	2.29351	3	3	141	159	0	0	0
GPR128	ENST00000273352	0.488081419	0.535740788	2.91755	0.71283697	0.647588622	2.88029	3	3	135	613	16	186	0
GPR139	ENST00000326571	0.036325899	0.129585287	1.98573	0.053414247	0.092853428	3.72449	3	2	136	174	0	0	0
GPR141	ENST00000447769	0.446857612	0.44955415	2.98886	0.442143411	0.481539868	2.45408	3	3	131	121	27	16	0
GPR143	ENST00000467482	0.218090215	0.190817947	2.13153	0.404879102	0.34684182	2.32547	2	2	139	206	0	0	0
GPR146	ENST00000397095	0.119388594	0.105616901	3.42529	0.133084994	0.121764513	3.76588	2	3	129	147	0	0	0
GPR149	ENST00000389740	0.303773781	0.223814085	2.0119	0.233579447	0.219291136	2.22011	2	3	136	550	0	0	0
GPR15	ENST00000284311	0.187925826	0.292521627	2.85529	0.321912657	0.346114719	2.59901	3	3	145	182	6	0	0
GPR150	ENST00000380007	0.147468186	0.107824117	4.62076	0.386647878	0.561295972	2.96969	2	3	132	248	0	39	0
GPR151	ENST00000311104	0.213618345	0.199026915	3.58133	0.372738782	0.266071544	3.23382	2	2	134	230	0	0	0
GPR153	ENST00000377893	0.039049776	0.083322172	6.25925	0.107264164	0.120874687	3.7327	2	2	132	426	0	0	0
GPR156	ENST00000464295	0.185727054	0.1885462	3.37253	0.513264484	0.427760966	3.29411	2	3	136	631	0	112	0
GPR160	ENST00000355897	0.417158563	0.279372121	3.58583	0.485111586	0.333121775	3.91134	2	3	130	151	0	0	0
GPR162	ENST00000311268	0.00593468	0	4.76322	0.147051174	0.23116862	3.25492	1	3	133	411	0	0	0
GPR17	ENST00000544369	0.043980494	0.073240601	3.8843	0.172158466	0.226722744	2.73557	2	3	142	193	0	0	0
GPR171	ENST00000309180	0.115184314	0.22622474	2.7837	0.249342279	0.281741803	2.5305	3	3	132	138	4	9	0
GPR173	ENST00000332582	0.0235228	0.040461438	5.09799	0.054367664	0.14737622	4.69222	2	2	139	197	0	0	0
GPR174	ENST00000276077	0.089559578	0.167631611	4.53215	0.229177192	0.312962726	2.38653	2	3	140	149	0	7	0
GPR176	ENST00000299092	0.074476099	0.098440071	4.23038	0.164341536	0.298832187	3.1742	3	4	137	339	0	15	0
GPR18	ENST00000397473	0.124702309	0.146758099	3.50426	0.142118098	0.198118478	2.83628	2	3	139	148	0	0	0
GPR182	ENST00000300098	0.17190803	0.202042518	4.02044	0.31221495	0.293842004	3.43973	3	3	138	213	0	0	0
GPR183	ENST00000376414	0.103166667	0.200310604	2.30451	0.183366367	0.254550514	2.76965	3	3	137	184	2	0	0
GPR19	ENST00000540510	0.107818531	0.093920167	1.96248	0.16674269	0.253939423	2.17086	2	3	138	202	0	0	0
GPR20	ENST00000377741	0.039488371	0.051586637	6.90041	0.273659815	0.317745623	4.09398	2	3	138	180	0	10	0
GPR21	ENST00000373642	0.088012822	0.152979176	2.69269	0.199849819	0.176504024	3.26423	2	2	140	170	0	0	0
GPR22	ENST00000304402	0.03804137	0.194859586	3.71492	0.059803904	0.117672287	2.53611	2	2	127	242	3	0	0
GPR26	ENST00000284674	0.080550253	0.083431977	3.29229	0.078958325	0.060150274	2.73131	2	2	132	155	0	0	0
GPR3	ENST00000374024	0.074656828	0.111339879	5.31547	0.184441193	0.315958084	3.75405	2	3	137	134	0	7	0
GPR31	ENST00000366834	0.290904911	0.289592085	3.41856	0.344778166	0.309725242	2.47683	3	3	126	125	0	9	0
GPR34	ENST00000378142	0.134065018	0.290233325	3.98556	0.389969169	0.623681875	3.70918	2	3	131	197	0	19	0
GPR35	ENST00000319838	0.224351582	0.259243713	3.75751	0.276932095	0.180975333	2.49911	3	2	136	127	7	0	0
GPR37	ENST00000303921	0.000653117	0	2.02086	0.227701293	0.235352593	2.81883	1	3	139	424	0	0	0
GPR37L1	ENST00000367282	0.081378845	0.08239169	3.06164	0.158935271	0.134272076	3.37123	2	3	145	287	0	0	0
GPR39	ENST00000329321	0.085710375	0.114237376	3.38707	0.217360692	0.261589628	2.30575	2	4	138	268	0	11	0
GPR4	ENST00000323040	0.05927436	0.06279598	2.57218	0.079437711	0.132808298	3.09242	2	3	134	186	0	0	0
GPR42	ENST00000454971	0.154326003	0.213372123	4.04156	0.295465605	0.282115664	3.57125	2	3	134	155	0	8	0
GPR44	ENST00000332539	0.139200534	0.283069012	3.53158	0.180540396	0.218048045	2.68385	3	2	135	214	6	0	0
GPR45	ENST00000258456	0.080176439	0.11110052	3.01257	0.118865613	0.196948507	2.60481	3	4	128	176	0	3	0
GPR50	ENST00000218316	0.1118523	0.201008174	4.47469	0.398265962	0.305969663	3.08737	2	2	145	432	4	0	0
GPR52	ENST00000367685	0.015154112	0.039600944	1.88266	0.152664348	0.24083463	2.99527	2	2	137	179	0	0	0
GPR55	ENST00000392040	0.132387926	0.197019203	2.96607	0.279993282	0.421331584	3.10547	3	4	134	140	0	2	0
GPR56	ENST00000388812	0.164809842	0.214840281	3.46075	0.23723101	0.244634729	2.78045	3	3	138	513	5	16	0
GPR6	ENST00000275169	0.02731378	0.061513379	5.59061	0.075740687	0.116974276	2.92663	2	2	135	151	0	0	0
GPR61	ENST00000527748	0.022485727	0.052957194	5.37708	0.102827337	0.147645009	3.46268	2	2	141	272	0	0	0
GPR63	ENST00000417980	0.075192547	0.126830461	2.50711	0.126636967	0.19691976	3.29766	2	2	138	213	0	0	0
GPR68	ENST00000531499	0.062337422	0.118002411	4.08272	0.111287819	0.185924637	3.19668	2	3	139	185	0	3	0
GPR75	ENST00000394705	0.075966915	0.11089618	2.73626	0.152424838	0.209907074	2.75831	2	3	133	349	0	5	0
GPR82	ENST00000302548	0.241897833	0.444731899	3.79224	0.329803587	0.322761435	3.03803	4	3	128	141	3	0	0
GPR84	ENST00000267015	0.122234218	0.183114528	3.92131	0.319156407	0.276005779	3.01137	3	3	140	214	0	0	0
GPR85	ENST00000501255	0.0219617	0	2.1954	0.02270925	0.054543741	3.05742	1	2	137	186	0	0	0
GPR87	ENST00000260843	0.05085067	0.112397731	3.16923	0.14197653	0.236249453	2.20821	2	3	133	178	0	0	0
GPRC5A	ENST00000014914	0.225874229	0.271918089	2.9295	0.352579474	0.368142946	2.16071	3	3	123	173	0	17	0
GPRC5D	ENST00000228887	0.219151292	0.303131656	2.39418	0.337836188	0.314193892	2.24754	3	4	134	174	3	9	0
GPRC6A	ENST00000310357	0.26787879	0.385139082	3.07928	0.275150517	0.279446691	3.15748	3	3	134	746	8	0	0
GRM2	ENST00000395052	0.036660136	0.069414312	4.49343	0.045938121	0.080886679	4.41164	2	2	137	697	0	0	0
GRM3	ENST00000361669	0.034659744	0.102474944	2.59914	0.044878137	0.128692127	2.52256	2	3	139	695	0	6	0
GRM8	ENST00000339582	0.029553275	0.103423762	2.24708	0.025724226	0.063078374	2.27731	2	2	133	726	0	0	0
GRPR	ENST00000380289	0.061108935	0.15078838	3.9212	0.139816851	0.223896119	3.10234	2	3	140	202	0	0	0
HCAR1	ENST00000356987	0.106688646	0.186948707	3.56493	0.272850744	0.251378004	3.53974	3	3	146	173	3	0	0
HCAR2	ENST00000328880	0.070914609	0.115342749	3.55744	0.197527141	0.249115338	2.18138	2	3	143	188	0	6	0
HCRTR1	ENST00000403528	0.038477993	0.075414918	6.77175	0.101282421	0.126738828	3.44896	2	2	135	243	0	0	0
HCRTR2	ENST00000370862	0.040643408	0.079101172	3.56601	0.073822623	0.088456134	2.01823	2	2	132	261	0	0	0
HRH1	ENST00000438284	0.066549724	0.138509875	3.27686	0.417098812	0.370752887	3.4342	3	3	132	301	0	38	0
HRH2	ENST00000377291	0.079056569	0.114277344	4.67819	0.307328582	0.30062596	3.15297	2	3	139	219	0	0	0
HRH4	ENST00000256906	0.371984114	0.425097974	2.8263	0.59296602	0.47282075	3.12992	3	4	144	210	20	38	0
HTR1A	ENST00000323865	0.015380345	0.029980823	4.15512	0.146878287	0.229998898	3.2588	2	3	143	242	0	9	0
HTR1B	ENST00000369947	0.052492802	0.117155196	3.30712	0.13552097	0.229373673	2.82693	2	3	140	210	0	0	0
HTR1D	ENST00000314113	0.061133509	0.137949007	2.46005	0.166598516	0.191836181	2.84258	3	3	135	196	0	0	0
HTR1E	ENST00000305344	0.035328165	0.075486524	1.84979	0.066283405	0.10274711	3.12048	2	2	136	186	0	0	0
HTR1F	ENST00000319595	0.049801144	0.123240497	2.36999	0.154607875	0.165141445	2.31266	2	2	139	188	0	0	0
HTR2A	ENST00000378688	0.057304708	0.110365415	2.28108	0.176951591	0.221360171	2.05374	2	4	138	293	0	7	0
HTR2B	ENST00000258400	0.097784171	0.185622469	4.58602	0.325531744	0.285821199	3.07679	2	3	140	301	0	0	0
HTR2C	ENST00000276198	0.042519194	0.120256723	1.56737	0.152368742	0.312117205	2.02272	2	2	137	245	0	20	0
HTR4	ENST00000360693	0.056158199	0.104730006	4.37525	0.191202324	0.229879757	2.84404	2	2	135	244	0	0	0
HTR5A	ENST00000287907	0.074673358	0.098776377	3.37295	0.175921021	0.159452982	2.85283	3	3	138	175	0	0	0
HTR6	ENST00000289753	0.04674396	0.071054463	2.62709	0.195897011	0.171685984	3.93268	2	2	139	250	0	0	0
HTR7	ENST00000336152	0.02419852	0.072480223	2.47117	0.077500876	0.112193195	2.28676	2	2	135	299	0	0	0
LPAR1	ENST00000374431	0.00729105	0	3.241	0.06774043	0.133407478	2.96075	1	2	139	187	0	0	0
LPAR2	ENST00000407877	0.033026468	0.062267621	4.97974	0.093041676	0.195184109	3.17235	2	3	141	174	0	0	0
LPAR3	ENST00000440886	0.064204799	0.113777365	3.02208	0.117612435	0.159255	2.6167	2	3	142	178	0	0	0
LPAR4	ENST00000435339	0.0297829	0	4.48102	0.118103452	0.129175962	3.41374	1	2	139	190	0	0	0
LPAR5	ENST00000329858	0.084533421	0.159220311	3.90402	0.288186939	0.307444641	2.77818	3	3	146	201	0	0	0
LPAR6	ENST00000378434	0.055722173	0.130276496	3.29331	0.196714081	0.346920863	2.55856	2	3	145	156	0	14	0
MAS1	ENST00000252660	0.053084869	0.092089817	2.47516	0.211409424	0.276996539	2.71606	2	3	140	137	0	0	0
MC2R	ENST00000327606	0.159757306	0.326865045	3.70194	0.268563154	0.352587049	3.63861	3	3	138	117	8	7	0
MC4R	ENST00000299766	0.044341261	0.075007643	2.31211	0.110381481	0.113513077	2.72217	2	2	146	147	0	0	0
MC5R	ENST00000324750	0.057800069	0.082940876	4.62248	0.212550157	0.22344493	2.92409	2	3	135	142	0	4	0
MCHR1	ENST00000249016	0.017327886	0.040412368	5.24685	0.09786244	0.139227463	3.34113	2	2	138	214	0	0	0
MCHR2	ENST00000445970	0.094509405	0.125612709	3.16991	0.260832705	0.308408527	3.39807	2	3	131	155	0	11	0
MRGPRF	ENST00000441623	0.10036251	0.112590732	3.5116	0.096255901	0.116678427	3.90568	2	3	141	164	0	0	0
MTNR1A	ENST00000307161	0.137403384	0.203475572	3.16766	0.184771111	0.162901432	2.53538	3	2	140	160	0	0	0
MTNR1B	ENST00000257068	0.101958328	0.132185701	4.62207	0.264263606	0.27467111	3.29932	2	3	141	175	0	10	0
NMBR	ENST00000258042	0.119089098	0.219533004	2.77379	0.221467106	0.283788631	2.58425	3	3	140	213	3	0	0
NMUR2	ENST00000255262	0.120511051	0.221216356	3.46885	0.348894514	0.298414244	3.02785	3	3	135	224	1	0	0
NPBWR1	ENST00000331251	0.048760278	0.066079765	3.85097	0.108131621	0.132680066	3.30055	2	3	135	144	0	0	0
NPSR1	ENST00000359791	0.11468822	0.218098452	3.43372	0.22426772	0.306003235	3.72656	2	3	135	196	0	5	0
NPY1R	ENST00000296533	0.068849852	0.100402261	1.91984	0.121947684	0.153008685	2.04938	2	3	141	201	0	0	0
NPY2R	ENST00000329476	0.053380732	0.058841977	3.49829	0.169513165	0.172585063	2.5418	2	2	141	201	0	0	0
NPY5R	ENST00000338566	0.064788479	0.078285689	2.38996	0.176553374	0.135204243	1.71904	2	3	140	260	0	0	0
NTSR1	ENST00000370501	0.070976727	0.085100313	4.12734	0.103785934	0.130954914	2.77647	2	3	135	237	0	0	0
NTSR2	ENST00000306928	0.29641578	0.199848627	2.47998	0.25786223	0.252939923	2.9324	2	3	131	227	0	10	0
O3FAR1	ENST00000371483	0.123412865	0.227164731	2.88415	0.21430275	0.254291408	2.89882	3	3	139	190	0	0	0
OPN1LW	ENST00000369951	0.122009812	0.179261446	2.44781	0.133169428	0.164212165	2.28283	3	3	139	173	0	0	0
OPN1MW	ENST00000369935	0.118281626	0.150122332	2.56162	0.140008627	0.175995191	2.28708	3	3	140	176	0	0	0
OPN1MW2	ENST00000369929	0.118574789	0.150535671	2.57415	0.140068305	0.175996979	2.28936	3	3	140	176	0	0	0
OPN1SW	ENST00000249389	0.299748918	0.491428169	3.8401	0.188656126	0.256935811	3.39495	4	2	143	163	22	0	0
OPN4	ENST00000372071	0.092459121	0.171840755	3.35227	0.320250554	0.287834209	4.06257	3	3	137	291	0	28	0
OPRD1	ENST00000234961	0.044449484	0.067249577	3.21768	0.107389958	0.196411881	3.75445	2	3	143	185	0	4	0
OPRK1	ENST00000265572	0.034629123	0.047167997	2.2868	0.090420013	0.122307648	2.4643	2	2	138	191	0	0	0
OPRL1	ENST00000336866	0.06863276	0.069964578	3.45426	0.083782483	0.083179561	3.29385	2	3	143	187	0	0	0
OPRM1	ENST00000434900	0.016202814	0.038405905	2.79348	0.138636038	0.252881273	2.16998	2	3	135	302	0	9	0
OR10A4	ENST00000379829	0.122504067	0.214592487	3.53932	0.17170623	0.154826099	3.19023	2	2	129	109	0	0	1
OR10A6	ENST00000309838	0.216473067	0.231752602	2.91373	0.220763146	0.230562156	2.84628	2	3	132	129	0	6	1
OR10A7	ENST00000326258	0.174846353	0.240827885	2.95728	0.270782661	0.19839001	3.51303	2	2	139	134	0	0	1
OR10D3	ENST00000318666	0.186931446	0.166981902	2.44639	0.263474139	0.249941776	2.8475	3	3	133	126	0	0	1
OR10G3	ENST00000303532	0.132598933	0.136819835	3.4979	0.280818269	0.309755377	3.94817	2	3	140	140	0	10	1
OR10J5	ENST00000334857	0.250980079	0.435207748	3.22456	0.22702873	0.219278343	3.68846	3	2	138	111	4	0	1
OR10K1	ENST00000289451	0.102957355	0.133767056	2.98433	0.287232032	0.498878331	3.50636	2	3	136	131	0	12	1
OR10K2	ENST00000314902	0.141001	0.177733889	3.39779	0.267675102	0.375999249	4.07192	2	3	142	130	0	11	1
OR10T2	ENST00000334438	0.120383911	0.151075637	2.63912	0.19922352	0.300183056	2.84727	2	3	144	117	0	8	1
OR10V1	ENST00000307552	0.190800911	0.237218427	2.86766	0.250692538	0.272535607	3.02287	2	3	147	131	0	0	1
OR10W1	ENST00000395079	0.254753847	0.285389159	3.68126	0.297424489	0.251446292	2.88548	3	2	136	119	0	0	1
OR10Z1	ENST00000361284	0.113826681	0.128447628	2.56061	0.2176544	0.262883491	3.39925	2	3	141	135	0	0	1
OR11A1	ENST00000377148	0.302933359	0.231817442	2.40452	0.354252707	0.249113655	2.59173	2	2	137	124	0	0	1
OR13A1	ENST00000553795	0.115939459	0.273489204	3.10516	0.2492402	0.252991283	3.3607	3	3	135	143	3	0	1
OR13C5	ENST00000374779	0.177031451	0.185510516	3.4413	0.321686133	0.29960159	3.3608	2	2	136	137	0	0	1
OR13C8	ENST00000335040	0.204639794	0.203816793	2.87019	0.372227457	0.39781729	3.31021	2	3	147	140	0	18	1
OR13D1	ENST00000318763	0.257509567	0.320106881	2.38804	0.284461797	0.27430359	2.49623	2	2	141	159	0	0	1
OR13F1	ENST00000334726	0.198649632	0.228306057	3.31159	0.322284355	0.306812217	2.6149	2	2	147	136	0	0	1
OR13H1	ENST00000338616	0.298596497	0.200057304	2.392	0.382903038	0.339098603	2.66753	2	3	142	115	0	13	1
OR13J1	ENST00000377981	0.202120433	0.267608835	4.29532	0.181192757	0.183210896	4.05098	3	2	137	129	8	0	1
OR14J1	ENST00000377160	0.268755699	0.272591516	2.58158	0.301914974	0.266896959	2.73446	3	4	137	138	0	1	1
OR1A1	ENST00000304094	0.128015979	0.13612554	2.25223	0.22369844	0.339252725	3.51338	2	3	137	131	0	10	1
OR1D2	ENST00000331459	0.186534996	0.233210633	3.43857	0.221189815	0.217667392	3.05112	2	2	147	138	0	0	1
OR1I1	ENST00000209540	0.180795216	0.24808074	3.5195	0.281242154	0.302820344	3.40751	3	3	142	180	0	21	1
OR1J1	ENST00000259357	0.204525301	0.274345246	2.94242	0.318255676	0.32356053	2.94532	3	3	139	142	4	0	1
OR1K1	ENST00000277309	0.169918326	0.192303804	3.11373	0.281625497	0.23792786	3.37958	2	2	140	137	0	0	1
OR1M1	ENST00000429566	0.127786938	0.162125429	2.6569	0.16000595	0.181373594	2.58665	3	3	139	140	0	0	1
OR1Q1	ENST00000297913	0.189580488	0.272874772	4.24261	0.310397087	0.390481486	3.34907	3	4	128	126	7	9	1
OR2A1	ENST00000408951	0.261663593	0.347365287	3.62599	0.356106419	0.357228701	2.60293	3	3	140	127	14	11	1
OR2A42	ENST00000391496	0.257053426	0.318307948	3.6057	0.352349509	0.346696804	2.62448	2	3	140	127	0	4	1
OR2A5	ENST00000408906	0.172113776	0.175441604	2.73057	0.340453408	0.401303045	3.23376	2	3	137	127	0	14	1
OR2AG1	ENST00000307401	0.222779493	0.267878466	3.60634	0.328124489	0.303661082	3.38964	2	2	133	135	0	0	1
OR2AG2	ENST00000338569	0.235032482	0.352522542	3.09176	0.304983911	0.323011303	3.59642	2	2	136	132	16	0	1
OR2AT4	ENST00000305159	0.115977973	0.147156523	3.47021	0.303073211	0.272370998	3.07868	2	2	139	133	0	0	1
OR2B11	ENST00000318749	0.105244297	0.186989071	3.28915	0.204332673	0.223947276	3.38469	3	3	142	140	3	0	1
OR2B6	ENST00000244623	0.216787577	0.20147587	2.0926	0.286999044	0.261468514	3.3144	2	2	143	138	0	0	1
OR2C1	ENST00000304936	0.141321965	0.224790348	3.38374	0.212408236	0.240117911	4.79315	3	3	146	135	6	0	1
OR2K2	ENST00000302681	0.127276445	0.148949735	2.48227	0.280738487	0.268745855	3.41009	2	2	147	139	0	0	1
OR2S2	ENST00000341959	0.214257183	0.25206822	3.84718	0.277728616	0.460850375	4.13711	3	4	132	132	0	4	1
OR2T6	ENST00000355728	0.14211478	0.262177803	3.6291	0.243209136	0.291256188	3.36113	3	3	142	127	8	0	1
OR2V2	ENST00000328275	0.148452635	0.197506391	4.16835	0.211509032	0.219127926	4.63361	2	2	142	133	0	0	1
OR2W1	ENST00000377175	0.189868183	0.218599917	2.03403	0.25637538	0.200699402	2.45923	2	2	134	141	0	0	1
OR2Z1	ENST00000324060	0.201403412	0.218303624	3.16238	0.303446523	0.303330206	2.90677	3	3	142	143	0	8	1
OR4C5	ENST00000319813	0.297045389	0.224668476	2.21562	0.284285681	0.279170166	2.77689	2	2	131	143	0	0	1
OR4D1	ENST00000268912	0.132521216	0.207728916	3.43281	0.199020711	0.226008738	3.88959	3	3	139	129	4	0	1
OR4D11	ENST00000313253	0.127771217	0.224137254	2.6521	0.238903365	0.278783852	3.12334	2	2	142	130	0	0	1
OR4D5	ENST00000307033	0.122435995	0.131250954	2.59049	0.207706424	0.230652063	3.80917	2	2	143	139	0	0	1
OR4D6	ENST00000300127	0.17538738	0.242245889	3.11997	0.202372702	0.235050023	3.47114	2	3	136	130	0	0	1
OR4E2	ENST00000408935	0.176758534	0.264874332	2.90858	0.229406962	0.254852	2.70046	3	3	138	135	7	6	1
OR4F15	ENST00000332238	0.249923281	0.344058779	2.76302	0.286385746	0.268615092	3.11065	4	4	145	130	8	0	1
OR4F6	ENST00000328882	0.253120511	0.193593418	2.83008	0.28132985	0.274260943	2.96652	2	3	148	130	0	0	1
OR4K1	ENST00000285600	0.107664812	0.146852777	2.42697	0.209496543	0.271958569	3.48214	2	3	144	131	0	0	1
OR4K14	ENST00000305045	0.225446239	0.252424781	2.57462	0.246128513	0.237071489	2.71916	2	2	148	130	0	0	1
OR4K2	ENST00000298642	0.130258635	0.145077701	2.65155	0.264492642	0.269086901	3.53568	2	2	137	128	0	0	1
OR4K5	ENST00000315915	0.181687072	0.306656564	3.46517	0.284338458	0.288340872	3.6819	3	2	140	118	5	0	1
OR4L1	ENST00000315683	0.152813894	0.245697063	2.69409	0.339045871	0.419932103	3.09917	3	3	140	128	2	16	1
OR4M1	ENST00000315957	0.090456661	0.178945177	4.1555	0.121147112	0.156389083	2.95173	3	2	144	135	0	0	1
OR4M2	ENST00000332663	0.095391791	0.186985405	3.95688	0.118490058	0.154498863	2.92473	3	2	145	134	0	0	1
OR4N2	ENST00000315947	0.150214103	0.21750128	2.93951	0.214197294	0.276313324	2.72159	2	2	146	128	0	0	1
OR4N5	ENST00000333629	0.107162728	0.167761756	3.07658	0.232270008	0.249917438	3.80378	2	2	138	127	0	0	1
OR4P4	ENST00000314612	0.22727605	0.241700964	2.39932	0.291248672	0.313430504	3.07688	3	3	135	129	6	7	1
OR4S2	ENST00000312422	0.122627527	0.227257422	2.20478	0.192385364	0.228658994	2.42907	3	3	133	130	4	0	1
OR51A7	ENST00000359350	0.195942583	0.205621237	2.92947	0.225571124	0.289770654	3.36783	2	3	139	131	0	10	1
OR51B6	ENST00000380219	0.180686417	0.199680129	2.57247	0.301187288	0.33255037	4.04341	3	2	138	131	0	0	1
OR51D1	ENST00000357605	0.087283293	0.117316172	3.17419	0.200949259	0.360544804	5.26866	2	3	133	117	0	5	1
OR51E1	ENST00000396952	0.116868936	0.176754639	2.48243	0.2024875	0.306020367	2.80407	3	3	147	134	2	8	1
OR51E2	ENST00000396950	0.085132764	0.141554178	3.98742	0.216578229	0.30265142	2.90747	2	3	144	137	0	8	1
OR51G1	ENST00000321961	0.080376183	0.124195812	3.3119	0.227207142	0.345741163	2.87687	2	3	138	136	0	10	1
OR51G2	ENST00000322013	0.115084634	0.164500539	3.19491	0.187286035	0.201299998	3.09676	2	3	142	132	0	0	1
OR51I1	ENST00000380211	0.155149093	0.5282844	3.12354	0.197936125	0.245069079	3.05465	4	3	141	127	2	7	1
OR51I2	ENST00000341449	0.14266574	0.173629195	2.67256	0.235939162	0.280750449	3.78893	3	3	127	106	0	0	1
OR51L1	ENST00000321543	0.162499884	0.227737205	3.61302	0.30155951	0.371525836	3.81138	2	3	137	126	0	13	1
OR51M1	ENST00000328611	0.2531568	0.346168457	2.73485	0.345610971	0.317824969	3.02148	3	3	131	139	8	15	1
OR51S1	ENST00000322101	0.238835885	0.293852434	4.01803	0.338474662	0.289696369	4.32559	2	2	132	141	0	0	1
OR52D1	ENST00000322641	0.180685887	0.287932498	2.36533	0.287334876	0.298600281	2.97171	3	2	129	123	6	0	1
OR52E2	ENST00000321522	0.193953752	0.202806177	2.23096	0.209102994	0.212228186	3.21039	2	2	146	139	0	0	1
OR52E4	ENST00000316987	0.107696471	0.13982523	3.21903	0.203447628	0.277670623	3.25804	2	3	142	127	0	7	1
OR52M1	ENST00000360213	0.103298	0.1671839	4.02484	0.244349593	0.328237365	4.4708	2	3	143	132	0	10	1
OR52N1	ENST00000317078	0.093387208	0.140063235	3.08051	0.184669329	0.198687806	2.91344	2	2	136	135	0	0	1
OR52N2	ENST00000317037	0.119521257	0.144579005	2.39678	0.205996076	0.303442196	2.44797	2	3	133	136	0	0	1
OR52N4	ENST00000317254	0.112951549	0.108354634	2.38759	0.211060857	0.217490723	2.59249	2	2	126	133	0	0	1
OR52W1	ENST00000311352	0.21462447	0.230408771	3.69746	0.42034367	0.466537882	5.69303	2	2	137	131	0	33	1
OR5A1	ENST00000302030	0.153650547	0.199259688	3.81832	0.247630327	0.289107869	4.44367	2	3	130	127	0	3	1
OR5AK2	ENST00000326855	0.2866318	0.21185141	2.18079	0.382328975	0.281492395	2.65082	3	2	137	127	0	0	1
OR5AP2	ENST00000302981	0.200798534	0.146965435	1.72384	0.324851568	0.242452129	2.28995	2	2	146	139	0	0	1
OR5AR1	ENST00000302969	0.132219501	0.198776297	3.91133	0.196826349	0.295624395	3.53138	2	3	141	131	0	9	1
OR5B2	ENST00000302581	0.315143852	0.41827515	2.447	0.289022406	0.336139819	2.43402	3	3	143	128	10	11	1
OR5C1	ENST00000373680	0.097590055	0.115007276	3.6305	0.294498958	0.345120216	3.67772	2	3	135	137	0	0	1
OR5I1	ENST00000301532	0.194380832	0.205182062	2.79231	0.147613646	0.133999966	1.95054	2	2	131	123	0	0	1
OR5J2	ENST00000312298	0.234244172	0.229572818	2.57419	0.265656074	0.228695292	2.42126	3	2	136	127	0	0	1
OR5L1	ENST00000333973	0.229085766	0.201956556	2.45227	0.308449756	0.24936003	2.47121	2	2	136	132	0	0	1
OR5L2	ENST00000378397	0.232026482	0.211104108	2.3591	0.310213252	0.244035068	2.50856	2	2	137	129	0	0	1
OR5M8	ENST00000327216	0.143075019	0.222578603	2.20541	0.177537955	0.166202232	2.20458	3	2	141	138	4	0	1
OR5M9	ENST00000279791	0.088172386	0.156647382	3.0574	0.099542211	0.130811945	3.51211	2	2	146	131	0	0	1
OR5R1	ENST00000312253	0.099030745	0.213773933	2.19902	0.213811303	0.266077998	2.86223	3	3	139	146	0	0	1
OR6A2	ENST00000332601	0.097647737	0.321884657	2.91509	0.252340311	0.346651996	3.3117	3	3	141	143	1	0	1
OR6B1	ENST00000408922	0.08647077	0.145758313	3.03839	0.141943014	0.203850318	4.45432	2	2	138	125	0	0	1
OR6C1	ENST00000379668	0.22142329	0.411955348	2.2111	0.2744086	0.258703264	2.99007	3	2	149	126	9	0	1
OR6C2	ENST00000322678	0.154470049	0.174888669	1.99893	0.204467222	0.175862506	3.31859	2	2	144	134	0	0	1
OR6C6	ENST00000358433	0.170885945	0.193644103	3.19983	0.220079208	0.236221811	2.76058	2	2	143	131	0	0	1
OR6C74	ENST00000343870	0.133068606	0.148144898	2.36147	0.205570473	0.271625529	2.63285	2	3	140	126	0	0	1
OR6F1	ENST00000302084	0.141429853	0.205769483	2.24663	0.224109383	0.250638975	2.8932	2	3	134	123	0	0	1
OR6K2	ENST00000359610	0.148098981	0.172565747	3.25699	0.313161046	0.434393702	3.72235	2	2	134	142	0	26	1
OR6N1	ENST00000335094	0.122736477	0.160623777	3.76226	0.153834888	0.236263619	3.3596	3	2	139	127	0	0	1
OR6N2	ENST00000339258	0.085812777	0.154859499	2.53086	0.211303208	0.290533559	2.80924	2	3	145	139	0	0	1
OR6P1	ENST00000334632	0.132577779	0.211635345	2.86421	0.226543627	0.253322802	3.81437	3	3	138	134	4	0	1
OR6Q1	ENST00000302622	0.174257531	0.306669753	3.29591	0.306585698	0.277525888	2.94211	3	3	140	134	7	8	1
OR6S1	ENST00000320704	0.139624873	0.210698471	4.23423	0.349567576	0.408003538	4.24303	3	3	134	151	0	24	1
OR6V1	ENST00000418316	0.229248412	0.192802027	2.17987	0.278698219	0.222158252	2.8356	3	3	135	132	0	0	1
OR6X1	ENST00000327930	0.149807554	0.236177322	2.79492	0.209610897	0.194226677	4.17199	2	2	142	112	0	0	1
OR6Y1	ENST00000302617	0.151583113	0.293550986	2.82168	0.276588891	0.386414476	3.1825	3	3	139	146	7	16	1
OR7D2	ENST00000344248	0.175810681	0.18779068	2.69374	0.343103565	0.332435313	4.84461	2	2	136	124	0	0	1
OR8B8	ENST00000328064	0.142008524	0.217075803	3.52028	0.294597616	0.339432013	4.00232	3	3	136	123	0	7	1
OR8D4	ENST00000321355	0.228205755	0.176838152	2.46913	0.320793274	0.284708898	2.59414	2	3	136	129	0	0	1
OR8J1	ENST00000303039	0.2021349	0.21597702	2.21083	0.288779739	0.345738911	2.80348	2	3	136	136	0	0	1
OR8J3	ENST00000301529	0.187056927	0.211992535	2.27491	0.29462841	0.361065921	2.68111	3	3	136	133	0	14	1
OR8K1	ENST00000279783	0.149427025	0.220601439	3.13876	0.25978934	0.290478814	2.37779	3	3	140	140	0	0	1
OR8S1	ENST00000310194	0.274443574	0.175530521	2.15448	0.285020396	0.246560436	2.8178	2	3	136	177	0	0	1
OR8U1	ENST00000302270	0.142324361	0.191874501	2.4431	0.205371816	0.244740309	3.32939	2	3	132	125	0	0	1
OR9I1	ENST00000302610	0.226471355	0.246807964	3.36618	0.311288878	0.289589164	3.7309	3	3	142	141	0	0	1
OR9K2	ENST00000305377	0.204088423	0.178563932	2.27012	0.277798569	0.200815795	2.50851	2	2	139	124	0	0	1
OR9Q1	ENST00000335397	0.147627283	0.227334221	2.99351	0.219220369	0.231686568	2.95987	3	2	142	109	0	0	1
OR9Q2	ENST00000311591	0.182355545	0.25400062	2.33621	0.293338866	0.372243467	3.03425	3	4	141	135	0	12	1
OXGR1	ENST00000298440	0.109901221	0.115995919	3.07764	0.231741318	0.260756016	2.25998	2	3	139	162	0	10	0
OXTR	ENST00000316793	0.017759928	0.036434823	5.73392	0.086845735	0.126775215	4.43727	2	2	132	207	0	0	0
P2RY1	ENST00000305097	0.046636319	0.10661084	2.46131	0.081970039	0.146054915	1.8926	3	2	138	199	0	0	0
P2RY12	ENST00000302632	0.049269011	0.089378549	1.88925	0.252361321	0.306386626	2.89985	2	3	132	161	0	0	0
P2RY13	ENST00000325602	0.252524437	0.266782855	2.94423	0.233109558	0.179615815	2.68624	2	2	134	175	0	0	0
P2RY14	ENST00000309170	0.198227221	0.346887685	3.45044	0.309118386	0.314551744	2.61985	3	3	137	160	9	0	0
P2RY2	ENST00000393597	0.093127126	0.143710367	4.49552	0.193313262	0.193362743	3.35979	3	2	135	196	0	0	0
P2RY6	ENST00000540342	0.106460825	0.2102251	7.06062	0.156687649	0.163105267	3.99611	3	2	132	140	0	0	0
PPYR1	ENST00000374312	0.099848596	0.140085481	4.52215	0.225236653	0.222389643	3.26939	3	3	137	176	0	0	0
PROKR1	ENST00000303786	0.063977151	0.160006609	3.37751	0.128814705	0.180280826	3.01082	3	3	139	215	1	0	0
PROKR2	ENST00000546004	0.072632446	0.091422944	3.74734	0.113031395	0.143511155	3.20806	2	2	139	207	0	0	0
PTGDR	ENST00000306051	0.189992882	0.575177352	2.47366	0.320263791	0.311215168	2.68223	3	4	143	169	1	5	0
PTGER1	ENST00000292513	0.083043277	0.086418893	3.74796	0.188102806	0.190479809	3.39022	2	3	130	214	0	0	0
PTGER2	ENST00000245457	0.138517008	0.159947684	2.75704	0.326939946	0.316218816	3.22715	2	3	146	178	0	15	0
PTGER3	ENST00000356595	0.074875002	0.09180818	2.14266	0.1582221	0.167248115	2.32961	2	2	140	231	0	0	0
PTGER4	ENST00000302472	0.02279398	0.069578016	4.76962	0.162662272	0.311622771	2.19728	2	3	139	311	0	29	0
PTGFR	ENST00000370758	0.096055376	0.12519645	2.64406	0.219955654	0.353316845	2.25382	2	4	138	174	0	8	0
PTGIR	ENST00000291294	0.060607812	0.115252371	4.45213	0.1432074	0.131564988	3.23905	3	2	136	200	0	0	0
PTH1R	ENST00000449590	0.072202996	0.093586213	2.69581	0.107178273	0.125493159	2.79056	2	2	130	407	0	0	0
QRFPR	ENST00000394427	0.190023489	0.18526993	1.89736	0.227836831	0.209993139	1.80186	2	2	142	244	0	0	0
RGR	ENST00000359452	0.161625345	0.167555489	4.40768	0.176259371	0.18647706	4.3419	2	3	132	109	0	0	0
RHO	ENST00000296271	0.05912176	0.097985358	2.52044	0.042593753	0.103663905	3.09638	2	3	138	169	0	0	0
RRH	ENST00000317735	0.174786158	0.213862127	3.45005	0.395248071	0.368195389	3.54361	2	3	147	153	0	17	0
RXFP4	ENST00000368318	0.149242524	0.12411144	5.3161	0.294248283	0.210822474	4.15923	2	2	141	199	0	0	0
S1PR1	ENST00000305352	0.013578644	0.038461709	2.58301	0.081631868	0.144048642	2.53341	3	3	134	201	0	0	0
S1PR2	ENST00000317726	0.044375687	0.079718016	4.08384	0.098261037	0.133748932	3.67243	2	3	132	172	0	0	0
S1PR3	ENST00000358157	0.0442168	0.075678771	4.7499	0.134298592	0.16822959	3.34767	2	3	138	195	0	2	0
S1PR4	ENST00000246115	0.12283395	0.171334623	2.45623	0.09732317	0.107319957	2.88006	2	2	139	204	0	0	0
S1PR5	ENST00000439028	0.10291178	0.172119153	3.30235	0.195334091	0.23528552	3.01811	3	3	144	211	2	0	0
SSTR1	ENST00000267377	0.0119095	0	6.3003	0.02835458	0.051673072	4.67152	1	2	139	207	0	0	0
SSTR2	ENST00000357585	0.029487556	0.05524247	3.94879	0.14941416	0.30764825	3.19258	2	3	135	186	0	13	0
SSTR3	ENST00000328544	0.007253293	0.028248953	11.5737	0.15199929	0.200706763	4.69648	2	2	136	237	0	0	0
SSTR5	ENST00000397547	0.066569602	0.168264436	5.92912	0.12678776	0.110919623	3.47916	3	2	144	184	2	0	0
TAAR1	ENST00000275216	0.179169544	0.172628026	3.23547	0.380155106	0.274634445	3.43525	2	2	131	147	0	0	0
TACR1	ENST00000305249	0.025428742	0.061897552	4.83835	0.068953104	0.084813736	3.56168	2	2	137	225	0	0	0
TACR2	ENST00000373306	0.074514061	0.100800906	5.27692	0.212378637	0.260852472	3.5553	3	3	132	215	0	0	0
TACR3	ENST00000304883	0.057034451	0.113291711	3.05657	0.169369486	0.236461799	2.69557	3	3	133	257	1	10	0
TAS1R1	ENST00000333172	0.304299683	0.317317458	3.53983	0.325082457	0.348467885	3.06292	3	3	139	670	0	72	1
TAS1R3	ENST00000339381	0.291888482	0.413770719	5.76666	0.20705181	0.229005898	3.65322	3	4	126	664	14	0	1
TAS2R16	ENST00000249284	0.866518474	0.593313059	2.83317	0.686748726	0.391574513	3.14884	3	3	131	111	47	33	1
TAS2R4	ENST00000247881	0.623709982	0.590859002	2.73498	0.805667873	0.672182093	3.2759	3	4	138	101	27	34	1
TBXA2R	ENST00000411851	0.103858966	0.131411277	2.89823	0.197493721	0.236296778	2.50159	2	3	136	221	0	0	0
TRHR	ENST00000518632	0.049056483	0.111857923	3.05167	0.14601961	0.244752895	2.22624	3	3	136	214	0	12	0
TSHR	ENST00000541158	0.101340649	0.196930832	3.78335	0.178260966	0.205360955	3.30086	2	2	138	560	0	0	0
UTS2R	ENST00000313135	0.106735882	0.093528946	4.06795	0.208137693	0.146987438	3.78235	2	2	142	208	0	0	0
VIPR1	ENST00000325123	0.134622094	0.152461308	4.93881	0.187065165	0.2020727	2.82135	2	3	138	282	0	0	0
XCR1	ENST00000309285	0.166136944	0.278173213	4.25717	0.373482061	0.384223476	2.39424	3	3	131	146	0	24	0
XPR1	ENST00000367590	0.311170913	0.577037081	3.27577	0.129942227	0.253376956	2.3456	3	2	120	489	11	0	0
